[1|(0.0.0)]
[2|(0.0.0)]
[3|(0.0.0)]
[4|(0.0.0)]
[5|(0.0.0)]
[6|(0.0.0)]
[7|(0.0.0)]
[8|(0.0.0)]
[9|(0.0.0)]
[10|(0.0.0)]
[11|(0.0,01.0)]
[12|(0.0,02.0)]
[13|(0.0,03.0)]
[14|(0.0,04.0)]
[15|(0.0,05.0)]
[16|(0.0,05999999.0)]
[17|(0.0,06999999.0)]
[18|(0.0,07999999.0)]
[19|(0.0,08999999.0)]
[20|(0.0,09999999.0)]
[21|(0.0,11.0)]
[22|(0.0,12.0)]
[23|(0.0,13.0)]
[24|(0.0,14.0)]
[25|(0.0,15.0)]
[26|(0.0,16.0)]
[27|(0.0,17.0)]
[28|(0.0,18.0)]
[29|(0.0,19.0)]
[30|(0.0,2.0)]
[31|(0.0,21.0)]
[32|(0.0,22.0)]
[33|(0.0.0)]
[34|(0.0.0)]
[35|(0.0.0)]
[36|(0.0.0)]
[37|(0.0.0)]
[38|(0.0.0)]
[39|(0.0.0)]
[40|(0.0.0)]
[41|(0.0.0)]
[42|(0.0.0)]
[43|(0.0.0)]
[44|(0.0.0)]
[45|(0.0.0)]
[46|(0.0.0)]
[47|(0.0.0)]
[48|(0.0.0)]
[49|(0.0.0)]
[50|(0.0.0)]
[51|(0.0.0)]
[52|(0.0.0)]
[53|(0.0,01.0)]
[54|(0.0,02.0)]
[55|(0.0,03.0)]
[56|(0.0,04.0)]
[57|(0.0,05.0)]
[58|(0.0,05999999.0)]
[59|(0.0,06999999.0)]
[60|(0.0,07999999.0)]
[61|(0.0,08999999.0)]
[62|(0.0,09999999.0)]
[63|(0.0,11.0)]
[64|(0.0,12.0)]
[65|(0.0,13.0)]
[66|(0.0,14.0)]
[67|(0.0,15.0)]
[68|(0.0,16.0)]
[69|(0.0,17.0)]
[70|(0.0,18.0)]
[71|(0.0,19.0)]
[72|(0.0,2.0)]
[73|(0.0,21.0)]
[74|(0.0,22.0)]
[75|(-0,01.0,23.0)]
[76|(-0,02.0,24.0)]
[77|(-0,03.0,25.0)]
[78|(-0,04.0,26.0)]
[79|(-0,05.0,27.0)]
[80|(-0,05999999.0,28.0)]
[81|(-0,06999999.0,29.0)]
[82|(-0,07999999.0,3.0)]
[83|(-0,08999999.0,31.0)]
[84|(-0,09999999.0,32.0)]
[85|(-0,11.0,33.0)]
[86|(-0,12.0,3399999.0)]
[87|(-0,13.0,3499999.0)]
[88|(-0,14.0,3599999.0)]
[89|(-0,15.0,3699999.0)]
[90|(-0,16.0,3799999.0)]
[91|(-0,17.0,3899999.0)]
[92|(-0,18.0,3999999.0)]
[93|(-0,19.0,4099999.0)]
[94|(-0,2.0,4199999.0)]
[95|(-0,21.0,4299999.0)]
[96|(-0,22.0,4399998.0)]
[97|(-0,23.0,4499998.0)]
[98|(-0,24.0,4599998.0)]
[99|(-0,25.0,4699998.0)]
[100|(-0,26.0,4799998.0)]
[101|(-0,27.0,4899998.0)]
[102|(-0,27.0,4999998.0)]
[103|(-0,27.0,5099998.0)]
[104|(-0,27.0,5199998.0)]
[105|(-0,27.0,5299998.0)]
[106|(-0,27.0,5399998.0)]
[107|(-0,27.0,5499998.0)]
[108|(-0,27.0,5599998.0)]
[109|(-0,27.0,5699998.0)]
[110|(-0,27.0,5799997.0)]
[111|(-0,27.0,5899997.0)]
[112|(-0,27.0,5999997.0)]
[113|(-0,27.0,6099997.0)]
[114|(-0,27.0,6199997.0)]
[115|(-0,27.0,6299997.0)]
[116|(-0,27.0,6399997.0)]
[117|(-0,27.0,6499997.0)]
[118|(-0,27.0,6599997.0)]
[119|(-0,27.0,6699997.0)]
[120|(-0,27.0,6799996.0)]
[121|(-0,27.0,6899996.0)]
[122|(-0,27.0,6999996.0)]
[123|(-0,27.0,7099996.0)]
[124|(-0,27.0,7199996.0)]
[125|(-0,27.0,7299996.0)]
[126|(-0,27.0,7399996.0)]
[127|(-0,27.0,7499996.0)]
[128|(-0,27.0,7599996.0)]
[129|(-0,27.0,7699996.0)]
[130|(-0,27.0,7799996.0)]
[131|(-0,27.0,7899995.0)]
[132|(-0,27.0,7999995.0)]
[133|(-0,27.0,8099995.0)]
[134|(-0,27.0,8199995.0)]
[135|(-0,27.0,8299995.0)]
[136|(-0,27.0,8399995.0)]
[137|(-0,27.0,8499995.0)]
[138|(-0,27.0,8599995.0)]
[139|(-0,27.0,8699995.0)]
[140|(-0,27.0,8799995.0)]
[141|(-0,27.0,8899994.0)]
[142|(-0,27.0,8999994.0)]
[143|(-0,27.0,9099994.0)]
[144|(-0,27.0,9199994.0)]
[145|(-0,27.0,9299994.0)]
[146|(-0,27.0,9399994.0)]
[147|(0.0,9499994.0)]
[148|(0,01.0,9599994.0)]
[149|(0,02.0,9699994.0)]
[150|(0,02.0,9799994.0)]
[151|(0,02.0,9899994.0)]
[152|(0,02.0,9999993.0)]
[153|(0,02.1,009999.0)]
[154|(0,02.1.0)]
[155|(0,02.1.0)]
[156|(0,02.1.0)]
[157|(0,02.1.0)]
[158|(0,02.1.0)]
[159|(0,02.1.0)]
[160|(0,02.1.0)]
[161|(0,02.1.0)]
[162|(0,02.1.0)]
[163|(0,02.1.0)]
[164|(0,02.1.0)]
[165|(0,02.1.0)]
[166|(0,02.1.0)]
[167|(0,02.1.0)]
[168|(0,02.1.0)]
[169|(0,02.1.0)]
[170|(0,02.1.0)]
[171|(0,02.1.0)]
[172|(0,02.1.0)]
[173|(0,02.1.0)]
[174|(0,02.1.0)]
[175|(0,02.1.0)]
[176|(0,03.1.0)]
[177|(0,04.1.0)]
[178|(0,05.1.0)]
[179|(0,05.1.0)]
[180|(0,05.1.0)]
[181|(0,05.1.0)]
[182|(0,05.1.0)]
[183|(0,05.1.0)]
[184|(0,05.1.0)]
[185|(0,05.1.0)]
[186|(0,05.1.0)]
[187|(0,05.1.0)]
[188|(0,05.1.0)]
[189|(0,05.1.0)]
[190|(0,05.1.0)]
[191|(0,05.1.0)]
[192|(0,05999999.1.0)]
[193|(0,06999999.1.0)]
[194|(0,07999999.1.0)]
[195|(0,08999999.1.0)]
[196|(0,09999999.1.0)]
[197|(0,11.1.0)]
[198|(0,12.1.0)]
[199|(0,13.1.0)]
[200|(0,14.1.0)]
[201|(0,15.1.0)]
[202|(0,16.1.0)]
[203|(0,17.1.0)]
[204|(0,18.1.0)]
[205|(0,18.1.0)]
[206|(0,18.1.0)]
[207|(0,18.1.0)]
[208|(0,18.1.0)]
[209|(0,18.1.0)]
[210|(0,19.1.0)]
[211|(0,2.1.0)]
[212|(0,21.1.0)]
[213|(0,22.1.0)]
[214|(0,23.1.0)]
[215|(0,23.1.0)]
[216|(0,23.1.0)]
[217|(0,23.1.0)]
[218|(0,24.1.0)]
[219|(0,25.1.0)]
[220|(0,26.1.0)]
[221|(0,27.1.0)]
[222|(0,28.1.0)]
[223|(0,28.1.0)]
[224|(0,28.1.0)]
[225|(0,28.1.0)]
[226|(0,28.1.0)]
[227|(0,29.1.0)]
[228|(0,3.1.0)]
[229|(0,31.1.0)]
[230|(0,32.1.0)]
[231|(0,32.1.0)]
[232|(0,32.1.0)]
[233|(0,32.1.0)]
[234|(0,32.1.0)]
[235|(0,32.1.0)]
[236|(0,32.1.0)]
[237|(0,32.1.0)]
[238|(0,33.1.0)]
[239|(0,3399999.1.0)]
[240|(0,3499999.1.0)]
[241|(0,3599999.1.0)]
[242|(0,3699999.1.0)]
[243|(0,3799999.1.0)]
[244|(0,3899999.1.0)]
[245|(0,3999999.1.0)]
[246|(0,4099999.1.0)]
[247|(0,4199999.1.0)]
[248|(0,4299999.1.0)]
[249|(0,4399998.1.0)]
[250|(0,4399998.1.0)]
[251|(0,4399998.1.0)]
[252|(0,4399998.1.0)]
[253|(0,4399998.1.0)]
[254|(0,4399998.1.0)]
[255|(0,4399998.1.0)]
[256|(0,4399998.1.0)]
[257|(0,4399998.1.0)]
[258|(0,4399998.1.0)]
[259|(0,4399998.1.0)]
[260|(0,4499998.1.0)]
[261|(0,4599998.1.0)]
[262|(0,4699998.1.0)]
[263|(0,4799998.1.0)]
[264|(0,4899998.1.0)]
[265|(0,4999998.1.0)]
[266|(0,5099998.1.0)]
[267|(0,5199998.1.0)]
[268|(0,5299998.1.0)]
[269|(0,5299998.1.0)]
[270|(0,5299998.1.0)]
[271|(0,5299998.1.0)]
[272|(0,5299998.1.0)]
[273|(0,5299998.1.0)]
[274|(0,5299998.1.0)]
[275|(0,5299998.1.0)]
[276|(0,5299998.1.0)]
[277|(0,5299998.1.0)]
[278|(0,5299998.1.0)]
[279|(0,5299998.1.0)]
[280|(0,5299998.1.0)]
[281|(0,5299998.1.0)]
[282|(0,5299998.1.0)]
[283|(0,5299998.1.0)]
[284|(0,5299998.1.0)]
[285|(0,5299998.1.0)]
[286|(0.1.0)]
[287|(-0,01.1.0)]
[288|(-0,02.1.0)]
[289|(-0,02.1.0)]
[290|(-0,02.1.0)]
[291|(-0,02.1.0)]
[292|(-0,02.1.0)]
[293|(-0,02.1.0)]
[294|(-0,02.1.0)]
[295|(-0,02.1.0)]
[296|(-0,02.1.0)]
[297|(-0,02.1.0)]
[298|(-0,02.1.0)]
[299|(-0,02.1.0)]
[300|(-0,02.1.0)]
[301|(-0,03.1.0)]
[302|(-0,04.1.0)]
[303|(-0,05.1.0)]
[304|(-0,05999999.1.0)]
[305|(-0,05999999.1.0)]
[306|(-0,05999999.1.0)]
[307|(-0,05999999.1.0)]
[308|(-0,05999999.1.0)]
[309|(-0,05999999.1.0)]
[310|(-0,05999999.1.0)]
[311|(-0,05999999.1.0)]
[312|(-0,05999999.1.0)]
[313|(-0,05999999.1.0)]
[314|(-0,05999999.1.0)]
[315|(-0,05999999.1.0)]
[316|(-0,05999999.1.0)]
[317|(-0,05999999.1.0)]
[318|(-0,05999999.1.0)]
[319|(-0,05999999.1.0)]
[320|(-0,05999999.1.0)]
[321|(-0,05999999.1.0)]
[322|(-0,05999999.1.0)]
[323|(-0,05999999.1.0)]
[324|(-0,05999999.1.0)]
[325|(-0,05999999.1.0)]
[326|(-0,05999999.1.0)]
[327|(-0,05999999.1.0)]
[328|(-0,05999999.1.0)]
[329|(-0,05999999.1.0)]
[330|(-0,05999999.1.0)]
[331|(-0,05999999.1.0)]
[332|(-0,05999999.1.0)]
[333|(-0,05999999.1.0)]
[334|(-0,05999999.1.0)]
[335|(-0,05999999.1.0)]
[336|(-0,05999999.1.0)]
[337|(-0,05999999.1.0)]
[338|(-0,05999999.1.0)]
[339|(-0,05999999.1.0)]
[340|(-0,05999999.1.0)]
[341|(-0,05999999.1.0)]
[342|(-0,05999999.1.0)]
[343|(-0,05999999.1.0)]
[344|(-0,05999999.1.0)]
[345|(-0,05999999.1.0)]
[346|(-0,05999999.1.0)]
[347|(-0,05999999.1.0)]
[348|(-0,05999999.1.0)]
[349|(-0,05999999.1.0)]
[350|(-0,05999999.1.0)]
[351|(-0,05999999.1.0)]
[352|(-0,05999999.1.0)]
[353|(-0,05999999.1.0)]
[354|(-0,05999999.1.0)]
[355|(-0,05999999.1.0)]
[356|(-0,05999999.1.0)]
[357|(-0,05999999.1.0)]
[358|(-0,05999999.1.0)]
[359|(-0,05999999.1.0)]
[360|(-0,05999999.1.0)]
[361|(-0,05999999.1.0)]
[362|(-0,05999999.1.0)]
[363|(-0,05999999.1.0)]
[364|(-0,05999999.1.0)]
[365|(-0,05999999.1.0)]
[366|(-0,05999999.1.0)]
[367|(-0,05999999.1.0)]
[368|(-0,05999999.1.0)]
[369|(-0,05999999.1.0)]
[370|(-0,05999999.1.0)]
[371|(-0,05999999.1.0)]
[372|(-0,05999999.1.0)]
[373|(-0,05999999.1.0)]
[374|(-0,05999999.1.0)]
[375|(-0,05999999.1.0)]
[376|(-0,05999999.1.0)]
[377|(-0,05999999.1.0)]
[378|(-0,05999999.1.0)]
[379|(-0,05999999.1.0)]
[380|(-0,05999999.1.0)]
[381|(-0,05999999.1.0)]
[382|(-0,05999999.1.0)]
[383|(-0,05999999.1.0)]
[384|(-0,05999999.1.0)]
[385|(-0,05999999.1.0)]
[386|(-0,05999999.1.0)]
[387|(-0,05999999.1.0)]
[388|(-0,05999999.1.0)]
[389|(-0,05999999.1.0)]
[390|(-0,05999999.1.0)]
[391|(-0,05999999.1.0)]
[392|(-0,05999999.1.0)]
[393|(-0,05999999.1.0)]
[394|(-0,05999999.1.0)]
[395|(-0,05999999.1.0)]
[396|(-0,05999999.1.0)]
[397|(-0,05999999.1.0)]
[398|(-0,05999999.1.0)]
[399|(-0,05999999.1.0)]
[400|(-0,05999999.1.0)]
[401|(0.0.0)]
[402|(0.0.0)]
[403|(0.0.0)]
[404|(0.0.0)]
[405|(0.0,01.0)]
[406|(0.0,02.0)]
[407|(0.0,03.0)]
[408|(0.0,04.0)]
[409|(0.0,05.0)]
[410|(0.0,05999999.0)]
[411|(0.0,06999999.0)]
[412|(0.0,07999999.0)]
[413|(0.0,08999999.0)]
[414|(0.0,09999999.0)]
[415|(0.0,11.0)]
[416|(0,01.0,12.0)]
[417|(0,02.0,13.0)]
[418|(0,03.0,14.0)]
[419|(0,03.0,15.0)]
[420|(0,03.0,16.0)]
[421|(0,03.0,17.0)]
[422|(0,03.0,18.0)]
[423|(0,03.0,19.0)]
[424|(0,03.0,2.0)]
[425|(0,03.0,21.0)]
[426|(0,03.0,22.0)]
[427|(0,03.0,23.0)]
[428|(0,04.0,24.0)]
[429|(0,05.0,25.0)]
[430|(0,05.0,26.0)]
[431|(0,05.0,27.0)]
[432|(0,05.0,28.0)]
[433|(0,05.0,29.0)]
[434|(0,05.0,3.0)]
[435|(0,05.0,31.0)]
[436|(0,05.0,32.0)]
[437|(0,05.0,33.0)]
[438|(0,05.0,3399999.0)]
[439|(0,05.0,3499999.0)]
[440|(0,05.0,3599999.0)]
[441|(0,05.0,3699999.0)]
[442|(0,05.0,3799999.0)]
[443|(0,05.0,3899999.0)]
[444|(0,05.0,3999999.0)]
[445|(0,05.0,4099999.0)]
[446|(0,05.0,4199999.0)]
[447|(0,05.0,4299999.0)]
[448|(0,05.0,4399998.0)]
[449|(0,05.0,4499998.0)]
[450|(0,05.0,4599998.0)]
[451|(0,05.0,4699998.0)]
[452|(0,05.0,4799998.0)]
[453|(0,05.0,4899998.0)]
[454|(0,05.0,4999998.0)]
[455|(0,05.0,5099998.0)]
[456|(0,05.0,5199998.0)]
[457|(0,05.0,5299998.0)]
[458|(0,05.0,5399998.0)]
[459|(0,05.0,5499998.0)]
[460|(0,05.0,5599998.0)]
[461|(0,05.0,5699998.0)]
[462|(0,05.0,5799997.0)]
[463|(0,05.0,5899997.0)]
[464|(0,05.0,5999997.0)]
[465|(0,05.0,6099997.0)]
[466|(0.0,6199997.0)]
[467|(-0,01.0,6299997.0)]
[468|(-0,01.0,6399997.0)]
[469|(-0,01.0,6499997.0)]
[470|(-0,01.0,6599997.0)]
[471|(-0,01.0,6699997.0)]
[472|(-0,01.0,6799996.0)]
[473|(-0,01.0,6899996.0)]
[474|(-0,01.0,6999996.0)]
[475|(-0,01.0,7099996.0)]
[476|(-0,01.0,7199996.0)]
[477|(-0,01.0,7299996.0)]
[478|(-0,01.0,7399996.0)]
[479|(-0,01.0,7499996.0)]
[480|(-0,01.0,7599996.0)]
[481|(-0,01.0,7699996.0)]
[482|(-0,01.0,7799996.0)]
[483|(-0,01.0,7899995.0)]
[484|(-0,01.0,7999995.0)]
[485|(-0,01.0,8099995.0)]
[486|(-0,01.0,8199995.0)]
[487|(-0,01.0,8299995.0)]
[488|(-0,01.0,8399995.0)]
[489|(-0,01.0,8499995.0)]
[490|(-0,01.0,8599995.0)]
[491|(-0,01.0,8699995.0)]
[492|(-0,01.0,8799995.0)]
[493|(-0,01.0,8899994.0)]
[494|(-0,01.0,8999994.0)]
[495|(-0,01.0,9099994.0)]
[496|(-0,01.0,9199994.0)]
[497|(-0,01.0,9299994.0)]
[498|(-0,01.0,9399994.0)]
[499|(-0,01.0,9499994.0)]
[500|(-0,01.0,9599994.0)]
[501|(-0,01.0,9699994.0)]
[502|(-0,01.0,9799994.0)]
[503|(-0,01.0,9899994.0)]
[504|(-0,01.0,9999993.0)]
[505|(-0,01.1,009999.0)]
[506|(-0,01.1.0)]
[507|(-0,01.1.0)]
[508|(-0,01.1.0)]
[509|(-0,01.1.0)]
[510|(-0,01.1.0)]
[511|(-0,01.1.0)]
[512|(-0,01.1.0)]
[513|(-0,01.1.0)]
[514|(-0,01.1.0)]
[515|(-0,01.1.0)]
[516|(-0,01.1.0)]
[517|(-0,01.1.0)]
[518|(-0,01.1.0)]
[519|(-0,01.1.0)]
[520|(-0,01.1.0)]
[521|(-0,01.1.0)]
[522|(-0,01.1.0)]
[523|(-0,01.1.0)]
[524|(-0,01.1.0)]
[525|(-0,01.1.0)]
[526|(-0,01.1.0)]
[527|(-0,01.1.0)]
[528|(-0,01.1.0)]
[529|(-0,01.1.0)]
[530|(-0,01.1.0)]
[531|(-0,01.1.0)]
[532|(-0,01.1.0)]
[533|(-0,01.1.0)]
[534|(-0,01.1.0)]
[535|(-0,01.1.0)]
[536|(-0,01.1.0)]
[537|(-0,01.1.0)]
[538|(-0,01.1.0)]
[539|(-0,01.1.0)]
[540|(-0,01.1.0)]
[541|(-0,01.1.0)]
[542|(-0,01.1.0)]
[543|(-0,01.1.0)]
[544|(-0,01.1.0)]
[545|(-0,01.1.0)]
[546|(-0,01.1.0)]
[547|(-0,01.1.0)]
[548|(-0,01.1.0)]
[549|(-0,01.1.0)]
[550|(-0,01.1.0)]
[551|(-0,01.1.0)]
[552|(-0,01.1.0)]
[553|(-0,01.1.0)]
[554|(-0,01.1.0)]
[555|(-0,01.1.0)]
[556|(-0,01.1.0)]
[557|(-0,01.1.0)]
[558|(-0,01.1.0)]
[559|(-0,01.1.0)]
[560|(-0,01.1.0)]
[561|(-0,01.1.0)]
[562|(-0,01.1.0)]
[563|(-0,01.1.0)]
[564|(-0,01.1.0)]
[565|(-0,01.1.0)]
[566|(-0,01.1.0)]
[567|(-0,01.1.0)]
[568|(-0,01.1.0)]
[569|(-0,01.1.0)]
[570|(-0,01.1.0)]
[571|(-0,01.1.0)]
[572|(-0,01.1.0)]
[573|(-0,01.1.0)]
[574|(-0,01.1.0)]
[575|(-0,01.1.0)]
[576|(-0,01.1.0)]
[577|(-0,01.1.0)]
[578|(-0,01.1.0)]
[579|(-0,01.1.0)]
[580|(-0,01.1.0)]
[581|(-0,01.1.0)]
[582|(-0,01.1.0)]
[583|(-0,01.1.0)]
[584|(-0,01.1.0)]
[585|(-0,01.1.0)]
[586|(-0,01.1.0)]
[587|(-0,01.1.0)]
[588|(-0,01.1.0)]
[589|(-0,01.1.0)]
[590|(-0,01.1.0)]
[591|(-0,01.1.0)]
[592|(-0,01.1.0)]
[593|(-0,01.1.0)]
[594|(-0,01.1.0)]
[595|(-0,01.1.0)]
[596|(-0,01.1.0)]
[597|(-0,01.1.0)]
[598|(-0,01.1.0)]
[599|(-0,01.1.0)]
[600|(-0,01.1.0)]
[601|(-0,01.1.0)]
[602|(-0,01.1.0)]
[603|(-0,01.1.0)]
[604|(-0,01.1.0)]
[605|(-0,01.1.0)]
[606|(-0,01.1.0)]
[607|(-0,01.1.0)]
[608|(-0,01.1.0)]
[609|(-0,01.1.0)]
[610|(-0,01.1.0)]
[611|(-0,01.1.0)]
[612|(-0,01.1.0)]
[613|(-0,01.1.0)]
[614|(-0,01.1.0)]
[615|(-0,01.1.0)]
[616|(-0,01.1.0)]
[617|(-0,01.1.0)]
[618|(-0,01.1.0)]
[619|(-0,01.1.0)]
[620|(-0,01.1.0)]
[621|(-0,02.1.0)]
[622|(-0,03.1.0)]
[623|(-0,03.1.0)]
[624|(-0,03.1.0)]
[625|(-0,03.1.0)]
[626|(-0,03.1.0)]
[627|(-0,03.1.0)]
[628|(-0,03.1.0)]
[629|(-0,03.1.0)]
[630|(-0,03.1.0)]
[631|(-0,03.1.0)]
[632|(-0,03.1.0)]
[633|(-0,03.1.0)]
[634|(-0,03.1.0)]
[635|(-0,03.1.0)]
[636|(-0,03.1.0)]
[637|(-0,03.1.0)]
[638|(-0,03.1.0)]
[639|(-0,03.1.0)]
[640|(-0,03.1.0)]
[641|(-0,03.1.0)]
[642|(-0,03.1.0)]
[643|(-0,03.1.0)]
[644|(-0,03.1.0)]
[645|(-0,03.1.0)]
[646|(-0,03.1.0)]
[647|(-0,03.1.0)]
[648|(-0,03.1.0)]
[649|(-0,03.1.0)]
[650|(-0,03.1.0)]
[651|(-0,03.1.0)]
[652|(-0,03.1.0)]
[653|(-0,04.1.0)]
[654|(-0,05.1.0)]
[655|(-0,05999999.1.0)]
[656|(-0,06999999.1.0)]
[657|(-0,07999999.1.0)]
[658|(-0,08999999.1.0)]
[659|(-0,09999999.1.0)]
[660|(-0,11.1.0)]
[661|(-0,12.1.0)]
[662|(-0,13.1.0)]
[663|(-0,14.1.0)]
[664|(-0,15.1.0)]
[665|(-0,16.1.0)]
[666|(-0,17.1.0)]
[667|(-0,18.1.0)]
[668|(-0,19.1.0)]
[669|(-0,2.1.0)]
[670|(-0,21.1.0)]
[671|(-0,22.1.0)]
[672|(-0,23.1.0)]
[673|(-0,24.1.0)]
[674|(-0,25.1.0)]
[675|(-0,26.1.0)]
[676|(-0,27.1.0)]
[677|(-0,28.1.0)]
[678|(-0,29.1.0)]
[679|(-0,3.1.0)]
[680|(-0,31.1.0)]
[681|(-0,32.1.0)]
[682|(-0,33.1.0)]
[683|(-0,3399999.1.0)]
[684|(-0,3499999.1.0)]
[685|(-0,3599999.1.0)]
[686|(-0,3699999.1.0)]
[687|(-0,3799999.1.0)]
[688|(-0,3899999.1.0)]
[689|(-0,3999999.1.0)]
[690|(-0,4099999.1.0)]
[691|(-0,4199999.1.0)]
[692|(-0,4299999.1.0)]
[693|(-0,4399998.1.0)]
[694|(-0,4499998.1.0)]
[695|(-0,4599998.1.0)]
[696|(-0,4699998.1.0)]
[697|(-0,4799998.1.0)]
[698|(-0,4899998.1.0)]
[699|(-0,4999998.1.0)]
[700|(-0,5099998.1.0)]
[701|(-0,5199998.1.0)]
[702|(-0,5299998.1.0)]
[703|(-0,5399998.1.0)]
[704|(-0,5499998.1.0)]
[705|(-0,5599998.1.0)]
[706|(-0,5699998.1.0)]
[707|(-0,5799997.1.0)]
[708|(-0,5899997.1.0)]
[709|(-0,5999997.1.0)]
[710|(-0,6099997.1.0)]
[711|(-0,6199997.1.0)]
[712|(-0,6299997.1.0)]
[713|(-0,6399997.1.0)]
[714|(-0,6499997.1.0)]
[715|(-0,6599997.1.0)]
[716|(-0,6699997.1.0)]
[717|(-0,6799996.1.0)]
[718|(-0,6899996.1.0)]
[719|(-0,6999996.1.0)]
[720|(-0,7099996.1.0)]
[721|(-0,7199996.1.0)]
[722|(-0,7299996.1.0)]
[723|(-0,7399996.1.0)]
[724|(-0,7499996.1.0)]
[725|(-0,7599996.1.0)]
[726|(-0,7699996.1.0)]
[727|(-0,7799996.1.0)]
[728|(-0,7899995.1.0)]
[729|(-0,7999995.1.0)]
[730|(-0,8099995.1.0)]
[731|(-0,8199995.1.0)]
[732|(-0,8299995.1.0)]
[733|(-0,8399995.1.0)]
[734|(-0,8499995.1.0)]
[735|(-0,8599995.1.0)]
[736|(-0,8699995.1.0)]
[737|(-0,8799995.1.0)]
[738|(-0,8899994.1.0)]
[739|(-0,8999994.1.0)]
[740|(-0,9099994.1.0)]
[741|(-0,9199994.1.0)]
[742|(-0,9299994.1.0)]
[743|(-0,9399994.1.0)]
[744|(-0,9499994.1.0)]
[745|(-0,9599994.1.0)]
[746|(-0,9699994.1.0)]
[747|(-0,9799994.1.0)]
[748|(-0,9899994.1.0)]
[749|(-0,9999993.1.0)]
[750|(-1,009999.1.0)]
[751|(-1.1.0)]
[752|(-1.1.0)]
[753|(-1.1.0)]
[754|(-1.1.0)]
[755|(-1.1.0)]
[756|(-1.1.0)]
[757|(-1.1.0)]
[758|(-1.1.0)]
[759|(-1.1.0)]
[760|(-1.1.0)]
[761|(-1.1.0)]
[762|(-1.1.0)]
[763|(-1.1.0)]
[764|(-1.1.0)]
[765|(-1.1.0)]
[766|(-1.1.0)]
[767|(-1.1.0)]
[768|(-1.1.0)]
[769|(-1.1.0)]
[770|(-1.1.0)]
[771|(-1.1.0)]
[772|(-1.1.0)]
[773|(-1.1.0)]
[774|(-1.1.0)]
[775|(-1.1.0)]
[776|(-1.1.0)]
[777|(-1.1.0)]
[778|(-1.1.0)]
[779|(-1.1.0)]
[780|(-1.1.0)]
[781|(-1.1.0)]
[782|(-1.1.0)]
[783|(-1.1.0)]
[784|(-1.1.0)]
[785|(-1.1.0)]
[786|(-1.1.0)]
[787|(-1.0.0)]
[788|(-1.-0,01.0)]
[789|(-1.-0,02.0)]
[790|(-1.-0,03.0)]
[791|(-1.-0,04.0)]
[792|(-1.-0,05.30000)]
[793|(-1.-0,05999999.30000)]
[794|(-1.-0,06999999.30000)]
[795|(-1.-0,07999999.30000)]
[796|(-1.-0,08999999.30000)]
[797|(-1.-0,09999999.30000)]
[798|(-1.-0,11.30000)]
[799|(-1.-0,12.30000)]
[800|(-1.-0,13.30000)]
[801|(-1.-0,14.30000)]
[802|(-1.-0,15.30000)]
[803|(-1.-0,16.30000)]
[804|(-1.-0,17.30000)]
[805|(-1.-0,18.30000)]
[806|(-1.-0,19.30000)]
[807|(-1.-0,2.30000)]
[808|(-1.-0,21.30000)]
[809|(-1.-0,22.30000)]
[810|(-1.-0,23.30000)]
[811|(-1.-0,24.30000)]
[812|(-1.-0,25.30000)]
[813|(-1.-0,26.30000)]
[814|(-1.-0,27.30000)]
[815|(-1.-0,28.30000)]
[816|(-1.-0,29.30000)]
[817|(-1.-0,3.30000)]
[818|(-1.-0,31.30000)]
[819|(-1.-0,32.30000)]
[820|(-1.-0,33.30000)]
[821|(-1.-0,3399999.30000)]
[822|(-1.-0,3499999.30000)]
[823|(-1.-0,3599999.30000)]
[824|(-1.-0,3699999.30000)]
[825|(-1.-0,3799999.30000)]
[826|(-1.-0,3899999.30000)]
[827|(-1.-0,3999999.30000)]
[828|(-1.-0,4099999.30000)]
[829|(-1.-0,4199999.30000)]
[830|(-1.-0,4299999.30000)]
[831|(-1.-0,4399998.30000)]
[832|(-1.-0,4499998.30000)]
[833|(-1.-0,4599998.30000)]
[834|(-1.-0,4699998.30000)]
[835|(-1.-0,4799998.30000)]
[836|(-1.-0,4899998.30000)]
[837|(-1.-0,4999998.30000)]
[838|(-1.-0,5099998.30000)]
[839|(-1.-0,5199998.30000)]
[840|(-1.-0,5299998.30000)]
[841|(-1.-0,5399998.30000)]
[842|(-1.-0,5499998.30000)]
[843|(-1.-0,5599998.30000)]
[844|(-1.-0,5699998.30000)]
[845|(-1.-0,5799997.30000)]
[846|(-1.-0,5899997.30000)]
[847|(-1.-0,5999997.30000)]
[848|(-1.-0,6099997.30000)]
[849|(-1.-0,6199997.30000)]
[850|(-1.-0,6299997.30000)]
[851|(-1.-0,6399997.30000)]
[852|(-1.-0,6499997.30000)]
[853|(-1.-0,6599997.30000)]
[854|(-1.-0,6699997.30000)]
[855|(-1.-0,6799996.30000)]
[856|(-1.-0,6899996.30000)]
[857|(-1.-0,6999996.30000)]
[858|(-1.-0,7099996.30000)]
[859|(-1.-0,7199996.30000)]
[860|(-1.-0,7299996.30000)]
[861|(-1.-0,7399996.30000)]
[862|(-1.-0,7499996.30000)]
[863|(-1.-0,7599996.30000)]
[864|(-1.-0,7699996.30000)]
[865|(-1.-0,7799996.30000)]
[866|(-1.-0,7899995.30000)]
[867|(-1.-0,7999995.30000)]
[868|(-1.-0,8099995.30000)]
[869|(-1.-0,8199995.30000)]
[870|(-1.-0,8299995.30000)]
[871|(-1.-0,8399995.30000)]
[872|(-1.-0,8499995.0)]
[873|(0.-0,8599995.0)]
[874|(0,01.-0,8699995.0)]
[875|(0,02.-0,8799995.0)]
[876|(0,03.-0,8899994.0)]
[877|(0,04.-0,8999994.0)]
[878|(0,05.-0,9099994.0)]
[879|(0,05999999.-0,9199994.0)]
[880|(0,06999999.-0,9299994.0)]
[881|(0,07999999.-0,9399994.0)]
[882|(0,08999999.-0,9499994.0)]
[883|(0,09999999.-0,9599994.0)]
[884|(0,11.-0,9699994.0)]
[885|(0,12.-0,9799994.0)]
[886|(0,13.-0,9899994.0)]
[887|(0,14.-0,9999993.0)]
[888|(0,15.-1,009999.0)]
[889|(0,16.-1.0)]
[890|(0,17.-1.0)]
[891|(0,18.-1.0)]
[892|(0,19.-1.0)]
[893|(0,2.-1.0)]
[894|(0,21.-1.0)]
[895|(0,22.-1.0)]
[896|(0,23.-1.0)]
[897|(0,24.-1.0)]
[898|(0,25.-1.0)]
[899|(0,26.-1.0)]
[900|(0,27.-1.0)]
[901|(0,28.-1.0)]
[902|(0,29.-1.0)]
[903|(0,3.-1.0)]
[904|(0,31.-1.0)]
[905|(0,32.-1.0)]
[906|(0,33.-1.0)]
[907|(0,3399999.-1.0)]
[908|(0,3499999.-1.0)]
[909|(0,3599999.-1.0)]
[910|(0,3699999.-1.0)]
[911|(0,3799999.0.0)]
[912|(0,3799999.0,01.0)]
[913|(0.0,02.0)]
[914|(-0,01.0,03.0)]
[915|(-0,02.0,04.0)]
[916|(-0,03.0,05.0)]
[917|(-0,04.0,05999999.0)]
[918|(-0,05.0,06999999.0)]
[919|(-0,05999999.0,07999999.0)]
[920|(-0,06999999.0,08999999.0)]
[921|(-0,07999999.0,09999999.0)]
[922|(-0,08999999.0,11.0)]
[923|(-0,09999999.0,12.0)]
[924|(-0,11.0,13.0)]
[925|(-0,12.0,14.0)]
[926|(-0,13.0,15.0)]
[927|(-0,14.0,16.0)]
[928|(-0,15.0,17.0)]
[929|(-0,16.0,18.0)]
[930|(-0,17.0,19.0)]
[931|(-0,18.0,2.0)]
[932|(-0,19.0,21.0)]
[933|(-0,2.0,22.0)]
[934|(-0,21.0,23.0)]
[935|(-0,22.0,24.0)]
[936|(-0,23.0,25.0)]
[937|(-0,24.0,26.0)]
[938|(-0,25.0,27.0)]
[939|(-0,26.0,28.30000)]
[940|(-0,27.0,29.30000)]
[941|(-0,28.0,3.30000)]
[942|(-0,29.0,31.30000)]
[943|(-0,3.0,32.30000)]
[944|(-0,31.0,33.30000)]
[945|(-0,32.0,3399999.30000)]
[946|(-0,33.0,3499999.30000)]
[947|(-0,3399999.0,3599999.30000)]
[948|(-0,3499999.0,3699999.30000)]
[949|(-0,3599999.0,3799999.30000)]
[950|(-0,3699999.0,3899999.30000)]
[951|(-0,3799999.0,3999999.30000)]
[952|(-0,3899999.0,4099999.30000)]
[953|(-0,3999999.0,4199999.30000)]
[954|(-0,4099999.0,4299999.30000)]
[955|(-0,4199999.0,4399998.30000)]
[956|(-0,4299999.0,4499998.30000)]
[957|(-0,4399998.0,4599998.30000)]
[958|(-0,4499998.0,4699998.30000)]
[959|(-0,4599998.0,4799998.30000)]
[960|(-0,4699998.0,4899998.30000)]
[961|(-0,4799998.0,4999998.30000)]
[962|(-0,4899998.0,5099998.30000)]
[963|(-0,4999998.0,5199998.30000)]
[964|(-0,5099998.0,5299998.30000)]
[965|(-0,5199998.0,5399998.30000)]
[966|(-0,5299998.0,5499998.30000)]
[967|(-0,5399998.0,5599998.30000)]
[968|(-0,5499998.0,5699998.30000)]
[969|(-0,5599998.0,5799997.0)]
[970|(-0,5699998.0,5899997.0)]
[971|(-0,5799997.0,5999997.0)]
[972|(-0,5899997.0,6099997.0)]
[973|(-0,5999997.0,6199997.0)]
[974|(-0,6099997.0,6299997.0)]
[975|(-0,6199997.0,6399997.0)]
[976|(-0,6299997.0,6499997.0)]
[977|(-0,6399997.0,6599997.0)]
[978|(-0,6499997.0,6699997.0)]
[979|(-0,6599997.0,6799996.0)]
[980|(-0,6699997.0,6899996.0)]
[981|(-0,6799996.0,6999996.0)]
[982|(-0,6899996.0,7099996.0)]
[983|(-0,6999996.0,7199996.0)]
[984|(-0,7099996.0,7299996.0)]
[985|(-0,7199996.0,7399996.0)]
[986|(-0,7299996.0,7499996.0)]
[987|(-0,7399996.0,7599996.0)]
[988|(-0,7499996.0,7699996.0)]
[989|(-0,7599996.0,7799996.0)]
[990|(-0,7699996.0,7899995.0)]
[991|(-0,7799996.0,7999995.0)]
[992|(-0,7899995.0,8099995.0)]
[993|(-0,7999995.0,8199995.0)]
[994|(-0,8099995.0,8299995.0)]
[995|(-0,8099995.0,8399995.0)]
[996|(-0,8099995.0,8499995.0)]
[997|(-0,8099995.0,8599995.0)]
[998|(-0,8099995.0,8699995.0)]
[999|(-0,8099995.0,8799995.0)]
[1000|(-0,8099995.0,8899994.0)]
[1001|(-0,8099995.0,8999994.0)]
[1002|(-0,8099995.0,9099994.0)]
[1003|(-0,8099995.0,9199994.0)]
[1004|(-0,8099995.0,9299994.0)]
[1005|(-0,8099995.0,9399994.0)]
[1006|(-0,8099995.0,9499994.0)]
[1007|(-0,8099995.0,9599994.0)]
[1008|(-0,8099995.0,9699994.0)]
[1009|(-0,8099995.0,9799994.0)]
[1010|(-0,8099995.0,9899994.0)]
[1011|(0.0,9999993.0)]
[1012|(0,01.1,009999.0)]
[1013|(0,01.1.0)]
[1014|(0,01.1.0)]
[1015|(0,01.1.0)]
[1016|(0,01.1.0)]
[1017|(0,01.1.0)]
[1018|(0,01.1.0)]
[1019|(0,01.1.0)]
[1020|(0,01.1.0)]
[1021|(0,01.1.0)]
[1022|(0,01.1.0)]
[1023|(0,01.1.0)]
[1024|(0,01.1.0)]
[1025|(0,01.1.0)]
[1026|(0,01.1.0)]
[1027|(0,01.1.0)]
[1028|(0,01.1.0)]
[1029|(0,01.1.0)]
[1030|(0,01.1.0)]
[1031|(0,01.1.0)]
[1032|(0,01.1.0)]
[1033|(0,01.1.0)]
[1034|(0,01.1.0)]
[1035|(0,01.1.0)]
[1036|(0,01.1.0)]
[1037|(0,01.1.0)]
[1038|(0,01.1.0)]
[1039|(0,01.1.0)]
[1040|(0,01.1.0)]
[1041|(0,01.1.0)]
[1042|(0,01.1.0)]
[1043|(0,01.1.0)]
[1044|(0,01.1.0)]
[1045|(0,01.1.0)]
[1046|(0,01.1.0)]
[1047|(0,01.1.0)]
[1048|(0,01.1.0)]
[1049|(0,01.1.0)]
[1050|(0,01.1.0)]
[1051|(0,01.1.0)]
[1052|(0,01.1.0)]
[1053|(0,01.1.0)]
[1054|(0,01.1.0)]
[1055|(0,01.1.0)]
[1056|(0,01.1.0)]
[1057|(0,02.1.0)]
[1058|(0,03.1.0)]
[1059|(0,04.1.0)]
[1060|(0,04.1.0)]
[1061|(0,04.1.0)]
[1062|(0,04.1.0)]
[1063|(0,04.1.0)]
[1064|(0,04.1.0)]
[1065|(0,04.1.0)]
[1066|(0,04.1.0)]
[1067|(0,04.1.0)]
[1068|(0,04.1.0)]
[1069|(0,04.1.0)]
[1070|(0,04.1.0)]
[1071|(0,04.1.0)]
[1072|(0,04.1.0)]
[1073|(0,04.1.0)]
[1074|(0,04.1.0)]
[1075|(0,04.1.0)]
[1076|(0,04.1.0)]
[1077|(0,04.1.0)]
[1078|(0,04.1.0)]
[1079|(0,04.1.0)]
[1080|(0,04.1.0)]
[1081|(0,04.1.0)]
[1082|(0,04.1.0)]
[1083|(0,04.1.0)]
[1084|(0,04.1.0)]
[1085|(0,04.1.0)]
[1086|(0,04.1.0)]
[1087|(0,04.1.0)]
[1088|(0,04.1.0)]
[1089|(0,04.1.0)]
[1090|(0,04.1.0)]
[1091|(0,04.1.0)]
[1092|(0,04.1.0)]
[1093|(0,04.1.0)]
[1094|(0,04.1.0)]
[1095|(0,04.1.0)]
[1096|(0,04.1.0)]
[1097|(0,04.1.0)]
[1098|(0,04.1.0)]
[1099|(0,04.1.0)]
[1100|(0,04.1.0)]
[1101|(0,04.1.0)]
[1102|(0,04.1.0)]
[1103|(0,04.1.0)]
[1104|(0,04.1.0)]
[1105|(0,04.1.0)]
[1106|(0,04.1.0)]
[1107|(0,04.1.0)]
[1108|(0,04.1.0)]
[1109|(0,04.1.0)]
[1110|(0,04.1.0)]
[1111|(0,04.1.0)]
[1112|(0,04.1.0)]
[1113|(0,04.1.0)]
[1114|(0,04.1.0)]
[1115|(0,04.1.0)]
[1116|(0,05.1.0)]
[1117|(0,05999999.1.0)]
[1118|(0,05999999.1.0)]
[1119|(0,05999999.1.0)]
[1120|(0,05999999.1.0)]
[1121|(0,05999999.1.0)]
[1122|(0,05999999.1.0)]
[1123|(0,05999999.1.0)]
[1124|(0,05999999.1.0)]
[1125|(0,05999999.1.0)]
[1126|(0,05999999.1.0)]
[1127|(0,05999999.1.0)]
[1128|(0,05999999.1.0)]
[1129|(0,06999999.1.0)]
[1130|(0,06999999.1.0)]
[1131|(0,06999999.1.0)]
[1132|(0,06999999.1.0)]
[1133|(0,06999999.1.0)]
[1134|(0,06999999.1.0)]
[1135|(0,06999999.1.0)]
[1136|(0,06999999.1.0)]
[1137|(0,06999999.1.0)]
[1138|(0,06999999.1.0)]
[1139|(0,06999999.1.0)]
[1140|(0,06999999.1.0)]
[1141|(0,06999999.1.0)]
[1142|(0,06999999.1.0)]
[1143|(0,06999999.1.0)]
[1144|(0,06999999.1.0)]
[1145|(0,06999999.1.0)]
[1146|(0,06999999.1.0)]
[1147|(0,06999999.1.0)]
[1148|(0,06999999.1.0)]
[1149|(0,06999999.1.0)]
[1150|(0,06999999.1.0)]
[1151|(0,06999999.1.0)]
[1152|(0,06999999.1.0)]
[1153|(0,06999999.1.0)]
[1154|(0,06999999.1.0)]
[1155|(0,06999999.1.0)]
[1156|(0,06999999.1.0)]
[1157|(0,06999999.1.0)]
[1158|(0,06999999.1.0)]
[1159|(0,06999999.1.0)]
[1160|(0,06999999.1.0)]
[1161|(0,06999999.1.0)]
[1162|(0,06999999.1.0)]
[1163|(0,06999999.1.0)]
[1164|(0,06999999.1.0)]
[1165|(0,06999999.1.0)]
[1166|(0,06999999.1.0)]
[1167|(0,06999999.1.0)]
[1168|(0,06999999.1.0)]
[1169|(0,06999999.1.0)]
[1170|(0,06999999.1.0)]
[1171|(0,06999999.1.0)]
[1172|(0,06999999.1.0)]
[1173|(0,06999999.1.0)]
[1174|(0,06999999.1.0)]
[1175|(0,06999999.1.0)]
[1176|(0,06999999.1.0)]
[1177|(0,07999999.1.0)]
[1178|(0,08999999.1.0)]
[1179|(0,08999999.1.0)]
[1180|(0,08999999.1.0)]
[1181|(0,08999999.1.0)]
[1182|(0,08999999.1.0)]
[1183|(0,08999999.1.0)]
[1184|(0,08999999.1.0)]
[1185|(0,08999999.1.0)]
[1186|(0,08999999.1.0)]
[1187|(0,08999999.1.0)]
[1188|(0,08999999.1.0)]
[1189|(0,08999999.1.0)]
[1190|(0,08999999.1.0)]
[1191|(0,08999999.1.0)]
[1192|(0,08999999.1.0)]
[1193|(0,08999999.1.0)]
[1194|(0,08999999.1.0)]
[1195|(0,08999999.1.0)]
[1196|(0,08999999.1.0)]
[1197|(0,08999999.1.0)]
[1198|(0,08999999.1.0)]
[1199|(0,08999999.1.0)]
[1200|(0,08999999.1.0)]
[1201|(0,08999999.1.0)]
[1202|(0,08999999.1.0)]
[1203|(0,08999999.1.0)]
[1204|(0,08999999.1.0)]
[1205|(0,08999999.1.0)]
[1206|(0,09999999.1.0)]
[1207|(0,09999999.1.0)]
[1208|(0,09999999.1.0)]
[1209|(0,09999999.1.0)]
[1210|(0,09999999.1.0)]
[1211|(0,09999999.1.0)]
[1212|(0,09999999.1.0)]
[1213|(0,09999999.1.0)]
[1214|(0,09999999.1.0)]
[1215|(0,09999999.1.0)]
[1216|(0,09999999.1.0)]
[1217|(0,09999999.1.0)]
[1218|(0,09999999.1.0)]
[1219|(0,09999999.1.0)]
[1220|(0,09999999.1.0)]
[1221|(0,09999999.1.0)]
[1222|(0,09999999.1.0)]
[1223|(0,09999999.1.0)]
[1224|(0,09999999.1.0)]
[1225|(0,09999999.1.0)]
[1226|(0,09999999.1.0)]
[1227|(0,09999999.1.0)]
[1228|(0,09999999.1.0)]
[1229|(0,09999999.1.0)]
[1230|(0,09999999.1.0)]
[1231|(0,09999999.1.0)]
[1232|(0,09999999.1.0)]
[1233|(0,09999999.1.0)]
[1234|(0,09999999.1.0)]
[1235|(0,09999999.1.0)]
[1236|(0,09999999.1.0)]
[1237|(0,09999999.1.0)]
[1238|(0,09999999.1.0)]
[1239|(0,09999999.1.0)]
[1240|(0,09999999.1.0)]
[1241|(0.1.0)]
[1242|(-0,01.1.0)]
[1243|(-0,01.1.0)]
[1244|(-0,01.1.0)]
[1245|(-0,01.1.0)]
[1246|(-0,01.1.0)]
[1247|(-0,01.1.0)]
[1248|(-0,01.1.0)]
[1249|(-0,01.1.0)]
[1250|(-0,01.1.0)]
[1251|(-0,01.1.0)]
[1252|(-0,01.1.0)]
[1253|(-0,01.1.0)]
[1254|(-0,01.1.0)]
[1255|(-0,01.1.0)]
[1256|(-0,01.1.0)]
[1257|(-0,01.1.0)]
[1258|(-0,01.1.0)]
[1259|(-0,01.1.0)]
[1260|(-0,01.1.0)]
[1261|(-0,01.1.0)]
[1262|(-0,01.1.0)]
[1263|(-0,01.1.0)]
[1264|(-0,01.1.0)]
[1265|(-0,01.1.0)]
[1266|(-0,01.1.0)]
[1267|(-0,01.1.0)]
[1268|(-0,01.1.0)]
[1269|(-0,01.1.0)]
[1270|(-0,01.1.0)]
[1271|(-0,01.1.0)]
[1272|(-0,01.1.0)]
[1273|(-0,01.1.0)]
[1274|(-0,01.1.0)]
[1275|(-0,01.1.0)]
[1276|(-0,01.1.0)]
[1277|(-0,01.1.0)]
[1278|(-0,01.1.0)]
[1279|(0.1.0)]
[1280|(0,01.1.0)]
[1281|(0,01.1.0)]
[1282|(0,01.1.0)]
[1283|(0,01.1.0)]
[1284|(0,01.1.0)]
[1285|(0,01.1.0)]
[1286|(0,01.1.0)]
[1287|(0,01.1.0)]
[1288|(0,01.1.0)]
[1289|(0,01.1.0)]
[1290|(0,01.1.0)]
[1291|(0,01.1.0)]
[1292|(0,01.1.0)]
[1293|(0,01.1.0)]
[1294|(0,01.1.0)]
[1295|(0,01.1.0)]
[1296|(0,01.1.0)]
[1297|(0,02.1.0)]
[1298|(0,02.1.0)]
[1299|(0,02.1.0)]
[1300|(0,02.1.0)]
[1301|(0,02.1.0)]
[1302|(0,02.1.0)]
[1303|(0,02.1.0)]
[1304|(0,02.1.0)]
[1305|(0,02.1.0)]
[1306|(0,02.1.0)]
[1307|(0,02.1.0)]
[1308|(0,02.1.0)]
[1309|(0,02.1.0)]
[1310|(0,02.1.0)]
[1311|(0,02.1.0)]
[1312|(0,02.1.0)]
[1313|(0,02.1.0)]
[1314|(0,02.1.0)]
[1315|(0,02.1.0)]
[1316|(0,02.1.0)]
[1317|(0,02.1.0)]
[1318|(0,02.1.0)]
[1319|(0,02.1.0)]
[1320|(0,02.1.0)]
[1321|(0,02.1.0)]
[1322|(0,02.1.0)]
[1323|(0,02.1.0)]
[1324|(0,02.1.0)]
[1325|(0,02.1.0)]
[1326|(0,02.1.0)]
[1327|(0,02.1.0)]
[1328|(0,02.1.0)]
[1329|(0,02.1.0)]
[1330|(0,02.1.0)]
[1331|(0,02.1.0)]
[1332|(0,02.1.0)]
[1333|(0,02.1.0)]
[1334|(0,02.1.0)]
[1335|(0,02.1.0)]
[1336|(0,02.1.0)]
[1337|(0,02.1.0)]
[1338|(0,02.1.0)]
[1339|(0,02.1.0)]
[1340|(0,02.1.0)]
[1341|(0,02.1.0)]
[1342|(0,02.1.0)]
[1343|(0,03.1.0)]
[1344|(0,04.1.0)]
[1345|(0,05.1.0)]
[1346|(0,05.1.0)]
[1347|(0,05.1.0)]
[1348|(0,05.1.0)]
[1349|(0,05.1.0)]
[1350|(0,05.1.0)]
[1351|(0,05.1.0)]
[1352|(0,05.1.0)]
[1353|(0,05.1.0)]
[1354|(0,05.1.0)]
[1355|(0,05.1.0)]
[1356|(0,05.1.0)]
[1357|(0,05.1.0)]
[1358|(0,05.1.0)]
[1359|(0,05.1.0)]
[1360|(0,05.1.0)]
[1361|(0,05.1.0)]
[1362|(0,05.1.0)]
[1363|(0,05.1.0)]
[1364|(0,05.1.0)]
[1365|(0,05.1.0)]
[1366|(0,05.1.0)]
[1367|(0,05.1.0)]
[1368|(0,05.1.0)]
[1369|(0,05.1.0)]
[1370|(0,05.1.0)]
[1371|(0,05.1.0)]
[1372|(0,05.1.0)]
[1373|(0,05.1.0)]
[1374|(0,05.1.0)]
[1375|(0,05.1.0)]
[1376|(0,05.1.0)]
[1377|(0,05.1.0)]
[1378|(0,05.1.0)]
[1379|(0,05.1.0)]
[1380|(0,05.1.0)]
[1381|(0,05.1.0)]
[1382|(0,05.1.0)]
[1383|(0,05.1.0)]
[1384|(0,05.1.0)]
[1385|(0,05.1.0)]
[1386|(0,05.1.0)]
[1387|(0,05.1.0)]
[1388|(0,05.1.0)]
[1389|(0,05.1.0)]
[1390|(0,05.1.0)]
[1391|(0,05.1.0)]
[1392|(0,05.1.0)]
[1393|(0,05.1.0)]
[1394|(0,05.1.0)]
[1395|(0,05.1.0)]
[1396|(0,05.1.0)]
[1397|(0,05.1.0)]
[1398|(0,05.1.0)]
[1399|(0,05.1.0)]
[1400|(0,05.1.0)]
[1401|(0,05.1.0)]
[1402|(0,05.1.0)]
[1403|(0,05.1.0)]
[1404|(0,05.1.0)]
[1405|(0,05.1.0)]
[1406|(0,05.1.0)]
[1407|(0,05.1.0)]
[1408|(0,05.1.0)]
[1409|(0,05.1.0)]
[1410|(0,05.1.0)]
[1411|(0,05.1.0)]
[1412|(0,05.1.0)]
[1413|(0,05.1.0)]
[1414|(0,05.1.0)]
[1415|(0,05.1.0)]
[1416|(0,05.1.0)]
[1417|(0.1.0)]
[1418|(-0,01.1.0)]
[1419|(-0,02.1.0)]
[1420|(-0,02.1.0)]
[1421|(-0,02.1.0)]
[1422|(-0,02.1.0)]
[1423|(-0,02.1.0)]
[1424|(-0,02.1.0)]
[1425|(-0,02.1.0)]
[1426|(-0,02.1.0)]
[1427|(-0,02.1.0)]
[1428|(-0,02.1.0)]
[1429|(-0,02.1.0)]
[1430|(-0,02.1.0)]
[1431|(-0,02.1.0)]
[1432|(-0,02.1.0)]
[1433|(-0,02.1.0)]
[1434|(-0,02.1.0)]
[1435|(-0,02.1.0)]
[1436|(-0,02.1.0)]
[1437|(-0,02.1.0)]
[1438|(-0,02.1.0)]
[1439|(-0,02.1.0)]
[1440|(-0,02.1.0)]
[1441|(-0,02.1.0)]
[1442|(-0,02.1.0)]
[1443|(-0,02.1.0)]
[1444|(-0,02.1.0)]
[1445|(-0,02.1.0)]
[1446|(-0,02.1.0)]
[1447|(-0,02.1.0)]
[1448|(-0,02.1.0)]
[1449|(-0,02.1.0)]
[1450|(-0,02.1.0)]
[1451|(-0,02.1.0)]
[1452|(-0,02.1.0)]
[1453|(-0,02.1.0)]
[1454|(-0,02.1.0)]
[1455|(-0,02.1.0)]
[1456|(-0,02.1.0)]
[1457|(-0,02.1.0)]
[1458|(-0,02.1.0)]
[1459|(-0,03.1.0)]
[1460|(-0,04.1.0)]
[1461|(-0,04.1.0)]
[1462|(-0,04.1.0)]
[1463|(-0,04.1.0)]
[1464|(-0,04.1.0)]
[1465|(-0,04.1.0)]
[1466|(-0,04.1.0)]
[1467|(-0,04.1.0)]
[1468|(-0,04.1.0)]
[1469|(-0,04.1.0)]
[1470|(-0,04.1.0)]
[1471|(-0,04.1.0)]
[1472|(-0,04.1.0)]
[1473|(-0,04.1.0)]
[1474|(-0,04.1.0)]
[1475|(-0,04.1.0)]
[1476|(-0,04.1.0)]
[1477|(-0,05.1.0)]
[1478|(-0,05999999.1.0)]
[1479|(-0,06999999.1.0)]
[1480|(-0,07999999.1.0)]
[1481|(-0,08999999.1.0)]
[1482|(-0,08999999.1.0)]
[1483|(-0,08999999.1.0)]
[1484|(-0,08999999.1.0)]
[1485|(-0,08999999.1.0)]
[1486|(-0,08999999.1.0)]
[1487|(-0,08999999.1.0)]
[1488|(-0,08999999.1.0)]
[1489|(-0,08999999.1.0)]
[1490|(-0,08999999.1.0)]
[1491|(-0,08999999.1.0)]
[1492|(-0,08999999.1.0)]
[1493|(-0,08999999.1.0)]
[1494|(-0,08999999.1.0)]
[1495|(-0,08999999.1.0)]
[1496|(-0,08999999.1.0)]
[1497|(-0,08999999.1.0)]
[1498|(-0,08999999.1.0)]
[1499|(-0,08999999.1.0)]
[1500|(-0,08999999.1.0)]
[1501|(-0,08999999.1.0)]
[1502|(-0,08999999.1.0)]
[1503|(-0,08999999.1.0)]
[1504|(-0,08999999.1.0)]
[1505|(-0,08999999.1.0)]
[1506|(-0,08999999.1.0)]
[1507|(-0,08999999.1.0)]
[1508|(-0,08999999.1.0)]
[1509|(-0,08999999.1.0)]
[1510|(-0,08999999.1.0)]
[1511|(-0,08999999.1.0)]
[1512|(-0,08999999.1.0)]
[1513|(-0,08999999.1.0)]
[1514|(-0,08999999.1.0)]
[1515|(-0,08999999.1.0)]
[1516|(-0,08999999.1.0)]
[1517|(-0,08999999.1.0)]
[1518|(-0,08999999.1.0)]
[1519|(-0,08999999.1.0)]
[1520|(-0,08999999.1.0)]
[1521|(-0,08999999.1.0)]
[1522|(-0,08999999.1.0)]
[1523|(-0,08999999.1.0)]
[1524|(-0,08999999.1.0)]
[1525|(-0,08999999.1.0)]
[1526|(-0,08999999.1.0)]
[1527|(-0,08999999.1.0)]
[1528|(-0,08999999.1.0)]
[1529|(-0,08999999.1.0)]
[1530|(-0,08999999.1.0)]
[1531|(-0,08999999.1.0)]
[1532|(-0,08999999.1.0)]
[1533|(-0,08999999.1.0)]
[1534|(-0,08999999.1.0)]
[1535|(-0,08999999.1.0)]
[1536|(-0,08999999.1.0)]
[1537|(-0,08999999.1.0)]
[1538|(-0,08999999.1.0)]
[1539|(-0,08999999.1.0)]
[1540|(-0,08999999.1.0)]
[1541|(-0,08999999.1.0)]
[1542|(-0,08999999.1.0)]
[1543|(-0,08999999.1.0)]
[1544|(0.1.0)]
[1545|(0,01.1.0)]
[1546|(0,02.1.0)]
[1547|(0,02.1.0)]
[1548|(0,02.1.0)]
[1549|(0,02.1.0)]
[1550|(0,02.1.0)]
[1551|(0,02.1.0)]
[1552|(0,02.1.0)]
[1553|(0,02.1.0)]
[1554|(0,02.1.0)]
[1555|(0,02.1.0)]
[1556|(0,02.1.0)]
[1557|(0,02.1.0)]
[1558|(0,02.1.0)]
[1559|(0,02.1.0)]
[1560|(0,02.1.0)]
[1561|(0,02.1.0)]
[1562|(0,02.1.0)]
[1563|(0,02.1.0)]
[1564|(0,02.1.0)]
[1565|(0,02.1.0)]
[1566|(0,02.1.0)]
[1567|(0,02.1.0)]
[1568|(0,02.1.0)]
[1569|(0,02.1.0)]
[1570|(0,02.1.0)]
[1571|(0,02.1.0)]
[1572|(0,02.1.0)]
[1573|(0,02.1.0)]
[1574|(0,02.1.0)]
[1575|(0,02.1.0)]
[1576|(0,02.1.0)]
[1577|(0,02.1.0)]
[1578|(0,02.1.0)]
[1579|(0,02.1.0)]
[1580|(0,02.1.0)]
[1581|(0,02.1.0)]
[1582|(0,02.1.0)]
[1583|(0,02.1.0)]
[1584|(0,02.1.0)]
[1585|(0,02.1.0)]
[1586|(0,02.1.0)]
[1587|(0,02.1.0)]
[1588|(0,02.1.0)]
[1589|(0,02.1.0)]
[1590|(0,02.1.0)]
[1591|(0,02.1.0)]
[1592|(0,02.1.0)]
[1593|(0,02.1.0)]
[1594|(0,02.1.0)]
[1595|(0,02.1.0)]
[1596|(0,02.1.0)]
[1597|(0,02.1.0)]
[1598|(0,02.1.0)]
[1599|(0,02.1.0)]
[1600|(0,02.1.0)]
[1601|(0,02.1.0)]
[1602|(0,02.1.0)]
[1603|(0,02.1.0)]
[1604|(0,02.1.0)]
[1605|(0,02.1.0)]
[1606|(0,02.1.0)]
[1607|(0,02.1.0)]
[1608|(0,02.1.0)]
[1609|(0,02.1.0)]
[1610|(0,02.1.0)]
[1611|(0,02.1.0)]
[1612|(0,02.1.0)]
[1613|(0,02.1.0)]
[1614|(0,02.1.0)]
[1615|(0,02.1.0)]
[1616|(0,02.1.0)]
[1617|(0,02.1.0)]
[1618|(0,02.1.0)]
[1619|(0,02.1.0)]
[1620|(0,02.1.0)]
[1621|(0,02.1.0)]
[1622|(0,02.1.0)]
[1623|(0,02.1.0)]
[1624|(0,02.1.0)]
[1625|(0,02.1.0)]
[1626|(0,02.1.0)]
[1627|(0,02.1.0)]
[1628|(0,02.1.0)]
[1629|(0,02.1.0)]
[1630|(0,02.1.0)]
[1631|(0,02.1.0)]
[1632|(0,02.1.0)]
[1633|(0,02.1.0)]
[1634|(0,02.1.0)]
[1635|(0,02.1.0)]
[1636|(0,02.1.0)]
[1637|(0,02.1.0)]
[1638|(0,02.1.0)]
[1639|(0,03.1.0)]
[1640|(0,04.1.0)]
[1641|(0,05.1.0)]
[1642|(0,05999999.1.0)]
[1643|(0,06999999.1.0)]
[1644|(0,07999999.1.0)]
[1645|(0,07999999.1.0)]
[1646|(0,07999999.1.0)]
[1647|(0,07999999.1.0)]
[1648|(0,07999999.1.0)]
[1649|(0,07999999.1.0)]
[1650|(0,07999999.1.0)]
[1651|(0,07999999.1.0)]
[1652|(0,07999999.1.0)]
[1653|(0,07999999.1.0)]
[1654|(0,07999999.1.0)]
[1655|(0,07999999.1.0)]
[1656|(0,07999999.1.0)]
[1657|(0,07999999.1.0)]
[1658|(0,07999999.1.0)]
[1659|(0,08999999.1.0)]
[1660|(0,09999999.1.0)]
[1661|(0,11.1.0)]
[1662|(0,12.1.0)]
[1663|(0,13.1.0)]
[1664|(0,14.1.0)]
[1665|(0,15.1.0)]
[1666|(0,15.1.0)]
[1667|(0,15.1.0)]
[1668|(0,15.1.0)]
[1669|(0,15.1.0)]
[1670|(0,15.1.0)]
[1671|(0,15.1.0)]
[1672|(0,15.1.0)]
[1673|(0,15.1.0)]
[1674|(0,15.1.0)]
[1675|(0,15.1.0)]
[1676|(0,15.1.0)]
[1677|(0,15.1.0)]
[1678|(0,15.1.0)]
[1679|(0,15.1.0)]
[1680|(0,15.1.0)]
[1681|(0,15.1.0)]
[1682|(0,15.1.0)]
[1683|(0,15.1.0)]
[1684|(0,15.1.0)]
[1685|(0,15.1.0)]
[1686|(0,15.1.0)]
[1687|(0,16.1.0)]
[1688|(0,17.1.0)]
[1689|(0,18.1.0)]
[1690|(0,19.1.0)]
[1691|(0,2.1.0)]
[1692|(0,21.1.0)]
[1693|(0,21.1.0)]
[1694|(0,21.1.0)]
[1695|(0,21.1.0)]
[1696|(0,21.1.0)]
[1697|(0,21.1.0)]
[1698|(0,21.1.0)]
[1699|(0,21.1.0)]
[1700|(0,21.1.0)]
[1701|(0,21.1.0)]
[1702|(0,21.1.0)]
[1703|(0,21.1.0)]
[1704|(0,21.1.0)]
[1705|(0,21.1.0)]
[1706|(0,21.1.0)]
[1707|(0,21.1.0)]
[1708|(0,21.1.0)]
[1709|(0,21.1.0)]
[1710|(0,21.1.0)]
[1711|(0,21.1.0)]
[1712|(0,21.1.0)]
[1713|(0,21.1.0)]
[1714|(0,21.1.0)]
[1715|(0,21.1.0)]
[1716|(0,21.1.0)]
[1717|(0,21.1.0)]
[1718|(0,21.1.0)]
[1719|(0,21.1.0)]
[1720|(0,21.1.0)]
[1721|(0,21.1.0)]
[1722|(0,21.1.0)]
[1723|(0,21.1.0)]
[1724|(0,21.1.0)]
[1725|(0,21.1.0)]
[1726|(0,21.1.0)]
[1727|(0,21.1.0)]
[1728|(0,21.1.0)]
[1729|(0,21.1.0)]
[1730|(0,21.1.0)]
[1731|(0,21.1.0)]
[1732|(0,21.1.0)]
[1733|(0,21.1.0)]
[1734|(0,21.1.0)]
[1735|(0,21.1.0)]
[1736|(0,21.1.0)]
[1737|(0,21.1.0)]
[1738|(0,21.1.0)]
[1739|(0,21.1.0)]
[1740|(0,21.1.0)]
[1741|(0.1.0)]
[1742|(-0,01.1.0)]
[1743|(-0,02.1.0)]
[1744|(-0,03.1.0)]
[1745|(-0,04.1.0)]
[1746|(-0,05.1.0)]
[1747|(-0,05.1.0)]
[1748|(-0,05.1.0)]
[1749|(-0,05.1.0)]
[1750|(-0,05.1.0)]
[1751|(-0,05.1.0)]
[1752|(-0,05.1.0)]
[1753|(-0,05.1.0)]
[1754|(-0,05.1.0)]
[1755|(-0,05.1.0)]
[1756|(-0,05.1.0)]
[1757|(-0,05999999.1.0)]
[1758|(-0,06999999.1.0)]
[1759|(-0,07999999.1.0)]
[1760|(-0,08999999.1.0)]
[1761|(-0,09999999.1.0)]
[1762|(-0,09999999.1.0)]
[1763|(-0,09999999.1.0)]
[1764|(-0,09999999.1.0)]
[1765|(-0,09999999.1.0)]
[1766|(-0,09999999.1.0)]
[1767|(-0,09999999.1.0)]
[1768|(-0,09999999.1.0)]
[1769|(-0,09999999.1.0)]
[1770|(-0,09999999.1.0)]
[1771|(-0,09999999.1.0)]
[1772|(-0,09999999.1.0)]
[1773|(-0,09999999.1.0)]
[1774|(-0,09999999.1.0)]
[1775|(-0,09999999.1.0)]
[1776|(-0,09999999.1.0)]
[1777|(-0,09999999.1.0)]
[1778|(-0,09999999.1.0)]
[1779|(-0,09999999.1.0)]
[1780|(-0,09999999.1.0)]
[1781|(-0,09999999.1.0)]
[1782|(-0,09999999.1.0)]
[1783|(-0,09999999.1.0)]
[1784|(0.1.0)]
[1785|(0,01.1.0)]
[1786|(0,02.1.0)]
[1787|(0,03.1.0)]
[1788|(0,03.1.0)]
[1789|(0,03.1.0)]
[1790|(0,03.1.0)]
[1791|(0,03.1.0)]
[1792|(0,03.1.0)]
[1793|(0,03.1.0)]
[1794|(0,03.1.0)]
[1795|(0,03.1.0)]
[1796|(0,03.1.0)]
[1797|(0,03.1.0)]
[1798|(0,03.1.0)]
[1799|(0,03.1.0)]
[1800|(0,03.1.0)]
[1801|(0,03.1.0)]
[1802|(0,03.1.0)]
[1803|(0,03.1.0)]
[1804|(0,03.1.0)]
[1805|(0,03.1.0)]
[1806|(0,03.1.0)]
[1807|(0,03.1.0)]
[1808|(0,03.1.0)]
[1809|(0,03.1.0)]
[1810|(0,03.1.0)]
[1811|(0,03.1.0)]
[1812|(0,03.1.0)]
[1813|(0,03.1.0)]
[1814|(0,03.1.0)]
[1815|(0,03.1.0)]
[1816|(0,03.1.0)]
[1817|(0,03.1.0)]
[1818|(0,03.1.0)]
[1819|(0,03.1.0)]
[1820|(0,03.1.0)]
[1821|(0,03.1.0)]
[1822|(0,03.1.0)]
[1823|(0,03.1.0)]
[1824|(0,03.1.0)]
[1825|(0,03.1.0)]
[1826|(0,03.1.0)]
[1827|(0,03.1.0)]
[1828|(0,03.1.0)]
[1829|(0.1.0)]
[1830|(-0,01.1.0)]
[1831|(-0,02.1.0)]
[1832|(-0,02.1.0)]
[1833|(-0,02.1.0)]
[1834|(-0,02.1.0)]
[1835|(-0,02.1.0)]
[1836|(-0,02.1.0)]
[1837|(-0,02.1.0)]
[1838|(-0,02.1.0)]
[1839|(-0,02.1.0)]
[1840|(-0,02.1.0)]
[1841|(-0,02.1.0)]
[1842|(-0,02.1.0)]
[1843|(-0,02.1.0)]
[1844|(-0,02.1.0)]
[1845|(-0,02.1.0)]
[1846|(-0,02.1.0)]
[1847|(-0,02.1.0)]
[1848|(-0,02.1.0)]
[1849|(-0,02.1.0)]
[1850|(-0,02.1.0)]
[1851|(-0,02.1.0)]
[1852|(-0,02.1.0)]
[1853|(-0,02.1.0)]
[1854|(-0,02.1.0)]
[1855|(-0,02.1.0)]
[1856|(-0,02.1.0)]
[1857|(-0,02.1.0)]
[1858|(-0,02.1.0)]
[1859|(-0,02.1.0)]
[1860|(-0,02.1.0)]
[1861|(-0,02.1.0)]
[1862|(-0,02.1.0)]
[1863|(-0,02.1.0)]
[1864|(-0,02.1.0)]
[1865|(-0,02.1.0)]
[1866|(-0,02.1.0)]
[1867|(-0,02.1.0)]
[1868|(-0,02.1.0)]
[1869|(-0,02.1.0)]
[1870|(-0,02.1.0)]
[1871|(-0,02.1.0)]
[1872|(-0,02.1.0)]
[1873|(-0,02.1.0)]
[1874|(-0,02.1.0)]
[1875|(-0,02.1.0)]
[1876|(-0,02.1.0)]
[1877|(-0,02.1.0)]
[1878|(-0,02.1.0)]
[1879|(-0,02.1.0)]
[1880|(-0,02.1.0)]
[1881|(-0,02.1.0)]
[1882|(-0,02.1.0)]
[1883|(-0,02.1.0)]
[1884|(-0,02.1.0)]
[1885|(-0,02.1.0)]
[1886|(-0,02.1.0)]
[1887|(-0,02.1.0)]
[1888|(-0,02.1.0)]
[1889|(-0,02.1.0)]
[1890|(-0,02.1.0)]
[1891|(-0,02.1.0)]
[1892|(-0,02.1.0)]
[1893|(-0,02.1.0)]
[1894|(-0,02.1.0)]
[1895|(-0,02.1.0)]
[1896|(-0,02.1.0)]
[1897|(-0,02.1.0)]
[1898|(-0,02.1.0)]
[1899|(-0,02.1.0)]
[1900|(-0,02.1.0)]
[1901|(-0,02.1.0)]
[1902|(-0,02.1.0)]
[1903|(-0,02.1.0)]
[1904|(-0,02.1.0)]
[1905|(-0,02.1.0)]
[1906|(-0,02.1.0)]
[1907|(-0,02.1.0)]
[1908|(-0,02.1.0)]
[1909|(0.1.0)]
[1910|(0,01.1.0)]
[1911|(0,02.1.0)]
[1912|(0,03.1.0)]
[1913|(0,03.1.0)]
[1914|(0,03.1.0)]
[1915|(0,03.1.0)]
[1916|(0,03.1.0)]
[1917|(0,03.1.0)]
[1918|(0,03.1.0)]
[1919|(0,03.1.0)]
[1920|(0,03.1.0)]
[1921|(0,03.1.0)]
[1922|(0,03.1.0)]
[1923|(0,03.1.0)]
[1924|(0,03.1.0)]
[1925|(0,03.1.0)]
[1926|(0,03.1.0)]
[1927|(0,03.1.0)]
[1928|(0,03.1.0)]
[1929|(0,03.1.0)]
[1930|(0,03.1.0)]
[1931|(0,03.1.0)]
[1932|(0,03.1.0)]
[1933|(0,03.1.0)]
[1934|(0,03.1.0)]
[1935|(0,03.1.0)]
[1936|(0,03.1.0)]
[1937|(0,03.1.0)]
[1938|(0,03.1.0)]
[1939|(0,03.1.0)]
[1940|(0,03.1.0)]
[1941|(0,03.1.0)]
[1942|(0,03.1.0)]
[1943|(0,03.1.0)]
[1944|(0,03.1.0)]
[1945|(0,03.1.0)]
[1946|(0,03.1.0)]
[1947|(0,03.1.0)]
[1948|(0,03.1.0)]
[1949|(0,03.1.0)]
[1950|(0,03.1.0)]
[1951|(0,03.1.0)]
[1952|(0,03.1.0)]
[1953|(0,03.1.0)]
[1954|(0,03.1.0)]
[1955|(0,03.1.0)]
[1956|(0,03.1.0)]
[1957|(0,03.1.0)]
[1958|(0,03.1.0)]
[1959|(0,03.1.0)]
[1960|(0,03.1.0)]
[1961|(0,03.1.0)]
[1962|(0,03.1.0)]
[1963|(0,03.1.0)]
[1964|(0,03.1.0)]
[1965|(0,03.1.0)]
[1966|(0,03.1.0)]
[1967|(0,03.1.0)]
[1968|(0,03.1.0)]
[1969|(0,03.1.0)]
[1970|(0,03.1.0)]
[1971|(0,03.1.0)]
[1972|(0,03.1.0)]
[1973|(0,03.1.0)]
[1974|(0,03.1.0)]
[1975|(0,03.1.0)]
[1976|(0,03.1.0)]
[1977|(0,03.1.0)]
[1978|(0,03.1.0)]
[1979|(0,03.1.0)]
[1980|(0,03.1.0)]
[1981|(0,03.1.0)]
[1982|(0,03.1.0)]
[1983|(0,03.1.0)]
[1984|(0,03.1.0)]
[1985|(0,03.1.0)]
[1986|(0,03.1.0)]
[1987|(0,03.1.0)]
[1988|(0,03.1.0)]
[1989|(0,03.1.0)]
[1990|(0,03.1.0)]
[1991|(0,03.1.0)]
[1992|(0,03.1.0)]
[1993|(0,03.1.0)]
[1994|(0,03.1.0)]
[1995|(0,03.1.0)]
[1996|(0,03.1.0)]
[1997|(0,03.1.0)]
[1998|(0,03.1.0)]
[1999|(0,03.1.0)]
[2000|(0,03.1.0)]
[2001|(0,03.1.0)]
[2002|(0,03.1.0)]
[2003|(0,03.1.0)]
[2004|(0,03.1.0)]
[2005|(0,03.1.0)]
[2006|(0,03.1.0)]
[2007|(0,03.1.0)]
[2008|(0,03.1.0)]
[2009|(0,03.1.0)]
[2010|(0,03.1.0)]
[2011|(0,03.1.0)]
[2012|(0,03.1.0)]
[2013|(0,03.1.0)]
[2014|(0,03.1.0)]
[2015|(0,03.1.0)]
[2016|(0,03.1.0)]
[2017|(0,03.1.0)]
[2018|(0,03.1.0)]
[2019|(0,03.1.0)]
[2020|(0,03.1.0)]
[2021|(0,03.1.0)]
[2022|(0,03.1.0)]
[2023|(0,03.1.0)]
[2024|(0,03.1.0)]
[2025|(0,03.1.0)]
[2026|(0,03.1.0)]
[2027|(0,03.1.0)]
[2028|(0,03.1.0)]
[2029|(0,03.1.0)]
[2030|(0,03.1.0)]
[2031|(0,03.1.0)]
[2032|(0,03.1.0)]
[2033|(0,03.1.0)]
[2034|(0,03.1.0)]
[2035|(0,03.1.0)]
[2036|(0,03.1.0)]
[2037|(0,03.1.0)]
[2038|(0,03.1.0)]
[2039|(0,03.1.0)]
[2040|(0,03.1.0)]
[2041|(0,03.1.0)]
[2042|(0,03.1.0)]
[2043|(0,03.1.0)]
[2044|(0,03.1.0)]
[2045|(0,03.1.0)]
[2046|(0,03.1.0)]
[2047|(0,03.1.0)]
[2048|(0,03.1.0)]
[2049|(0,03.1.0)]
[2050|(0,03.1.0)]
[2051|(0,03.1.0)]
[2052|(0,03.1.0)]
[2053|(0,03.1.0)]
[2054|(0,03.1.0)]
[2055|(0,03.1.0)]
[2056|(0,03.1.0)]
[2057|(0,03.1.0)]
[2058|(0,03.1.0)]
[2059|(0,03.1.0)]
[2060|(0,03.1.0)]
[2061|(0,03.1.0)]
[2062|(0,03.1.0)]
[2063|(0,03.1.0)]
[2064|(0,03.1.0)]
[2065|(0,03.1.0)]
[2066|(0,03.1.0)]
[2067|(0,03.1.0)]
[2068|(0,03.1.0)]
[2069|(0,03.1.0)]
[2070|(0,03.1.0)]
[2071|(0,03.1.0)]
[2072|(0,03.1.0)]
[2073|(0,03.1.0)]
[2074|(0,03.1.0)]
[2075|(0,03.1.0)]
[2076|(0,03.1.0)]
[2077|(0,03.1.0)]
[2078|(0,03.1.0)]
[2079|(0,03.1.0)]
[2080|(0,03.1.0)]
[2081|(0,03.1.0)]
[2082|(0,03.1.0)]
[2083|(0,03.1.0)]
[2084|(0,03.1.0)]
[2085|(0,03.1.0)]
[2086|(0,03.1.0)]
[2087|(0,03.1.0)]
[2088|(0,03.1.0)]
[2089|(0,03.1.0)]
[2090|(0,03.1.0)]
[2091|(0,03.1.0)]
[2092|(0,03.1.0)]
[2093|(0,03.1.0)]
[2094|(0,03.1.0)]
[2095|(0,03.1.0)]
[2096|(0,03.1.0)]
[2097|(0,03.1.0)]
[2098|(0,03.1.0)]
[2099|(0,03.1.0)]
[2100|(0,03.1.0)]
[2101|(0,03.1.0)]
[2102|(0,03.1.0)]
[2103|(0,03.1.0)]
[2104|(0,03.1.0)]
[2105|(0,03.1.0)]
[2106|(0,03.1.0)]
[2107|(0,03.1.0)]
[2108|(0,03.1.0)]
[2109|(0,03.1.0)]
[2110|(0,03.1.0)]
[2111|(0,03.1.0)]
[2112|(0,03.1.0)]
[2113|(0,03.1.0)]
[2114|(0,03.1.0)]
[2115|(0,03.1.0)]
[2116|(0,03.1.0)]
[2117|(0,03.1.0)]
[2118|(0,03.1.0)]
[2119|(0,03.1.0)]
[2120|(0,03.1.0)]
[2121|(0,03.1.0)]
[2122|(0,03.1.0)]
[2123|(0,03.1.0)]
[2124|(0,03.1.0)]
[2125|(0,03.1.0)]
[2126|(0,03.1.0)]
[2127|(0.1.0)]
[2128|(-0,01.1.0)]
[2129|(-0,02.1.0)]
[2130|(-0,03.1.0)]
[2131|(-0,03.1.0)]
[2132|(-0,03.1.0)]
[2133|(-0,03.1.0)]
[2134|(-0,03.1.0)]
[2135|(-0,03.1.0)]
[2136|(-0,03.1.0)]
[2137|(-0,03.1.0)]
[2138|(-0,03.1.0)]
[2139|(-0,03.1.0)]
[2140|(-0,03.1.0)]
[2141|(-0,03.1.0)]
[2142|(-0,03.1.0)]
[2143|(-0,03.1.0)]
[2144|(-0,03.1.0)]
[2145|(-0,03.1.0)]
[2146|(-0,03.1.0)]
[2147|(0.0.0)]
[2148|(0.0.0)]
[2149|(0.0.0)]
[2150|(0.0.0)]
[2151|(0.0.0)]
[2152|(0.0.0)]
[2153|(0.0.0)]
[2154|(0.0.0)]
[2155|(0.0.0)]
[2156|(0.0.0)]
[2157|(-0,01.0.0)]
[2158|(-0,02.0.0)]
[2159|(-0,03.0.0)]
[2160|(-0,04.0.0)]
[2161|(-0,05.0.0)]
[2162|(-0,05999999.0.0)]
[2163|(0.0.0)]
[2164|(0.0.0)]
[2165|(0.0.0)]
[2166|(0.0.0)]
[2167|(0.0.0)]
[2168|(0.0.0)]
[2169|(0.0.0)]
[2170|(0.0.0)]
[2171|(0.0.0)]
[2172|(0.0.0)]
[2173|(0.0.0)]
[2174|(0.0.0)]
[2175|(0.0.0)]
[2176|(0.0.0)]
[2177|(0.0.0)]
[2178|(0.0.0)]
[2179|(0.0.0)]
[2180|(0.0.0)]
[2181|(0.0.0)]
[2182|(0.0.0)]
[2183|(0.0.0)]
[2184|(0.0.0)]
[2185|(0.0.0)]
[2186|(-0,01.0.0)]
[2187|(-0,02.0.0)]
[2188|(0.0.0)]
[2189|(0.0.0)]
[2190|(0.0.0)]
[2191|(0.0.0)]
[2192|(0.0.0)]
[2193|(0.0,01.0)]
[2194|(0.0,02.0)]
[2195|(0.0,03.0)]
[2196|(0.0.0)]
[2197|(0.0.0)]
[2198|(0.0.0)]
[2199|(0.0.0)]
[2200|(0.0.0)]
[2201|(0.0.0)]
[2202|(0.0.0)]
[2203|(0.0.0)]
[2204|(0.0.0)]
[2205|(0.0.0)]
[2206|(0.0.0)]
[2207|(0.0.0)]
[2208|(0.0.0)]
[2209|(-0,01.0.0)]
[2210|(-0,02.0.0)]
[2211|(-0,03.0.0)]
[2212|(0.0.0)]
[2213|(0.0.0)]
[2214|(0.0.0)]
[2215|(0.0.0)]
[2216|(0.0.0)]
[2217|(0.0.0)]
[2218|(0.0.0)]
[2219|(0.0.0)]
[2220|(0.0.0)]
[2221|(0.0.0)]
[2222|(0.0.0)]
[2223|(0.0.0)]
[2224|(0.0.0)]
[2225|(0.0.0)]
[2226|(0.0.0)]
[2227|(0.0.0)]
[2228|(0.0.0)]
[2229|(0.0.0)]
[2230|(0.0.0)]
[2231|(0.0.0)]
[2232|(0.0.0)]
[2233|(0.0.0)]
[2234|(0.0.0)]
[2235|(0.0.0)]
[2236|(0.0.0)]
[2237|(0.0.0)]
[2238|(0.0.0)]
[2239|(0.0.0)]
[2240|(0.0.0)]
[2241|(0.0.0)]
[2242|(0.0.0)]
[2243|(0.0.0)]
[2244|(0.0.0)]
[2245|(0.0.0)]
[2246|(-0,01.0.0)]
[2247|(-0,02.0.0)]
[2248|(-0,03.0.0)]
[2249|(0.0.0)]
[2250|(0.0.0)]
[2251|(0.0.0)]
[2252|(0.0.0)]
[2253|(0.0.0)]
[2254|(0.0.0)]
[2255|(0.0.0)]
[2256|(0.0.0)]
[2257|(0.0.0)]
[2258|(0.0.0)]
[2259|(0.0.0)]
[2260|(0.0.0)]
[2261|(0.0.0)]
[2262|(0.0.0)]
[2263|(0.0.0)]
[2264|(0.0.0)]
[2265|(0.0.0)]
[2266|(0.0.0)]
[2267|(-0,01.0.0)]
[2268|(-0,02.0.0)]
[2269|(-0,03.0.0)]
[2270|(-0,04.0.0)]
[2271|(0.0.0)]
[2272|(0.0.0)]
[2273|(0.0.0)]
[2274|(0.0.0)]
[2275|(0.0.0)]
[2276|(0.0.0)]
[2277|(0.0.0)]
[2278|(0.0.0)]
[2279|(0.0.0)]
[2280|(0.0.0)]
[2281|(0.0.0)]
[2282|(0.0.0)]
[2283|(0.0.0)]
[2284|(0.0.0)]
[2285|(0.0.0)]
[2286|(-0,01.0.0)]
[2287|(0.0.0)]
[2288|(0.0.0)]
[2289|(0.0.0)]
[2290|(0.0.0)]
[2291|(0.0.0)]
[2292|(0.0.0)]
[2293|(0.0.0)]
[2294|(0.0.0)]
[2295|(0.0.0)]
[2296|(0.0.0)]
[2297|(-0,01.0.0)]
[2298|(-0,02.0.0)]
[2299|(-0,03.0.0)]
[2300|(-0,04.0.0)]
[2301|(-0,05.0.0)]
[2302|(-0,05999999.0.0)]
[2303|(-0,06999999.0.0)]
[2304|(-0,07999999.0.0)]
[2305|(-0,08999999.0.30000)]
[2306|(-0,09999999.0.30000)]
[2307|(-0,11.0.30000)]
[2308|(0.0.30000)]
[2309|(0.0.30000)]
[2310|(0.0.30000)]
[2311|(0.0.30000)]
[2312|(0.0.0)]
[2313|(0.0.0)]
[2314|(0.0.0)]
[2315|(0.0.0)]
[2316|(0.0.0)]
