1| 0 0 0
2| 0 0 0
3| 0 0 0
4| 0 0 0
5| 0 0 0
6| 0 0 0
7| 0 0 0
8| 0 0 0
9| 0 0 0
10| 0 0 0
11| 0 0 0
12| 0 0 0
13| 0 0 0
14| 0 0 0
15| 0 0 0
16| 0 0 0
17| 0 0 0
18| 0 0 0
19| 0 0 0
20| 0 0 0
21| 0 0 0
22| 0 0 0
23| 0 0 0
24| 0 0 0
25| 0 0 0
26| 0 0 0
27| 0 0 0
28| 0 0 0
29| 0 0 0
30| 0 0 0
31| 0 0 0
32| 0 0 0
33| 0 0 0
34| 0 0 0
35| 0 0 0
36| 0 0 0
37| 0 0 0
38| 0 0 0
39| 0 0 0
40| 0 0 0
41| 0 0 0
42| 0 0 0
43| 0 0 0
44| 0 0 0
45| 0 0 0
46| 0 0 0
47| 0 0 0
48| 0 4 0
49| 0 8 0
50| 0 12 0
51| 0 16 0
52| 0 20 0
53| 0 24 0
54| 0 28 0
55| 0 32 0
56| 0 36 0
57| 0 40 0
58| 0 43,99999 0
59| 0 47,99999 0
60| 0 51,99999 0
61| 0 55,99999 0
62| 0 60 0
63| 0 64 0
64| 0 68 0
65| -0,3 72 0
66| -0,6 76,00001 0
67| -0,9 76,00001 0
68| -1,2 76,00001 0
69| -1,5 80,00001 0
70| -1,8 80,00001 0
71| -2,1 80,00001 0
72| -2,4 84,00001 0
73| -2,7 88,00002 0
74| -3 88,00002 0
75| -3,299999 88,00002 0
76| -3,599999 88,00002 0
77| -3,899999 88,00002 0
78| -4,2 88,00002 0
79| -4,5 88,00002 0
80| -4,8 88,00002 0
81| -5,1 88,00002 0
82| -5,4 88,00002 0
83| -5,7 88,00002 0
84| -6 88,00002 0
85| -6,300001 92,00002 0
86| -6,600001 96,00002 0
87| -6,900001 100 0
88| -7,200001 104 0
89| -7,500001 108 0
90| -7,800001 112 0
91| -8,1 116 0
92| -8,4 120 0
93| -8,7 124 0
94| -8,999999 128 0
95| -9,299999 132 0
96| -9,599998 136 0
97| -9,899999 140 0
98| -10,2 144 0
99| -10,5 148 0
100| -10,8 152 0
101| -11,1 156 0
102| -11,4 160 0
103| -11,7 164 0
104| -12 168 0
105| -12,3 171,9999 0
106| -12,6 175,9999 0
107| -12,9 179,9999 0
108| -13,2 183,9999 0
109| -13,5 187,9999 0
110| -13,79999 191,9999 0
111| -14,09999 195,9999 0
112| -14,39999 199,9999 0
113| -14,69999 203,9999 0
114| -14,99999 207,9999 0
115| -15,29999 211,9999 0
116| -15,59999 215,9999 0
117| -15,89999 219,9999 0
118| -16,19999 223,9999 0
119| -16,49999 227,9999 0
120| -16,79999 231,9999 0
121| -17,09999 235,9999 0
122| -17,39999 239,9999 0
123| -17,69999 243,9999 0
124| -17,99999 247,9999 0
125| -18,29999 251,9999 0
126| -18,59999 255,9999 0
127| -18,59999 259,9999 0
128| -18,59999 263,9999 0
129| -18,59999 267,9999 0
130| -18,59999 271,9998 0
131| -18,59999 275,9998 0
132| -18,59999 279,9998 0
133| -18,59999 283,9998 0
134| -18,59999 287,9998 0
135| -18,59999 291,9998 0
136| -18,59999 295,9998 0
137| -18,59999 299,9998 0
138| -18,59999 303,9998 0
139| 0 307,9998 0
140| 0,3 311,9998 0
141| 0,6 315,9998 0
142| 0,9 319,9998 0
143| 1,2 323,9998 0
144| 1,5 327,9998 0
145| 1,8 331,9998 0
146| 2,1 335,9998 0
147| 2,4 335,9998 0
148| 0 0 0
149| 0 0 0
150| 0 4 0
151| 0 8 0
152| 0 12 0
153| 0 16 0
154| 0 20 0
155| 0 24 0
156| 0 28 0
157| 0 0 0
158| 0 0 0
159| 0 0 0
160| 0 0 0
161| 0 0 0
162| 0,3 0 0
163| 0,6 0 0
164| 0 0 0
165| 0 0 0
166| 0 0 0
167| 0 0 0
168| 0 0 0
169| 0 0 0
170| 0 0 0
171| 0 0 0
172| 0 0 0
173| 0 0 0
174| 0 0 0
175| 0 4 0
176| 0 8 0
177| 0 12 0
178| 0 0 0
179| 0 0 0
180| 0 0 0
181| 0 4 0
182| 0 8 0
183| 0 12 0
184| 0 0 0
185| 0 0 0
186| 0 0 0
187| 0 4 0
188| 0 8 0
189| 0 12 0
190| 0 0 0
191| 0 0 0
192| 0 0 0
193| 0 4 0
194| 0 8 0
195| 0 12 0
196| 0 0 0
197| 0 0 0
198| 0 0 0
199| 0 0 0
200| 0 4 0
201| 0 8 0
202| 0 12 0
203| 0 0 0
204| 0 0 0
205| 0 0 0
206| 0 4 0
207| 0 8 0
208| 0 12 0
209| 0 16 0
210| 0 0 0
211| 0 0 0
212| 0 0 0
213| 0 0 0
214| 0 0 0
215| 0 0 0
216| 0 4 0
217| 0 8 0
218| 0 12 0
219| 0 16 0
220| 0 0 0
221| 0 0 0
222| 0 0 0
223| 0 4 0
224| 0 8 0
225| 0 12 0
226| 0 16 0
227| 0 20 0
228| 0,3 24 0
229| 0,6 28 0
230| 0,9 28 0
231| 1,2 28 0
232| 0 0 0
233| 0,3 0 0
234| 0,6 0 0
235| 0,9 0 0
236| 1,2 0 0
237| 1,5 0 0
238| 1,8 0 0
239| 2,1 0 0
240| 2,4 0 0
241| 2,7 0 0
242| 0 0 0
243| 0 0 0
244| 0 0 0
245| 0 0 0
246| 0 0 0
247| 0 0 0
248| 0 0 0
249| 0 0 0
250| 0 0 0
251| 0 0 0
252| 0 0 0
253| 0,3 0 0
254| 0,6 0 0
255| 0,9 0 0
256| 1,2 0 0
257| 1,5 0 0
258| 1,8 0 0
259| 2,1 0 0
260| 2,4 0 0
261| 2,7 0 0
262| 3 0 0
263| 3,299999 0 0
264| 3,599999 0 0
265| 3,899999 0 0
266| 4,2 0 0
267| 4,5 0 0
268| 4,8 0 0
269| 5,1 0 0
270| 5,4 0 0
271| 5,7 0 0
272| 6 0 0
273| 6,300001 0 0
274| 6,600001 0 0
275| 6,900001 0 0
276| 7,200001 0 0
277| 7,500001 0 0
278| 7,800001 0 0
279| 8,1 0 0
280| 8,4 0 0
281| 8,7 0 0
282| 8,999999 0 0
283| 9,299999 0 0
284| 9,599998 0 0
285| 9,899999 0 0
286| 10,2 0 0
287| 10,5 0 0
288| 10,8 0 0
289| 11,1 0 0
290| 11,4 0 0
291| 11,7 0 0
292| 12 0 0
293| 12,3 0 0
294| 12,6 0 0
295| 12,9 0 0
296| 13,2 0 0
297| 0 0 0
298| 0 0 0
299| 0 0 0
300| 0 0 0
301| 0 0 0
302| 0 0 0
303| 0,3 0 0
304| 0,6 0 0
305| 0,9 0 0
306| 1,2 0 0
307| 1,5 0 0
308| 1,8 0 0
309| 2,1 0 0
310| 2,4 0 0
311| 2,7 0 0
312| 3 0 0
313| 3,299999 0 0
314| 3,599999 0 0
315| 3,899999 0 0
316| 4,2 0 0
317| 4,5 4 0
318| 4,8 8 0
319| 5,1 12 0
320| 5,4 16 0
321| 5,7 20 0
322| 6 24 0
323| 6,300001 28 0
324| 6,600001 32 0
325| 6,900001 36 0
326| 7,200001 40 0
327| 7,500001 43,99999 0
328| 7,800001 47,99999 0
329| 8,1 51,99999 0
330| 8,4 55,99999 0
331| 8,7 60 0
332| 8,999999 64 0
333| 9,299999 68 0
334| 9,599998 72 0
335| 9,899999 76,00001 0
336| 10,2 80,00001 0
337| 10,5 84,00001 0
338| 10,8 88,00002 0
339| 11,1 92,00002 0
340| 11,1 96,00002 0
341| 11,1 100 0
342| 11,1 104 0
343| 11,1 108 0
344| 11,1 112 0
345| 11,4 116 0
346| 11,7 120 0
347| 12 124 0
348| 12,3 128 0
349| 12,6 132 0
350| 12,9 136 0
351| 12,9 140 0
352| 12,9 144 0
353| 13,2 148 0
354| 13,5 152 0
355| 13,79999 156 0
356| 14,09999 160 0
357| 14,09999 164 0
358| 14,09999 168 0
359| 14,09999 171,9999 0
360| 14,09999 175,9999 0
361| 14,09999 179,9999 0
362| 14,09999 183,9999 0
363| 14,09999 187,9999 0
364| 14,39999 191,9999 0
365| 14,69999 195,9999 0
366| 14,99999 199,9999 0
367| 15,29999 203,9999 0
368| 15,59999 207,9999 0
369| 15,59999 211,9999 0
370| 15,59999 215,9999 0
371| 15,59999 219,9999 0
372| 15,59999 223,9999 0
373| 15,59999 227,9999 0
374| 0 231,9999 0
375| -0,3 235,9999 0
376| -0,6 239,9999 0
377| -0,9 243,9999 0
378| -1,2 247,9999 0
379| -1,5 251,9999 0
380| -1,8 255,9999 0
381| -2,1 259,9999 0
382| -2,1 263,9999 0
383| -2,1 267,9999 0
384| -2,1 271,9998 0
385| -2,1 275,9998 0
386| -2,1 279,9998 0
387| -2,1 283,9998 0
388| -2,1 287,9998 0
389| -2,1 291,9998 0
390| -2,1 295,9998 0
391| -2,1 299,9998 0
392| -2,1 303,9998 0
393| -2,1 307,9998 0
394| -2,1 311,9998 0
395| -2,1 315,9998 0
396| -2,1 319,9998 0
397| 0 0 0
398| 0 0 0
399| 0 0 0
400| 0 0 0
401| 0 0 0
402| 0 0 0
403| 0 4 0
404| 0 8 0
405| 0 12 0
406| 0 0 0
407| 0 0 0
408| 0 0 0
409| 0 4 0
410| 0 8 0
411| 0,3 12 0
412| 0,6 16 0
413| 0,6 20 0
414| 0,6 24 0
415| 0,6 28 0
416| 0,6 32 0
417| 0,6 36 0
418| 0,6 40 0
419| 0,9 43,99999 0
420| 1,2 47,99999 0
421| 1,5 47,99999 0
422| 1,8 47,99999 0
423| 0 0 0
424| 0 0 0
425| 0 0 0
426| 0 0 0
427| 0 0 0
428| 0,3 0 0
429| 0,6 0 0
430| 0,9 0 0
431| 1,2 0 0
432| 0 0 0
433| 0 0 0
434| 0 0 0
435| 0,3 0 0
436| 0,6 0 0
437| 0,6 4 0
438| 0,6 8 0
439| 0,6 12 0
440| 0,6 16 0
441| 0,6 20 0
442| 0,6 24 0
443| 0,6 28 0
444| 0,9 32 0
445| 1,2 36 0
446| 1,5 40 0
447| 1,5 43,99999 0
448| 1,5 47,99999 0
449| 1,5 51,99999 0
450| 1,5 55,99999 0
451| 1,8 60 0
452| 2,1 60 0
453| 2,4 60 0
454| 2,7 60 0
455| 0 0 0
456| 0 0 0
457| 0 4 0
458| 0 8 0
459| 0 12 0
460| 0,3 16 0
461| 0,6 20 0
462| 0,9 20 0
463| 1,2 20 0
464| 1,5 20 0
465| 1,8 20 0
466| 2,1 20 0
467| 2,1 24 0
468| 2,1 28 0
469| 2,1 32 0
470| 2,1 36 0
471| 2,4 40 0
472| 2,7 40 0
473| 3 43,99999 0
474| 3 47,99999 0
475| 3 51,99999 0
476| 3 55,99999 0
477| 3 60 0
478| 3,299999 60 0
479| 3,599999 60 0
480| 0 0 0
481| 0 0 0
482| 0 0 0
483| 0 4 0
484| 0 8 0
485| 0 12 0
486| 0 16 0
487| 0 20 0
488| 0 0 0
489| 0 0 0
490| 0 0 0
491| 0 0 0
492| 0 0 0
493| 0 4 0
494| 0 8 0
495| 0 12 0
496| 0 0 0
497| 0 0 0
498| 0 0 0
499| 0 0 0
500| 0 0 0
501| 0 0 0
502| 0 0 0
503| 0 4 0
504| 0 8 0
505| 0 0 0
506| 0 0 0
507| 0 0 0
508| 0 0 0
509| 0 0 0
510| 0 4 0
511| 0 8 0
512| 0 0 0
513| 0 0 0
514| 0 0 0
515| 0 4 0
516| 0 8 0
517| 0 12 0
518| 0 16 0
519| 0 20 0
520| 0 0 0
521| 0 0 0
522| 0 0 0
523| 0 4 0
524| 0 8 0
525| 0 12 0
526| 0 16 0
527| 0 20 0
528| 0 24 0
529| 0 28 0
530| 0 32 0
531| 0 36 0
532| 0 40 0
533| 0 43,99999 0
534| 0 47,99999 0
535| 0 51,99999 0
536| 0 55,99999 0
537| 0 60 0
538| 0 64 0
539| 0 68 0
540| 0 72 0
541| 0 76,00001 0
542| 0 80,00001 0
543| 0 84,00001 0
544| 0 88,00002 0
545| 0 92,00002 0
546| 0 96,00002 0
547| 0 100 0
548| 0 104 0
549| 0 108 0
550| 0 112 0
551| 0 116 0
552| 0 120 0
553| 0 124 0
554| 0 128 0
555| 0 132 0
556| 0 136 0
557| 0 140 0
558| 0 144 0
559| 0 148 0
560| 0 152 0
561| 0 0 0
562| 0 0 0
563| 0 0 0
564| 0 0 0
565| 0 0 0
566| 0 0 0
567| 0 4 0
568| 0 8 0
569| 0 12 0
570| 0 16 0
571| 0 0 0
572| 0 0 0
573| 0 0 0
574| 0 4 0
575| 0 8 0
576| 0 12 0
577| 0 16 0
578| 0 20 0
579| 0 24 0
580| 0 0 0
581| 0 0 0
582| 0 0 0
583| 0 0 0
584| 0 4 0
585| 0 8 0
586| 0 12 0
587| 0 16 0
588| 0 20 0
589| 0 0 0
590| 0 0 0
591| 0 0 0
592| 0 0 0
593| 0 4 0
594| 0 8 0
595| 0 0 0
596| 0 0 0
597| 0 0 0
598| 0 0 0
599| 0 0 0
600| 0 0 0
601| 0 0 0
602| 0 4 0
603| 0 8 0
604| 0 12 0
605| 0 16 0
606| 0 20 0
607| 0 0 0
608| 0 0 0
609| 0 0 0
610| 0 0 0
611| 0 0 0
612| 0 4 0
613| 0 8 0
614| 0 12 0
615| 0 0 0
616| 0 0 0
617| 0 0 0
618| 0 0 0
619| 0 0 0
620| 0 0 0
621| 0 0 0
622| 0 4 0
623| 0 8 0
624| 0 12 0
625| 0 0 0
626| 0 0 0
627| 0 0 0
628| 0 0 0
629| 0 0 0
630| 0 0 0
631| 0 4 0
632| 0 8 0
633| 0 12 0
634| 0 16 0
635| 0 0 0
636| 0 0 0
637| 0 0 0
638| 0 0 0
639| 0 0 0
640| 0 0 0
641| 0 0 0
642| 0 0 0
643| 0 4 0
644| 0 8 0
645| 0 12 0
646| 0 16 0
647| 0 0 0
648| 0 0 0
649| 0 0 0
650| 0 0 0
651| 0 0 0
652| 0 0 0
653| 0 0 0
654| 0 0 0
655| 0 4 0
656| 0 8 0
657| 0 12 0
658| 0 16 0
659| 0 0 0
660| 0 0 0
661| 0 0 0
662| 0 0 0
663| 0 0 0
664| 0 4 0
665| 0 8 0
666| 0 12 0
667| 0 16 0
668| 0 0 0
669| 0 0 0
670| 0 0 0
671| 0 0 0
672| 0 0 0
673| 0 0 0
674| 0 0 0
675| 0 0 0
676| 0 0 0
677| 0 0 0
678| 0 0 0
679| 0 0 0
680| 0 0 0
681| 0 0 0
682| 0 0 0
683| 0 0 0
684| 0 0 0
685| 0 0 0
686| 0 0 0
687| 0 0 0
688| 0 0 0
689| 0 0 0
690| 0 0 0
691| 0 0 0
692| 0 0 0
693| 0 0 0
694| 0 0 0
695| 0 0 0
696| 0 0 0
697| 0 0 0
698| 0 0 0
699| 0 0 0
700| 0 4 0
701| 0 8 0
702| 0 0 0
703| 0 0 0
704| 0 4 0
705| 0 8 0
706| 0 12 0
707| 0 16 0
708| 0 0 0
709| 0 0 0
710| 0 0 0
711| 0 0 0
712| 0 4 0
713| 0 8 0
714| 0 0 0
715| 0 0 0
716| 0 0 0
717| 0 0 0
718| 0 0 0
719| 0 0 0
720| 0 0 0
721| 0 0 0
722| 0 0 0
723| 0 0 0
724| 0 0 0
725| 0 4 0
726| 0 8 0
727| 0 12 0
728| 0 16 0
729| 0 20 0
730| 0 0 0
731| 0 0 0
732| 0 0 0
733| 0 4 0
734| 0 8 0
735| 0 12 0
736| 0 16 0
737| 0 0 0
738| 0 0 0
739| 0 0 0
740| 0 0 0
741| 0 0 0
742| 0 0 0
743| 0 4 0
744| 0 8 0
745| 0 12 0
746| 0 16 0
747| 0 0 0
748| 0 0 0
749| 0 0 0
750| 0 0 0
751| 0 0 0
752| 0 4 0
753| 0 8 0
754| 0 12 0
755| 0 16 0
756| 0 20 0
757| 0 24 0
758| 0 28 0
759| 0 32 0
760| 0 36 0
761| 0 40 0
762| 0 43,99999 0
763| 0 47,99999 0
764| 0 51,99999 0
765| 0 55,99999 0
766| 0 60 0
767| 0 64 0
768| 0 68 0
769| 0 72 0
770| 0 76,00001 0
771| 0 80,00001 0
772| 0 84,00001 0
773| 0 88,00002 0
774| 0 92,00002 0
775| 0 96,00002 0
776| 0 100 0
777| 0 104 0
778| 0 108 0
779| 0 112 0
780| 0 116 0
781| 0 120 0
782| 0 124 0
783| 0 128 0
784| 0 132 0
785| 0 0 0
786| 0 0 0
787| 0 0 0
788| 0 0 0
789| 0 4 0
790| 0 8 0
791| 0 12 0
792| 0 16 0
793| 0 0 0
794| 0 0 0
795| 0 0 0
796| 0 0 0
797| 0 0 0
798| 0 4 0
799| 0 8 0
800| 0 12 0
801| 0 16 0
802| 0 0 0
803| 0 0 0
804| 0 0 0
805| 0 4 0
806| 0 8 0
807| 0 0 0
808| 0 0 0
809| 0 0 0
810| 0 0 0
811| 0 4 0
812| 0 8 0
813| 0 12 0
814| 0 16 0
815| 0 20 0
816| 0 0 0
817| 0 0 0
818| 0 0 0
819| 0 4 0
820| 0 8 0
821| 0 12 0
822| 0 16 0
823| 0 20 0
824| 0 24 0
825| 0 28 0
826| 0 32 0
827| 0 36 0
828| 0 40 0
829| 0 43,99999 0
830| 0 47,99999 0
831| 0 51,99999 0
832| 0 55,99999 0
833| 0 60 0
834| 0 64 0
835| 0 68 0
836| 0 72 0
837| 0 76,00001 0
838| 0 80,00001 0
839| 0 84,00001 0
840| 0 88,00002 0
841| 0 0 0
842| 0 0 0
843| 0 4 0
844| 0 8 0
845| 0 12 0
846| 0 16 0
847| 0 20 0
848| 0 24 0
849| 0 28 0
850| 0 32 0
851| 0 36 0
852| 0 40 0
853| 0 43,99999 0
854| 0 47,99999 0
855| 0 51,99999 0
856| 0 55,99999 0
857| 0 60 0
858| 0 64 0
859| 0 68 0
860| 0 72 0
861| 0 76,00001 0
862| 0 80,00001 0
863| 0 84,00001 0
864| 0 88,00002 0
865| 0 92,00002 0
866| 0 96,00002 0
867| 0 0 0
868| 0 0 0
869| 0 0 0
870| 0 0 0
871| 0 0 0
872| 0 4 0
873| 0 8 0
874| 0 12 0
875| 0 16 0
876| 0 20 0
877| 0 24 0
878| 0 28 0
879| 0 32 0
880| 0 36 0
881| 0 40 0
882| 0 43,99999 0
883| 0 47,99999 0
884| 0 51,99999 0
885| 0 55,99999 0
886| 0 60 0
887| 0 64 0
888| 0 68 0
889| 0 72 0
890| 0 76,00001 0
891| 0 80,00001 0
892| 0 84,00001 0
893| -0,3 88,00002 0
894| -0,6 92,00002 0
895| -0,9 96,00002 0
896| -1,2 100 0
897| -1,5 104 0
898| -1,5 108 0
899| -1,5 112 0
900| -1,5 116 0
901| -1,5 120 0
902| -1,5 124 0
903| -1,5 128 0
904| -1,5 132 0
905| -1,5 136 0
906| -1,5 140 0
907| -1,5 144 0
908| -1,5 148 0
909| -1,5 152 0
910| -1,5 156 0
911| -1,5 160 0
912| -1,5 164 0
913| -1,5 168 0
914| -1,5 171,9999 0
915| -1,5 175,9999 0
916| -1,5 179,9999 0
917| 0 0 0
918| 0 0 0
919| 0 0 0
920| 0 0 0
921| 0 0 0
922| 0 0 0
923| 0 0 0
924| -0,3 0 0
925| -0,6 0 0
926| -0,9 0 0
927| -1,2 0 0
928| -1,5 0 0
929| -1,8 0 0
930| -2,1 0 0
931| -2,4 0 0
932| -2,7 4 0
933| -2,7 8 0
934| -2,7 12 0
935| -2,7 16 0
936| -2,7 20 0
937| 0 0 0
938| 0 0 0
939| 0 0 0
940| 0 0 0
941| 0 0 0
942| 0 0 0
943| 0 4 0
944| 0 8 0
945| 0 12 0
946| 0 16 0
947| 0 20 0
948| 0 24 0
949| 0 28 0
950| 0 0 0
951| 0 0 0
952| 0 0 0
953| 0 0 0
954| 0 4 0
955| 0 8 0
956| 0 12 0
957| 0 16 0
958| 0 20 0
959| 0 24 0
960| 0 28 0
961| 0 32 0
962| 0 36 0
963| 0 40 0
964| 0 43,99999 0
965| 0 47,99999 0
966| 0 51,99999 0
967| 0 55,99999 0
968| 0 60 0
969| 0 64 0
970| 0 68 0
971| 0 72 0
972| 0 76,00001 0
973| 0 80,00001 0
974| 0 84,00001 0
975| 0 88,00002 0
976| 0 92,00002 0
977| 0 96,00002 0
978| 0 100 0
979| 0 104 0
980| 0 108 0
981| 0 112 0
982| 0 116 0
983| 0 120 0
984| 0 124 0
985| 0 128 0
986| 0 132 0
987| 0 136 0
988| 0 140 0
989| 0 144 0
990| 0 148 0
991| 0 152 0
992| 0 156 0
993| 0 160 0
994| 0 164 0
995| 0 168 0
996| 0 171,9999 0
997| 0 175,9999 0
998| 0 179,9999 0
999| 0 183,9999 0
1000| 0 187,9999 0
1001| 0 191,9999 0
1002| 0 195,9999 0
1003| 0 199,9999 0
1004| 0 203,9999 0
1005| 0 207,9999 0
1006| 0 211,9999 0
1007| 0 215,9999 0
1008| 0 219,9999 0
1009| 0 223,9999 0
1010| 0 227,9999 0
1011| 0 231,9999 0
1012| 0 235,9999 0
1013| 0 239,9999 0
1014| 0 243,9999 0
1015| 0 247,9999 0
1016| -0,3 251,9999 0
1017| -0,6 255,9999 0
1018| -0,9 259,9999 0
1019| -1,2 263,9999 0
1020| -1,5 267,9999 0
1021| -1,8 271,9998 0
1022| -1,8 275,9998 0
1023| -1,8 279,9998 0
1024| -1,8 283,9998 0
1025| -1,8 287,9998 0
1026| 0 0 0
1027| 0 0 0
1028| 0 0 0
1029| 0 0 0
1030| 0 0 0
1031| 0 0 0
1032| 0 0 0
1033| 0 0 0
1034| -0,3 0 0
1035| -0,6 0 0
1036| -0,9 0 0
1037| -1,2 0 0
1038| -1,5 0 0
1039| -1,8 0 0
1040| -2,1 4 0
1041| -2,4 8 0
1042| -2,7 12 0
1043| -3 16 0
1044| -3 20 0
1045| -3 24 0
1046| -3 28 0
1047| -3 32 0
1048| -3 36 0
1049| -3 40 0
1050| -3 43,99999 0
1051| -3 47,99999 0
1052| -3 51,99999 0
1053| -3 55,99999 0
1054| -3 60 0
1055| -3 64 0
1056| -3 68 0
1057| -3 72 0
1058| -3 76,00001 0
1059| -3 80,00001 0
1060| 0 84,00001 0
1061| 0,3 88,00002 0
1062| 0,6 92,00002 0
1063| 0,9 96,00002 0
1064| 1,2 100 0
1065| 1,5 104 0
1066| 1,5 108 0
1067| 1,5 112 0
1068| 1,5 116 0
1069| 1,5 120 0
1070| 1,5 124 0
1071| 1,5 128 0
1072| 1,5 132 0
1073| 1,5 136 0
1074| 1,5 140 0
1075| 0 0 0
1076| 0 0 0
1077| 0 0 0
1078| 0 4 0
1079| 0 8 0
1080| 0 12 0
1081| 0 16 0
1082| 0 20 0
1083| 0 24 0
1084| 0 28 0
1085| 0 32 0
1086| 0 36 0
1087| 0 40 0
1088| 0 43,99999 0
1089| 0 47,99999 0
1090| 0 51,99999 0
1091| 0 55,99999 0
1092| 0 60 0
1093| 0 0 0
1094| 0 0 0
1095| 0 0 0
1096| 0 0 0
1097| 0 0 0
1098| 0 0 0
1099| 0 0 0
1100| 0 0 0
1101| 0 4 0
1102| 0 8 0
1103| 0 12 0
1104| 0 16 0
1105| 0 0 0
1106| 0 0 0
1107| 0 0 0
1108| 0 0 0
1109| 0 0 0
1110| 0 4 0
1111| 0 8 0
1112| 0 12 0
1113| 0 16 0
1114| 0 0 0
1115| 0 0 0
1116| 0 0 0
1117| 0 0 0
1118| 0 0 0
1119| 0 0 0
1120| 0 0 0
1121| 0 4 0
1122| 0 8 0
1123| 0 0 0
1124| 0 0 0
1125| 0 0 0
1126| 0 0 0
1127| 0 0 0
1128| 0 0 0
1129| 0 0 0
1130| 0 0 0
1131| 0 4 0
1132| 0 8 0
1133| 0 12 0
1134| 0 16 0
1135| 0 20 0
1136| 0 24 0
1137| 0 28 0
1138| 0 32 0
1139| 0 36 0
1140| 0 40 0
1141| 0 43,99999 0
1142| 0 47,99999 0
1143| 0 0 0
1144| 0 0 0
1145| 0 0 0
1146| 0 0 0
1147| 0 0 0
1148| 0 4 0
1149| 0 8 0
1150| 0 12 0
1151| 0 16 0
1152| 0,3 20 0
1153| 0,6 24 0
1154| 0,9 28 0
1155| 1,2 32 0
1156| 1,5 36 0
1157| 1,5 40 0
1158| 1,5 43,99999 0
1159| 1,5 47,99999 0
1160| 1,5 51,99999 0
1161| 1,5 55,99999 0
1162| 1,8 60 0
1163| 2,1 64 0
1164| 2,4 68 0
1165| 2,7 72 0
1166| 0 0 0
1167| 0 0 0
1168| 0 0 0
1169| 0 0 0
1170| 0 0 0
1171| 0 0 0
1172| 0,3 0 0
1173| 0,6 0 0
1174| 0,9 0 0
1175| 0,9 0 0
1176| 0,9 4 0
1177| 0,9 8 0
1178| 0,9 12 0
1179| 0,9 16 0
1180| 0,9 20 0
1181| 0,9 24 0
1182| 0 0 0
1183| 0 0 0
1184| 0 0 0
1185| 0 0 0
1186| 0 0 0
1187| 0 0 0
1188| 0 0 0
1189| 0 0 0
1190| 0 4 0
1191| 0 8 0
1192| 0 12 0
1193| 0 16 0
1194| 0 20 0
1195| -0,3 24 0
1196| -0,6 28 0
1197| -0,9 28 0
1198| -1,2 28 0
1199| -1,5 28 0
1200| 0 0 0
1201| 0 0 0
1202| 0 0 0
1203| 0 0 0
1204| 0 0 0
1205| 0 0 0
1206| 0 0 0
1207| 0 0 0
1208| 0 0 0
1209| 0 0 0
1210| 0 0 0
1211| 0 0 0
1212| 0 0 0
1213| 0 0 0
1214| 0 0 0
1215| 0 0 0
1216| 0 0 0
1217| 0 0 0
1218| 0 0 0
1219| 0 0 0
1220| 0 0 0
1221| 0 0 0
1222| -0,3 0 0
1223| -0,6 4 0
1224| -0,9 8 0
1225| -1,2 12 0
1226| -1,5 16 0
1227| 0 0 0
1228| 0 0 0
1229| 0 0 0
1230| 0 0 0
1231| 0 0 0
1232| 0 4 0
1233| 0 8 0
1234| 0 12 0
1235| 0 16 0
1236| 0 20 0
1237| 0 24 0
1238| 0 28 0
1239| 0 32 0
1240| 0 36 0
1241| 0 40 0
1242| 0 43,99999 0
1243| 0 47,99999 0
1244| 0 51,99999 0
1245| 0 0 0
1246| 0 0 0
1247| 0 0 0
1248| 0 0 0
1249| 0 0 0
1250| 0 0 0
1251| 0 4 0
1252| 0 8 0
1253| 0 0 0
1254| 0 0 0
1255| 0 0 0
1256| 0 0 0
1257| 0 0 0
1258| 0 4 0
1259| 0 8 0
1260| 0 12 0
1261| 0 16 0
1262| 0 0 0
1263| 0 0 0
1264| 0 0 0
1265| 0 0 0
1266| 0 4 0
1267| 0 8 0
1268| 0 12 0
1269| 0 16 0
1270| 0 20 0
1271| 0 24 0
1272| 0 28 0
1273| 0 32 0
1274| 0 36 0
1275| 0 40 0
1276| 0 43,99999 0
1277| 0 47,99999 0
1278| 0 51,99999 0
1279| 0 55,99999 0
1280| 0 0 0
1281| 0 0 0
1282| 0 0 0
1283| 0 0 0
1284| 0 0 0
1285| 0 4 0
1286| 0 8 0
1287| 0 12 0
1288| 0 0 0
1289| 0 0 0
1290| 0 0 0
1291| 0 0 0
1292| 0 0 0
1293| 0 4 0
1294| 0 8 0
1295| 0 12 0
1296| 0 16 0
1297| 0 0 0
1298| 0 0 0
1299| 0 0 0
1300| 0 0 0
1301| 0 0 0
1302| 0 4 0
1303| 0 8 0
1304| 0 12 0
1305| 0 16 0
1306| 0 0 0
1307| 0 0 0
1308| 0 0 0
1309| 0 0 0
1310| 0 0 0
1311| 0 4 0
1312| 0 8 0
1313| 0 12 0
1314| 0 16 0
1315| 0 20 0
1316| 0 0 0
1317| 0 0 0
1318| 0 4 0
1319| 0 8 0
1320| 0 12 0
1321| 0 16 0
1322| 0 20 0
1323| 0 0 0
1324| 0 0 0
1325| 0 0 0
1326| 0 0 0
1327| 0 0 0
1328| 0 0 0
1329| 0 0 0
1330| 0 4 0
1331| 0 8 0
1332| 0 12 0
1333| 0 16 0
1334| 0 0 0
1335| 0 0 0
1336| 0 0 0
1337| 0 0 0
1338| 0 0 0
1339| 0 4 0
1340| 0 8 0
1341| 0 12 0
1342| 0 0 0
1343| 0 0 0
1344| 0 0 0
1345| 0 0 0
1346| 0 0 0
1347| 0 0 0
1348| 0 4 0
1349| 0 8 0
1350| 0 12 0
1351| 0 16 0
1352| 0 0 0
1353| 0 0 0
1354| 0 0 0
1355| 0 0 0
1356| 0 0 0
1357| 0 0 0
1358| 0 4 0
1359| 0 8 0
1360| 0 12 0
1361| 0 16 0
1362| 0 0 0
1363| 0 0 0
1364| 0 0 0
1365| 0 0 0
1366| 0 0 0
1367| 0 0 0
1368| 0 0 0
1369| 0 0 0
1370| 0 4 0
1371| 0 8 0
1372| 0 12 0
1373| 0 0 0
1374| 0 0 0
1375| 0 0 0
1376| 0 0 0
1377| 0 0 0
1378| 0 4 0
1379| 0 8 0
1380| 0 12 0
1381| 0 16 0
1382| 0 0 0
1383| 0 0 0
1384| 0 0 0
1385| 0 0 0
1386| 0 0 0
1387| 0 0 0
1388| 0 0 0
1389| 0 4 0
1390| 0 8 0
1391| 0 12 0
1392| 0 0 0
1393| 0 0 0
1394| 0 0 0
1395| 0 0 0
1396| 0 0 0
1397| 0 0 0
1398| 0 4 0
1399| 0 8 0
1400| 0 12 0
1401| 0 16 0
1402| -0,3 20 0
1403| -0,6 24 0
1404| -0,9 28 0
1405| -1,2 32 0
1406| -1,5 36 0
1407| -1,8 40 0
1408| -2,1 40 0
1409| -2,4 40 0
1410| -2,7 40 0
1411| 0 0 0
1412| 0 0 0
1413| 0 0 0
1414| 0 0 0
1415| 0 0 0
1416| 0 0 0
1417| 0 0 0
1418| 0 0 0
1419| 0 0 0
1420| 0 0 0
1421| 0 0 0
1422| 0 0 0
1423| 0 0 0
1424| 0 0 0
1425| 0 0 0
1426| 0 0 0
1427| 0 0 0
1428| 0 0 0
1429| 0 0 0
1430| -0,3 0 0
1431| -0,6 0 0
1432| -0,9 0 0
1433| -1,2 0 0
1434| -1,5 0 0
1435| -1,8 0 0
1436| -2,1 0 0
1437| -2,4 0 0
1438| -2,7 0 0
1439| -3 0 0
1440| -3,299999 0 0
1441| -3,599999 0 0
1442| -3,899999 0 0
1443| 0 0 0
1444| 0 0 0
1445| 0 0 0
1446| 0 0 0
1447| 0 0 0
1448| 0 0 0
1449| 0 0 0
1450| 0 0 0
1451| 0 0 0
1452| 0 0 0
1453| 0 0 0
1454| 0 0 0
1455| 0 0 0
1456| 0 0 0
1457| 0 0 0
1458| 0 0 0
1459| 0 0 0
1460| 0 0 0
1461| 0 0 0
1462| 0 0 0
1463| 0 0 0
1464| 0 0 0
1465| 0 0 0
1466| 0 0 0
1467| -0,3 0 0
1468| -0,6 0 0
1469| -0,9 0 0
1470| -1,2 0 0
1471| -1,5 0 0
1472| -1,8 0 0
1473| -2,1 0 0
1474| -2,4 0 0
1475| -2,7 0 0
1476| -3 0 0
1477| 0 0 0
1478| 0 0 0
1479| 0 0 0
1480| 0 0 0
1481| 0 0 0
1482| 0 0 0
1483| 0 0 0
1484| 0 0 0
1485| 0 0 0
1486| 0 0 0
1487| 0 0 0
1488| 0 0 0
1489| 0 0 0
1490| 0 0 0
1491| 0 0 0
1492| 0 0 0
1493| 0 0 0
1494| 0 4 0
1495| 0 8 0
1496| 0 12 0
1497| 0 16 0
1498| 0 20 0
1499| 0 24 0
1500| 0 28 0
1501| 0 32 0
1502| 0 36 0
1503| 0 40 0
1504| 0 43,99999 0
1505| 0 47,99999 0
1506| 0 0 0
1507| 0 0 0
1508| 0 0 0
1509| 0 0 0
1510| 0 0 0
1511| 0 0 0
1512| 0 0 0
1513| 0 0 0
1514| 0 0 0
1515| 0 0 0
1516| 0 0 0
1517| 0 0 0
1518| 0 0 0
1519| 0 0 0
1520| 0 0 0
1521| 0 0 0
1522| 0 0 0
1523| 0 4 0
1524| 0 8 0
1525| 0 12 0
1526| 0 16 0
1527| 0 0 0
1528| 0 0 0
1529| 0 0 0
1530| 0 0 0
1531| 0 0 0
1532| 0 0 0
1533| 0 0 0
1534| 0 0 0
1535| 0 0 0
1536| 0 0 0
1537| 0 0 0
1538| 0 0 0
1539| 0 0 0
1540| 0 0 0
1541| 0 0 0
1542| 0 0 0
1543| 0 0 0
1544| 0 0 0
1545| 0 0 0
1546| 0 0 0
1547| 0 0 0
1548| 0 0 0
1549| 0 0 0
1550| 0 4 0
1551| 0 8 0
1552| 0 12 0
1553| 0 16 0
1554| 0 20 0
1555| 0 24 0
1556| 0 28 0
1557| 0 0 0
1558| 0 0 0
1559| 0 0 0
1560| 0 0 0
1561| 0 0 0
1562| 0 0 0
1563| 0 0 0
1564| 0 0 0
1565| 0 0 0
1566| 0 0 0
1567| 0 0 0
1568| 0 4 0
1569| 0 8 0
1570| 0 12 0
1571| 0 16 0
1572| 0 20 0
1573| 0 0 0
1574| 0 0 0
1575| 0 0 0
1576| 0 0 0
1577| 0 0 0
1578| 0 0 0
1579| 0 0 0
1580| 0 4 0
1581| 0 8 0
1582| 0 12 0
1583| 0 16 0
1584| 0 20 0
1585| 0 0 0
1586| 0 0 0
1587| 0 0 0
1588| 0 4 0
1589| 0 8 0
1590| 0 12 0
1591| 0 16 0
1592| 0 20 0
1593| 0 24 0
1594| 0 28 0
1595| 0 32 0
1596| 0 36 0
1597| -0,3 36 0
1598| 0 0 0
1599| 0 0 0
1600| 0 0 0
1601| 0 0 0
1602| 0 0 0
1603| 0 0 0
1604| 0 0 0
1605| 0 0 0
1606| 0 4 0
1607| 0 8 0
1608| 0 12 0
1609| 0 16 0
1610| 0 20 0
1611| 0 24 0
1612| -0,3 24 0
1613| -0,6 24 0
1614| -0,9 24 0
1615| -1,2 24 0
1616| -1,5 24 0
1617| -1,8 24 0
1618| -2,1 24 0
1619| -2,4 24 0
1620| 0 0 0
1621| 0 0 0
1622| 0 0 0
1623| 0 0 0
1624| 0 4 0
1625| 0 8 0
1626| -0,3 12 0
1627| -0,6 16 0
1628| -0,9 20 0
1629| -1,2 24 0
1630| -1,5 28 0
1631| -1,5 32 0
1632| -1,5 36 0
1633| 0 0 0
1634| 0 0 0
1635| 0 0 0
1636| 0 0 0
1637| 0 0 0
1638| 0 4 0
1639| 0 8 0
1640| 0 12 0
1641| 0 16 0
1642| 0 20 0
1643| 0 24 0
1644| 0 0 0
1645| 0 0 0
1646| 0 0 0
1647| 0 0 0
1648| 0 4 0
1649| 0 8 0
1650| 0 12 0
1651| 0 16 0
1652| 0 20 0
1653| 0 24 0
1654| 0 28 0
1655| 0 0 0
1656| 0 0 0
1657| 0 0 0
1658| 0 0 0
1659| 0 0 0
1660| 0 4 0
1661| 0 8 0
1662| 0 12 0
1663| 0 16 0
1664| 0 20 0
1665| 0 24 0
1666| 0 28 0
1667| 0 0 0
1668| 0 0 0
1669| 0 0 0
1670| 0 0 0
1671| 0 0 0
1672| 0 0 0
1673| 0 0 0
1674| 0 4 0
1675| 0 8 0
1676| 0 12 0
1677| 0 16 0
1678| 0 20 0
1679| 0 24 0
1680| 0 0 0
1681| 0 0 0
1682| 0 0 0
1683| 0 0 0
1684| 0 0 0
1685| 0 0 0
1686| 0 0 0
1687| 0 0 0
1688| 0 4 0
1689| 0 8 0
1690| 0 12 0
1691| 0 0 0
1692| 0 0 0
1693| 0 0 0
1694| 0 0 0
1695| 0 0 0
1696| 0 4 0
1697| 0 8 0
1698| 0 12 0
1699| 0 16 0
1700| 0 20 0
1701| 0 0 0
1702| 0 0 0
1703| 0 4 0
1704| 0 8 0
1705| 0 12 0
1706| 0 16 0
1707| 0 20 0
1708| 0 24 0
1709| -0,3 28 0
1710| -0,6 32 0
1711| -0,9 36 0
1712| -1,2 40 0
1713| 0 0 0
1714| 0 0 0
1715| 0 0 0
1716| 0 0 0
1717| 0 0 0
1718| 0 0 0
1719| 0 0 0
1720| 0 0 0
1721| 0 0 0
1722| 0 0 0
1723| 0 0 0
1724| 0 0 0
1725| 0 0 0
1726| 0 0 0
1727| 0 4 0
1728| 0 8 0
1729| 0 12 0
1730| 0 16 0
1731| 0 20 0
1732| 0 24 0
1733| 0 0 0
1734| 0 0 0
1735| 0 0 0
1736| 0 0 0
1737| 0 0 0
1738| 0 4 0
1739| 0 8 0
1740| 0 12 0
1741| 0 16 0
1742| 0 20 0
1743| 0 24 0
1744| 0 0 0
1745| 0 0 0
1746| 0 0 0
1747| 0 0 0
1748| 0 0 0
1749| -0,3 0 0
1750| -0,6 4 0
1751| -0,9 8 0
1752| 0 0 0
1753| 0 0 0
1754| 0 0 0
1755| 0 0 0
1756| 0 0 0
1757| 0 4 0
1758| 0 8 0
1759| 0 12 0
1760| 0 16 0
1761| 0 0 0
1762| 0 0 0
1763| 0 0 0
1764| 0 0 0
1765| 0 0 0
1766| 0 0 0
1767| 0 4 0
1768| 0 8 0
1769| 0 12 0
1770| 0 16 0
1771| 0 20 0
1772| 0 0 0
1773| 0 0 0
1774| 0 0 0
1775| 0 0 0
1776| 0 0 0
1777| 0 4 0
1778| 0 8 0
1779| 0 12 0
1780| 0 16 0
1781| 0 20 0
1782| 0 0 0
1783| 0 0 0
1784| 0 0 0
1785| 0 0 0
1786| 0 0 0
1787| 0 0 0
1788| 0 4 0
1789| 0 8 0
1790| 0 12 0
1791| 0 16 0
1792| 0 0 0
1793| 0 0 0
1794| 0 0 0
1795| 0 0 0
1796| 0 4 0
1797| 0 8 0
1798| 0 12 0
1799| 0 16 0
1800| -0,3 20 0
1801| -0,6 24 0
1802| -0,9 24 0
1803| -1,2 24 0
1804| -1,5 24 0
1805| 0 0 0
1806| 0 0 0
1807| 0 0 0
1808| 0 0 0
1809| 0 4 0
1810| 0 8 0
1811| 0 12 0
1812| 0 16 0
1813| 0 20 0
1814| 0 24 0
1815| 0 28 0
1816| 0 32 0
1817| -0,3 36 0
1818| -0,6 40 0
1819| -0,9 43,99999 0
1820| -1,2 47,99999 0
1821| -1,5 51,99999 0
1822| -1,5 55,99999 0
1823| -1,5 60 0
1824| -1,5 64 0
1825| -1,5 68 0
1826| -1,5 72 0
1827| -1,5 76,00001 0
1828| -1,5 80,00001 0
1829| -1,5 84,00001 0
1830| -1,5 88,00002 0
1831| -1,5 92,00002 0
1832| -1,5 96,00002 0
1833| -1,5 100 0
1834| -1,5 104 0
1835| -1,5 108 0
1836| -1,5 112 0
1837| -1,5 116 0
1838| 0 0 0
1839| 0 0 0
1840| 0 0 0
1841| 0 0 0
1842| 0 0 0
1843| 0 0 0
1844| 0 0 0
1845| 0 0 0
1846| 0 4 0
1847| 0 8 0
1848| 0 12 0
1849| 0 16 0
1850| 0 0 0
1851| 0 0 0
1852| 0 0 0
1853| 0 0 0
1854| 0 0 0
1855| 0 4 0
1856| 0 8 0
1857| 0 12 0
1858| 0 16 0
1859| 0 0 0
1860| 0 0 0
1861| 0 0 0
1862| 0 0 0
1863| 0 0 0
1864| 0 0 0
1865| 0 4 0
1866| 0 8 0
1867| 0 12 0
1868| 0 0 0
1869| 0 0 0
1870| 0 0 0
1871| 0 0 0
1872| 0 0 0
1873| 0 4 0
1874| 0 8 0
1875| 0 12 0
1876| 0 16 0
1877| 0 20 0
1878| 0 0 0
1879| 0 0 0
1880| 0 0 0
1881| 0 0 0
1882| 0 0 0
1883| 0 4 0
1884| 0 8 0
1885| 0 12 0
1886| 0 16 0
1887| 0 0 0
1888| 0 0 0
1889| 0 0 0
1890| 0 0 0
1891| 0 0 0
1892| 0 4 0
1893| 0 8 0
1894| 0 12 0
1895| 0 0 0
1896| 0 0 0
1897| 0 0 0
1898| 0 0 0
1899| 0 0 0
1900| 0 0 0
1901| 0 4 0
1902| 0 8 0
1903| 0 12 0
1904| 0 16 0
1905| 0 0 0
1906| 0 0 0
1907| 0 0 0
1908| 0 0 0
1909| 0 0 0
1910| 0 4 0
1911| 0 8 0
1912| 0 0 0
1913| 0 0 0
1914| 0 0 0
1915| 0 0 0
1916| 0 0 0
1917| 0 0 0
1918| 0 4 0
1919| 0 8 0
1920| 0 12 0
1921| 0 0 0
1922| 0 0 0
1923| 0 0 0
1924| 0 0 0
1925| 0 0 0
1926| 0 0 0
1927| 0 4 0
1928| 0 8 0
1929| 0 12 0
1930| 0 0 0
1931| 0 0 0
1932| 0 0 0
1933| 0 0 0
1934| 0 0 0
1935| 0 0 0
1936| 0 0 0
1937| 0 4 0
1938| 0 8 0
1939| 0 12 0
1940| 0 16 0
1941| 0 0 0
1942| 0 0 0
1943| 0 0 0
1944| 0 0 0
1945| 0 0 0
1946| 0 4 0
1947| 0 8 0
1948| 0 12 0
1949| 0 16 0
1950| 0 20 0
1951| 0 0 0
1952| 0 0 0
1953| 0 0 0
1954| 0 0 0
1955| 0 0 0
1956| 0 0 0
1957| 0 0 0
1958| 0 0 0
1959| 0 0 0
1960| 0 0 0
1961| 0 0 0
1962| 0 4 0
1963| 0 0 0
1964| 0 0 0
1965| 0 0 0
1966| 0 0 0
1967| 0 0 0
1968| 0 0 0
1969| 0 4 0
1970| 0 8 0
1971| 0 12 0
1972| 0 0 0
1973| 0 0 0
1974| 0 0 0
1975| 0 0 0
1976| 0 0 0
1977| 0 4 0
1978| 0 8 0
1979| 0 12 0
1980| 0 16 0
1981| 0 20 0
1982| 0 24 0
1983| 0 28 0
1984| 0 32 0
1985| 0 36 0
1986| -0,3 40 0
1987| -0,6 43,99999 0
1988| -0,9 47,99999 0
1989| -1,2 51,99999 0
1990| -1,5 55,99999 0
1991| -1,8 60 0
1992| -2,1 60 0
1993| -2,4 60 0
1994| -2,7 60 0
1995| -3 60 0
1996| -3,299999 60 0
1997| -3,599999 60 0
1998| -3,899999 60 0
1999| -4,2 64 0
2000| -4,5 68 0
2001| -4,5 72 0
2002| -4,5 76,00001 0
2003| 0 0 0
2004| 0 0 0
2005| 0 0 0
2006| 0 0 0
2007| 0 0 0
2008| 0 4 0
2009| 0 8 0
2010| 0 12 0
2011| 0 16 0
2012| 0 20 0
2013| 0 24 0
2014| 0 28 0
2015| 0 32 0
2016| 0 36 0
2017| 0 40 0
2018| 0 43,99999 0
2019| 0 47,99999 0
2020| 0 51,99999 0
2021| 0 55,99999 0
2022| 0 0 0
2023| 0 0 0
2024| 0 0 0
2025| 0 0 0
2026| 0 0 0
2027| 0 4 0
2028| 0 8 0
2029| 0 12 0
2030| 0 16 0
2031| 0 0 0
2032| 0 0 0
2033| 0 0 0
2034| 0 0 0
2035| 0 4 0
2036| 0 8 0
2037| 0 12 0
2038| 0 16 0
2039| 0 0 0
2040| 0 0 0
2041| 0 0 0
2042| 0 0 0
2043| 0 0 0
2044| 0 4 0
2045| 0 8 0
2046| 0 12 0
2047| 0 16 0
2048| 0 20 0
2049| 0 0 0
2050| 0 0 0
2051| 0 0 0
2052| 0 0 0
2053| 0 0 0
2054| 0 4 0
2055| 0 8 0
2056| 0 12 0
2057| 0 16 0
2058| 0 20 0
2059| 0 0 0
2060| 0 0 0
2061| 0 0 0
2062| 0 4 0
2063| 0 8 0
2064| 0 12 0
2065| 0 16 0
2066| 0 20 0
2067| 0 24 0
2068| 0 0 0
2069| 0 0 0
2070| 0 0 0
2071| 0 0 0
2072| 0 0 0
2073| 0 0 0
2074| 0 4 0
2075| 0 8 0
2076| 0 12 0
2077| 0 16 0
2078| 0 20 0
2079| 0 0 0
2080| 0 0 0
2081| 0 0 0
2082| 0 0 0
2083| 0 4 0
2084| 0 8 0
2085| 0 12 0
2086| 0 16 0
2087| 0 20 0
2088| 0 0 0
2089| 0 0 0
2090| 0 0 0
2091| 0 0 0
2092| 0 4 0
2093| 0,3 8 0
2094| 0,6 12 0
2095| 0,9 16 0
2096| 1,2 20 0
2097| 1,5 24 0
2098| 1,8 28 0
2099| 1,8 32 0
2100| 1,8 36 0
2101| 1,8 40 0
2102| 1,8 43,99999 0
2103| 1,8 47,99999 0
2104| 1,8 51,99999 0
2105| 1,8 55,99999 0
2106| 1,8 60 0
2107| 1,8 64 0
2108| 1,8 68 0
2109| 1,8 72 0
2110| 0 0 0
2111| 0 0 0
2112| 0 0 0
2113| 0 0 0
2114| 0 0 0
2115| 0 0 0
2116| 0 0 0
2117| 0 0 0
2118| 0 0 0
2119| 0 4 0
2120| 0 8 0
2121| 0 12 0
2122| 0 16 0
2123| 0 20 0
2124| 0,3 24 0
2125| 0,6 28 0
2126| 0,9 32 0
2127| 1,2 36 0
2128| 1,2 40 0
2129| 0 0 0
2130| 0 0 0
2131| 0 0 0
2132| 0 0 0
2133| 0 0 0
2134| 0 0 0
2135| 0 0 0
2136| 0 0 0
2137| 0 0 0
2138| 0 0 0
2139| 0 0 0
2140| 0,3 0 0
2141| 0,6 0 0
2142| 0,9 0 0
2143| 1,2 0 0
2144| 1,5 0 0
2145| 1,8 0 0
2146| 0 0 0
2147| 0 0 0
2148| 0 0 0
2149| 0 0 0
2150| 0 0 0
2151| 0,3 0 0
2152| 0,6 0 0
2153| 0 0 0
2154| 0 0 0
2155| 0 0 0
2156| 0 0 0
2157| 0 0 0
2158| 0,3 0 0
2159| 0,6 0 0
2160| 0,9 0 0
2161| 1,2 0 0
2162| 1,5 0 0
2163| 0 0 0
2164| 0 0 0
2165| 0 0 0
2166| 0 0 0
2167| 0 0 0
2168| 0 0 0
2169| 0 0 0
2170| 0 0 0
2171| 0 0 0
2172| 0 0 0
2173| 0 0 0
2174| 0 0 0
2175| 0 0 0
2176| 0 0 0
2177| 0 0 0
2178| 0 0 0
2179| 0,3 0 0
2180| 0,6 0 0
2181| 0,9 0 0
2182| 0 0 0
2183| 0 0 0
2184| 0 0 0
2185| 0 0 0
2186| 0 0 0
2187| 0 0 0
2188| 0 0 0
2189| 0 0 0
2190| 0 0 0
2191| 0 0 0
2192| 0 0 0
2193| 0 0 0
2194| 0 0 0
2195| 0 0 0
2196| 0 0 0
2197| 0 0 0
2198| 0 0 0
2199| 0 0 0
2200| 0 0 0
2201| 0 0 0
2202| 0,3 0 0
2203| 0,6 0 0
2204| 0 0 0
2205| 0 0 0
2206| 0 0 0
2207| 0 0 0
2208| 0 0 0
2209| 0 0 0
2210| 0 0 0
2211| 0 0 0
2212| 0 0 0
2213| 0 0 0
2214| 0 0 0
2215| 0 0 0
2216| 0 0 0
2217| 0 0 0
2218| 0 0 0
2219| 0 0 0
2220| 0 0 0
2221| 0 0 0
2222| 0 0 0
2223| 0 0 0
2224| 0 0 0
2225| 0,3 0 0
2226| 0,6 0 0
2227| 0,9 0 0
2228| 1,2 0 0
2229| 1,5 0 0
2230| 0 0 0
2231| 0 0 0
2232| 0 0 0
2233| 0 0 0
2234| 0 0 0
2235| 0 0 0
2236| 0,3 0 0
2237| 0,6 0 0
2238| 0 0 0
2239| 0 0 0
2240| 0 0 0
2241| 0 0 0
2242| 0 0 0
2243| 0 0 0
2244| 0 0 0
2245| 0 0 0
2246| 0 0 0
2247| 0 0 0
2248| 0 0 0
2249| 0 0 0
2250| 0 0 0
2251| 0 0 0
2252| 0 0 0
2253| 0 0 0
2254| 0 0 0
2255| 0 0 0
2256| 0 0 0
2257| 0,3 0 0
2258| 0,6 0 0
2259| 0,9 0 0
2260| 1,2 0 0
2261| 1,5 0 0
2262| 0 0 0
2263| 0 0 0
2264| 0 0 0
2265| 0 0 0
2266| 0 0 0
2267| 0 0 0
2268| 0 0 0
2269| 0,3 0 0
2270| 0,6 0 0
2271| 0,9 0 0
2272| 1,2 0 0
2273| 1,5 0 0
2274| 1,8 0 0
2275| 0 0 0
2276| 0 0 0
2277| 0 0 0
2278| 0 0 0
2279| 0 0 0
2280| 0 0 0
2281| 0 0 0
2282| 0 0 0
2283| 0 0 0
2284| 0 0 0
2285| 0 0 0
2286| 0 0 0
2287| 0 0 0
2288| 0,3 0 0
2289| 0,6 0 0
2290| 0,9 0 0
2291| 1,2 0 0
2292| 1,5 0 0
2293| 1,8 0 0
2294| 0 0 0
2295| 0 0 0
2296| 0 0 0
2297| 0 0 0
2298| 0 0 0
2299| 0 0 0
2300| 0 0 0
2301| 0 0 0
2302| 0 0 0
2303| 0 0 0
2304| 0 0 0
2305| 0 0 0
2306| 0 0 0
2307| 0 0 0
2308| 0 0 0
2309| 0 0 0
2310| 0 0 0
2311| 0 0 0
2312| 0,3 0 0
2313| 0,6 0 0
2314| 0,9 0 0
2315| 1,2 0 0
2316| 1,5 0 0
2317| 0 0 0
2318| 0 0 0
2319| 0 0 0
2320| 0 0 0
2321| 0 0 0
2322| 0 0 0
2323| 0 0 0
2324| 0 0 0
2325| 0 0 0
2326| 0 0 0
2327| 0 0 0
2328| 0 0 0
2329| 0 0 0
2330| 0 0 0
2331| 0 0 0
2332| 0,3 0 0
2333| 0,6 0 0
2334| 0,9 0 0
2335| 1,2 0 0
2336| 1,5 0 0
2337| 0 0 0
2338| 0 0 0
2339| 0 0 0
2340| 0 0 0
2341| 0 0 0
2342| 0 0 0
2343| 0 0 0
2344| 0 0 0
2345| 0 0 0
2346| 0 0 0
2347| 0 0 0
2348| 0 0 0
2349| 0 0 0
2350| 0 0 0
2351| 0 0 0
2352| 0 0 0
2353| 0 0 0
2354| 0 0 0
2355| 0 0 0
2356| 0 0 0
2357| 0 0 0
2358| 0 0 0
2359| 0 0 0
2360| 0 0 0
2361| 0 0 0
2362| 0 0 0
2363| 0 0 0
2364| 0 0 0
2365| 0 0 0
2366| 0 0 0
2367| 0 0 0
2368| 0 0 0
2369| 0 0 0
2370| 0 0 0
2371| 0 0 0
2372| 0 0 0
2373| 0 0 0
2374| 0 0 0
2375| 0 0 0
2376| 0 0 0
2377| 0 0 0
2378| 0 0 0
2379| 0 0 0
2380| 0 0 0
2381| 0 0 0
2382| 0 0 0
2383| 0 0 0
2384| 0 0 0
2385| 0 0 0
2386| 0 0 0
2387| 0 0 0
2388| 0 0 0
2389| 0 0 0
2390| 0 0 0
2391| 0 0 0
2392| 0 0 0
2393| 0 0 0
2394| 0 0 0
2395| 0 0 0
2396| 0 0 0
2397| 0 0 0
2398| 0 0 0
2399| 0 0 0
2400| 0 0 0
2401| 0 0 0
2402| 0 0 0
2403| 0 0 0
2404| 0 0 0
2405| 0 0 0
2406| 0 0 0
2407| 0 0 0
2408| 0 0 0
2409| 0 0 0
2410| 0 0 0
2411| 0 0 0
2412| 0 0 0
2413| 0 0 0
2414| 0 0 0
2415| 0 0 0
2416| 0 0 0
2417| 0,3 0 0
2418| 0,6 4 0
2419| 0,9 8 0
2420| 1,2 12 0
2421| 1,2 16 0
2422| 1,2 20 0
2423| 1,2 24 0
2424| 1,2 28 0
2425| 1,2 32 0
2426| 1,2 36 0
2427| 1,2 40 0
2428| 1,2 43,99999 0
2429| 1,2 47,99999 0
2430| 1,2 51,99999 0
2431| 1,2 55,99999 0
2432| 1,2 60 0
2433| 1,2 64 0
2434| 1,5 68 0
2435| 1,8 72 0
2436| 2,1 76,00001 0
2437| 2,4 76,00001 0
2438| 0 0 0
2439| 0 0 0
2440| 0 0 0
2441| 0 0 0
2442| 0 0 0
2443| 0 0 0
2444| 0 4 0
2445| 0 8 0
2446| 0 12 0
2447| 0 16 0
2448| 0 20 0
2449| 0 24 0
2450| 0 28 0
2451| 0 0 0
2452| 0 0 0
2453| 0 4 0
2454| 0 8 0
2455| 0 12 0
2456| 0 16 0
2457| 0 20 0
2458| 0 24 0
2459| 0,3 28 0
2460| 0,6 32 0
2461| 0,9 36 0
2462| 1,2 40 0
2463| 1,5 43,99999 0
2464| 1,8 47,99999 0
2465| 2,1 51,99999 0
2466| 2,4 55,99999 0
2467| 2,4 60 0
2468| 2,4 64 0
2469| 2,4 68 0
2470| 2,4 72 0
2471| 2,4 76,00001 0
2472| 2,4 80,00001 0
2473| 2,4 84,00001 0
2474| 0 0 0
2475| 0 0 0
2476| 0 0 0
2477| 0 0 0
2478| 0 0 0
2479| 0 0 0
2480| 0 0 0
2481| 0 0 0
2482| 0 0 0
2483| 0 4 0
2484| 0,3 8 0
2485| 0,6 12 0
2486| 0,9 16 0
2487| 1,2 20 0
2488| 1,5 24 0
2489| 1,5 28 0
2490| 1,5 32 0
2491| 1,5 36 0
2492| 1,5 40 0
2493| 1,5 43,99999 0
2494| 1,5 47,99999 0
2495| 1,5 51,99999 0
2496| 1,8 55,99999 0
2497| 2,1 60 0
2498| 2,4 64 0
2499| 2,4 68 0
2500| 2,4 72 0
2501| 2,4 76,00001 0
2502| 2,4 80,00001 0
2503| 2,4 84,00001 0
2504| 2,4 88,00002 0
2505| 0 0 0
2506| 0 0 0
2507| 0 0 0
2508| 0 0 0
2509| 0 0 0
2510| 0 0 0
2511| 0 0 0
2512| 0 0 0
2513| 0 4 0
2514| 0 8 0
2515| 0 12 0
2516| 0 16 0
2517| 0 20 0
2518| 0 0 0
2519| 0 0 0
2520| 0 0 0
2521| 0 0 0
2522| 0 0 0
2523| 0 0 0
2524| 0 4 0
2525| 0 8 0
2526| 0 12 0
2527| 0 0 0
2528| 0 0 0
2529| 0 0 0
2530| 0 0 0
2531| 0 0 0
2532| 0 4 0
2533| 0 8 0
2534| 0 12 0
2535| 0 16 0
2536| 0 20 0
2537| 0 0 0
2538| 0 0 0
2539| 0 0 0
2540| 0 0 0
2541| 0 4 0
2542| 0 8 0
2543| 0 12 0
2544| 0 16 0
2545| 0 0 0
2546| 0 0 0
2547| 0 0 0
2548| 0 0 0
2549| 0 0 0
2550| 0 4 0
2551| 0 8 0
2552| 0 12 0
2553| 0 16 0
2554| 0 20 0
2555| 0 24 0
2556| 0 28 0
2557| 0 0 0
2558| 0 0 0
2559| 0 0 0
2560| 0 0 0
2561| 0 0 0
2562| 0 4 0
2563| 0 8 0
2564| 0 12 0
2565| 0 16 0
2566| 0 20 0
2567| 0,3 24 0
2568| 0,6 24 0
2569| 0,9 24 0
2570| 1,2 24 0
2571| 1,5 24 0
2572| 1,8 24 0
2573| 0 0 0
2574| 0 0 0
2575| 0 0 0
2576| 0 0 0
2577| 0 0 0
2578| 0 0 0
2579| 0 0 0
2580| 0 0 0
2581| 0 0 0
2582| 0 0 0
2583| 0 0 0
2584| 0 0 0
2585| 0 0 0
2586| 0 0 0
2587| 0 0 0
2588| 0 0 0
2589| 0,3 0 0
2590| 0,6 0 0
2591| 0 0 0
2592| 0 0 0
2593| 0 0 0
2594| 0 0 0
2595| 0 0 0
2596| 0 0 0
2597| 0 0 0
2598| 0 0 0
2599| 0 0 0
2600| 0 0 0
2601| 0 0 0
2602| 0 0 0
2603| 0 0 0
2604| 0 0 0
2605| 0 0 0
2606| 0 0 0
2607| 0 0 0
2608| 0 0 0
2609| 0 0 0
2610| 0 0 0
2611| 0 0 0
2612| 0 0 0
2613| 0 0 0
2614| 0 0 0
2615| 0 0 0
2616| 0 0 0
2617| 0 0 0
2618| 0 0 0
2619| 0 0 0
2620| 0 0 0
2621| 0 0 0
2622| 0 0 0
2623| 0 0 0
2624| 0 0 0
2625| 0 0 0
2626| 0 0 0
2627| 0 0 0
2628| 0 0 0
2629| 0 0 0
2630| 0 0 0
2631| 0 0 0
2632| 0 0 0
2633| 0 0 0
2634| 0 0 0
2635| 0 0 0
2636| 0 0 0
2637| 0 0 0
2638| 0 0 0
2639| 0 0 0
2640| 0 0 0
2641| 0 0 0
2642| 0 0 0
2643| 0 0 0
2644| 0 0 0
2645| 0 0 0
2646| 0 0 0
2647| 0 0 0
2648| 0 0 0
2649| 0 0 0
2650| 0 0 0
2651| 0 0 0
2652| 0 0 0
2653| 0 0 0
2654| 0 0 0
2655| 0 0 0
2656| 0 0 0
2657| 0 0 0
2658| 0 0 0
2659| 0 0 0
2660| 0 0 0
2661| 0 0 0

