1| 0 0 0
2| 0 0 0
3| 0 0 0
4| 0 0 0
5| 0 0 0
6| 0 0 0
7| 0 0 0
8| 0 0 0
9| 0 0 0
10| 0 0 0
11| 0 0 0
12| 0 0 0
13| 0 0 0
14| 0 0 0
15| 0 0 0
16| 0 0 0
17| 0 0 0
18| 0 0 0
19| 0 0 0
20| 0 0 0
21| 0 0 0
22| 0 0 0
23| 0 0 0
24| 0 0 0
25| 0 0 0
26| 0 0 0
27| 0 0 0
28| 0 0 0
29| 0 0 0
30| 0 0 0
31| 0 0 0
32| 0 0 0
33| 0 0 0
34| 0 0 0
35| 0 0 0
36| 0 0 0
37| 0 0 0
38| 0 0 0
39| 0 0 0
40| 0 0 0
41| 0 0 0
42| 0 0 0
43| 0 0 0
44| 0 0 0
45| 0 0 0
46| 0 0 0
47| 0 0 0
48| 0 0 0
49| 0 0 0
50| 0 0 0
51| 0 0 0
52| 0 0 0
53| 0 0 0
54| 0 0 0
55| 0 0 0
56| 0 0 0
57| 0 0 0
58| 0 0 0
59| 0 0 0
60| 0 0 0
61| 0 0 0
62| 0 0 0
63| 0 0 0
64| 0 0 0
65| 0 0 0
66| 0 0 0
67| 0 0 0
68| 0 4 0
69| 0 8 0
70| 0 12 0
71| 0 16 0
72| -0,3 20 0
73| -0,6 24 0
74| -0,9 28 0
75| -1,2 32 0
76| -1,5 36 0
77| -1,8 40 0
78| -1,8 43,99999 0
79| -1,8 47,99999 0
80| -1,8 51,99999 0
81| -1,8 55,99999 0
82| -1,8 60 0
83| -1,8 64 0
84| -1,8 68 0
85| -1,8 72 0
86| -1,8 76,00001 0
87| -1,8 80,00001 0
88| -1,8 84,00001 0
89| -1,8 88,00002 0
90| -1,8 92,00002 0
91| -1,8 96,00002 0
92| -1,8 100 0
93| -1,8 104 0
94| -1,8 108 0
95| -1,8 112 0
96| -1,8 116 0
97| -1,8 120 0
98| -1,8 124 0
99| -1,8 128 0
100| -1,8 132 0
101| -1,8 136 0
102| -1,8 140 0
103| -1,8 144 0
104| -2,1 148 0
105| -2,1 152 0
106| -2,1 156 0
107| -2,1 160 0
108| -2,1 164 0
109| -2,1 168 0
110| -2,1 171,9999 0
111| -2,1 175,9999 0
112| -2,1 179,9999 0
113| -2,4 183,9999 0
114| -2,7 187,9999 0
115| -2,7 191,9999 0
116| -2,7 195,9999 0
117| -3 199,9999 0
118| -3,299999 203,9999 0
119| -3,599999 207,9999 0
120| -3,899999 211,9999 0
121| -3,899999 215,9999 0
122| -3,899999 219,9999 0
123| -3,899999 223,9999 0
124| -3,899999 227,9999 0
125| -3,899999 231,9999 0
126| -3,899999 235,9999 0
127| -3,899999 239,9999 0
128| -3,899999 243,9999 0
129| -3,899999 247,9999 0
130| -3,899999 251,9999 0
131| -3,899999 255,9999 0
132| -3,899999 259,9999 0
133| -3,899999 263,9999 0
134| -3,899999 267,9999 0
135| -3,899999 271,9998 0
136| -4,2 275,9998 0
137| -4,5 279,9998 0
138| -4,5 283,9998 0
139| -4,5 287,9998 0
140| -4,5 291,9998 0
141| -4,5 295,9998 0
142| -4,5 299,9998 0
143| -4,5 303,9998 0
144| -4,5 307,9998 0
145| -4,5 311,9998 0
146| -4,5 315,9998 0
147| -4,5 319,9998 0
148| 0 323,9998 0
149| 0 327,9998 0
150| 0 331,9998 0
151| 0 335,9998 0
152| 0 339,9998 0
153| 0 343,9998 0
154| 0 347,9998 0
155| 0 351,9998 0
156| 0 355,9998 0
157| -0,3 359,9998 0
158| -0,3 363,9998 0
159| -0,3 367,9998 0
160| -0,3 371,9998 0
161| -0,3 375,9998 0
162| -0,3 379,9998 0
163| -0,3 383,9998 0
164| -0,3 387,9998 0
165| -0,3 391,9998 0
166| -0,3 395,9998 0
167| -0,3 399,9997 0
168| -0,3 403,9998 0
169| -0,6 400 0
170| -0,9 400 0
171| -1,2 400 0
172| -1,2 400 0
173| -1,2 400 0
174| -1,2 400 0
175| -1,2 400 0
176| -1,2 400 0
177| -1,2 400 0
178| -1,2 400 0
179| -1,2 400 0
180| -1,2 400 0
181| -1,2 400 0
182| -1,2 400 0
183| -1,2 400 0
184| -1,2 400 0
185| -1,2 400 0
186| -1,2 400 0
187| -1,2 400 0
188| -1,2 400 0
189| -1,2 400 0
190| -1,2 400 0
191| -1,2 400 0
192| -1,2 400 0
193| -1,2 400 0
194| -1,2 400 0
195| -1,2 400 0
196| -1,2 400 0
197| -1,2 400 0
198| -1,2 400 0
199| -1,2 400 0
200| -1,2 400 0
201| -1,2 400 0
202| -1,2 400 0
203| -1,2 400 0
204| -1,2 400 0
205| -1,2 400 0
206| -1,2 400 0
207| -1,2 400 0
208| -1,2 400 0
209| -1,2 400 0
210| -1,2 400 0
211| -1,2 400 0
212| -1,5 400 0
213| -1,8 400 0
214| -1,8 400 0
215| -1,8 400 0
216| -1,8 400 0
217| -1,8 400 0
218| -1,8 400 0
219| -1,8 400 0
220| -1,8 400 0
221| -1,8 400 0
222| -1,8 400 0
223| -1,8 400 0
224| -1,8 400 0
225| -1,8 400 0
226| -1,8 400 0
227| -1,8 400 0
228| -1,8 400 0
229| -1,8 400 0
230| -1,8 400 0
231| -1,8 400 0
232| -1,8 400 0
233| -1,8 400 0
234| -1,8 400 0
235| -1,8 400 0
236| -1,8 400 0
237| -1,8 400 0
238| -1,8 400 0
239| -1,8 400 0
240| -1,8 400 0
241| -1,8 400 0
242| -1,8 400 0
243| -1,8 400 0
244| -1,8 400 0
245| -1,8 400 0
246| -1,8 400 0
247| -1,8 400 0
248| -1,8 400 0
249| -1,8 400 0
250| -1,8 400 0
251| -1,8 400 0
252| -1,8 400 0
253| -1,8 400 0
254| -1,8 400 0
255| -1,8 400 0
256| -1,8 400 0
257| -1,8 400 0
258| -1,8 400 0
259| -1,8 400 0
260| -1,8 400 0
261| -1,8 400 0
262| -1,8 400 0
263| -1,8 400 0
264| -1,8 400 0
265| -1,8 400 0
266| -1,8 400 0
267| -1,8 400 0
268| -1,8 400 0
269| -1,8 400 0
270| -1,8 400 0
271| -1,8 400 0
272| -1,8 400 0
273| -1,8 400 0
274| -1,8 400 0
275| -1,8 400 0
276| 0 400 0
277| 0,3 400 0
278| 0,3 400 0
279| 0,3 400 0
280| 0,3 400 0
281| 0,3 400 0
282| 0,3 400 0
283| 0,3 400 0
284| 0,3 400 0
285| 0,3 400 0
286| 0,3 400 0
287| 0,3 400 0
288| 0,3 400 0
289| 0,3 400 0
290| 0,3 400 0
291| 0,3 400 0
292| 0,3 400 0
293| 0,3 400 0
294| 0,3 400 0
295| 0,3 400 0
296| 0,3 400 0
297| 0,3 400 0
298| 0,3 400 0
299| 0,3 400 0
300| 0,3 400 0
301| 0,3 400 0
302| 0,3 400 0
303| 0,3 400 0
304| 0,3 400 0
305| 0,3 400 0
306| 0,3 400 0
307| 0,3 400 0
308| 0,3 400 0
309| 0,3 400 0
310| 0,3 400 0
311| 0,3 400 0
312| 0,3 400 0
313| 0,3 400 0
314| 0,3 400 0
315| 0,3 400 0
316| 0,3 400 0
317| 0,3 400 0
318| 0,3 400 0
319| 0,3 400 0
320| 0,3 400 0
321| 0,3 400 0
322| 0,3 400 0
323| 0,3 400 0
324| 0,3 400 0
325| 0,3 400 0
326| 0,3 400 0
327| 0 400 0
328| -0,3 400 0
329| -0,6 400 0
330| -0,9 400 0
331| -0,9 400 0
332| -0,9 400 0
333| -0,9 400 0
334| -0,9 400 0
335| -0,9 400 0
336| -0,9 400 0
337| -0,9 400 0
338| -0,9 400 0
339| -0,9 400 0
340| -0,9 400 0
341| -0,9 400 0
342| -0,9 400 0
343| -0,9 400 0
344| -0,9 400 0
345| -0,9 400 0
346| -0,9 400 0
347| -0,9 400 0
348| -0,9 400 0
349| -0,9 400 0
350| -0,9 400 0
351| -0,9 400 0
352| -0,9 400 0
353| -0,9 400 0
354| -0,9 400 0
355| -0,9 400 0
356| -0,9 400 0
357| -0,9 400 0
358| -0,9 400 0
359| -0,9 400 0
360| -0,9 400 0
361| -0,9 400 0
362| -0,9 400 0
363| -0,9 400 0
364| -0,9 400 0
365| -0,9 400 0
366| -0,9 400 0
367| -0,9 400 0
368| -0,9 400 0
369| -0,9 400 0
370| -0,9 400 0
371| -0,9 400 0
372| -0,9 400 0
373| -0,9 400 0
374| -0,9 400 0
375| -0,9 400 0
376| -0,9 400 0
377| -0,9 400 0
378| -0,9 400 0
379| -0,9 400 0
380| -0,9 400 0
381| -0,9 400 0
382| -0,9 400 0
383| -0,9 400 0
384| -0,9 400 0
385| -0,9 400 0
386| -0,9 400 0
387| -0,9 400 0
388| 0 400 0
389| 0,3 400 0
390| 0,6 400 0
391| 0,9 400 0
392| 0,9 400 0
393| 0,9 400 0
394| 0,9 400 0
395| 0,9 400 0
396| 0,9 400 0
397| 0,9 400 0
398| 0,9 400 0
399| 0,9 400 0
400| 0,9 400 0
401| 0,9 400 0
402| 0,9 400 0
403| 0,9 400 0
404| 0,9 400 0
405| 0,9 400 0
406| 0,9 400 0
407| 0,9 400 0
408| 0,9 400 0
409| 0,9 400 0
410| 0,9 400 0
411| 0,9 400 0
412| 0,9 400 0
413| 0,9 400 0
414| 0,9 400 0
415| 0,9 400 0
416| 0,9 400 0
417| 0,9 400 0
418| 0,9 400 0
419| 0,9 400 0
420| 0,9 400 0
421| 0,9 400 0
422| 0,9 400 0
423| 0,9 400 0
424| 0,9 400 0
425| 0,9 400 0
426| 0,9 400 0
427| 0,9 400 0
428| 0,9 400 0
429| 0,9 400 0
430| 0,9 400 0
431| 0,9 400 0
432| 0,9 400 0
433| 0,9 400 0
434| 0,9 400 0
435| 0,9 400 0
436| 0,9 400 0
437| 0,9 400 0
438| 0,9 400 0
439| 0,9 400 0
440| 0,9 400 0
441| 0,9 400 0
442| 0,9 400 0
443| 0,9 400 0
444| 0,9 400 0
445| 0,9 400 0
446| 0,9 400 0
447| 0,9 400 0
448| 0,9 400 0
449| 0,9 400 0
450| 0,9 400 0
451| 0,9 400 0
452| 0,9 400 0
453| 0,9 400 0
454| 0,9 400 0
455| 0,9 400 0
456| 0,9 400 0
457| 0,9 400 0
458| 0,9 400 0
459| 0,9 400 0
460| 0,9 400 0
461| 0,9 400 0
462| 0,9 400 0
463| 0,9 400 0
464| 0,9 400 0
465| 0,9 400 0
466| 0,9 400 0
467| 0,9 400 0
468| 0,9 400 0
469| 0,9 400 0
470| 0,9 400 0
471| 0,9 400 0
472| 0,9 400 0
473| 0,9 400 0
474| 0,9 400 0
475| 0,9 400 0
476| 0,9 400 0
477| 0,9 400 0
478| 0,9 400 0
479| 0,9 400 0
480| 0,9 400 0
481| 0,9 400 0
482| 0,9 400 0
483| 0,9 400 0
484| 0,9 400 0
485| 0,9 400 0
486| 0,9 400 0
487| 0,9 400 0
488| 0,9 400 0
489| 0 400 0
490| -0,3 400 0
491| -0,6 400 0
492| -0,9 400 0
493| -1,2 400 0
494| -1,5 400 0
495| -1,5 400 0
496| -1,5 400 0
497| -1,5 400 0
498| -1,5 400 0
499| -1,5 400 0
500| -1,5 400 0
501| -1,5 400 0
502| -1,8 400 0
503| -2,1 400 0
504| -2,4 400 0
505| -2,7 400 0
506| -3 400 0
507| -3,299999 400 0
508| -3,299999 400 0
509| -3,299999 400 0
510| -3,299999 400 0
511| -3,299999 400 0
512| -3,299999 400 0
513| -3,299999 400 0
514| -3,299999 400 0
515| -3,299999 400 0
516| -3,299999 400 0
517| -3,299999 400 0
518| -3,299999 400 0
519| -3,299999 400 0
520| -3,299999 400 0
521| -3,299999 400 0
522| -3,299999 400 0
523| -3,299999 400 0
524| -3,299999 400 0
525| -3,299999 400 0
526| -3,299999 400 0
527| -3,299999 400 0
528| 0 400 0
529| 0,3 400 0
530| 0,6 400 0
531| 0,6 400 0
532| 0,6 400 0
533| 0,6 400 0
534| 0,6 400 0
535| 0,6 400 0
536| 0,6 400 0
537| 0,6 400 0
538| 0,6 400 0
539| 0,6 400 0
540| 0,6 400 0
541| 0,6 400 0
542| 0,6 400 0
543| 0,6 400 0
544| 0,6 400 0
545| 0,6 400 0
546| 0,6 400 0
547| 0,6 400 0
548| 0,6 400 0
549| 0,6 400 0
550| 0,6 400 0
551| 0,6 400 0
552| 0,6 400 0
553| 0,6 400 0
554| 0,6 400 0
555| 0,6 400 0
556| 0,6 400 0
557| 0,6 400 0
558| 0,6 400 0
559| 0,6 400 0
560| 0,6 400 0
561| 0,6 400 0
562| 0,6 400 0
563| 0,6 400 0
564| 0,6 400 0
565| 0,6 400 0
566| 0,6 400 0
567| 0,6 400 0
568| 0,6 400 0
569| 0,6 400 0
570| 0,6 400 0
571| 0,6 400 0
572| 0,6 400 0
573| 0,6 400 0
574| 0,6 400 0
575| 0,6 400 0
576| 0,6 400 0
577| 0,6 400 0
578| 0,6 400 0
579| 0,6 400 0
580| 0,6 400 0
581| 0,6 400 0
582| 0,6 400 0
583| 0,6 400 0
584| 0,6 400 0
585| 0,6 400 0
586| 0,6 400 0
587| 0,6 400 0
588| 0,6 400 0
589| 0,6 400 0
590| 0,6 400 0
591| 0,6 400 0
592| 0,6 400 0
593| 0,6 400 0
594| 0,6 400 0
595| 0,6 400 0
596| 0,6 400 0
597| 0,6 400 0
598| 0,6 400 0
599| 0,6 400 0
600| 0,6 400 0
601| 0,6 400 0
602| 0,6 400 0
603| 0,6 400 0
604| 0,6 400 0
605| 0,6 400 0
606| 0,6 400 0
607| 0 400 0
608| -0,3 400 0
609| -0,6 400 0
610| -0,9 400 0
611| -0,9 400 0
612| -0,9 400 0
613| -0,9 400 0
614| -0,9 400 0
615| -0,9 400 0
616| -0,9 400 0
617| -0,9 400 0
618| -0,9 400 0
619| -0,9 400 0
620| -0,9 400 0
621| -0,9 400 0
622| -0,9 400 0
623| -0,9 400 0
624| -0,9 400 0
625| -0,9 400 0
626| -0,9 400 0
627| -0,9 400 0
628| -0,9 400 0
629| -0,9 400 0
630| -0,9 400 0
631| -0,9 400 0
632| -0,9 400 0
633| -0,9 400 0
634| -0,9 400 0
635| -0,9 400 0
636| -0,9 400 0
637| -0,9 400 0
638| -0,9 400 0
639| -0,9 400 0
640| -0,9 400 0
641| -0,9 400 0
642| -0,9 400 0
643| -0,9 400 0
644| -0,9 400 0
645| -0,9 400 0
646| -0,9 400 0
647| -0,9 400 0
648| -0,9 400 0
649| -0,9 400 0
650| -0,9 400 0
651| -0,9 400 0
652| -0,9 400 0
653| -0,9 400 0
654| -0,9 400 0
655| -0,9 400 0
656| -0,9 400 0
657| -0,9 400 0
658| -0,9 400 0
659| -0,9 400 0
660| -0,9 400 0
661| -0,9 400 0
662| -0,9 400 0
663| -0,9 400 0
664| -0,9 400 0
665| -0,9 400 0
666| -0,9 400 0
667| -0,9 400 0
668| -0,9 400 0
669| -0,9 400 0
670| -0,9 400 0
671| -0,9 400 0
672| -0,9 400 0
673| -0,9 400 0
674| -0,9 400 0
675| -0,9 400 0
676| -0,9 400 0
677| -0,9 400 0
678| -0,9 400 0
679| -0,9 400 0
680| -0,9 400 0
681| -0,9 400 0
682| -0,9 400 0
683| -0,9 400 0
684| -0,9 400 0
685| -0,9 400 0
686| -0,9 400 0
687| -0,9 400 0
688| -0,9 400 0
689| -0,9 400 0
690| -0,9 400 0
691| -0,9 400 0
692| -0,9 400 0
693| -0,9 400 0
694| -0,9 400 0
695| -0,9 400 0
696| -0,9 400 0
697| -0,9 400 0
698| -0,9 400 0
699| -0,9 400 0
700| -0,9 400 0
701| -0,9 400 0
702| -0,9 400 0
703| -0,9 400 0
704| -0,9 400 0
705| -0,9 400 0
706| -0,9 400 0
707| -0,9 400 0
708| -0,9 400 0
709| -0,9 400 0
710| -0,9 400 0
711| -0,9 400 0
712| -0,9 400 0
713| -0,9 400 0
714| -0,9 400 0
715| -0,9 400 0
716| -0,9 400 0
717| -0,9 400 0
718| -0,9 400 0
719| -0,9 400 0
720| -0,9 400 0
721| -0,9 400 0
722| -0,9 400 0
723| -0,9 400 0
724| -0,9 400 0
725| -0,9 400 0
726| -0,9 400 0
727| -0,9 400 0
728| -0,9 400 0
729| -0,9 400 0
730| -0,9 400 0
731| -0,9 400 0
732| -0,9 400 0
733| -0,9 400 0
734| -0,9 400 0
735| -0,9 400 0
736| -0,9 400 0
737| -0,9 400 0
738| -0,9 400 0
739| -0,9 400 0
740| -0,9 400 0
741| -0,9 400 0
742| -0,9 400 0
743| -0,9 400 0
744| -0,9 400 0
745| -0,9 400 0
746| -0,9 400 0
747| -0,9 400 0
748| -0,9 400 0
749| -0,9 400 0
750| -0,9 400 0
751| -0,9 400 0
752| -0,9 400 0
753| -0,9 400 0
754| -0,9 400 0
755| -0,9 400 0
756| -0,9 400 0
757| -0,9 400 0
758| -0,9 400 0
759| -0,9 400 0
760| -0,9 400 0
761| -0,9 400 0
762| -0,9 400 0
763| -0,9 400 0
764| -0,9 400 0
765| -0,9 400 0
766| -0,9 400 0
767| -0,9 400 0
768| -0,9 400 0
769| -0,9 400 0
770| -0,9 400 0
771| -0,9 400 0
772| -0,9 400 0
773| -0,9 400 0
774| -0,9 400 0
775| -0,9 400 0
776| -0,9 400 0
777| -0,9 400 0
778| -0,9 400 0
779| -0,9 400 0
780| -0,9 400 0
781| -0,9 400 0
782| -0,9 400 0
783| -0,9 400 0
784| -0,9 400 0
785| -0,9 400 0
786| -0,9 400 0
787| -0,9 400 0
788| -0,9 400 0
789| -0,9 400 0
790| -0,9 400 0
791| -0,9 400 0
792| -0,9 400 0
793| -0,9 400 0
794| -0,9 400 0
795| -0,9 400 0
796| -0,9 400 0
797| -0,9 400 0
798| -0,9 400 0
799| -0,9 400 0
800| -0,9 400 0
801| -0,9 400 0
802| -0,9 400 0
803| -0,9 400 0
804| -0,9 400 0
805| -0,9 400 0
806| -0,9 400 0
807| -0,9 400 0
808| -0,9 400 0
809| -0,9 400 0
810| -0,9 400 0
811| -0,9 400 0
812| -0,9 400 0
813| -0,9 400 0
814| -0,9 400 0
815| -0,9 400 0
816| -0,9 400 0
817| -0,9 400 0
818| -0,9 400 0
819| -0,9 400 0
820| -0,9 400 0
821| -0,9 400 0
822| -0,9 400 0
823| -0,9 400 0
824| -0,9 400 0
825| -0,9 400 0
826| -0,9 400 0
827| -0,9 400 0
828| -0,9 400 0
829| -0,9 400 0
830| -0,9 400 0
831| -0,9 400 0
832| -0,9 400 0
833| -0,9 400 0
834| -0,9 400 0
835| -0,9 400 0
836| -0,9 400 0
837| -0,9 400 0
838| -0,9 400 0
839| -0,9 400 0
840| -0,9 400 0
841| -0,9 400 0
842| -0,9 400 0
843| -0,9 400 0
844| -0,9 400 0
845| -0,9 400 0
846| -0,9 400 0
847| -0,9 400 0
848| -0,9 400 0
849| -0,9 400 0
850| -0,9 400 0
851| -0,9 400 0
852| -0,9 400 0
853| -0,9 400 0
854| -0,9 400 0
855| -0,9 400 0
856| -0,9 400 0
857| -0,9 400 0
858| -0,9 400 0
859| -0,9 400 0
860| -0,9 400 0
861| -0,9 400 0
862| -0,9 400 0
863| -0,9 400 0
864| -0,9 400 0
865| -0,9 400 0
866| -0,9 400 0
867| -0,9 400 0
868| -0,9 400 0
869| -0,9 400 0
870| -0,9 400 0
871| -0,9 400 0
872| -0,9 400 0
873| -0,9 400 0
874| -0,9 400 0
875| -0,9 400 0
876| -0,9 400 0
877| -0,9 400 0
878| -0,9 400 0
879| -0,9 400 0
880| -0,9 400 0
881| -0,9 400 0
882| -0,9 400 0
883| 0 400 0
884| 0,3 400 0
885| 0,6 400 0
886| 0,9 400 0
887| 0,9 400 0
888| 0,9 400 0
889| 0,9 400 0
890| 0,9 400 0
891| 0,9 400 0
892| 0,9 400 0
893| 0,9 400 0
894| 0,9 400 0
895| 0,9 400 0
896| 0,9 400 0
897| 0,9 400 0
898| 0,9 400 0
899| 0,9 400 0
900| 0,9 400 0
901| 0,9 400 0
902| 0,9 400 0
903| 0,9 400 0
904| 0,9 400 0
905| 0,9 400 0
906| 0,9 400 0
907| 0,9 400 0
908| 0,9 400 0
909| 0,9 400 0
910| 0,9 400 0
911| 0,9 400 0
912| 0,9 400 0
913| 0,9 400 0
914| 0,9 400 0
915| 0,9 400 0
916| 0,9 400 0
917| 0,9 400 0
918| 0,9 400 0
919| 0,9 400 0
920| 0,9 400 0
921| 0,9 400 0
922| 0,9 400 0
923| 0,9 400 0
924| 0,9 400 0
925| 0,9 400 0
926| 0,9 400 0
927| 0,9 400 0
928| 0,9 400 0
929| 0,9 400 0
930| 0,9 400 0
931| 0,9 400 0
932| 0,9 400 0
933| 0,9 400 0
934| 0,9 400 0
935| 0,9 400 0
936| 0,9 400 0
937| 0,9 400 0
938| 0,9 400 0
939| 0,9 400 0
940| 0,9 400 0
941| 0,9 400 0
942| 0,9 400 0
943| 0,9 400 0
944| 0,9 400 0
945| 0,9 400 0
946| 0,9 400 0
947| 0,9 400 0
948| 0,9 400 0
949| 0,9 400 0
950| 0,9 400 0
951| 0,9 400 0
952| 0,9 400 0
953| 0,9 400 0
954| 0,9 400 0
955| 0,9 400 0
956| 0,9 400 0
957| 0,9 400 0
958| 0,9 400 0
959| 0,9 400 0
960| 0 400 0
961| -0,3 400 0
962| -0,6 400 0
963| -0,9 400 0
964| -0,9 400 0
965| -0,9 400 0
966| -0,9 400 0
967| -0,9 400 0
968| -0,9 400 0
969| -0,9 400 0
970| -0,9 400 0
971| -0,9 400 0
972| -0,9 400 0
973| -0,9 400 0
974| -0,9 400 0
975| -0,9 400 0
976| -0,9 400 0
977| -0,9 400 0
978| -0,9 400 0
979| -0,9 400 0
980| -0,9 400 0
981| -0,9 400 0
982| -0,9 400 0
983| -0,9 400 0
984| -0,9 400 0
985| -0,9 400 0
986| -0,9 400 0
987| -0,9 400 0
988| -0,9 400 0
989| -0,9 400 0
990| -0,9 400 0
991| -0,9 400 0
992| -0,9 400 0
993| -0,9 400 0
994| -0,9 400 0
995| -0,9 400 0
996| -0,9 400 0
997| -0,9 400 0
998| -0,9 400 0
999| -0,9 400 0
1000| -0,9 400 0
1001| -0,9 400 0
1002| -0,9 400 0
1003| -0,9 400 0
1004| -0,9 400 0
1005| -0,9 400 0
1006| -0,9 400 0
1007| 0 400 0
1008| 0,3 400 0
1009| 0,6 400 0
1010| 0,6 400 0
1011| 0,6 400 0
1012| 0,6 400 0
1013| 0,6 400 0
1014| 0,6 400 0
1015| 0,6 400 0
1016| 0,6 400 0
1017| 0,6 400 0
1018| 0,6 400 0
1019| 0,6 400 0
1020| 0,6 400 0
1021| 0,6 400 0
1022| 0,6 400 0
1023| 0,6 400 0
1024| 0,6 400 0
1025| 0,6 400 0
1026| 0,6 400 0
1027| 0,6 400 0
1028| 0,6 400 0
1029| 0,6 400 0
1030| 0,6 400 0
1031| 0,6 400 0
1032| 0 400 0
1033| -0,3 400 0
1034| -0,3 400 0
1035| -0,3 400 0
1036| -0,3 400 0
1037| -0,3 400 0
1038| -0,3 400 0
1039| -0,3 400 0
1040| -0,3 400 0
1041| -0,3 400 0
1042| -0,3 400 0
1043| -0,3 400 0
1044| -0,3 400 0
1045| -0,3 400 0
1046| -0,3 400 0
1047| -0,3 400 0
1048| -0,3 400 0
1049| -0,3 400 0
1050| -0,3 400 0
1051| -0,3 400 0
1052| -0,3 400 0
1053| -0,3 400 0
1054| -0,3 400 0
1055| -0,3 400 0
1056| -0,3 400 0
1057| -0,3 400 0
1058| -0,3 400 0
1059| -0,3 400 0
1060| -0,3 400 0
1061| -0,3 400 0
1062| -0,3 400 0
1063| -0,3 400 0
1064| -0,3 400 0
1065| -0,3 400 0
1066| -0,3 400 0
1067| -0,3 400 0
1068| -0,3 400 0
1069| -0,3 400 0
1070| -0,3 400 0
1071| -0,3 400 0
1072| -0,3 400 0
1073| -0,3 400 0
1074| -0,3 400 0
1075| -0,3 400 0
1076| -0,3 400 0
1077| -0,3 400 0
1078| -0,3 400 0
1079| -0,3 400 0
1080| -0,3 400 0
1081| -0,3 400 0
1082| -0,3 400 0
1083| -0,3 400 0
1084| -0,3 400 0
1085| -0,3 400 0
1086| -0,3 400 0
1087| -0,3 400 0
1088| -0,3 400 0
1089| -0,3 400 0
1090| -0,3 400 0
1091| -0,3 400 0
1092| -0,3 400 0
1093| -0,3 400 0
1094| -0,3 400 0
1095| -0,3 400 0
1096| -0,3 400 0
1097| -0,3 400 0
1098| -0,3 400 0
1099| -0,3 400 0
1100| -0,3 400 0
1101| -0,3 400 0
1102| -0,3 400 0
1103| -0,3 400 0
1104| -0,3 400 0
1105| -0,3 400 0
1106| -0,3 400 0
1107| -0,3 400 0
1108| -0,3 400 0
1109| -0,3 400 0
1110| -0,3 400 0
1111| -0,3 400 0
1112| -0,3 400 0
1113| -0,3 400 0
1114| -0,3 400 0
1115| -0,3 400 0
1116| -0,3 400 0
1117| -0,3 400 0
1118| -0,3 400 0
1119| -0,3 400 0
1120| -0,3 400 0
1121| -0,3 400 0
1122| -0,3 400 0
1123| -0,3 400 0
1124| -0,3 400 0
1125| -0,3 400 0
1126| -0,3 400 0
1127| -0,3 400 0
1128| -0,3 400 0
1129| -0,3 400 0
1130| -0,3 400 0
1131| -0,3 400 0
1132| -0,3 400 0
1133| -0,3 400 0
1134| -0,3 400 0
1135| -0,3 400 0
1136| -0,3 400 0
1137| -0,3 400 0
1138| -0,3 400 0
1139| -0,3 400 0
1140| -0,3 400 0
1141| -0,3 400 0
1142| -0,3 400 0
1143| -0,3 400 0
1144| -0,3 400 0
1145| -0,3 400 0
1146| -0,3 400 0
1147| -0,3 400 0
1148| -0,3 400 0
1149| -0,3 400 0
1150| -0,3 400 0
1151| -0,3 400 0
1152| -0,3 400 0
1153| -0,3 400 0
1154| -0,3 400 0
1155| -0,3 400 0
1156| -0,3 400 0
1157| -0,3 400 0
1158| -0,3 400 0
1159| -0,3 400 0
1160| -0,3 400 0
1161| -0,3 400 0
1162| -0,3 400 0
1163| -0,3 400 0
1164| -0,3 400 0
1165| -0,3 400 0
1166| -0,3 400 0
1167| -0,3 400 0
1168| -0,3 400 0
1169| -0,3 400 0
1170| -0,3 400 0
1171| -0,3 400 0
1172| -0,3 400 0
1173| -0,3 400 0
1174| -0,3 400 0
1175| -0,3 400 0
1176| -0,3 400 0
1177| -0,3 400 0
1178| -0,3 400 0
1179| -0,3 400 0
1180| -0,3 400 0
1181| -0,3 400 0
1182| -0,3 400 0
1183| -0,3 400 0
1184| -0,6 400 0
1185| -0,9 400 0
1186| -1,2 400 0
1187| -1,5 400 0
1188| -1,5 400 0
1189| -1,5 400 0
1190| -1,5 400 0
1191| -1,5 400 0
1192| -1,5 400 0
1193| -1,5 400 0
1194| -1,5 400 0
1195| -1,5 400 0
1196| -1,5 400 0
1197| -1,5 400 0
1198| -1,5 400 0
1199| -1,5 400 0
1200| -1,5 400 0
1201| -1,5 400 0
1202| -1,5 400 0
1203| -1,5 400 0
1204| -1,5 400 0
1205| -1,5 400 0
1206| -1,5 400 0
1207| -1,5 400 0
1208| -1,5 400 0
1209| -1,5 400 0
1210| -1,5 400 0
1211| -1,5 400 0
1212| -1,5 400 0
1213| -1,5 400 0
1214| -1,5 400 0
1215| -1,5 400 0
1216| -1,5 400 0
1217| -1,5 400 0
1218| -1,5 400 0
1219| -1,5 400 0
1220| -1,5 400 0
1221| -1,5 400 0
1222| -1,5 400 0
1223| -1,5 400 0
1224| -1,5 400 0
1225| -1,5 400 0
1226| -1,5 400 0
1227| -1,5 400 0
1228| -1,5 400 0
1229| -1,5 400 0
1230| -1,5 400 0
1231| -1,5 400 0
1232| -1,5 400 0
1233| -1,5 400 0
1234| -1,5 400 0
1235| -1,5 400 0
1236| -1,5 400 0
1237| -1,5 400 0
1238| -1,5 400 0
1239| -1,5 400 0
1240| -1,5 400 0
1241| -1,5 400 0
1242| 0 400 0
1243| 0,3 400 0
1244| 0,3 400 0
1245| 0,3 400 0
1246| 0,3 400 0
1247| 0,3 400 0
1248| 0,3 400 0
1249| 0,3 400 0
1250| 0,3 400 0
1251| 0,3 400 0
1252| 0,3 400 0
1253| 0,3 400 0
1254| 0,3 400 0
1255| 0,3 400 0
1256| 0,3 400 0
1257| 0,3 400 0
1258| 0,3 400 0
1259| 0,3 400 0
1260| 0,3 400 0
1261| 0,3 400 0
1262| 0,3 400 0
1263| 0,3 400 0
1264| 0,3 400 0
1265| 0,3 400 0
1266| 0,3 400 0
1267| 0,3 400 0
1268| 0,3 400 0
1269| 0,3 400 0
1270| 0,3 400 0
1271| 0,3 400 0
1272| 0,3 400 0
1273| 0,3 400 0
1274| 0,3 400 0
1275| 0,3 400 0
1276| 0,3 400 0
1277| 0,3 400 0
1278| 0,3 400 0
1279| 0,3 400 0
1280| 0,3 400 0
1281| 0,3 400 0
1282| 0,3 400 0
1283| 0,3 400 0
1284| 0,3 400 0
1285| 0,3 400 0
1286| 0,3 400 0
1287| 0,3 400 0
1288| 0,3 400 0
1289| 0,3 400 0
1290| 0,3 400 0
1291| 0,3 400 0
1292| 0,3 400 0
1293| 0,3 400 0
1294| 0,3 400 0
1295| 0,3 400 0
1296| 0,3 400 0
1297| 0,3 400 0
1298| 0,3 400 0
1299| 0,3 400 0
1300| 0,3 400 0
1301| 0,3 400 0
1302| 0,3 400 0
1303| 0,3 400 0
1304| 0,3 400 0
1305| 0,3 400 0
1306| 0,3 400 0
1307| 0,3 400 0
1308| 0,3 400 0
1309| 0,3 400 0
1310| 0,3 400 0
1311| 0,6 400 0
1312| 0,9 400 0
1313| 0,9 400 0
1314| 0,9 400 0
1315| 0,9 400 0
1316| 0,9 400 0
1317| 0,9 400 0
1318| 0,9 400 0
1319| 0,9 400 0
1320| 0,9 400 0
1321| 0,9 400 0
1322| 0,9 400 0
1323| 0,9 400 0
1324| 0,9 400 0
1325| 0,9 400 0
1326| 1,2 400 0
1327| 1,5 400 0
1328| 1,8 400 0
1329| 2,1 400 0
1330| 2,1 400 0
1331| 2,1 400 0
1332| 2,1 400 0
1333| 2,1 400 0
1334| 2,1 400 0
1335| 2,1 400 0
1336| 2,1 400 0
1337| 2,1 400 0
1338| 2,1 400 0
1339| 2,1 400 0
1340| 2,1 400 0
1341| 2,1 400 0
1342| 2,1 400 0
1343| 2,1 400 0
1344| 2,1 400 0
1345| 2,1 400 0
1346| 2,1 400 0
1347| 2,1 400 0
1348| 2,1 400 0
1349| 2,1 400 0
1350| 2,1 400 0
1351| 2,1 400 0
1352| 2,1 400 0
1353| 2,1 400 0
1354| 2,1 400 0
1355| 2,1 400 0
1356| 2,1 400 0
1357| 2,1 400 0
1358| 2,1 400 0
1359| 2,1 400 0
1360| 2,1 400 0
1361| 2,1 400 0
1362| 2,1 400 0
1363| 2,1 400 0
1364| 2,1 400 0
1365| 2,1 400 0
1366| 2,1 400 0
1367| 2,1 400 0
1368| 2,1 400 0
1369| 2,1 400 0
1370| 2,1 400 0
1371| 2,1 400 0
1372| 2,1 400 0
1373| 2,1 400 0
1374| 2,1 400 0
1375| 2,1 400 0
1376| 2,1 400 0
1377| 2,1 400 0
1378| 2,1 400 0
1379| 2,1 400 0
1380| 2,1 400 0
1381| 2,1 400 0
1382| 2,1 400 0
1383| 2,1 400 0
1384| 2,1 400 0
1385| 2,1 400 0
1386| 2,1 400 0
1387| 2,1 400 0
1388| 2,1 400 0
1389| 2,1 400 0
1390| 2,1 400 0
1391| 2,1 400 0
1392| 2,1 400 0
1393| 2,1 400 0
1394| 2,1 400 0
1395| 2,1 400 0
1396| 2,1 400 0
1397| 2,1 400 0
1398| 2,1 400 0
1399| 2,1 400 0
1400| 2,1 400 0
1401| 2,1 400 0
1402| 2,1 400 0
1403| 2,1 400 0
1404| 2,1 400 0
1405| 2,1 400 0
1406| 2,1 400 0
1407| 2,1 400 0
1408| 2,1 400 0
1409| 2,1 400 0
1410| 2,1 400 0
1411| 2,1 400 0
1412| 2,1 400 0
1413| 2,1 400 0
1414| 2,1 400 0
1415| 2,1 400 0
1416| 2,1 400 0
1417| 2,1 400 0
1418| 2,1 400 0
1419| 2,1 400 0
1420| 2,1 400 0
1421| 2,1 400 0
1422| 2,1 400 0
1423| 2,1 400 0
1424| 2,1 400 0
1425| 2,1 400 0
1426| 2,1 400 0
1427| 2,1 400 0
1428| 2,1 400 0
1429| 2,1 400 0
1430| 2,1 400 0
1431| 2,1 400 0
1432| 2,1 400 0
1433| 2,1 400 0
1434| 2,1 400 0
1435| 2,1 400 0
1436| 2,1 400 0
1437| 2,1 400 0
1438| 2,1 400 0
1439| 2,1 400 0
1440| 2,1 400 0
1441| 2,1 400 0
1442| 2,1 400 0
1443| 2,1 400 0
1444| 0 400 0
1445| -0,3 400 0
1446| -0,6 400 0
1447| -0,9 400 0
1448| -1,2 400 0
1449| -1,2 400 0
1450| -1,2 400 0
1451| -1,2 400 0
1452| -1,2 400 0
1453| -1,2 400 0
1454| -1,2 400 0
1455| -1,2 400 0
1456| -1,2 400 0
1457| -1,2 400 0
1458| -1,5 400 0
1459| -1,8 400 0
1460| -2,1 400 0
1461| -2,4 400 0
1462| -2,4 400 0
1463| -2,4 400 0
1464| -2,4 400 0
1465| -2,4 400 0
1466| -2,4 400 0
1467| -2,4 400 0
1468| -2,4 400 0
1469| -2,4 400 0
1470| -2,4 400 0
1471| -2,4 400 0
1472| -2,4 400 0
1473| -2,4 400 0
1474| -2,4 400 0
1475| -2,4 400 0
1476| -2,4 400 0
1477| -2,4 400 0
1478| -2,4 400 0
1479| -2,4 400 0
1480| -2,4 400 0
1481| -2,4 400 0
1482| -2,4 400 0
1483| -2,4 400 0
1484| -2,4 400 0
1485| -2,4 400 0
1486| -2,4 400 0
1487| -2,4 400 0
1488| -2,4 400 0
1489| 0 400 0
1490| 0,3 400 0
1491| 0,6 400 0
1492| 0,6 400 0
1493| 0,6 400 0
1494| 0,6 400 0
1495| 0,6 400 0
1496| 0,6 400 0
1497| 0,6 400 0
1498| 0,6 400 0
1499| 0,6 400 0
1500| 0,9 400 0
1501| 1,2 400 0
1502| 1,5 400 0
1503| 1,5 400 0
1504| 1,5 400 0
1505| 1,5 400 0
1506| 1,5 400 0
1507| 1,5 400 0
1508| 1,5 400 0
1509| 1,8 400 0
1510| 2,1 400 0
1511| 2,4 400 0
1512| 2,4 400 0
1513| 2,4 400 0
1514| 2,4 400 0
1515| 2,4 400 0
1516| 2,4 400 0
1517| 2,4 400 0
1518| 2,4 400 0
1519| 2,4 400 0
1520| 2,4 400 0
1521| 2,4 400 0
1522| 2,4 400 0
1523| 2,4 400 0
1524| 2,4 400 0
1525| 2,4 400 0
1526| 2,4 400 0
1527| 2,4 400 0
1528| 2,4 400 0
1529| 2,4 400 0
1530| 2,4 400 0
1531| 2,4 400 0
1532| 2,4 400 0
1533| 2,4 400 0
1534| 2,4 400 0
1535| 2,4 400 0
1536| 2,4 400 0
1537| 2,4 400 0
1538| 2,4 400 0
1539| 2,4 400 0
1540| 2,4 400 0
1541| 2,4 400 0
1542| 2,4 400 0
1543| 2,4 400 0
1544| 2,4 400 0
1545| 2,4 400 0
1546| 2,4 400 0
1547| 2,4 400 0
1548| 2,4 400 0
1549| 2,4 400 0
1550| 2,4 400 0
1551| 2,4 400 0
1552| 2,4 400 0
1553| 2,7 400 0
1554| 3 400 0
1555| 3,299999 400 0
1556| 3,599999 400 0
1557| 3,599999 400 0
1558| 3,599999 400 0
1559| 3,599999 400 0
1560| 3,599999 400 0
1561| 3,599999 400 0
1562| 3,599999 400 0
1563| 3,599999 400 0
1564| 3,599999 400 0
1565| 3,599999 400 0
1566| 3,599999 400 0
1567| 3,599999 400 0
1568| 3,599999 400 0
1569| 3,599999 400 0
1570| 3,599999 400 0
1571| 3,599999 400 0
1572| 3,599999 400 0
1573| 3,599999 400 0
1574| 3,599999 400 0
1575| 3,599999 400 0
1576| 3,599999 400 0
1577| 3,599999 400 0
1578| 3,599999 400 0
1579| 0 400 0
1580| -0,3 400 0
1581| -0,6 400 0
1582| -0,6 400 0
1583| -0,6 400 0
1584| -0,6 400 0
1585| -0,6 400 0
1586| -0,6 400 0
1587| -0,6 400 0
1588| -0,6 400 0
1589| -0,6 400 0
1590| -0,6 400 0
1591| -0,6 400 0
1592| -0,9 400 0
1593| -1,2 400 0
1594| -1,2 400 0
1595| -1,2 400 0
1596| -1,2 400 0
1597| -1,2 400 0
1598| -1,2 400 0
1599| -1,2 400 0
1600| -1,2 400 0
1601| -1,2 400 0
1602| -1,2 400 0
1603| -1,2 400 0
1604| -1,2 400 0
1605| -1,2 400 0
1606| -1,2 400 0
1607| -1,2 400 0
1608| -1,2 400 0
1609| -1,2 400 0
1610| -1,2 400 0
1611| -1,2 400 0
1612| -1,2 400 0
1613| -1,2 400 0
1614| -1,2 400 0
1615| -1,2 400 0
1616| -1,2 400 0
1617| -1,2 400 0
1618| -1,2 400 0
1619| -1,2 400 0
1620| -1,2 400 0
1621| -1,2 400 0
1622| -1,2 400 0
1623| -1,2 400 0
1624| -1,2 400 0
1625| -1,2 400 0
1626| -1,2 400 0
1627| -1,2 400 0
1628| -1,2 400 0
1629| -1,2 400 0
1630| -1,2 400 0
1631| -1,2 400 0
1632| -1,2 400 0
1633| -1,2 400 0
1634| -1,2 400 0
1635| -1,2 400 0
1636| -1,2 400 0
1637| -1,2 400 0
1638| -1,2 400 0
1639| -1,2 400 0
1640| -1,2 400 0
1641| -1,2 400 0
1642| -1,2 400 0
1643| -1,2 400 0
1644| -1,2 400 0
1645| -1,2 400 0
1646| -1,2 400 0
1647| -1,2 400 0
1648| -1,2 400 0
1649| -1,2 400 0
1650| -1,2 400 0
1651| -1,2 400 0
1652| -1,2 400 0
1653| -1,2 400 0
1654| -1,2 400 0
1655| -1,2 400 0
1656| -1,2 400 0
1657| -1,2 400 0
1658| -1,2 400 0
1659| -1,2 400 0
1660| -1,2 400 0
1661| -1,2 400 0
1662| -1,2 400 0
1663| -1,2 400 0
1664| -1,2 400 0
1665| -1,2 400 0
1666| -1,2 400 0
1667| -1,2 400 0
1668| -1,2 400 0
1669| -1,2 400 0
1670| -1,2 400 0
1671| -1,2 400 0
1672| 0 400 0
1673| 0,3 400 0
1674| 0,3 400 0
1675| 0,3 400 0
1676| 0,3 400 0
1677| 0,3 400 0
1678| 0,3 400 0
1679| 0,3 400 0
1680| 0,3 400 0
1681| 0,3 400 0
1682| 0,3 400 0
1683| 0,3 400 0
1684| 0,3 400 0
1685| 0,3 400 0
1686| 0,3 400 0
1687| 0,3 400 0
1688| 0,3 400 0
1689| 0,3 400 0
1690| 0,3 400 0
1691| 0,3 400 0
1692| 0,6 400 0
1693| 0,9 400 0
1694| 0,9 400 0
1695| 0,9 400 0
1696| 0,9 400 0
1697| 0,9 400 0
1698| 0,9 400 0
1699| 0,9 400 0
1700| 0,9 400 0
1701| 0,9 400 0
1702| 0,9 400 0
1703| 0,9 400 0
1704| 0,9 400 0
1705| 0,9 400 0
1706| 0,9 400 0
1707| 0,9 400 0
1708| 0,9 400 0
1709| 0,9 400 0
1710| 0,9 400 0
1711| 0,9 400 0
1712| 0,9 400 0
1713| 0,9 400 0
1714| 0,9 400 0
1715| 0,9 400 0
1716| 0,9 400 0
1717| 0,9 400 0
1718| 0,9 400 0
1719| 0,9 400 0
1720| 0,9 400 0
1721| 0,9 400 0
1722| 0,9 400 0
1723| 0,9 400 0
1724| 0,9 400 0
1725| 0,9 400 0
1726| 0,9 400 0
1727| 0,9 400 0
1728| 0,9 400 0
1729| 0,9 400 0
1730| 0,9 400 0
1731| 0,9 400 0
1732| 0,9 400 0
1733| 0,9 400 0
1734| 0,9 400 0
1735| 0,9 400 0
1736| 0,9 400 0
1737| 0,9 400 0
1738| 0,9 400 0
1739| 0,9 400 0
1740| 0,9 400 0
1741| 0,9 400 0
1742| 0,9 400 0
1743| 0,9 400 0
1744| 0,9 400 0
1745| 0,9 400 0
1746| 1,2 400 0
1747| 1,2 400 0
1748| 1,2 400 0
1749| 1,2 400 0
1750| 1,2 400 0
1751| 1,2 400 0
1752| 1,2 400 0
1753| 1,2 400 0
1754| 1,2 400 0
1755| 1,2 400 0
1756| 1,2 400 0
1757| 1,2 400 0
1758| 1,2 400 0
1759| 1,2 400 0
1760| 1,2 400 0
1761| 1,2 400 0
1762| 1,2 400 0
1763| 1,2 400 0
1764| 1,2 400 0
1765| 1,2 400 0
1766| 0 400 0
1767| -0,3 400 0
1768| -0,3 400 0
1769| -0,3 400 0
1770| -0,3 400 0
1771| -0,3 400 0
1772| -0,3 400 0
1773| -0,3 400 0
1774| -0,3 400 0
1775| -0,3 400 0
1776| -0,3 400 0
1777| -0,3 400 0
1778| -0,3 400 0
1779| -0,3 400 0
1780| -0,3 400 0
1781| -0,3 400 0
1782| -0,3 400 0
1783| -0,3 400 0
1784| -0,3 400 0
1785| -0,3 400 0
1786| -0,3 400 0
1787| -0,3 400 0
1788| -0,3 400 0
1789| -0,3 400 0
1790| -0,3 400 0
1791| -0,3 400 0
1792| -0,3 400 0
1793| -0,3 400 0
1794| -0,3 400 0
1795| -0,3 400 0
1796| -0,3 400 0
1797| -0,3 400 0
1798| -0,6 400 0
1799| -0,9 400 0
1800| -1,2 400 0
1801| -1,2 400 0
1802| -1,2 400 0
1803| -1,2 400 0
1804| -1,2 400 0
1805| -1,2 400 0
1806| -1,2 400 0
1807| -1,2 400 0
1808| -1,2 400 0
1809| -1,2 400 0
1810| -1,2 400 0
1811| -1,2 400 0
1812| -1,2 400 0
1813| -1,2 400 0
1814| -1,2 400 0
1815| -1,2 400 0
1816| -1,2 400 0
1817| -1,2 400 0
1818| -1,2 400 0
1819| -1,2 400 0
1820| -1,2 400 0
1821| -1,2 400 0
1822| -1,5 400 0
1823| -1,8 400 0
1824| -1,8 400 0
1825| -1,8 400 0
1826| -1,8 400 0
1827| -1,8 400 0
1828| -1,8 400 0
1829| -1,8 400 0
1830| -1,8 400 0
1831| -1,8 400 0
1832| -1,8 400 0
1833| -1,8 400 0
1834| -1,8 400 0
1835| -1,8 400 0
1836| -2,1 400 0
1837| -2,4 400 0
1838| -2,4 400 0
1839| -2,4 400 0
1840| -2,4 400 0
1841| -2,4 400 0
1842| -2,4 400 0
1843| -2,4 400 0
1844| -2,4 400 0
1845| -2,4 400 0
1846| -2,4 400 0
1847| -2,4 400 0
1848| -2,4 400 0
1849| -2,4 400 0
1850| -2,4 400 0
1851| -2,4 400 0
1852| -2,4 400 0
1853| -2,4 400 0
1854| -2,4 400 0
1855| -2,4 400 0
1856| -2,4 400 0
1857| -2,4 400 0
1858| -2,4 400 0
1859| -2,4 400 0
1860| -2,4 400 0
1861| -2,4 400 0
1862| -2,4 400 0
1863| -2,4 400 0
1864| -2,4 400 0
1865| -2,4 400 0
1866| -2,4 400 0
1867| -2,4 400 0
1868| -2,4 400 0
1869| -2,4 400 0
1870| -2,4 400 0
1871| -2,4 400 0
1872| -2,4 400 0
1873| -2,4 400 0
1874| -2,4 400 0
1875| -2,4 400 0
1876| -2,4 400 0
1877| -2,4 400 0
1878| -2,4 400 0
1879| -2,4 400 0
1880| -2,4 400 0
1881| -2,4 400 0
1882| -2,4 400 0
1883| -2,4 400 0
1884| -2,4 400 0
1885| -2,4 400 0
1886| -2,4 400 0
1887| -2,4 400 0
1888| -2,4 400 0
1889| -2,4 400 0
1890| -2,4 400 0
1891| -2,4 400 0
1892| -2,4 400 0
1893| -2,4 400 0
1894| -2,4 400 0
1895| -2,4 400 0
1896| -2,4 400 0
1897| -2,4 400 0
1898| -2,4 400 0
1899| -2,4 400 0
1900| -2,4 400 0
1901| -2,4 400 0
1902| -2,4 400 0
1903| 0 400 0
1904| 0,3 400 0
1905| 0,6 400 0
1906| 0,9 400 0
1907| 0,9 400 0
1908| 0,9 400 0
1909| 0,9 400 0
1910| 0,9 400 0
1911| 1,2 400 0
1912| 1,5 400 0
1913| 1,8 400 0
1914| 2,1 400 0
1915| 2,1 400 0
1916| 2,1 400 0
1917| 2,1 400 0
1918| 2,1 400 0
1919| 2,1 400 0
1920| 2,1 400 0
1921| 2,1 400 0
1922| 2,1 400 0
1923| 2,1 400 0
1924| 2,1 400 0
1925| 2,1 400 0
1926| 2,1 400 0
1927| 2,1 400 0
1928| 2,1 400 0
1929| 2,1 400 0
1930| 2,1 400 0
1931| 2,1 400 0
1932| 2,1 400 0
1933| 2,1 400 0
1934| 2,1 400 0
1935| 2,1 400 0
1936| 2,1 400 0
1937| 2,1 400 0
1938| 2,1 400 0
1939| 2,1 400 0
1940| 2,1 400 0
1941| 2,1 400 0
1942| 2,1 400 0
1943| 2,1 400 0
1944| 2,1 400 0
1945| 2,1 400 0
1946| 2,1 400 0
1947| 2,1 400 0
1948| 2,1 400 0
1949| 2,1 400 0
1950| 2,1 400 0
1951| 2,1 400 0
1952| 0 400 0
1953| -0,3 400 0
1954| -0,6 400 0
1955| -0,9 400 0
1956| -1,2 400 0
1957| -1,2 400 0
1958| -1,2 400 0
1959| -1,2 400 0
1960| -1,2 400 0
1961| -1,2 400 0
1962| -1,2 400 0
1963| -1,2 400 0
1964| -1,2 400 0
1965| -1,2 400 0
1966| -1,2 400 0
1967| -1,2 400 0
1968| -1,2 400 0
1969| -1,2 400 0
1970| -1,2 400 0
1971| -1,2 400 0
1972| -1,2 400 0
1973| -1,2 400 0
1974| -1,2 400 0
1975| -1,2 400 0
1976| -1,2 400 0
1977| -1,2 400 0
1978| -1,2 400 0
1979| -1,2 400 0
1980| -1,2 400 0
1981| -1,2 400 0
1982| -1,2 400 0
1983| -1,2 400 0
1984| -1,2 400 0
1985| -1,2 400 0
1986| -1,2 400 0
1987| -1,2 400 0
1988| -1,2 400 0
1989| -1,2 400 0
1990| -1,2 400 0
1991| -1,2 400 0
1992| -1,2 400 0
1993| -1,2 400 0
1994| -1,2 400 0
1995| -1,2 400 0
1996| -1,2 400 0
1997| -1,2 400 0
1998| -1,2 400 0
1999| -1,2 400 0
2000| -1,2 400 0
2001| -1,2 400 0
2002| -1,2 400 0
2003| -1,2 400 0
2004| -1,2 400 0
2005| -1,2 400 0
2006| -1,2 400 0
2007| -1,2 400 0
2008| -1,2 400 0
2009| -1,2 400 0
2010| -1,2 400 0
2011| -1,2 400 0
2012| -1,2 400 0
2013| -1,2 400 0
2014| -1,2 400 0
2015| -1,2 400 0
2016| -1,2 400 0
2017| -1,2 400 0
2018| -1,2 400 0
2019| -1,2 400 0
2020| -1,2 400 0
2021| -1,2 400 0
2022| -1,2 400 0
2023| -1,5 400 0
2024| -1,8 400 0
2025| -2,1 400 0
2026| -2,1 400 0
2027| -2,1 400 0
2028| -2,1 400 0
2029| -2,1 400 0
2030| -2,1 400 0
2031| -2,1 400 0
2032| -2,1 400 0
2033| -2,1 400 0
2034| -2,1 400 0
2035| -2,1 400 0
2036| -2,1 400 0
2037| -2,1 400 0
2038| -2,1 400 0
2039| -2,1 400 0
2040| -2,1 400 0
2041| -2,1 400 0
2042| -2,1 400 0
2043| -2,1 400 0
2044| -2,1 400 0
2045| -2,1 400 0
2046| -2,1 400 0
2047| -2,1 400 0
2048| -2,1 400 0
2049| -2,1 400 0
2050| -2,1 400 0
2051| -2,1 400 0
2052| -2,1 400 0
2053| -2,1 400 0
2054| -2,1 400 0
2055| -2,1 400 0
2056| -2,1 400 0
2057| -2,1 400 0
2058| -2,1 400 0
2059| -2,1 400 0
2060| -2,1 400 0
2061| -2,1 400 0
2062| -2,1 400 0
2063| -2,1 400 0
2064| -2,1 400 0
2065| -2,1 400 0
2066| -2,1 400 0
2067| -2,1 400 0
2068| -2,1 400 0
2069| -2,1 400 0
2070| -2,1 400 0
2071| -2,1 400 0
2072| -2,1 400 0
2073| -2,1 400 0
2074| -2,1 400 0
2075| -2,1 400 0
2076| -2,1 400 0
2077| -2,1 400 0
2078| -2,1 400 0
2079| -2,1 400 0
2080| -2,1 400 0
2081| -2,1 400 0
2082| -2,1 400 0
2083| -2,1 400 0
2084| -2,1 400 0
2085| -2,1 400 0
2086| -2,1 400 0
2087| -2,1 400 0
2088| -2,1 400 0
2089| -2,1 400 0
2090| -2,1 400 0
2091| -2,1 400 0
2092| -2,1 400 0
2093| -2,1 400 0
2094| -2,1 400 0
2095| -2,1 400 0
2096| -2,1 400 0
2097| -2,1 400 0
2098| -2,1 400 0
2099| -2,1 400 0
2100| -2,4 400 0
2101| -2,7 400 0
2102| -2,7 400 0
2103| -2,7 400 0
2104| -2,7 400 0
2105| -2,7 400 0
2106| -2,7 400 0
2107| -2,7 400 0
2108| -2,7 400 0
2109| -2,7 400 0
2110| -2,7 400 0
2111| -2,7 400 0
2112| -2,7 400 0
2113| -2,7 400 0
2114| -2,7 400 0
2115| -2,7 400 0
2116| -2,7 400 0
2117| -2,7 400 0
2118| -2,7 400 0
2119| -2,7 400 0
2120| -2,7 400 0
2121| -2,7 400 0
2122| -2,7 400 0
2123| -2,7 400 0
2124| -2,7 400 0
2125| -2,7 400 0
2126| -2,7 400 0
2127| -2,7 400 0
2128| -2,7 400 0
2129| -2,7 400 0
2130| -2,7 400 0
2131| -2,7 400 0
2132| -2,7 400 0
2133| -2,7 400 0
2134| -2,7 400 0
2135| -2,7 400 0
2136| -2,7 400 0
2137| -2,7 400 0
2138| -2,7 400 0
2139| -2,7 400 0
2140| -2,7 400 0
2141| -2,7 400 0
2142| -2,7 400 0
2143| -2,7 400 0
2144| -2,7 400 0
2145| -2,7 400 0
2146| -2,7 400 0
2147| -2,7 400 0
2148| -2,7 400 0
2149| -2,7 400 0
2150| -2,7 400 0
2151| -2,7 400 0
2152| -2,7 400 0
2153| -2,7 400 0
2154| -2,7 400 0
2155| -2,7 400 0
2156| -2,7 400 0
2157| -2,7 400 0
2158| -2,7 400 0
2159| -2,7 400 0
2160| -2,7 400 0
2161| -2,7 400 0
2162| -2,7 400 0
2163| -2,7 400 0
2164| -2,7 400 0
2165| -2,7 400 0
2166| -2,7 400 0
2167| -2,7 400 0
2168| -2,7 400 0
2169| -2,7 400 0
2170| -2,7 400 0
2171| -2,7 400 0
2172| -2,7 400 0
2173| -2,7 400 0
2174| -2,7 400 0
2175| -2,7 400 0
2176| -2,7 400 0
2177| -2,7 400 0
2178| -2,7 400 0
2179| -2,7 400 0
2180| -2,7 400 0
2181| -2,7 400 0
2182| -2,7 400 0
2183| -2,7 400 0
2184| -2,7 400 0
2185| -2,7 400 0
2186| 0 400 0
2187| 0,3 400 0
2188| 0,6 400 0
2189| 0,9 400 0
2190| 0,9 400 0
2191| 0,9 400 0
2192| 0,9 400 0
2193| 0,9 400 0
2194| 0,9 400 0
2195| 0,9 400 0
2196| 0,9 400 0
2197| 0,9 400 0
2198| 0,9 400 0
2199| 0,9 400 0
2200| 0,9 400 0
2201| 0,9 400 0
2202| 0,9 400 0
2203| 0,9 400 0
2204| 0,9 400 0
2205| 0,9 400 0
2206| 0,9 400 0
2207| 0,9 400 0
2208| 0,9 400 0
2209| 0,9 400 0
2210| 0,9 400 0
2211| 0,9 400 0
2212| 0,9 400 0
2213| 0,9 400 0
2214| 0,9 400 0
2215| 0,9 400 0
2216| 0,9 400 0
2217| 0,9 400 0
2218| 0,9 400 0
2219| 0 400 0
2220| -0,3 400 0
2221| -0,6 400 0
2222| -0,6 400 0
2223| -0,6 400 0
2224| -0,6 400 0
2225| -0,6 400 0
2226| -0,6 400 0
2227| -0,6 400 0
2228| -0,6 400 0
2229| -0,6 400 0
2230| -0,6 400 0
2231| -0,6 400 0
2232| -0,6 400 0
2233| -0,6 400 0
2234| -0,6 400 0
2235| -0,6 400 0
2236| -0,6 400 0
2237| -0,6 400 0
2238| -0,6 400 0
2239| -0,9 400 0
2240| -1,2 400 0
2241| -1,5 400 0
2242| -1,8 400 0
2243| -1,8 400 0
2244| -1,8 400 0
2245| -1,8 400 0
2246| -1,8 400 0
2247| -1,8 400 0
2248| -1,8 400 0
2249| -1,8 400 0
2250| -1,8 400 0
2251| -1,8 400 0
2252| -1,8 400 0
2253| -1,8 400 0
2254| -1,8 400 0
2255| -1,8 400 0
2256| -1,8 400 0
2257| -1,8 400 0
2258| -1,8 400 0
2259| -1,8 400 0
2260| -1,8 400 0
2261| -1,8 400 0
2262| -1,8 400 0
2263| -1,8 400 0
2264| -1,8 400 0
2265| -1,8 400 0
2266| -1,8 400 0
2267| -1,8 400 0
2268| -1,8 400 0
2269| -1,8 400 0
2270| -1,8 400 0
2271| -1,8 400 0
2272| -1,8 400 0
2273| -1,8 400 0
2274| -1,8 400 0
2275| -1,8 400 0
2276| -1,8 400 0
2277| -1,8 400 0
2278| -1,8 400 0
2279| -1,8 400 0
2280| -1,8 400 0
2281| -1,8 400 0
2282| -1,8 400 0
2283| -1,8 400 0
2284| -1,8 400 0
2285| -1,8 400 0
2286| -1,8 400 0
2287| -1,8 400 0
2288| -1,8 400 0
2289| -1,8 400 0
2290| -1,8 400 0
2291| -1,8 400 0
2292| -1,8 400 0
2293| -1,8 400 0
2294| -1,8 400 0
2295| -1,8 400 0
2296| -1,8 400 0
2297| -1,8 400 0
2298| -1,8 400 0
2299| -2,1 400 0
2300| -2,4 400 0
2301| -2,7 400 0
2302| -3 400 0
2303| -3 400 0
2304| -3 400 0
2305| -3 400 0
2306| -3 400 0
2307| -3 400 0
2308| -3 400 0
2309| -3 400 0
2310| -3 400 0
2311| -3 400 0
2312| -3 400 0
2313| -3 400 0
2314| -3 400 0
2315| -3 400 0
2316| -3 400 0
2317| -3 400 0
2318| -3 400 0
2319| -3 400 0
2320| -3 400 0
2321| -3 400 0
2322| -3 400 0
2323| -3 400 0
2324| -3 400 0
2325| -3 400 0
2326| -3 400 0
2327| -3 400 0
2328| -3 400 0
2329| -3 400 0
2330| -3 400 0
2331| -3 400 0
2332| -3 400 0
2333| -3 400 0
2334| -3 400 0
2335| -3 400 0
2336| -3 400 0
2337| -3 400 0
2338| -3 400 0
2339| -3 400 0
2340| -3 400 0
2341| -3 400 0
2342| -3 400 0
2343| -3 400 0
2344| -3 400 0
2345| -3 400 0
2346| -3 400 0
2347| -3 400 0
2348| -3 400 0
2349| -3 400 0
2350| -3 400 0
2351| -3 400 0
2352| -3,299999 400 0
2353| -3,599999 400 0
2354| -3,899999 400 0
2355| -3,899999 400 0
2356| -3,899999 400 0
2357| -3,899999 400 0
2358| -3,899999 400 0
2359| -3,899999 400 0
2360| -3,899999 400 0
2361| -3,899999 400 0
2362| -3,899999 400 0
2363| -3,899999 400 0
2364| -3,899999 400 0
2365| -3,899999 400 0
2366| -3,899999 400 0
2367| -4,2 400 0
2368| -4,5 400 0
2369| -4,8 400 0
2370| -4,8 400 0
2371| -4,8 400 0
2372| -4,8 400 0
2373| -4,8 400 0
2374| -4,8 400 0
2375| -5,1 400 0
2376| -5,4 400 0
2377| -5,7 400 0
2378| -5,7 400 0
2379| -5,7 400 0
2380| -5,7 400 0
2381| -5,7 400 0
2382| -5,7 400 0
2383| -5,7 400 0
2384| -6 400 0
2385| -6,300001 400 0
2386| -6,600001 400 0
2387| -6,600001 400 0
2388| -6,600001 400 0
2389| -6,600001 400 0
2390| -6,600001 400 0
2391| -6,600001 400 0
2392| -6,600001 400 0
2393| -6,600001 400 0
2394| -6,600001 400 0
2395| -6,600001 400 0
2396| -6,600001 400 0
2397| -6,600001 400 0
2398| -6,600001 400 0
2399| -6,600001 400 0
2400| -6,600001 400 0
2401| -6,600001 400 0
2402| -6,600001 400 0
2403| -6,600001 400 0
2404| -6,600001 400 0
2405| -6,600001 400 0
2406| -6,600001 400 0
2407| -6,600001 400 0
2408| -6,600001 400 0
2409| -6,600001 400 0
2410| -6,600001 400 0
2411| -6,900001 400 0
2412| -7,200001 400 0
2413| -7,500001 400 0
2414| -7,500001 400 0
2415| -7,500001 400 0
2416| -7,500001 400 0
2417| -7,500001 400 0
2418| -7,500001 400 0
2419| -7,500001 400 0
2420| -7,500001 400 0
2421| -7,500001 400 0
2422| -7,500001 400 0
2423| -7,500001 400 0
2424| -7,500001 400 0
2425| -7,500001 400 0
2426| -7,500001 400 0
2427| -7,500001 400 0
2428| -7,500001 400 0
2429| -7,500001 400 0
2430| -7,500001 400 0
2431| -7,500001 400 0
2432| -7,500001 400 0
2433| -7,500001 400 0
2434| -7,500001 400 0
2435| -7,500001 400 0
2436| -7,500001 400 0
2437| -7,500001 400 0
2438| 0 400 0
2439| 0,3 400 0
2440| 0,6 400 0
2441| 0,6 400 0
2442| 0,6 400 0
2443| 0,6 400 0
2444| 0,6 400 0
2445| 0,6 400 0
2446| 0,6 400 0
2447| 0,6 400 0
2448| 0,6 400 0
2449| 0,6 400 0
2450| 0,6 400 0
2451| 0,6 400 0
2452| 0,6 400 0
2453| 0,6 400 0
2454| 0,6 400 0
2455| 0,6 400 0
2456| 0,6 400 0
2457| 0,6 400 0
2458| 0,6 400 0
2459| 0,6 400 0
2460| 0,6 400 0
2461| 0,6 400 0
2462| 0,6 400 0
2463| 0,6 400 0
2464| 0,6 400 0
2465| 0,6 400 0
2466| 0,6 400 0
2467| 0,6 400 0
2468| 0,6 400 0
2469| 0,6 400 0
2470| 0,6 400 0
2471| 0 400 0
2472| 0 400 0
2473| 0 400 0
2474| 0 400 0
2475| 0 400 0
2476| 0 400 0
2477| 0 400 0
2478| 0 400 0
2479| 0 400 0
2480| 0 400 0
2481| 0 400 0
2482| 0 400 0
2483| 0 400 0
2484| 0 400 0
2485| 0 400 0
2486| 0 400 0
2487| 0 400 0
2488| 0 400 0
2489| -0,3 400 0
2490| -0,6 400 0
2491| -0,9 400 0
2492| -0,9 400 0
2493| -0,9 400 0
2494| -0,9 400 0
2495| -0,9 400 0
2496| -0,9 400 0
2497| -0,9 400 0
2498| -1,2 400 0
2499| -1,5 400 0
2500| -1,8 400 0
2501| -1,8 400 0
2502| -1,8 400 0
2503| -1,8 400 0
2504| -1,8 400 0
2505| -1,8 400 0
2506| -1,8 400 0
2507| -1,8 400 0
2508| -1,8 400 0
2509| -1,8 400 0
2510| -1,8 400 0
2511| -1,8 400 0
2512| -1,8 400 0
2513| -1,8 400 0
2514| -1,8 400 0
2515| -1,8 400 0
2516| -1,8 400 0
2517| -1,8 400 0
2518| -1,8 400 0
2519| -1,8 400 0
2520| -1,8 400 0
2521| -1,8 400 0
2522| -1,8 400 0
2523| -1,8 400 0
2524| -1,8 400 0
2525| -1,8 400 0
2526| -1,8 400 0
2527| -1,8 400 0
2528| -1,8 400 0
2529| -2,1 400 0
2530| -2,4 400 0
2531| -2,7 400 0
2532| -2,7 400 0
2533| -2,7 400 0
2534| -2,7 400 0
2535| -2,7 400 0
2536| -2,7 400 0
2537| -2,7 400 0
2538| -2,7 400 0
2539| -2,7 400 0
2540| -2,7 400 0
2541| -2,7 400 0
2542| -2,7 400 0
2543| -2,7 400 0
2544| -2,7 400 0
2545| -2,7 400 0
2546| -2,7 400 0
2547| -2,7 400 0
2548| -2,7 400 0
2549| -2,7 400 0
2550| -2,7 400 0
2551| -2,7 400 0
2552| -2,7 400 0
2553| -2,7 400 0
2554| -2,7 400 0
2555| -2,7 400 0
2556| -2,7 400 0
2557| -2,7 400 0
2558| -2,7 400 0
2559| -2,7 400 0
2560| -2,7 400 0
2561| -2,7 400 0
2562| 0 400 0
2563| 0,3 400 0
2564| 0,6 400 0
2565| 0,6 400 0
2566| 0,6 400 0
2567| 0,6 400 0
2568| 0,6 400 0
2569| 0,6 400 0
2570| 0,6 400 0
2571| 0,6 400 0
2572| 0 400 0
2573| -0,3 400 0
2574| -0,6 400 0
2575| -0,6 400 0
2576| -0,6 400 0
2577| -0,6 400 0
2578| -0,6 400 0
2579| -0,6 400 0
2580| -0,6 400 0
2581| -0,9 400 0
2582| -1,2 400 0
2583| -1,5 400 0
2584| -1,5 400 0
2585| -1,5 400 0
2586| -1,5 400 0
2587| -1,5 400 0
2588| -1,5 400 0
2589| -1,5 400 0
2590| -1,5 400 0
2591| -1,5 400 0
2592| -1,5 400 0
2593| -1,5 400 0
2594| -1,8 400 0
2595| -2,1 400 0
2596| -2,4 400 0
2597| -2,4 400 0
2598| -2,4 400 0
2599| -2,4 400 0
2600| -2,7 400 0
2601| -3 400 0
2602| -3,299999 400 0
2603| -3,599999 400 0
2604| -3,899999 400 0
2605| -4,2 400 0
2606| -4,5 400 0
2607| -4,8 400 0
2608| -5,1 400 0
2609| -5,4 400 0
2610| -5,7 400 0
2611| -6 400 0
2612| -6 400 0
2613| -6 400 0
2614| -6 400 0
2615| -6 400 0
2616| -6,300001 400 0
2617| -6,600001 400 0
2618| -6,900001 400 0
2619| -6,900001 400 0
2620| -6,900001 400 0
2621| -6,900001 400 0
2622| -7,200001 400 0
2623| -7,500001 400 0
2624| -7,800001 400 0
2625| -8,1 400 0
2626| -8,4 400 0
2627| -8,4 400 0
2628| -8,4 400 0
2629| -8,4 400 0
2630| -8,4 400 0
2631| -8,4 400 0
2632| -8,4 400 0
2633| -8,7 400 0
2634| -8,999999 400 0
2635| -9,299999 400 0
2636| -9,599998 400 0
2637| -9,599998 400 0
2638| -9,599998 400 0
2639| -9,599998 400 0
2640| -9,599998 400 0
2641| -9,599998 400 0
2642| -9,599998 400 0
2643| -9,599998 400 0
2644| -9,599998 400 0
2645| -9,599998 400 0
2646| -9,599998 400 0
2647| -9,599998 400 0
2648| -9,599998 400 0
2649| -9,599998 400 0
2650| -9,599998 400 0
2651| 0 400 0
2652| 0,3 400 0
2653| 0,3 400 0
2654| 0,3 400 0
2655| 0,3 400 0
2656| 0,3 400 0
2657| 0,3 400 0
2658| 0,3 400 0
2659| 0,3 400 0
2660| 0,3 400 0
2661| 0,3 400 0
2662| 0,3 400 0
2663| 0,3 400 0
2664| 0,3 400 0
2665| 0,3 400 0
2666| 0,3 400 0
2667| 0,3 400 0
2668| 0,3 400 0
2669| 0,3 400 0
2670| 0,3 400 0
2671| 0,3 400 0
2672| 0 400 0
2673| -0,3 400 0
2674| -0,3 400 0
2675| -0,3 400 0
2676| -0,3 400 0
2677| -0,3 400 0
2678| -0,3 400 0
2679| -0,3 400 0
2680| -0,3 400 0
2681| -0,3 400 0
2682| -0,3 400 0
2683| -0,3 400 0
2684| -0,3 400 0
2685| -0,3 400 0
2686| -0,3 400 0
2687| -0,3 400 0
2688| -0,3 400 0
2689| -0,3 400 0
2690| -0,3 400 0
2691| -0,3 400 0
2692| -0,3 400 0
2693| -0,3 400 0
2694| -0,3 400 0
2695| -0,6 400 0
2696| -0,9 400 0
2697| -1,2 400 0
2698| -1,2 400 0
2699| -1,2 400 0
2700| -1,2 400 0
2701| -1,2 400 0
2702| -1,2 400 0
2703| -1,2 400 0
2704| -1,2 400 0
2705| -1,2 400 0
2706| -1,2 400 0
2707| -1,2 400 0
2708| -1,2 400 0
2709| -1,2 400 0
2710| -1,2 400 0
2711| -1,2 400 0
2712| -1,2 400 0
2713| -1,5 400 0
2714| -1,8 400 0
2715| -1,8 400 0
2716| -1,8 400 0
2717| -1,8 400 0
2718| -1,8 400 0
2719| -2,1 400 0
2720| -2,4 400 0
2721| -2,7 400 0
2722| -2,7 400 0
2723| -2,7 400 0
2724| -2,7 400 0
2725| -2,7 400 0
2726| -2,7 400 0
2727| -2,7 400 0
2728| -3 400 0
2729| -3,299999 400 0
2730| -3,599999 400 0
2731| -3,599999 400 0
2732| -3,599999 400 0
2733| -3,599999 400 0
2734| -3,599999 400 0
2735| -3,899999 400 0
2736| -4,2 400 0
2737| -4,5 400 0
2738| -4,5 400 0
2739| -4,5 400 0
2740| -4,5 400 0
2741| -4,5 400 0
2742| -4,5 400 0
2743| -4,5 400 0
2744| -4,5 400 0
2745| -4,8 400 0
2746| -5,1 400 0
2747| -5,1 400 0
2748| -5,1 400 0
2749| -5,1 400 0
2750| -5,1 400 0
2751| -5,4 400 0
2752| -5,7 400 0
2753| -6 400 0
2754| -6,300001 400 0
2755| -6,300001 400 0
2756| -6,300001 400 0
2757| -6,300001 400 0
2758| -6,600001 400 0
2759| -6,900001 400 0
2760| -7,200001 400 0
2761| -7,500001 400 0
2762| -7,500001 400 0
2763| -7,500001 400 0
2764| -7,500001 400 0
2765| -7,500001 400 0
2766| -7,500001 400 0
2767| -7,500001 400 0
2768| -7,500001 400 0
2769| -7,800001 400 0
2770| -8,1 400 0
2771| -8,4 400 0
2772| -8,4 400 0
2773| -8,4 400 0
2774| -8,4 400 0
2775| -8,4 400 0
2776| -8,4 400 0
2777| -8,7 400 0
2778| -8,999999 400 0
2779| -9,299999 400 0
2780| -9,299999 400 0
2781| -9,299999 400 0
2782| -9,299999 400 0
2783| -9,299999 400 0
2784| -9,599998 400 0
2785| -9,899999 400 0
2786| -10,2 400 0
2787| -10,5 400 0
2788| -10,5 400 0
2789| -10,5 400 0
2790| -10,5 400 0
2791| -10,5 400 0
2792| -10,5 400 0
2793| -10,5 400 0
2794| -10,8 400 0
2795| -11,1 400 0
2796| -11,4 400 0
2797| -11,4 400 0
2798| -11,4 400 0
2799| -11,4 400 0
2800| -11,4 400 0
2801| -11,4 400 0
2802| -11,4 400 0
2803| -11,4 400 0
2804| -11,4 400 0
2805| -11,4 400 0
2806| -11,4 400 0
2807| -11,4 400 0
2808| 0 400 0
2809| 0,3 400 0
2810| 0,3 400 0
2811| 0,3 400 0
2812| 0,3 400 0
2813| 0,3 400 0
2814| 0,3 400 0
2815| 0,3 400 0
2816| 0,3 400 0
2817| 0,3 400 0
2818| 0,3 400 0
2819| 0,3 400 0
2820| 0,3 400 0
2821| 0,3 400 0
2822| 0,3 400 0
2823| 0,3 400 0
2824| 0,3 400 0
2825| 0,3 400 0
2826| 0,3 400 0
2827| 0,3 400 0
2828| 0,3 400 0
2829| 0,3 400 0
2830| 0,3 400 0
2831| 0,3 400 0
2832| 0,3 400 0
2833| 0,3 400 0
2834| 0,3 400 0
2835| 0,3 400 0
2836| 0,3 400 0
2837| 0,3 400 0
2838| 0,3 400 0
2839| 0,3 400 0
2840| 0,3 400 0
2841| 0,3 400 0
2842| 0,3 400 0
2843| 0,3 400 0
2844| 0,3 400 0
2845| 0,3 400 0
2846| 0,3 400 0
2847| 0,3 400 0
2848| 0,3 400 0
2849| 0,3 400 0
2850| 0,3 400 0
2851| 0,3 400 0
2852| 0,3 400 0
2853| 0 400 0
2854| -0,3 400 0
2855| -0,6 400 0
2856| -0,9 400 0
2857| -1,2 400 0
2858| -1,5 400 0
2859| -1,8 400 0
2860| -2,1 400 0
2861| -2,4 400 0
2862| -2,7 400 0
2863| -3 400 0
2864| -3,299999 400 0
2865| -3,599999 400 0
2866| -3,899999 400 0
2867| -4,2 0 0
2868| -4,5 -4 0
2869| -4,8 -8 0
2870| -5,1 -12 0
2871| -5,4 -16 0
2872| -5,7 -20 0
2873| -6 -24 0
2874| -6,300001 -28 0
2875| -6,600001 -32 0
2876| -6,900001 -36 0
2877| -7,200001 -40 0
2878| -7,500001 -43,99999 0
2879| -7,800001 -47,99999 0
2880| -8,1 -51,99999 0
2881| -8,4 -55,99999 0
2882| -8,7 -55,99999 0
2883| -8,999999 -55,99999 0
2884| -9,299999 -55,99999 0
2885| -9,599998 -55,99999 0
2886| -9,899999 -55,99999 0
2887| -10,2 -55,99999 0
2888| -10,5 -55,99999 0
2889| -10,8 -55,99999 0
2890| -11,1 -55,99999 0
2891| -11,4 0 0
2892| -11,7 4 0
2893| -12 8 0
2894| -12,3 12 0
2895| -12,6 16 0
2896| -12,9 20 0
2897| -13,2 24 0
2898| -13,2 28 0
2899| -13,2 32 0
2900| -13,2 36 0
2901| -13,2 40 0
2902| -13,2 43,99999 0
2903| -13,2 47,99999 0
2904| -13,2 51,99999 0
2905| -13,2 55,99999 0
2906| -13,2 60 0
2907| -13,2 64 0
2908| -13,2 68 0
2909| -13,2 72 0
2910| -13,2 76,00001 0
2911| -13,5 80,00001 0
2912| -13,79999 84,00001 0
2913| -14,09999 88,00002 0
2914| -14,09999 92,00002 0
2915| -14,09999 96,00002 0
2916| -14,09999 100 0
2917| -14,09999 104 0
2918| -14,09999 108 0
2919| -14,39999 112 0
2920| -14,69999 116 0
2921| -14,69999 120 0
2922| -14,69999 124 0
2923| -14,69999 128 0
2924| -14,69999 132 0
2925| -14,99999 136 0
2926| -15,29999 140 0
2927| -15,29999 144 0
2928| -15,29999 148 0
2929| -15,29999 152 0
2930| -15,29999 156 0
2931| -15,29999 160 0
2932| -15,29999 164 0
2933| -15,59999 168 0
2934| -15,89999 171,9999 0
2935| -16,19999 175,9999 0
2936| -16,19999 179,9999 0
2937| -16,19999 183,9999 0
2938| -16,19999 187,9999 0
2939| -16,19999 191,9999 0
2940| -16,19999 195,9999 0
2941| -16,19999 199,9999 0
2942| -16,19999 203,9999 0
2943| -16,19999 207,9999 0
2944| -16,19999 211,9999 0
2945| -16,19999 215,9999 0
2946| -16,19999 219,9999 0
2947| -16,19999 223,9999 0
2948| -16,19999 227,9999 0
2949| -16,19999 231,9999 0
2950| -16,19999 235,9999 0
2951| -16,19999 239,9999 0
2952| -16,19999 243,9999 0
2953| -16,19999 247,9999 0
2954| -16,19999 251,9999 0
2955| -16,19999 255,9999 0
2956| -16,19999 259,9999 0
2957| -16,19999 263,9999 0
2958| -16,19999 267,9999 0
2959| -16,19999 271,9998 0
2960| -16,19999 275,9998 0
2961| -16,19999 279,9998 0
2962| -16,19999 283,9998 0
2963| -16,19999 287,9998 0
2964| -16,19999 291,9998 0
2965| -16,19999 295,9998 0
2966| -16,19999 299,9998 0
2967| -16,19999 303,9998 0
2968| -16,49999 307,9998 0
2969| -16,79999 311,9998 0
2970| -17,09999 315,9998 0
2971| -17,39999 319,9998 0
2972| -17,39999 323,9998 0
2973| -17,39999 327,9998 0
2974| -17,39999 331,9998 0
2975| -17,39999 335,9998 0
2976| -17,69999 339,9998 0
2977| -17,99999 343,9998 0
2978| -18,29999 347,9998 0
2979| -18,29999 351,9998 0
2980| -18,29999 355,9998 0
2981| -18,29999 359,9998 0
2982| -18,29999 363,9998 0
2983| -18,29999 367,9998 0
2984| -18,29999 371,9998 0
2985| -18,29999 375,9998 0
2986| -18,29999 379,9998 0
2987| -18,29999 383,9998 0
2988| -18,29999 387,9998 0
2989| -18,29999 391,9998 0
2990| -18,29999 395,9998 0
2991| -18,29999 399,9997 0
2992| -18,29999 403,9998 0
2993| -18,29999 400 0
2994| -18,29999 400 0
2995| -18,29999 400 0
2996| -18,59999 400 0
2997| -18,89999 400 0
2998| -18,89999 400 0
2999| -18,89999 400 0
3000| -18,89999 400 0
3001| -18,89999 400 0
3002| -18,89999 400 0
3003| -18,89999 400 0
3004| -18,89999 400 0
3005| -18,89999 400 0
3006| -18,89999 400 0
3007| -18,89999 400 0
3008| -19,19999 400 0
3009| -19,49999 400 0
3010| -19,79999 400 0
3011| -20,09999 400 0
3012| -20,09999 400 0
3013| -20,09999 400 0
3014| -20,09999 400 0
3015| -20,09999 400 0
3016| -20,09999 400 0
3017| -20,09999 400 0
3018| -20,09999 400 0
3019| -20,09999 400 0
3020| -20,09999 400 0
3021| -20,09999 400 0
3022| -20,09999 400 0
3023| -20,09999 400 0
3024| -20,09999 400 0
3025| -20,09999 400 0
3026| -20,09999 400 0
3027| -20,09999 400 0
3028| -20,09999 400 0
3029| -20,09999 400 0
3030| -20,09999 400 0
3031| -20,09999 400 0
3032| -20,09999 400 0
3033| -20,09999 400 0
3034| -20,09999 400 0
3035| -20,09999 400 0
3036| -20,09999 400 0
3037| -20,09999 400 0
3038| -20,09999 400 0
3039| -20,09999 400 0
3040| -20,09999 400 0
3041| -20,09999 400 0
3042| -20,09999 400 0
3043| -20,09999 400 0
3044| 0 400 0
3045| 0,3 400 0
3046| 0,6 400 0
3047| 0,6 400 0
3048| 0,6 400 0
3049| 0,6 400 0
3050| 0,6 400 0
3051| 0,6 400 0
3052| 0,6 400 0
3053| 0,6 400 0
3054| 0,6 400 0
3055| 0,6 400 0
3056| 0,6 400 0
3057| 0,6 400 0
3058| 0,6 400 0
3059| 0,9 400 0
3060| 1,2 400 0
3061| 1,5 400 0
3062| 1,8 400 0
3063| 2,1 400 0
3064| 2,1 400 0
3065| 2,1 400 0
3066| 2,1 400 0
3067| 2,4 400 0
3068| 2,7 400 0
3069| 3 400 0
3070| 3,299999 400 0
3071| 3,599999 400 0
3072| 3,899999 400 0
3073| 4,2 400 0
3074| 4,5 400 0
3075| 4,5 400 0
3076| 0 0 0
3077| 0 0 0
3078| 0 0 0
3079| 0 0 0
3080| 0 0 0
3081| 0 0 0
3082| 0,3 0 0
3083| 0,6 0 0
3084| 0,9 0 0
3085| 1,2 0 0
3086| 1,5 0 0
3087| 1,8 0 0
3088| 2,1 0 0
3089| 2,4 0 0
3090| 2,7 0 0
3091| 3 0 0
3092| 3,299999 0 0
3093| 3,599999 0 0
3094| 3,899999 0 0
3095| 4,2 0 0
3096| 4,5 0 0
3097| 4,8 0 0
3098| 5,1 0 0
3099| 5,4 0 0
3100| 5,7 0 0
3101| 6 0 0
3102| 6,300001 -4 0
3103| 6,600001 -8 0
3104| 6,900001 -12 0
3105| 7,200001 -16 0
3106| 7,500001 -20 0
3107| 7,800001 -24 0
3108| 8,1 -28 0
3109| 8,4 -32 0
3110| 8,7 -36 0
3111| 8,999999 -40 0
3112| 9,299999 -43,99999 0
3113| 9,599998 -47,99999 0
3114| 9,899999 -51,99999 0
3115| 10,2 -55,99999 0
3116| 10,5 -60 0
3117| 10,8 -64 0
3118| 11,1 -64 0
3119| 11,4 -64 0
3120| 11,7 -64 0
3121| 12 -64 0
3122| 12,3 -64 0
3123| 12,6 -64 0
3124| 12,9 -64 0
3125| 13,2 -64 0
3126| 13,5 -64 0
3127| 13,79999 -64 0
3128| 14,09999 -64 0
3129| 14,39999 -64 0
3130| 14,69999 0 0
3131| 14,99999 4 0
3132| 15,29999 8 0
3133| 15,59999 12 0
3134| 15,89999 16 0
3135| 16,19999 20 0
3136| 16,49999 24 0
3137| 16,79999 28 0
3138| 17,09999 32 0
3139| 17,39999 36 0
3140| 17,69999 40 0
3141| 17,99999 43,99999 0
3142| 18,29999 47,99999 0
3143| 18,59999 51,99999 0
3144| 18,89999 55,99999 0
3145| 19,19999 60 0
3146| 19,49999 64 0
3147| 19,79999 68 0
3148| 20,09999 72 0
3149| 20,39999 76,00001 0
3150| 20,69999 80,00001 0
3151| 20,99999 84,00001 0
3152| 21,29999 88,00002 0
3153| 21,59999 92,00002 0
3154| 21,89999 96,00002 0
3155| 22,19999 100 0
3156| 22,49999 104 0
3157| 22,79999 108 0
3158| 23,09999 112 0
3159| 23,39999 116 0
3160| 23,69999 120 0
3161| 23,99999 124 0
3162| 24,29999 128 0
3163| 24,59999 132 0
3164| 24,89998 132 0
3165| 25,19999 132 0
3166| 25,49998 132 0
3167| 25,79998 132 0
3168| 26,09998 132 0
3169| 26,39998 132 0
3170| 26,69998 132 0
3171| 26,99998 132 0
3172| 27,29998 132 0
3173| 27,59998 132 0
3174| 27,89998 132 0
3175| 28,19998 132 0
3176| 0 132 0
3177| 0 0 0
3178| -0,3 -4 0
3179| -0,6 -8 0
3180| -0,9 -12 0
3181| -1,2 -16 0
3182| -1,5 -20 0
3183| -1,8 -24 0
3184| -2,1 -28 0
3185| -2,4 -32 0
3186| -2,7 -36 0
3187| -3 -40 0
3188| -3,299999 -43,99999 0
3189| -3,599999 -47,99999 0
3190| -3,899999 -51,99999 0
3191| -4,2 -55,99999 0
3192| -4,5 -60 0
3193| -4,8 -64 0
3194| -5,1 -68 0
3195| -5,4 -72 0
3196| -5,7 -76,00001 0
3197| -6 -80,00001 0
3198| -6,300001 -84,00001 0
3199| -6,600001 -88,00002 0
3200| -6,900001 -92,00002 0
3201| -7,200001 -96,00002 0
3202| -7,500001 -100 0
3203| -7,800001 -104 0
3204| -8,1 -108 0
3205| -8,4 -112 0
3206| -8,7 -116 0
3207| -8,999999 -120 0
3208| -9,299999 -124 0
3209| -9,599998 -128 0
3210| -9,899999 -132 0
3211| -10,2 -136 0
3212| -10,5 -140 0
3213| -10,8 -144 0
3214| -11,1 -148 0
3215| -11,4 -152 0
3216| -11,7 -156 0
3217| -12 -160 0
3218| -12,3 -164 0
3219| -12,6 -168 0
3220| -12,9 -171,9999 0
3221| -13,2 -175,9999 0
3222| -13,5 -179,9999 0
3223| -13,79999 -183,9999 0
3224| -14,09999 -187,9999 0
3225| -14,39999 -191,9999 0
3226| -14,69999 -195,9999 0
3227| -14,99999 -199,9999 0
3228| -15,29999 -203,9999 0
3229| -15,59999 -207,9999 0
3230| -15,89999 -211,9999 0
3231| -16,19999 -215,9999 0
3232| -16,49999 -219,9999 0
3233| -16,79999 -223,9999 0
3234| -17,09999 -227,9999 0
3235| -17,39999 -231,9999 0
3236| -17,69999 -235,9999 0
3237| -17,99999 -239,9999 0
3238| -18,29999 -243,9999 0
3239| -18,59999 -247,9999 0
3240| -18,89999 -251,9999 0
3241| -19,19999 -255,9999 0
3242| -19,49999 -259,9999 0
3243| -19,79999 -263,9999 0
3244| -20,09999 -267,9999 0
3245| -20,39999 -271,9998 0
3246| -20,69999 -275,9998 0
3247| -20,99999 -279,9998 0
3248| -21,29999 -283,9998 0
3249| -21,59999 -287,9998 0
3250| -21,89999 -291,9998 0
3251| -22,19999 -295,9998 0
3252| -22,49999 -299,9998 0
3253| -22,79999 -303,9998 0
3254| -23,09999 -307,9998 0
3255| -23,39999 -311,9998 0
3256| -23,69999 -315,9998 0
3257| -23,99999 -319,9998 0
3258| -24,29999 -323,9998 0
3259| -24,59999 -327,9998 0
3260| -24,89998 -331,9998 0
3261| -25,19999 -335,9998 0
3262| -25,49998 -339,9998 0
3263| -25,79998 -343,9998 0
3264| -26,09998 -347,9998 0
3265| -26,39998 -351,9998 0
3266| -26,69998 -355,9998 0
3267| -26,99998 -359,9998 0
3268| -27,29998 -363,9998 0
3269| -27,59998 -367,9998 0
3270| -27,89998 -371,9998 0
3271| -28,19998 -375,9998 0
3272| -28,49998 -379,9998 0
3273| -28,79998 -383,9998 0
3274| -29,09998 -387,9998 0
3275| -29,39998 -391,9998 0
3276| -29,69998 -395,9998 0
3277| -29,99998 -399,9997 0
3278| -30,29998 -403,9998 0
3279| -30 -400 0
3280| -30 -400 0
3281| -30 -400 0
3282| -30 -400 0
3283| -30 -400 0
3284| -30 -400 0
3285| -30 -400 0
3286| -30 -400 0
3287| -30 -400 0
3288| -30 -400 0
3289| -30 -400 0
3290| -30 -400 0
3291| -30 -400 0
3292| -30 -400 0
3293| -30 -400 0
3294| -30 -400 0
3295| -30 -400 0
3296| -30 -400 0
3297| -30 -400 0
3298| -30 -400 0
3299| -30 -400 0
3300| -30 -400 0
3301| -30 -400 0
3302| 0 0 30000
3303| 0 0 30000
3304| 0 0 30000
3305| 0 0 30000
3306| 0 0 30000
3307| 0 0 30000
3308| 0 0 30000
3309| 0 0 30000
3310| 0 0 30000
3311| 0 0 30000
3312| 0 0 30000
3313| 0 0 30000
3314| 0 0 30000
3315| 0 0 30000
3316| 0 0 30000
3317| 0 0 30000
3318| 0 0 30000
3319| 0 0 30000
3320| 0 0 30000
3321| 0 0 30000
3322| 0 0 30000
3323| 0 0 30000
3324| 0 0 0
3325| 0,3 0 0
3326| 0,6 0 0
3327| 0,9 0 0
3328| 1,2 0 0
3329| 0 0 0
3330| 0 0 0
3331| 0 0 0
3332| 0 0 0
3333| 0 0 0
3334| 0 0 0
3335| 0,3 0 0
3336| 0,6 0 0
3337| 0,9 0 0
3338| 1,2 0 0
3339| 1,5 4 0
3340| 1,8 8 0
3341| 2,1 12 0
3342| 2,4 16 0
3343| 2,7 20 0
3344| 3 24 0
3345| 3,299999 28 0
3346| 3,599999 32 0
3347| 3,899999 36 0
3348| 4,2 40 0
3349| 4,5 43,99999 0
3350| 4,8 47,99999 0
3351| 5,1 51,99999 0
3352| 5,4 55,99999 0
3353| 5,7 60 0
3354| 6 64 0
3355| 6,300001 68 0
3356| 6,600001 72 0
3357| 6,900001 76,00001 0
3358| 7,200001 80,00001 0
3359| 7,500001 84,00001 0
3360| 7,800001 88,00002 0
3361| 8,1 92,00002 0
3362| 8,4 96,00002 0
3363| 8,7 100 0
3364| 8,999999 104 0
3365| 9,299999 108 0
3366| 9,599998 112 0
3367| 9,899999 116 0
3368| 10,2 120 0
3369| 10,5 124 0
3370| 10,8 128 0
3371| 11,1 132 0
3372| 11,4 136 0
3373| 11,7 140 0
3374| 12 144 0
3375| 12,3 148 0
3376| 12,6 152 0
3377| 12,9 156 0
3378| 13,2 160 0
3379| 13,5 164 0
3380| 13,79999 168 0
3381| 14,09999 171,9999 0
3382| 14,39999 175,9999 0
3383| 14,69999 179,9999 0
3384| 14,99999 183,9999 0
3385| 15,29999 187,9999 0
3386| 15,59999 191,9999 0
3387| 15,89999 195,9999 0
3388| 16,19999 199,9999 0
3389| 16,49999 203,9999 0
3390| 16,79999 207,9999 0
3391| 17,09999 211,9999 0
3392| 17,39999 215,9999 0
3393| 17,69999 219,9999 0
3394| 17,99999 223,9999 0
3395| 18,29999 227,9999 0
3396| 18,59999 231,9999 0
3397| 18,89999 235,9999 0
3398| 19,19999 239,9999 0
3399| 19,49999 243,9999 0
3400| 19,79999 247,9999 0
3401| 20,09999 251,9999 0
3402| 20,39999 251,9999 0
3403| 20,69999 251,9999 0
3404| 20,99999 251,9999 0
3405| 21,29999 251,9999 0
3406| 0 251,9999 0
3407| 0 0 0
3408| 0 -4 0
3409| -0,3 -8 0
3410| -0,6 -12 0
3411| -0,9 -16 0
3412| -1,2 -20 0
3413| -1,5 -24 0
3414| -1,8 -28 0
3415| -2,1 -32 0
3416| -2,4 -36 0
3417| -2,7 -40 0
3418| -3 -43,99999 0
3419| -3,299999 -47,99999 0
3420| -3,599999 -51,99999 0
3421| -3,899999 -55,99999 0
3422| -4,2 -60 0
3423| -4,5 -64 0
3424| -4,8 -68 0
3425| -5,1 -72 0
3426| -5,4 -76,00001 0
3427| -5,7 -80,00001 0
3428| -6 -84,00001 0
3429| -6,300001 -88,00002 0
3430| -6,600001 -92,00002 0
3431| -6,900001 -96,00002 0
3432| -7,200001 -100 0
3433| -7,500001 -104 0
3434| -7,800001 -108 0
3435| -8,1 -112 0
3436| -8,4 -116 0
3437| -8,7 -120 0
3438| -8,999999 -124 0
3439| -9,299999 -128 0
3440| -9,599998 -132 0
3441| -9,899999 -136 0
3442| -10,2 -140 0
3443| -10,5 -144 0
3444| -10,8 -148 0
3445| -11,1 -152 0
3446| -11,4 -156 0
3447| -11,7 -160 0
3448| -12 -164 0
3449| -12,3 -168 0
3450| -12,6 -171,9999 0
3451| -12,9 -175,9999 0
3452| -13,2 -179,9999 0
3453| -13,5 -183,9999 0
3454| -13,79999 -187,9999 0
3455| -14,09999 -191,9999 0
3456| -14,39999 -195,9999 0
3457| -14,69999 -199,9999 0
3458| -14,99999 -203,9999 0
3459| -15,29999 -207,9999 0
3460| -15,59999 -211,9999 0
3461| -15,89999 -215,9999 0
3462| -16,19999 -219,9999 0
3463| -16,49999 -223,9999 0
3464| -16,79999 -227,9999 0
3465| -17,09999 -231,9999 0
3466| -17,39999 -235,9999 0
3467| -17,69999 -239,9999 0
3468| -17,99999 -243,9999 0
3469| -18,29999 -247,9999 0
3470| -18,59999 -251,9999 0
3471| -18,89999 -255,9999 0
3472| -19,19999 -259,9999 0
3473| -19,49999 -263,9999 0
3474| -19,79999 -267,9999 0
3475| -20,09999 -271,9998 0
3476| -20,39999 -275,9998 0
3477| -20,69999 -279,9998 0
3478| -20,99999 -283,9998 0
3479| -21,29999 -287,9998 0
3480| -21,59999 -291,9998 0
3481| -21,89999 -295,9998 0
3482| -22,19999 -299,9998 0
3483| -22,49999 -303,9998 0
3484| -22,79999 -307,9998 0
3485| -23,09999 -311,9998 0
3486| -23,39999 -315,9998 0
3487| -23,69999 -319,9998 0
3488| -23,99999 -323,9998 0
3489| -24,29999 -327,9998 0
3490| -24,59999 -331,9998 0
3491| -24,89998 -335,9998 0
3492| -25,19999 -339,9998 0
3493| -25,49998 -339,9998 0
3494| -25,79998 -339,9998 0
3495| -26,09998 -339,9998 0
3496| -26,39998 -339,9998 0
3497| 0 -339,9998 0
3498| 0,3 -339,9998 0
3499| 0,6 -339,9998 0
3500| 0,9 -339,9998 0
3501| 1,2 -339,9998 0
3502| 1,5 0 0
3503| 1,8 4 0
3504| 2,1 8 0
3505| 2,4 12 0
3506| 2,7 16 0
3507| 3 20 30000
3508| 3,299999 24 30000
3509| 3,599999 28 30000
3510| 3,899999 32 30000
3511| 4,2 36 30000
3512| 4,5 40 30000
3513| 4,8 43,99999 30000
3514| 5,1 47,99999 30000
3515| 5,4 51,99999 30000
3516| 5,7 55,99999 30000
3517| 6 60 30000
3518| 6,300001 64 30000
3519| 6,600001 68 30000
3520| 6,900001 72 30000
3521| 7,200001 76,00001 30000
3522| 7,500001 80,00001 30000
3523| 7,800001 84,00001 30000
3524| 8,1 88,00002 30000
3525| 8,4 92,00002 30000
3526| 8,7 96,00002 30000
3527| 8,999999 100 30000
3528| 9,299999 104 30000
3529| 9,599998 108 0
3530| 9,899999 112 0
3531| 10,2 116 0
3532| 10,5 120 0
3533| 10,8 124 0
3534| 11,1 128 0
3535| 11,4 132 0
3536| 11,7 136 0
3537| 12 140 0
3538| 12,3 144 0
3539| 12,6 148 0
3540| 12,9 152 0
3541| 13,2 156 0
3542| 13,5 160 0
3543| 13,79999 164 0
3544| 14,09999 168 0
3545| 14,39999 171,9999 0
3546| 14,69999 175,9999 0
3547| 14,99999 179,9999 0
3548| 15,29999 183,9999 0
3549| 15,59999 187,9999 0
3550| 15,89999 191,9999 0
3551| 16,19999 195,9999 0
3552| 16,49999 199,9999 0
3553| 16,79999 203,9999 0
3554| 17,09999 207,9999 0
3555| 17,39999 211,9999 0
3556| 17,69999 215,9999 0
3557| 17,99999 219,9999 0
3558| 18,29999 223,9999 0
3559| 18,59999 227,9999 0
3560| 18,89999 231,9999 0
3561| 19,19999 235,9999 0
3562| 19,49999 239,9999 0
3563| 19,79999 243,9999 0
3564| 20,09999 247,9999 0
3565| 20,39999 251,9999 0
3566| 20,69999 255,9999 0
3567| 20,99999 259,9999 0
3568| 21,29999 263,9999 0
3569| 21,59999 267,9999 0
3570| 21,89999 271,9998 0
3571| 22,19999 275,9998 0
3572| 22,49999 279,9998 0
3573| 22,79999 283,9998 0
3574| 23,09999 287,9998 0
3575| 23,39999 291,9998 0
3576| 23,69999 295,9998 0
3577| 23,99999 299,9998 0
3578| 24,29999 303,9998 0
3579| 24,59999 307,9998 0
3580| 24,89998 311,9998 0
3581| 25,19999 315,9998 0
3582| 25,49998 319,9998 0
3583| 25,79998 323,9998 0
3584| 26,09998 327,9998 0
3585| 26,39998 331,9998 0
3586| 26,69998 335,9998 0
3587| 26,99998 339,9998 0
3588| 27,29998 343,9998 0
3589| 27,59998 347,9998 0
3590| 27,89998 351,9998 0
3591| 28,19998 355,9998 0
3592| 28,49998 359,9998 0
3593| 28,79998 363,9998 0
3594| 29,09998 367,9998 0
3595| 29,39998 371,9998 0
3596| 29,69998 375,9998 0
3597| 29,99998 379,9998 0
3598| 30,29998 383,9998 0
3599| 30,29998 387,9998 0
3600| 30,29998 391,9998 0
3601| 30,29998 395,9998 0
3602| 30,29998 399,9997 0
3603| 30,29998 403,9998 0
3604| 30,29998 400 0
3605| 0 400 0
3606| -0,3 400 0
3607| -0,6 400 0
3608| -0,9 400 0
3609| -1,2 400 0
3610| -1,5 400 0
3611| -1,8 400 0
3612| -2,1 400 0
3613| -2,4 400 0
3614| -2,7 400 0
3615| -3 400 0
3616| -3,299999 400 0
3617| -3,599999 400 0
3618| 0 0 0
3619| 0 0 0
3620| 0 0 0
3621| 0 0 0
3622| 0 0 0
3623| 0 0 0
3624| 0 0 0
3625| 0 0 0
3626| 0 0 0
3627| -0,3 0 0
3628| -0,6 0 0
3629| -0,9 0 0
3630| -1,2 0 0
3631| -1,5 0 0
3632| 0 0 0
3633| 0 0 0
3634| 0 0 0
3635| -0,3 0 0
3636| -0,6 0 0
3637| -0,9 0 0
3638| -1,2 0 0
3639| -1,5 0 0
3640| -1,8 0 0
3641| -2,1 0 0
3642| -2,4 0 0
3643| -2,7 0 0
3644| -3 0 0
3645| -3,299999 0 0
3646| -3,599999 0 0
3647| -3,899999 0 0
3648| -4,2 0 0
3649| -4,5 0 0
3650| -4,8 0 0
3651| -5,1 0 0
3652| -5,4 0 0
3653| -5,7 0 0
3654| -6 0 0
3655| -6,300001 0 0
3656| -6,600001 0 0
3657| -6,900001 0 0
3658| -7,200001 0 0
3659| -7,500001 0 0
3660| -7,800001 0 0
3661| -8,1 0 0
3662| -8,4 0 0
3663| -8,7 0 0
3664| -8,999999 0 0
3665| -9,299999 0 0
3666| -9,599998 0 0
3667| -9,899999 0 0
3668| -10,2 0 0
3669| -10,5 0 0
3670| -10,8 0 0
3671| -11,1 0 0
3672| -11,4 0 0
3673| -11,7 0 0
3674| -12 0 0
3675| -12,3 0 0
3676| -12,6 0 0
3677| -12,9 0 0
3678| -13,2 0 0
3679| -13,5 0 0
3680| -13,79999 0 0
3681| 0 0 0
3682| 0 0 0
3683| 0 0 0
3684| 0 0 0
3685| 0 0 0
3686| 0 0 0
3687| 0 0 0
3688| 0 0 0
3689| 0 0 0
3690| 0 0 0
3691| 0 0 0
3692| 0 0 0
3693| 0 0 0
3694| 0 0 0
3695| 0 0 0
3696| -0,3 0 0
3697| -0,6 0 0
3698| -0,9 0 0
3699| -1,2 0 0
3700| -1,5 0 0
3701| -1,8 0 0
3702| -2,1 0 0
3703| -2,4 0 0
3704| -2,7 0 0
3705| -3 0 0
3706| -3,299999 0 0
3707| -3,599999 0 0
3708| -3,899999 0 0
3709| -4,2 0 0
3710| 0 0 0
3711| 0 0 0
3712| 0 0 0
3713| 0 0 0
3714| 0 0 0
3715| -0,3 0 0
3716| -0,6 0 0
3717| -0,9 0 0
3718| -1,2 0 0
3719| -1,5 0 0
3720| -1,8 0 0
3721| -2,1 0 0
3722| -2,4 0 0
3723| -2,7 0 0
3724| -3 0 0
3725| -3,299999 0 0
3726| -3,599999 0 0
3727| -3,899999 0 0
3728| -4,2 0 0
3729| -4,5 0 0
3730| -4,8 0 0
3731| -5,1 0 0
3732| -5,4 0 0
3733| -5,7 0 0
3734| -6 0 0
3735| -6,300001 0 0
3736| -6,600001 0 0
3737| -6,900001 0 0
3738| -7,200001 0 0
3739| -7,500001 0 0
3740| -7,800001 0 0
3741| -8,1 0 0
3742| -8,4 0 0
3743| -8,7 0 0
3744| -8,999999 0 0
3745| -9,299999 0 0
3746| -9,599998 0 0
3747| -9,899999 0 0
3748| -10,2 0 0
3749| -10,5 0 0
3750| -10,8 0 0
3751| -11,1 0 0
3752| -11,4 0 0
3753| -11,7 0 0
3754| -12 0 0
3755| -12,3 0 0
3756| -12,6 -4 0
3757| -12,9 -8 0
3758| -13,2 -12 0
3759| -13,5 -16 0
3760| -13,79999 -20 0
3761| -14,09999 -24 0
3762| -14,39999 -28 0
3763| -14,39999 -32 0
3764| -14,39999 -36 0
3765| 0 -40 0
3766| 0,3 -43,99999 0
3767| 0,6 -47,99999 0
3768| 0,9 -51,99999 0
3769| 1,2 -55,99999 0
3770| 1,5 -60 30000
3771| 1,8 -64 30000
3772| 2,1 -68 30000
3773| 2,1 -72 30000
3774| 2,1 -76,00001 30000
3775| 2,1 -80,00001 30000
3776| 2,1 -84,00001 30000
3777| 2,1 -88,00002 30000
3778| 2,1 -92,00002 30000
3779| 2,1 -96,00002 30000
3780| 2,1 -100 30000
3781| 2,1 -104 30000
3782| 2,1 -108 30000
3783| 2,1 -112 30000
3784| 2,1 -116 30000
3785| 2,1 -120 30000
3786| 2,1 -124 30000
3787| 2,1 -128 30000
3788| 2,1 -132 30000
3789| 2,1 -136 30000
3790| 2,1 -140 30000
3791| 2,1 -144 30000
3792| 2,1 -148 30000
3793| 2,1 -152 30000
3794| 2,1 -156 30000
3795| 2,1 -160 30000
3796| 2,1 -164 30000
3797| 2,1 -168 30000
3798| 2,1 -171,9999 30000
3799| 2,1 -175,9999 30000
3800| 2,1 -179,9999 30000
3801| 2,1 -183,9999 30000
3802| 2,1 -187,9999 30000
3803| 2,1 -191,9999 30000
3804| 2,1 -195,9999 30000
3805| 2,1 -199,9999 30000
3806| 2,1 -203,9999 30000
3807| 2,1 -207,9999 30000
3808| 2,1 -211,9999 30000
3809| 2,1 -215,9999 30000
3810| 2,1 -219,9999 30000
3811| 2,1 -223,9999 0
3812| 2,4 -227,9999 0
3813| 2,7 -231,9999 0
3814| 3 -235,9999 0
3815| 3,299999 -239,9999 0
3816| 3,599999 -243,9999 0
3817| 3,899999 -247,9999 0
3818| 4,2 -251,9999 0
3819| 4,5 -255,9999 0
3820| 4,8 -259,9999 0
3821| 5,1 -263,9999 0
3822| 5,4 -267,9999 0
3823| 5,7 -271,9998 0
3824| 6 -275,9998 0
3825| 6,300001 -279,9998 0
3826| 6,600001 -283,9998 0
3827| 6,900001 -287,9998 0
3828| 7,200001 -291,9998 0
3829| 7,500001 -295,9998 0
3830| 7,800001 -299,9998 0
3831| 8,1 -303,9998 0
3832| 8,4 -307,9998 0
3833| 8,7 -311,9998 0
3834| 8,999999 -315,9998 0
3835| 9,299999 -319,9998 0
3836| 9,599998 -323,9998 0
3837| 9,899999 -327,9998 0
3838| 10,2 -331,9998 0
3839| 10,5 -335,9998 0
3840| 10,8 -339,9998 0
3841| 11,1 -343,9998 0
3842| 11,4 -347,9998 0
3843| 11,7 -351,9998 0
3844| 12 -355,9998 0
3845| 12,3 -359,9998 0
3846| 12,6 -363,9998 0
3847| 12,9 -367,9998 0
3848| 13,2 -371,9998 0
3849| 13,5 -375,9998 0
3850| 13,79999 -379,9998 0
3851| 14,09999 -383,9998 0
3852| 14,39999 -387,9998 0
3853| 14,69999 -391,9998 0
3854| 14,99999 -395,9998 0
3855| 15,29999 -399,9997 0
3856| 15,59999 -403,9998 0
3857| 15,89999 -400 0
3858| 16,19999 -400 0
3859| 16,49999 -400 0
3860| 16,79999 -400 0
3861| 17,09999 -400 0
3862| 17,39999 -400 0
3863| 17,69999 -400 0
3864| 17,99999 -400 0
3865| 18,29999 -400 0
3866| 18,59999 -400 0
3867| 18,89999 -400 0
3868| 19,19999 -400 0
3869| 19,49999 -400 0
3870| 19,79999 -400 0
3871| 20,09999 -400 0
3872| 20,39999 -400 0
3873| 20,69999 -400 0
3874| 20,99999 -400 0
3875| 21,29999 -400 0
3876| 21,59999 -400 0
3877| 21,89999 -400 0
3878| 22,19999 -400 0
3879| 22,49999 -400 0
3880| 22,79999 -400 0
3881| 23,09999 -400 0
3882| 23,39999 -400 0
3883| 23,69999 -400 0
3884| 23,99999 -400 0
3885| 24,29999 -400 0
3886| 24,59999 -400 0
3887| 24,89998 -400 0
3888| 25,19999 -400 0
3889| 25,49998 -400 0
3890| 25,79998 -400 0
3891| 26,09998 -400 0
3892| 26,39998 0 0
3893| 26,39998 4 0
3894| 26,39998 8 0
3895| 0 12 0
3896| -0,3 16 0
3897| -0,6 20 0
3898| -0,9 24 0
3899| -1,2 28 0
3900| -1,5 32 30000
3901| -1,8 36 30000
3902| -2,1 40 30000
3903| -2,4 43,99999 30000
3904| -2,7 47,99999 30000
3905| -3 51,99999 30000
3906| -3,299999 55,99999 30000
3907| -3,599999 60 30000
3908| -3,899999 64 30000
3909| -4,2 68 30000
3910| -4,5 72 30000
3911| -4,8 76,00001 30000
3912| -5,1 80,00001 30000
3913| -5,4 84,00001 30000
3914| -5,7 88,00002 30000
3915| -6 92,00002 30000
3916| -6,300001 96,00002 30000
3917| -6,600001 100 30000
3918| -6,900001 104 30000
3919| -7,200001 108 30000
3920| -7,500001 112 30000
3921| -7,800001 116 30000
3922| -8,1 120 30000
3923| -8,4 124 30000
3924| -8,4 128 0
3925| 0 132 0
3926| 0,3 136 0
3927| 0,6 140 0
3928| 0,9 144 0
3929| 1,2 148 0
3930| 1,5 152 0
3931| 1,8 156 0
3932| 2,1 160 0
3933| 2,4 164 0
3934| 2,7 168 0
3935| 3 171,9999 0
3936| 3,299999 175,9999 0
3937| 3,599999 179,9999 0
3938| 3,899999 183,9999 0
3939| 4,2 187,9999 0
3940| 4,5 191,9999 0
3941| 4,8 195,9999 0
3942| 5,1 199,9999 0
3943| 5,4 203,9999 0
3944| 5,7 207,9999 0
3945| 6 211,9999 0
3946| 6,300001 215,9999 0
3947| 6,300001 219,9999 0
3948| 6,300001 223,9999 0
3949| 6,300001 227,9999 0
3950| 6,300001 231,9999 0
3951| 6,300001 235,9999 0
3952| 6,300001 239,9999 0
3953| 6,300001 243,9999 0
3954| 6,300001 247,9999 0
3955| 6,300001 251,9999 0
3956| 6,300001 255,9999 0
3957| 6,300001 259,9999 0
3958| 6,300001 263,9999 0
3959| 6,300001 267,9999 0
3960| 6,300001 271,9998 0
3961| 6,300001 275,9998 0
3962| 6,300001 279,9998 0
3963| 6,300001 283,9998 0
3964| 6,300001 287,9998 0
3965| 6,300001 291,9998 0
3966| 6,300001 295,9998 0
3967| 6,300001 299,9998 0
3968| 6,300001 303,9998 0
3969| 6,300001 307,9998 0
3970| 6,300001 311,9998 0
3971| 6,300001 315,9998 0
3972| 6,300001 319,9998 0
3973| 6,300001 323,9998 0
3974| 6,300001 327,9998 0
3975| 6,300001 331,9998 0
3976| 0 335,9998 0
3977| -0,3 339,9998 0
3978| -0,3 343,9998 0
3979| -0,3 347,9998 0
3980| -0,3 351,9998 0
3981| -0,3 355,9998 0
3982| -0,3 359,9998 0
3983| -0,3 363,9998 0
3984| -0,3 367,9998 0
3985| -0,3 371,9998 0
3986| -0,3 375,9998 0
3987| -0,3 379,9998 0
3988| -0,3 383,9998 0
3989| -0,3 387,9998 0
3990| -0,3 391,9998 0
3991| -0,3 395,9998 0
3992| -0,3 399,9997 0
3993| -0,3 403,9998 0
3994| -0,3 400 0
3995| -0,3 400 0
3996| -0,3 400 0
3997| -0,3 400 0
3998| 0 400 0
3999| 0,3 400 0
4000| 0,6 400 0
4001| 0,9 400 0
4002| 0,9 400 0
4003| 0,9 400 0
4004| 0,9 400 0
4005| 0,9 400 0
4006| 0,9 400 0
4007| 0,9 400 0
4008| 1,2 400 0
4009| 1,5 400 0
4010| 1,8 400 0
4011| 2,1 400 0
4012| 2,4 400 0
4013| 2,4 400 0
4014| 2,7 400 0
4015| 3 400 0
4016| 3,299999 400 0
4017| 3,599999 400 0
4018| 3,599999 400 0
4019| 3,599999 400 0
4020| 3,599999 400 0
4021| 3,599999 400 0
4022| 3,899999 400 0
4023| 4,2 400 0
4024| 4,5 400 0
4025| 4,8 400 0
4026| 4,8 400 0
4027| 4,8 400 0
4028| 5,1 400 0
4029| 5,4 400 0
4030| 5,7 400 0
4031| 5,7 400 0
4032| 5,7 400 0
4033| 5,7 400 0
4034| 5,7 400 0
4035| 5,7 400 0
4036| 5,7 400 0
4037| 6 400 0
4038| 6,300001 400 0
4039| 6,600001 400 0
4040| 6,900001 400 0
4041| 7,200001 400 0
4042| 7,500001 400 0
4043| 7,800001 400 0
4044| 8,1 400 0
4045| 8,4 400 0
4046| 8,7 400 0
4047| 8,7 400 0
4048| 8,7 400 0
4049| 8,999999 400 0
4050| 9,299999 400 0
4051| 9,599998 400 0
4052| 9,899999 400 0
4053| 10,2 400 0
4054| 10,2 400 0
4055| 10,2 400 0
4056| 10,2 400 0
4057| 0 0 0
4058| 0 0 0
4059| 0 0 0
4060| 0 0 0
4061| 0 0 0
4062| 0,3 0 0
4063| 0,6 0 0
4064| 0,9 0 0
4065| 1,2 0 0
4066| 1,5 0 0
4067| 1,8 0 0
4068| 2,1 0 0
4069| 2,4 0 0
4070| 2,7 0 0
4071| 3 0 0
4072| 3,299999 0 0
4073| 3,599999 0 0
4074| 3,899999 0 0
4075| 4,2 0 0
4076| 4,5 0 0
4077| 4,8 0 0
4078| 5,1 0 0
4079| 5,4 0 0
4080| 5,7 0 0
4081| 6 0 0
4082| 6,300001 0 0
4083| 6,600001 0 0
4084| 6,900001 0 0
4085| 7,200001 0 0
4086| 7,500001 0 0
4087| 7,800001 0 0
4088| 8,1 0 0
4089| 8,4 0 0
4090| 8,7 0 0
4091| 8,999999 0 0
4092| 9,299999 0 0
4093| 9,599998 0 0
4094| 9,899999 0 0
4095| 10,2 0 0
4096| 10,5 0 0
4097| 10,8 0 0
4098| 11,1 0 0
4099| 11,4 0 0
4100| 11,7 0 0
4101| 12 0 0
4102| 12,3 0 0
4103| 12,6 0 0
4104| 12,9 0 0
4105| 13,2 0 0
4106| 13,5 0 0
4107| 13,79999 0 0
4108| 14,09999 0 0
4109| 14,39999 0 0
4110| 14,69999 0 0
4111| 14,99999 0 0
4112| 15,29999 0 0
4113| 15,59999 0 0
4114| 15,89999 0 0
4115| 16,19999 0 0
4116| 16,49999 0 0
4117| 16,79999 0 0
4118| 17,09999 0 0
4119| 0 0 0
4120| 0 0 0
4121| 0 0 0
4122| 0 0 0
4123| -0,3 0 0
4124| -0,6 0 0
4125| -0,9 0 0
4126| 0 0 0
4127| 0 0 0
4128| 0 0 0
4129| 0 0 0
4130| 0 0 0
4131| 0 0 0
4132| 0,3 0 0
4133| 0,6 0 0
4134| 0,9 0 0
4135| 1,2 0 0
4136| 1,5 0 0
4137| 1,8 0 0
4138| 2,1 0 0
4139| 2,4 0 0
4140| 2,7 0 0
4141| 3 0 0
4142| 3,299999 0 0
4143| 3,599999 0 0
4144| 3,899999 0 0
4145| 4,2 0 0
4146| 4,5 0 0
4147| 4,8 0 0
4148| 5,1 0 0
4149| 5,4 0 0
4150| 5,7 0 0
4151| 6 0 0
4152| 6,300001 0 0
4153| 6,600001 0 0
4154| 6,900001 0 0
4155| 0 0 0
4156| 0 0 0
4157| 0 0 0
4158| 0 0 0
4159| 0,3 0 0
4160| 0,6 0 0
4161| 0,9 0 0
4162| 1,2 4 0
4163| 1,5 8 0
4164| 1,8 12 0
4165| 2,1 16 0
4166| 2,1 20 0
4167| 2,1 24 0
4168| 2,1 28 0
4169| 2,4 32 0
4170| 2,7 36 0
4171| 3 40 0
4172| 3,299999 43,99999 0
4173| 3,599999 47,99999 0
4174| 3,899999 51,99999 0
4175| 4,2 55,99999 0
4176| 4,5 60 0
4177| 4,8 64 0
4178| 5,1 68 0
4179| 5,4 72 0
4180| 5,7 76,00001 0
4181| 6 80,00001 0
4182| 6,300001 84,00001 0
4183| 6,600001 88,00002 0
4184| 6,900001 92,00002 0
4185| 6,900001 96,00002 0
4186| 6,900001 100 0
4187| 6,900001 104 0
4188| 6,900001 108 0
4189| 6,900001 112 0
4190| 6,900001 116 0
4191| 6,900001 120 0
4192| 6,900001 124 0
4193| 6,900001 128 0
4194| 6,900001 132 0
4195| 6,900001 136 0
4196| 6,900001 140 0
4197| 6,900001 144 0
4198| 6,900001 148 0
4199| 6,900001 152 0
4200| 6,900001 156 0
4201| 7,200001 160 0
4202| 7,500001 164 0
4203| 7,800001 168 0
4204| 8,1 171,9999 0
4205| 8,4 175,9999 0
4206| 8,7 179,9999 0
4207| 8,999999 183,9999 0
4208| 9,299999 187,9999 0
4209| 9,599998 191,9999 0
4210| 9,899999 195,9999 0
4211| 10,2 199,9999 0
4212| 10,5 203,9999 0
4213| 10,8 207,9999 0
4214| 10,8 211,9999 0
4215| 10,8 215,9999 0
4216| 10,8 219,9999 0
4217| 10,8 223,9999 0
4218| 10,8 227,9999 0
4219| 10,8 231,9999 0
4220| 10,8 235,9999 0
4221| 10,8 239,9999 0
4222| 10,8 243,9999 0
4223| 10,8 247,9999 0
4224| 10,8 251,9999 0
4225| 10,8 255,9999 0
4226| 10,8 259,9999 0
4227| 10,8 263,9999 0
4228| 10,8 267,9999 0
4229| 10,8 271,9998 0
4230| 10,8 275,9998 0
4231| 10,8 279,9998 0
4232| 11,1 283,9998 0
4233| 11,4 287,9998 0
4234| 11,7 291,9998 0
4235| 11,7 295,9998 0
4236| 11,7 299,9998 0
4237| 11,7 303,9998 0
4238| 11,7 307,9998 0
4239| 0 311,9998 0
4240| -0,3 315,9998 0
4241| -0,6 319,9998 0
4242| -0,9 323,9998 0
4243| -0,9 327,9998 0
4244| -0,9 331,9998 0
4245| -0,9 335,9998 0
4246| -0,9 339,9998 0
4247| -0,9 343,9998 0
4248| -0,9 347,9998 0
4249| -0,9 351,9998 0
4250| -0,9 355,9998 0
4251| -1,2 359,9998 0
4252| -1,5 363,9998 0
4253| -1,5 367,9998 0
4254| -1,5 371,9998 0
4255| -1,5 375,9998 0
4256| -1,5 379,9998 0
4257| -1,5 383,9998 0
4258| -1,5 387,9998 0
4259| -1,5 391,9998 0
4260| -1,5 395,9998 0
4261| -1,5 399,9997 0
4262| -1,5 403,9998 0
4263| -1,5 400 0
4264| -1,5 400 0
4265| -1,5 400 0
4266| -1,5 400 0
4267| -1,5 400 0
4268| -1,5 400 0
4269| -1,5 400 0
4270| 0 400 0
4271| 0,3 400 0
4272| 0,6 400 0
4273| 0,9 400 0
4274| 1,2 400 0
4275| 1,5 400 0
4276| 1,8 400 0
4277| 2,1 400 0
4278| 2,1 400 0
4279| 2,1 400 0
4280| 2,1 400 0
4281| 2,4 400 0
4282| 2,4 400 0
4283| 2,4 400 0
4284| 2,4 400 0
4285| 2,7 400 0
4286| 3 400 0
4287| 3,299999 400 0
4288| 3,299999 400 0
4289| 3,599999 400 0
4290| 3,899999 400 0
4291| 4,2 400 0
4292| 4,5 400 0
4293| 4,8 400 0
4294| 5,1 400 0
4295| 5,4 400 0
4296| 5,4 400 0
4297| 5,4 400 0
4298| 5,7 400 0
4299| 6 400 0
4300| 6,300001 400 0
4301| 6,600001 400 0
4302| 6,900001 400 0
4303| 7,200001 400 0
4304| 7,500001 400 0
4305| 7,800001 400 0
4306| 8,1 400 0
4307| 8,4 400 0
4308| 8,7 400 0
4309| 8,999999 400 0
4310| 9,299999 400 0
4311| 9,599998 400 0
4312| 9,899999 400 0
4313| 10,2 400 0
4314| 10,5 400 0
4315| 10,8 400 0
4316| 11,1 400 0
4317| 11,4 400 0
4318| 11,7 400 0
4319| 12 400 0
4320| 12,3 400 0
4321| 12,6 400 0
4322| 12,9 400 0
4323| 13,2 400 0
4324| 13,5 400 0
4325| 13,79999 400 0
4326| 14,09999 400 0
4327| 14,39999 400 0
4328| 14,69999 400 0
4329| 14,99999 400 0
4330| 15,29999 400 0
4331| 15,59999 400 0
4332| 15,89999 400 0
4333| 16,19999 400 0
4334| 16,49999 400 0
4335| 16,79999 400 0
4336| 17,09999 400 0
4337| 17,39999 400 0
4338| 17,69999 400 0
4339| 17,99999 400 0
4340| 18,29999 400 0
4341| 18,59999 400 0
4342| 18,59999 400 0
4343| 18,59999 400 0
4344| 18,59999 400 0
4345| 18,89999 400 0
4346| 19,19999 400 0
4347| 19,19999 400 0
4348| 19,19999 400 0
4349| 19,19999 400 0
4350| 19,19999 400 0
4351| 19,19999 400 0
4352| 19,19999 400 0
4353| 19,19999 400 0
4354| 19,19999 400 0
4355| 19,19999 400 0
4356| 19,19999 400 0
4357| 19,19999 400 0
4358| 19,19999 400 0
4359| 19,19999 400 0
4360| 19,19999 400 0
4361| 19,19999 400 0
4362| 19,19999 400 0
4363| 19,19999 400 0
4364| 19,19999 400 0
4365| 19,19999 400 0
4366| 19,19999 400 0
4367| 19,19999 400 0
4368| 19,19999 400 0
4369| 19,19999 400 0
4370| 19,49999 400 0
4371| 19,79999 400 0
4372| 19,79999 400 0
4373| 19,79999 400 0
4374| 19,79999 400 0
4375| 19,79999 400 0
4376| 19,79999 400 0
4377| 19,79999 400 0
4378| 19,79999 400 0
4379| 19,79999 400 0
4380| 19,79999 400 0
4381| 19,79999 400 0
4382| 19,79999 400 0
4383| 19,79999 400 0
4384| 19,79999 400 0
4385| 0 400 0
4386| -0,3 400 0
4387| -0,3 400 0
4388| -0,3 400 0
4389| -0,3 400 0
4390| -0,3 400 0
4391| -0,3 400 0
4392| -0,6 400 0
4393| -0,9 400 0
4394| -1,2 400 0
4395| -1,2 400 0
4396| -1,2 400 0
4397| -1,2 400 0
4398| -1,2 400 0
4399| -1,2 400 0
4400| -1,2 400 0
4401| -1,2 400 0
4402| -1,2 400 0
4403| -1,2 400 0
4404| -1,2 400 0
4405| -1,2 400 0
4406| -1,2 400 0
4407| -1,2 400 0
4408| -1,2 400 0
4409| -1,2 400 0
4410| -1,2 400 0
4411| -1,2 400 0
4412| -1,2 400 0
4413| -1,2 400 0
4414| -1,2 400 0
4415| -1,2 400 0
4416| -1,2 400 0
4417| 0 400 0
4418| 0,3 400 0
4419| 0,3 400 0
4420| 0,3 400 0
4421| 0,3 400 0
4422| 0,6 400 0
4423| 0,9 400 0
4424| 1,2 400 0
4425| 1,5 400 0
4426| 1,5 400 0
4427| 1,5 400 0
4428| 1,5 400 0
4429| 1,5 400 0
4430| 1,5 400 0
4431| 1,5 400 0
4432| 1,5 400 0
4433| 1,5 400 0
4434| 1,5 400 0
4435| 1,5 400 0
4436| 1,5 400 0
4437| 1,5 400 0
4438| 1,8 400 0
4439| 2,1 400 0
4440| 2,4 400 0
4441| 2,7 400 0
4442| 2,7 400 0
4443| 2,7 400 0
4444| 2,7 400 0
4445| 2,7 400 0
4446| 2,7 400 0
4447| 2,7 400 0
4448| 2,7 400 0
4449| 2,7 400 0
4450| 2,7 400 0
4451| 3 400 0
4452| 3,299999 400 0
4453| 3,599999 400 0
4454| 3,599999 400 0
4455| 3,599999 400 0
4456| 3,599999 400 0
4457| 3,599999 400 0
4458| 3,599999 400 0
4459| 3,599999 400 0
4460| 3,599999 400 0
4461| 3,599999 400 0
4462| 3,599999 400 0
4463| 3,599999 400 0
4464| 3,599999 400 0
4465| 3,599999 400 0
4466| 3,599999 400 0
4467| 3,599999 400 0
4468| 3,599999 400 0
4469| 3,599999 400 0
4470| 3,599999 400 0
4471| 3,599999 400 0
4472| 3,599999 400 0
4473| 3,599999 400 0
4474| 3,599999 400 0
4475| 3,599999 400 0
4476| 3,599999 400 0
4477| 3,599999 400 0
4478| 3,599999 400 0
4479| 3,599999 400 0
4480| 3,599999 400 0
4481| 3,599999 400 0
4482| 3,599999 400 0
4483| 3,899999 400 0
4484| 4,2 400 0
4485| 4,5 400 0
4486| 4,5 400 0
4487| 4,5 400 0
4488| 4,5 400 0
4489| 4,5 400 0
4490| 4,5 400 0
4491| 4,5 400 0
4492| 4,5 400 0
4493| 4,5 400 0
4494| 4,8 400 0
4495| 5,1 400 0
4496| 5,4 400 0
4497| 5,4 400 0
4498| 5,4 400 0
4499| 5,4 400 0
4500| 5,4 400 0
4501| 5,4 400 0
4502| 5,4 400 0
4503| 5,4 400 0
4504| 5,4 400 0
4505| 5,4 400 0
4506| 5,4 400 0
4507| 5,4 400 0
4508| 5,4 400 0
4509| 5,4 400 0
4510| 5,4 400 0
4511| 5,4 400 0
4512| 5,4 400 0
4513| 5,4 400 0
4514| 5,4 400 0
4515| 5,4 400 0
4516| 5,7 400 0
4517| 6 400 0
4518| 6,300001 400 0
4519| 6,300001 400 0
4520| 6,300001 400 0
4521| 6,300001 400 0
4522| 6,300001 400 0
4523| 6,300001 400 0
4524| 6,300001 400 0
4525| 6,300001 400 0
4526| 6,300001 400 0
4527| 6,300001 400 0
4528| 6,300001 400 0
4529| 6,300001 400 0
4530| 6,300001 400 0
4531| 6,300001 400 0
4532| 6,300001 400 0
4533| 6,300001 400 0
4534| 6,300001 400 0
4535| 6,300001 400 0
4536| 0 400 0
4537| -0,3 400 0
4538| -0,6 400 0
4539| -0,6 400 0
4540| -0,6 400 0
4541| -0,6 400 0
4542| -0,6 400 0
4543| -0,6 400 0
4544| -0,6 400 0
4545| -0,6 400 0
4546| -0,6 400 0
4547| -0,6 400 0
4548| -0,6 400 0
4549| -0,6 400 0
4550| -0,6 400 0
4551| -0,6 400 0
4552| 0 400 0
4553| 0,3 400 0
4554| 0,3 400 0
4555| 0,3 400 0
4556| 0,3 400 0
4557| 0,3 400 0
4558| 0,3 400 0
4559| 0,3 400 0
4560| 0,3 400 0
4561| 0,3 400 0
4562| 0,3 400 0
4563| 0,3 400 0
4564| 0,3 400 0
4565| 0,3 400 0
4566| 0,3 400 0
4567| 0,3 400 0
4568| 0,3 400 0
4569| 0,3 400 0
4570| 0,3 400 0
4571| 0,3 400 0
4572| 0,3 400 0
4573| 0,3 400 0
4574| 0,3 400 0
4575| 0,3 400 0
4576| 0,3 400 0
4577| 0,3 400 0
4578| 0,3 400 0
4579| 0,3 400 0
4580| 0,6 400 0
4581| 0,9 400 0
4582| 0,9 400 0
4583| 0,9 400 0
4584| 0,9 400 0
4585| 0,9 400 0
4586| 1,2 400 0
4587| 1,5 400 0
4588| 1,5 400 0
4589| 1,5 400 0
4590| 1,8 400 0
4591| 2,1 400 0
4592| 2,4 400 0
4593| 2,7 400 0
4594| 2,7 400 0
4595| 3 400 0
4596| 3,299999 400 0
4597| 3,599999 400 0
4598| 3,899999 400 0
4599| 3,899999 400 0
4600| 3,899999 400 0
4601| 3,899999 400 0
4602| 4,2 400 0
4603| 4,5 400 0
4604| 4,5 400 0
4605| 4,5 400 0
4606| 4,8 400 0
4607| 5,1 400 0
4608| 5,4 400 0
4609| 5,4 400 0
4610| 5,4 400 0
4611| 5,7 400 0
4612| 6 400 0
4613| 6 400 0
4614| 6 400 0
4615| 6 400 0
4616| 6,300001 400 0
4617| 6,600001 400 0
4618| 6,600001 400 0
4619| 6,900001 400 0
4620| 7,200001 400 0
4621| 7,500001 400 0
4622| 7,800001 400 0
4623| 7,800001 400 0
4624| 7,800001 400 0
4625| 7,800001 400 0
4626| 8,1 400 0
4627| 8,1 400 0
4628| 8,1 400 0
4629| 8,1 400 0
4630| 8,1 400 0
4631| 8,1 400 0
4632| 8,1 400 0
4633| 8,1 400 0
4634| 8,1 400 0
4635| 8,1 400 0
4636| 8,1 400 0
4637| 8,1 400 0
4638| 8,1 400 0
4639| 8,1 400 0
4640| 8,1 400 0
4641| 8,1 400 0
4642| 0 400 0
4643| -0,3 400 0
4644| -0,6 400 0
4645| -0,6 400 0
4646| -0,6 400 0
4647| -0,6 400 0
4648| -0,6 400 0
4649| -0,6 400 0
4650| -0,6 400 0
4651| -0,6 400 0
4652| -0,6 400 0
4653| -0,6 400 0
4654| -0,6 400 0
4655| -0,9 400 0
4656| -1,2 400 0
4657| -1,5 400 0
4658| -1,8 400 0
4659| -1,8 400 0
4660| -1,8 400 0
4661| -1,8 400 0
4662| -1,8 400 0
4663| -1,8 400 0
4664| -1,8 400 0
4665| -2,1 400 0
4666| -2,4 400 0
4667| -2,7 400 0
4668| -3 400 0
4669| -3,299999 400 0
4670| -3,299999 400 0
4671| -3,299999 400 0
4672| -3,299999 400 0
4673| -3,299999 400 0
4674| -3,599999 400 0
4675| -3,899999 400 0
4676| -4,2 400 0
4677| -4,2 400 0
4678| -4,2 400 0
4679| -4,2 400 0
4680| -4,5 400 0
4681| -4,8 400 0
4682| -5,1 400 0
4683| -5,4 400 0
4684| -5,7 400 0
4685| -6 400 0
4686| -6,300001 400 0
4687| -6,600001 400 0
4688| -6,900001 400 0
4689| -7,200001 400 0
4690| -7,500001 400 0
4691| -7,800001 400 0
4692| -8,1 400 0
4693| -8,4 400 0
4694| -8,7 400 0
4695| -8,999999 400 0
4696| -9,299999 400 0
4697| -9,599998 400 0
4698| -9,899999 400 0
4699| -10,2 400 0
4700| 0 0 0
4701| 0 0 0
4702| 0 0 0
4703| 0 0 0
4704| 0 0 0
4705| 0,3 0 0
4706| 0,6 0 0
4707| 0,9 0 0
4708| 1,2 4 0
4709| 1,5 4 0
4710| 1,8 4 0
4711| 2,1 4 0
4712| 0 0 0
4713| 0 0 0
4714| 0 0 0
4715| 0,3 0 0
4716| 0,6 0 0
4717| 0 0 0
4718| 0 0 0
4719| 0 0 0
4720| 0 0 0
4721| 0 0 0
4722| 0 0 0
4723| 0 0 0
4724| 0 0 0
4725| 0 0 0
4726| 0 0 0
4727| 0,3 0 0
4728| 0,6 0 0
4729| 0,9 0 0
4730| 1,2 0 0
4731| 1,5 0 0
4732| 0 0 0
4733| 0 0 0
4734| 0 0 0
4735| 0 0 0
4736| 0 0 0
4737| 0 0 0
4738| 0 0 0
4739| 0 0 0
4740| 0 0 0
4741| 0 0 0
4742| 0 0 0
4743| 0 0 0
4744| 0 0 0
4745| 0 0 0
4746| 0 4 0
4747| 0,3 8 0
4748| 0,6 12 0
4749| 0,9 16 0
4750| 1,2 20 0
4751| 1,2 24 0
4752| 1,2 28 0
4753| 1,2 32 0
4754| 1,5 36 0
4755| 1,8 40 0
4756| 1,8 43,99999 0
4757| 1,8 47,99999 0
4758| 2,1 51,99999 0
4759| 2,4 55,99999 0
4760| 2,7 60 0
4761| 3 64 0
4762| 3,299999 68 0
4763| 3,599999 68 0
4764| 3,899999 68 0
4765| 4,2 68 0
4766| 4,5 68 0
4767| 4,8 68 0
4768| 5,1 68 0
4769| 5,4 68 0
4770| 5,7 68 0
4771| 6 68 0
4772| 6,300001 68 0
4773| 6,600001 68 0
4774| 0 0 0
4775| 0 0 0
4776| 0 0 0
4777| 0 0 0
4778| 0 0 0
4779| 0 0 0
4780| 0 0 0
4781| 0 0 0
4782| 0 4 0
4783| 0 8 0
4784| 0 12 0
4785| 0,3 16 0
4786| 0,6 20 0
4787| 0,9 24 0
4788| 0,9 28 0
4789| 0,9 32 0
4790| 0,9 36 0
4791| 1,2 40 0
4792| 1,5 43,99999 0
4793| 1,5 47,99999 0
4794| 1,5 51,99999 0
4795| 1,5 55,99999 0
4796| 1,8 60 0
4797| 1,8 64 0
4798| 1,8 68 0
4799| 1,8 72 0
4800| 1,8 76,00001 0
4801| 1,8 80,00001 0
4802| 1,8 84,00001 0
4803| 1,8 88,00002 0
4804| 1,8 92,00002 0
4805| 1,8 96,00002 0
4806| 1,8 100 0
4807| 2,1 104 0
4808| 2,4 108 0
4809| 2,4 112 0
4810| 2,4 116 0
4811| 2,4 120 0
4812| 2,7 124 0
4813| 3 128 0
4814| 3 132 0
4815| 3 136 0
4816| 3 140 0
4817| 3 144 0
4818| 3 148 0
4819| 3,299999 152 0
4820| 3,599999 156 0
4821| 3,599999 160 0
4822| 3,599999 164 0
4823| 3,599999 168 0
4824| 3,599999 171,9999 0
4825| 3,599999 175,9999 0
4826| 3,599999 179,9999 0
4827| 3,599999 183,9999 0
4828| 3,599999 187,9999 0
4829| 3,599999 191,9999 0
4830| 3,599999 195,9999 0
4831| 3,599999 199,9999 0
4832| 3,599999 203,9999 0
4833| 3,899999 207,9999 0
4834| 4,2 211,9999 0
4835| 4,2 215,9999 0
4836| 4,2 219,9999 0
4837| 4,2 223,9999 0
4838| 4,5 227,9999 0
4839| 4,8 231,9999 0
4840| 4,8 235,9999 0
4841| 4,8 239,9999 0
4842| 5,1 243,9999 0
4843| 5,4 247,9999 0
4844| 5,7 251,9999 0
4845| 6 255,9999 0
4846| 6 259,9999 0
4847| 6 263,9999 0
4848| 6 267,9999 0
4849| 6,300001 271,9998 0
4850| 6,600001 275,9998 0
4851| 6,600001 279,9998 0
4852| 6,600001 283,9998 0
4853| 6,600001 287,9998 0
4854| 6,600001 291,9998 0
4855| 6,900001 295,9998 0
4856| 7,200001 299,9998 0
4857| 7,200001 303,9998 0
4858| 7,200001 307,9998 0
4859| 7,200001 311,9998 0
4860| 7,500001 315,9998 0
4861| 7,800001 319,9998 0
4862| 7,800001 323,9998 0
4863| 7,800001 327,9998 0
4864| 7,800001 331,9998 0
4865| 7,800001 335,9998 0
4866| 8,1 339,9998 0
4867| 8,1 343,9998 0
4868| 8,1 347,9998 0
4869| 8,1 351,9998 0
4870| 8,1 355,9998 0
4871| 8,1 359,9998 0
4872| 8,1 363,9998 0
4873| 8,1 367,9998 0
4874| 8,1 371,9998 0
4875| 8,1 375,9998 0
4876| 8,1 379,9998 0
4877| 8,4 383,9998 0
4878| 8,7 387,9998 0
4879| 8,999999 391,9998 0
4880| 9,299999 395,9998 0
4881| 9,299999 399,9997 0
4882| 9,299999 403,9998 0
4883| 9,299999 400 0
4884| 9,599998 400 0
4885| 9,899999 400 0
4886| 10,2 400 0
4887| 10,2 400 0
4888| 10,2 400 0
4889| 10,2 400 0
4890| 10,2 400 0
4891| 10,2 400 0
4892| 10,2 400 0
4893| 10,2 400 0
4894| 10,2 400 0
4895| 10,2 400 0
4896| 10,2 400 0
4897| 10,2 400 0
4898| 10,2 400 0
4899| 10,2 400 0
4900| 10,5 400 0
4901| 10,8 400 0
4902| 10,8 400 0
4903| 10,8 400 0
4904| 10,8 400 0
4905| 10,8 400 0
4906| 10,8 400 0
4907| 10,8 400 0
4908| 10,8 400 0
4909| 0 400 0
4910| -0,3 400 0
4911| -0,6 400 0
4912| -0,9 400 0
4913| -0,9 400 0
4914| -0,9 400 0
4915| -0,9 400 0
4916| -0,9 400 0
4917| -0,9 400 0
4918| -1,2 400 0
4919| -1,5 400 0
4920| -1,5 400 0
4921| -1,5 400 0
4922| -1,5 400 0
4923| -1,5 400 0
4924| -1,5 400 0
4925| -1,5 400 0
4926| -1,5 400 0
4927| -1,5 400 0
4928| -1,5 400 0
4929| -1,5 400 0
4930| -1,5 400 0
4931| -1,5 400 0
4932| -1,5 400 0
4933| -1,8 400 0
4934| -2,1 400 0
4935| -2,4 400 0
4936| -2,7 400 0
4937| -2,7 400 0
4938| -2,7 400 0
4939| -2,7 400 0
4940| -2,7 400 0
4941| -2,7 400 0
4942| -2,7 400 0
4943| -3 400 0
4944| -3,299999 400 0
4945| -3,599999 400 0
4946| -3,899999 400 0
4947| -3,899999 400 0
4948| -3,899999 400 0
4949| -3,899999 400 0
4950| -3,899999 400 0
4951| -4,2 400 0
4952| -4,5 400 0
4953| -4,8 400 0
4954| -5,1 400 0
4955| -5,4 400 0
4956| -5,4 400 0
4957| -5,4 400 0
4958| -5,4 400 0
4959| -5,4 400 0
4960| -5,7 400 0
4961| -6 400 0
4962| -6,300001 400 0
4963| -6,600001 400 0
4964| -6,900001 400 0
4965| -7,200001 400 0
4966| -7,500001 400 0
4967| -7,500001 400 0
4968| -7,500001 400 0
4969| -7,500001 400 0
4970| -7,500001 400 0
4971| -7,500001 400 0
4972| -7,800001 400 0
4973| -8,1 400 0
4974| -8,4 400 0
4975| -8,7 400 0
4976| -8,999999 400 0
4977| -9,299999 400 0
4978| -9,599998 400 0
4979| -9,899999 400 0
4980| -10,2 400 0
4981| -10,5 400 0
4982| -10,8 400 0
4983| -11,1 400 0
4984| -11,4 400 0
4985| -11,7 400 0
4986| -12 400 0
4987| -12 400 0
4988| -12 400 0
4989| -12 400 0
4990| -12 400 0
4991| -12 400 0
4992| -12 400 0
4993| -12 400 0
4994| -12 400 0
4995| 0 400 0
4996| 0,3 400 0
4997| 0,6 400 0
4998| 0,9 400 0
4999| 1,2 400 0
5000| 1,5 400 0
5001| 1,8 400 0
5002| 2,1 400 0
5003| 2,4 400 0
5004| 2,7 400 0
5005| 3 400 0
5006| 3,299999 400 0
5007| 3,599999 400 0
5008| 3,899999 400 0
5009| 4,2 400 0
5010| 4,5 400 0
5011| 4,8 400 0
5012| 5,1 400 0
5013| 5,4 400 0
5014| 5,7 400 0
5015| 6 400 0
5016| 6,300001 400 0
5017| 6,600001 400 0
5018| 6,900001 400 0
5019| 7,200001 400 0
5020| 7,500001 400 0
5021| 7,800001 400 0
5022| 8,1 400 0
5023| 8,4 400 0
5024| 8,7 400 0
5025| 8,999999 400 0
5026| 9,299999 400 0
5027| 9,599998 400 0
5028| 9,899999 400 0
5029| 10,2 400 0
5030| 10,5 400 0
5031| 10,8 400 0
5032| 11,1 400 0
5033| 11,4 400 0
5034| 11,7 400 0
5035| 12 400 0
5036| 12,3 400 0
5037| 12,6 400 0
5038| 12,9 400 0
5039| 13,2 400 0
5040| 13,5 400 0
5041| 13,79999 400 0
5042| 14,09999 400 0
5043| 14,39999 400 0
5044| 14,69999 400 0
5045| 14,99999 400 0
5046| 15,29999 400 0
5047| 15,59999 400 0
5048| 15,89999 400 0
5049| 16,19999 400 0
5050| 16,49999 400 0
5051| 16,79999 400 0
5052| 17,09999 0 0
5053| 17,39999 -4 0
5054| 17,69999 -8 0
5055| 17,99999 -12 30000
5056| 18,29999 -16 30000
5057| 18,29999 -20 30000
5058| 18,29999 -24 30000
5059| 18,29999 -28 30000
5060| 18,29999 -32 30000
5061| 18,29999 -36 30000
5062| 18,29999 -40 30000
5063| 18,29999 -43,99999 30000
5064| 18,29999 -47,99999 30000
5065| 18,29999 -51,99999 30000
5066| 18,29999 -55,99999 30000
5067| 18,29999 -60 30000
5068| 18,29999 -64 30000
5069| 18,29999 -68 30000
5070| 18,29999 -72 30000
5071| 18,29999 -76,00001 30000
5072| 18,29999 -80,00001 30000
5073| 18,29999 -84,00001 30000
5074| 18,29999 -88,00002 30000
5075| 18,29999 -92,00002 30000
5076| 18,29999 -96,00002 30000
5077| 18,29999 -100 30000
5078| 18,29999 -104 30000
5079| 18,29999 -108 30000
5080| 18,29999 -112 30000
5081| 18,29999 -116 30000
5082| 18,29999 -120 30000
5083| 18,29999 -124 30000
5084| 18,29999 -128 30000
5085| 18,29999 -132 30000
5086| 18,29999 -136 30000
5087| 18,29999 -140 30000
5088| 18,29999 -144 30000
5089| 18,29999 -148 30000
5090| 18,29999 -152 30000
5091| 18,29999 -156 30000
5092| 18,29999 -160 30000
5093| 18,29999 -164 30000
5094| 18,29999 -168 30000
5095| 18,29999 -171,9999 30000
5096| 18,29999 -175,9999 30000
5097| 18,29999 -179,9999 0
5098| 0 0 0
5099| 0 0 0
5100| 0 0 0
5101| 0 0 0
5102| 0 0 0
5103| 0 0 0
5104| 0 0 0
5105| 0 0 0
5106| 0 0 0
5107| 0 0 0
5108| 0 0 0
5109| 0 0 0
5110| 0 0 0
5111| 0 0 0
5112| 0 0 0
5113| 0 0 0
5114| 0 0 0
5115| 0 0 0
5116| 0 0 0
5117| 0 0 0
5118| 0 0 0
5119| 0 0 0
5120| 0 0 0
5121| 0 0 0
5122| 0 0 0
5123| 0 0 0
5124| 0 0 0
5125| 0 0 0
5126| 0 0 0
5127| 0 0 0
5128| 0 0 0
5129| 0 0 0
5130| 0 0 0
5131| 0 0 0
5132| 0 0 0
5133| 0 0 0
5134| 0 0 0
5135| 0 0 0
5136| 0 0 0
5137| 0 0 0
5138| 0 0 0
5139| 0 0 0
5140| 0 0 0
5141| 0 0 0
5142| 0 0 0
5143| 0 0 0
5144| 0 0 0
5145| 0 0 0
5146| 0 0 0
5147| 0 0 0
5148| 0 0 0
5149| 0 0 0
5150| 0 0 0
5151| 0 0 0
5152| 0 0 0
5153| 0 0 0
5154| 0 0 0
5155| 0 0 0
5156| 0 0 0
5157| 0 0 0
5158| 0 0 0
5159| 0 0 0
5160| 0 0 0
5161| 0 0 0
5162| 0 0 0
5163| 0 0 0
5164| 0 0 0
5165| 0 0 0
5166| 0 0 0
5167| 0 0 0
5168| 0 0 0
5169| 0 0 0
5170| 0 0 0
5171| 0 0 0
5172| 0 0 0
5173| 0 0 0
5174| 0 0 0
5175| 0 0 0
5176| 0 0 0
5177| 0 0 0
5178| 0 0 0
5179| 0 0 0
5180| 0 0 0
5181| 0 0 0
5182| 0 0 0
5183| 0 0 0
5184| 0 0 0
5185| 0 0 0
5186| 0 0 0
5187| 0 0 0
5188| 0 0 0
5189| 0 0 0
5190| 0 0 0
5191| 0 0 0
5192| 0 0 0
5193| 0 0 0
5194| 0 0 0
5195| 0 0 0
5196| 0 0 0
5197| 0 0 0
5198| 0 0 0
5199| 0 0 0
5200| 0 0 0
5201| 0 0 0
5202| 0 0 0
5203| 0 0 0
5204| 0 0 0
5205| 0 0 0
5206| 0 0 0
5207| 0 0 0
5208| 0 0 0
5209| 0 0 0
5210| 0 0 0
5211| 0 0 0
5212| 0 0 0
5213| 0 0 0
5214| 0 0 0
5215| 0 0 0
5216| 0 0 0
5217| 0 0 0
5218| 0 0 0
5219| 0 0 0
5220| 0 0 0
5221| 0 0 0
5222| 0 0 0
5223| 0 0 0
5224| 0 0 0
5225| 0 0 0
5226| 0 0 0
5227| 0 0 0
5228| 0 0 0
5229| 0 0 0
5230| 0 0 0
5231| 0 0 0
5232| 0 0 0
5233| 0 0 0
5234| 0 0 0
5235| 0 0 0
5236| 0 0 0
5237| 0 0 0
5238| 0 0 0
5239| 0 0 0
5240| 0 0 0
5241| 0 0 0
5242| 0 0 0
5243| 0 0 0
5244| 0 0 0
5245| 0 0 0
5246| 0 0 0
5247| 0 0 0
5248| 0 0 0
5249| 0 0 0
5250| 0 0 0
5251| 0 0 0
5252| 0 0 0
5253| 0 0 0
5254| 0 0 0
5255| 0 0 0
5256| 0 0 0
5257| 0 0 0
5258| 0 0 0
5259| 0 0 0
5260| 0 0 0
5261| 0 0 0
5262| 0 0 0
5263| 0 0 0
5264| 0 0 0
5265| 0 0 0
5266| 0 0 0
5267| 0 0 0
5268| 0 0 0
5269| 0 0 0
5270| 0 0 0
5271| 0 0 0
5272| 0 0 0
5273| 0 0 0
5274| 0 0 0
5275| 0 0 0
5276| 0 0 0
5277| 0 0 0
5278| 0 0 0
5279| 0 0 0
5280| 0 0 0
5281| 0 0 0
5282| 0 0 0
5283| 0 0 0
5284| 0 0 0
5285| 0 0 0
5286| 0 0 0
5287| 0 0 0
5288| 0 0 0
5289| 0 0 0
5290| 0 0 0
5291| 0 0 0
5292| 0 0 0
5293| 0 0 0
5294| 0 0 0
5295| 0 0 0
5296| 0 0 0
5297| 0 0 0
5298| 0 0 0
5299| 0 0 0
5300| 0 0 0
5301| 0 0 0
5302| 0 0 0
5303| 0 0 0
5304| 0 0 0
5305| 0 0 0
5306| 0 0 0
5307| 0 0 0
5308| 0 0 0
5309| 0 0 0
5310| 0 0 0
5311| 0 0 0
5312| 0 0 0
5313| 0 0 0
5314| 0 0 0
5315| 0 0 0
5316| 0 0 0
5317| 0 0 0
5318| 0 0 0
5319| 0 0 0
5320| 0 0 0
5321| 0 0 0
5322| 0 0 0
5323| 0 0 0
5324| 0 0 0
5325| 0 0 0
5326| 0 0 0
5327| 0 0 0
5328| 0 0 0
5329| 0 0 0
5330| 0 0 0
5331| 0 0 0
5332| 0 0 0
5333| 0 0 0
5334| 0 0 0
5335| 0 0 0
5336| 0 0 0
5337| 0 0 0
5338| 0 0 0
5339| 0 0 0
5340| 0 0 0
5341| 0 0 0
5342| 0 0 0
5343| 0 0 0
5344| 0 0 0
5345| 0 0 0
5346| 0 0 0
5347| 0 0 0
5348| 0 0 0
5349| 0 0 0
5350| 0 0 0
5351| 0 0 0
5352| 0 0 0
5353| 0 0 0
5354| 0 0 0
5355| 0 0 0
5356| 0 0 0
5357| 0 0 0
5358| 0 0 0
5359| 0 0 0
5360| 0 0 0
5361| 0 0 0
5362| 0 0 0
5363| 0 0 0
5364| 0 0 0
5365| 0 0 0
5366| 0 0 0
5367| 0 0 0
5368| 0 0 0
5369| 0 0 0
5370| 0 0 0
5371| 0 0 0
5372| 0 0 0
5373| 0 0 0
5374| 0 0 0
5375| 0 0 0
5376| 0 0 0
5377| 0 0 0
5378| 0 0 0
5379| 0 0 0
5380| 0 0 0
5381| 0 0 0
5382| 0 0 0
5383| 0 0 0
5384| 0 0 0
5385| 0 0 0
5386| 0 0 0
5387| 0 0 0
5388| 0 0 0
5389| 0 0 0
5390| 0 0 0
5391| 0 0 0
5392| 0 0 0
5393| 0 0 0
5394| 0 0 0
5395| 0 0 0
5396| 0 0 0
5397| 0 0 0
5398| 0 0 0
5399| 0 0 0
5400| 0 0 0
5401| 0 0 0
5402| 0 0 0
5403| 0 0 0
5404| 0 0 0
5405| 0 0 0
5406| 0 0 0
5407| 0 0 0
5408| 0 0 0
5409| 0 0 0
5410| 0 0 0
5411| 0 0 0
5412| 0 0 0
5413| 0 0 0
5414| 0 0 0
5415| 0 0 0
5416| 0 0 0
5417| 0 0 0
5418| 0 0 0
5419| 0 0 0
5420| 0 0 0
5421| 0 0 0
5422| 0 0 0
5423| 0 0 0
5424| 0 0 0
5425| 0 0 0
5426| 0 0 0
5427| 0 0 0
5428| 0 0 0
5429| 0 0 0
5430| 0 0 0
5431| 0 0 0
5432| 0 0 0
5433| 0 0 0
5434| 0 0 0
5435| 0 0 0
5436| 0 0 0
5437| 0 0 0
5438| 0 0 0
5439| 0 0 0
5440| 0 0 0
5441| 0 0 0
5442| 0 0 0
5443| 0 0 0
5444| 0 0 0
5445| 0 0 0
5446| 0 0 0
5447| 0 0 0
5448| 0 0 0
5449| 0 0 0
5450| 0 0 0
5451| 0 0 0
5452| 0 0 0
5453| 0 0 0
5454| 0 0 0
5455| 0 0 0
5456| 0 0 0
5457| 0 0 0
5458| 0 0 0
5459| 0 0 0
5460| 0 0 0
5461| 0 0 0
5462| 0 0 0
5463| 0 0 0
5464| 0 0 0
5465| 0 0 0
5466| 0 0 0
5467| 0 0 0
5468| 0 0 0
5469| 0 0 0
5470| 0 0 0
5471| 0 0 0
5472| 0 0 0
5473| 0 0 0
5474| 0 0 0
5475| 0 0 0
5476| 0 0 0
5477| 0 0 0
5478| 0 0 0
5479| 0 0 0
5480| 0 0 0
5481| 0 0 0
5482| 0 0 0
5483| 0 0 0
5484| 0 0 0
5485| 0 0 0
5486| 0 0 0
5487| 0 0 0
5488| 0 0 0
5489| 0 0 0
5490| 0 0 0
5491| 0 0 0
5492| 0 0 0
5493| 0 0 0
5494| 0 0 0
5495| 0 0 0
5496| 0 0 0
5497| 0 0 0
5498| 0 0 0
5499| 0 0 0
5500| 0 0 0
5501| 0 0 0
5502| 0 0 0
5503| 0 0 0
5504| 0 0 0
5505| 0 0 0
5506| 0 0 0
5507| 0 0 0
5508| 0 0 0
5509| 0 0 0
5510| 0 0 0
5511| 0 0 0
5512| 0 0 0
5513| 0 0 0
5514| 0 0 0
5515| 0 0 0
5516| 0 0 0
5517| 0 0 0
5518| 0 0 0
5519| 0 0 0
5520| 0 0 0
5521| 0 0 0
5522| 0 0 0
5523| 0 0 0
5524| 0 0 0
5525| 0 0 0
5526| 0 0 0
5527| 0 0 0
5528| 0 0 0
5529| 0 0 0
5530| 0 0 0
5531| 0 0 0
5532| 0 0 0
5533| 0 0 0
5534| 0 0 0
5535| 0 0 0
5536| 0 0 0
5537| 0 0 0
5538| 0 0 0
5539| 0 0 0
5540| 0 0 0
5541| 0 0 0
5542| 0 0 0
5543| 0 0 0
5544| 0 0 0
5545| 0 0 0
5546| 0 0 0
5547| 0 0 0
5548| 0 0 0
5549| 0 0 0
5550| 0 0 0
5551| 0 0 0
5552| 0 0 0
5553| 0 0 0
5554| 0 0 0
5555| 0 0 0
5556| 0 0 0
5557| 0 0 0
5558| 0 0 0
5559| 0 0 0
5560| 0 0 0
5561| 0 0 0
5562| 0 0 0
5563| 0 0 0
5564| 0 0 0
5565| 0 0 0
5566| 0 0 0
5567| 0 0 0
5568| 0 0 0
5569| 0 0 0
5570| 0 0 0
5571| 0 0 0
5572| 0 0 0
5573| 0 0 0
5574| 0 0 0
5575| 0 0 0
5576| 0 0 0
5577| 0 0 0
5578| 0 0 0
5579| 0 0 0
5580| 0 0 0

