1| 0 0 0
2| 0 0 0
3| 0 0 0
4| 0 0 0
5| 0 0 0
6| 0 0 0
7| 0 0 0
8| 0 0 0
9| 0 0 0
10| 0 0 0
11| 0 0 0
12| 0 0 0
13| 0 0 0
14| 0 0 0
15| 0 0 0
16| 0 0 0
17| 0 0 0
18| 0 0 0
19| 0 0 0
20| 0 0 0
21| 0 0 0
22| 0 0 0
23| 0 0 0
24| 0 0 0
25| 0 0 0
26| 0 0 0
27| 0 0 0
28| 0 0 0
29| 0 0 0
30| 0 0 0
31| 0 0 0
32| 0 0 0
33| 0 0 0
34| 0 0 0
35| 0 0 0
36| 0 0 0
37| 0 0 0
38| 0 0 0
39| 0 0 0
40| 0 0 0
41| 0 0 0
42| 0 0 0
43| 0 0 0
44| 0 0 0
45| 0 0 0
46| 0 0 0
47| 0 0 0
48| 0 0 0
49| 0 0 0
50| 0 0 0
51| 0 0 0
52| 0 0 0
53| 0 0 0
54| 0 0 0
55| 0 0 0
56| 0 0 0
57| 0 0 0
58| 0 0 0
59| 0 0 0
60| 0 0 0
61| 0 0 0
62| 0 0 0
63| 0 0 0
64| 0 0 0
65| 0 0 0
66| 0 0 0
67| 0 0 0
68| 0 0 0
69| 0 0 0
70| 0 0 0
71| 0 0 0
72| 0 0 0
73| 0 0 0
74| 0 0 0
75| 0 0 0
76| 0 0 0
77| 0 0 0
78| 0 0 0
79| 0 0 0
80| 0 0 0
81| 0 0 0
82| 0 0 0
83| 0 0 0
84| 0 0 0
85| 0 0 0
86| 0 0 0
87| 0 0 0
88| 0 0 0
89| 0 0 0
90| 0 0 0
91| 0 0 0
92| 0 0 0
93| 0 0 0
94| 0 0 0
95| 0 0 0
96| 0 0 0
97| 0 0 0
98| 0 0 0
99| 0 0 0
100| 0 0 0
101| 0 0 0
102| 0 0 0
103| 0 0 0
104| 0 0 0
105| 0 0 0
106| 0 0 0
107| 0 0 0
108| 0 0 0
109| 0 0 0
110| 0 0 0
111| 0 0 0
112| 0 0 0
113| 0 0 0
114| 0 0 0
115| 0 0 0
116| 0 0 0
117| 0 0 0
118| 0 0 0
119| 0 0 0
120| 0 0 0
121| 0 0 0
122| 0 0 0
123| 0 0 0
124| 0 0 0
125| 0 0 0
126| 0 0 0
127| 0 0 0
128| 0 0 0
129| 0 0 0
130| 0 0 0
131| 0 0 0
132| 0 0 0
133| 0 0 0
134| 0 0 0
135| 0 0 0
136| 0 0 0
137| 0 0 0
138| 0 0 0
139| 0 0 0
140| 0 0 0
141| 0 0 0
142| 0 0 0
143| 0 0 0
144| 0 0 0
145| 0 0 0
146| 0 0 0
147| 0 0 0
148| 0 0 0
149| 0 0 0
150| 0 0 0
151| 0 0 0
152| 0 0 0
153| 0 0 0
154| 0 0 0
155| 0 0 0
156| 0 0 0
157| 0 0 0
158| 0 0 0
159| 0 0 0
160| 0 0 0
161| 0 0 0
162| 0 0 0
163| 0 0 0
164| 0 0 0
165| 0 0 0
166| 0 0 0
167| 0 0 0
168| 0 0 0
169| 0 0 0
170| 0 0 0
171| 0 0 0
172| 0 0 0
173| 0 0 0
174| 0 0 0
175| 0 0 0
176| 0 0 0
177| 0 0 0
178| 0 0 0
179| 0 0 0
180| 0 0 0
181| 0 0 0
182| 0 0 0
183| 0 0 0
184| 0 0 0
185| 0 0 0
186| 0 0 0
187| 0 0 0
188| 0 0 0
189| 0 0 0
190| 0 0 0
191| 0 0 0
192| 0 0 0
193| 0 0 0
194| 0 0 0
195| 0 0 0
196| 0 0 0
197| 0 0 0
198| 0 0 0
199| 0 0 0
200| 0 0 0
201| 0 0 0
202| 0 0 0
203| 0 0 0
204| 0 0 0
205| 0 0 0
206| 0 0 0
207| 0 0 0
208| 0 0 0
209| 0 0 0
210| 0 0 0
211| 0 0 0
212| 0 0 0
213| 0 0 0
214| 0 0 0
215| 0 0 0
216| 0 0 0
217| 0 0 0
218| 0 0 0
219| 0 0 0
220| 0 0 0
221| 0 0 0
222| 0 0 0
223| 0 0 0
224| 0 0 0
225| 0 0 0
226| 0 0 0
227| 0 0 0
228| 0 0 0
229| 0 0 0
230| 0 0 0
231| 0 0 0
232| 0 0 0
233| 0 0 0
234| 0 0 0
235| 0 0 0
236| 0 0 0
237| 0 0 0
238| 0 0 0
239| 0 0 0
240| 0 0 0
241| 0 0 0
242| 0 0 0
243| 0 0 0
244| 0 0 0
245| 0 0 0
246| 0 0 0
247| 0 0 0
248| 0 0 0
249| 0 0 0
250| 0 0 0
251| 0 0 0
252| 0 0 0
253| 0 0 0
254| 0 0 0
255| 0 0 0
256| 0 0 0
257| 0 0 0
258| 0 0 0
259| 0 0 0
260| 0 0 0
261| 0 0 0
262| 0 0 0
263| 0 0 0
264| 0 0 0
265| 0 0 0
266| 0 0 0
267| 0 0 0
268| 0 0 0
269| 0 0 0
270| 0 0 0
271| 0 0 0
272| 0 0 0
273| 0 0 0
274| 0 0 0
275| 0 0 0
276| 0 0 0
277| 0 0 0
278| 0 0 0
279| 0 0 0
280| 0 0 0
281| 0 0 0
282| 0 0 0
283| 0 0 0
284| 0 0 0
285| 0 0 0
286| 0 0 0
287| 0 0 0
288| 0 0 0
289| 0 0 0
290| 0 0 0
291| 0 0 0
292| 0 0 0
293| 0 0 0
294| 0 0 0
295| 0 0 0
296| 0 0 0
297| 0 0 0
298| 0 0 0
299| 0 0 0
300| 0 0 0
301| 0 0 0
302| 0 0 0
303| 0 0 0
304| 0 0 0
305| 0 0 0
306| 0 0 0
307| 0 0 0
308| 0 0 0
309| 0 0 0
310| 0 0 0
311| 0 0 0
312| 0 0 0
313| 0 0 0
314| 0 0 0
315| 0 0 0
316| 0 0 0
317| 0 0 0
318| 0 0 0
319| 0 0 0
320| 0 0 0
321| 0 0 0
322| 0 0 0
323| 0 0 0
324| 0 0 0
325| 0 0 0
326| 0 0 0
327| 0 0 0
328| 0 0 0
329| 0 0 0
330| 0 0 0
331| 0 0 0
332| 0 0 0
333| 0 0 0
334| 0 0 0
335| 0 0 0
336| 0 0 0
337| 0 0 0
338| 0 0 0
339| 0 0 0
340| 0 0 0
341| 0 0 0
342| 0 0 0
343| 0 0 0
344| 0 0 0
345| 0 0 0
346| 0 0 0
347| 0 0 0
348| 0 0 0
349| 0 0 0
350| 0 0 0
351| 0 0 0
352| 0 0 0
353| 0 0 0
354| 0 0 0
355| 0 0 0
356| 0 0 0
357| 0 0 0
358| 0 0 0
359| 0 0 0
360| 0 0 0
361| 0 0 0
362| 0 0 0
363| 0 0 0
364| 0 0 0
365| 0 0 0
366| 0 0 0
367| 0 0 0
368| 0 0 0
369| 0 0 0
370| 0 4 0
371| 0 8 0
372| 0 12 0
373| 0 16 0
374| 0 20 0
375| 0 24 0
376| 0 28 0
377| 0 32 0
378| 0 36 0
379| 0 40 0
380| 0 43,99999 0
381| 0 47,99999 0
382| 0 51,99999 0
383| 0 55,99999 0
384| 0 60 0
385| 0 64 0
386| 0 68 0
387| 0 72 0
388| 0 76,00001 0
389| 0 80,00001 0
390| 0 84,00001 0
391| 0 88,00002 0
392| 0 92,00002 0
393| 0 96,00002 0
394| 0 100 0
395| 0 104 0
396| 0 108 0
397| 0 112 0
398| 0 116 0
399| 0 120 0
400| 0 124 0
401| 0 128 0
402| 0 132 0
403| 0 136 0
404| 0 140 0
405| 0 144 0
406| 0 148 0
407| 0,3 152 0
408| 0,6 156 0
409| 0,9 160 0
410| 1,2 164 0
411| 1,2 168 0
412| 1,2 171,9999 0
413| 1,2 175,9999 0
414| 1,2 179,9999 0
415| 1,2 183,9999 0
416| 1,2 187,9999 0
417| 1,2 191,9999 0
418| 1,2 195,9999 0
419| 1,2 199,9999 0
420| 1,2 203,9999 0
421| 1,2 207,9999 0
422| 1,2 211,9999 0
423| 1,2 215,9999 0
424| 1,2 219,9999 0
425| 1,2 223,9999 0
426| 1,2 227,9999 0
427| 1,2 231,9999 0
428| 1,2 235,9999 0
429| 1,2 239,9999 0
430| 1,2 243,9999 0
431| 1,2 247,9999 0
432| 1,2 251,9999 0
433| 1,2 255,9999 0
434| 1,2 259,9999 0
435| 1,2 263,9999 0
436| 1,2 267,9999 0
437| 1,2 271,9998 0
438| 1,2 275,9998 0
439| 1,2 279,9998 0
440| 1,2 283,9998 0
441| 1,2 287,9998 0
442| 1,2 291,9998 0
443| 1,2 295,9998 0
444| 1,2 299,9998 0
445| 1,2 303,9998 0
446| 1,2 307,9998 0
447| 1,2 311,9998 0
448| 1,2 315,9998 0
449| 1,2 319,9998 0
450| 1,2 323,9998 0
451| 1,2 327,9998 0
452| 1,2 331,9998 0
453| 1,2 335,9998 0
454| 1,2 339,9998 0
455| 1,2 343,9998 0
456| 1,2 347,9998 0
457| 1,2 351,9998 0
458| 1,2 355,9998 0
459| 1,2 359,9998 0
460| 1,2 363,9998 0
461| 1,2 367,9998 0
462| 1,2 371,9998 0
463| 1,2 375,9998 0
464| 1,2 379,9998 0
465| 1,2 383,9998 0
466| 1,2 387,9998 0
467| 1,2 391,9998 0
468| 1,2 395,9998 0
469| 1,2 399,9997 0
470| 1,2 400 0
471| 1,2 400 0
472| 1,2 400 0
473| 1,2 400 0
474| 1,2 400 0
475| 1,2 400 0
476| 1,2 400 0
477| 1,2 400 0
478| 1,2 400 0
479| 1,2 400 0
480| 1,2 400 0
481| 1,2 400 0
482| 1,2 400 0
483| 1,2 400 0
484| 1,2 400 0
485| 1,2 400 0
486| 1,2 400 0
487| 1,2 400 0
488| 1,2 400 0
489| 1,2 400 0
490| 1,2 400 0
491| 1,2 400 0
492| 1,2 400 0
493| 1,2 400 0
494| 1,2 400 0
495| 1,2 400 0
496| 1,2 400 0
497| 1,2 400 0
498| 1,2 400 0
499| 1,2 400 0
500| 1,2 400 0
501| 1,2 400 0
502| 1,2 400 0
503| 1,2 400 0
504| 1,2 400 0
505| 1,2 400 0
506| 1,2 400 0
507| 1,2 400 0
508| 1,2 400 0
509| 1,2 400 0
510| 1,2 400 0
511| 1,2 400 0
512| 1,2 400 0
513| 1,2 400 0
514| 1,2 400 0
515| 1,2 400 0
516| 1,2 400 0
517| 1,2 400 0
518| 1,2 400 0
519| 1,2 400 0
520| 1,2 400 0
521| 1,2 400 0
522| 1,2 400 0
523| 1,2 400 0
524| 1,2 400 0
525| 1,2 400 0
526| 1,2 400 0
527| 1,2 400 0
528| 1,2 400 0
529| 1,2 400 0
530| 1,2 400 0
531| 1,2 400 0
532| 1,2 400 0
533| 1,2 400 0
534| 1,2 400 0
535| 1,2 400 0
536| 1,2 400 0
537| 1,2 400 0
538| 1,2 400 0
539| 1,2 400 0
540| 1,2 400 0
541| 1,2 400 0
542| 1,2 400 0
543| 1,2 400 0
544| 1,2 400 0
545| 1,2 400 0
546| 1,2 400 0
547| 1,2 400 0
548| 0 400 0
549| -0,3 400 0
550| -0,6 400 0
551| -0,6 400 0
552| -0,6 400 0
553| -0,6 400 0
554| -0,6 400 0
555| -0,6 400 0
556| -0,6 400 0
557| -0,6 400 0
558| -0,6 400 0
559| -0,6 400 0
560| -0,6 400 0
561| -0,6 400 0
562| -0,6 400 0
563| -0,6 400 0
564| -0,6 400 0
565| -0,6 400 0
566| -0,6 400 0
567| 0 400 0
568| 0,3 400 0
569| 0,6 400 0
570| 0,9 400 0
571| 1,2 400 0
572| 1,5 400 0
573| 1,5 400 0
574| 1,5 400 0
575| 1,5 400 0
576| 1,5 400 0
577| 1,5 400 0
578| 1,5 400 0
579| 1,5 400 0
580| 1,5 400 0
581| 1,5 400 0
582| 1,5 400 0
583| 1,5 400 0
584| 1,5 400 0
585| 1,5 400 0
586| 1,5 400 0
587| 1,8 400 0
588| 2,1 400 0
589| 2,4 400 0
590| 2,7 400 0
591| 3 400 0
592| 3,299999 400 0
593| 3,599999 400 0
594| 3,599999 400 0
595| 3,599999 400 0
596| 3,599999 400 0
597| 3,599999 400 0
598| 3,599999 400 0
599| 3,599999 400 0
600| 3,599999 400 0
601| 3,599999 400 0
602| 3,599999 400 0
603| 3,599999 400 0
604| 3,599999 400 0
605| 3,899999 400 0
606| 4,2 400 0
607| 4,5 400 0
608| 4,8 400 0
609| 5,1 400 0
610| 5,4 400 0
611| 5,7 400 0
612| 5,7 400 0
613| 5,7 400 0
614| 5,7 400 0
615| 5,7 400 0
616| 5,7 400 0
617| 5,7 400 0
618| 5,7 400 0
619| 5,7 400 0
620| 5,7 400 0
621| 6 400 0
622| 6,300001 400 0
623| 6,600001 400 0
624| 6,900001 400 0
625| 7,200001 400 0
626| 7,500001 400 0
627| 7,500001 400 0
628| 7,500001 400 0
629| 7,500001 400 0
630| 7,500001 400 0
631| 7,500001 400 0
632| 7,500001 400 0
633| 7,500001 400 0
634| 7,500001 400 0
635| 7,500001 400 0
636| 7,500001 400 0
637| 7,500001 400 0
638| 7,500001 400 0
639| 7,500001 400 0
640| 7,500001 400 0
641| 7,500001 400 0
642| 7,500001 400 0
643| 7,500001 400 0
644| 7,500001 400 0
645| 7,500001 400 0
646| 7,500001 400 0
647| 0 400 0
648| 0 400 0
649| 0 400 0
650| 0 400 0
651| 0 400 0
652| 0 400 0
653| 0 400 0
654| 0 400 0
655| 0 400 0
656| 0 400 0
657| -0,3 400 0
658| -0,6 400 0
659| -0,9 400 0
660| -1,2 400 0
661| -1,5 400 0
662| -1,8 400 0
663| -2,1 400 0
664| -2,1 400 0
665| -2,1 400 0
666| -2,1 400 0
667| -2,1 400 0
668| -2,1 400 0
669| -2,1 400 0
670| -2,1 400 0
671| -2,1 400 0
672| -2,1 400 0
673| -2,4 400 0
674| -2,4 400 0
675| -2,4 400 0
676| -2,4 400 0
677| -2,4 400 0
678| -2,4 400 0
679| -2,4 400 0
680| -2,4 400 0
681| -2,4 400 0
682| -2,4 400 0
683| -2,4 400 0
684| -2,4 400 0
685| -2,4 400 0
686| -2,4 400 0
687| -2,4 400 0
688| -2,4 400 0
689| -2,4 400 0
690| -2,4 400 0
691| -2,4 400 0
692| -2,4 400 0
693| -2,4 400 0
694| -2,4 400 0
695| -2,4 400 0
696| -2,4 400 0
697| -2,4 400 0
698| -2,4 400 0
699| -2,4 400 0
700| -2,4 400 0
701| -2,4 400 0
702| -2,4 400 0
703| -2,4 400 0
704| -2,4 400 0
705| -2,4 400 0
706| -2,4 400 0
707| -2,4 400 0
708| -2,4 400 0
709| -2,4 400 0
710| -2,4 400 0
711| -2,4 400 0
712| -2,4 400 0
713| -2,4 400 0
714| -2,4 400 0
715| -2,4 400 0
716| -2,4 400 0
717| -2,4 400 0
718| -2,4 400 0
719| -2,4 400 0
720| -2,4 400 0
721| -2,4 400 0
722| -2,4 400 0
723| -2,4 400 0
724| -2,4 400 0
725| -2,4 400 0
726| 0 0 0
727| 0 0 0
728| 0 0 0
729| 0 0 0
730| 0 0 0
731| 0 0 0
732| 0 0 0
733| 0 0 0
734| 0 0 0
735| 0 0 0
736| 0 0 0
737| 0 0 0
738| 0,3 0 0
739| 0,6 0 0
740| 0,9 0 0
741| 1,2 0 0
742| 1,5 0 0
743| 1,8 0 0
744| 0 0 0
745| 0 0 0
746| 0 0 0
747| 0 0 0
748| 0 0 0
749| 0 0 0
750| 0 0 0
751| 0 0 0
752| 0,3 0 0
753| 0,6 0 0
754| 0,9 0 0
755| 1,2 0 0
756| 1,5 0 0
757| 0 0 0
758| 0 0 0
759| 0 0 0
760| 0 0 0
761| 0 0 0
762| 0,3 0 0
763| 0,6 0 0
764| 0,9 0 0
765| 1,2 0 0
766| 0 0 0
767| 0 0 0
768| 0 0 0
769| 0 0 0
770| 0 0 0
771| 0 0 0
772| 0 0 0
773| 0 0 0
774| 0 0 0
775| 0 0 0
776| 0 0 0
777| 0 0 0
778| 0 0 0
779| 0 0 0
780| 0 0 0
781| 0 0 0
782| 0 0 0
783| 0 0 0
784| 0 0 0
785| 0 0 0
786| 0 0 0
787| 0 0 0
788| 0 0 0
789| 0 0 0
790| 0 0 0
791| 0 0 0
792| 0 0 0
793| 0 0 0
794| 0 0 0
795| 0 0 0
796| 0 0 0
797| 0 0 0
798| 0 0 0
799| 0 0 0
800| 0 0 0
801| 0 0 0
802| 0 0 0
803| 0 0 0
804| 0 0 0
805| 0 0 0
806| 0 0 0
807| 0 0 0
808| 0 0 0
809| 0 0 0
810| 0 0 0
811| 0 0 0
812| 0 0 0
813| 0 0 0
814| 0 0 0
815| 0 0 0
816| 0 0 0
817| 0 0 0
818| 0 0 0
819| 0 0 0
820| 0 0 0
821| 0 0 0
822| 0 0 0
823| 0 0 0
824| 0 0 0
825| 0 0 0
826| 0 0 0
827| 0 0 0
828| 0 0 0
829| 0 0 0
830| 0 0 0
831| 0 0 0
832| 0 0 0
833| 0 0 0
834| 0 0 0
835| 0 0 0
836| 0 0 0
837| 0 0 0
838| 0 0 0
839| 0 0 0
840| 0 0 0
841| 0 0 0
842| 0 0 0
843| 0 0 0
844| 0 0 0
845| 0 0 0
846| 0 0 0
847| 0 0 0
848| 0 0 0
849| 0 0 0
850| 0 0 0
851| 0 0 0
852| 0 0 0
853| 0 0 0
854| 0 0 0
855| 0 0 0
856| 0 0 0
857| 0 0 0
858| 0 0 0
859| 0 0 0
860| 0 0 0
861| 0 0 0
862| 0 0 0
863| 0 0 0
864| 0 0 0
865| 0 0 0
866| 0 0 0
867| 0 0 0
868| 0 0 0
869| 0 0 0
870| 0 0 0
871| 0 0 0
872| 0 0 0
873| 0 0 0
874| 0 0 0
875| 0 0 0
876| 0 0 0
877| 0 0 0
878| 0 0 0
879| 0 0 0
880| 0 0 0
881| 0 0 0
882| 0 0 0
883| 0 0 0
884| 0 0 0
885| 0 0 0
886| 0 0 0
887| 0 0 0
888| 0 0 0
889| 0 0 0
890| 0 0 0
891| 0 0 0
892| 0 0 0
893| 0 0 0
894| 0 0 0
895| 0 0 0
896| 0 0 0
897| 0 0 0
898| 0 0 0
899| 0 0 0
900| 0 0 0
901| 0 0 0
902| 0 0 0
903| 0 0 0
904| 0 0 0
905| 0 0 0
906| 0 0 0
907| 0 0 0
908| 0 0 0
909| 0 0 0
910| 0 0 0
911| 0 0 0
912| 0 0 0
913| 0 0 0
914| 0 0 0
915| 0 0 0
916| 0 0 0
917| 0 0 0
918| 0 0 0
919| 0 0 0
920| 0 0 0
921| 0 0 0
922| 0 0 0
923| 0 0 0
924| 0 0 0
925| 0 0 0
926| 0 0 0
927| 0 0 0
928| 0 0 0
929| 0 0 0
930| 0 0 0
931| 0 0 0
932| 0 0 0
933| 0 0 0
934| 0 0 0
935| 0 0 0
936| 0 0 0
937| 0 0 0
938| 0 0 0
939| 0 0 0
940| 0 0 0
941| 0 0 0
942| 0 0 0
943| 0 0 0
944| 0 0 0
945| 0 0 0
946| 0 0 0
947| 0 0 0
948| 0 0 0
949| 0 0 0
950| 0 0 0
951| 0 0 0
952| 0 0 0
953| 0 0 0
954| 0 0 0
955| 0 0 0
956| 0 0 0
957| 0 0 0

