1| 0 0 0
2| 0 0 0
3| 0 0 0
4| 0 0 0
5| 0 0 0
6| 0 0 0
7| 0 0 0
8| 0 0 0
9| 0 0 0
10| 0 0 0
11| 0 0 0
12| 0 0 0
13| 0 0 0
14| 0 0 0
15| 0 0 0
16| 0 0 0
17| 0 0 0
18| 0 0 0
19| 0 0 0
20| 0 0 0
21| 0 0 0
22| 0 0 0
23| 0 0 0
24| 0 0 0
25| 0 0 0
26| 0 0 0
27| 0 0 0
28| 0 0 0
29| 0 0 0
30| 0 0 0
31| 0 4 0
32| 0 8 0
33| 0 12 0
34| 0 16 0
35| 0 20 0
36| 0 24 0
37| 0 28 0
38| -0,3 32 0
39| -0,6 36 0
40| -0,9 40 0
41| -1,2 43,99999 0
42| -1,5 47,99999 0
43| -1,8 51,99999 0
44| -2,1 55,99999 0
45| -2,4 60 0
46| -2,7 64 0
47| -3 68 0
48| -3,299999 72 0
49| -3,599999 76,00001 0
50| -3,899999 80,00001 0
51| -4,2 84,00001 0
52| -4,5 88,00002 0
53| -4,8 92,00002 0
54| -5,1 96,00002 0
55| -5,4 100 0
56| -5,7 104 0
57| -6 108 0
58| -6,300001 112 0
59| -6,600001 116 0
60| -6,900001 120 0
61| -7,200001 124 0
62| -7,500001 128 0
63| -7,800001 132 0
64| -8,1 136 0
65| -8,4 140 0
66| -8,7 144 0
67| -8,999999 148 0
68| -9,299999 152 0
69| -9,599998 156 0
70| -9,899999 160 0
71| -10,2 164 0
72| -10,5 168 0
73| -10,8 171,9999 0
74| -11,1 175,9999 0
75| -11,4 179,9999 0
76| -11,7 183,9999 0
77| -12 187,9999 0
78| -12,3 191,9999 0
79| -12,6 195,9999 0
80| -12,9 199,9999 0
81| -13,2 203,9999 0
82| -13,2 207,9999 0
83| -13,2 211,9999 0
84| -13,2 215,9999 0
85| -13,2 219,9999 0
86| -13,2 223,9999 0
87| -13,5 227,9999 0
88| -13,79999 231,9999 0
89| -14,09999 235,9999 0
90| -14,39999 239,9999 0
91| -14,69999 243,9999 0
92| -14,99999 247,9999 0
93| -15,29999 251,9999 0
94| -15,59999 255,9999 0
95| -15,89999 259,9999 0
96| -16,19999 263,9999 0
97| -16,49999 267,9999 0
98| -16,79999 271,9998 0
99| -16,79999 275,9998 0
100| -16,79999 279,9998 0
101| -16,79999 283,9998 0
102| -16,79999 287,9998 0
103| -16,79999 291,9998 0
104| -16,79999 295,9998 0
105| -16,79999 299,9998 0
106| -16,79999 303,9998 0
107| -16,79999 307,9998 0
108| -16,79999 311,9998 0
109| -16,79999 315,9998 0
110| -16,79999 319,9998 0
111| -16,79999 323,9998 0
112| -16,79999 327,9998 0
113| -16,79999 331,9998 0
114| -16,79999 335,9998 0
115| -16,79999 339,9998 0
116| -16,79999 343,9998 0
117| -16,79999 347,9998 0
118| -16,79999 351,9998 0
119| 0 355,9998 0
120| 0,3 359,9998 0
121| 0,6 363,9998 0
122| 0,6 367,9998 0
123| 0,6 371,9998 0
124| 0,6 375,9998 0
125| 0,6 379,9998 0
126| 0,6 383,9998 0
127| 0,6 387,9998 0
128| 0,6 391,9998 0
129| 0,6 395,9998 0
130| 0,9 399,9997 0
131| 1,2 400 0
132| 1,5 400 0
133| 1,8 400 0
134| 1,8 400 0
135| 1,8 400 0
136| 1,8 400 0
137| 1,8 400 0
138| 1,8 400 0
139| 1,8 400 0
140| 1,8 400 0
141| 1,8 400 0
142| 1,8 400 0
143| 1,8 400 0
144| 2,1 400 0
145| 2,4 400 0
146| 2,7 400 0
147| 3 400 0
148| 3,299999 400 0
149| 3,599999 400 0
150| 3,899999 400 0
151| 4,2 400 0
152| 4,5 400 0
153| 4,8 400 0
154| 5,1 400 0
155| 5,1 400 0
156| 5,1 400 0
157| 5,1 400 0
158| 5,1 400 0
159| 5,1 400 0
160| 5,1 400 0
161| 5,1 400 0
162| 5,1 400 0
163| 5,1 400 0
164| 5,1 400 0
165| 5,1 400 0
166| 5,1 400 0
167| 5,1 400 0
168| 5,1 400 0
169| 5,1 400 0
170| 5,1 400 0
171| 5,1 400 0
172| 5,1 400 0
173| 5,1 400 0
174| 5,1 400 0
175| 5,1 400 0
176| 5,1 400 0
177| 0 400 0
178| -0,3 400 0
179| -0,6 400 0
180| -0,9 400 0
181| -1,2 400 0
182| -1,5 400 0
183| -1,8 400 0
184| -2,1 400 0
185| -2,4 400 0
186| -2,7 400 0
187| -2,7 400 0
188| -2,7 400 0
189| -2,7 400 0
190| -2,7 400 0
191| -2,7 400 0
192| -2,7 400 0
193| -2,7 400 0
194| -3 400 0
195| -3,299999 400 0
196| -3,599999 400 0
197| -3,899999 400 0
198| -4,2 400 0
199| -4,5 400 0
200| -4,8 400 0
201| -5,1 400 0
202| -5,4 400 0
203| -5,7 400 0
204| -5,7 400 0
205| -5,7 400 0
206| -5,7 400 0
207| -5,7 400 0
208| -5,7 400 0
209| -5,7 400 0
210| -5,7 400 0
211| -5,7 400 0
212| -5,7 400 0
213| -5,7 400 0
214| -5,7 400 0
215| -5,7 400 0
216| -6 400 0
217| -6,300001 400 0
218| -6,600001 400 0
219| -6,900001 400 0
220| -6,900001 400 0
221| -6,900001 400 0
222| -6,900001 400 0
223| -6,900001 400 0
224| -6,900001 400 0
225| -6,900001 400 0
226| -6,900001 400 0
227| 0 400 0
228| 0,3 400 0
229| 0,6 400 0
230| 0,6 400 0
231| 0,6 400 0
232| 0,6 400 0
233| 0,6 400 0
234| 0,6 400 0
235| 0,9 400 0
236| 1,2 400 0
237| 1,5 400 0
238| 1,8 400 0
239| 2,1 400 0
240| 2,4 400 0
241| 2,4 400 0
242| 2,4 400 0
243| 2,4 400 0
244| 2,4 400 0
245| 2,4 400 0
246| 2,4 400 0
247| 2,4 400 0
248| 2,7 400 0
249| 3 400 0
250| 3,299999 400 0
251| 3,599999 400 0
252| 3,899999 400 0
253| 4,2 400 0
254| 4,2 400 0
255| 4,2 400 0
256| 4,2 400 0
257| 4,2 400 0
258| 4,2 400 0
259| 4,2 400 0
260| 4,2 400 0
261| 4,2 400 0
262| 4,2 400 0
263| 4,2 400 0
264| 4,2 400 0
265| 4,2 400 0
266| 4,5 400 0
267| 4,8 400 0
268| 5,1 400 0
269| 5,4 400 0
270| 5,4 400 0
271| 5,4 400 0
272| 5,4 400 0
273| 5,4 400 0
274| 5,4 400 0
275| 5,4 400 0
276| 5,4 400 0
277| 5,4 400 0
278| 5,4 400 0
279| 5,4 400 0
280| 5,4 400 0
281| 5,4 400 0
282| 5,4 400 0
283| 5,4 400 0
284| 5,4 400 0
285| 5,4 400 0
286| 5,4 400 0
287| 5,4 400 0
288| 5,4 400 0
289| 5,4 400 0
290| 5,4 400 0
291| 5,4 400 0
292| 5,4 400 0
293| 5,4 400 0
294| 5,4 400 0
295| 5,4 400 0
296| 5,4 400 0
297| 5,4 400 0
298| 5,4 400 0
299| 5,4 400 0
300| 5,4 400 0
301| 5,4 400 0
302| 5,4 400 0
303| 5,4 400 0
304| 5,4 400 0
305| 5,4 400 0
306| 5,4 400 0
307| 5,4 400 0
308| 5,4 400 0
309| 0 400 0
310| -0,3 400 0
311| -0,6 400 0
312| -0,9 400 0
313| -1,2 400 0
314| -1,5 400 0
315| -1,8 400 0
316| -2,1 400 0
317| -2,4 400 0
318| -2,7 400 0
319| -3 400 0
320| -3,299999 400 0
321| -3,599999 400 0
322| -3,899999 400 0
323| -4,2 400 0
324| -4,5 400 0
325| -4,8 400 0
326| -4,8 400 0
327| -4,8 400 0
328| -4,8 400 0
329| -4,8 400 0
330| -4,8 400 0
331| -4,8 400 0
332| -4,8 400 0
333| -4,8 400 0
334| -4,8 400 0
335| -4,8 400 0
336| -4,8 400 0
337| -4,8 400 0
338| -4,8 400 0
339| -5,1 400 0
340| -5,4 400 0
341| -5,7 400 0
342| -6 400 0
343| -6,300001 400 0
344| -6,600001 400 0
345| -6,600001 400 0
346| -6,600001 400 0
347| -6,600001 400 0
348| -6,600001 400 0
349| -6,600001 400 0
350| -6,600001 400 0
351| -6,600001 400 0
352| -6,600001 400 0
353| -6,600001 400 0
354| -6,600001 400 0
355| -6,600001 400 0
356| -6,600001 400 0
357| -6,600001 400 0
358| -6,600001 400 0
359| -6,600001 400 0
360| -6,600001 400 0
361| -6,600001 400 0
362| -6,600001 400 0
363| -6,600001 400 0
364| -6,600001 400 0
365| -6,600001 400 0
366| -6,900001 400 0
367| -7,200001 400 0
368| -7,200001 400 0
369| -7,200001 400 0
370| -7,200001 400 0
371| -7,200001 400 0
372| -7,200001 400 0
373| -7,200001 400 0
374| -7,200001 400 0
375| -7,200001 400 0
376| -7,200001 400 0
377| -7,200001 400 0
378| -7,200001 400 0
379| -7,200001 400 0
380| -7,200001 400 0
381| 0 400 0
382| 0,3 400 0
383| 0,6 400 0
384| 0,9 400 0
385| 0,9 400 0
386| 0,9 400 0
387| 0,9 400 0
388| 0,9 400 0
389| 0,9 400 0
390| 0,9 400 0
391| 0,9 400 0
392| 0,9 400 0
393| 0,9 400 0
394| 0,9 400 0
395| 0,9 400 0
396| 0,9 400 0
397| 0,9 400 0
398| 0,9 400 0
399| 0,9 400 0
400| 0,9 400 0
401| 0,9 400 0
402| 0,9 400 0
403| 0,9 400 0
404| 1,2 400 0
405| 1,5 400 0
406| 1,8 400 0
407| 2,1 400 0
408| 2,4 400 0
409| 2,4 400 0
410| 2,4 400 0
411| 2,4 400 0
412| 2,4 400 0
413| 2,4 400 0
414| 2,4 400 0
415| 2,4 400 0
416| 2,4 400 0
417| 2,4 400 0
418| 2,4 400 0
419| 2,7 400 0
420| 3 400 0
421| 3,299999 400 0
422| 3,299999 400 0
423| 3,299999 400 0
424| 3,299999 400 0
425| 3,299999 400 0
426| 3,299999 400 0
427| 3,299999 400 0
428| 3,299999 400 0
429| 3,299999 400 0
430| 3,299999 400 0
431| 3,299999 400 0
432| 3,299999 400 0
433| 3,299999 400 0
434| 3,299999 400 0
435| 3,299999 400 0
436| 3,599999 400 0
437| 3,899999 400 0
438| 4,2 400 0
439| 4,5 400 0
440| 4,8 400 0
441| 5,1 400 0
442| 5,1 400 0
443| 5,1 400 0
444| 5,1 400 0
445| 5,1 400 0
446| 5,1 400 0
447| 5,1 400 0
448| 5,1 400 0
449| 5,4 400 0
450| 5,7 400 0
451| 6 400 0
452| 6,300001 400 0
453| 6,600001 400 0
454| 6,900001 400 0
455| 7,200001 400 0
456| 7,500001 400 0
457| 7,800001 400 0
458| 7,800001 400 0
459| 7,800001 400 0
460| 7,800001 400 0
461| 7,800001 400 0
462| 7,800001 400 0
463| 7,800001 400 0
464| 7,800001 400 0
465| 7,800001 400 0
466| 7,800001 400 0
467| 7,800001 400 0
468| 7,800001 400 0
469| 7,800001 400 0
470| 7,800001 400 0
471| 7,800001 400 0
472| 7,800001 400 0
473| 7,800001 400 0
474| 7,800001 400 0
475| 7,800001 400 0
476| 7,800001 400 0
477| 7,800001 400 0
478| 7,800001 400 0
479| 0 400 0
480| -0,3 400 0
481| -0,6 400 0
482| -0,9 400 0
483| -1,2 400 0
484| -1,5 400 0
485| -1,8 400 0
486| -2,1 400 0
487| -2,4 400 0
488| -2,7 400 0
489| -3 400 0
490| -3 400 0
491| -3 400 0
492| -3 400 0
493| -3 400 0
494| -3 400 0
495| -3 400 0
496| -3 400 0
497| -3 400 0
498| -3 400 0
499| -3 400 0
500| -3,299999 400 0
501| -3,599999 400 0
502| -3,899999 400 0
503| -4,2 400 0
504| -4,5 400 0
505| -4,8 400 0
506| -5,1 400 0
507| -5,4 400 0
508| -5,4 400 0
509| -5,4 400 0
510| -5,4 400 0
511| -5,4 400 0
512| -5,4 400 0
513| -5,4 400 0
514| -5,4 400 0
515| -5,4 400 0
516| -5,4 400 0
517| -5,4 400 0
518| -5,4 400 0
519| -5,4 400 0
520| -5,4 400 0
521| -5,4 400 0
522| -5,4 400 0
523| -5,4 400 0
524| -5,4 400 0
525| -5,4 400 0
526| -5,4 400 0
527| -5,7 400 0
528| -6 400 0
529| -6 400 0
530| -6 400 0
531| -6 400 0
532| -6 400 0
533| -6 400 0
534| -6 400 0
535| -6 400 0
536| -6 400 0
537| -6 400 0
538| -6 400 0
539| -6 400 0
540| -6 400 0
541| -6 400 0
542| -6 400 0
543| -6 400 0
544| -6 400 0
545| -6 400 0
546| -6 400 0
547| -6 400 0
548| -6 400 0
549| -6 400 0
550| -6 400 0
551| -6 400 0
552| -6 400 0
553| -6 400 0
554| -6 400 0
555| 0 400 0
556| 0,3 400 0
557| 0,6 400 0
558| 0,9 400 0
559| 1,2 400 0
560| 1,2 400 0
561| 1,2 400 0
562| 1,2 400 0
563| 1,2 400 0
564| 1,2 400 0
565| 1,2 400 0
566| 1,2 400 0
567| 1,2 400 0
568| 1,2 400 0
569| 1,2 400 0
570| 1,2 400 0
571| 1,2 400 0
572| 1,2 400 0
573| 1,2 400 0
574| 1,2 400 0
575| 1,2 400 0
576| 1,2 400 0
577| 1,2 400 0
578| 1,2 400 0
579| 1,2 400 0
580| 1,2 400 0
581| 1,2 400 0
582| 1,2 400 0
583| 1,2 400 0
584| 1,2 400 0
585| 1,2 400 0
586| 1,2 400 0
587| 1,2 400 0
588| 1,2 400 0
589| 1,2 400 0
590| 1,2 400 0
591| 1,2 400 0
592| 1,2 400 0
593| 1,2 400 0
594| 1,2 400 0
595| 1,2 400 0
596| 1,5 400 0
597| 1,8 400 0
598| 2,1 400 0
599| 2,4 400 0
600| 2,7 400 0
601| 3 400 0
602| 3,299999 400 0
603| 3,599999 400 0
604| 3,899999 400 0
605| 4,2 400 0
606| 4,5 400 0
607| 4,8 400 0
608| 5,1 400 0
609| 5,4 400 0
610| 5,7 400 0
611| 6 400 0
612| 6,300001 400 0
613| 6,300001 400 0
614| 6,300001 400 0
615| 6,300001 400 0
616| 6,300001 400 0
617| 6,300001 400 0
618| 6,300001 400 0
619| 6,300001 400 0
620| 6,300001 400 0
621| 6,300001 400 0
622| 6,300001 400 0
623| 6,600001 400 0
624| 6,900001 400 0
625| 7,200001 400 0
626| 7,500001 400 0
627| 7,800001 400 0
628| 8,1 400 0
629| 8,4 400 0
630| 8,7 400 0
631| 8,999999 400 0
632| 8,999999 400 0
633| 8,999999 400 0
634| 8,999999 400 0
635| 8,999999 400 0
636| 8,999999 400 0
637| 8,999999 400 0
638| 8,999999 400 0
639| 8,999999 400 0
640| 8,999999 400 0
641| 8,999999 400 0
642| 8,999999 400 0
643| 8,999999 400 0
644| 8,999999 400 0
645| 8,999999 400 0
646| 8,999999 400 0
647| 8,999999 400 0
648| 8,999999 400 0
649| 8,999999 400 0
650| 8,999999 400 0
651| 0 400 0
652| -0,3 400 0
653| -0,6 400 0
654| -0,9 400 0
655| -1,2 400 0
656| -1,5 400 0
657| -1,8 400 0
658| -2,1 400 0
659| -2,4 400 0
660| -2,7 400 0
661| -3 400 0
662| -3,299999 400 0
663| -3,299999 400 0
664| -3,299999 400 0
665| -3,299999 400 0
666| -3,299999 400 0
667| -3,299999 400 0
668| -3,299999 400 0
669| -3,299999 400 0
670| -3,299999 400 0
671| -3,299999 400 0
672| -3,299999 400 0
673| -3,299999 400 0
674| -3,299999 400 0
675| -3,299999 400 0
676| -3,299999 400 0
677| -3,299999 400 0
678| -3,299999 400 0
679| -3,299999 400 0
680| -3,299999 400 0
681| -3,299999 400 0
682| -3,299999 400 0
683| -3,299999 400 0
684| -3,299999 400 0
685| -3,299999 400 0
686| -3,299999 400 0
687| -3,299999 400 0
688| -3,299999 400 0
689| -3,299999 400 0
690| -3,299999 400 0
691| -3,299999 400 0
692| -3,299999 400 0
693| -3,299999 400 0
694| -3,299999 400 0
695| -3,299999 400 0
696| -3,299999 400 0
697| -3,299999 400 0
698| -3,299999 400 0
699| -3,299999 400 0
700| -3,299999 400 0
701| -3,299999 400 0
702| -3,299999 400 0
703| -3,299999 400 0
704| -3,299999 400 0
705| -3,299999 400 0
706| -3,299999 400 0
707| -3,299999 400 0
708| -3,299999 400 0
709| -3,299999 400 0
710| -3,299999 400 0
711| -3,299999 400 0
712| -3,299999 400 0
713| -3,299999 400 0
714| -3,299999 400 0
715| -3,299999 400 0
716| -3,299999 400 0
717| -3,299999 400 0
718| -3,299999 400 0
719| -3,299999 400 0
720| -3,299999 400 0
721| -3,299999 400 0
722| -3,299999 400 0
723| -3,299999 400 0
724| 0 400 0
725| 0,3 400 0
726| 0,6 400 0
727| 0,9 400 0
728| 1,2 400 0
729| 1,5 400 0
730| 1,8 400 0
731| 2,1 400 0
732| 2,4 400 0
733| 2,7 400 0
734| 3 400 0
735| 3,299999 400 0
736| 3,599999 400 0
737| 3,599999 400 0
738| 3,599999 400 0
739| 3,599999 400 0
740| 3,599999 400 0
741| 3,599999 400 0
742| 3,599999 400 0
743| 3,599999 400 0
744| 3,599999 400 0
745| 3,599999 400 0
746| 3,599999 400 0
747| 3,599999 400 0
748| 3,599999 400 0
749| 3,599999 400 0
750| 3,599999 400 0
751| 3,599999 400 0
752| 3,599999 400 0
753| 3,599999 400 0
754| 3,599999 400 0
755| 3,599999 400 0
756| 3,599999 400 0
757| 3,599999 400 0
758| 3,599999 400 0
759| 3,599999 400 0
760| 3,599999 400 0
761| 3,599999 400 0
762| 3,599999 400 0
763| 3,599999 400 0
764| 3,599999 400 0
765| 3,599999 400 0
766| 3,599999 400 0
767| 3,599999 400 0
768| 3,599999 400 0
769| 3,599999 400 0
770| 3,599999 400 0
771| 3,599999 400 0
772| 0 400 0
773| -0,3 400 0
774| -0,6 400 0
775| -0,9 400 0
776| -1,2 400 0
777| -1,5 400 0
778| -1,8 400 0
779| -2,1 400 0
780| -2,4 400 0
781| -2,7 400 0
782| -3 400 0
783| -3,299999 400 0
784| -3,599999 400 0
785| -3,899999 400 0
786| -4,2 400 0
787| -4,5 400 0
788| -4,5 400 0
789| -4,5 400 0
790| -4,5 400 0
791| -4,5 400 0
792| -4,5 400 0
793| -4,5 400 0
794| -4,5 400 0
795| -4,5 400 0
796| -4,5 400 0
797| -4,5 400 0
798| -4,5 400 0
799| -4,5 400 0
800| -4,5 400 0
801| -4,5 400 0
802| -4,5 400 0
803| -4,5 400 0
804| -4,5 400 0
805| -4,5 400 0
806| -4,5 400 0
807| -4,5 400 0
808| -4,5 400 0
809| -4,5 400 0
810| -4,5 400 0
811| -4,5 400 0
812| -4,5 400 0
813| -4,5 400 0
814| -4,5 400 0
815| -4,5 400 0
816| -4,5 400 0
817| -4,5 400 0
818| -4,5 400 0
819| 0 400 0
820| 0,3 400 0
821| 0,6 400 0
822| 0,9 400 0
823| 1,2 400 0
824| 1,5 400 0
825| 1,8 400 0
826| 2,1 400 0
827| 2,4 400 0
828| 2,7 400 0
829| 3 400 0
830| 3,299999 400 0
831| 3,599999 400 0
832| 3,899999 400 0
833| 4,2 400 0
834| 4,5 400 0
835| 4,8 400 0
836| 5,1 400 0
837| 5,4 400 0
838| 5,7 400 0
839| 6 400 0
840| 6,300001 400 0
841| 6,600001 400 0
842| 6,900001 400 0
843| 7,200001 400 0
844| 7,500001 400 0
845| 7,800001 400 0
846| 7,800001 400 0
847| 7,800001 400 0
848| 7,800001 400 0
849| 7,800001 400 0
850| 7,800001 400 0
851| 7,800001 400 0
852| 7,800001 400 0
853| 7,800001 400 0
854| 7,800001 400 0
855| 7,800001 400 0
856| 7,800001 400 0
857| 7,800001 400 0
858| 7,800001 400 0
859| 7,800001 400 0
860| 7,800001 400 0
861| 7,800001 400 0
862| 7,800001 400 0
863| 7,800001 400 0
864| 7,800001 400 0
865| 7,800001 400 0
866| 7,800001 400 0
867| 7,800001 400 0
868| 7,800001 400 0
869| 7,800001 400 0
870| 7,800001 400 0
871| 7,800001 400 0
872| 0 400 0
873| -0,3 400 0
874| -0,6 400 0
875| -0,9 400 0
876| -1,2 400 0
877| -1,5 400 0
878| -1,8 400 0
879| -2,1 400 0
880| -2,4 400 0
881| -2,7 400 0
882| -3 400 0
883| -3,299999 400 0
884| -3,599999 400 0
885| -3,899999 400 0
886| -4,2 400 0
887| -4,5 400 0
888| -4,8 400 0
889| -5,1 400 0
890| -5,4 400 0
891| -5,7 400 0
892| -6 400 0
893| -6,300001 400 0
894| -6,600001 400 0
895| -6,900001 400 0
896| -7,200001 400 0
897| -7,500001 400 0
898| -7,800001 400 0
899| -8,1 400 0
900| -8,4 400 0
901| -8,7 400 0
902| -8,999999 400 0
903| -9,299999 400 0
904| -9,599998 400 0
905| -9,599998 400 0
906| -9,599998 400 0
907| -9,599998 400 0
908| -9,599998 400 0
909| -9,599998 400 0
910| -9,599998 400 0
911| -9,599998 400 0
912| -9,599998 400 0
913| -9,599998 400 0
914| -9,599998 400 0
915| -9,599998 400 0
916| -9,599998 400 0
917| -9,599998 400 0
918| -9,599998 400 0
919| 0 400 0
920| 0,3 400 0
921| 0,6 400 0
922| 0,9 400 0
923| 1,2 400 0
924| 1,5 400 0
925| 1,8 400 0
926| 2,1 400 0
927| 2,4 400 0
928| 2,7 400 0
929| 3 400 0
930| 3,299999 400 0
931| 3,599999 400 0
932| 3,899999 400 0
933| 4,2 400 0
934| 4,5 400 0
935| 4,8 400 0
936| 5,1 400 0
937| 5,4 400 0
938| 5,7 400 0
939| 6 400 0
940| 6,300001 400 0
941| 6,600001 400 0
942| 6,900001 400 0
943| 7,200001 400 0
944| 7,500001 400 0
945| 7,800001 400 0
946| 8,1 400 0
947| 8,4 400 0
948| 8,7 400 0
949| 8,7 400 0
950| 8,7 400 0
951| 8,7 400 0
952| 8,7 400 0
953| 8,7 400 0
954| 8,7 400 0
955| 8,7 400 0
956| 8,7 400 0
957| 8,7 400 0
958| 8,7 400 0
959| 8,7 400 0
960| 8,7 400 0
961| 8,7 400 0
962| 8,7 400 0
963| 8,7 400 0
964| 8,7 400 0
965| 8,7 400 0
966| 8,7 400 0
967| 8,7 400 0
968| 8,7 400 0
969| 8,7 400 0
970| 8,7 400 0
971| 8,7 400 0
972| 8,7 400 0
973| 8,7 400 0
974| 8,7 400 0
975| 8,7 400 0
976| 8,7 400 0
977| 8,7 400 0
978| 8,7 400 0
979| 8,7 400 0
980| 8,7 400 0
981| 8,7 400 0
982| 8,7 400 0
983| 0 400 0
984| -0,3 400 0
985| -0,3 400 0
986| -0,3 400 0
987| -0,3 400 0
988| -0,3 400 0
989| -0,3 400 0
990| -0,3 400 0
991| -0,3 400 0
992| -0,3 400 0
993| -0,3 400 0
994| -0,3 400 0
995| -0,3 400 0
996| -0,3 400 0
997| -0,3 400 0
998| -0,3 400 0
999| -0,3 400 0
1000| -0,3 400 0
1001| -0,3 400 0
1002| 0 400 0
1003| 0,3 400 0
1004| 0,6 400 0
1005| 0,9 400 0
1006| 1,2 400 0
1007| 1,5 400 0
1008| 1,8 400 0
1009| 2,1 400 0
1010| 2,4 400 0
1011| 2,7 400 0
1012| 3 400 0
1013| 3,299999 400 0
1014| 3,599999 400 0
1015| 3,899999 400 0
1016| 4,2 400 0
1017| 4,5 400 0
1018| 4,8 400 0
1019| 5,1 400 0
1020| 5,4 400 0
1021| 5,4 400 0
1022| 5,4 400 0
1023| 5,4 400 0
1024| 5,4 400 0
1025| 5,4 400 0
1026| 5,4 400 0
1027| 5,4 400 0
1028| 5,4 400 0
1029| 5,4 400 0
1030| 5,4 400 0
1031| 5,4 400 0
1032| 5,4 400 0
1033| 5,4 400 0
1034| 5,4 400 0
1035| 5,4 400 0
1036| 5,4 400 0
1037| 0 400 0
1038| -0,3 400 0
1039| -0,6 400 0
1040| -0,9 400 0
1041| -1,2 400 0
1042| -1,5 400 0
1043| -1,8 400 0
1044| -2,1 400 0
1045| -2,4 400 0
1046| -2,7 400 0
1047| -3 400 0
1048| -3,299999 400 0
1049| -3,599999 400 0
1050| -3,899999 400 0
1051| -4,2 400 0
1052| -4,5 400 0
1053| -4,8 400 0
1054| -5,1 400 0
1055| -5,4 400 0
1056| -5,7 400 0
1057| -6 400 0
1058| -6,300001 400 0
1059| -6,600001 400 0
1060| -6,900001 400 0
1061| -7,200001 400 0
1062| -7,500001 400 0
1063| -7,800001 400 0
1064| -7,800001 400 0
1065| -7,800001 400 0
1066| -7,800001 400 0
1067| -7,800001 400 0
1068| -7,800001 400 0
1069| -7,800001 400 0
1070| -7,800001 400 0
1071| -7,800001 400 0
1072| -7,800001 400 0
1073| -7,800001 400 0
1074| -7,800001 400 0
1075| -7,800001 400 0
1076| -7,800001 400 0
1077| -7,800001 400 0
1078| -7,800001 400 0
1079| -7,800001 400 0
1080| -7,800001 400 0
1081| -7,800001 400 0
1082| 0 400 0
1083| 0,3 400 0
1084| 0,6 400 0
1085| 0,9 400 0
1086| 1,2 400 0
1087| 1,5 400 0
1088| 1,8 400 0
1089| 2,1 400 0
1090| 2,4 400 0
1091| 2,7 400 0
1092| 3 400 0
1093| 3,299999 400 0
1094| 3,599999 400 0
1095| 3,899999 400 0
1096| 4,2 400 0
1097| 4,5 400 0
1098| 4,8 400 0
1099| 5,1 400 0
1100| 5,4 400 0
1101| 5,7 400 0
1102| 6 400 0
1103| 6,300001 400 0
1104| 6,600001 400 0
1105| 6,900001 400 0
1106| 7,200001 400 0
1107| 7,500001 400 0
1108| 7,800001 400 0
1109| 8,1 400 0
1110| 8,4 400 0
1111| 8,7 400 0
1112| 8,999999 400 0
1113| 9,299999 400 0
1114| 9,599998 400 0
1115| 9,599998 400 0
1116| 9,599998 400 0
1117| 9,599998 400 0
1118| 9,599998 400 0
1119| 9,599998 400 0
1120| 9,599998 400 0
1121| 9,599998 400 0
1122| 9,599998 400 0
1123| 9,599998 400 0
1124| 0 400 0
1125| -0,3 400 0
1126| -0,6 400 0
1127| -0,9 400 0
1128| -1,2 400 0
1129| -1,5 400 0
1130| -1,8 400 0
1131| -2,1 400 0
1132| -2,4 400 0
1133| -2,7 400 0
1134| -3 400 0
1135| -3,299999 400 0
1136| -3,599999 400 0
1137| -3,899999 400 0
1138| -4,2 400 0
1139| -4,5 400 0
1140| -4,8 400 0
1141| -5,1 400 0
1142| -5,4 400 0
1143| -5,7 400 0
1144| -6 400 0
1145| -6,300001 400 0
1146| -6,600001 400 0
1147| -6,900001 400 0
1148| -7,200001 400 0
1149| -7,500001 400 0
1150| -7,800001 400 0
1151| -8,1 400 0
1152| -8,4 400 0
1153| -8,7 400 0
1154| -8,999999 400 0
1155| -9,299999 400 0
1156| -9,599998 400 0
1157| -9,599998 400 0
1158| -9,599998 400 0
1159| -9,599998 400 0
1160| -9,599998 400 0
1161| -9,599998 400 0
1162| -9,599998 400 0
1163| -9,599998 400 0
1164| -9,599998 400 0
1165| -9,599998 400 0
1166| -9,599998 400 0
1167| -9,599998 400 0
1168| -9,599998 400 0
1169| 0 400 0
1170| 0,3 400 0
1171| 0,6 400 0
1172| 0,9 400 0
1173| 1,2 400 0
1174| 1,5 400 0
1175| 1,8 400 0
1176| 2,1 400 0
1177| 2,4 400 0
1178| 2,7 400 0
1179| 3 400 0
1180| 3,299999 400 0
1181| 3,599999 400 0
1182| 3,899999 400 0
1183| 4,2 400 0
1184| 4,5 400 0
1185| 4,8 400 0
1186| 5,1 400 0
1187| 5,4 400 0
1188| 5,7 400 0
1189| 6 400 0
1190| 6,300001 400 0
1191| 6,600001 400 0
1192| 6,900001 400 0
1193| 7,200001 400 0
1194| 7,500001 400 0
1195| 7,800001 400 0
1196| 8,1 400 0
1197| 8,4 400 0
1198| 8,7 400 0
1199| 8,999999 400 0
1200| 9,299999 400 0
1201| 9,599998 400 0
1202| 9,599998 400 0
1203| 9,599998 400 0
1204| 9,599998 400 0
1205| 9,599998 400 0
1206| 9,599998 400 0
1207| 9,599998 400 0
1208| 9,599998 400 0
1209| 9,599998 400 0
1210| 9,599998 400 0
1211| 9,599998 400 0
1212| 9,599998 400 0
1213| 9,599998 400 0
1214| 9,599998 400 0
1215| 9,599998 400 0
1216| 9,599998 400 0
1217| 9,599998 400 0
1218| 9,599998 400 0
1219| 0 400 0
1220| -0,3 400 0
1221| -0,6 400 0
1222| -0,9 400 0
1223| -1,2 400 0
1224| -1,5 400 0
1225| -1,8 400 0
1226| -2,1 400 0
1227| -2,4 400 0
1228| -2,4 400 0
1229| -2,4 400 0
1230| -2,4 400 0
1231| -2,4 400 0
1232| -2,4 400 0
1233| -2,4 400 0
1234| -2,4 400 0
1235| -2,4 400 0
1236| -2,4 400 0
1237| -2,4 400 0
1238| -2,4 400 0
1239| -2,4 400 0
1240| -2,4 400 0
1241| -2,4 400 0
1242| -2,4 400 0
1243| -2,4 400 0
1244| -2,4 400 0
1245| -2,4 400 0
1246| -2,4 400 0
1247| -2,4 400 0
1248| -2,4 400 0
1249| -2,4 400 0
1250| -2,4 400 0
1251| -2,4 400 0
1252| -2,4 400 0
1253| -2,4 400 0
1254| -2,4 400 0
1255| -2,4 400 0
1256| -2,4 400 0
1257| -2,4 400 0
1258| -2,4 400 0
1259| -2,4 400 0
1260| -2,4 400 0
1261| -2,4 400 0
1262| -2,4 400 0
1263| -2,4 400 0
1264| -2,4 400 0
1265| -2,4 400 0
1266| -2,4 400 0
1267| -2,4 400 0
1268| -2,4 400 0
1269| -2,4 400 0
1270| -2,4 400 0
1271| -2,4 400 0
1272| -2,4 400 0
1273| -2,4 400 0
1274| -2,4 400 0
1275| -2,4 400 0
1276| -2,4 400 0
1277| -2,4 400 0
1278| -2,4 400 0
1279| -2,4 400 0
1280| -2,4 400 0
1281| -2,4 400 0
1282| -2,4 400 0
1283| -2,4 400 0
1284| -2,4 400 0
1285| -2,4 400 0
1286| -2,4 400 0
1287| -2,4 400 0
1288| -2,4 400 0
1289| -2,4 400 0
1290| -2,4 400 0
1291| -2,4 400 0
1292| -2,4 400 0
1293| -2,4 400 0
1294| -2,4 400 0
1295| -2,4 400 0
1296| -2,4 400 0
1297| -2,4 400 0
1298| -2,4 400 0
1299| -2,4 400 0
1300| -2,4 400 0
1301| -2,4 400 0
1302| -2,4 400 0
1303| -2,4 400 0
1304| -2,4 400 0
1305| -2,4 400 0
1306| -2,7 400 0
1307| -3 400 0
1308| -3,299999 400 0
1309| -3,299999 400 0
1310| -3,299999 400 0
1311| -3,299999 400 0
1312| -3,299999 400 0
1313| -3,299999 400 0
1314| -3,299999 400 0
1315| -3,299999 400 0
1316| 0 400 0
1317| 0,3 400 0
1318| 0,6 400 0
1319| 0,9 400 0
1320| 1,2 400 0
1321| 1,5 400 0
1322| 1,8 400 0
1323| 2,1 400 0
1324| 2,4 400 0
1325| 2,7 400 0
1326| 2,7 400 0
1327| 2,7 400 0
1328| 2,7 400 0
1329| 2,7 400 0
1330| 2,7 400 0
1331| 2,7 400 0
1332| 2,7 400 0
1333| 2,7 400 0
1334| 2,7 400 0
1335| 2,7 400 0
1336| 2,7 400 0
1337| 3 400 0
1338| 3,299999 400 0
1339| 3,599999 400 0
1340| 3,899999 400 0
1341| 4,2 400 0
1342| 4,5 400 0
1343| 4,8 400 0
1344| 5,1 400 0
1345| 5,4 400 0
1346| 5,7 400 0
1347| 5,7 400 0
1348| 5,7 400 0
1349| 5,7 400 0
1350| 5,7 400 0
1351| 5,7 400 0
1352| 5,7 400 0
1353| 5,7 400 0
1354| 5,7 400 0
1355| 5,7 400 0
1356| 5,7 400 0
1357| 5,7 400 0
1358| 5,7 400 0
1359| 5,7 400 0
1360| 5,7 400 0
1361| 5,7 400 0
1362| 5,7 400 0
1363| 5,7 400 0
1364| 5,7 400 0
1365| 5,7 400 0
1366| 5,7 400 0
1367| 0 400 0
1368| -0,3 400 0
1369| -0,6 400 0
1370| -0,9 400 0
1371| -1,2 400 0
1372| -1,5 400 0
1373| -1,8 400 0
1374| -2,1 400 0
1375| -2,4 400 0
1376| -2,7 400 0
1377| -2,7 400 0
1378| -2,7 400 0
1379| -2,7 400 0
1380| -2,7 400 0
1381| -2,7 400 0
1382| -2,7 400 0
1383| -2,7 400 0
1384| -3 400 0
1385| -3,299999 400 0
1386| -3,599999 400 0
1387| -3,599999 400 0
1388| -3,599999 400 0
1389| -3,599999 400 0
1390| -3,599999 400 0
1391| -3,899999 400 0
1392| -4,2 400 0
1393| -4,5 400 0
1394| -4,8 400 0
1395| -4,8 400 0
1396| -4,8 400 0
1397| -4,8 400 0
1398| -4,8 400 0
1399| -4,8 400 0
1400| -4,8 400 0
1401| -4,8 400 0
1402| -4,8 400 0
1403| -4,8 400 0
1404| -4,8 400 0
1405| -4,8 400 0
1406| -4,8 400 0
1407| -4,8 400 0
1408| -4,8 400 0
1409| -4,8 400 0
1410| -4,8 400 0
1411| -4,8 400 0
1412| -4,8 400 0
1413| -4,8 400 0
1414| -4,8 400 0
1415| -4,8 400 0
1416| -4,8 400 0
1417| -4,8 400 0
1418| 0 400 0
1419| 0,3 400 0
1420| 0,6 400 0
1421| 0,9 400 0
1422| 1,2 400 0
1423| 1,5 400 0
1424| 1,8 400 0
1425| 2,1 400 0
1426| 2,4 400 0
1427| 2,7 400 0
1428| 3 400 0
1429| 3,299999 400 0
1430| 3,599999 400 0
1431| 3,899999 400 0
1432| 4,2 400 0
1433| 4,5 400 0
1434| 4,8 400 0
1435| 5,1 400 0
1436| 5,4 400 0
1437| 5,7 400 0
1438| 6 400 0
1439| 6,300001 400 0
1440| 6,600001 400 0
1441| 6,900001 400 0
1442| 7,200001 400 0
1443| 7,500001 400 0
1444| 7,800001 400 0
1445| 7,800001 400 0
1446| 7,800001 400 0
1447| 7,800001 400 0
1448| 7,800001 400 0
1449| 7,800001 400 0
1450| 7,800001 400 0
1451| 7,800001 400 0
1452| 7,800001 400 0
1453| 7,800001 400 0
1454| 7,800001 400 0
1455| 7,800001 400 0
1456| 7,800001 400 0
1457| 7,800001 400 0
1458| 7,800001 400 0
1459| 7,800001 400 0
1460| 7,800001 400 0
1461| 7,800001 400 0
1462| 7,800001 400 0
1463| 7,800001 400 0
1464| 7,800001 400 0
1465| 0 400 0
1466| -0,3 400 0
1467| -0,6 400 0
1468| -0,9 400 0
1469| -1,2 400 0
1470| -1,5 400 0
1471| -1,8 400 0
1472| -2,1 400 0
1473| -2,4 400 0
1474| -2,7 400 0
1475| -3 400 0
1476| -3,299999 400 0
1477| -3,599999 400 0
1478| -3,899999 400 0
1479| -4,2 400 0
1480| -4,5 400 0
1481| -4,8 400 0
1482| -5,1 400 0
1483| -5,4 400 0
1484| -5,7 400 0
1485| -6 400 0
1486| -6,300001 400 0
1487| -6,600001 400 0
1488| -6,900001 400 0
1489| -7,200001 400 0
1490| -7,500001 400 0
1491| -7,800001 400 0
1492| -7,800001 400 0
1493| -7,800001 400 0
1494| -7,800001 400 0
1495| -7,800001 400 0
1496| -7,800001 400 0
1497| -7,800001 400 0
1498| -7,800001 400 0
1499| 0 400 0
1500| 0,3 400 0
1501| 0,6 400 0
1502| 0,9 400 0
1503| 1,2 400 0
1504| 1,5 400 0
1505| 1,8 400 0
1506| 2,1 400 0
1507| 2,4 400 0
1508| 2,7 400 0
1509| 3 400 0
1510| 3,299999 400 0
1511| 3,599999 400 0
1512| 3,899999 400 0
1513| 4,2 400 0
1514| 4,5 400 0
1515| 4,8 400 0
1516| 5,1 400 0
1517| 5,4 400 0
1518| 5,7 400 0
1519| 6 400 0
1520| 6,300001 400 0
1521| 6,600001 400 0
1522| 6,900001 400 0
1523| 7,200001 400 0
1524| 7,500001 400 0
1525| 7,800001 400 0
1526| 8,1 400 0
1527| 8,1 400 0
1528| 8,1 400 0
1529| 8,1 400 0
1530| 8,1 400 0
1531| 8,1 400 0
1532| 8,1 400 0
1533| 8,1 400 0
1534| 8,1 400 0
1535| 8,1 400 0
1536| 8,1 400 0
1537| 8,1 400 0
1538| 8,1 400 0
1539| 8,1 400 0
1540| 8,1 400 0
1541| 8,1 400 0
1542| 8,1 400 0
1543| 8,1 400 0
1544| 8,1 400 0
1545| 0 400 0
1546| -0,3 400 0
1547| -0,6 400 0
1548| -0,9 400 0
1549| -1,2 400 0
1550| -1,5 400 0
1551| -1,8 400 0
1552| -2,1 400 0
1553| -2,4 400 0
1554| -2,7 400 0
1555| -3 400 0
1556| -3,299999 400 0
1557| -3,599999 400 0
1558| -3,899999 400 0
1559| -4,2 400 0
1560| -4,5 400 0
1561| -4,8 400 0
1562| -5,1 400 0
1563| -5,4 400 0
1564| -5,7 400 0
1565| -6 400 0
1566| -6,300001 400 0
1567| -6,600001 400 0
1568| -6,900001 400 0
1569| -7,200001 400 0
1570| -7,500001 400 0
1571| -7,800001 400 0
1572| -8,1 400 0
1573| -8,4 400 0
1574| -8,4 400 0
1575| -8,4 400 0
1576| -8,4 400 0
1577| -8,4 400 0
1578| -8,4 400 0
1579| -8,4 400 0
1580| -8,4 400 0
1581| -8,4 400 0
1582| -8,4 400 0
1583| -8,4 400 0
1584| -8,4 400 0
1585| -8,4 400 0
1586| -8,4 400 0
1587| -8,4 400 0
1588| -8,4 400 0
1589| -8,4 400 0
1590| 0 400 0
1591| 0,3 400 0
1592| 0,6 400 0
1593| 0,9 400 0
1594| 1,2 400 0
1595| 1,5 400 0
1596| 1,8 400 0
1597| 2,1 400 0
1598| 2,4 400 0
1599| 2,4 400 0
1600| 2,4 400 0
1601| 2,4 400 0
1602| 2,4 400 0
1603| 2,4 400 0
1604| 2,4 400 0
1605| 2,4 400 0
1606| 2,4 400 0
1607| 2,4 400 0
1608| 2,4 400 0
1609| 2,4 400 0
1610| 2,4 400 0
1611| 2,4 400 0
1612| 2,4 400 0
1613| 2,4 400 0
1614| 2,4 400 0
1615| 2,4 400 0
1616| 2,4 400 0
1617| 2,4 400 0
1618| 2,4 400 0
1619| 2,4 400 0
1620| 2,4 400 0
1621| 2,4 400 0
1622| 2,4 400 0
1623| 2,4 400 0
1624| 2,4 400 0
1625| 2,4 400 0
1626| 2,4 400 0
1627| 2,4 400 0
1628| 2,4 400 0
1629| 2,4 400 0
1630| 2,4 400 0
1631| 2,4 400 0
1632| 2,4 400 0
1633| 2,4 400 0
1634| 2,4 400 0
1635| 2,4 400 0
1636| 2,4 400 0
1637| 2,4 400 0
1638| 2,4 400 0
1639| 2,4 400 0
1640| 2,4 400 0
1641| 2,4 400 0
1642| 2,4 400 0
1643| 2,4 400 0
1644| 2,4 400 0
1645| 2,4 400 0
1646| 2,4 400 0
1647| 2,4 400 0
1648| 2,4 400 0
1649| 2,4 400 0
1650| 2,4 400 0
1651| 2,4 400 0
1652| 2,4 400 0
1653| 2,4 400 0
1654| 2,4 400 0
1655| 2,4 400 0
1656| 2,4 400 0
1657| 2,4 400 0
1658| 2,4 400 0
1659| 2,4 400 0
1660| 2,4 400 0
1661| 2,4 400 0
1662| 2,4 400 0
1663| 2,4 400 0
1664| 2,4 400 0
1665| 2,4 400 0
1666| 2,4 400 0
1667| 2,4 400 0
1668| 2,4 400 0
1669| 2,4 400 0
1670| 2,4 400 0
1671| 2,4 400 0
1672| 2,4 400 0
1673| 2,4 400 0
1674| 2,4 400 0
1675| 2,4 400 0
1676| 2,4 400 0
1677| 2,4 400 0
1678| 2,4 400 0
1679| 2,4 400 0
1680| 2,4 400 0
1681| 2,4 400 0
1682| 2,4 400 0
1683| 2,4 400 0
1684| 2,4 400 0
1685| 2,4 400 0
1686| 2,4 400 0
1687| 2,4 400 0
1688| 2,4 400 0
1689| 2,4 400 0
1690| 2,4 400 0
1691| 2,4 400 0
1692| 2,4 400 0
1693| 2,4 400 0
1694| 2,4 400 0
1695| 2,4 400 0
1696| 2,4 400 0
1697| 2,4 400 0
1698| 2,4 400 0
1699| 2,4 400 0
1700| 0 400 0
1701| -0,3 400 0
1702| -0,6 400 0
1703| -0,9 400 0
1704| -0,9 400 0
1705| -0,9 400 0
1706| -0,9 400 0
1707| -0,9 400 0
1708| -0,9 400 0
1709| -0,9 400 0
1710| -0,9 400 0
1711| -0,9 400 0
1712| -0,9 400 0
1713| -0,9 400 0
1714| -0,9 400 0
1715| -0,9 400 0
1716| -0,9 400 0
1717| -0,9 400 0
1718| -0,9 400 0
1719| -0,9 400 0
1720| -1,2 400 0
1721| -1,5 400 0
1722| -1,5 400 0
1723| -1,5 400 0
1724| -1,5 400 0
1725| -1,5 400 0
1726| -1,5 400 0
1727| -1,8 400 0
1728| -2,1 400 0
1729| -2,4 400 0
1730| -2,4 400 0
1731| -2,4 400 0
1732| -2,4 400 0
1733| -2,4 400 0
1734| -2,4 400 0
1735| -2,4 400 0
1736| -2,4 400 0
1737| -2,4 400 0
1738| -2,4 400 0
1739| -2,4 400 0
1740| -2,4 400 0
1741| -2,4 400 0
1742| -2,4 400 0
1743| -2,4 400 0
1744| -2,4 400 0
1745| -2,4 400 0
1746| -2,4 400 0
1747| -2,4 400 0
1748| -2,4 400 0
1749| -2,4 400 0
1750| -2,4 400 0
1751| -2,4 400 0
1752| -2,4 400 0
1753| -2,4 400 0
1754| -2,4 400 0
1755| -2,4 400 0
1756| -2,4 400 0
1757| -2,4 400 0
1758| -2,4 400 0
1759| -2,4 400 0
1760| -2,4 400 0
1761| -2,4 400 0
1762| -2,4 400 0
1763| -2,4 400 0
1764| -2,4 400 0
1765| -2,4 400 0
1766| -2,4 400 0
1767| -2,4 400 0
1768| -2,4 400 0
1769| -2,4 400 0
1770| -2,4 400 0
1771| -2,4 400 0
1772| -2,4 400 0
1773| -2,4 400 0
1774| -2,4 400 0
1775| -2,4 400 0
1776| -2,4 400 0
1777| -2,4 400 0
1778| -2,4 400 0
1779| -2,4 400 0
1780| -2,4 400 0
1781| -2,4 400 0
1782| -2,4 400 0
1783| -2,4 400 0
1784| -2,4 400 0
1785| -2,4 400 0
1786| -2,4 400 0
1787| -2,4 400 0
1788| -2,4 400 0
1789| -2,4 400 0
1790| -2,4 400 0
1791| -2,4 400 0
1792| -2,4 400 0
1793| -2,4 400 0
1794| -2,4 400 0
1795| -2,4 400 0
1796| -2,4 400 0
1797| -2,4 400 0
1798| -2,4 400 0
1799| -2,4 400 0
1800| -2,4 400 0
1801| -2,4 400 0
1802| -2,4 400 0
1803| -2,4 400 0
1804| -2,4 400 0
1805| -2,4 400 0
1806| -2,4 400 0
1807| -2,4 400 0
1808| -2,4 400 0
1809| -2,4 400 0
1810| -2,4 400 0
1811| -2,4 400 0
1812| -2,4 400 0
1813| -2,4 400 0
1814| -2,4 400 0
1815| -2,4 400 0
1816| -2,4 400 0
1817| -2,4 400 0
1818| -2,4 400 0
1819| -2,4 400 0

