1| 0 0 0
2| 0 0 0
3| 0 0 0
4| 0 0 0
5| 0 0 0
6| 0 0 0
7| 0 0 0
8| 0 0 0
9| 0 0 0
10| 0 0 0
11| 0 0 0
12| 0 0 0
13| 0 0 0
14| 0 0 0
15| 0 0 0
16| 0 4 0
17| 0 8 0
18| 0 12 0
19| 0 16 0
20| 0 20 0
21| 0 24 0
22| 0 28 0
23| 0 32 0
24| 0 36 0
25| 0 40 0
26| 0 43,99999 0
27| 0 47,99999 0
28| 0 51,99999 0
29| 0 55,99999 0
30| 0 60 0
31| 0 64 0
32| 0 68 0
33| 0 72 0
34| 0 76,00001 0
35| 0 80,00001 0
36| 0 84,00001 0
37| 0 88,00002 0
38| 0 92,00002 0
39| 0 96,00002 0
40| 0 100 0
41| 0 104 0
42| 0 108 0
43| 0 112 0
44| 0 116 0
45| 0 120 0
46| 0 124 0
47| 0 128 0
48| 0 132 0
49| 0 136 0
50| 0 140 0
51| 0 144 0
52| 0 148 0
53| 0 152 0
54| 0 156 0
55| 0 160 0
56| 0 164 0
57| 0 168 0
58| 0 171,9999 0
59| 0 175,9999 0
60| 0 179,9999 0
61| 0 183,9999 0
62| 0 187,9999 0
63| 0 191,9999 0
64| 0 195,9999 0
65| 0 199,9999 0
66| 0 203,9999 0
67| 0 207,9999 0
68| 0 211,9999 0
69| 0 215,9999 0
70| 0 219,9999 0
71| 0 223,9999 0
72| 0 227,9999 0
73| 0 231,9999 0
74| 0 235,9999 0
75| 0 239,9999 0
76| 0 243,9999 0
77| 0 247,9999 0
78| 0 251,9999 0
79| 0 255,9999 0
80| 0 259,9999 0
81| 0 263,9999 0
82| 0 267,9999 0
83| 0 271,9998 0
84| 0 275,9998 0
85| 0 279,9998 0
86| 0 283,9998 0
87| 0 287,9998 0
88| 0 291,9998 0
89| 0 295,9998 0
90| 0 299,9998 0
91| 0 303,9998 0
92| 0 307,9998 0
93| 0 311,9998 0
94| -0,3 315,9998 0
95| -0,6 319,9998 0
96| -0,9 323,9998 0
97| -1,2 327,9998 0
98| -1,5 331,9998 0
99| -1,8 335,9998 0
100| -2,1 339,9998 0
101| -2,4 343,9998 0
102| -2,4 347,9998 0
103| -2,4 351,9998 0
104| -2,4 355,9998 0
105| -2,4 359,9998 0
106| -2,4 363,9998 0
107| -2,4 367,9998 0
108| -2,7 371,9998 0
109| -3 375,9998 0
110| -3,299999 379,9998 0
111| -3,599999 383,9998 0
112| -3,599999 387,9998 0
113| -3,599999 391,9998 0
114| -3,599999 395,9998 0
115| -3,599999 399,9997 0
116| -3,599999 400 0
117| -3,599999 400 0
118| -3,599999 400 0
119| -3,599999 400 0
120| -3,599999 400 0
121| -3,599999 400 0
122| -3,599999 400 0
123| -3,599999 400 0
124| -3,599999 400 0
125| -3,599999 400 0
126| -3,599999 400 0
127| -3,599999 400 0
128| -3,599999 400 0
129| -3,599999 400 0
130| -3,599999 400 0
131| -3,599999 400 0
132| -3,599999 400 0
133| -3,599999 400 0
134| -3,599999 400 0
135| 0 400 0
136| 0,3 400 0
137| 0,6 400 0
138| 0,9 400 0
139| 1,2 400 0
140| 1,5 400 0
141| 1,8 400 0
142| 2,1 400 0
143| 2,4 400 0
144| 2,7 400 0
145| 3 400 0
146| 3,299999 400 0
147| 3,599999 400 0
148| 3,899999 400 0
149| 4,2 400 0
150| 4,5 400 0
151| 4,8 400 0
152| 0 0 0
153| 0 0 0
154| 0 0 0
155| 0 0 0
156| 0 0 0
157| 0 0 0
158| 0 0 0
159| 0 0 0
160| 0 0 0
161| 0 0 0
162| 0 0 0
163| 0 0 0
164| 0 0 0
165| 0 0 0
166| 0 0 0
167| 0 0 0
168| 0 0 0
169| 0 0 0
170| 0 0 0
171| 0 0 0
172| 0 0 0
173| 0 0 0
174| 0 0 0
175| 0 0 0
176| 0,3 0 0
177| 0,6 0 0
178| 0,9 0 0
179| 1,2 0 0
180| 1,5 0 0
181| 1,8 0 0
182| 2,1 0 0
183| 2,4 0 0
184| 2,7 0 0
185| 3 0 0
186| 3,299999 0 0
187| 3,599999 0 0
188| 3,899999 0 0
189| 4,2 0 0
190| 4,5 0 0
191| 4,8 0 0
192| 5,1 0 0
193| 5,4 0 0
194| 5,7 0 0
195| 6 0 0
196| 6,300001 0 0
197| 0 0 0
198| 0 0 0
199| 0 0 0
200| 0 0 0
201| 0 0 0
202| 0 0 0
203| 0 0 0
204| 0 0 0
205| 0 0 0
206| 0 0 0
207| 0 0 0
208| 0 0 0
209| 0 0 0
210| 0 0 0
211| 0 0 0
212| 0 0 0
213| 0 0 0
214| 0 0 0
215| 0 0 0
216| 0 0 0
217| 0 0 0
218| 0 0 0
219| 0 0 0
220| 0 0 0
221| 0 0 0
222| 0 0 0
223| 0 0 0
224| 0 0 0
225| 0 0 0
226| 0 0 0
227| 0 0 0
228| 0 0 0
229| 0,3 0 0
230| 0,6 0 0
231| 0,9 0 0
232| 1,2 0 0
233| 1,5 0 0
234| 1,8 0 0
235| 2,1 0 0
236| 2,4 0 0
237| 2,7 0 0
238| 3 0 0
239| 3,299999 0 0
240| 3,599999 0 0
241| 3,899999 0 0
242| 4,2 0 0
243| 4,5 0 0
244| 4,8 0 0
245| 5,1 0 0
246| 5,4 0 0
247| 5,7 0 0
248| 6 0 0
249| 6,300001 0 0
250| 6,600001 0 0
251| 6,900001 0 0
252| 7,200001 0 0
253| 7,500001 0 0
254| 7,800001 0 0
255| 8,1 0 0
256| 8,4 0 0
257| 8,7 0 0
258| 8,999999 0 0
259| 9,299999 0 0
260| 9,599998 0 0
261| 9,899999 0 0
262| 10,2 0 0
263| 10,5 0 0
264| 10,8 0 0
265| 11,1 0 0
266| 11,4 0 0
267| 11,7 0 0
268| 12 0 0
269| 12,3 0 0
270| 12,6 0 0
271| 12,9 0 0
272| 13,2 0 0
273| 13,5 0 0
274| 13,79999 0 0
275| 14,09999 0 0
276| 14,39999 0 0
277| 14,69999 0 0
278| 14,99999 0 0
279| 15,29999 0 0
280| 15,59999 0 0
281| 15,89999 0 0
282| 0 0 0
283| 0 0 0
284| 0 0 0
285| 0 0 0
286| 0 0 0
287| 0 0 0
288| 0 0 0
289| 0 0 0
290| 0 0 0
291| 0 0 0
292| 0 0 0
293| 0 0 0
294| 0 0 0
295| 0 0 0
296| 0 0 0
297| 0 0 0
298| 0 0 0
299| 0 0 0
300| 0 0 0
301| 0 0 0
302| 0 0 0
303| 0 0 0
304| 0 0 0
305| 0 0 0
306| 0 0 0
307| 0 0 0
308| 0 0 0
309| 0 0 0
310| 0 0 0
311| 0 0 0
312| 0 0 0
313| 0 0 0
314| 0 0 0
315| 0 0 0
316| 0 0 0
317| 0 0 0
318| 0 0 0
319| 0 0 0
320| 0 0 0
321| 0 0 0
322| 0 0 0
323| 0 0 0
324| 0 0 0
325| 0 0 0
326| 0 0 0
327| 0 0 0
328| 0 0 0
329| 0 0 0
330| 0 0 0
331| 0 0 0
332| 0 0 0
333| 0 0 0
334| 0 0 0
335| 0 0 0
336| 0 0 0
337| 0 0 0
338| 0 0 0
339| 0 0 0
340| 0 0 0
341| 0 0 0
342| 0 0 0
343| 0 0 0
344| 0 0 0
345| 0 0 0
346| 0 0 0
347| 0 0 0
348| 0 0 0
349| 0 0 0
350| 0 0 0
351| 0 0 0
352| 0 0 0
353| 0 0 0
354| 0 0 0
355| 0 0 0
356| 0 0 0
357| 0 0 0
358| 0 0 0
359| 0 0 0
360| 0 0 0
361| 0 0 0
362| 0 0 0
363| 0 0 0
364| 0 0 0
365| 0 0 0
366| 0 0 0
367| 0 0 0
368| 0 0 0
369| 0 0 0
370| 0 0 0
371| 0 0 0
372| 0 0 0

