1| 0 0 0
2| 0 0 0
3| 0 0 0
4| 0 0 0
5| 0 0 0
6| 0 0 0
7| 0 0 0
8| 0 0 0
9| 0 0 0
10| 0 0 0
11| 0 0 0
12| 0 0 0
13| 0 0 0
14| 0 0 0
15| 0 0 0
16| 0 0 0
17| 0 0 0
18| 0 0 0
19| 0 0 0
20| 0 0 0
21| 0 0 0
22| 0 0 0
23| 0 0 0
24| 0 0 0
25| 0 0 0
26| 0 0 0
27| 0 0 0
28| 0 0 0
29| 0 0 0
30| 0 0 0
31| 0 0 0
32| 0 0 0
33| 0 0 0
34| 0 0 0
35| 0 0 0
36| 0 0 0
37| 0 0 0
38| 0 0 0
39| 0 0 0
40| 0 0 0
41| 0 0 0
42| 0 0 0
43| 0 0 0
44| 0 0 0
45| 0 0 0
46| 0 0 0
47| 0 0 0
48| 0 0 0
49| 0 0 0
50| 0 0 0
51| 0 0 0
52| 0 0 0
53| 0 0 0
54| 0 0 0
55| 0 0 0
56| 0 0 0
57| 0 0 0
58| 0 0 0
59| 0 0 0
60| 0 0 0
61| 0 0 0
62| 0 0 0
63| 0 0 0
64| 0 0 0
65| 0 0 0
66| 0 0 0
67| 0 0 0
68| 0 0 0
69| 0 0 0
70| 0 0 0
71| 0 0 0
72| 0 0 0
73| 0 0 0
74| 0 0 0
75| 0 0 0
76| 0 0 0
77| 0 0 0
78| 0 0 0
79| 0 0 0
80| 0 0 0
81| 0 0 0
82| 0 0 0
83| 0 0 0
84| 0 0 0
85| 0 0 0
86| 0 0 0
87| 0 0 0
88| 0 0 0
89| 0 0 0
90| 0 0 0
91| 0 0 0
92| 0 0 0
93| 0 0 0
94| 0 0 0
95| 0 0 0
96| 0 0 0
97| 0 0 0
98| 0 0 0
99| 0 0 0
100| 0 0 0
101| 0 0 0
102| 0 0 0
103| 0 0 0
104| 0 0 0
105| 0 0 0
106| 0 0 0
107| 0 0 0
108| 0 0 0
109| 0 0 0
110| 0 0 0
111| 0 0 0
112| 0 0 0
113| 0 0 0
114| 0 0 0
115| 0 0 0
116| 0 0 0
117| 0 0 0
118| 0 0 0
119| 0 0 0
120| 0 0 0
121| 0 0 0
122| 0 0 0
123| 0 0 0
124| 0 0 0
125| 0 0 0
126| 0 0 0
127| 0 0 0
128| 0 0 0
129| 0 0 0
130| 0 0 0
131| 0 0 0
132| 0 0 0
133| 0 0 0
134| 0 0 0
135| 0 0 0
136| 0 0 0
137| 0 0 0
138| 0 0 0
139| 0 0 0
140| 0 0 0
141| 0 0 0
142| 0 0 0
143| 0 0 0
144| 0 0 0
145| 0 0 0
146| 0 0 0
147| 0 0 0
148| 0 0 0
149| 0 0 0
150| 0 0 0
151| 0 0 0
152| 0 0 0
153| 0 0 0
154| 0 0 0
155| 0 0 0
156| 0 0 0
157| 0 0 0
158| 0 0 0
159| 0 0 0
160| 0 0 0
161| 0 0 0
162| 0 0 0
163| 0 0 0
164| 0 0 0
165| 0 0 0
166| 0 0 0
167| 0 0 0
168| 0 0 0
169| 0 0 0
170| 0 0 0
171| 0 0 0
172| 0 0 0
173| 0 0 0
174| 0 0 0
175| 0 0 0
176| 0 0 0
177| 0 0 0
178| 0 0 0
179| 0 0 0
180| 0 0 0
181| 0 0 0
182| 0 0 0
183| 0 0 0
184| 0 0 0
185| 0 0 0
186| 0 0 0
187| 0 0 0
188| 0 0 0
189| 0 0 0
190| 0 0 0
191| 0 0 0
192| 0 0 0
193| 0 0 0
194| 0 0 0
195| 0 0 0
196| 0 0 0
197| 0 0 0
198| 0 0 0
199| 0 0 0
200| 0 0 0
201| 0 0 0
202| 0 0 0
203| 0 0 0
204| 0 0 0
205| 0 0 0
206| 0 0 0
207| 0 0 0
208| 0 0 0
209| 0 0 0
210| 0 0 0
211| 0 0 0
212| 0 0 0
213| 0 0 0
214| 0 0 0
215| 0 0 0
216| 0 0 0
217| 0 0 0
218| 0 0 0
219| 0 0 0
220| 0 0 0
221| 0 0 0
222| 0 0 0
223| 0 0 0
224| 0 0 0
225| 0 0 0
226| 0 0 0
227| 0 0 0
228| 0 0 0
229| 0 0 0
230| 0 0 0
231| 0 0 0
232| 0 0 0
233| 0 0 0
234| 0 0 0
235| 0 0 0
236| 0 0 0
237| 0 0 0
238| 0 0 0
239| 0 0 0
240| 0 0 0
241| 0 0 0
242| 0 0 0
243| 0 0 0
244| 0 0 0
245| 0 0 0
246| 0 0 0
247| 0 0 0
248| 0 0 0
249| 0 0 0
250| 0 0 0
251| 0 0 0
252| 0 0 0
253| 0 0 0
254| 0 0 0
255| 0 0 0
256| 0 0 0
257| 0 0 0
258| 0 0 0
259| 0 0 0
260| 0 0 0
261| 0 0 0
262| 0 0 0
263| 0 0 0
264| 0 0 0
265| 0 0 0
266| 0 0 0
267| 0 0 0
268| 0 0 0
269| 0 0 0
270| 0 0 0
271| 0 0 0
272| 0 0 0
273| 0 0 0
274| 0 0 0
275| 0 0 0
276| 0 0 0
277| 0 0 0
278| 0 0 0
279| 0 0 0
280| 0 0 0
281| 0 0 0
282| 0 0 0
283| 0 0 0
284| 0 0 0
285| 0 0 0
286| 0 0 0
287| 0 0 0
288| 0 0 0
289| 0 0 0
290| 0 0 0
291| 0 0 0
292| 0 0 0
293| 0 0 0
294| 0 0 0
295| 0 0 0
296| 0 0 0
297| 0 0 0
298| 0 0 0
299| 0 0 0
300| 0 0 0
301| 0 0 0
302| 0 0 0
303| 0 0 0
304| 0 0 0
305| 0 0 0
306| 0 0 0
307| 0 0 0
308| 0 0 0
309| 0 0 0
310| 0 0 0
311| 0 0 0
312| 0 0 0
313| 0 0 0
314| 0 0 0
315| 0 0 0
316| 0 0 0
317| 0 0 0
318| 0 0 0
319| 0 0 0
320| 0 0 0
321| 0 0 0
322| 0 0 0
323| 0 0 0
324| 0 0 0
325| 0 0 0
326| 0 0 0
327| 0 0 0
328| 0 0 0
329| 0 0 0
330| 0 0 0
331| 0 0 0
332| 0 0 0
333| 0 0 0
334| 0 0 0
335| 0 0 0
336| 0 0 0
337| 0 0 0
338| 0 0 0
339| 0 0 0
340| 0 0 0
341| 0 0 0
342| 0 0 0
343| 0 0 0
344| 0 0 0
345| 0 0 0
346| 0 0 0
347| 0 0 0
348| 0 0 0
349| 0 0 0
350| 0 0 0
351| 0 0 0
352| 0 0 0
353| 0 0 0
354| 0 0 0
355| 0 0 0
356| 0 0 0
357| 0 0 0
358| 0 0 0
359| 0 0 0
360| 0 0 0
361| 0 0 0
362| 0 0 0
363| 0 0 0
364| 0 0 0
365| 0 4 0
366| 0 8 0
367| 0 12 0
368| 0 16 0
369| 0 20 0
370| 0 24 0
371| 0 28 0
372| 0 32 0
373| 0 36 0
374| 0 40 0
375| 0 43,99999 0
376| 0 47,99999 0
377| 0 51,99999 0
378| 0 55,99999 0
379| 0 60 0
380| 0 64 0
381| 0 68 0
382| 0 72 0
383| 0 76,00001 0
384| 0 80,00001 0
385| 0 84,00001 0
386| 0 88,00002 0
387| 0 92,00002 0
388| 0 96,00002 0
389| 0 100 0
390| 0 104 0
391| 0 108 0
392| 0 112 0
393| 0 116 0
394| 0 120 0
395| 0 124 0
396| 0 128 0
397| 0 132 0
398| 0 136 0
399| 0 140 0
400| 0 144 0
401| 0 148 0
402| 0 152 0
403| 0 156 0
404| 0 160 0
405| 0 164 0
406| 0 168 0
407| 0 171,9999 0
408| 0 175,9999 0
409| 0 179,9999 0
410| 0 183,9999 0
411| 0 187,9999 0
412| 0 191,9999 0
413| 0 195,9999 0
414| 0 199,9999 0
415| 0 203,9999 0
416| 0 207,9999 0
417| 0 211,9999 0
418| 0 215,9999 0
419| 0 219,9999 0
420| 0 223,9999 0
421| 0 227,9999 0
422| 0 231,9999 0
423| 0 235,9999 0
424| 0 239,9999 0
425| 0 243,9999 0
426| 0 247,9999 0
427| 0 251,9999 0
428| 0 255,9999 0
429| 0 259,9999 0
430| 0 263,9999 0
431| 0 267,9999 0
432| 0 271,9998 0
433| 0 275,9998 0
434| 0 279,9998 0
435| 0 283,9998 0
436| 0 287,9998 0
437| 0 291,9998 0
438| 0 295,9998 0
439| 0 299,9998 0
440| 0 303,9998 0
441| 0 307,9998 0
442| 0 311,9998 0
443| 0 315,9998 0
444| 0 319,9998 0
445| 0 323,9998 0
446| 0 327,9998 0
447| 0 331,9998 0
448| 0 335,9998 0
449| 0 339,9998 0
450| 0 343,9998 0
451| 0 347,9998 0
452| 0 351,9998 0
453| 0 355,9998 0
454| 0 359,9998 0
455| 0 363,9998 0
456| 0 367,9998 0
457| 0 371,9998 0
458| 0 375,9998 0
459| 0 379,9998 0
460| 0 383,9998 0
461| 0 387,9998 0
462| 0 391,9998 0
463| 0 395,9998 0
464| 0 399,9997 0
465| 0 400 0
466| 0 400 0
467| 0 400 0
468| 0 400 0
469| 0 400 0
470| 0 400 0
471| 0 400 0
472| 0,3 400 0
473| 0,6 400 0
474| 0,9 400 0
475| 0,9 400 0
476| 0,9 400 0
477| 0,9 400 0
478| 0,9 400 0
479| 0,9 400 0
480| 0,9 400 0
481| 0,9 400 0
482| 0,9 400 0
483| 0,9 400 0
484| 0,9 400 0
485| 0,9 400 0
486| 0,9 400 0
487| 0,9 400 0
488| 0,9 400 0
489| 0,9 400 0
490| 0,9 400 0
491| 0,9 400 0
492| 0,9 400 0
493| 0,9 400 0
494| 0,9 400 0
495| 1,2 400 0
496| 1,5 400 0
497| 1,8 400 0
498| 2,1 400 0
499| 2,4 400 0
500| 2,7 400 0
501| 3 400 0
502| 3,299999 400 0
503| 3,299999 400 0
504| 3,299999 400 0
505| 3,299999 400 0
506| 3,299999 400 0
507| 3,299999 400 0
508| 3,299999 400 0
509| 3,299999 400 0
510| 3,299999 400 0
511| 3,299999 400 0
512| 3,299999 400 0
513| 3,299999 400 0
514| 3,299999 400 0
515| 3,299999 400 0
516| 3,299999 400 0
517| 3,599999 400 0
518| 3,899999 400 0
519| 4,2 400 0
520| 4,5 400 0
521| 4,8 400 0
522| 4,8 400 0
523| 4,8 400 0
524| 4,8 400 0
525| 4,8 400 0
526| 4,8 400 0
527| 4,8 400 0
528| 4,8 400 0
529| 0 0 0
530| 0 0 0
531| 0 0 0
532| -0,3 0 0
533| -0,6 0 0
534| -0,9 0 0
535| -1,2 0 0
536| -1,5 0 0
537| -1,8 0 0
538| -2,1 0 0
539| -2,4 0 0
540| -2,7 0 0
541| -3 0 0
542| -3,299999 0 0
543| 0 0 0
544| 0 0 0
545| 0 0 0
546| 0 0 0
547| 0 0 0
548| 0 0 0
549| 0 0 0
550| 0 0 0
551| 0 0 0
552| 0 0 0
553| 0,3 0 0
554| 0,6 0 0
555| 0 0 0
556| 0 0 0
557| 0 0 0
558| 0 0 0
559| 0 0 0
560| 0 0 0
561| 0 0 0
562| 0 0 0
563| 0 0 0
564| 0 0 0
565| 0 0 0
566| 0 0 0
567| 0 0 0
568| 0 0 0
569| 0 0 0
570| 0 0 0
571| 0 0 0
572| 0 0 0
573| 0 0 0
574| 0 0 0
575| 0 0 0
576| 0 0 0
577| 0,3 0 0
578| 0,6 0 0
579| 0,9 0 0
580| 0 0 0
581| 0 0 0
582| 0 0 0
583| 0 0 0
584| 0 0 0
585| 0 0 0
586| 0 0 0
587| 0 4 0
588| 0 8 0
589| 0 12 0
590| 0 16 0
591| 0 20 0
592| 0 24 0
593| 0 28 0
594| 0,3 32 0
595| 0,6 36 0
596| 0,9 40 0
597| 1,2 43,99999 0
598| 1,5 43,99999 0
599| 1,8 43,99999 0
600| 2,1 43,99999 0
601| 2,4 43,99999 0
602| 2,7 43,99999 0
603| 3 43,99999 0
604| 3,299999 43,99999 0
605| 3,599999 43,99999 0
606| 3,899999 43,99999 0
607| 4,2 43,99999 0
608| 4,5 43,99999 0
609| 4,8 43,99999 0
610| 5,1 43,99999 0
611| 5,4 43,99999 0
612| 5,7 43,99999 0
613| 6 43,99999 0
614| 6,300001 43,99999 0
615| 6,600001 43,99999 0
616| 6,900001 43,99999 0
617| 7,200001 47,99999 0
618| 7,500001 51,99999 0
619| 7,500001 55,99999 0
620| 7,500001 60 0
621| 7,500001 64 0
622| 7,500001 68 0
623| 7,500001 72 0
624| 7,500001 76,00001 0
625| 7,500001 80,00001 0
626| 7,500001 84,00001 0
627| 7,500001 88,00002 0
628| 7,500001 92,00002 0
629| 7,500001 96,00002 0
630| 7,500001 100 0
631| 7,500001 104 0
632| 7,800001 108 0
633| 8,1 112 0
634| 8,4 116 0
635| 8,7 120 0
636| 8,999999 124 0
637| 9,299999 128 0
638| 9,599998 132 0
639| 9,899999 136 0
640| 9,899999 140 0
641| 9,899999 144 0
642| 9,899999 148 0
643| 9,899999 152 0
644| 9,899999 156 0
645| 9,899999 160 0
646| 9,899999 164 0
647| 9,899999 168 0
648| 9,899999 171,9999 0
649| 9,899999 175,9999 0
650| 0 179,9999 0
651| -0,3 183,9999 0
652| -0,6 187,9999 0
653| -0,6 191,9999 0
654| -0,6 195,9999 0
655| -0,6 199,9999 0
656| -0,6 203,9999 0
657| -0,6 207,9999 0
658| -0,6 211,9999 0
659| -0,6 215,9999 0
660| -0,6 219,9999 0
661| -0,6 223,9999 0
662| -0,6 227,9999 0
663| -0,6 231,9999 0
664| -0,6 235,9999 0
665| -0,6 239,9999 0
666| -0,6 243,9999 0
667| -0,6 247,9999 0
668| -0,6 251,9999 0
669| -0,6 255,9999 0
670| -0,6 259,9999 0
671| -0,6 263,9999 0
672| -0,6 267,9999 0
673| -0,6 271,9998 0
674| -0,6 275,9998 0
675| -0,6 279,9998 0
676| -0,6 283,9998 0
677| -0,6 287,9998 0
678| -0,6 291,9998 0
679| -0,6 295,9998 0
680| -0,6 299,9998 0
681| -0,6 303,9998 0
682| -0,6 307,9998 0
683| -0,9 311,9998 0
684| -1,2 315,9998 0
685| -1,5 319,9998 0
686| -1,5 323,9998 0
687| -1,5 327,9998 0
688| -1,5 331,9998 0
689| -1,5 335,9998 0
690| -1,5 339,9998 0
691| -1,5 343,9998 0
692| -1,5 347,9998 0
693| -1,5 351,9998 0
694| -1,5 355,9998 0
695| -1,5 359,9998 0
696| -1,5 363,9998 0
697| -1,5 367,9998 0
698| -1,5 371,9998 0
699| -1,5 375,9998 0
700| -1,5 379,9998 0
701| -1,5 383,9998 0
702| -1,5 387,9998 0
703| -1,5 391,9998 0
704| -1,5 395,9998 0
705| -1,5 399,9997 0
706| -1,5 400 0
707| -1,5 400 0
708| -1,5 400 0
709| -1,5 400 0
710| -1,5 400 0
711| -1,5 400 0
712| -1,5 400 0
713| -1,5 400 0
714| -1,5 400 0
715| -1,5 400 0
716| -1,5 400 0
717| -1,5 400 0
718| -1,5 400 0
719| -1,5 400 0
720| -1,5 400 0
721| -1,5 400 0
722| -1,5 400 0
723| -1,5 400 0
724| -1,5 400 0
725| -1,5 400 0
726| -1,5 400 0
727| -1,5 400 0
728| -1,5 400 0
729| -1,5 400 0
730| -1,5 400 0
731| -1,5 400 0
732| -1,5 400 0
733| -1,5 400 0
734| -1,5 400 0
735| -1,5 400 0
736| -1,5 400 0
737| -1,5 400 0
738| -1,5 400 0
739| -1,5 400 0
740| -1,5 400 0
741| -1,5 400 0
742| -1,5 400 0
743| -1,5 400 0
744| -1,5 400 0
745| -1,5 400 0
746| -1,5 400 0
747| -1,5 400 0
748| -1,5 400 0
749| -1,5 400 0
750| -1,5 400 0
751| -1,5 400 0
752| -1,5 400 0
753| -1,5 400 0
754| -1,5 400 0
755| -1,5 400 0
756| -1,5 400 0
757| -1,5 400 0
758| -1,5 400 0
759| -1,5 400 0
760| -1,5 400 0
761| -1,5 400 0
762| -1,5 400 0
763| -1,5 400 0
764| -1,5 400 0
765| -1,5 400 0
766| -1,5 400 0
767| -1,5 400 0
768| -1,5 400 0
769| -1,5 400 0
770| -1,5 400 0
771| -1,5 400 0
772| -1,5 400 0
773| -1,5 400 0
774| -1,5 400 0
775| -1,5 400 0
776| -1,5 400 0
777| -1,5 400 0
778| -1,5 400 0
779| -1,5 400 0
780| -1,5 400 0
781| -1,5 400 0
782| -1,5 400 0
783| -1,5 400 0
784| -1,5 400 0
785| -1,5 400 0
786| -1,5 400 0
787| -1,5 400 0
788| -1,5 400 0
789| -1,5 400 0
790| -1,5 400 0
791| -1,5 400 0
792| -1,5 400 0
793| -1,5 400 0
794| -1,5 400 0
795| -1,5 400 0
796| -1,5 400 0
797| -1,5 400 0
798| -1,5 400 0
799| -1,5 400 0
800| -1,5 400 0
801| -1,5 400 0
802| -1,5 400 0
803| -1,5 400 0
804| -1,5 400 0
805| -1,5 400 0
806| -1,5 400 0
807| -1,5 400 0
808| -1,5 400 0
809| -1,5 400 0
810| -1,5 400 0
811| -1,5 400 0
812| 0 400 0
813| 0,3 400 0
814| 0,6 400 0
815| 0,6 400 0
816| 0,6 400 0
817| 0,6 400 0
818| 0,6 400 0
819| 0,6 400 0
820| 0,6 400 0
821| 0,6 400 0
822| 0,6 400 0
823| 0,6 400 0
824| 0,6 400 0
825| 0,6 400 0
826| 0,6 400 0
827| 0,6 400 0
828| 0,6 400 0
829| 0,6 400 0
830| 0,6 400 0
831| 0,6 400 0
832| 0,9 400 0
833| 1,2 400 0
834| 1,5 400 0
835| 1,8 400 0
836| 2,1 400 0
837| 2,1 400 0
838| 2,1 400 0
839| 2,1 400 0
840| 2,1 400 0
841| 2,1 400 0
842| 2,1 400 0
843| 2,1 400 0
844| 2,1 400 0
845| 2,1 400 0
846| 2,1 400 0
847| 2,1 400 0
848| 2,1 400 0
849| 2,1 400 0
850| 2,1 400 0
851| 2,1 400 0
852| 2,1 400 0
853| 2,1 400 0
854| 2,1 400 0
855| 2,1 400 0
856| 2,1 400 0
857| 2,1 400 0
858| 2,1 400 0
859| 2,1 400 0
860| 2,1 400 0
861| 2,1 400 0
862| 2,1 400 0
863| 2,1 400 0
864| 2,1 400 0
865| 2,1 400 0
866| 2,1 400 0
867| 2,1 400 0
868| 2,1 400 0
869| 2,1 400 0
870| 0 400 0
871| -0,3 400 0
872| -0,6 400 0
873| -0,9 400 0
874| -1,2 400 0
875| -1,5 400 0
876| -1,8 400 0
877| -2,1 400 0
878| -2,4 400 0
879| -2,7 400 0
880| -2,7 400 0
881| -2,7 400 0
882| -2,7 400 0
883| -2,7 400 0
884| -2,7 400 0
885| -2,7 400 0
886| -2,7 400 0
887| -3 400 0
888| -3,299999 400 0
889| -3,599999 400 0
890| -3,899999 400 0
891| -4,2 400 0
892| -4,5 400 0
893| -4,8 400 0
894| -5,1 400 0
895| 0 0 0
896| 0 0 0
897| 0 0 0
898| 0 0 0
899| 0 0 0
900| 0 0 0
901| 0 0 0
902| -0,3 0 0
903| -0,6 0 0
904| 0 0 0
905| 0 0 0
906| 0 0 0
907| -0,3 0 0
908| -0,6 0 0
909| -0,9 0 0
910| -1,2 0 0
911| 0 0 0
912| 0 0 0
913| -0,3 0 0
914| -0,6 0 0
915| -0,9 0 0
916| -1,2 0 0
917| -1,5 0 0
918| -1,8 0 0
919| -2,1 0 0
920| -2,4 0 0
921| 0 0 0
922| 0 0 0
923| 0 0 0
924| 0 0 0
925| 0 0 0
926| 0 0 0
927| -0,3 0 0
928| -0,6 0 0
929| -0,9 0 0
930| -1,2 0 0
931| -1,5 0 0
932| -1,8 0 0
933| -2,1 0 0
934| -2,4 0 0
935| -2,7 0 0
936| -3 0 0
937| -3,299999 0 0
938| -3,599999 0 0
939| -3,899999 0 0
940| -4,2 0 0
941| -4,5 0 0
942| 0 0 0
943| 0 0 0
944| 0 0 0
945| 0 0 0
946| 0 0 0
947| 0 0 0
948| -0,3 0 0
949| -0,6 0 0
950| -0,9 0 0
951| -1,2 0 0
952| -1,5 0 0
953| -1,8 0 0
954| -2,1 0 0
955| -2,4 0 0
956| -2,7 0 0
957| -3 0 0
958| -3,299999 0 0
959| -3,599999 0 0
960| -3,899999 0 0
961| -4,2 0 0
962| -4,5 0 0
963| -4,8 0 0
964| -5,1 0 0
965| -5,4 0 0
966| -5,7 0 0
967| 0 0 0
968| 0 0 0
969| 0 0 0
970| 0 0 0
971| 0 0 0
972| 0 0 0
973| 0 0 0
974| 0 0 0
975| -0,3 0 0
976| -0,6 0 0
977| 0 0 0
978| 0 0 0
979| 0 0 0
980| 0 0 0
981| 0 0 0
982| 0 0 0
983| 0,3 0 0
984| 0,6 0 0
985| 0 0 0
986| 0 0 0
987| 0 0 0
988| 0 0 0
989| 0 0 0
990| 0 0 0
991| 0 0 0
992| 0 0 0
993| -0,3 0 0
994| -0,6 0 0
995| -0,9 0 0
996| -1,2 0 0
997| -1,5 0 0
998| -1,8 0 0
999| -2,1 0 0
1000| -2,4 0 0
1001| -2,7 0 0
1002| -3 0 0
1003| -3,299999 0 0
1004| -3,599999 0 0
1005| -3,899999 0 0
1006| 0 0 0
1007| 0 0 0
1008| 0 0 0
1009| 0 0 0
1010| 0 0 0
1011| 0 0 0
1012| 0 0 0
1013| 0 0 0
1014| 0 0 0
1015| -0,3 0 0
1016| -0,6 0 0
1017| -0,9 0 0
1018| -1,2 0 0
1019| -1,5 0 0
1020| -1,8 0 0
1021| -2,1 0 0
1022| -2,4 0 0
1023| -2,7 0 0
1024| -3 0 0
1025| -3,299999 0 0
1026| -3,599999 0 0
1027| -3,899999 0 0
1028| -4,2 0 0
1029| -4,5 0 0
1030| -4,8 0 0
1031| 0 0 0
1032| 0 0 0
1033| 0 0 0
1034| 0 0 0
1035| 0 0 0
1036| 0 0 0
1037| 0 0 0
1038| 0 0 0
1039| 0 0 0
1040| 0 0 0
1041| 0 0 0
1042| 0 0 0
1043| 0 0 0
1044| 0 0 0
1045| 0 0 0
1046| 0 0 0
1047| 0 0 0
1048| 0 0 0
1049| 0 0 0
1050| 0 0 0
1051| 0 0 0
1052| 0 0 0
1053| 0 0 0
1054| -0,3 0 0
1055| -0,6 0 0
1056| -0,9 0 0
1057| -1,2 0 0
1058| -1,5 0 0
1059| -1,8 0 0
1060| -2,1 0 0
1061| -2,4 0 0
1062| -2,7 0 0
1063| -3 0 0
1064| -3,299999 0 0
1065| 0 0 0
1066| 0 0 0
1067| 0 0 0
1068| 0 0 0
1069| 0 4 0
1070| 0 8 0
1071| 0 12 0
1072| 0 16 0
1073| 0 20 0
1074| 0 24 0
1075| 0 28 0
1076| 0 32 0
1077| 0 36 0
1078| -0,3 40 0
1079| -0,6 43,99999 0
1080| -0,9 47,99999 0
1081| -1,2 51,99999 0
1082| -1,5 55,99999 0
1083| -1,8 60 0
1084| -2,1 64 0
1085| -2,4 68 0
1086| -2,7 72 0
1087| -2,7 76,00001 0
1088| -2,7 80,00001 0
1089| -2,7 84,00001 0
1090| -2,7 88,00002 0
1091| -2,7 92,00002 0
1092| -2,7 96,00002 0
1093| -2,7 100 0
1094| -2,7 104 0
1095| -2,7 108 0
1096| -2,7 112 0
1097| -2,7 116 0
1098| -2,7 120 0
1099| 0 0 0
1100| 0 0 0
1101| 0 0 0
1102| 0 0 0
1103| 0 0 0
1104| 0 0 0
1105| 0 0 0
1106| 0 0 0
1107| 0 0 0
1108| 0 0 0
1109| 0 0 0
1110| 0 0 0
1111| 0 0 0
1112| 0 0 0
1113| 0 0 0
1114| 0 0 0
1115| 0 0 0
1116| 0 0 0
1117| 0 0 0
1118| 0,3 0 0
1119| 0,6 0 0
1120| 0,9 0 0
1121| 0 0 0
1122| 0 0 0
1123| 0 0 0
1124| 0 0 0
1125| 0 0 0
1126| 0 0 0
1127| 0 4 0
1128| 0 8 0
1129| 0 12 0
1130| 0 16 0
1131| 0 20 0
1132| 0 24 0
1133| 0 28 0
1134| 0 32 0
1135| 0 36 0
1136| 0 40 0
1137| 0 43,99999 0
1138| 0 47,99999 0
1139| 0 51,99999 0
1140| 0 55,99999 0
1141| 0 60 0
1142| 0,3 64 0
1143| 0,6 68 0
1144| 0,9 72 0
1145| 1,2 76,00001 0
1146| 1,2 80,00001 0
1147| 1,2 84,00001 0
1148| 1,2 88,00002 0
1149| 1,2 92,00002 0
1150| 1,2 96,00002 0
1151| 1,2 100 0
1152| 1,2 104 0
1153| 1,2 108 0
1154| 1,2 112 0
1155| 1,2 116 0
1156| 1,2 120 0
1157| 0 0 0
1158| 0 0 0
1159| 0 0 0
1160| 0 0 0
1161| 0 0 0
1162| 0 0 0
1163| 0,3 0 0
1164| 0,6 0 0
1165| 0,9 0 0
1166| 1,2 0 0
1167| 1,5 0 0
1168| 0 0 0
1169| 0 0 0
1170| 0 0 0
1171| 0 0 0
1172| 0 0 0
1173| 0 4 0
1174| 0 8 0
1175| 0 12 0
1176| 0 16 0
1177| 0 20 0
1178| 0 24 0
1179| 0 28 0
1180| 0 32 0
1181| 0 36 0
1182| 0 40 0
1183| 0 43,99999 0
1184| 0,3 47,99999 0
1185| 0,6 51,99999 0
1186| 0,9 55,99999 0
1187| 1,2 60 0
1188| 1,5 64 0
1189| 1,8 68 0
1190| 2,1 72 0
1191| 2,4 76,00001 0
1192| 2,7 80,00001 0
1193| 3 84,00001 0
1194| 3,299999 88,00002 0
1195| 3,599999 92,00002 0
1196| 3,899999 96,00002 0
1197| 4,2 100 0
1198| 4,5 104 0
1199| 4,8 108 0
1200| 5,1 112 0
1201| 5,4 116 0
1202| 5,7 120 0
1203| 6 124 0
1204| 6 128 0
1205| 6 132 0
1206| 6 136 0
1207| 6 140 0
1208| 6 144 0
1209| 6 148 0
1210| 6 152 0
1211| 6 156 0
1212| 6 160 0
1213| 6 164 0
1214| 6 168 0
1215| 6 171,9999 0
1216| 6 175,9999 0
1217| 6 179,9999 0
1218| 6 183,9999 0
1219| 6 187,9999 0
1220| 6 191,9999 0
1221| 6 195,9999 0
1222| 6 199,9999 0
1223| 6 203,9999 0
1224| 6 207,9999 0
1225| 6 211,9999 0
1226| 6 215,9999 0
1227| 6 219,9999 0
1228| 6 223,9999 0
1229| 6 227,9999 0
1230| 6 231,9999 0
1231| 6 235,9999 0
1232| 6 239,9999 0
1233| 6 243,9999 0
1234| 6 247,9999 0
1235| 6 251,9999 0
1236| 6 255,9999 0
1237| 6 259,9999 0
1238| 6 263,9999 0
1239| 6 267,9999 0
1240| 6 271,9998 0
1241| 6 275,9998 0
1242| 6 279,9998 0
1243| 6 283,9998 0
1244| 6 287,9998 0
1245| 6 291,9998 0
1246| 6 295,9998 0
1247| 6 299,9998 0
1248| 6 303,9998 0
1249| 6 307,9998 0
1250| 6 311,9998 0
1251| 6 315,9998 0
1252| 6 319,9998 0
1253| 6 323,9998 0
1254| 6 327,9998 0
1255| 6 331,9998 0
1256| 6 335,9998 0
1257| 6 339,9998 0
1258| 6 343,9998 0
1259| 6 347,9998 0
1260| 6 351,9998 0
1261| 6 355,9998 0
1262| 6 359,9998 0
1263| 6 363,9998 0
1264| 6 367,9998 0
1265| 6 371,9998 0
1266| 6 375,9998 0
1267| 6 379,9998 0
1268| 6 383,9998 0
1269| 0 387,9998 0
1270| -0,3 391,9998 0
1271| -0,6 395,9998 0
1272| -0,9 399,9997 0
1273| -1,2 400 0
1274| -1,5 400 0
1275| -1,8 400 0
1276| -2,1 400 0
1277| -2,4 400 0
1278| -2,7 400 0
1279| -3 400 0
1280| -3,299999 400 0
1281| -3,599999 400 0
1282| -3,899999 400 0
1283| -4,2 400 0
1284| -4,5 400 0
1285| -4,8 400 0
1286| -5,1 400 0
1287| -5,1 400 0
1288| -5,1 400 0
1289| -5,1 400 0
1290| -5,1 400 0
1291| -5,1 400 0
1292| -5,1 400 0
1293| -5,1 400 0
1294| -5,1 400 0
1295| -5,1 400 0
1296| -5,1 400 0
1297| -5,1 400 0
1298| -5,1 400 0
1299| -5,1 400 0
1300| -5,1 400 0
1301| -5,1 400 0
1302| -5,1 400 0
1303| -5,1 400 0
1304| -5,1 400 0
1305| -5,1 400 0
1306| -5,1 400 0
1307| -5,1 400 0
1308| -5,1 400 0
1309| -5,1 400 0
1310| -5,1 400 0
1311| -5,1 400 0
1312| -5,1 400 0
1313| -5,1 400 0
1314| -5,1 400 0
1315| -5,1 400 0
1316| -5,1 400 0
1317| -5,1 400 0
1318| -5,1 400 0
1319| -5,1 400 0
1320| -5,1 400 0
1321| 0 400 0
1322| 0,3 400 0
1323| 0,6 400 0
1324| 0,9 400 0
1325| 1,2 400 0
1326| 1,5 400 0
1327| 1,5 400 0
1328| 1,5 400 0
1329| 1,5 400 0
1330| 1,5 400 0
1331| 1,5 400 0
1332| 1,5 400 0
1333| 1,5 400 0
1334| 1,5 400 0
1335| 1,5 400 0
1336| 1,5 400 0
1337| 1,5 400 0
1338| 1,5 400 0
1339| 1,5 400 0
1340| 1,5 400 0
1341| 1,5 400 0
1342| 1,5 400 0
1343| 1,5 400 0
1344| 1,5 400 0
1345| 1,5 400 0
1346| 1,5 400 0
1347| 1,5 400 0
1348| 1,5 400 0
1349| 1,5 400 0
1350| 1,5 400 0
1351| 1,5 400 0
1352| 1,5 400 0
1353| 0 400 0
1354| -0,3 400 0
1355| -0,6 400 0
1356| -0,9 400 0
1357| -1,2 400 0
1358| -1,2 400 0
1359| -1,2 400 0
1360| -1,2 400 0
1361| -1,2 400 0
1362| -1,2 400 0
1363| -1,2 400 0
1364| -1,2 400 0
1365| -1,2 400 0
1366| -1,2 400 0
1367| -1,2 400 0
1368| -1,2 400 0
1369| -1,2 400 0
1370| -1,2 400 0
1371| -1,2 400 0
1372| -1,2 400 0
1373| -1,2 400 0
1374| -1,2 400 0
1375| -1,2 400 0
1376| -1,2 400 0
1377| -1,2 400 0
1378| -1,2 400 0
1379| -1,2 400 0
1380| -1,2 400 0
1381| -1,2 400 0
1382| -1,2 400 0
1383| -1,2 400 0
1384| -1,2 400 0
1385| -1,2 400 0
1386| -1,2 400 0
1387| -1,2 400 0
1388| -1,2 400 0
1389| -1,2 400 0
1390| -1,2 400 0
1391| -1,2 400 0
1392| -1,2 400 0
1393| -1,2 400 0
1394| -1,2 400 0
1395| -1,2 400 0
1396| -1,2 400 0
1397| -1,2 400 0
1398| -1,2 400 0
1399| -1,2 400 0
1400| -1,2 400 0
1401| -1,2 400 0
1402| -1,2 400 0
1403| -1,2 400 0
1404| -1,2 400 0
1405| -1,2 400 0
1406| -1,2 400 0
1407| -1,2 400 0
1408| -1,2 400 0
1409| -1,2 400 0
1410| -1,2 400 0
1411| -1,2 400 0
1412| -1,2 400 0
1413| -1,2 400 0
1414| -1,2 400 0
1415| -1,2 400 0
1416| -1,2 400 0
1417| -1,2 400 0
1418| -1,2 400 0
1419| -1,2 400 0
1420| -1,2 400 0
1421| -1,2 400 0
1422| -1,2 400 0
1423| -1,2 400 0
1424| 0 400 0
1425| 0,3 400 0
1426| 0,6 400 0
1427| 0,6 400 0
1428| 0,6 400 0
1429| 0,6 400 0
1430| 0,6 400 0
1431| 0,6 400 0
1432| 0,6 400 0
1433| 0,6 400 0
1434| 0,6 400 0
1435| 0,6 400 0
1436| 0,6 400 0
1437| 0,6 400 0
1438| 0,6 400 0
1439| 0,6 400 0
1440| 0,6 400 0
1441| 0,6 400 0
1442| 0,6 400 0
1443| 0,6 400 0
1444| 0,6 400 0
1445| 0,6 400 0
1446| 0,6 400 0
1447| 0,6 400 0
1448| 0,6 400 0
1449| 0,6 400 0
1450| 0,6 400 0
1451| 0,6 400 0
1452| 0,6 400 0
1453| 0,6 400 0
1454| 0,6 400 0
1455| 0,6 400 0
1456| 0,6 400 0
1457| 0,6 400 0
1458| 0,6 400 0
1459| 0,6 400 0
1460| 0,6 400 0
1461| 0,6 400 0
1462| 0,6 400 0
1463| 0,6 400 0
1464| 0,6 400 0
1465| 0,6 400 0
1466| 0,6 400 0
1467| 0,6 400 0
1468| 0,6 400 0
1469| 0,6 400 0
1470| 0,6 400 0
1471| 0,6 400 0
1472| 0,6 400 0
1473| 0,6 400 0
1474| 0,6 400 0
1475| 0,6 400 0
1476| 0 0 0
1477| 0 0 0
1478| 0 0 0
1479| 0 0 0
1480| 0 0 0
1481| 0 0 0
1482| 0 0 0
1483| 0 0 0
1484| 0 0 0
1485| 0 0 0
1486| 0 0 0
1487| 0 0 0
1488| 0 0 0
1489| 0 0 0
1490| 0 0 0
1491| 0 0 0
1492| 0 0 0
1493| 0 0 0
1494| 0 0 0
1495| 0 0 0
1496| 0 0 0
1497| 0 0 0
1498| 0 0 0
1499| 0 0 0
1500| 0 0 0
1501| 0 0 0
1502| 0,3 0 0
1503| 0,6 0 0
1504| 0,6 4 0
1505| 0,6 8 0
1506| 0,6 12 0
1507| 0,6 16 0
1508| 0,6 20 0
1509| 0,6 24 0
1510| 0,6 28 0
1511| 0,6 32 0
1512| 0,6 36 0
1513| 0,6 40 0
1514| 0,9 43,99999 0
1515| 1,2 47,99999 0
1516| 1,5 51,99999 0
1517| 1,8 55,99999 0
1518| 2,1 60 0
1519| 2,4 64 0
1520| 2,7 68 0
1521| 3 72 0
1522| 3,299999 76,00001 0
1523| 3,599999 76,00001 0
1524| 3,899999 76,00001 0
1525| 4,2 76,00001 0
1526| 0 0 0
1527| 0 0 0
1528| 0 0 0
1529| 0 0 0
1530| 0 0 0
1531| 0 0 0
1532| 0 0 0
1533| 0 0 0
1534| 0 0 0
1535| 0 0 0
1536| 0 0 0
1537| 0 -4 0
1538| 0 -8 0
1539| 0 -12 0
1540| 0 -16 0
1541| 0 -20 0
1542| 0 -24 0
1543| 0 -28 0
1544| 0 -32 0
1545| 0 -36 0
1546| 0 0 0
1547| 0 0 0
1548| 0,3 0 0
1549| 0,6 0 0
1550| 0,9 0 0
1551| 1,2 0 0
1552| 1,5 0 0
1553| 1,8 0 0
1554| 2,1 0 0
1555| 0 0 0
1556| 0 0 0
1557| 0 0 0
1558| 0 0 0
1559| 0 0 0
1560| 0 0 0
1561| 0,3 0 0
1562| 0,6 0 0
1563| 0,9 0 0
1564| 1,2 0 0
1565| 1,5 0 0
1566| 1,8 0 0
1567| 2,1 0 0
1568| 2,4 0 0
1569| 2,7 0 0
1570| 3 0 0
1571| 3,299999 0 0
1572| 3,599999 0 0
1573| 3,899999 0 0
1574| 4,2 0 0
1575| 4,5 0 0
1576| 4,8 0 0
1577| 5,1 0 0
1578| 5,4 0 0
1579| 5,7 0 0
1580| 6 0 0
1581| 6,300001 0 0
1582| 6,600001 0 0
1583| 6,900001 0 0
1584| 7,200001 0 0
1585| 7,500001 0 0
1586| 7,800001 0 0
1587| 8,1 0 0
1588| 8,4 0 0
1589| 8,7 0 0
1590| 8,999999 0 0
1591| 9,299999 0 0
1592| 9,599998 0 0
1593| 9,899999 0 0
1594| 10,2 0 0
1595| 10,5 0 0
1596| 10,8 0 0
1597| 11,1 0 0
1598| 11,4 0 0
1599| 11,7 0 0
1600| 12 0 0
1601| 12,3 0 0
1602| 12,6 0 0
1603| 12,9 0 0
1604| 13,2 0 0
1605| 13,5 0 0
1606| 13,79999 0 0
1607| 14,09999 0 0
1608| 14,39999 0 0
1609| 14,69999 0 0
1610| 14,99999 0 0
1611| 15,29999 0 0
1612| 15,59999 0 0
1613| 15,89999 0 0
1614| 16,19999 0 0
1615| 16,49999 0 0
1616| 16,79999 0 0
1617| 17,09999 0 0
1618| 17,39999 0 0
1619| 17,69999 0 0
1620| 17,99999 0 0
1621| 18,29999 0 0
1622| 18,59999 0 0
1623| 18,89999 0 0
1624| 19,19999 0 0
1625| 19,49999 0 0
1626| 19,79999 0 0
1627| 20,09999 0 0
1628| 20,39999 0 0
1629| 20,69999 0 0
1630| 20,99999 0 0
1631| 21,29999 0 0
1632| 21,59999 0 0
1633| 21,89999 0 0
1634| 22,19999 0 0
1635| 22,49999 0 0
1636| 22,79999 0 0
1637| 23,09999 0 0
1638| 23,39999 0 0
1639| 23,69999 0 0
1640| 23,99999 0 0
1641| 24,29999 0 0
1642| 24,59999 0 0
1643| 24,89998 0 0
1644| 25,19999 0 0
1645| 25,49998 0 0
1646| 25,79998 0 0
1647| 26,09998 0 0
1648| 26,39998 0 0
1649| 26,69998 0 0
1650| 26,99998 0 0
1651| 27,29998 0 0
1652| 27,59998 0 0
1653| 27,89998 0 0
1654| 28,19998 0 0
1655| 28,49998 0 0
1656| 28,79998 0 0
1657| 29,09998 0 0
1658| 29,39998 0 0
1659| 29,69998 0 0
1660| 29,99998 0 0
1661| 30 0 0
1662| 30 0 0
1663| 30 0 0
1664| 30 0 0
1665| 30 0 0
1666| 30 0 0
1667| 30 0 0
1668| 30 0 0
1669| 30 0 0
1670| 30 0 0
1671| 30 0 0
1672| 30 0 0
1673| 30 0 0
1674| 30 0 0
1675| 30 0 0
1676| 30 0 0
1677| 30 0 0
1678| 30 0 0
1679| 30 0 0
1680| 30 0 0
1681| 30 0 0
1682| 30 0 0
1683| 30 0 0
1684| 30 0 0
1685| 30 0 0
1686| 30 0 0
1687| 30 0 0
1688| 0 0 0
1689| 0 0 0
1690| 0 0 0
1691| 0 0 0
1692| 0 0 0
1693| 0,3 0 0
1694| 0,6 0 0
1695| 0,9 0 0
1696| 1,2 0 0
1697| 1,5 0 0
1698| 1,8 0 0
1699| 2,1 0 0
1700| 2,4 0 0
1701| 2,7 0 0
1702| 3 0 0
1703| 3,299999 0 0
1704| 3,599999 0 0
1705| 3,899999 0 0
1706| 4,2 0 0
1707| 4,5 0 0
1708| 4,8 0 0
1709| 5,1 0 0
1710| 5,4 0 0
1711| 5,7 0 0
1712| 6 0 0
1713| 6,300001 0 0
1714| 0 0 0
1715| 0 0 0
1716| -0,3 0 0
1717| -0,6 0 0
1718| -0,9 0 0
1719| -1,2 0 0
1720| -1,5 0 0
1721| -1,8 0 0
1722| -2,1 0 0
1723| -2,4 0 0
1724| -2,7 0 0
1725| -3 0 0
1726| -3,299999 0 0
1727| -3,599999 0 0
1728| -3,899999 0 0
1729| -4,2 0 0
1730| -4,5 0 0
1731| -4,8 0 0
1732| -5,1 4 0
1733| -5,4 8 0
1734| -5,7 12 0
1735| -6 16 0
1736| -6,300001 20 0
1737| -6,600001 24 0
1738| -6,900001 28 0
1739| -7,200001 32 0
1740| -7,500001 36 0
1741| -7,500001 40 0
1742| -7,500001 43,99999 0
1743| -7,500001 47,99999 0
1744| 0 0 0
1745| 0 0 0
1746| 0 0 0
1747| 0 0 0
1748| 0 0 0
1749| 0 0 0
1750| 0 0 0
1751| 0 0 0
1752| 0 0 0
1753| 0 0 0
1754| 0 0 0
1755| 0 0 0
1756| 0 0 0
1757| 0 0 0
1758| 0 0 0
1759| 0 0 0
1760| 0 0 0
1761| 0 0 0
1762| 0 0 0
1763| 0 0 0
1764| 0 0 0
1765| 0 0 0
1766| 0 0 0
1767| 0 0 0
1768| 0 0 0
1769| 0 0 0
1770| 0 0 0
1771| -0,3 0 0
1772| -0,6 0 0
1773| -0,9 0 0
1774| -1,2 0 0
1775| -1,5 0 0
1776| -1,8 0 0
1777| -2,1 0 0
1778| -2,4 0 0
1779| -2,7 0 0
1780| -3 0 0
1781| -3,299999 0 0
1782| -3,599999 0 0
1783| -3,899999 0 0
1784| -4,2 0 0
1785| -4,5 0 0
1786| -4,8 0 0
1787| -5,1 0 0
1788| -5,4 0 0
1789| -5,7 0 0
1790| -6 0 0
1791| -6,300001 0 0
1792| -6,600001 0 0
1793| -6,900001 0 0
1794| -7,200001 0 0
1795| -7,500001 0 0
1796| 0 0 0
1797| 0 0 0
1798| 0 0 0
1799| 0 0 0
1800| 0 0 0
1801| 0 0 0
1802| 0 0 0
1803| 0 0 0
1804| 0 0 0
1805| 0 0 0
1806| 0 0 0
1807| 0 0 0
1808| 0 0 0
1809| 0 0 0
1810| 0 0 0
1811| 0 0 0
1812| 0 0 0
1813| 0 0 0
1814| 0 0 0
1815| 0 0 0
1816| 0 0 0
1817| 0 0 0
1818| 0 0 0
1819| 0 0 0
1820| 0 0 0
1821| 0 0 0
1822| 0 0 0
1823| 0 0 0
1824| 0 0 0
1825| 0 0 0
1826| 0 0 0
1827| 0 0 0
1828| 0 0 0
1829| 0 0 0
1830| 0 0 0
1831| 0 0 0
1832| 0 0 0
1833| 0 0 0
1834| 0 0 0
1835| 0 0 0
1836| 0 0 0
1837| 0 0 0
1838| 0 0 0
1839| 0 0 0
1840| 0 0 0
1841| 0 0 0
1842| 0 0 0
1843| 0 0 0
1844| 0 4 0
1845| 0 8 0
1846| 0 12 0
1847| 0 16 0
1848| 0 20 0
1849| 0 24 0
1850| 0 28 0
1851| 0 32 0
1852| 0 36 0
1853| 0 40 0
1854| 0 43,99999 0
1855| 0 47,99999 0
1856| 0 51,99999 0
1857| 0 55,99999 0
1858| 0 60 0
1859| 0 64 0
1860| 0 68 0
1861| 0 72 0
1862| 0 76,00001 0
1863| 0 80,00001 0
1864| 0 84,00001 0
1865| 0 88,00002 0
1866| 0 92,00002 0
1867| 0 0 0
1868| 0 0 0
1869| 0 0 0
1870| 0 0 0
1871| 0 0 0
1872| 0 0 0
1873| 0 0 0
1874| 0 0 0
1875| 0 0 0
1876| 0 0 0
1877| 0 0 0
1878| 0 0 0
1879| 0 0 0
1880| 0 0 0
1881| 0 0 0
1882| 0 0 0
1883| 0 0 0
1884| 0 0 0
1885| 0 0 0
1886| 0 0 0
1887| 0 0 0
1888| 0 0 0
1889| 0 0 0
1890| 0 0 0
1891| 0 -4 0
1892| 0 -8 0
1893| 0 -12 0
1894| 0 -16 0
1895| 0 -20 0
1896| 0 -24 0
1897| 0 0 0
1898| 0 0 0
1899| 0 0 0
1900| 0 0 0
1901| 0 0 0
1902| 0 0 0
1903| 0 0 0
1904| 0 0 0
1905| 0 0 0
1906| 0 0 0
1907| 0 0 0
1908| 0 4 0
1909| 0 8 0
1910| 0 12 0
1911| 0 16 0
1912| 0 0 0
1913| 0 0 0
1914| 0 0 0
1915| 0 0 0
1916| 0 0 0
1917| 0 0 0
1918| 0 0 0
1919| 0 0 0
1920| 0 0 0
1921| 0 0 0
1922| 0 0 0
1923| 0 0 0
1924| 0 0 0
1925| 0 -4 0
1926| 0 -8 0
1927| 0 -12 0
1928| 0 -16 0
1929| 0 -20 0
1930| 0 -24 0
1931| 0 -28 0
1932| 0 -32 0
1933| 0 -36 0
1934| 0 -40 0
1935| 0 -43,99999 0
1936| 0 0 0
1937| 0 0 0
1938| 0 0 0
1939| 0 0 0
1940| 0 0 0
1941| 0 0 0
1942| 0 0 0
1943| 0 0 0
1944| 0 0 0
1945| 0 0 0
1946| 0 0 0
1947| 0 0 0
1948| 0 0 0
1949| 0 0 0
1950| 0 0 0
1951| 0 0 0
1952| 0 0 0
1953| 0 0 0
1954| 0 0 0
1955| 0 0 0
1956| 0 0 0
1957| 0 0 0
1958| 0 0 0
1959| 0 0 0
1960| 0 0 0
1961| 0 0 0
1962| 0 0 0
1963| 0 0 0
1964| 0 0 0
1965| 0 0 0
1966| 0 0 0
1967| 0 0 0
1968| 0 0 0
1969| 0 0 0
1970| 0 0 0
1971| 0 0 0
1972| 0 0 0
1973| 0 0 0
1974| 0 0 0
1975| 0 0 0
1976| 0 0 0
1977| 0 0 0
1978| 0 0 0
1979| 0 0 0
1980| 0 0 0
1981| 0 0 0
1982| 0 0 0
1983| 0 0 0
1984| 0 0 0
1985| 0 0 0
1986| 0 0 0
1987| 0 0 0
1988| 0 0 0
1989| 0 0 0
1990| 0 0 0
1991| 0 0 0
1992| 0 0 0
1993| 0 0 0
1994| 0 0 0
1995| 0 0 0
1996| 0 -4 0
1997| 0 -8 0
1998| 0 -12 0
1999| 0 -16 0
2000| 0 -20 0
2001| 0 -24 0
2002| 0 -28 0
2003| 0 -32 0
2004| 0 -36 0
2005| 0 -40 0
2006| 0 -43,99999 0
2007| 0 -47,99999 0
2008| 0 -51,99999 0
2009| 0 -55,99999 0
2010| 0 -60 0
2011| 0 -64 0
2012| 0 -68 0
2013| 0 -72 0
2014| 0 -76,00001 0
2015| 0 -80,00001 0
2016| 0 -84,00001 0
2017| 0 -88,00002 0
2018| 0 -92,00002 0
2019| 0 -96,00002 0
2020| 0 -100 0
2021| 0 -104 0
2022| 0 -108 0
2023| 0 -112 0
2024| 0 -116 0
2025| 0 -120 0
2026| 0 -124 0
2027| 0 -128 0
2028| 0 -132 0
2029| 0 -136 0
2030| 0 -140 0
2031| 0 -144 0
2032| 0 -148 0
2033| 0 -152 0
2034| 0 -156 0
2035| 0 -160 0
2036| 0 -164 0
2037| 0 -168 0
2038| 0 -171,9999 0
2039| 0 -175,9999 0
2040| 0 -179,9999 0
2041| 0 -183,9999 0
2042| 0 -187,9999 0
2043| 0 -191,9999 0
2044| 0 -195,9999 0
2045| 0 -199,9999 0
2046| 0 -203,9999 0
2047| 0 -207,9999 0
2048| 0 -211,9999 0
2049| 0 -215,9999 0
2050| 0 -219,9999 0
2051| 0 -223,9999 0
2052| 0 -227,9999 0
2053| 0 -231,9999 0
2054| 0 -235,9999 0
2055| 0 -239,9999 0
2056| 0 -243,9999 0
2057| 0 -247,9999 0
2058| 0 -251,9999 0
2059| 0 -255,9999 0
2060| 0 -259,9999 0
2061| 0 -263,9999 0
2062| 0 -267,9999 0
2063| 0 -271,9998 0
2064| 0 -275,9998 0
2065| 0 -279,9998 0
2066| 0 -283,9998 0
2067| 0 -287,9998 0
2068| 0 -291,9998 0
2069| 0 -295,9998 0
2070| 0 -299,9998 0
2071| 0 -303,9998 0
2072| 0 -307,9998 0
2073| 0 -311,9998 0
2074| 0 -315,9998 0
2075| 0 -319,9998 0
2076| 0 -323,9998 0
2077| 0 -327,9998 0
2078| 0 -331,9998 0
2079| 0 -335,9998 0
2080| 0 -339,9998 0
2081| 0 -343,9998 0
2082| 0 -347,9998 0
2083| 0 -351,9998 0
2084| 0 -355,9998 0
2085| 0 -359,9998 0
2086| 0 -363,9998 0
2087| 0 -367,9998 0
2088| 0 -371,9998 0
2089| 0 -375,9998 0
2090| 0 -379,9998 0
2091| 0 -383,9998 0
2092| 0 -387,9998 0
2093| 0 -391,9998 0
2094| 0 -395,9998 0
2095| 0 -399,9997 0
2096| 0 -400 0
2097| 0 -400 0
2098| 0 -400 0
2099| 0 -400 0
2100| 0 -400 0
2101| 0 -400 0
2102| 0 -400 0
2103| 0 -400 0
2104| 0 -400 0
2105| 0 -400 0
2106| 0 -400 0
2107| 0 -400 0
2108| 0 -400 0
2109| 0 -400 0
2110| 0 -400 0
2111| 0 -400 0
2112| 0 -400 0
2113| 0 -400 0
2114| 0 -400 0
2115| 0,3 -400 0
2116| 0,6 -400 0
2117| 0,9 -400 0
2118| 1,2 -400 0
2119| 1,5 -400 0
2120| 1,8 -400 0
2121| 2,1 -400 0
2122| 2,4 -400 0
2123| 2,7 -400 0
2124| 3 -400 0
2125| 3,299999 -400 0
2126| 3,599999 -400 0
2127| 3,599999 -400 0
2128| 3,599999 -400 0
2129| 3,599999 -400 0
2130| 3,599999 -400 0
2131| 3,599999 -400 0
2132| 3,599999 -400 0
2133| 3,599999 -400 0
2134| 3,599999 -400 0
2135| 3,599999 -400 0
2136| 3,599999 -400 0
2137| 3,599999 -400 0
2138| 3,599999 -400 0
2139| 3,599999 -400 0
2140| 3,599999 -400 0
2141| 3,599999 -400 0
2142| 3,599999 -400 0
2143| 3,599999 -400 0
2144| 3,599999 -400 0
2145| 3,599999 -400 0
2146| 3,599999 -400 0
2147| 3,599999 -400 0
2148| 3,599999 -400 0
2149| 3,599999 -400 0
2150| 3,599999 -400 0
2151| 3,599999 -400 0
2152| 3,599999 -400 0
2153| 3,599999 -400 0
2154| 3,599999 -400 0
2155| 3,599999 -400 0
2156| 0 0 0
2157| 0 0 0
2158| 0 0 0
2159| 0 0 0
2160| 0 0 0
2161| 0 0 0
2162| 0 0 0
2163| 0 0 0
2164| 0 0 0
2165| 0 0 0
2166| 0 0 0
2167| 0 0 0
2168| 0 0 0
2169| 0 0 0
2170| 0,3 0 0
2171| 0,6 0 0
2172| 0,9 0 0
2173| 1,2 0 0
2174| 1,5 0 0
2175| 1,8 0 0
2176| 2,1 0 0
2177| 2,4 0 0
2178| 2,7 0 0
2179| 3 0 0
2180| 3,299999 0 0
2181| 3,599999 0 0
2182| 3,899999 0 0
2183| 4,2 0 0
2184| 4,5 0 0
2185| 4,8 0 0
2186| 5,1 0 0
2187| 0 0 0
2188| 0 0 0
2189| 0 0 0
2190| 0 0 0
2191| 0 0 0
2192| 0 0 0
2193| 0 0 0
2194| 0 0 0
2195| 0 0 0
2196| 0 0 0
2197| 0 0 0
2198| 0 0 0
2199| 0 0 0
2200| 0 0 0
2201| 0 0 0
2202| 0 0 0
2203| 0,3 0 0
2204| 0,6 0 0
2205| 0,9 0 0
2206| 1,2 0 0
2207| 1,5 0 0
2208| 1,8 0 0
2209| 2,1 0 0
2210| 2,4 0 0
2211| 2,7 0 0
2212| 3 0 0
2213| 3,299999 0 0
2214| 3,599999 0 0
2215| 0 0 0
2216| 0 0 0
2217| 0 0 0
2218| 0 0 0
2219| 0 0 0
2220| 0 0 0
2221| 0 0 0
2222| 0 0 0
2223| 0 0 0
2224| 0 0 0
2225| 0 0 0
2226| 0 0 0
2227| 0 0 0
2228| 0 0 0
2229| 0 0 0
2230| 0 0 0
2231| 0 0 0
2232| 0 0 0
2233| 0 0 0
2234| 0 0 0
2235| 0 0 0
2236| 0 0 0
2237| 0 0 0
2238| 0 0 0
2239| 0 0 0
2240| 0 0 0
2241| 0 0 0
2242| 0 0 0
2243| 0 0 0
2244| 0 0 0
2245| 0 0 0
2246| 0 0 0
2247| 0 0 0
2248| 0 0 0
2249| 0 0 0
2250| -0,3 0 0
2251| -0,6 0 0
2252| -0,9 0 0
2253| -1,2 0 0
2254| -1,5 0 0
2255| 0 0 0
2256| 0 0 0
2257| 0 0 0
2258| 0 0 0
2259| 0 0 0
2260| 0 0 0
2261| 0 0 0
2262| 0 0 0
2263| 0 0 0
2264| -0,3 0 0
2265| -0,6 0 0
2266| -0,9 0 0
2267| -1,2 0 0
2268| -1,5 0 0
2269| -1,8 0 0
2270| -2,1 0 0
2271| -2,4 0 0
2272| -2,7 0 0
2273| -3 0 0
2274| -3,299999 0 0
2275| -3,599999 0 0
2276| -3,899999 0 0
2277| -4,2 0 0
2278| -4,5 0 0
2279| -4,8 0 0
2280| -5,1 0 0
2281| -5,4 0 0
2282| -5,7 0 0
2283| -6 0 0
2284| -6,300001 0 0
2285| 0 0 0
2286| 0 0 0
2287| 0 0 0
2288| 0 0 0
2289| 0 0 0
2290| 0 0 0
2291| 0 0 0
2292| 0 0 0
2293| 0 0 0
2294| 0 0 0
2295| 0 0 0
2296| 0 0 0
2297| 0 0 0
2298| 0 0 0
2299| 0 0 0
2300| 0 0 0
2301| 0 0 0
2302| 0 0 0
2303| 0 4 0
2304| 0 8 0
2305| 0 12 0
2306| 0 16 0
2307| 0 20 0
2308| 0 24 0
2309| 0 28 0
2310| 0 32 0
2311| 0 36 0
2312| 0 40 0
2313| 0 43,99999 0
2314| 0 47,99999 0
2315| 0 51,99999 0
2316| 0 55,99999 0
2317| 0 60 0
2318| 0 64 0
2319| 0 68 0
2320| 0 72 0
2321| 0 76,00001 0
2322| 0 80,00001 0
2323| 0 84,00001 0
2324| 0 88,00002 0
2325| 0 92,00002 0
2326| 0 96,00002 0
2327| 0 100 0
2328| 0 104 0
2329| 0 108 0
2330| 0 112 0
2331| 0 116 0
2332| 0 120 0
2333| 0 124 0
2334| 0 128 0
2335| 0 132 0
2336| 0 136 0
2337| 0 140 0
2338| 0 144 0
2339| 0 148 0
2340| 0 152 0
2341| 0 156 0
2342| 0 0 0
2343| 0 0 0
2344| 0 0 0
2345| 0 0 0
2346| 0 0 0
2347| 0 0 0
2348| 0 0 0
2349| 0 0 0
2350| 0 0 0
2351| 0 0 0
2352| 0 0 0
2353| 0 0 0
2354| 0 0 0
2355| 0 0 0
2356| 0 4 0
2357| 0 8 0
2358| 0 12 0
2359| 0 16 0
2360| 0 20 0
2361| 0 24 0
2362| 0 28 0
2363| 0 32 0
2364| 0 36 0
2365| 0 40 0
2366| 0 43,99999 0
2367| 0 47,99999 0
2368| 0 51,99999 0
2369| 0 55,99999 0
2370| 0 60 0
2371| 0 64 0
2372| 0 68 0
2373| 0 72 0
2374| 0 76,00001 0
2375| 0 80,00001 0
2376| 0 84,00001 0
2377| 0 88,00002 0
2378| 0 92,00002 0
2379| 0 96,00002 0
2380| 0 100 0
2381| 0 104 0
2382| 0 108 0
2383| 0 112 0
2384| 0 116 0
2385| 0 120 0
2386| 0 124 0
2387| 0 128 0
2388| 0 132 0
2389| 0 136 0
2390| 0 140 0
2391| 0 144 0
2392| 0 148 0
2393| 0 152 0
2394| 0 156 0
2395| 0 160 0
2396| 0 164 0
2397| 0 168 0
2398| 0 171,9999 0
2399| 0 175,9999 0
2400| 0 179,9999 0
2401| 0 183,9999 0
2402| 0 187,9999 0
2403| 0 191,9999 0
2404| 0 195,9999 0
2405| 0 199,9999 0
2406| 0 0 0
2407| 0 0 0
2408| 0 0 0
2409| 0 0 0
2410| 0 0 0
2411| 0 0 0
2412| 0 0 0
2413| 0 0 0
2414| 0 0 0
2415| 0 0 0
2416| 0 0 0
2417| 0 0 0
2418| 0 0 0
2419| 0 0 0
2420| 0 0 0
2421| 0 0 0
2422| 0 0 0
2423| 0 0 0
2424| 0 0 0
2425| 0 0 0
2426| 0 0 0
2427| 0 0 0
2428| 0 0 0
2429| 0 0 0
2430| 0 0 0
2431| 0 0 0
2432| 0 0 0
2433| 0 0 0
2434| 0 0 0
2435| 0 0 0
2436| 0 0 0
2437| 0 0 0
2438| 0 0 0
2439| 0 0 0
2440| 0 4 0
2441| 0 8 0
2442| 0 12 0
2443| 0 16 0
2444| 0 20 0
2445| 0 24 0
2446| 0 28 0
2447| 0 32 0
2448| 0 36 0
2449| 0 40 0
2450| 0 43,99999 0
2451| 0 47,99999 0
2452| 0 51,99999 0
2453| 0 55,99999 0
2454| 0 60 0
2455| 0 64 0
2456| 0 68 0
2457| 0 72 0
2458| 0 76,00001 0
2459| 0 80,00001 0
2460| 0 84,00001 0
2461| 0 88,00002 0
2462| 0 92,00002 0
2463| 0 96,00002 0
2464| 0 100 0
2465| 0 104 0
2466| 0 108 0
2467| 0 112 0
2468| 0,3 116 0
2469| 0,6 120 0
2470| 0,9 124 0
2471| 1,2 128 0
2472| 1,2 132 0
2473| 1,2 136 0
2474| 1,2 140 0
2475| 1,2 144 0
2476| 1,2 148 0
2477| 1,2 152 0
2478| 1,2 156 0
2479| 1,2 160 0
2480| 1,2 164 0
2481| 1,2 168 0
2482| 1,2 171,9999 0
2483| 1,2 175,9999 0
2484| 1,2 179,9999 0
2485| 1,2 183,9999 0
2486| 1,2 187,9999 0
2487| 1,2 191,9999 0
2488| 1,2 195,9999 0
2489| 1,2 199,9999 0
2490| 1,2 203,9999 0
2491| 1,2 207,9999 0
2492| 1,2 211,9999 0
2493| 1,2 215,9999 0
2494| 1,2 219,9999 0
2495| 1,2 223,9999 0
2496| 1,2 227,9999 0
2497| 1,2 231,9999 0
2498| 1,2 235,9999 0
2499| 1,2 239,9999 0
2500| 1,2 243,9999 0
2501| 1,2 247,9999 0
2502| 1,2 251,9999 0
2503| 1,2 255,9999 0
2504| 1,2 259,9999 0
2505| 1,2 263,9999 0
2506| 1,2 267,9999 0
2507| 1,2 271,9998 0
2508| 1,2 275,9998 0
2509| 1,2 279,9998 0
2510| 1,2 283,9998 0
2511| 1,2 287,9998 0
2512| 1,2 291,9998 0
2513| 1,2 295,9998 0
2514| 1,2 299,9998 0
2515| 1,2 303,9998 0
2516| 1,2 307,9998 0
2517| 1,2 311,9998 0
2518| 1,2 315,9998 0
2519| 1,2 319,9998 0
2520| 1,2 323,9998 0
2521| 1,2 327,9998 0
2522| 1,2 331,9998 0
2523| 1,2 335,9998 0
2524| 1,2 339,9998 0
2525| 1,2 343,9998 0
2526| 0 0 0
2527| 0 0 0
2528| 0 0 0
2529| 0 0 0
2530| 0 0 0
2531| 0 0 0
2532| 0 0 0
2533| 0 4 0
2534| 0 8 0
2535| 0 12 0
2536| 0 16 0
2537| 0 20 0
2538| 0 24 0
2539| 0 28 0
2540| 0 32 0
2541| 0 36 0
2542| 0 40 0
2543| 0 43,99999 0
2544| 0 47,99999 0
2545| 0 51,99999 0
2546| 0 55,99999 0
2547| 0 60 0
2548| 0 64 0
2549| 0 68 0
2550| 0 72 0
2551| 0 76,00001 0
2552| 0 80,00001 0
2553| 0 84,00001 0
2554| 0 88,00002 0
2555| 0 92,00002 0
2556| 0 96,00002 0
2557| 0 100 0
2558| 0 104 0
2559| 0 108 0
2560| 0 112 0
2561| 0 116 0
2562| 0 120 0
2563| 0 124 0
2564| 0 128 0
2565| 0 132 0
2566| 0 136 0
2567| 0 140 0
2568| 0 144 0
2569| 0 148 0
2570| 0 152 0
2571| 0 156 0
2572| 0 160 0
2573| 0 164 0
2574| 0 168 0
2575| 0 171,9999 0
2576| 0 175,9999 0
2577| 0 179,9999 0
2578| 0 183,9999 0
2579| 0 187,9999 0
2580| 0 191,9999 0
2581| 0 195,9999 0
2582| 0 199,9999 0
2583| 0 203,9999 0
2584| 0 207,9999 0
2585| 0 211,9999 0
2586| 0 215,9999 0
2587| 0 219,9999 0
2588| 0 223,9999 0
2589| 0 227,9999 0
2590| 0 231,9999 0
2591| 0 235,9999 0
2592| 0 239,9999 0
2593| 0 243,9999 0
2594| 0 247,9999 0
2595| 0 251,9999 0
2596| 0 255,9999 0
2597| 0 259,9999 0
2598| 0 263,9999 0
2599| 0 267,9999 0
2600| 0 271,9998 0
2601| 0 275,9998 0
2602| 0 279,9998 0
2603| 0 283,9998 0
2604| 0 287,9998 0
2605| 0 291,9998 0
2606| 0 295,9998 0
2607| 0 299,9998 0
2608| 0 303,9998 0
2609| 0 307,9998 0
2610| 0 311,9998 0
2611| 0 315,9998 0
2612| 0 319,9998 0
2613| 0 323,9998 0
2614| 0 327,9998 0
2615| 0 331,9998 0
2616| 0 335,9998 0
2617| 0 339,9998 0
2618| 0 343,9998 0
2619| 0 347,9998 0
2620| 0,3 351,9998 0
2621| 0,6 355,9998 0
2622| 0,9 359,9998 0
2623| 1,2 363,9998 0
2624| 1,5 367,9998 0
2625| 1,8 371,9998 0
2626| 2,1 375,9998 0
2627| 2,4 379,9998 0
2628| 2,7 383,9998 0
2629| 3 387,9998 0
2630| 3,299999 391,9998 0
2631| 3,599999 395,9998 0
2632| 3,899999 399,9997 0
2633| 4,2 400 0
2634| 4,5 400 0
2635| 4,8 400 0
2636| 5,1 400 0
2637| 5,4 400 0
2638| 5,7 400 0
2639| 6 400 0
2640| 6,300001 400 0
2641| 6,600001 400 0
2642| 6,900001 400 0
2643| 7,200001 400 0
2644| 7,500001 400 0
2645| 7,800001 400 0
2646| 8,1 400 0
2647| 8,4 400 0
2648| 8,7 400 0
2649| 8,7 400 0
2650| 8,7 400 0
2651| 8,7 400 0
2652| 8,7 400 0
2653| 8,7 400 0
2654| 8,7 400 0
2655| 8,7 400 0
2656| 8,7 400 0
2657| 8,7 400 0
2658| 8,7 400 0
2659| 8,7 400 0
2660| 8,7 400 0
2661| 8,7 400 0
2662| 8,7 400 0
2663| 8,7 400 0
2664| 8,7 400 0
2665| 8,7 400 0
2666| 8,7 400 0
2667| 8,7 400 0
2668| 0 0 0
2669| 0 0 0
2670| 0 0 0
2671| 0 0 0
2672| 0 0 0
2673| 0 0 0
2674| 0 0 0
2675| 0 0 0
2676| 0 0 0
2677| 0 0 0
2678| 0 0 0
2679| 0 0 0
2680| 0 0 0
2681| 0 0 0
2682| 0 0 0
2683| 0 0 0
2684| 0 0 0
2685| 0 0 0
2686| 0 0 0
2687| 0 0 0
2688| 0 -4 0
2689| 0 -8 0
2690| 0 -12 0
2691| 0 -16 0
2692| 0 -20 0
2693| 0 -24 0
2694| 0 -28 0
2695| 0 -32 0
2696| 0 -36 0
2697| 0 -40 0
2698| 0,3 -43,99999 0
2699| 0,6 -47,99999 0
2700| 0,9 -51,99999 0
2701| 1,2 -55,99999 0
2702| 1,5 -60 0
2703| 1,8 -64 0
2704| 2,1 -68 0
2705| 2,4 -72 0
2706| 2,7 -76,00001 0
2707| 3 -80,00001 0
2708| 3,299999 -84,00001 0
2709| 3,599999 -88,00002 0
2710| 3,899999 -92,00002 0
2711| 4,2 -96,00002 0
2712| 4,5 -100 0
2713| 4,8 -100 0
2714| 5,1 -100 0
2715| 5,4 -100 0
2716| 5,7 -100 0
2717| 6 -100 0
2718| 6,300001 -100 0
2719| 6,600001 -100 0
2720| 6,900001 -100 0
2721| 7,200001 -100 0
2722| 7,500001 -100 0
2723| 7,800001 -100 0
2724| 8,1 -100 0
2725| 8,4 -100 0
2726| 8,7 -100 0
2727| 8,999999 -100 0
2728| 9,299999 -100 0
2729| 9,599998 -100 0
2730| 9,899999 -100 0
2731| 10,2 -100 0
2732| 0 0 0
2733| 0 0 0
2734| 0 0 0
2735| 0 0 0
2736| 0 0 0
2737| 0 0 0
2738| 0 0 0
2739| 0 0 0
2740| 0 0 0
2741| 0 0 0
2742| 0 0 0
2743| 0 0 0
2744| 0 0 0
2745| 0 0 0
2746| 0 0 0
2747| 0 0 0
2748| 0 0 0
2749| 0 0 0
2750| 0 0 0
2751| 0 0 0
2752| 0 0 0
2753| 0 0 0
2754| 0 0 0
2755| 0 0 0
2756| 0 0 0
2757| 0 0 0
2758| 0 0 0
2759| 0 0 0
2760| 0 0 0
2761| 0 0 0
2762| 0 0 0
2763| 0 0 0
2764| 0 0 0
2765| 0 0 0
2766| 0 0 0
2767| 0 0 0
2768| 0 0 0
2769| 0 0 0
2770| 0 0 0
2771| 0 0 0
2772| 0 4 0
2773| 0 8 0
2774| 0 12 0
2775| 0 16 0
2776| 0 20 0
2777| 0 24 0
2778| 0 28 0
2779| 0 32 0
2780| 0 36 0
2781| 0 40 0
2782| 0 43,99999 0
2783| 0 47,99999 0
2784| 0 51,99999 0
2785| 0 55,99999 0
2786| 0 60 0
2787| 0 64 0
2788| 0 68 0
2789| 0 72 0
2790| 0 76,00001 0
2791| 0 80,00001 0
2792| 0 84,00001 0
2793| 0 88,00002 0
2794| 0 92,00002 0
2795| 0 96,00002 0
2796| 0 100 0
2797| 0 104 0
2798| 0 108 0
2799| 0 112 0
2800| 0 116 0
2801| 0 120 0
2802| 0 124 0
2803| 0 128 0
2804| 0 132 0
2805| 0 136 0
2806| 0 140 0
2807| 0 144 0
2808| 0,3 148 0
2809| 0,6 152 0
2810| 0,9 156 0
2811| 1,2 160 0
2812| 1,5 164 0
2813| 1,8 168 0
2814| 2,1 171,9999 0
2815| 2,4 175,9999 0
2816| 2,7 179,9999 0
2817| 3 183,9999 0
2818| 3,299999 187,9999 0
2819| 3,599999 191,9999 0
2820| 3,899999 195,9999 0
2821| 4,2 199,9999 0
2822| 4,2 203,9999 0
2823| 4,2 207,9999 0
2824| 4,2 211,9999 0
2825| 4,2 215,9999 0
2826| 4,2 219,9999 0
2827| 4,2 223,9999 0
2828| 4,2 227,9999 0
2829| 4,2 231,9999 0
2830| 4,2 235,9999 0
2831| 4,2 239,9999 0
2832| 4,2 243,9999 0
2833| 4,2 247,9999 0
2834| 4,5 251,9999 0
2835| 4,8 255,9999 0
2836| 5,1 259,9999 0
2837| 5,1 263,9999 0
2838| 5,1 267,9999 0
2839| 5,1 271,9998 0
2840| 5,1 275,9998 0
2841| 5,1 279,9998 0
2842| 5,1 283,9998 0
2843| 5,1 287,9998 0
2844| 5,1 291,9998 0
2845| 5,1 295,9998 0
2846| 5,1 299,9998 0
2847| 5,1 303,9998 0
2848| 5,1 307,9998 0
2849| 5,1 311,9998 0
2850| 5,1 315,9998 0
2851| 5,1 319,9998 0
2852| 5,1 323,9998 0
2853| 5,1 327,9998 0
2854| 5,1 331,9998 0
2855| 5,1 335,9998 0
2856| 5,1 339,9998 0
2857| 5,1 343,9998 0
2858| 5,1 347,9998 0
2859| 5,1 351,9998 0
2860| 5,1 355,9998 0
2861| 5,1 359,9998 0
2862| 0 363,9998 0
2863| -0,3 367,9998 0
2864| -0,6 371,9998 0
2865| -0,9 375,9998 0
2866| -1,2 379,9998 0
2867| -1,2 383,9998 0
2868| -1,2 387,9998 0
2869| -1,2 391,9998 0
2870| -1,2 395,9998 0
2871| -1,2 399,9997 0
2872| -1,2 400 0
2873| -1,2 400 0
2874| -1,2 400 0
2875| -1,2 400 0
2876| -1,2 400 0
2877| -1,2 400 0
2878| -1,2 400 0
2879| -1,2 400 0
2880| -1,2 400 0
2881| -1,2 400 0
2882| -1,2 400 0
2883| -1,2 400 0
2884| -1,2 400 0
2885| -1,2 400 0
2886| -1,2 400 0
2887| -1,2 400 0
2888| 0 400 0
2889| 0,3 400 0
2890| 0,6 400 0
2891| 0,9 400 0
2892| 1,2 400 0
2893| 1,5 400 0
2894| 1,8 400 0
2895| 1,8 400 0
2896| 1,8 400 0
2897| 1,8 400 0
2898| 1,8 400 0
2899| 1,8 400 0
2900| 1,8 400 0
2901| 1,8 400 0
2902| 1,8 400 0
2903| 1,8 400 0
2904| 1,8 400 0
2905| 1,8 400 0
2906| 1,8 400 0
2907| 1,8 400 0
2908| 1,8 400 0
2909| 1,8 400 0
2910| 1,8 400 0
2911| 1,8 400 0
2912| 1,8 400 0
2913| 1,8 400 0
2914| 1,8 400 0
2915| 1,8 400 0
2916| 1,8 400 0
2917| 1,8 400 0
2918| 1,8 400 0
2919| 1,8 400 0
2920| 1,8 400 0
2921| 1,8 400 0
2922| 1,8 400 0
2923| 1,8 400 0
2924| 1,8 400 0
2925| 1,8 400 0
2926| 1,8 400 0
2927| 1,8 400 0
2928| 1,8 400 0
2929| 1,8 400 0
2930| 1,8 400 0
2931| 1,8 400 0
2932| 1,8 400 0
2933| 1,8 400 0
2934| 1,8 400 0
2935| 1,8 400 0
2936| 1,8 400 0
2937| 1,8 400 0
2938| 1,8 400 0
2939| 1,8 400 0
2940| 1,8 400 0
2941| 1,8 400 0
2942| 1,8 400 0
2943| 1,8 400 0
2944| 1,8 400 0
2945| 1,8 400 0
2946| 1,8 400 0
2947| 1,8 400 0
2948| 1,8 400 0
2949| 1,8 400 0
2950| 1,8 400 0
2951| 1,8 400 0
2952| 1,8 400 0
2953| 1,8 400 0
2954| 1,8 400 0
2955| 1,8 400 0
2956| 1,8 400 0
2957| 1,8 400 0
2958| 1,8 400 0
2959| 0 400 0
2960| -0,3 400 0
2961| -0,6 400 0
2962| -0,9 400 0
2963| -1,2 400 0
2964| -1,5 400 0
2965| -1,8 400 0
2966| -1,8 400 0
2967| -1,8 400 0
2968| -1,8 400 0
2969| -1,8 400 0
2970| -1,8 400 0
2971| -1,8 400 0
2972| -1,8 400 0
2973| -1,8 400 0
2974| 0 0 0
2975| 0 0 0
2976| 0 0 0
2977| 0 0 0
2978| 0 0 0
2979| 0 0 0
2980| 0 0 0
2981| 0 0 0
2982| 0 0 0
2983| 0 0 0
2984| 0 0 0
2985| 0 0 0
2986| 0 0 0
2987| 0 0 0
2988| 0 0 0
2989| 0 4 0
2990| 0 8 0
2991| 0 12 0
2992| 0 16 0
2993| 0 20 0
2994| 0 24 0
2995| 0 28 0
2996| 0 32 0
2997| 0 36 0
2998| 0 40 0
2999| 0 43,99999 0
3000| 0 47,99999 0
3001| 0 51,99999 0
3002| 0 55,99999 0
3003| 0 60 0
3004| 0 64 0
3005| 0,3 68 0
3006| 0,6 72 0
3007| 0,6 76,00001 0
3008| 0,6 80,00001 0
3009| 0,6 84,00001 0
3010| 0,6 88,00002 0
3011| 0,6 92,00002 0
3012| 0,6 96,00002 0
3013| 0,6 100 0
3014| 0,6 104 0
3015| 0,6 108 0
3016| 0,6 112 0
3017| 0,6 116 0
3018| 0,6 120 0
3019| 0,6 124 0
3020| 0,6 128 0
3021| 0,6 132 0
3022| 0,6 136 0
3023| 0,6 140 0
3024| 0,6 144 0
3025| 0,6 148 0
3026| 0,6 152 0
3027| 0,6 156 0
3028| 0,6 160 0
3029| 0,6 164 0
3030| 0,6 168 0
3031| 0,6 171,9999 0
3032| 0,9 175,9999 0
3033| 1,2 179,9999 0
3034| 1,5 183,9999 0
3035| 1,8 187,9999 0
3036| 2,1 191,9999 0
3037| 2,4 195,9999 0
3038| 2,7 199,9999 0
3039| 3 203,9999 0
3040| 3 207,9999 0
3041| 3 211,9999 0
3042| 3 215,9999 0
3043| 3 219,9999 0
3044| 3 223,9999 0
3045| 3 227,9999 0
3046| 3 231,9999 0
3047| 3 235,9999 0
3048| 3 239,9999 0
3049| 3 243,9999 0
3050| 3 247,9999 0
3051| 3 251,9999 0
3052| 3 255,9999 0
3053| 3 259,9999 0
3054| 3 263,9999 0
3055| 3 267,9999 0
3056| 3 271,9998 0
3057| 3 275,9998 0
3058| 3 279,9998 0
3059| 3 283,9998 0
3060| 3 287,9998 0
3061| 3 291,9998 0
3062| 3 295,9998 0
3063| 3 299,9998 0
3064| 3 303,9998 0
3065| 3 307,9998 0
3066| 3 311,9998 0
3067| 3 315,9998 0
3068| 3 319,9998 0
3069| 3 323,9998 0
3070| 3 327,9998 0
3071| 3 331,9998 0
3072| 0 335,9998 0
3073| -0,3 339,9998 0
3074| -0,6 343,9998 0
3075| -0,9 347,9998 0
3076| -1,2 351,9998 0
3077| -1,5 355,9998 0
3078| -1,8 359,9998 0
3079| -1,8 363,9998 0
3080| -1,8 367,9998 0
3081| -1,8 371,9998 0
3082| -1,8 375,9998 0
3083| -1,8 379,9998 0
3084| -1,8 383,9998 0
3085| -1,8 387,9998 0
3086| -1,8 391,9998 0
3087| -1,8 395,9998 0
3088| -1,8 399,9997 0
3089| -1,8 400 0
3090| -1,8 400 0
3091| -1,8 400 0
3092| -1,8 400 0
3093| -1,8 400 0
3094| -1,8 400 0
3095| -1,8 400 0
3096| -1,8 400 0
3097| -1,8 400 0
3098| -1,8 400 0
3099| -1,8 400 0
3100| -1,8 400 0
3101| -1,8 400 0
3102| -1,8 400 0
3103| -1,8 400 0
3104| 0 400 0
3105| 0,3 400 0
3106| 0,6 400 0
3107| 0,9 400 0
3108| 1,2 400 0
3109| 1,5 400 0
3110| 1,5 400 0
3111| 1,5 400 0
3112| 1,5 400 0
3113| 1,5 400 0
3114| 1,5 400 0
3115| 1,5 400 0
3116| 1,5 400 0
3117| 1,5 400 0
3118| 1,5 400 0
3119| 1,5 400 0
3120| 1,5 400 0
3121| 1,5 400 0
3122| 1,5 400 0
3123| 1,5 400 0
3124| 1,5 400 0
3125| 1,5 400 0
3126| 1,5 400 0
3127| 1,5 400 0
3128| 1,5 400 0
3129| 1,5 400 0
3130| 1,5 400 0
3131| 1,5 400 0
3132| 1,5 400 0
3133| 1,5 400 0
3134| 1,5 400 0
3135| 1,5 400 0
3136| 1,5 400 0
3137| 1,5 400 0
3138| 1,5 400 0
3139| 1,5 400 0
3140| 1,5 400 0
3141| 1,5 400 0
3142| 1,5 400 0
3143| 1,5 400 0
3144| 1,5 400 0
3145| 1,5 400 0
3146| 1,5 400 0
3147| 1,5 400 0
3148| 1,5 400 0
3149| 1,5 400 0
3150| 1,5 400 0
3151| 1,5 400 0
3152| 1,5 400 0
3153| 1,5 400 0
3154| 1,5 400 0
3155| 1,5 400 0
3156| 1,5 400 0
3157| 1,5 400 0
3158| 1,5 400 0
3159| 1,5 400 0
3160| 1,5 400 0
3161| 1,5 400 0
3162| 1,5 400 0
3163| 1,5 400 0
3164| 1,5 400 0
3165| 1,5 400 0
3166| 1,5 400 0
3167| 1,5 400 0
3168| 1,5 400 0
3169| 1,5 400 0
3170| 1,5 400 0
3171| 1,5 400 0
3172| 1,5 400 0
3173| 1,5 400 0
3174| 1,5 400 0
3175| 1,5 400 0
3176| 0 400 0
3177| -0,3 400 0
3178| -0,6 400 0
3179| -0,6 400 0
3180| -0,6 400 0
3181| -0,6 400 0
3182| -0,6 400 0
3183| -0,6 400 0
3184| -0,6 400 0
3185| -0,6 400 0
3186| -0,6 400 0
3187| -0,6 400 0
3188| -0,6 400 0
3189| -0,6 400 0
3190| -0,6 400 0
3191| -0,6 400 0
3192| -0,6 400 0
3193| -0,6 400 0
3194| -0,6 400 0
3195| -0,6 400 0
3196| -0,6 400 0
3197| -0,6 400 0
3198| -0,6 400 0
3199| -0,6 400 0
3200| -0,6 400 0
3201| -0,6 400 0
3202| -0,6 400 0
3203| -0,6 400 0
3204| -0,6 400 0
3205| -0,6 400 0
3206| -0,6 400 0
3207| -0,6 400 0
3208| -0,6 400 0
3209| -0,6 400 0
3210| -0,6 400 0
3211| -0,6 400 0
3212| -0,6 400 0
3213| -0,6 400 0
3214| -0,6 400 0
3215| -0,6 400 0
3216| -0,6 400 0
3217| -0,6 400 0
3218| -0,6 400 0
3219| -0,6 400 0
3220| -0,6 400 0
3221| -0,6 400 0
3222| 0 400 0
3223| 0,3 400 0
3224| 0,6 400 0
3225| 0,9 400 0
3226| 1,2 400 0
3227| 1,5 400 0
3228| 1,8 400 0
3229| 2,1 400 0
3230| 2,4 400 0
3231| 2,7 400 0
3232| 3 400 0
3233| 3 400 0
3234| 3 400 0
3235| 3 400 0
3236| 3 400 0
3237| 3 400 0
3238| 3 400 0
3239| 3 400 0
3240| 3 400 0
3241| 3 400 0
3242| 3 400 0
3243| 3 400 0
3244| 3 400 0
3245| 3 400 0
3246| 3 400 0
3247| 3 400 0
3248| 3 400 0
3249| 3 400 0
3250| 3 400 0
3251| 3 400 0
3252| 3 400 0
3253| 3 400 0
3254| 3 400 0
3255| 3 400 0
3256| 3 400 0
3257| 3 400 0
3258| 3 400 0
3259| 3 400 0
3260| 3 400 0
3261| 3 400 0
3262| 3 400 0
3263| 3 400 0
3264| 3 400 0
3265| 3 400 0
3266| 3 400 0
3267| 3 400 0
3268| 3 400 0
3269| 3 400 0
3270| 3 400 0
3271| 3 400 0
3272| 3 400 0
3273| 3 400 0
3274| 3 400 0
3275| 3 400 0
3276| 3 400 0
3277| 3 400 0
3278| 3 400 0
3279| 3 400 0
3280| 3 400 0
3281| 3 400 0
3282| 3 400 0
3283| 3 400 0
3284| 3 400 0
3285| 3 400 0
3286| 3 400 0
3287| 3 400 0
3288| 3 400 0
3289| 3 400 0
3290| 3 400 0
3291| 3 400 0
3292| 3 400 0
3293| 3 400 0
3294| 3 400 0
3295| 3 400 0
3296| 3 400 0
3297| 0 400 0
3298| -0,3 400 0
3299| -0,6 400 0
3300| -0,9 400 0
3301| -1,2 400 0
3302| -1,5 400 0
3303| -1,8 400 0
3304| -2,1 400 0
3305| -2,1 400 0
3306| -2,1 400 0
3307| -2,1 400 0
3308| -2,1 400 0
3309| -2,1 400 0
3310| -2,1 400 0
3311| -2,1 400 0
3312| -2,1 400 0
3313| -2,1 400 0
3314| -2,1 400 0
3315| -2,1 400 0
3316| -2,1 400 0
3317| -2,1 400 0
3318| -2,1 400 0
3319| -2,1 400 0
3320| -2,1 400 0
3321| -2,1 400 0
3322| -2,1 400 0
3323| -2,1 400 0
3324| -2,1 400 0
3325| -2,1 400 0
3326| -2,1 400 0
3327| -2,1 400 0
3328| -2,1 400 0
3329| -2,1 400 0
3330| -2,1 400 0
3331| -2,1 400 0
3332| -2,1 400 0
3333| -2,1 400 0
3334| -2,1 400 0
3335| -2,1 400 0
3336| -2,1 400 0
3337| -2,1 400 0
3338| 0 400 0
3339| 0,3 400 0
3340| 0,6 400 0
3341| 0,9 400 0
3342| 0,9 400 0
3343| 0,9 400 0
3344| 0,9 400 0
3345| 0,9 400 0
3346| 0,9 400 0
3347| 0,9 400 0
3348| 0,9 400 0
3349| 0,9 400 0
3350| 0,9 400 0
3351| 0,9 400 0
3352| 0,9 400 0
3353| 0,9 400 0
3354| 0,9 400 0
3355| 0,9 400 0
3356| 0,9 400 0
3357| 0,9 400 0
3358| 0,9 400 0
3359| 0,9 400 0
3360| 0,9 400 0
3361| 0,9 400 0
3362| 0,9 400 0
3363| 0,9 400 0
3364| 0,9 400 0
3365| 0,9 400 0
3366| 0,9 400 0
3367| 0,9 400 0
3368| 0,9 400 0
3369| 0,9 400 0
3370| 0,9 400 0
3371| 0,9 400 0
3372| 0,9 400 0
3373| 0,9 400 0
3374| 0,9 400 0
3375| 0,9 400 0
3376| 0,9 400 0
3377| 0,9 400 0
3378| 0,9 400 0
3379| 0,9 400 0
3380| 0,9 400 0
3381| 0,9 400 0
3382| 0,9 400 0
3383| 0,9 400 0
3384| 0,9 400 0
3385| 0,9 400 0
3386| 0,9 400 0
3387| 0,9 400 0
3388| 0,9 400 0
3389| 0,9 400 0
3390| 0,9 400 0
3391| 0,9 400 0
3392| 0,9 400 0
3393| 0,9 400 0
3394| 0,9 400 0
3395| 0,9 400 0
3396| 0,9 400 0
3397| 0,9 400 0
3398| 0,9 400 0
3399| 0,9 400 0
3400| 0,9 400 0
3401| 0,9 400 0
3402| 0,9 400 0
3403| 0,9 400 0
3404| 0,9 400 0
3405| 0,9 400 0
3406| 0,9 400 0
3407| 0,9 400 0
3408| 0,9 400 0
3409| 0,9 400 0
3410| 0,9 400 0
3411| 0,9 400 0
3412| 0,9 400 0
3413| 0,9 400 0
3414| 0,9 400 0
3415| 0,9 400 0
3416| 0,9 400 0
3417| 0,9 400 0
3418| 0,9 400 0
3419| 0,9 400 0
3420| 0,9 400 0
3421| 0,9 400 0
3422| 0,9 400 0
3423| 0,9 400 0
3424| 0,9 400 0
3425| 0,9 400 0
3426| 0,9 400 0
3427| 0,9 400 0
3428| 0,9 400 0
3429| 0,9 400 0
3430| 0,9 400 0
3431| 0,9 400 0
3432| 0,9 400 0
3433| 0,9 400 0
3434| 0,9 400 0
3435| 0,9 400 0
3436| 0,9 400 0
3437| 0,9 400 0
3438| 0,9 400 0
3439| 0,9 400 0
3440| 0,9 400 0
3441| 0,9 400 0
3442| 0,9 400 0
3443| 0,9 400 0
3444| 0,9 400 0
3445| 0,9 400 0
3446| 0,9 400 0
3447| 0,9 400 0
3448| 0,9 400 0
3449| 0,9 400 0
3450| 0,9 400 0
3451| 0,9 400 0
3452| 0,9 400 0
3453| 0,9 400 0
3454| 0,9 400 0
3455| 0,9 400 0
3456| 0,9 400 0
3457| 0,9 400 0
3458| 0,9 400 0
3459| 0,9 400 0
3460| 0,9 400 0
3461| 0,9 400 0
3462| 0,9 400 0
3463| 0,9 400 0
3464| 0,9 400 0
3465| 0,9 400 0
3466| 0,9 400 0
3467| 0,9 400 0
3468| 0,9 400 0
3469| 0,9 400 0
3470| 0,9 400 0
3471| 0,9 400 0
3472| 0,9 400 0
3473| 0,9 400 0
3474| 0,9 400 0
3475| 0,9 400 0
3476| 0,9 400 0
3477| 0,9 400 0
3478| 0,9 400 0
3479| 0,9 400 0
3480| 0,9 400 0
3481| 0,9 400 0
3482| 0,9 400 0
3483| 0,9 400 0
3484| 0,9 400 0
3485| 0,9 400 0
3486| 0,9 400 0
3487| 0 400 0
3488| -0,3 400 0
3489| -0,6 400 0
3490| -0,9 400 0
3491| -0,9 400 0
3492| -0,9 400 0
3493| -0,9 400 0
3494| -0,9 400 0
3495| -0,9 400 0
3496| -0,9 400 0
3497| -0,9 400 0
3498| -0,9 400 0
3499| -0,9 400 0
3500| -0,9 400 0
3501| -0,9 400 0
3502| -0,9 400 0
3503| -0,9 400 0
3504| -0,9 400 0
3505| -0,9 400 0
3506| -0,9 400 0
3507| -0,9 400 0
3508| -0,9 400 0
3509| -0,9 400 0
3510| -0,9 400 0
3511| -0,9 400 0
3512| -0,9 400 0
3513| -0,9 400 0
3514| -0,9 400 0
3515| -0,9 400 0
3516| -0,9 400 0
3517| -0,9 400 0
3518| -0,9 400 0
3519| -0,9 400 0
3520| -0,9 400 0
3521| -0,9 400 0
3522| -0,9 400 0
3523| -0,9 400 0
3524| -0,9 400 0
3525| -0,9 400 0
3526| -0,9 400 0
3527| -0,9 400 0
3528| -0,9 400 0
3529| -0,9 400 0
3530| -0,9 400 0
3531| -0,9 400 0
3532| -0,9 400 0
3533| -0,9 400 0
3534| -0,9 400 0
3535| -0,9 400 0
3536| -0,9 400 0
3537| -0,9 400 0
3538| -0,9 400 0
3539| -0,9 400 0
3540| -0,9 400 0
3541| -0,9 400 0
3542| -0,9 400 0
3543| -0,9 400 0
3544| -0,9 400 0
3545| -0,9 400 0
3546| -0,9 400 0
3547| -0,9 400 0
3548| 0 400 0
3549| 0,3 400 0
3550| 0,6 400 0
3551| 0,6 400 0
3552| 0,6 400 0
3553| 0,6 400 0
3554| 0,6 400 0
3555| 0,6 400 0
3556| 0,6 400 0
3557| 0,6 400 0
3558| 0,6 400 0
3559| 0,6 400 0
3560| 0,6 400 0
3561| 0,6 400 0
3562| 0,6 400 0
3563| 0,6 400 0
3564| 0,6 400 0
3565| 0,6 400 0
3566| 0,6 400 0
3567| 0,6 400 0
3568| 0,6 400 0
3569| 0,6 400 0
3570| 0,6 400 0
3571| 0,6 400 0
3572| 0,6 400 0
3573| 0,6 400 0
3574| 0,6 400 0
3575| 0,6 400 0
3576| 0,6 400 0
3577| 0,6 400 0
3578| 0,6 400 0
3579| 0,6 400 0
3580| 0,6 400 0
3581| 0,6 400 0
3582| 0,6 400 0
3583| 0,6 400 0
3584| 0,6 400 0
3585| 0,6 400 0
3586| 0,6 400 0
3587| 0,6 400 0
3588| 0 400 0
3589| -0,3 400 0
3590| -0,6 400 0
3591| -0,9 400 0
3592| -1,2 400 0
3593| -1,5 400 0
3594| -1,8 400 0
3595| -2,1 400 0
3596| -2,4 400 0
3597| -2,7 400 0
3598| -3 400 0
3599| -3,299999 400 0
3600| -3,599999 400 0
3601| -3,599999 400 0
3602| -3,599999 400 0
3603| -3,599999 400 0
3604| -3,599999 400 0
3605| -3,599999 400 0
3606| -3,599999 400 0
3607| -3,899999 400 0
3608| -4,2 400 0
3609| -4,5 400 0
3610| -4,8 400 0
3611| -5,1 400 0
3612| -5,4 400 0
3613| -5,4 400 0
3614| -5,4 400 0
3615| -5,4 400 0
3616| -5,4 400 0
3617| -5,4 400 0
3618| -5,4 400 0
3619| -5,4 400 0
3620| -5,4 400 0
3621| -5,4 400 0
3622| -5,4 400 0
3623| -5,4 400 0
3624| -5,4 400 0
3625| -5,4 400 0
3626| -5,4 400 0
3627| -5,4 400 0
3628| -5,4 400 0
3629| -5,7 400 0
3630| -5,7 400 0
3631| -5,7 400 0
3632| -5,7 400 0
3633| -5,7 400 0
3634| -5,7 400 0
3635| -5,7 400 0
3636| -5,7 400 0
3637| -5,7 400 0
3638| -5,7 400 0
3639| -5,7 400 0
3640| -5,7 400 0
3641| -5,7 400 0
3642| -5,7 400 0
3643| -5,7 400 0
3644| -5,7 400 0
3645| -5,7 400 0
3646| 0 400 0
3647| 0,3 400 0
3648| 0,6 400 0
3649| 0,9 400 0
3650| 0,9 400 0
3651| 0,9 400 0
3652| 0,9 400 0
3653| 0,9 400 0
3654| 0,9 400 0
3655| 0,9 400 0
3656| 0,9 400 0
3657| 0,9 400 0
3658| 0,9 400 0
3659| 1,2 400 0
3660| 1,5 400 0
3661| 1,8 400 0
3662| 2,1 400 0
3663| 2,4 400 0
3664| 2,7 400 0
3665| 3 400 0
3666| 3,299999 400 0
3667| 3,599999 400 0
3668| 3,899999 400 0
3669| 4,2 400 0
3670| 4,5 400 0
3671| 4,8 400 0
3672| 5,1 400 0
3673| 5,4 400 0
3674| 5,7 400 0
3675| 6 400 0
3676| 6,300001 400 0
3677| 6,600001 400 0
3678| 6,900001 400 0
3679| 6,900001 400 0
3680| 6,900001 400 0
3681| 6,900001 400 0
3682| 6,900001 400 0
3683| 6,900001 400 0
3684| 6,900001 400 0
3685| 6,900001 400 0
3686| 6,900001 400 0
3687| 6,900001 400 0
3688| 6,900001 400 0
3689| 6,900001 400 0
3690| 6,900001 400 0
3691| 6,900001 400 0
3692| 7,200001 400 0
3693| 7,500001 400 0
3694| 7,800001 400 0
3695| 8,1 400 0
3696| 8,4 400 0
3697| 8,7 400 0
3698| 8,999999 400 0
3699| 9,299999 400 0
3700| 9,599998 400 0
3701| 9,899999 400 0
3702| 10,2 400 0
3703| 10,5 400 0
3704| 10,8 400 0
3705| 11,1 400 0
3706| 11,4 400 0
3707| 11,4 400 0
3708| 11,4 400 0
3709| 11,4 400 0
3710| 11,4 400 0
3711| 11,4 400 0
3712| 11,4 400 0
3713| 11,4 400 0
3714| 11,4 400 0
3715| 11,4 400 0
3716| 11,4 400 0
3717| 11,4 400 0
3718| 11,4 400 0
3719| 11,4 400 0
3720| 11,4 400 0
3721| 11,4 400 0
3722| 11,4 400 0
3723| 11,4 400 0
3724| 11,4 400 0
3725| 11,4 400 0
3726| 11,4 400 0
3727| 11,4 400 0
3728| 11,4 400 0
3729| 11,4 400 0
3730| 11,4 400 0
3731| 11,4 400 0
3732| 11,7 400 0
3733| 12 400 0
3734| 12,3 400 0
3735| 12,6 400 0
3736| 12,9 400 0
3737| 12,9 400 0
3738| 12,9 400 0
3739| 12,9 400 0
3740| 12,9 400 0
3741| 12,9 400 0
3742| 12,9 400 0
3743| 12,9 400 0
3744| 12,9 400 0
3745| 12,9 400 0
3746| 12,9 400 0
3747| 12,9 400 0
3748| 12,9 400 0
3749| 12,9 400 0
3750| 12,9 400 0
3751| 12,9 400 0
3752| 12,9 400 0
3753| 12,9 400 0
3754| 12,9 400 0
3755| 12,9 400 0
3756| 12,9 400 0
3757| 12,9 400 0
3758| 12,9 400 0
3759| 12,9 400 0
3760| 12,9 400 0
3761| 12,9 400 0
3762| 12,9 400 0
3763| 12,9 400 0
3764| 12,9 400 0
3765| 12,9 400 0
3766| 12,9 400 0
3767| 12,9 400 0
3768| 12,9 400 0
3769| 12,9 400 0
3770| 0 400 0
3771| -0,3 400 0
3772| -0,6 400 0
3773| -0,9 400 0
3774| -1,2 400 0
3775| -1,5 400 0
3776| -1,8 400 0
3777| -2,1 400 0
3778| -2,1 400 0
3779| -2,1 400 0
3780| -2,1 400 0
3781| -2,1 400 0
3782| -2,1 400 0
3783| -2,1 400 0
3784| -2,1 400 0
3785| -2,1 400 0
3786| -2,1 400 0
3787| -2,4 400 0
3788| -2,7 400 0
3789| -3 400 0
3790| -3,299999 400 0
3791| -3,599999 400 0
3792| -3,899999 400 0
3793| -4,2 400 0
3794| -4,5 400 0
3795| -4,8 400 0
3796| -4,8 400 0
3797| -4,8 400 0
3798| -4,8 400 0
3799| -4,8 400 0
3800| -4,8 400 0
3801| -4,8 400 0
3802| -4,8 400 0
3803| -4,8 400 0
3804| -4,8 400 0
3805| -5,1 400 0
3806| -5,4 400 0
3807| -5,7 400 0
3808| -6 400 0
3809| -6,300001 400 0
3810| -6,300001 400 0
3811| -6,300001 400 0
3812| -6,300001 400 0
3813| -6,300001 400 0
3814| -6,300001 400 0
3815| -6,300001 400 0
3816| -6,300001 400 0
3817| -6,300001 400 0
3818| -6,300001 400 0
3819| -6,300001 400 0
3820| -6,300001 400 0
3821| -6,300001 400 0
3822| -6,300001 400 0
3823| -6,300001 400 0
3824| -6,300001 400 0
3825| -6,300001 400 0
3826| -6,300001 400 0
3827| -6,300001 400 0
3828| -6,600001 400 0
3829| -6,900001 400 0
3830| -7,200001 400 0
3831| -7,500001 400 0
3832| -7,500001 400 0
3833| -7,500001 400 0
3834| -7,500001 400 0
3835| -7,500001 400 0
3836| -7,500001 400 0
3837| -7,500001 400 0
3838| -7,500001 400 0
3839| -7,500001 400 0
3840| -7,500001 400 0
3841| -7,500001 400 0
3842| -7,500001 400 0
3843| -7,500001 400 0
3844| -7,500001 400 0
3845| -7,500001 400 0
3846| -7,500001 400 0
3847| -7,500001 400 0
3848| -7,500001 400 0
3849| -7,500001 400 0
3850| -7,500001 400 0
3851| -7,500001 400 0
3852| -7,500001 400 0
3853| -7,500001 400 0
3854| -7,500001 400 0
3855| -7,500001 400 0
3856| -7,500001 400 0
3857| -7,500001 400 0
3858| -7,500001 400 0
3859| -7,500001 400 0
3860| -7,500001 400 0
3861| 0 400 0
3862| 0,3 400 0
3863| 0,6 400 0
3864| 0,9 400 0
3865| 1,2 400 0
3866| 1,5 400 0
3867| 1,8 400 0
3868| 2,1 400 0
3869| 2,4 400 0
3870| 2,7 400 0
3871| 3 400 0
3872| 3,299999 400 0
3873| 3,299999 400 0
3874| 3,299999 400 0
3875| 3,299999 400 0
3876| 3,299999 400 0
3877| 3,299999 400 0
3878| 3,299999 400 0
3879| 3,299999 400 0
3880| 3,299999 400 0
3881| 3,299999 400 0
3882| 3,299999 400 0
3883| 3,299999 400 0
3884| 3,599999 400 0
3885| 3,899999 400 0
3886| 4,2 400 0
3887| 4,5 400 0
3888| 4,8 400 0
3889| 5,1 400 0
3890| 5,4 400 0
3891| 5,7 400 0
3892| 6 400 0
3893| 6,300001 400 0
3894| 6,600001 400 0
3895| 6,900001 400 0
3896| 7,200001 400 0
3897| 7,500001 400 0
3898| 7,800001 400 0
3899| 8,1 400 0
3900| 8,1 400 0
3901| 8,1 400 0
3902| 8,1 400 0
3903| 8,1 400 0
3904| 8,1 400 0
3905| 8,1 400 0
3906| 8,1 400 0
3907| 8,1 400 0
3908| 8,1 400 0
3909| 8,1 400 0
3910| 8,1 400 0
3911| 8,1 400 0
3912| 8,1 400 0
3913| 8,1 400 0
3914| 8,1 400 0
3915| 8,1 400 0
3916| 8,1 400 0
3917| 8,1 400 0
3918| 0 400 0
3919| -0,3 400 0
3920| -0,6 400 0
3921| -0,9 400 0
3922| -1,2 400 0
3923| -1,5 400 0
3924| -1,8 400 0
3925| -2,1 400 0
3926| -2,1 400 0
3927| -2,1 400 0
3928| -2,1 400 0
3929| -2,1 400 0
3930| -2,1 400 0
3931| -2,1 400 0
3932| -2,1 400 0
3933| -2,1 400 0
3934| -2,1 400 0
3935| -2,1 400 0
3936| -2,1 400 0
3937| -2,1 400 0
3938| -2,1 400 0
3939| -2,1 400 0
3940| -2,1 400 0
3941| -2,4 400 0
3942| -2,7 400 0
3943| -3 400 0
3944| -3,299999 400 0
3945| -3,599999 400 0
3946| -3,899999 400 0
3947| -4,2 400 0
3948| -4,5 400 0
3949| -4,8 400 0
3950| -5,1 400 0
3951| -5,4 400 0
3952| -5,7 400 0
3953| -5,7 400 0
3954| -5,7 400 0
3955| -5,7 400 0
3956| -5,7 400 0
3957| -5,7 400 0
3958| -5,7 400 0
3959| -5,7 400 0
3960| -5,7 400 0
3961| -5,7 400 0
3962| -5,7 400 0
3963| -5,7 400 0
3964| -5,7 400 0
3965| -5,7 400 0
3966| -5,7 400 0
3967| -5,7 400 0
3968| -5,7 400 0
3969| -5,7 400 0
3970| -5,7 400 0
3971| -5,7 400 0
3972| -5,7 400 0
3973| -5,7 400 0
3974| -5,7 400 0
3975| -5,7 400 0
3976| -5,7 400 0
3977| -5,7 400 0
3978| -5,7 400 0
3979| -5,7 400 0
3980| -5,7 400 0
3981| 0 400 0
3982| 0,3 400 0
3983| 0,6 400 0
3984| 0,9 400 0
3985| 1,2 400 0
3986| 1,5 400 0
3987| 1,8 400 0
3988| 2,1 400 0
3989| 2,4 400 0
3990| 2,7 400 0
3991| 3 400 0
3992| 3,299999 400 0
3993| 3,599999 400 0
3994| 3,899999 400 0
3995| 4,2 400 0
3996| 4,5 400 0
3997| 4,8 400 0
3998| 5,1 400 0
3999| 5,1 400 0
4000| 5,1 400 0
4001| 5,1 400 0
4002| 5,1 400 0
4003| 5,1 400 0
4004| 5,1 400 0
4005| 5,1 400 0
4006| 5,1 400 0
4007| 5,1 400 0
4008| 5,1 400 0
4009| 5,1 400 0
4010| 5,1 400 0
4011| 5,1 400 0
4012| 5,1 400 0
4013| 5,1 400 0
4014| 5,1 400 0
4015| 5,1 400 0
4016| 5,1 400 0
4017| 5,1 400 0
4018| 5,1 400 0
4019| 5,1 400 0
4020| 5,1 400 0
4021| 5,1 400 0
4022| 5,1 400 0
4023| 5,1 400 0
4024| 5,1 400 0
4025| 5,1 400 0
4026| 5,1 400 0
4027| 5,1 400 0
4028| 5,1 400 0
4029| 5,1 400 0
4030| 5,1 400 0
4031| 5,1 400 0
4032| 5,1 400 0
4033| 5,1 400 0
4034| 5,1 400 0
4035| 0 400 0
4036| -0,3 400 0
4037| -0,6 400 0
4038| -0,9 400 0
4039| -1,2 400 0
4040| -1,5 400 0
4041| -1,8 400 0
4042| -2,1 400 0
4043| -2,4 400 0
4044| -2,7 400 0
4045| -3 400 0
4046| -3,299999 400 0
4047| -3,299999 400 0
4048| -3,299999 400 0
4049| -3,299999 400 0
4050| -3,299999 400 0
4051| -3,299999 400 0
4052| -3,299999 400 0
4053| -3,299999 400 0
4054| -3,299999 400 0
4055| -3,299999 400 0
4056| -3,299999 400 0
4057| -3,299999 400 0
4058| -3,299999 400 0
4059| -3,299999 400 0
4060| -3,599999 400 0
4061| -3,899999 400 0
4062| -4,2 400 0
4063| -4,5 400 0
4064| -4,8 400 0
4065| -5,1 400 0
4066| -5,4 400 0
4067| -5,7 400 0
4068| -5,7 400 0
4069| -5,7 400 0
4070| -5,7 400 0
4071| -5,7 400 0
4072| -5,7 400 0
4073| -5,7 400 0
4074| -5,7 400 0
4075| -5,7 400 0
4076| -5,7 400 0
4077| -5,7 400 0
4078| -5,7 400 0
4079| -5,7 400 0
4080| -5,7 400 0
4081| -5,7 400 0
4082| -5,7 400 0
4083| -5,7 400 0
4084| -5,7 400 0
4085| -5,7 400 0
4086| -5,7 400 0
4087| -5,7 400 0
4088| -5,7 400 0
4089| -5,7 400 0
4090| -5,7 400 0
4091| -5,7 400 0
4092| -5,7 400 0
4093| -5,7 400 0
4094| -5,7 400 0
4095| -5,7 400 0
4096| 0 400 0
4097| 0,3 400 0
4098| 0,6 400 0
4099| 0,9 400 0
4100| 1,2 400 0
4101| 1,5 400 0
4102| 1,8 400 0
4103| 2,1 400 0
4104| 2,4 400 0
4105| 2,7 400 0
4106| 3 400 0
4107| 3,299999 400 0
4108| 3,599999 400 0
4109| 3,899999 400 0
4110| 4,2 400 0
4111| 4,5 400 0
4112| 4,8 400 0
4113| 5,1 400 0
4114| 5,4 400 0
4115| 5,4 400 0
4116| 5,4 400 0
4117| 5,4 400 0
4118| 5,4 400 0
4119| 5,4 400 0
4120| 5,4 400 0
4121| 5,4 400 0
4122| 5,4 400 0
4123| 5,4 400 0
4124| 5,4 400 0
4125| 5,4 400 0
4126| 0 400 0
4127| -0,3 400 0
4128| -0,6 400 0
4129| -0,9 400 0
4130| -1,2 400 0
4131| -1,5 400 0
4132| -1,8 400 0
4133| -2,1 400 0
4134| -2,4 400 0
4135| -2,7 400 0
4136| -3 400 0
4137| -3,299999 400 0
4138| -3,599999 400 0
4139| -3,899999 400 0
4140| -4,2 400 0
4141| -4,2 400 0
4142| -4,2 400 0
4143| -4,2 400 0
4144| -4,2 400 0
4145| -4,2 400 0
4146| -4,2 400 0
4147| -4,2 400 0
4148| -4,2 400 0
4149| -4,2 400 0
4150| -4,2 400 0
4151| -4,2 400 0
4152| -4,2 400 0
4153| -4,2 400 0
4154| -4,2 400 0
4155| -4,2 400 0
4156| -4,2 400 0
4157| 0 400 0
4158| 0,3 400 0
4159| 0,6 400 0
4160| 0,9 400 0
4161| 1,2 400 0
4162| 1,5 400 0
4163| 1,8 400 0
4164| 2,1 400 0
4165| 2,4 400 0
4166| 2,4 400 0
4167| 2,4 400 0
4168| 2,4 400 0
4169| 2,4 400 0
4170| 2,4 400 0
4171| 2,4 400 0
4172| 2,4 400 0
4173| 2,4 400 0
4174| 2,4 400 0
4175| 2,4 400 0
4176| 2,4 400 0
4177| 2,4 400 0
4178| 2,4 400 0
4179| 2,4 400 0
4180| 2,4 400 0
4181| 2,4 400 0
4182| 2,4 400 0
4183| 2,4 400 0
4184| 2,4 400 0
4185| 2,4 400 0
4186| 2,4 400 0
4187| 2,4 400 0
4188| 2,4 400 0
4189| 2,4 400 0
4190| 2,4 400 0
4191| 2,4 400 0
4192| 2,4 400 0
4193| 2,4 400 0
4194| 2,4 400 0
4195| 2,4 400 0
4196| 2,4 400 0
4197| 2,4 400 0
4198| 2,4 400 0
4199| 2,4 400 0
4200| 2,4 400 0
4201| 2,4 400 0
4202| 2,4 400 0
4203| 2,4 400 0
4204| 2,4 400 0
4205| 2,4 400 0
4206| 2,4 400 0
4207| 2,4 400 0
4208| 2,4 400 0
4209| 2,4 400 0
4210| 2,4 400 0
4211| 2,4 400 0
4212| 2,4 400 0
4213| 2,4 400 0
4214| 2,4 400 0
4215| 2,4 400 0
4216| 2,4 400 0
4217| 2,4 400 0
4218| 2,4 400 0
4219| 2,4 400 0
4220| 2,4 400 0
4221| 2,4 400 0
4222| 2,4 400 0
4223| 2,4 400 0
4224| 2,4 400 0
4225| 2,4 400 0
4226| 2,4 400 0
4227| 2,4 400 0
4228| 2,4 400 0
4229| 2,4 400 0
4230| 2,4 400 0
4231| 0 400 0
4232| -0,3 400 0
4233| -0,6 400 0
4234| -0,9 400 0
4235| -1,2 400 0
4236| -1,5 400 0
4237| -1,5 400 0
4238| -1,5 400 0
4239| -1,5 400 0
4240| -1,5 400 0
4241| -1,5 400 0
4242| -1,5 400 0
4243| -1,5 400 0
4244| -1,5 400 0
4245| -1,5 400 0
4246| -1,5 400 0
4247| -1,5 400 0
4248| -1,5 400 0
4249| -1,5 400 0
4250| -1,5 400 0
4251| -1,8 400 0
4252| -2,1 400 0
4253| -2,1 400 0
4254| -2,1 400 0
4255| -2,1 400 0
4256| -2,1 400 0
4257| -2,1 400 0
4258| -2,1 400 0
4259| -2,1 400 0
4260| -2,1 400 0
4261| -2,1 400 0
4262| -2,1 400 0
4263| -2,1 400 0
4264| -2,1 400 0
4265| -2,1 400 0
4266| -2,1 400 0
4267| -2,1 400 0
4268| -2,1 400 0
4269| -2,1 400 0
4270| -2,1 400 0
4271| -2,1 400 0
4272| -2,4 400 0
4273| -2,7 400 0
4274| -3 400 0
4275| -3,299999 400 0
4276| -3,599999 400 0
4277| -3,899999 400 0
4278| -3,899999 400 0
4279| -3,899999 400 0
4280| -3,899999 400 0
4281| -3,899999 400 0
4282| -3,899999 400 0
4283| -3,899999 400 0
4284| -3,899999 400 0
4285| -3,899999 400 0
4286| -3,899999 400 0
4287| -3,899999 400 0
4288| -3,899999 400 0
4289| -3,899999 400 0
4290| -3,899999 400 0
4291| -3,899999 400 0
4292| 0 400 0
4293| 0,3 400 0
4294| 0,6 400 0
4295| 0,9 400 0
4296| 1,2 400 0
4297| 1,5 400 0
4298| 1,8 400 0
4299| 2,1 400 0
4300| 2,1 400 0
4301| 2,1 400 0
4302| 2,1 400 0
4303| 2,1 400 0
4304| 2,1 400 0
4305| 2,1 400 0
4306| 2,1 400 0
4307| 2,1 400 0
4308| 2,1 400 0
4309| 2,1 400 0
4310| 2,1 400 0
4311| 2,1 400 0
4312| 2,1 400 0
4313| 2,1 400 0
4314| 2,1 400 0
4315| 2,4 400 0
4316| 2,7 400 0
4317| 3 400 0
4318| 3,299999 400 0
4319| 3,599999 400 0
4320| 3,899999 400 0
4321| 4,2 400 0
4322| 4,5 400 0
4323| 4,8 400 0
4324| 5,1 400 0
4325| 5,4 400 0
4326| 5,7 400 0
4327| 5,7 400 0
4328| 5,7 400 0
4329| 5,7 400 0
4330| 5,7 400 0
4331| 5,7 400 0
4332| 5,7 400 0
4333| 5,7 400 0
4334| 5,7 400 0
4335| 5,7 400 0
4336| 5,7 400 0
4337| 5,7 400 0
4338| 5,7 400 0
4339| 5,7 400 0
4340| 5,7 400 0
4341| 5,7 400 0
4342| 0 400 0
4343| -0,3 400 0
4344| -0,6 400 0
4345| -0,9 400 0
4346| -1,2 400 0
4347| -1,5 400 0
4348| -1,5 400 0
4349| -1,5 400 0
4350| -1,5 400 0
4351| -1,5 400 0
4352| -1,5 400 0
4353| -1,5 400 0
4354| -1,5 400 0
4355| -1,5 400 0
4356| -1,5 400 0
4357| -1,5 400 0
4358| -1,5 400 0
4359| -1,8 400 0
4360| -2,1 400 0
4361| -2,4 400 0
4362| -2,4 400 0
4363| -2,4 400 0
4364| -2,4 400 0
4365| -2,4 400 0
4366| -2,4 400 0
4367| -2,4 400 0
4368| -2,4 400 0
4369| -2,4 400 0
4370| -2,4 400 0
4371| -2,4 400 0
4372| -2,4 400 0
4373| 0 400 0
4374| 0,3 400 0
4375| 0,6 400 0
4376| 0,9 400 0
4377| 0,9 400 0
4378| 0,9 400 0
4379| 0,9 400 0
4380| 0,9 400 0
4381| 0,9 400 0
4382| 0,9 400 0
4383| 0,9 400 0
4384| 0,9 400 0
4385| 0,9 400 0
4386| 0,9 400 0
4387| 0,9 400 0
4388| 0,9 400 0
4389| 0,9 400 0
4390| 0,9 400 0
4391| 0,9 400 0
4392| 0,9 400 0
4393| 0,9 400 0
4394| 0,9 400 0
4395| 0,9 400 0
4396| 0,9 400 0
4397| 0,9 400 0
4398| 0,9 400 0
4399| 0,9 400 0
4400| 0,9 400 0
4401| 0,9 400 0
4402| 0,9 400 0
4403| 0,9 400 0
4404| 0,9 400 0
4405| 0,9 400 0
4406| 1,2 400 0
4407| 1,2 400 0
4408| 1,2 400 0
4409| 1,2 400 0
4410| 1,2 400 0
4411| 1,2 400 0
4412| 1,2 400 0
4413| 1,2 400 0
4414| 1,2 400 0
4415| 1,2 400 0
4416| 1,2 400 0
4417| 1,2 400 0
4418| 1,2 400 0
4419| 1,2 400 0
4420| 1,2 400 0
4421| 1,2 400 0
4422| 1,2 400 0
4423| 1,2 400 0
4424| 1,2 400 0
4425| 1,2 400 0
4426| 1,2 400 0
4427| 1,2 400 0
4428| 1,2 400 0
4429| 1,2 400 0
4430| 1,2 400 0
4431| 1,2 400 0
4432| 1,2 400 0
4433| 1,2 400 0
4434| 1,2 400 0
4435| 1,2 400 0
4436| 1,2 400 0
4437| 0 400 0
4438| -0,3 400 0
4439| -0,6 400 0
4440| -0,6 400 0
4441| -0,6 400 0
4442| -0,6 400 0
4443| -0,6 400 0
4444| -0,6 400 0
4445| -0,6 400 0
4446| -0,6 400 0
4447| -0,6 400 0
4448| -0,6 400 0
4449| -0,6 400 0
4450| -0,6 400 0
4451| -0,6 400 0
4452| -0,6 400 0
4453| -0,6 400 0
4454| -0,6 400 0
4455| -0,6 400 0
4456| -0,6 400 0
4457| -0,6 400 0
4458| -0,6 400 0
4459| -0,6 400 0
4460| -0,6 400 0
4461| -0,6 400 0
4462| -0,6 400 0
4463| -0,6 400 0
4464| -0,6 400 0
4465| -0,6 400 0
4466| -0,6 400 0
4467| -0,9 400 0
4468| -1,2 400 0
4469| -1,5 400 0
4470| -1,5 400 0
4471| -1,5 400 0
4472| -1,5 400 0
4473| -1,5 400 0
4474| -1,5 400 0
4475| -1,5 400 0
4476| -1,5 400 0
4477| -1,5 400 0
4478| -1,5 400 0
4479| -1,5 400 0
4480| -1,5 400 0
4481| -1,5 400 0
4482| -1,5 400 0
4483| -1,5 400 0
4484| -1,5 400 0
4485| -1,5 400 0
4486| -1,5 400 0
4487| -1,5 400 0
4488| -1,5 400 0
4489| -1,5 400 0
4490| -1,5 400 0
4491| -1,5 400 0
4492| -1,5 400 0
4493| -1,5 400 0
4494| -1,5 400 0
4495| -1,5 400 0
4496| -1,5 400 0
4497| -1,5 400 0
4498| -1,5 400 0
4499| -1,5 400 0
4500| -1,5 400 0
4501| -1,5 400 0
4502| -1,5 400 0
4503| -1,5 400 0
4504| -1,5 400 0
4505| -1,5 400 0
4506| -1,5 400 0
4507| -1,5 400 0
4508| -1,5 400 0
4509| -1,5 400 0
4510| -1,5 400 0
4511| -1,5 400 0
4512| 0 400 0
4513| 0,3 400 0
4514| 0,3 400 0
4515| 0,3 400 0
4516| 0,3 400 0
4517| 0,3 400 0
4518| 0,3 400 0
4519| 0,3 400 0
4520| 0,3 400 0
4521| 0,3 400 0
4522| 0,3 400 0
4523| 0,3 400 0
4524| 0,3 400 0
4525| 0,3 400 0
4526| 0,3 400 0
4527| 0,3 400 0
4528| 0,3 400 0
4529| 0,3 400 0
4530| 0,3 400 0
4531| 0,3 400 0
4532| 0,3 400 0
4533| 0,3 400 0
4534| 0,3 400 0
4535| 0,3 400 0
4536| 0,3 400 0
4537| 0,3 400 0
4538| 0,3 400 0
4539| 0,3 400 0
4540| 0,3 400 0
4541| 0,3 400 0
4542| 0,3 400 0
4543| 0,6 400 0
4544| 0,9 400 0
4545| 1,2 400 0
4546| 1,5 400 0
4547| 1,5 400 0
4548| 0 0 0
4549| 0 0 0
4550| 0 0 0
4551| 0 0 0
4552| 0 0 0
4553| 0 0 0
4554| 0 0 0
4555| 0 0 0
4556| 0 0 0
4557| 0 0 0
4558| 0 0 0
4559| 0 0 0
4560| 0 0 0
4561| 0 0 0
4562| 0 0 0
4563| 0 0 0
4564| 0 0 0
4565| 0 0 0
4566| 0 0 0
4567| 0 0 0
4568| 0 0 0
4569| 0 0 0
4570| 0 0 0
4571| 0 0 0
4572| 0 0 0
4573| 0 0 0
4574| 0 0 0
4575| 0 0 0
4576| 0 0 0
4577| 0 0 0
4578| 0 0 0
4579| 0 0 0
4580| 0 0 0
4581| 0 0 0

