1| 0 0 0
2| 0 0 0
3| 0 0 0
4| 0 0 0
5| 0 0 0
6| 0 0 0
7| 0 0 0
8| 0 0 0
9| 0 0 0
10| 0 0 0
11| 0 0 0
12| 0 0 0
13| 0 0 0
14| 0 0 0
15| 0 0 0
16| 0 0 0
17| 0 0 0
18| 0 0 0
19| 0 0 0
20| 0 0 0
21| 0 0 0
22| 0 0 0
23| 0 0 0
24| 0 0 0
25| 0 0 0
26| 0 0 0
27| 0 0 0
28| -0,3 0 0
29| -0,6 0 0
30| -0,9 0 0
31| -1,2 0 0
32| -1,5 4 0
33| -1,8 8 0
34| -2,1 12 0
35| -2,4 16 0
36| -2,7 20 0
37| -3 24 0
38| -3,299999 28 0
39| -3,599999 32 0
40| -3,899999 36 0
41| -4,2 40 0
42| -4,5 43,99999 0
43| -4,8 47,99999 0
44| -5,1 51,99999 0
45| -5,4 55,99999 0
46| -5,7 60 0
47| -6 64 0
48| -6,300001 68 0
49| -6,600001 72 0
50| -6,900001 76,00001 0
51| -7,200001 80,00001 0
52| -7,500001 84,00001 0
53| -7,800001 88,00002 0
54| -8,1 92,00002 0
55| -8,4 96,00002 0
56| -8,7 100 0
57| -8,999999 104 0
58| -9,299999 108 0
59| -9,599998 112 0
60| -9,899999 116 0
61| -10,2 120 0
62| -10,5 124 0
63| -10,8 128 0
64| -11,1 132 0
65| -11,4 136 0
66| -11,7 140 0
67| -12 144 0
68| -12,3 148 0
69| -12,6 152 0
70| -12,9 156 0
71| -13,2 160 0
72| -13,5 164 0
73| -13,79999 168 0
74| -14,09999 171,9999 0
75| -14,39999 175,9999 0
76| -14,69999 179,9999 0
77| -14,99999 183,9999 0
78| -15,29999 187,9999 0
79| -15,59999 191,9999 0
80| -15,89999 195,9999 0
81| -16,19999 199,9999 0
82| -16,49999 203,9999 0
83| -16,79999 207,9999 0
84| -17,09999 211,9999 0
85| -17,39999 215,9999 0
86| -17,69999 219,9999 0
87| -17,99999 223,9999 0
88| -18,29999 227,9999 0
89| -18,59999 231,9999 0
90| -18,89999 235,9999 0
91| -19,19999 239,9999 0
92| -19,49999 243,9999 0
93| -19,79999 247,9999 0
94| -20,09999 251,9999 0
95| -20,39999 255,9999 0
96| -20,69999 259,9999 0
97| -20,99999 263,9999 0
98| -21,29999 267,9999 0
99| -21,59999 271,9998 0
100| -21,89999 275,9998 0
101| -22,19999 279,9998 0
102| -22,49999 283,9998 0
103| -22,79999 287,9998 0
104| -23,09999 291,9998 0
105| -23,39999 295,9998 0
106| -23,69999 299,9998 0
107| -23,99999 303,9998 0
108| -24,29999 307,9998 0
109| -24,59999 311,9998 0
110| -24,89998 315,9998 0
111| -25,19999 319,9998 0
112| -25,49998 323,9998 0
113| -25,79998 327,9998 0
114| -26,09998 331,9998 0
115| -26,39998 335,9998 0
116| -26,69998 339,9998 0
117| -26,99998 343,9998 0
118| -27,29998 347,9998 0
119| -27,59998 351,9998 0
120| -27,89998 355,9998 0
121| -28,19998 359,9998 0
122| -28,49998 363,9998 0
123| -28,79998 367,9998 0
124| -29,09998 371,9998 0
125| -29,39998 375,9998 0
126| -29,69998 379,9998 0
127| -29,99998 383,9998 0
128| -29,99998 387,9998 0
129| -30 387,9998 0
130| -30 387,9998 0
131| 0 387,9998 0
132| 0,3 391,9998 0
133| 0,6 395,9998 0
134| 0,9 399,9997 0
135| 1,2 400 0
136| 1,5 400 0
137| 1,8 400 0
138| 2,1 400 0
139| 2,4 400 0
140| 2,7 400 0
141| 3 400 0
142| 3,299999 400 0
143| 3,599999 400 0
144| 3,899999 400 0
145| 4,2 400 0
146| 4,5 400 0
147| 4,8 400 0
148| 5,1 400 0
149| 5,4 400 0
150| 5,7 400 0
151| 6 400 0
152| 6,300001 400 0
153| 6,600001 400 0
154| 6,900001 400 0
155| 7,200001 400 0
156| 7,500001 400 0
157| 7,800001 400 0
158| 8,1 400 0
159| 8,4 400 0
160| 8,7 400 0
161| 8,999999 400 0
162| 9,299999 400 0
163| 9,599998 400 0
164| 9,899999 400 0
165| 10,2 400 0
166| 10,5 400 0
167| 10,8 400 0
168| 11,1 400 0
169| 11,4 400 0
170| 11,7 400 0
171| 12 400 0
172| 12,3 400 0
173| 12,6 400 0
174| 12,9 400 0
175| 13,2 400 0
176| 13,5 400 0
177| 13,79999 400 0
178| 14,09999 400 0
179| 14,39999 400 0
180| 14,69999 400 0
181| 14,99999 400 0
182| 15,29999 400 0
183| 15,59999 400 0
184| 15,89999 400 0
185| 16,19999 400 0
186| 16,49999 400 0
187| 16,79999 400 0
188| 17,09999 400 0
189| 17,39999 400 0
190| 17,69999 400 0
191| 17,99999 400 0
192| 18,29999 400 0
193| 18,59999 400 0
194| 18,89999 400 0
195| 19,19999 400 0
196| 19,49999 400 0
197| 19,79999 400 0
198| 20,09999 400 0
199| 20,39999 400 0
200| 20,69999 400 0
201| 20,99999 400 0
202| 21,29999 400 0
203| 21,59999 400 0
204| 21,89999 400 0
205| 22,19999 400 0
206| 22,49999 400 0
207| 22,79999 400 0
208| 23,09999 400 0
209| 23,39999 400 0
210| 23,69999 400 0
211| 23,99999 400 0
212| 24,29999 400 0
213| 24,59999 400 0
214| 24,89998 400 0
215| 25,19999 400 0
216| 25,49998 400 0
217| 25,79998 400 0
218| 26,09998 400 0
219| 26,39998 400 0
220| 26,69998 400 0
221| 26,99998 400 0
222| 27,29998 400 0
223| 27,59998 400 0
224| 27,89998 400 0
225| 28,19998 400 0
226| 28,49998 400 0
227| 28,79998 400 0
228| 29,09998 400 0
229| 29,39998 400 0
230| 29,69998 400 0
231| 29,99998 400 0
232| 30 400 0
233| 30 400 0
234| 30 400 0
235| 30 400 0
236| 30 400 0
237| 30 400 0
238| 30 400 0
239| 30 400 0
240| 30 400 0
241| 30 400 0
242| 30 400 0
243| 30 400 0
244| 30 400 0
245| 30 400 0
246| 30 400 0
247| 30 400 0
248| 30 400 0
249| 30 400 0
250| 30 400 0
251| 30 400 0
252| 30 400 0
253| 30 400 0
254| 30 400 0
255| 30 400 0
256| 30 400 0
257| 30 400 0
258| 30 400 0
259| 30 400 0
260| 30 400 0
261| 30 400 0
262| 30 400 0
263| 30 400 0
264| 30 400 0
265| 30 400 0
266| 30 400 0
267| 30 400 0
268| 30 400 0
269| 30 400 0
270| 30 400 0
271| 30 400 0
272| 30 400 0
273| 30 400 0
274| 30 400 0
275| 30 400 0
276| 30 400 0
277| 30 400 0
278| 30 400 0
279| 30 400 0
280| 0 400 0
281| -0,3 400 0
282| -0,6 400 0
283| -0,9 400 0
284| -1,2 400 0
285| -1,5 400 0
286| -1,8 400 0
287| -1,8 400 0
288| -1,8 400 0
289| -1,8 400 0
290| -1,8 400 0
291| -1,8 400 0
292| -2,1 400 0
293| -2,4 400 0
294| -2,7 400 0
295| -3 400 0
296| -3,299999 400 0
297| -3,599999 400 0
298| -3,899999 400 0
299| -4,2 400 0
300| -4,2 400 0
301| -4,2 400 0
302| -4,2 400 0
303| -4,2 400 0
304| -4,2 400 0
305| -4,2 400 0
306| -4,2 400 0
307| -4,2 400 0
308| -4,2 400 0
309| -4,2 400 0
310| -4,2 400 0
311| -4,2 400 0
312| -4,2 400 0
313| -4,2 400 0
314| -4,2 400 0
315| -4,2 400 0
316| -4,2 400 0
317| -4,2 400 0
318| -4,2 400 0
319| -4,2 400 0
320| -4,2 400 0
321| -4,2 400 0
322| -4,2 400 0
323| -4,2 400 0
324| -4,2 400 0
325| -4,2 400 0
326| -4,2 400 0
327| -4,2 400 0
328| -4,2 400 0
329| -4,2 400 0
330| -4,2 400 0
331| -4,2 400 0
332| -4,2 400 0
333| -4,2 400 0
334| -4,2 400 0
335| -4,2 400 0
336| -4,2 400 0
337| 0 400 0
338| 0,3 400 0
339| 0,6 400 0
340| 0,9 400 0
341| 0,9 400 0
342| 0,9 400 0
343| 0,9 400 0
344| 1,2 400 0
345| 1,5 400 0
346| 1,8 400 0
347| 2,1 400 0
348| 2,4 400 0
349| 2,7 400 0
350| 3 400 0
351| 3,299999 400 0
352| 3,299999 400 0
353| 3,299999 400 0
354| 3,299999 400 0
355| 3,299999 400 0
356| 3,599999 400 0
357| 3,899999 400 0
358| 4,2 400 0
359| 4,2 400 0
360| 4,2 400 0
361| 4,2 400 0
362| 4,2 400 0
363| 4,2 400 0
364| 4,2 400 0
365| 4,2 400 0
366| 4,2 400 0
367| 4,2 400 0
368| 4,2 400 0
369| 4,2 400 0
370| 4,2 400 0
371| 4,2 400 0
372| 4,2 400 0
373| 0 400 0
374| -0,3 400 0
375| -0,6 400 0
376| -0,9 400 0
377| -0,9 400 0
378| -0,9 400 0
379| -0,9 400 0
380| -0,9 400 0
381| -0,9 400 0
382| -0,9 400 0
383| -0,9 400 0
384| -0,9 400 0
385| -0,9 400 0
386| -0,9 400 0
387| -0,9 400 0
388| -0,9 400 0
389| -0,9 400 0
390| -0,9 400 0
391| -0,9 400 0
392| -0,9 400 0
393| -0,9 400 0
394| -0,9 400 0
395| -0,9 400 0
396| -0,9 400 0
397| -0,9 400 0
398| -0,9 400 0
399| -0,9 400 0
400| -0,9 400 0
401| -0,9 400 0
402| -0,9 400 0
403| -0,9 400 0
404| -0,9 400 0
405| -0,9 400 0
406| -0,9 400 0
407| -0,9 400 0
408| -0,9 400 0
409| -0,9 400 0
410| -0,9 400 0
411| -0,9 400 0
412| -0,9 400 0
413| -0,9 400 0
414| -0,9 400 0
415| -0,9 400 0
416| -0,9 400 0
417| -0,9 400 0
418| -0,9 400 0
419| -0,9 400 0
420| -0,9 400 0
421| -0,9 400 0
422| -0,9 400 0
423| -0,9 400 0
424| -0,9 400 0
425| -0,9 400 0
426| -0,9 400 0
427| -0,9 400 0
428| -0,9 400 0
429| -0,9 400 0
430| -0,9 400 0
431| -0,9 400 0
432| -0,9 400 0
433| -0,9 400 0
434| -0,9 400 0
435| -0,9 400 0
436| -0,9 400 0
437| -0,9 400 0
438| -0,9 400 0
439| -0,9 400 0
440| -0,9 400 0
441| -0,9 400 0
442| -0,9 400 0
443| -0,9 400 0
444| -0,9 400 0
445| -0,9 400 0
446| -0,9 400 0
447| -0,9 400 0
448| -0,9 400 0
449| -0,9 400 0
450| -0,9 400 0
451| -0,9 400 0
452| -0,9 400 0
453| -0,9 400 0
454| -0,9 400 0
455| -0,9 400 0
456| -0,9 400 0
457| -0,9 400 0
458| -0,9 400 0
459| -0,9 400 0
460| -0,9 400 0
461| -0,9 400 0
462| -0,9 400 0
463| -0,9 400 0
464| -0,9 400 0
465| -0,9 400 0
466| -0,9 400 0
467| -0,9 400 0
468| -0,9 400 0
469| -0,9 400 0
470| -0,9 400 0
471| -0,9 400 0
472| -0,9 400 0
473| -0,9 400 0
474| -0,9 400 0
475| -0,9 400 0
476| -0,9 400 0
477| -0,9 400 0
478| -0,9 400 0
479| -0,9 400 0
480| -0,9 400 0
481| -0,9 400 0
482| -0,9 400 0
483| -0,9 400 0
484| -0,9 400 0
485| -0,9 400 0
486| -0,9 400 0
487| -0,9 400 0
488| -0,9 400 0
489| -0,9 400 0
490| -0,9 400 0
491| -0,9 400 0
492| -0,9 400 0
493| -0,9 400 0
494| -0,9 400 0
495| -0,9 400 0
496| -0,9 400 0
497| -0,9 400 0
498| -0,9 400 0
499| -0,9 400 0
500| -0,9 400 0
501| -0,9 400 0
502| -0,9 400 0
503| -0,9 400 0
504| -0,9 400 0
505| -0,9 400 0
506| -0,9 400 0
507| -0,9 400 0
508| -0,9 400 0
509| -0,9 400 0
510| -0,9 400 0
511| -0,9 400 0
512| -0,9 400 0
513| -0,9 400 0
514| -0,9 400 0
515| -0,9 400 0
516| -0,9 400 0
517| -0,9 400 0
518| -0,9 400 0
519| -0,9 400 0
520| -0,9 400 0
521| -0,9 400 0
522| -0,9 400 0
523| -0,9 400 0
524| -0,9 400 0
525| -0,9 400 0
526| -0,9 400 0
527| -0,9 400 0
528| -0,9 400 0
529| -0,9 400 0
530| -0,9 400 0
531| -0,9 400 0
532| -0,9 400 0
533| -0,9 400 0
534| -0,9 400 0
535| -0,9 400 0
536| -0,9 400 0
537| -0,9 400 0
538| -0,9 400 0
539| -0,9 400 0
540| -0,9 400 0
541| -0,9 400 0
542| -0,9 400 0
543| -0,9 400 0
544| -0,9 400 0
545| -0,9 400 0
546| -0,9 400 0
547| -0,9 400 0
548| -0,9 400 0
549| -0,9 400 0
550| -0,9 400 0
551| -0,9 400 0
552| -0,9 400 0
553| -0,9 400 0
554| -0,9 400 0
555| -0,9 400 0
556| -0,9 400 0
557| -0,9 400 0
558| -0,9 400 0
559| -0,9 400 0
560| -0,9 400 0
561| -0,9 400 0
562| -0,9 400 0
563| -0,9 400 0
564| -0,9 400 0
565| -0,9 400 0
566| -1,2 400 0
567| -1,5 400 0
568| -1,8 400 0
569| -2,1 400 0
570| -2,4 400 0
571| -2,7 400 0
572| -2,7 400 0
573| -2,7 400 0
574| -2,7 400 0
575| -2,7 400 0
576| -3 400 0
577| -3,299999 400 0
578| -3,599999 400 0
579| -3,899999 400 0
580| -4,2 400 0
581| -4,5 400 0
582| -4,8 400 0
583| -5,1 400 0
584| -5,4 400 0
585| -5,7 400 0
586| -6 400 0
587| -6,300001 400 0
588| -6,600001 400 0
589| -6,900001 400 0
590| -7,200001 400 0
591| -7,500001 400 0
592| -7,800001 400 0
593| -8,1 400 0
594| -8,4 400 0
595| -8,7 400 0
596| -8,999999 400 0
597| -9,299999 400 0
598| -9,299999 400 0
599| -9,299999 400 0
600| -9,299999 400 0
601| -9,299999 400 0
602| -9,299999 400 0
603| -9,299999 400 0
604| -9,299999 400 0
605| -9,299999 400 0
606| -9,299999 400 0
607| -9,299999 400 0
608| -9,299999 400 0
609| -9,299999 400 0
610| -9,299999 400 0
611| -9,299999 400 0
612| -9,299999 400 0
613| -9,299999 400 0
614| -9,299999 400 0
615| -9,299999 400 0
616| -9,299999 400 0
617| -9,299999 400 0
618| -9,299999 400 0
619| -9,299999 400 0
620| -9,299999 400 0
621| -9,299999 400 0
622| -9,299999 400 0
623| -9,299999 400 0
624| -9,299999 400 0
625| -9,299999 400 0
626| -9,299999 400 0
627| -9,299999 400 0
628| -9,299999 400 0
629| -9,299999 400 0
630| -9,299999 400 0
631| -9,299999 400 0
632| -9,299999 400 0
633| -9,299999 400 0
634| -9,299999 400 0
635| -9,299999 400 0
636| -9,299999 400 0
637| -9,299999 400 0
638| -9,299999 400 0
639| -9,299999 400 0
640| 0 400 0
641| 0,3 400 0
642| 0,6 400 0
643| 0,9 400 0
644| 1,2 400 0
645| 1,5 400 0
646| 1,8 400 0
647| 2,1 400 0
648| 2,4 400 0
649| 2,7 400 0
650| 3 400 0
651| 3,299999 400 0
652| 3,599999 400 0
653| 3,899999 400 0
654| 4,2 400 0
655| 4,5 400 0
656| 4,8 400 0
657| 5,1 400 0
658| 5,4 400 0
659| 5,7 400 0
660| 6 400 0
661| 6 400 0
662| 6 400 0
663| 6 400 0
664| 6 400 0
665| 6 400 0
666| 6 400 0
667| 6 400 0
668| 6 400 0
669| 6 400 0
670| 0 400 0
671| -0,3 400 0
672| -0,6 400 0
673| -0,9 400 0
674| -1,2 400 0
675| -1,5 400 0
676| -1,8 400 0
677| -2,1 400 0
678| -2,4 400 0
679| -2,7 400 0
680| -3 400 0
681| -3,299999 400 0
682| -3,599999 400 0
683| -3,899999 400 0
684| -4,2 400 0
685| -4,5 400 0
686| -4,8 400 0
687| -5,1 400 0
688| -5,4 400 0
689| -5,7 400 0
690| -6 400 0
691| -6,300001 400 0
692| -6,600001 400 0
693| -6,900001 400 0
694| -7,200001 400 0
695| -7,500001 400 0
696| -7,800001 400 0
697| -8,1 400 0
698| -8,4 400 0
699| -8,7 400 0
700| -8,999999 400 0
701| -9,299999 400 0
702| -9,599998 400 0
703| -9,899999 400 0
704| -10,2 400 0
705| -10,5 400 0
706| -10,8 400 0
707| -11,1 400 0
708| -11,4 400 0
709| -11,7 400 0
710| -12 400 0
711| -12,3 400 0
712| -12,6 400 0
713| -12,6 400 0
714| -12,6 400 0
715| -12,6 400 0
716| -12,6 400 0
717| -12,6 400 0
718| -12,6 400 0
719| -12,6 400 0
720| -12,6 400 0
721| -12,6 400 0
722| -12,6 400 0
723| -12,6 400 0
724| -12,6 400 0
725| -12,6 400 0
726| -12,6 400 0
727| -12,6 400 0
728| -12,6 400 0
729| -12,6 400 0
730| -12,6 400 0
731| -12,6 400 0
732| -12,6 400 0
733| -12,6 400 0
734| -12,6 400 0
735| -12,6 400 0
736| -12,6 400 0
737| -12,6 400 0
738| -12,6 400 0
739| -12,6 400 0
740| -12,6 400 0
741| -12,6 400 0
742| 0 400 0
743| 0,3 400 0
744| 0,6 400 0
745| 0,9 400 0
746| 1,2 400 0
747| 1,5 400 0
748| 1,8 400 0
749| 2,1 400 0
750| 2,4 400 0
751| 2,7 400 0
752| 3 400 0
753| 3,299999 400 0
754| 3,599999 400 0
755| 3,899999 400 0
756| 4,2 400 0
757| 4,5 400 0
758| 4,8 400 0
759| 5,1 400 0
760| 5,4 400 0
761| 5,7 400 0
762| 6 400 0
763| 6,300001 400 0
764| 6,600001 400 0
765| 6,900001 400 0
766| 7,200001 400 0
767| 7,500001 400 0
768| 7,800001 400 0
769| 8,1 400 0
770| 8,4 400 0
771| 8,7 400 0
772| 8,999999 400 0
773| 9,299999 400 0
774| 9,599998 400 0
775| 9,899999 400 0
776| 10,2 400 0
777| 10,5 400 0
778| 10,8 400 0
779| 11,1 400 0
780| 11,4 400 0
781| 11,7 400 0
782| 12 400 0
783| 12,3 400 0
784| 12,6 400 0
785| 12,9 400 0
786| 13,2 400 0
787| 13,5 400 0
788| 13,79999 400 0
789| 14,09999 400 0
790| 14,39999 400 0
791| 14,69999 400 0
792| 14,99999 400 0
793| 15,29999 400 0
794| 15,59999 400 0
795| 15,89999 400 0
796| 16,19999 400 0
797| 16,49999 400 0
798| 16,79999 400 0
799| 17,09999 400 0
800| 17,39999 400 0
801| 17,69999 400 0
802| 17,99999 400 0
803| 18,29999 400 0
804| 18,59999 400 0
805| 18,89999 400 0
806| 19,19999 400 0
807| 19,49999 400 0
808| 19,79999 400 0
809| 20,09999 400 0
810| 20,39999 400 0
811| 20,69999 400 0
812| 20,99999 400 0
813| 21,29999 400 0
814| 21,59999 400 0
815| 21,89999 400 0
816| 22,19999 400 0
817| 22,49999 400 0
818| 22,79999 400 0
819| 23,09999 400 0
820| 23,39999 400 0
821| 23,69999 400 0
822| 23,99999 400 0
823| 24,29999 400 0
824| 24,59999 400 0
825| 24,89998 400 0
826| 25,19999 400 0
827| 25,49998 400 0
828| 25,79998 400 0
829| 26,09998 400 0
830| 26,39998 400 0
831| 26,69998 400 0
832| 26,99998 400 0
833| 27,29998 400 0
834| 27,59998 400 0
835| 27,89998 400 0
836| 28,19998 400 0
837| 28,49998 400 0
838| 28,79998 400 0
839| 29,09998 400 0
840| 29,39998 400 0
841| 29,69998 400 0
842| 29,69998 400 0
843| 29,69998 400 0
844| 29,69998 400 0
845| 29,69998 400 0
846| 29,69998 400 0
847| 29,69998 400 0
848| 29,69998 400 0
849| 29,69998 400 0
850| 29,69998 400 0
851| 29,69998 400 0
852| 29,69998 400 0
853| 29,69998 400 0
854| 29,69998 400 0
855| 0 400 0
856| -0,3 400 0
857| -0,6 400 0
858| -0,9 400 0
859| -1,2 400 0
860| -1,5 400 0
861| -1,8 400 0
862| -2,1 400 0
863| -2,4 400 0
864| -2,7 400 0
865| -3 400 0
866| -3,299999 400 0
867| -3,599999 400 0
868| -3,899999 400 0
869| -4,2 400 0
870| -4,5 400 0
871| -4,8 400 0
872| -5,1 400 0
873| -5,4 400 0
874| -5,7 400 0
875| -6 400 0
876| -6,300001 400 0
877| -6,600001 400 0
878| -6,900001 400 0
879| -7,200001 400 0
880| -7,500001 400 0
881| -7,800001 400 0
882| -8,1 400 0
883| -8,4 400 0
884| -8,7 400 0
885| -8,999999 400 0
886| -9,299999 400 0
887| -9,599998 400 0
888| -9,899999 400 0
889| -10,2 400 0
890| -10,5 400 0
891| -10,8 400 0
892| -11,1 400 0
893| -11,4 400 0
894| -11,7 400 0
895| -12 400 0
896| -12,3 400 0
897| -12,6 400 0
898| -12,9 400 0
899| -13,2 400 0
900| -13,5 400 0
901| -13,79999 400 0
902| -14,09999 400 0
903| -14,09999 400 0
904| -14,09999 400 0
905| -14,09999 400 0
906| -14,09999 400 0
907| -14,09999 400 0
908| -14,09999 400 0
909| -14,09999 400 0
910| -14,09999 400 0
911| -14,09999 400 0
912| -14,09999 400 0
913| -14,09999 400 0
914| -14,09999 400 0
915| -14,09999 400 0
916| -14,09999 400 0
917| -14,09999 400 0
918| -14,09999 400 0
919| -14,09999 400 0
920| -14,09999 400 0
921| -14,09999 400 0
922| -14,09999 400 0
923| -14,09999 400 0
924| -14,09999 400 0
925| -14,09999 400 0
926| -14,09999 400 0
927| -14,09999 400 0
928| -14,09999 400 0
929| -14,09999 400 0
930| -14,09999 400 0
931| -14,09999 400 0
932| -14,09999 400 0
933| -14,09999 400 0
934| -14,09999 400 0
935| -14,09999 400 0
936| -14,09999 400 0
937| -14,09999 400 0
938| -14,09999 400 0
939| -14,09999 400 0
940| -14,09999 400 0
941| -14,09999 400 0
942| -14,09999 400 0
943| -14,09999 400 0
944| -14,09999 400 0
945| -14,09999 400 0
946| -14,09999 400 0
947| -14,09999 400 0
948| -14,09999 400 0
949| -14,09999 400 0
950| -14,09999 400 0
951| -14,09999 400 0
952| -14,09999 400 0
953| -14,09999 400 0
954| -14,09999 400 0
955| -14,09999 400 0
956| -14,09999 400 0
957| 0 0 0
958| 0 0 0
959| 0 0 0
960| 0 0 0
961| 0 0 0
962| 0 0 0
963| 0 0 0
964| 0 0 0
965| 0 4 0
966| 0 8 0
967| 0 12 0
968| 0 16 0
969| 0 20 0
970| 0 24 0
971| 0 28 0
972| 0 32 0
973| 0 36 0
974| 0 40 0
975| 0 43,99999 0
976| 0 47,99999 0
977| 0 51,99999 0
978| 0 55,99999 0
979| 0 60 0
980| 0 64 0
981| 0 68 0
982| 0 72 0
983| 0 76,00001 0
984| 0 80,00001 0
985| 0 84,00001 0
986| 0 88,00002 0
987| 0 92,00002 0
988| 0 96,00002 0
989| 0 100 0
990| 0 104 0
991| 0 108 0
992| 0 112 0
993| 0 116 0
994| 0 120 0
995| 0 124 0
996| 0 128 0
997| 0 132 0
998| 0 136 0
999| 0 140 0
1000| 0 144 0
1001| 0 148 0
1002| 0 152 0
1003| 0 156 0
1004| 0 160 0
1005| 0 164 0
1006| 0 168 0
1007| 0 171,9999 0
1008| 0 175,9999 0
1009| 0 179,9999 0
1010| 0 183,9999 0
1011| 0 187,9999 0
1012| 0 191,9999 0
1013| 0 195,9999 0
1014| 0 199,9999 0
1015| 0 203,9999 0
1016| 0 207,9999 0
1017| 0 211,9999 0
1018| 0 215,9999 0
1019| 0 219,9999 0
1020| 0 223,9999 0
1021| 0 227,9999 0
1022| 0 231,9999 0
1023| 0 235,9999 0
1024| 0 239,9999 0
1025| 0 243,9999 0
1026| 0 247,9999 0
1027| 0 251,9999 0
1028| 0 255,9999 0
1029| 0 259,9999 0
1030| 0 263,9999 0
1031| 0 267,9999 0
1032| 0 271,9998 0
1033| 0 275,9998 0
1034| 0 279,9998 0
1035| 0 283,9998 0
1036| 0 287,9998 0
1037| 0 291,9998 0
1038| 0 295,9998 0
1039| 0 299,9998 0
1040| 0 303,9998 0
1041| 0 307,9998 0
1042| 0 311,9998 0
1043| 0 315,9998 0
1044| 0 319,9998 0
1045| 0 323,9998 0
1046| 0 327,9998 0
1047| 0 331,9998 0
1048| 0 335,9998 0
1049| 0 339,9998 0
1050| 0 343,9998 0
1051| 0 347,9998 0
1052| 0 351,9998 0
1053| 0 355,9998 0
1054| 0 359,9998 0
1055| 0 363,9998 0
1056| 0 367,9998 0
1057| 0 371,9998 0
1058| 0 375,9998 0
1059| 0 379,9998 0
1060| 0 383,9998 0
1061| 0 387,9998 0
1062| 0 391,9998 0
1063| 0 395,9998 0
1064| 0 399,9997 0
1065| 0 400 0
1066| 0 400 0
1067| 0 400 0
1068| 0 400 0
1069| 0 400 0
1070| 0 400 0
1071| 0 400 0
1072| 0 400 0
1073| 0 400 0
1074| 0 400 0
1075| 0 400 0
1076| 0 400 0
1077| 0 400 0
1078| 0 400 0
1079| 0 400 0
1080| 0 400 0
1081| 0 400 0
1082| 0 400 0
1083| 0 400 0
1084| 0 400 0
1085| 0 400 0
1086| 0 400 0
1087| 0 400 0
1088| 0 400 0
1089| 0 400 0
1090| 0 400 0
1091| 0 400 0
1092| 0 400 0
1093| 0 400 0
1094| 0 400 0
1095| 0 400 0
1096| 0 400 0
1097| 0 400 0
1098| 0 400 0
1099| 0 400 0
1100| 0 400 0
1101| 0 400 0
1102| 0 400 0
1103| 0 400 0
1104| 0 400 0
1105| 0 400 0
1106| 0 400 0
1107| 0 400 0
1108| 0 400 0
1109| 0 400 0
1110| 0 400 0
1111| 0 400 0
1112| 0 400 0
1113| 0 400 0
1114| 0 400 0
1115| 0 400 0
1116| 0 400 0
1117| 0 400 0
1118| 0 400 0
1119| 0,3 400 0
1120| 0,6 400 0
1121| 0,9 400 0
1122| 1,2 400 0
1123| 1,5 400 0
1124| 1,8 400 0
1125| 2,1 400 0
1126| 2,4 400 0
1127| 2,7 400 0
1128| 3 400 0
1129| 3,299999 400 0
1130| 3,599999 400 0
1131| 3,899999 400 0
1132| 4,2 400 0
1133| 4,2 400 0
1134| 4,2 400 0
1135| 4,2 400 0
1136| 4,2 400 0
1137| 4,5 400 0
1138| 4,8 400 0
1139| 5,1 400 0
1140| 5,4 400 0
1141| 5,7 400 0
1142| 6 400 0
1143| 6,300001 400 0
1144| 6,600001 400 0
1145| 6,900001 400 0
1146| 7,200001 400 0
1147| 7,500001 400 0
1148| 7,800001 400 0
1149| 8,1 400 0
1150| 8,4 400 0
1151| 8,7 400 0
1152| 8,999999 400 0
1153| 9,299999 400 0
1154| 9,599998 400 0
1155| 9,899999 400 0
1156| 10,2 400 0
1157| 10,5 400 0
1158| 10,8 400 0
1159| 11,1 400 0
1160| 11,4 400 0
1161| 11,7 400 0
1162| 12 400 0
1163| 12,3 400 0
1164| 12,3 400 0
1165| 12,3 400 0
1166| 12,3 400 0
1167| 12,3 400 0
1168| 12,3 400 0
1169| 12,3 400 0
1170| 12,3 400 0
1171| 12,3 400 0
1172| 12,3 400 0
1173| 12,3 400 0
1174| 12,3 400 0
1175| 12,3 400 0
1176| 12,3 400 0
1177| 12,3 400 0
1178| 12,3 400 0
1179| 12,3 400 0
1180| 12,3 400 0
1181| 12,3 400 0
1182| 12,3 400 0
1183| 12,3 400 0
1184| 12,3 400 0
1185| 12,3 400 0
1186| 12,3 400 0
1187| 12,3 400 0
1188| 12,3 400 0
1189| 12,3 400 0
1190| 12,3 400 0
1191| 12,3 400 0
1192| 12,3 400 0
1193| 12,3 400 0
1194| 12,3 400 0
1195| 12,3 400 0
1196| 12,3 400 0
1197| 12,3 400 0
1198| 12,3 400 0
1199| 12,3 400 0
1200| 12,3 400 0
1201| 12,3 400 0
1202| 12,3 400 0
1203| 12,3 400 0
1204| 12,3 400 0
1205| 12,3 400 0
1206| 12,3 400 0
1207| 12,3 400 0
1208| 12,3 400 0
1209| 12,3 400 0
1210| 12,3 400 0
1211| 12,3 400 0
1212| 12,3 400 0
1213| 12,3 400 0
1214| 12,3 400 0
1215| 12,3 400 0
1216| 12,3 400 0
1217| 12,3 400 0
1218| 12,3 400 0
1219| 12,3 400 0
1220| 12,3 400 0
1221| 12,3 400 0
1222| 12,3 400 0
1223| 12,3 400 0
1224| 12,3 400 0
1225| 12,3 400 0
1226| 12,3 400 0
1227| 12,3 400 0
1228| 12,3 400 0
1229| 12,3 400 0
1230| 12,3 400 0
1231| 12,3 400 0
1232| 12,3 400 0
1233| 12,3 400 0
1234| 12,3 400 0
1235| 12,3 400 0
1236| 12,3 400 0
1237| 12,3 400 0
1238| 12,3 400 0
1239| 12,3 400 0
1240| 12,3 400 0
1241| 12,3 400 0
1242| 12,3 400 0
1243| 12,3 400 0
1244| 12,3 400 0
1245| 12,3 400 0
1246| 12,3 400 0
1247| 12,3 400 0
1248| 12,3 400 0
1249| 12,3 400 0
1250| 12,3 400 0
1251| 12,3 400 0
1252| 12,3 400 0
1253| 12,3 400 0
1254| 12,3 400 0
1255| 12,3 400 0
1256| 12,3 400 0
1257| 12,3 400 0
1258| 12,3 400 0
1259| 12,3 400 0
1260| 12,3 400 0
1261| 12,3 400 0
1262| 12,3 400 0
1263| 12,3 400 0
1264| 12,3 400 0
1265| 12,3 400 0
1266| 12,3 400 0
1267| 12,3 400 0
1268| 0 0 0
1269| 0 0 0
1270| 0 0 0
1271| 0 0 0
1272| 0 0 0
1273| 0 0 0
1274| 0 0 0
1275| 0 0 0
1276| 0 0 0
1277| 0 0 0
1278| 0 4 0
1279| 0 8 0
1280| 0 12 0
1281| 0 16 0
1282| 0 20 0
1283| 0 24 0
1284| 0 28 0
1285| 0 32 0
1286| 0 36 0
1287| 0 40 0
1288| 0 43,99999 0
1289| 0 47,99999 0
1290| 0 51,99999 0
1291| 0 55,99999 0
1292| 0 60 0
1293| 0 64 0
1294| 0 68 0
1295| 0 72 0
1296| 0 76,00001 0
1297| 0 0 0
1298| 0 0 0
1299| 0 0 0
1300| 0 0 0
1301| 0 0 0
1302| 0 0 0
1303| 0 0 0
1304| 0 0 0
1305| 0 0 0
1306| 0 0 0
1307| 0 0 0
1308| 0 0 0
1309| 0 0 0
1310| 0 0 0
1311| 0 0 0
1312| 0 0 0
1313| 0 -4 0
1314| 0 -8 0
1315| 0 -12 0
1316| 0 -16 0
1317| 0 -20 0
1318| 0 -24 0
1319| 0 -28 0
1320| 0 -32 0
1321| 0 -36 0
1322| 0 -40 0
1323| 0 -43,99999 0
1324| 0 -47,99999 0
1325| 0 -51,99999 0
1326| 0 -55,99999 0
1327| 0 -60 0
1328| 0 -64 0
1329| 0 -68 0
1330| 0 -72 0
1331| 0 -76,00001 0
1332| 0 -80,00001 0
1333| 0 -84,00001 0
1334| 0 -88,00002 0
1335| 0 -92,00002 0
1336| 0 -96,00002 0
1337| 0 -100 0
1338| 0 -104 0
1339| 0 -108 0
1340| 0 -112 0
1341| 0 -116 0
1342| 0 -120 0
1343| 0 -124 0
1344| 0 -128 0
1345| 0 -132 0
1346| 0 -136 0
1347| 0 -140 0
1348| 0 -144 0
1349| 0 -148 0
1350| 0 -152 0
1351| 0 -156 0
1352| 0 -160 0
1353| 0 -164 0
1354| 0 -168 0
1355| 0 -171,9999 0
1356| 0 -175,9999 0
1357| 0 -179,9999 0
1358| 0 0 0
1359| 0 0 0
1360| 0 0 0
1361| 0 0 0
1362| 0 0 0
1363| 0 0 0
1364| 0 0 0
1365| 0 0 0
1366| 0 0 0
1367| 0 0 0
1368| 0 0 0
1369| 0 0 0
1370| 0 0 0
1371| 0 0 0
1372| 0 0 0
1373| 0 0 0
1374| 0 0 0
1375| 0 0 0
1376| 0 0 0
1377| 0 0 0
1378| 0 0 0
1379| 0 0 0
1380| 0 0 0
1381| 0 0 0
1382| 0 0 0
1383| 0 0 0
1384| 0 0 0
1385| 0 0 0
1386| 0 0 0
1387| 0 0 0
1388| 0 0 0
1389| 0 0 0
1390| 0 0 0
1391| 0 0 0
1392| 0 0 0
1393| 0 0 0
1394| 0 0 0
1395| 0 0 0
1396| 0 0 0
1397| 0 0 0
1398| 0 0 0
1399| 0 0 0
1400| 0 0 0
1401| 0 0 0
1402| 0 0 0
1403| 0 0 0
1404| 0 0 0
1405| 0 0 0
1406| 0 0 0
1407| 0 0 0
1408| 0 0 0
1409| 0 0 0
1410| 0 0 0
1411| 0 -4 0
1412| 0 -8 0
1413| 0 -12 0
1414| 0 -16 0
1415| 0 -20 0
1416| 0 -24 0
1417| 0 -28 0
1418| 0 -32 0
1419| 0 -36 0
1420| 0 -40 0
1421| 0 -43,99999 0
1422| 0 -47,99999 0

