1| 0 0 0
2| 0 0 0
3| 0 0 0
4| 0 0 0
5| 0 0 0
6| 0 0 0
7| 0 0 0
8| 0 0 0
9| 0 0 0
10| 0 0 0
11| 0 0 0
12| 0 0 0
13| 0 0 0
14| 0 0 0
15| 0 0 0
16| 0 0 0
17| 0 0 0
18| 0 0 0
19| 0 0 0
20| 0 0 0
21| 0 0 0
22| 0 0 0
23| 0 0 0
24| 0 0 0
25| 0 0 0
26| 0 0 0
27| 0 0 0
28| 0 0 0
29| 0 0 0
30| 0 0 0
31| 0 0 0
32| 0 0 0
33| 0 0 0
34| 0 0 0
35| 0 0 0
36| 0 0 0
37| 0 0 0
38| 0 0 0
39| 0 0 0
40| 0 0 0
41| 0 0 0
42| 0 0 0
43| 0 0 0
44| 0 0 0
45| 0 0 0
46| 0 0 0
47| 0 0 0
48| 0 0 0
49| 0 0 0
50| 0 0 0
51| 0 0 0
52| 0 0 0
53| 0 0 0
54| 0 0 0
55| 0 0 0
56| 0 0 0
57| 0 0 0
58| 0 0 0
59| 0 0 0
60| 0 0 0
61| 0 0 0
62| 0 0 0
63| 0 0 0
64| 0 0 0
65| 0 0 0
66| 0 0 0
67| 0 0 0
68| 0 0 0
69| 0 0 0
70| 0 0 0
71| 0 0 0
72| 0 0 0
73| 0 0 0
74| 0 0 0
75| 0 0 0
76| 0 0 0
77| 0 0 0
78| 0 0 0
79| 0 0 0
80| 0 0 0
81| 0 0 0
82| 0 0 0
83| 0 0 0
84| 0 0 0
85| 0 0 0
86| 0 0 0
87| 0 0 0
88| 0 0 0
89| 0 0 0
90| 0 0 0
91| 0 0 0
92| 0 0 0
93| 0 0 0
94| 0 0 0
95| 0 0 0
96| 0 0 0
97| 0 0 0
98| 0 0 0
99| 0 0 0
100| 0 0 0
101| 0 0 0
102| 0 0 0
103| 0 0 0
104| 0 0 0
105| 0 0 0
106| 0 0 0
107| 0 0 0
108| 0 0 0
109| 0 0 0
110| 0 0 0
111| 0 0 0
112| 0 0 0
113| 0 0 0
114| 0 0 0
115| 0 0 0
116| 0 0 0
117| 0 0 0
118| 0 0 0
119| 0 0 0
120| 0 0 0
121| 0 0 0
122| 0 0 0
123| 0 0 0
124| 0 0 0
125| 0 0 0
126| 0 0 0
127| 0 0 0
128| 0 0 0
129| 0 0 0
130| 0 0 0
131| 0 0 0
132| 0 0 0
133| 0 0 0
134| 0 0 0
135| 0 4 0
136| 0 8 0
137| 0 12 0
138| 0 16 0
139| 0 20 0
140| 0 24 0
141| 0 28 0
142| 0 32 0
143| 0 36 0
144| 0 40 0
145| 0 43,99999 0
146| 0 0 0
147| 0 0 0
148| 0 0 0
149| 0 0 0
150| 0 0 0
151| 0 0 0
152| 0 0 0
153| 0 4 0
154| 0 8 0
155| 0 12 0
156| 0 16 0
157| 0 20 0
158| 0 24 0
159| 0 28 0
160| 0 32 0
161| 0 36 0
162| 0 40 0
163| 0 43,99999 0
164| 0 47,99999 0
165| 0 51,99999 0
166| 0 55,99999 0
167| 0 60 0
168| 0 64 0
169| 0 68 0
170| 0 72 0
171| 0 76,00001 0
172| 0 80,00001 0
173| 0 84,00001 0
174| 0 88,00002 0
175| 0 92,00002 0
176| 0 96,00002 0
177| 0 100 0
178| 0 104 0
179| 0 108 0
180| 0 112 0
181| 0 116 0
182| 0 120 0
183| 0 124 0
184| 0 128 0
185| 0 132 0
186| 0 136 0
187| 0 0 0
188| 0 0 0
189| 0 0 0
190| 0 0 0
191| 0 0 0
192| 0 0 0
193| 0 0 0
194| 0 0 0
195| 0 0 0
196| 0 4 0
197| 0 8 0
198| 0 12 0
199| 0 16 0
200| 0 20 0
201| 0 24 0
202| 0 28 0
203| 0 32 0
204| 0 36 0
205| 0 40 0
206| 0 43,99999 0
207| 0 47,99999 0
208| 0 51,99999 0
209| 0 55,99999 0
210| 0 60 0
211| 0 64 0
212| 0 68 0
213| 0 72 0
214| 0 76,00001 0
215| 0 80,00001 0
216| 0 84,00001 0
217| 0 88,00002 0
218| 0 92,00002 0
219| 0 96,00002 0
220| 0 100 0
221| 0 104 0
222| 0 108 0
223| 0 112 0
224| 0 116 0
225| 0 120 0
226| 0 124 0
227| 0 128 0
228| 0 132 0
229| 0 136 0
230| 0 140 0
231| 0 144 0
232| 0 148 0
233| 0 152 0
234| 0 156 0
235| 0 160 0
236| 0 164 0
237| 0 168 0
238| 0 171,9999 0
239| 0 175,9999 0
240| 0 179,9999 0
241| 0 183,9999 0
242| 0 187,9999 0
243| 0 191,9999 0
244| 0 195,9999 0
245| 0 199,9999 0
246| 0 203,9999 0
247| 0 207,9999 0
248| 0 211,9999 0
249| 0 215,9999 0
250| 0 219,9999 0
251| 0 223,9999 0
252| 0 227,9999 0
253| 0 231,9999 0
254| 0 235,9999 0
255| 0 239,9999 0
256| 0 243,9999 0
257| 0 247,9999 0
258| 0 251,9999 0
259| 0 255,9999 0
260| 0 259,9999 0
261| 0 263,9999 0
262| 0 267,9999 0
263| 0 271,9998 0
264| 0 275,9998 0
265| 0 279,9998 0
266| 0 283,9998 0
267| 0 287,9998 0
268| 0 291,9998 0
269| 0 295,9998 0
270| 0 299,9998 0
271| 0 303,9998 0
272| 0 307,9998 0
273| 0 311,9998 0
274| 0 315,9998 0
275| 0 319,9998 0
276| 0 323,9998 0
277| 0 327,9998 0
278| 0 331,9998 0
279| 0 335,9998 0
280| 0 339,9998 0
281| 0 343,9998 0
282| 0 347,9998 0
283| 0 351,9998 0
284| 0 355,9998 0
285| 0 359,9998 0
286| 0 363,9998 0
287| 0 367,9998 0
288| 0 371,9998 0
289| 0 375,9998 0
290| 0 379,9998 0
291| 0 383,9998 0
292| 0 387,9998 0
293| 0 391,9998 0
294| 0 395,9998 0
295| 0 399,9997 0
296| 0 400 0
297| 0 400 0
298| 0 400 0
299| 0 400 0
300| 0 400 0
301| 0 400 0
302| 0 400 0
303| 0 400 0
304| 0 400 0
305| 0 400 0
306| 0 400 0
307| 0 400 0
308| 0 400 0
309| 0 400 0
310| 0 400 0
311| 0 400 0
312| 0 400 0
313| 0 400 0
314| 0 400 0
315| 0 400 0
316| 0 400 0
317| 0 400 0
318| 0 400 0
319| 0 400 0
320| 0 400 0
321| 0 400 0
322| 0 400 0
323| 0 400 0
324| 0 400 0
325| 0 400 0
326| 0 400 0
327| 0 400 0
328| 0 400 0
329| 0 400 0
330| 0 400 0
331| 0 400 0
332| 0 400 0
333| 0 400 0
334| 0 400 0
335| 0 400 0
336| 0 400 0
337| 0 400 0
338| 0 400 0
339| 0 400 0
340| 0 400 0
341| 0 400 0
342| 0 400 0
343| 0 400 0
344| 0 0 0
345| 0 0 0
346| 0 0 0
347| 0 0 0
348| 0 0 0
349| 0 0 0
350| 0 0 0
351| 0 0 0
352| 0 0 0
353| 0 0 0
354| 0 0 0
355| 0 0 0
356| 0 0 0
357| 0 0 0
358| 0 0 0
359| 0 0 0
360| 0 0 0
361| 0 0 0
362| 0 0 0
363| 0 0 0
364| 0 0 0
365| 0 0 0
366| 0 0 0
367| 0 0 0
368| 0 0 0
369| 0 0 0
370| 0 0 0
371| 0 0 0
372| -0,3 0 0
373| -0,6 0 0
374| -0,9 0 0
375| -1,2 0 0
376| -1,5 0 0
377| -1,8 0 0
378| -2,1 0 0
379| -2,4 0 0
380| -2,7 0 0
381| -3 0 0
382| -3,299999 0 0
383| -3,599999 0 0
384| -3,899999 0 0
385| -4,2 0 0
386| -4,5 0 0
387| -4,8 0 0
388| -5,1 0 0
389| -5,4 0 0
390| -5,7 0 0
391| -6 0 0
392| -6,300001 0 0
393| -6,600001 0 0
394| -6,900001 0 0
395| -7,200001 0 0
396| -7,500001 0 0
397| -7,800001 0 0
398| -8,1 0 0
399| -8,4 0 0
400| -8,7 0 0
401| -8,999999 0 0
402| 0 0 0
403| -0,3 0 0
404| -0,6 0 0
405| -0,9 0 0
406| -1,2 0 0
407| 0 0 0
408| 0 0 0
409| 0 0 0
410| 0 0 0
411| 0 0 0
412| 0 0 0
413| 0 0 0
414| 0 0 0
415| 0 0 0
416| 0 0 0
417| 0 0 0
418| 0 0 0
419| 0 0 0
420| -0,3 0 0
421| -0,6 0 0
422| -0,9 0 0
423| -1,2 0 0
424| -1,5 0 0
425| -1,8 0 0
426| -2,1 0 0
427| -2,4 0 0
428| -2,7 0 0
429| -3 0 0
430| -3,299999 0 0
431| -3,599999 0 0
432| -3,899999 0 0
433| -4,2 0 0
434| -4,5 0 0
435| -4,8 0 0
436| -5,1 0 0
437| -5,4 0 0
438| -5,7 0 0
439| -6 0 0
440| -6,300001 0 0
441| -6,600001 0 0
442| 0 0 0
443| 0 0 0
444| 0 0 0
445| 0 0 0
446| 0 0 0
447| 0 0 0
448| 0 0 0
449| 0 0 0
450| 0 0 0
451| 0 0 0
452| 0 0 0
453| 0 0 0
454| 0 0 0
455| 0 0 0
456| 0 0 0
457| 0 0 0
458| 0 4 0
459| 0 8 0
460| 0 12 0
461| 0 16 0
462| 0 20 0
463| 0 24 0
464| 0 28 0
465| 0 32 0
466| 0 36 0
467| 0 40 0
468| 0 43,99999 0
469| 0 47,99999 0
470| 0 51,99999 0
471| 0 55,99999 0
472| 0 60 0
473| 0 64 0
474| 0 68 0
475| 0 72 0
476| 0 76,00001 0
477| 0 80,00001 0
478| 0 84,00001 0
479| 0 88,00002 0
480| 0 92,00002 0
481| 0 96,00002 0
482| 0 100 0
483| 0 104 0
484| 0 108 0
485| 0 112 0
486| 0 116 0
487| 0 120 0
488| 0 124 0
489| 0 128 0
490| 0 132 0
491| 0 136 0
492| 0 140 0
493| 0 144 0
494| 0 148 0
495| 0 152 0
496| 0 156 0
497| 0 160 0
498| 0 164 0
499| 0 168 0
500| 0 171,9999 0
501| 0 175,9999 0
502| 0 179,9999 0
503| 0 183,9999 0
504| 0 187,9999 0
505| 0 191,9999 0
506| 0 195,9999 0
507| 0 199,9999 0
508| 0 203,9999 0
509| 0 207,9999 0
510| 0 211,9999 0
511| 0 215,9999 0
512| 0 219,9999 0
513| 0 223,9999 0
514| 0 227,9999 0
515| 0 231,9999 0
516| 0 235,9999 0
517| 0 239,9999 0
518| 0 243,9999 0
519| 0 247,9999 0
520| 0 251,9999 0
521| 0 255,9999 0
522| 0 259,9999 0
523| 0 263,9999 0
524| 0 267,9999 0
525| 0 271,9998 0
526| 0 275,9998 0
527| 0 279,9998 0
528| 0 283,9998 0
529| 0 287,9998 0
530| 0 291,9998 0
531| 0 295,9998 0
532| 0 299,9998 0
533| 0 303,9998 0
534| 0 307,9998 0
535| 0 311,9998 0
536| 0 315,9998 0
537| 0 319,9998 0
538| 0 323,9998 0
539| 0 327,9998 0
540| 0 331,9998 0
541| 0 335,9998 0
542| 0 339,9998 0
543| 0 343,9998 0
544| 0 347,9998 0
545| 0 351,9998 0
546| 0 355,9998 0
547| 0 359,9998 0
548| 0 363,9998 0
549| 0 367,9998 0
550| 0 371,9998 0
551| 0 375,9998 0
552| 0 379,9998 0
553| 0 383,9998 0
554| 0 387,9998 0
555| 0 391,9998 0
556| 0 395,9998 0
557| 0 399,9997 0
558| 0 400 0
559| 0 400 0
560| 0 400 0
561| 0 400 0
562| 0 400 0
563| 0 400 0
564| 0 400 0
565| 0 400 0
566| 0 400 0
567| 0 400 0
568| 0 400 0
569| 0 400 0
570| 0 400 0
571| 0 400 0
572| 0 400 0
573| 0 400 0
574| 0 400 0
575| 0 400 0
576| 0 400 0
577| 0 400 0
578| 0 400 0
579| 0 400 0
580| 0 400 0
581| 0 400 0
582| 0 400 0
583| 0 400 0
584| 0 400 0
585| 0 400 0
586| 0 400 0
587| 0 400 0
588| 0 400 0
589| 0 400 0
590| 0 400 0
591| 0 400 0
592| 0 400 0
593| 0 400 0
594| 0 400 0
595| 0 400 0
596| 0 400 0
597| 0 400 0
598| 0 400 0
599| 0 400 0
600| 0 400 0
601| 0 400 0
602| 0 400 0
603| 0 400 0
604| 0 400 0
605| 0 400 0
606| 0 400 0
607| 0 400 0
608| 0 400 0
609| 0 400 0
610| 0 400 0
611| 0 400 0
612| 0 400 0
613| 0 400 0
614| 0 400 0
615| 0 400 0
616| 0 400 0
617| 0 400 0
618| 0 400 0
619| 0 400 0
620| 0 400 0
621| 0 400 0
622| 0 400 0
623| 0 400 0
624| 0 400 0
625| 0 400 0
626| 0 400 0
627| 0 400 0
628| 0 400 0
629| 0 400 0
630| 0 400 0
631| 0 400 0
632| 0 400 0
633| 0 400 0
634| 0 400 0
635| 0 400 0
636| 0 400 0
637| 0 400 0
638| 0 400 0
639| 0 400 0
640| 0 400 0
641| 0 400 0
642| 0 400 0
643| 0 400 0
644| 0 400 0
645| 0 400 0
646| 0 400 0
647| 0 400 0
648| 0 400 0
649| 0 400 0
650| 0 400 0
651| 0 400 0
652| 0 400 0
653| 0 400 0
654| 0 400 0
655| 0 400 0
656| 0 400 0
657| 0 400 0
658| 0 400 0
659| 0 400 0
660| 0 400 0
661| 0 400 0
662| 0 400 0
663| 0 400 0
664| 0 400 0
665| 0 400 0
666| 0 400 0
667| 0 400 0
668| 0 400 0
669| 0 400 0
670| 0 400 0
671| 0 400 0
672| 0 400 0
673| 0 400 0
674| 0 400 0
675| 0 400 0
676| 0 400 0
677| 0 400 0
678| 0 400 0
679| 0 400 0
680| 0 400 0
681| 0 400 0
682| 0 400 0
683| 0 400 0
684| 0 400 0
685| 0 400 0
686| 0 400 0
687| 0 400 0
688| 0 400 0
689| 0 400 0
690| 0 400 0
691| 0 400 0
692| 0 400 0
693| 0 400 0
694| 0 400 0
695| 0 400 0
696| 0 400 0
697| 0 400 0
698| 0 400 0
699| 0 400 0
700| 0 400 0
701| 0 400 0
702| 0 400 0
703| 0 400 0
704| 0 400 0
705| 0 400 0
706| 0 400 0
707| 0 400 0
708| 0 400 0
709| 0 400 0
710| 0 400 0
711| 0 400 0
712| 0 400 0
713| 0 400 0
714| 0 400 0
715| 0 400 0
716| 0 400 0
717| 0 400 0
718| 0 400 0
719| 0 400 0
720| 0 400 0
721| 0 400 0
722| 0 400 0
723| 0 400 0
724| 0 400 0
725| 0 400 0
726| 0 400 0
727| 0 400 0
728| 0 400 0
729| 0 400 0
730| 0 400 0
731| 0 400 0
732| 0 400 0
733| 0 400 0
734| 0 400 0
735| 0 400 0
736| 0 400 0
737| 0 400 0
738| 0 400 0
739| 0 400 0
740| 0 400 0
741| 0 400 0
742| 0 400 0
743| 0 400 0
744| 0 400 0
745| 0 400 0
746| 0 400 0
747| 0 400 0
748| 0 400 0
749| 0 400 0
750| 0 400 0
751| 0 400 0
752| 0 400 0
753| 0 400 0
754| 0 400 0
755| 0 400 0
756| 0 400 0
757| 0 400 0
758| 0 400 0
759| 0 400 0
760| 0 400 0
761| 0 400 0
762| 0 400 0
763| 0 400 0
764| 0 400 0
765| 0 400 0
766| 0 400 0
767| 0 400 0
768| 0 400 0
769| 0 400 0
770| 0 400 0
771| 0 400 0
772| 0 400 0
773| 0,3 400 0
774| 0,6 400 0
775| 0,9 400 0
776| 1,2 400 0
777| 1,5 400 0
778| 1,8 400 0
779| 2,1 400 0
780| 2,4 400 0
781| 2,7 400 0
782| 3 400 0
783| 3,299999 400 0
784| 3,599999 400 0
785| 0 0 0
786| 0 0 0
787| 0 0 0
788| 0 0 0
789| 0 0 0
790| 0 0 0
791| 0 0 0
792| 0,3 0 0
793| 0,6 0 0
794| 0,9 0 0
795| 1,2 0 0
796| 1,5 0 0
797| 1,8 0 0
798| 2,1 0 0
799| 2,4 0 0
800| 0 0 0
801| 0 0 0
802| 0 0 0
803| 0 0 0
804| 0 4 0
805| 0 8 0
806| 0 12 0
807| 0 16 0
808| 0 20 0
809| 0 24 0
810| 0 28 0
811| 0 32 0
812| 0 36 0
813| 0 40 0
814| 0 43,99999 0
815| 0 47,99999 0
816| 0 51,99999 0
817| 0 55,99999 0
818| 0 60 0
819| 0 64 0
820| 0 68 0
821| 0 0 0
822| 0 0 0
823| 0 0 0
824| 0 0 0
825| 0 0 0
826| 0 0 0
827| 0 0 0
828| 0 0 0
829| 0 0 0
830| 0 0 0
831| 0 0 0
832| 0 0 0
833| 0 4 0
834| 0 8 0
835| 0 12 0
836| 0 16 0
837| 0 20 0
838| 0 24 0
839| 0 28 0
840| 0 32 0
841| 0 36 0
842| 0 40 0
843| 0 43,99999 0
844| 0 47,99999 0
845| 0 51,99999 0
846| 0 55,99999 0
847| 0 60 0
848| 0 64 0
849| 0 68 0
850| 0 72 0
851| 0 76,00001 0
852| 0 80,00001 0
853| 0 84,00001 0
854| 0 88,00002 0
855| 0 92,00002 0
856| 0 96,00002 0
857| 0 100 0
858| 0 104 0
859| 0 108 0
860| 0 112 0
861| 0 116 0
862| 0 120 0
863| 0 124 0
864| 0 128 0
865| -0,3 132 0
866| -0,6 132 0
867| -0,9 132 0
868| -1,2 132 0
869| -1,5 132 0
870| -1,8 132 0
871| -2,1 132 0
872| -2,4 132 0
873| -2,7 132 0
874| -3 132 0
875| -3,299999 132 0
876| -3,599999 132 0
877| -3,899999 132 0
878| -4,2 132 0
879| -4,5 132 0
880| -4,8 132 0
881| -5,1 132 0
882| -5,4 132 0
883| -5,7 132 0
884| -6 132 0
885| -6,300001 132 0
886| -6,600001 132 0
887| 0 0 0
888| 0 0 0
889| 0 0 0
890| 0 0 0
891| 0 0 0
892| 0 0 0
893| 0 4 0
894| 0 8 0
895| 0 12 0
896| 0 16 0
897| 0 20 0
898| 0 24 0
899| 0 28 0
900| 0 32 0
901| 0 36 0
902| 0 40 0
903| 0 43,99999 0
904| 0 47,99999 0
905| 0 51,99999 0
906| 0 55,99999 0
907| 0 60 0
908| 0 64 0
909| 0 68 0
910| 0 72 0
911| 0 76,00001 0
912| 0 80,00001 0
913| 0 84,00001 0
914| 0 88,00002 0
915| 0 92,00002 0
916| 0 96,00002 0
917| 0 100 0
918| 0 104 0
919| 0 108 0
920| 0 112 0
921| 0 116 0
922| 0 120 0
923| 0 124 0
924| 0 128 0
925| 0 132 0
926| 0 136 0
927| 0 140 0
928| 0 144 0
929| 0 148 0
930| 0 152 0
931| 0 156 0
932| 0 160 0
933| 0 164 0
934| 0 168 0
935| 0 171,9999 0
936| 0 175,9999 0
937| 0 179,9999 0
938| 0 183,9999 0
939| 0 187,9999 0
940| 0 191,9999 0
941| 0 195,9999 0
942| 0 199,9999 0
943| 0 203,9999 0
944| 0 207,9999 0
945| 0 211,9999 0
946| 0 215,9999 0
947| 0 219,9999 0
948| 0 223,9999 0
949| 0 227,9999 0
950| 0 231,9999 0
951| 0 235,9999 0
952| 0 239,9999 0
953| 0 243,9999 0
954| 0 247,9999 0
955| 0 251,9999 0
956| 0 255,9999 0
957| 0 259,9999 0
958| 0 263,9999 0
959| 0 267,9999 0
960| 0 271,9998 0
961| 0 275,9998 0
962| 0 279,9998 0
963| 0 283,9998 0
964| 0 287,9998 0
965| 0 291,9998 0
966| 0 295,9998 0
967| 0 299,9998 0
968| 0 303,9998 0
969| 0 307,9998 0
970| 0 311,9998 0
971| 0 315,9998 0
972| 0 319,9998 0
973| 0 323,9998 0
974| 0 327,9998 0
975| 0 0 0
976| 0 0 0
977| 0 0 0
978| 0 0 0
979| 0 0 0
980| 0 0 0
981| 0 0 0
982| 0 0 0
983| 0 4 0
984| 0 8 0
985| 0 12 0
986| 0 16 0
987| 0 20 0
988| 0 24 0
989| 0 28 0
990| 0 32 0
991| 0 36 0
992| 0 40 0
993| 0 43,99999 0
994| 0 47,99999 0
995| 0 51,99999 0
996| 0 55,99999 0
997| -0,3 55,99999 0
998| -0,6 55,99999 0
999| -0,9 55,99999 0
1000| -1,2 55,99999 0
1001| -1,5 55,99999 0
1002| -1,8 55,99999 0
1003| -2,1 55,99999 0
1004| -2,4 55,99999 0
1005| -2,7 55,99999 0
1006| -3 55,99999 0
1007| -3,299999 55,99999 0
1008| -3,599999 55,99999 0
1009| -3,899999 55,99999 0
1010| -4,2 55,99999 0
1011| -4,5 55,99999 0
1012| 0 0 0
1013| 0 0 0
1014| 0 0 0
1015| 0 0 0
1016| 0 0 0
1017| 0 0 0
1018| 0 0 0
1019| 0 4 0
1020| 0 8 0
1021| 0 12 0
1022| 0 16 0
1023| 0 20 0
1024| 0 24 0
1025| 0 28 0
1026| 0 32 0
1027| 0 36 0
1028| 0 40 0
1029| 0 43,99999 0
1030| 0 47,99999 0
1031| 0 51,99999 0
1032| 0 55,99999 0
1033| 0 60 0
1034| 0 64 0
1035| 0 68 0
1036| 0 72 0
1037| 0 76,00001 0
1038| 0 80,00001 0
1039| 0 84,00001 0
1040| 0 88,00002 0
1041| 0 92,00002 0
1042| 0 96,00002 0
1043| 0 100 0
1044| 0 104 0
1045| 0 108 0
1046| 0 112 0
1047| 0 116 0
1048| 0 120 0
1049| 0 124 0
1050| 0 128 0
1051| 0 132 0
1052| 0 136 0
1053| 0 140 0
1054| 0 144 0
1055| 0 148 0
1056| 0 152 0
1057| 0 156 0
1058| 0 160 0
1059| 0 164 0
1060| 0 168 0
1061| 0 171,9999 0
1062| 0 175,9999 0
1063| 0 179,9999 0
1064| 0 183,9999 0
1065| 0 187,9999 0
1066| 0 191,9999 0
1067| 0 195,9999 0
1068| 0 199,9999 0
1069| 0 203,9999 0
1070| 0 207,9999 0
1071| 0 211,9999 0
1072| 0 215,9999 0
1073| 0 219,9999 0
1074| 0 223,9999 0
1075| 0 227,9999 0
1076| 0 231,9999 0
1077| 0 235,9999 0
1078| 0 239,9999 0
1079| 0 243,9999 0
1080| 0 247,9999 0
1081| 0 251,9999 0
1082| 0 255,9999 0
1083| 0 259,9999 0
1084| 0 263,9999 0
1085| 0 267,9999 0
1086| 0 271,9998 0
1087| 0 275,9998 0
1088| 0 279,9998 0
1089| 0 283,9998 0
1090| 0 287,9998 0
1091| 0 291,9998 0
1092| 0 295,9998 0
1093| 0 299,9998 0
1094| 0 303,9998 0
1095| 0 307,9998 0
1096| 0 311,9998 0
1097| 0 315,9998 0
1098| 0 319,9998 0
1099| 0 323,9998 0
1100| 0 327,9998 0
1101| 0 331,9998 0
1102| 0 335,9998 0
1103| 0 339,9998 0
1104| 0 343,9998 0
1105| 0 347,9998 0
1106| 0 351,9998 0
1107| 0 355,9998 0
1108| 0 359,9998 0
1109| 0 363,9998 0
1110| 0 367,9998 0
1111| 0 371,9998 0
1112| 0 375,9998 0
1113| 0 379,9998 0
1114| 0 383,9998 0
1115| 0 387,9998 0
1116| 0 391,9998 0
1117| 0 395,9998 0
1118| 0 399,9997 0
1119| 0 400 0
1120| 0 400 0
1121| 0 400 0
1122| 0 400 0
1123| 0 400 0
1124| 0 400 0
1125| 0 400 0
1126| 0 400 0
1127| 0 400 0
1128| 0 400 0
1129| 0 400 0
1130| 0 400 0
1131| 0 400 0
1132| 0 400 0
1133| 0 400 0
1134| 0 400 0
1135| 0 400 0
1136| 0 400 0
1137| 0 400 0
1138| 0 400 0
1139| 0 400 0
1140| 0 400 0
1141| 0 400 0
1142| 0 400 0
1143| 0 400 0
1144| 0 400 0
1145| 0 400 0
1146| 0 400 0
1147| 0 400 0
1148| 0 400 0
1149| 0 400 0
1150| 0 400 0
1151| 0 400 0
1152| 0 400 0
1153| 0 400 0
1154| 0 400 0
1155| 0 400 0
1156| 0 400 0
1157| 0 400 0
1158| 0 400 0
1159| 0 400 0
1160| 0 400 0
1161| 0 400 0
1162| 0 400 0
1163| 0 400 0
1164| 0 400 0
1165| 0 400 0
1166| 0 400 0
1167| 0 400 0
1168| 0 400 0
1169| 0 0 0
1170| 0 0 0
1171| 0 0 0
1172| 0 4 0
1173| 0 8 0
1174| 0 12 0
1175| 0 16 0
1176| 0 20 0
1177| 0 24 0
1178| 0 28 0
1179| 0 32 0
1180| 0 36 0
1181| 0 40 0
1182| 0 43,99999 0
1183| 0 47,99999 0
1184| 0 51,99999 0
1185| 0 55,99999 0
1186| 0 0 0
1187| 0 0 0
1188| 0 0 0
1189| 0 4 0
1190| -0,3 8 0
1191| -0,6 12 0
1192| -0,9 12 0
1193| -1,2 12 0
1194| -1,5 12 0
1195| -1,8 12 0
1196| -2,1 12 0
1197| -2,4 12 0
1198| -2,7 12 0
1199| -3 12 0
1200| -3,299999 12 0
1201| -3,599999 12 0
1202| -3,899999 12 0
1203| 0 0 0
1204| -0,3 0 0
1205| -0,6 0 0
1206| -0,9 0 0
1207| -1,2 0 0
1208| -1,5 0 0
1209| -1,8 0 0
1210| -2,1 0 0
1211| -2,4 0 0
1212| -2,7 0 0
1213| -3 0 0
1214| -3,299999 0 0
1215| 0 0 0
1216| 0 0 0
1217| 0 0 0
1218| 0 0 0
1219| 0 0 0
1220| 0 0 0
1221| 0 4 0
1222| 0 8 0
1223| 0 12 0
1224| 0 16 0
1225| 0 20 0
1226| 0 24 0
1227| 0 28 0
1228| 0 32 0
1229| 0 36 0
1230| 0 40 0
1231| 0 43,99999 0
1232| 0 47,99999 0
1233| 0 51,99999 0
1234| 0 55,99999 0
1235| 0 60 0
1236| 0 64 0
1237| 0 68 0
1238| 0 72 0
1239| 0 76,00001 0
1240| 0 80,00001 0
1241| 0 84,00001 0
1242| 0 88,00002 0
1243| 0 92,00002 0
1244| 0 96,00002 0
1245| 0 100 0
1246| 0 104 0
1247| 0 108 0
1248| 0 112 0
1249| 0 116 0
1250| 0 120 0
1251| 0 124 0
1252| 0 128 0
1253| 0 132 0
1254| 0 136 0
1255| 0 140 0
1256| 0 144 0
1257| 0 148 0
1258| 0 152 0
1259| 0 156 0
1260| 0 160 0
1261| 0 164 0
1262| 0 168 0
1263| 0 171,9999 0
1264| 0 175,9999 0
1265| 0 179,9999 0
1266| 0 183,9999 0
1267| 0 187,9999 0
1268| 0 191,9999 0
1269| 0 195,9999 0
1270| 0 199,9999 0
1271| 0 203,9999 0
1272| 0 207,9999 0
1273| 0 211,9999 0
1274| 0 215,9999 0
1275| 0 219,9999 0
1276| 0 223,9999 0
1277| 0 227,9999 0
1278| 0 231,9999 0
1279| 0 235,9999 0
1280| 0 239,9999 0
1281| 0 243,9999 0
1282| 0 247,9999 0
1283| 0 251,9999 0
1284| 0 255,9999 0
1285| 0 259,9999 0
1286| 0 263,9999 0
1287| 0 267,9999 0
1288| 0 271,9998 0
1289| 0 275,9998 0
1290| 0 279,9998 0
1291| 0 283,9998 0
1292| 0 287,9998 0
1293| 0 291,9998 0
1294| 0 295,9998 0
1295| 0 299,9998 0
1296| 0 303,9998 0
1297| 0 307,9998 0
1298| 0 311,9998 0
1299| 0 315,9998 0
1300| 0 319,9998 0
1301| 0 323,9998 0
1302| 0 327,9998 0
1303| 0 331,9998 0
1304| 0 335,9998 0
1305| 0 339,9998 0
1306| 0 343,9998 0
1307| 0 347,9998 0
1308| 0 351,9998 0
1309| 0 355,9998 0
1310| 0 359,9998 0
1311| 0 363,9998 0
1312| 0 367,9998 0
1313| 0 371,9998 0
1314| 0 375,9998 0
1315| 0 379,9998 0
1316| 0 383,9998 0
1317| 0 387,9998 0
1318| 0 391,9998 0
1319| 0 395,9998 0
1320| 0 399,9997 0
1321| 0 400 0
1322| 0 400 0
1323| 0 400 0
1324| 0 400 0
1325| 0 400 0
1326| 0 400 0
1327| 0 400 0
1328| 0 400 0
1329| 0 400 0
1330| 0 0 0
1331| 0 0 0
1332| -0,3 0 0
1333| -0,6 0 0
1334| -0,9 0 0
1335| -1,2 0 0
1336| -1,5 0 0
1337| -1,8 0 0
1338| -2,1 0 0
1339| -2,4 0 0
1340| -2,7 0 0
1341| -3 0 0
1342| -3,299999 0 0
1343| -3,599999 0 0
1344| -3,899999 0 0
1345| -4,2 0 0
1346| -4,5 0 0
1347| -4,8 0 0
1348| -5,1 0 0
1349| -5,4 0 0
1350| -5,7 0 0
1351| -6 0 0
1352| -6,300001 0 0
1353| -6,600001 0 0
1354| -6,900001 0 0
1355| -7,200001 0 0
1356| -7,500001 0 0
1357| -7,800001 0 0
1358| -8,1 0 0
1359| 0 0 0
1360| 0 0 0
1361| 0 0 0
1362| 0 0 0
1363| 0 0 0
1364| 0 4 0
1365| 0 8 0
1366| 0 12 0
1367| 0 16 0
1368| 0 20 0
1369| 0 24 0
1370| 0 28 0
1371| 0 32 0
1372| 0 36 0
1373| 0 40 0
1374| 0 43,99999 0
1375| 0 47,99999 0
1376| 0 51,99999 0
1377| 0 55,99999 0
1378| 0 60 0
1379| 0 64 0
1380| 0 68 0
1381| 0 72 0
1382| 0 76,00001 0
1383| 0 80,00001 0
1384| 0 84,00001 0
1385| 0 88,00002 0
1386| 0 92,00002 0
1387| 0 96,00002 0
1388| 0 100 0
1389| 0 104 0
1390| 0 108 0
1391| 0 112 0
1392| 0 116 0
1393| 0 120 0
1394| 0 124 0
1395| 0 128 0
1396| 0 132 0
1397| 0 136 0
1398| 0 140 0
1399| 0 144 0
1400| 0 148 0
1401| 0 152 0
1402| 0 156 0
1403| 0 160 0
1404| 0 164 0
1405| 0 168 0
1406| 0 171,9999 0
1407| 0 175,9999 0
1408| 0 179,9999 0
1409| 0 183,9999 0
1410| 0 187,9999 0
1411| 0 191,9999 0
1412| 0 195,9999 0
1413| 0 199,9999 0
1414| 0 203,9999 0
1415| 0 207,9999 0
1416| 0 211,9999 0
1417| 0 215,9999 0
1418| 0 219,9999 0
1419| 0 223,9999 0
1420| 0 227,9999 0
1421| 0 231,9999 0
1422| 0 235,9999 0
1423| 0 239,9999 0
1424| 0 243,9999 0
1425| 0 247,9999 0
1426| 0 251,9999 0
1427| 0 255,9999 0
1428| 0 259,9999 0
1429| 0 263,9999 0
1430| 0 267,9999 0
1431| 0 271,9998 0
1432| 0 275,9998 0
1433| 0 279,9998 0
1434| 0 283,9998 0
1435| 0 287,9998 0
1436| 0 291,9998 0
1437| 0 295,9998 0
1438| 0 299,9998 0
1439| 0 303,9998 0
1440| 0 307,9998 0
1441| 0 311,9998 0
1442| 0 315,9998 0
1443| 0 319,9998 0
1444| 0 323,9998 0
1445| 0 327,9998 0
1446| 0 331,9998 0
1447| 0 335,9998 0
1448| 0 339,9998 0
1449| 0 343,9998 0
1450| 0 347,9998 0
1451| 0 351,9998 0
1452| 0 355,9998 0
1453| 0 359,9998 0
1454| 0 363,9998 0
1455| 0 367,9998 0
1456| 0 371,9998 0
1457| 0 375,9998 0
1458| 0,3 375,9998 0
1459| 0,6 375,9998 0
1460| 0,9 375,9998 0
1461| 1,2 375,9998 0
1462| 1,5 375,9998 0
1463| 1,8 375,9998 0
1464| 2,1 375,9998 0
1465| 2,4 375,9998 0
1466| 2,7 375,9998 0
1467| 3 375,9998 0
1468| 3,299999 375,9998 0
1469| 3,599999 375,9998 0
1470| 3,899999 375,9998 0
1471| 4,2 375,9998 0
1472| 0 0 0
1473| 0 0 0
1474| 0 0 0
1475| 0 0 0
1476| 0 0 0
1477| 0,3 0 0
1478| 0,6 0 0
1479| 0,9 0 0
1480| 1,2 0 0
1481| 1,5 0 0
1482| 1,8 0 0
1483| 2,1 0 0
1484| 2,4 0 0
1485| 2,7 0 0
1486| 3 0 0
1487| 3,299999 0 0
1488| 3,599999 0 0
1489| 3,899999 0 0
1490| 0 0 0
1491| 0 0 0
1492| 0 0 0
1493| 0 0 0
1494| 0 0 0
1495| 0 0 0
1496| 0 0 0
1497| 0,3 0 0
1498| 0,6 0 0
1499| 0,9 0 0
1500| 1,2 0 0
1501| 1,5 0 0
1502| 1,8 0 0
1503| 2,1 0 0
1504| 2,4 0 0
1505| 2,7 0 0
1506| 0 0 0
1507| 0 0 0
1508| 0 0 0
1509| 0 0 0
1510| 0 0 0
1511| 0 0 0
1512| 0 0 0
1513| 0,3 0 0
1514| 0,6 0 0
1515| 0,9 0 0
1516| 1,2 0 0
1517| 1,5 0 0
1518| 1,8 0 0
1519| 2,1 0 0
1520| 2,4 0 0
1521| 2,7 0 0
1522| 3 0 0
1523| 3,299999 0 0
1524| 3,599999 0 0
1525| 3,899999 0 0
1526| 0 0 0
1527| 0 0 0
1528| 0 0 0
1529| 0 0 0
1530| 0,3 0 0
1531| 0,6 0 0
1532| 0,9 0 0
1533| 1,2 0 0
1534| 1,5 0 0
1535| 1,8 0 0
1536| 2,1 0 0
1537| 2,4 0 0
1538| 2,7 0 0
1539| 3 0 0
1540| 3,299999 0 0
1541| 3,599999 0 0
1542| 3,899999 0 0
1543| 0 0 0
1544| 0 0 0
1545| 0 0 0
1546| 0 0 0
1547| 0 0 0
1548| 0 0 0
1549| 0 0 0
1550| 0 0 0
1551| 0,3 0 0
1552| 0,6 0 0
1553| 0,9 0 0
1554| 1,2 0 0
1555| 0 0 0
1556| 0 0 0
1557| 0 0 0
1558| 0 4 0
1559| 0 8 0
1560| 0 12 0
1561| 0 16 0
1562| 0 20 0
1563| 0 24 0
1564| 0 0 0
1565| 0 0 0
1566| 0 0 0
1567| 0 0 0
1568| 0 0 0
1569| 0,3 0 0
1570| 0,6 0 0
1571| 0,9 0 0
1572| 1,2 0 0
1573| 1,5 0 0
1574| 1,8 0 0
1575| 2,1 0 0
1576| 2,4 0 0
1577| 2,7 0 0
1578| 3 0 0
1579| 3,299999 0 0
1580| 3,599999 0 0
1581| 3,899999 0 0
1582| 4,2 0 0
1583| 4,5 0 0
1584| 4,8 0 0
1585| 5,1 0 0
1586| 5,4 0 0
1587| 5,7 0 0
1588| 6 0 0
1589| 6,300001 0 0
1590| 6,600001 0 0
1591| 6,900001 0 0
1592| 7,200001 0 0
1593| 7,500001 0 0
1594| 7,800001 0 0
1595| 0 0 0
1596| 0 0 0
1597| 0 0 0
1598| 0 4 0
1599| 0 8 0
1600| 0 12 0
1601| 0 16 0
1602| 0 20 0
1603| 0 24 0
1604| 0 28 0
1605| 0 32 0
1606| 0 36 0
1607| 0 40 0
1608| 0 43,99999 0
1609| 0 0 0
1610| 0 0 0
1611| 0 0 0
1612| 0 0 0
1613| 0 0 0
1614| 0 0 0
1615| 0 4 0
1616| 0 8 0
1617| 0 12 0
1618| 0 16 0
1619| 0 20 0
1620| 0 24 0
1621| 0 28 0
1622| 0 32 0
1623| 0 36 0
1624| 0 40 0
1625| 0 43,99999 0
1626| 0 47,99999 0
1627| 0 51,99999 0
1628| 0 55,99999 0
1629| 0 60 0
1630| 0 64 0
1631| 0 68 0
1632| 0 72 0
1633| 0 76,00001 0
1634| 0 80,00001 0
1635| 0 84,00001 0
1636| 0 88,00002 0
1637| 0 92,00002 0
1638| 0 96,00002 0
1639| 0 100 0
1640| 0 104 0
1641| 0 108 0
1642| 0 112 0
1643| 0 116 0
1644| 0 120 0
1645| 0 0 0
1646| 0,3 0 0
1647| 0,6 0 0
1648| 0,9 0 0
1649| 1,2 0 0
1650| 1,5 0 0
1651| 1,8 0 0
1652| 2,1 0 0
1653| 2,4 0 0
1654| 2,7 0 0
1655| 3 0 0
1656| 3,299999 0 0
1657| 3,599999 0 0
1658| 3,899999 0 0
1659| 4,2 0 0
1660| 4,5 0 0
1661| 4,8 0 0
1662| 5,1 0 0
1663| 5,4 0 0
1664| 5,7 0 0
1665| 6 0 0
1666| 6,300001 0 0
1667| 6,600001 0 0
1668| 6,900001 0 0
1669| 7,200001 0 0
1670| 7,500001 0 0
1671| 7,800001 0 0
1672| 8,1 0 0
1673| 8,4 0 0
1674| 8,4 0 0
1675| 8,4 4 0
1676| 8,4 8 0
1677| 8,4 12 0
1678| 8,4 16 0
1679| 8,4 20 0
1680| 8,4 24 0
1681| 8,4 28 0
1682| 8,4 32 0
1683| 8,4 36 0
1684| 8,4 40 0
1685| 8,4 43,99999 0
1686| 8,4 47,99999 0
1687| 8,4 51,99999 0
1688| 8,4 55,99999 0
1689| 8,4 60 0
1690| 8,4 64 0
1691| 8,4 68 0
1692| 8,4 72 0
1693| 8,4 76,00001 0
1694| 8,4 80,00001 0
1695| 8,4 84,00001 0
1696| 8,4 88,00002 0
1697| 0 88,00002 0
1698| -0,3 88,00002 0
1699| -0,6 88,00002 0
1700| -0,9 88,00002 0
1701| -1,2 88,00002 0
1702| -1,5 88,00002 0
1703| -1,8 88,00002 0
1704| -2,1 88,00002 0
1705| -2,4 88,00002 0
1706| -2,7 88,00002 0
1707| -3 88,00002 0
1708| -3,299999 88,00002 0
1709| -3,599999 88,00002 0
1710| -3,899999 88,00002 0
1711| -4,2 88,00002 0
1712| -4,5 88,00002 0
1713| -4,8 88,00002 0
1714| -5,1 88,00002 0
1715| -5,4 88,00002 0
1716| -5,7 88,00002 0
1717| -6 88,00002 0
1718| -6,300001 88,00002 0
1719| -6,600001 88,00002 0
1720| -6,900001 88,00002 0
1721| -7,200001 88,00002 0
1722| -7,500001 88,00002 0
1723| -7,800001 88,00002 0
1724| 0 0 0
1725| 0 0 0
1726| 0 0 0
1727| 0 0 0
1728| 0 4 0
1729| 0 8 0
1730| 0 12 0
1731| 0 16 0
1732| 0 20 0
1733| 0 24 0
1734| 0 28 0
1735| 0 32 0
1736| 0 36 0
1737| 0 40 0
1738| 0 43,99999 0
1739| 0 47,99999 0
1740| 0 51,99999 0
1741| 0 55,99999 0
1742| 0 60 0
1743| 0 64 0
1744| 0 68 0
1745| 0 72 0
1746| 0 76,00001 0
1747| 0 80,00001 0
1748| 0 84,00001 0
1749| 0 88,00002 0
1750| 0 92,00002 0
1751| 0 96,00002 0
1752| 0 100 0
1753| 0 104 0
1754| 0 108 0
1755| 0 112 0
1756| 0 116 0
1757| 0 120 0
1758| 0 124 0
1759| 0 128 0
1760| 0 132 0
1761| 0 136 0
1762| -0,3 140 0
1763| -0,6 140 0
1764| -0,9 140 0
1765| -1,2 140 0
1766| -1,5 140 0
1767| -1,8 140 0
1768| -2,1 140 0
1769| -2,4 140 0
1770| -2,7 140 0
1771| -3 140 0
1772| -3,299999 140 0
1773| -3,599999 140 0
1774| -3,899999 140 0
1775| -4,2 140 0
1776| -4,5 140 0
1777| -4,8 140 0
1778| -5,1 140 0
1779| -5,4 140 0
1780| -5,7 140 0
1781| -6 140 0
1782| -6,300001 140 0
1783| -6,600001 140 0
1784| -6,900001 140 0
1785| -7,200001 140 0
1786| -7,500001 140 0
1787| -7,800001 140 0
1788| -8,1 140 0
1789| -8,4 140 0
1790| -8,7 140 0
1791| -8,999999 140 0
1792| -9,299999 140 0
1793| -9,599998 140 0
1794| -9,899999 140 0
1795| -10,2 140 0
1796| -10,5 140 0
1797| -10,8 140 0
1798| -11,1 140 0
1799| -11,4 140 0
1800| -11,7 140 0
1801| -12 140 0
1802| -12,3 140 0
1803| 0 0 0
1804| 0 0 0
1805| 0 0 0
1806| 0 4 0
1807| 0 8 0
1808| 0 12 0
1809| 0 16 0
1810| 0 20 0
1811| 0 24 0
1812| 0 28 0
1813| 0 32 0
1814| 0 36 0
1815| 0 40 0
1816| 0 43,99999 0
1817| 0 47,99999 0
1818| 0 51,99999 0
1819| 0 55,99999 0
1820| 0 60 0
1821| 0 64 0
1822| 0 68 0
1823| 0 72 0
1824| 0 76,00001 0
1825| 0 80,00001 0
1826| 0 84,00001 0
1827| 0 88,00002 0
1828| 0 92,00002 0
1829| 0 96,00002 0
1830| 0 100 0
1831| 0 104 0
1832| 0 108 0
1833| 0 112 0
1834| 0 116 0
1835| 0 120 0
1836| 0 124 0
1837| 0 128 0
1838| 0 132 0
1839| 0 136 0
1840| 0 140 0
1841| 0 144 0
1842| 0 148 0
1843| 0 152 0
1844| 0 156 0
1845| 0 160 0
1846| 0 164 0
1847| 0 168 0
1848| 0 171,9999 0
1849| 0 175,9999 0
1850| 0 179,9999 0
1851| 0 183,9999 0
1852| 0 187,9999 0
1853| 0 191,9999 0
1854| 0 195,9999 0
1855| 0 199,9999 0
1856| 0 203,9999 0
1857| 0 207,9999 0
1858| 0 211,9999 0
1859| 0 215,9999 0
1860| 0 219,9999 0
1861| 0 223,9999 0
1862| 0 227,9999 0
1863| 0 231,9999 0
1864| 0 235,9999 0
1865| 0 239,9999 0
1866| 0 243,9999 0
1867| 0 247,9999 0
1868| 0 251,9999 0
1869| 0 255,9999 0
1870| 0 259,9999 0
1871| 0 263,9999 0
1872| 0 267,9999 0
1873| 0 271,9998 0
1874| 0 275,9998 0
1875| 0 279,9998 0
1876| 0 283,9998 0
1877| 0 287,9998 0
1878| 0 291,9998 0
1879| 0 295,9998 0
1880| 0 299,9998 0
1881| 0 303,9998 0
1882| 0 307,9998 0
1883| 0 311,9998 0
1884| 0 315,9998 0
1885| 0 319,9998 0
1886| 0 323,9998 0
1887| 0 327,9998 0
1888| 0 331,9998 0
1889| 0 335,9998 0
1890| 0 339,9998 0
1891| 0 343,9998 0
1892| 0 347,9998 0
1893| 0 351,9998 0
1894| 0 355,9998 0
1895| 0 359,9998 0
1896| 0 363,9998 0
1897| 0 367,9998 0
1898| 0 371,9998 0
1899| 0 375,9998 0
1900| 0 379,9998 0
1901| 0 383,9998 0
1902| 0 387,9998 0
1903| 0 391,9998 0
1904| 0 395,9998 0
1905| 0 399,9997 0
1906| 0 400 0
1907| 0 400 0
1908| 0 400 0
1909| 0 400 0
1910| 0 400 0
1911| 0 400 0
1912| 0 400 0
1913| 0 400 0
1914| 0 400 0
1915| 0 400 0
1916| 0 400 0
1917| 0 400 0
1918| 0 400 0
1919| 0 400 0
1920| 0 400 0
1921| 0 400 0
1922| 0 400 0
1923| 0 400 0
1924| 0 400 0
1925| 0 400 0
1926| 0 400 0
1927| 0 400 0
1928| 0 400 0
1929| 0 400 0
1930| 0 400 0
1931| 0 400 0
1932| 0 400 0
1933| 0 400 0
1934| 0 400 0
1935| 0 400 0
1936| 0 400 0
1937| 0 400 0
1938| 0 400 0
1939| 0 400 0
1940| 0 400 0
1941| 0 400 0
1942| 0 400 0
1943| 0 400 0
1944| 0 400 0
1945| 0 400 0
1946| 0 400 0
1947| 0 400 0
1948| 0 400 0
1949| 0 400 0
1950| 0 400 0
1951| 0 400 0
1952| 0 400 0
1953| 0 400 0
1954| 0 400 0
1955| 0 400 0
1956| 0 400 0
1957| 0 400 0
1958| 0 400 0
1959| 0 400 0
1960| 0 400 0
1961| 0 400 0
1962| 0 400 0
1963| 0 400 0
1964| 0 400 0
1965| 0 400 0
1966| 0 400 0
1967| 0 400 0
1968| 0 400 0
1969| 0 400 0
1970| 0 400 0
1971| 0 400 0
1972| 0 400 0
1973| 0 400 0
1974| 0 400 0
1975| 0 400 0
1976| 0 400 0
1977| 0 400 0
1978| 0 400 0
1979| 0 400 0
1980| 0 400 0
1981| 0 400 0
1982| 0 400 0
1983| 0 400 0
1984| 0 400 0
1985| 0 400 0
1986| 0 400 0
1987| 0 400 0
1988| 0 400 0
1989| 0 400 0
1990| 0 400 0
1991| 0 400 0
1992| -0,3 400 0
1993| -0,6 400 0
1994| -0,9 400 0
1995| -1,2 400 0
1996| -1,5 400 0
1997| -1,8 400 0
1998| -2,1 400 0
1999| -2,4 400 0
2000| -2,4 400 0
2001| -2,4 400 0
2002| -2,4 400 0
2003| -2,4 400 0
2004| -2,4 400 0
2005| -2,4 400 0
2006| -2,4 400 0
2007| -2,7 400 0
2008| -3 400 0
2009| -3,299999 400 0
2010| -3,599999 400 0
2011| -3,899999 400 0
2012| -4,2 400 0
2013| -4,5 400 0
2014| -4,8 400 0
2015| -4,8 400 0
2016| -4,8 400 0
2017| -4,8 400 0
2018| -4,8 400 0
2019| -4,8 400 0
2020| -4,8 400 0
2021| -4,8 400 0
2022| -4,8 400 0
2023| -4,8 400 0
2024| -4,8 400 0
2025| -4,8 400 0
2026| -4,8 400 0
2027| -4,8 400 0
2028| -4,8 400 0
2029| -4,8 400 0
2030| -4,8 400 0
2031| -4,8 400 0
2032| -4,8 400 0
2033| -4,8 400 0
2034| -4,8 400 0
2035| 0 0 0
2036| 0 0 0
2037| 0 0 0
2038| 0 0 0
2039| 0 0 0
2040| 0 0 0
2041| 0 0 0
2042| 0 0 0
2043| 0 4 0
2044| 0 8 0
2045| 0 12 0
2046| 0 16 0
2047| 0 20 0
2048| 0 24 0
2049| 0 28 0
2050| 0 32 0
2051| 0 36 0
2052| 0 40 0
2053| 0 43,99999 0
2054| 0 47,99999 0
2055| 0 51,99999 0
2056| 0 55,99999 0
2057| 0 60 0
2058| 0 64 0
2059| 0 68 0
2060| 0 72 0
2061| 0 76,00001 0
2062| 0 80,00001 0
2063| 0 84,00001 0
2064| 0 88,00002 0
2065| 0 92,00002 0
2066| 0 96,00002 0
2067| 0 100 0
2068| 0 104 0
2069| 0 108 0
2070| 0 112 0
2071| 0 116 0
2072| 0 120 0
2073| 0 124 0
2074| 0 128 0
2075| 0 132 0
2076| 0 136 0
2077| 0 140 0
2078| 0 144 0
2079| 0 148 0
2080| 0 152 0
2081| 0 156 0
2082| 0 160 0
2083| 0 164 0
2084| 0 168 0
2085| 0 171,9999 0
2086| 0 175,9999 0
2087| 0 179,9999 0
2088| 0 183,9999 0
2089| 0 187,9999 0
2090| 0 191,9999 0
2091| 0 195,9999 0
2092| 0 199,9999 0
2093| 0 203,9999 0
2094| 0 207,9999 0
2095| 0 211,9999 0
2096| 0 215,9999 0
2097| 0 219,9999 0
2098| 0 223,9999 0
2099| 0 227,9999 0
2100| 0 231,9999 0
2101| 0 235,9999 0
2102| 0 239,9999 0
2103| 0 243,9999 0
2104| -0,3 247,9999 0
2105| -0,6 251,9999 0
2106| -0,9 255,9999 0
2107| -1,2 259,9999 0
2108| -1,5 263,9999 0
2109| -1,8 267,9999 0
2110| -2,1 271,9998 0
2111| -2,4 275,9998 0
2112| -2,7 279,9998 0
2113| -3 283,9998 0
2114| -3,299999 287,9998 0
2115| -3,599999 291,9998 0
2116| -3,899999 295,9998 0
2117| -4,2 299,9998 0
2118| -4,2 303,9998 0
2119| -4,2 307,9998 0
2120| -4,2 311,9998 0
2121| -4,2 315,9998 0
2122| -4,2 319,9998 0
2123| -4,2 323,9998 0
2124| -4,2 327,9998 0
2125| -4,2 331,9998 0
2126| -4,2 335,9998 0
2127| -4,2 339,9998 0
2128| -4,2 343,9998 0
2129| -4,2 347,9998 0
2130| -4,2 351,9998 0
2131| -4,2 355,9998 0
2132| -4,2 359,9998 0
2133| -4,2 363,9998 0
2134| -4,2 367,9998 0
2135| -4,2 371,9998 0
2136| -4,2 375,9998 0
2137| -4,2 379,9998 0
2138| -4,2 383,9998 0
2139| -4,2 387,9998 0
2140| -4,2 391,9998 0
2141| -4,2 395,9998 0
2142| -4,2 399,9997 0
2143| -4,2 400 0
2144| -4,2 400 0
2145| -4,2 400 0
2146| -4,2 400 0
2147| -4,2 400 0
2148| -4,2 400 0
2149| 0 0 0
2150| 0 0 0
2151| 0 0 0
2152| 0 0 0
2153| 0,3 0 0
2154| 0,6 0 0
2155| 0,9 0 0
2156| 1,2 0 0
2157| 1,5 0 0
2158| 1,8 0 0
2159| 2,1 0 0
2160| 2,4 0 0
2161| 2,7 0 0
2162| 3 0 0
2163| 3,299999 0 0
2164| 3,599999 0 0
2165| 0 0 0
2166| 0 0 0
2167| 0 0 0
2168| 0 0 0
2169| 0 0 0
2170| 0,3 0 0
2171| 0,6 0 0
2172| 0,9 0 0
2173| 1,2 0 0
2174| 1,5 0 0
2175| 1,8 0 0
2176| 2,1 0 0
2177| 2,4 0 0
2178| 2,7 0 0
2179| 3 0 0
2180| 3,299999 0 0
2181| 3,599999 0 0
2182| 3,899999 0 0
2183| 4,2 0 0
2184| 4,5 0 0
2185| 0 0 0
2186| 0 0 0
2187| 0 0 0
2188| 0 0 0
2189| 0 4 0
2190| 0 8 0
2191| 0 12 0
2192| 0 16 0
2193| 0 20 0
2194| 0 24 0
2195| 0 28 0
2196| 0 32 0
2197| 0 36 0
2198| 0 40 0
2199| 0 43,99999 0
2200| 0 47,99999 0
2201| 0 51,99999 0
2202| 0 55,99999 0
2203| 0 60 0
2204| 0 64 0
2205| 0 68 0
2206| 0 72 0
2207| 0 76,00001 0
2208| 0 80,00001 0
2209| 0 84,00001 0
2210| 0 88,00002 0
2211| 0 92,00002 0
2212| 0 96,00002 0
2213| 0 100 0
2214| 0 104 0
2215| 0 108 0
2216| 0 112 0
2217| 0 116 0
2218| 0 120 0
2219| 0 124 0
2220| 0 128 0
2221| 0 132 0
2222| 0 136 0
2223| 0 140 0
2224| 0 144 0
2225| 0 148 0
2226| 0 152 0
2227| 0 156 0
2228| 0 160 0
2229| 0 164 0
2230| 0 168 0
2231| 0 171,9999 0
2232| 0 175,9999 0
2233| 0 179,9999 0
2234| 0 183,9999 0
2235| 0 187,9999 0
2236| 0 191,9999 0
2237| 0 195,9999 0
2238| 0 199,9999 0
2239| 0 203,9999 0
2240| 0 207,9999 0
2241| 0 211,9999 0
2242| 0 215,9999 0
2243| 0 219,9999 0
2244| 0 223,9999 0
2245| 0 0 0
2246| 0 0 0
2247| 0 0 0
2248| -0,3 0 0
2249| -0,6 0 0
2250| -0,9 0 0
2251| -1,2 0 0
2252| -1,5 0 0
2253| -1,8 0 0
2254| -2,1 0 0
2255| -2,4 0 0
2256| 0 0 0
2257| 0 0 0
2258| 0 0 0
2259| 0 0 0
2260| -0,3 0 0
2261| -0,6 0 0
2262| -0,9 0 0
2263| -1,2 0 0
2264| -1,5 0 0
2265| -1,8 0 0
2266| -2,1 0 0
2267| 0 0 0
2268| 0 0 0
2269| 0 0 0
2270| 0 0 0
2271| 0 0 0
2272| -0,3 0 0
2273| -0,6 0 0
2274| -0,9 0 0
2275| -1,2 0 0
2276| -1,5 0 0
2277| -1,8 0 0
2278| -2,1 0 0
2279| -2,4 0 0
2280| -2,7 0 0
2281| -3 0 0
2282| -3,299999 0 0
2283| -3,599999 0 0
2284| 0 0 0
2285| 0 0 0
2286| 0 0 0
2287| 0 0 0
2288| 0 0 0
2289| 0 0 0
2290| -0,3 0 0
2291| -0,6 0 0
2292| -0,9 0 0
2293| -1,2 0 0
2294| -1,5 0 0
2295| -1,8 0 0
2296| -2,1 0 0
2297| -2,4 0 0
2298| -2,7 0 0
2299| -3 0 0
2300| -3,299999 0 0
2301| -3,599999 0 0
2302| 0 0 0
2303| 0 0 0
2304| 0 0 0
2305| 0 0 0
2306| 0 0 0
2307| 0 0 0
2308| 0 0 0
2309| 0 0 0
2310| 0 4 0
2311| 0 8 0
2312| 0 12 0
2313| 0 16 0
2314| 0 20 0
2315| 0 24 0
2316| 0 28 0
2317| 0 32 0
2318| 0 36 0
2319| 0 40 0
2320| 0 43,99999 0
2321| 0 47,99999 0
2322| 0 51,99999 0
2323| 0 55,99999 0
2324| 0 60 0
2325| 0 64 0
2326| 0 68 0
2327| 0 0 0
2328| 0 0 0
2329| -0,3 0 0
2330| -0,6 0 0
2331| -0,9 0 0
2332| -1,2 0 0
2333| -1,5 0 0
2334| -1,8 0 0
2335| -2,1 0 0
2336| -2,4 0 0
2337| -2,7 0 0
2338| -3 0 0
2339| -3,299999 0 0
2340| -3,599999 0 0
2341| -3,899999 0 0
2342| -4,2 0 0
2343| -4,5 0 0
2344| -4,8 0 0
2345| -5,1 0 0
2346| -5,4 0 0
2347| -5,7 0 0
2348| -6 0 0
2349| -6,300001 0 0
2350| -6,600001 0 0
2351| -6,900001 0 0
2352| -7,200001 0 0
2353| -7,500001 0 0
2354| 0 0 0
2355| 0 0 0
2356| 0 0 0
2357| 0 0 0
2358| 0 0 0
2359| 0 4 0
2360| 0 8 0
2361| 0 12 0
2362| 0 16 0
2363| 0 20 0
2364| 0 24 0
2365| 0 28 0
2366| 0 0 0
2367| 0 0 0
2368| 0 0 0
2369| 0 0 0
2370| 0 0 0
2371| 0 0 0
2372| 0 0 0
2373| 0 4 0
2374| 0 8 0
2375| 0 12 0
2376| 0 16 0
2377| 0 20 0
2378| 0 24 0
2379| 0 28 0
2380| 0 32 0
2381| 0 36 0
2382| 0 40 0
2383| 0 43,99999 0
2384| 0 47,99999 0
2385| 0 51,99999 0
2386| 0 55,99999 0
2387| 0 60 0
2388| 0 64 0
2389| 0 68 0
2390| 0 72 0
2391| 0 76,00001 0
2392| 0 80,00001 0
2393| 0 84,00001 0
2394| 0 88,00002 0
2395| 0 92,00002 0
2396| 0 96,00002 0
2397| 0 0 0
2398| 0 0 0
2399| -0,3 0 0
2400| -0,6 0 0
2401| -0,9 0 0
2402| -1,2 0 0
2403| -1,5 0 0
2404| -1,8 0 0
2405| -2,1 0 0
2406| -2,4 0 0
2407| -2,7 0 0
2408| -3 0 0
2409| -3,299999 0 0
2410| -3,599999 0 0
2411| -3,899999 0 0
2412| -4,2 0 0
2413| -4,5 0 0
2414| -4,8 0 0
2415| -5,1 0 0
2416| -5,4 0 0
2417| -5,7 0 0
2418| -6 0 0
2419| -6,300001 0 0
2420| -6,600001 0 0
2421| -6,900001 0 0
2422| -7,200001 0 0
2423| -7,500001 0 0
2424| -7,800001 0 0
2425| -8,1 0 0
2426| 0 0 0
2427| 0 0 0
2428| 0 0 0
2429| 0 0 0
2430| -0,3 0 0
2431| -0,6 0 0
2432| -0,9 0 0
2433| -1,2 0 0
2434| -1,5 0 0
2435| -1,8 0 0
2436| -2,1 0 0
2437| -2,4 0 0
2438| -2,7 0 0
2439| -3 0 0
2440| -3,299999 0 0
2441| -3,599999 0 0
2442| -3,899999 0 0
2443| -4,2 0 0
2444| -4,5 0 0
2445| -4,8 0 0
2446| -5,1 0 0
2447| 0 0 0
2448| 0 0 0
2449| 0 0 0
2450| 0 0 0
2451| 0 0 0
2452| -0,3 0 0
2453| -0,6 0 0
2454| -0,9 0 0
2455| -1,2 0 0
2456| -1,5 0 0
2457| -1,8 0 0
2458| -2,1 0 0
2459| -2,4 0 0
2460| -2,7 0 0
2461| -3 0 0
2462| 0 0 0
2463| 0 0 0
2464| 0 0 0
2465| 0 0 0
2466| 0 0 0
2467| 0 0 0
2468| -0,3 0 0
2469| -0,6 0 0
2470| -0,9 0 0
2471| -1,2 0 0
2472| -1,5 0 0
2473| -1,8 0 0
2474| -2,1 0 0
2475| -2,4 0 0
2476| -2,7 0 0
2477| -3 0 0
2478| -3,299999 0 0
2479| 0 0 0
2480| 0 0 0
2481| 0 0 0
2482| 0 0 0
2483| 0 0 0
2484| 0 4 0
2485| 0 8 0
2486| 0 12 0
2487| 0 16 0
2488| 0 20 0
2489| 0 24 0
2490| 0 28 0
2491| 0 32 0
2492| 0 36 0
2493| 0 40 0
2494| 0 43,99999 0
2495| 0 47,99999 0
2496| 0 51,99999 0
2497| 0 55,99999 0
2498| 0 60 0
2499| 0 64 0
2500| 0 68 0
2501| 0 72 0
2502| 0 0 0
2503| -0,3 0 0
2504| -0,6 0 0
2505| -0,9 0 0
2506| -1,2 0 0
2507| -1,5 0 0
2508| -1,8 0 0
2509| -2,1 0 0
2510| -2,4 0 0
2511| -2,7 0 0
2512| -3 0 0
2513| -3,299999 0 0
2514| -3,599999 0 0
2515| -3,899999 0 0
2516| -4,2 0 0
2517| -4,5 0 0
2518| -4,8 0 0
2519| -5,1 0 0
2520| -5,4 0 0
2521| -5,7 0 0
2522| -6 0 0
2523| -6,300001 0 0
2524| -6,600001 0 0
2525| -6,900001 0 0
2526| -7,200001 0 0
2527| -7,500001 0 0
2528| -7,800001 0 0
2529| -8,1 0 0
2530| -8,4 0 0
2531| -8,7 0 0
2532| -8,999999 0 0
2533| -9,299999 0 0
2534| -9,599998 0 0
2535| -9,899999 0 0
2536| -10,2 0 0
2537| -10,5 0 0
2538| -10,8 0 0
2539| -11,1 0 0
2540| -11,4 0 0
2541| -11,7 0 0
2542| 0 0 0
2543| 0 0 0
2544| 0 0 0
2545| 0 0 0
2546| 0 0 0
2547| 0 0 0
2548| 0 4 0
2549| 0 8 0
2550| 0 12 0
2551| 0 16 0
2552| 0 20 0
2553| 0 24 0
2554| 0 28 0
2555| 0 32 0
2556| 0 36 0
2557| 0 40 0
2558| 0 43,99999 0
2559| 0 47,99999 0
2560| 0 51,99999 0
2561| 0 55,99999 0
2562| 0 60 0
2563| 0 64 0
2564| 0 68 0
2565| 0 72 0
2566| 0 76,00001 0
2567| 0 80,00001 0
2568| 0 84,00001 0
2569| 0 88,00002 0
2570| 0 92,00002 0
2571| 0 96,00002 0
2572| 0 100 0
2573| 0 104 0
2574| 0 108 0
2575| 0 112 0
2576| 0 116 0
2577| 0 120 0
2578| 0 124 0
2579| 0 128 0
2580| 0 132 0
2581| 0 136 0
2582| 0 140 0
2583| 0 144 0
2584| 0 148 0
2585| 0 152 0
2586| 0 156 0
2587| 0 160 0
2588| 0 164 0
2589| 0 168 0
2590| 0 171,9999 0
2591| 0 175,9999 0
2592| 0 179,9999 0
2593| 0 183,9999 0
2594| 0 187,9999 0
2595| 0 191,9999 0
2596| 0 195,9999 0
2597| 0 199,9999 0
2598| 0 203,9999 0
2599| 0 207,9999 0
2600| 0 211,9999 0
2601| 0 215,9999 0
2602| 0 219,9999 0
2603| 0 223,9999 0
2604| 0 227,9999 0
2605| 0 231,9999 0
2606| 0 235,9999 0
2607| 0 239,9999 0
2608| 0 243,9999 0
2609| 0 247,9999 0
2610| 0 251,9999 0
2611| 0 255,9999 0
2612| 0 0 0
2613| 0 0 0
2614| 0 0 0
2615| 0 0 0
2616| 0 0 0
2617| 0 0 0
2618| 0 0 0
2619| 0 0 0
2620| 0 4 0
2621| 0 8 0
2622| 0 12 0
2623| 0 16 0
2624| 0 20 0
2625| 0 24 0
2626| 0 28 0
2627| 0 32 0
2628| 0 36 0
2629| 0 40 0
2630| 0 43,99999 0
2631| 0 47,99999 0
2632| 0 51,99999 0
2633| 0 55,99999 0
2634| 0 60 0
2635| 0 64 0
2636| 0 68 0
2637| 0 72 0
2638| 0 76,00001 0
2639| 0 80,00001 0
2640| 0 84,00001 0
2641| 0 88,00002 0
2642| 0 92,00002 0
2643| 0 96,00002 0
2644| 0 0 0
2645| 0 0 0
2646| 0 0 0
2647| -0,3 0 0
2648| -0,6 0 0
2649| -0,9 0 0
2650| -1,2 0 0
2651| -1,5 0 0
2652| -1,8 0 0
2653| -2,1 0 0
2654| -2,4 0 0
2655| -2,7 0 0
2656| -3 0 0
2657| -3,299999 0 0
2658| -3,599999 0 0
2659| -3,899999 0 0
2660| -4,2 0 0
2661| -4,5 0 0
2662| -4,8 0 0
2663| -5,1 0 0
2664| -5,4 0 0
2665| -5,7 0 0
2666| -6 0 0
2667| -6,300001 0 0
2668| -6,600001 0 0
2669| -6,900001 0 0
2670| -7,200001 0 0
2671| -7,500001 0 0
2672| -7,800001 0 0
2673| -8,1 0 0
2674| -8,4 0 0
2675| 0 0 0
2676| 0 0 0
2677| 0 0 0
2678| 0 0 0
2679| 0 0 0
2680| -0,3 0 0
2681| -0,6 0 0
2682| -0,9 0 0
2683| -1,2 0 0
2684| -1,5 0 0
2685| -1,8 0 0
2686| -2,1 0 0
2687| -2,4 0 0
2688| -2,7 0 0
2689| -3 0 0
2690| -3,299999 0 0
2691| -3,599999 0 0
2692| -3,899999 0 0
2693| -4,2 0 0
2694| -4,5 0 0
2695| -4,8 0 0
2696| -5,1 0 0
2697| 0 0 0
2698| 0 0 0
2699| 0 0 0
2700| 0 0 0
2701| 0 0 0
2702| 0 0 0
2703| 0 0 0
2704| -0,3 0 0
2705| -0,6 0 0
2706| -0,9 0 0
2707| -1,2 0 0
2708| -1,5 0 0
2709| -1,8 0 0
2710| -2,1 0 0
2711| -2,4 0 0
2712| -2,7 0 0
2713| -3 0 0
2714| -3,299999 0 0
2715| 0 0 0
2716| 0 0 0
2717| 0 0 0
2718| 0 0 0
2719| 0 0 0
2720| 0 0 0
2721| -0,3 0 0
2722| -0,6 0 0
2723| -0,9 0 0
2724| -1,2 0 0
2725| -1,5 0 0
2726| -1,8 0 0
2727| -2,1 0 0
2728| 0 0 0
2729| 0 0 0
2730| 0 0 0
2731| 0 0 0
2732| 0 0 0
2733| 0 0 0
2734| -0,3 0 0
2735| -0,6 0 0
2736| -0,9 0 0
2737| -1,2 0 0
2738| -1,5 0 0
2739| -1,8 0 0
2740| -2,1 0 0
2741| 0 0 0
2742| 0 0 0
2743| 0 0 0
2744| 0 0 0
2745| -0,3 0 0
2746| -0,6 0 0
2747| -0,9 0 0
2748| -1,2 0 0
2749| -1,5 0 0
2750| -1,8 0 0
2751| -2,1 0 0
2752| -2,4 0 0
2753| -2,7 0 0
2754| -3 0 0
2755| -3,299999 0 0
2756| -3,599999 0 0
2757| -3,899999 0 0
2758| -4,2 0 0
2759| -4,5 0 0
2760| -4,8 0 0
2761| -5,1 0 0
2762| -5,4 0 0
2763| -5,7 0 0
2764| -6 0 0
2765| -6,300001 0 0
2766| -6,600001 0 0
2767| -6,900001 0 0
2768| -7,200001 0 0
2769| -7,500001 0 0
2770| -7,800001 0 0
2771| -8,1 0 0
2772| -8,4 0 0
2773| -8,7 0 0
2774| -8,999999 0 0
2775| -9,299999 0 0
2776| -9,599998 0 0
2777| -9,899999 0 0
2778| -10,2 0 0
2779| -10,5 0 0
2780| -10,8 0 0
2781| -11,1 0 0
2782| -11,4 0 0
2783| -11,7 0 0
2784| -12 0 0
2785| -12,3 0 0
2786| -12,6 0 0
2787| -12,9 0 0
2788| 0 0 0
2789| 0 0 0
2790| 0 0 0
2791| 0 0 0
2792| 0 0 0
2793| 0 0 0
2794| 0 0 0
2795| 0 0 0
2796| -0,3 0 0
2797| -0,6 0 0
2798| -0,9 0 0
2799| -1,2 0 0
2800| -1,5 0 0
2801| -1,8 0 0
2802| -2,1 0 0
2803| -2,4 0 0
2804| -2,7 0 0
2805| -3 0 0
2806| -3,299999 0 0
2807| -3,599999 0 0
2808| -3,899999 0 0
2809| -4,2 0 0
2810| 0 0 0
2811| 0 0 0
2812| 0 0 0
2813| 0 0 0
2814| 0 0 0
2815| 0 0 0
2816| 0 0 0
2817| 0 0 0
2818| 0,3 0 0
2819| 0,6 0 0
2820| 0,9 0 0
2821| 1,2 0 0
2822| 1,5 0 0
2823| 1,8 0 0
2824| 2,1 0 0
2825| 2,4 0 0
2826| 2,7 0 0
2827| 3 0 0
2828| 3,299999 0 0
2829| 3,599999 0 0
2830| 3,899999 0 0
2831| 4,2 0 0
2832| 4,5 0 0
2833| 0 0 0
2834| 0 0 0
2835| 0 0 0
2836| 0 0 0
2837| 0 0 0
2838| 0 0 0
2839| 0 0 0
2840| 0 0 0
2841| 0 0 0
2842| 0 0 0
2843| 0 0 0
2844| 0 0 0
2845| 0 0 0
2846| 0 0 0
2847| 0 0 0
2848| 0 0 0
2849| 0 0 0
2850| 0 0 0
2851| 0 0 0
2852| 0 0 0
2853| 0 0 0
2854| 0 0 0
2855| 0 0 0
2856| 0 0 0
2857| 0 0 0
2858| 0 0 0
2859| 0,3 0 0
2860| 0,6 0 0
2861| 0,9 0 0
2862| 1,2 0 0
2863| 1,5 0 0
2864| 1,8 0 0
2865| 2,1 0 0
2866| 2,4 0 0
2867| 2,7 0 0
2868| 3 0 0
2869| 3,299999 0 0
2870| 3,599999 0 0
2871| 0 0 0
2872| 0 0 0
2873| 0 0 0
2874| 0 0 0
2875| 0 0 0
2876| 0 0 0
2877| 0 0 0
2878| 0 0 0
2879| 0 0 0
2880| 0 0 0
2881| 0 0 0
2882| 0 0 0
2883| 0 0 0
2884| 0 0 0
2885| 0 0 0
2886| 0 0 0
2887| 0 0 0
2888| 0 0 0
2889| 0 0 0
2890| 0 0 0
2891| 0 0 0
2892| 0 0 0
2893| 0 0 0
2894| 0 0 0
2895| 0 0 0
2896| 0 0 0
2897| 0 0 0
2898| 0 0 0
2899| 0 0 0
2900| 0 0 0
2901| 0 0 0
2902| 0 0 0
2903| 0 0 0
2904| 0 0 0
2905| 0 0 0
2906| 0 0 0
2907| 0 0 0
2908| 0 0 0
2909| 0 0 0
2910| 0 0 0
2911| 0 0 0
2912| 0 0 0
2913| 0 0 0
2914| 0 0 0
2915| 0 0 0
2916| 0 0 0
2917| 0 0 0
2918| 0 0 0
2919| 0 0 0
2920| 0 0 0
2921| 0 0 0
2922| 0 0 0
2923| 0 0 0
2924| 0 0 0
2925| 0 0 0
2926| 0 0 0
2927| 0 0 0
2928| 0 0 0
2929| 0 0 0
2930| 0 0 0
2931| 0 0 0
2932| 0 0 0
2933| 0 0 0
2934| 0 0 0
2935| 0 0 0
2936| 0 0 0
2937| 0 0 0
2938| 0 0 0
2939| 0 0 0
2940| 0 0 0
2941| 0 0 0
2942| 0 0 0
2943| 0 0 0
2944| 0 0 0
2945| 0 0 0
2946| 0 0 0
2947| 0 0 0
2948| 0 0 0
2949| 0 0 0
2950| 0 0 0
2951| 0 0 0
2952| 0 0 0
2953| 0 0 0
2954| 0 0 0
2955| 0 0 0
2956| 0 0 0
2957| 0 0 0
2958| 0 0 0
2959| 0 0 0
2960| 0 0 0
2961| 0 0 0
2962| 0 0 0
2963| 0 0 0
2964| 0 0 0
2965| 0 0 0
2966| 0 0 0
2967| 0 0 0
2968| 0 0 0
2969| 0 0 0
2970| 0 0 0
2971| 0 0 0
2972| 0 0 0
2973| 0 0 0
2974| 0 0 0
2975| 0,3 0 0
2976| 0,6 0 0
2977| 0,9 0 0
2978| 1,2 0 0
2979| 1,5 0 0
2980| 1,8 0 0
2981| 2,1 0 0
2982| 2,4 0 0
2983| 0 0 0
2984| 0 0 0
2985| 0 0 0
2986| 0 0 0
2987| 0 0 0
2988| 0 0 0
2989| 0 0 0
2990| 0 0 0
2991| 0 0 0
2992| 0 0 0
2993| 0 0 0
2994| 0 0 0
2995| 0 0 0
2996| 0 0 0
2997| 0 0 0
2998| 0 0 0
2999| 0 0 0
3000| 0 0 0
3001| 0 0 0
3002| 0 0 0
3003| 0 0 0
3004| 0 0 0
3005| 0 0 0
3006| 0 0 0
3007| 0 0 0
3008| 0 0 0
3009| 0 0 0
3010| 0 0 0
3011| 0 0 0
3012| 0 0 0
3013| 0 0 0
3014| 0 0 0
3015| 0 0 0
3016| 0 0 0
3017| 0 0 0
3018| 0 0 0
3019| 0 0 0
3020| 0 0 0
3021| 0 0 0
3022| 0 0 0
3023| 0 0 0
3024| 0 0 0
3025| 0 0 0
3026| 0 0 0
3027| 0 0 0
3028| 0 0 0
3029| 0 0 0
3030| 0 0 0
3031| 0 0 0
3032| 0 0 0
3033| 0 0 0
3034| 0 0 0
3035| 0 0 0
3036| 0 0 0
3037| 0 0 0
3038| 0 0 0
3039| 0 0 0
3040| 0 0 0
3041| 0 0 0
3042| 0 0 0
3043| 0 0 0
3044| 0 0 0
3045| 0 0 0
3046| 0 0 0
3047| 0 0 0
3048| 0 0 0
3049| 0 0 0
3050| 0 0 0
3051| 0 0 0
3052| 0 0 0
3053| 0 0 0
3054| 0 0 0
3055| 0 0 0
3056| 0 0 0
3057| 0 0 0
3058| 0 0 0
3059| 0 0 0
3060| 0 0 0
3061| 0 0 0
3062| 0 0 0
3063| 0 0 0
3064| 0 0 0
3065| 0 0 0
3066| 0 0 0
3067| 0 0 0
3068| 0 0 0
3069| 0 0 0
3070| 0 0 0
3071| 0 0 0
3072| 0 0 0
3073| 0 4 0
3074| 0 8 0
3075| 0 12 0
3076| 0 16 0
3077| 0 20 0
3078| 0 0 0
3079| 0 0 0
3080| 0 0 0
3081| 0 0 0
3082| 0 0 0
3083| 0 0 0
3084| 0 0 0
3085| 0 0 0
3086| 0 0 0
3087| 0 0 0
3088| 0 0 0
3089| 0 0 0
3090| 0 0 0
3091| 0 0 0
3092| 0 0 0
3093| 0 0 0
3094| 0 0 0
3095| 0 0 0
3096| 0 0 0
3097| 0 0 0
3098| 0 0 0
3099| 0 0 0
3100| 0 0 0
3101| 0 0 0
3102| 0 0 0
3103| 0 0 0
3104| 0 0 0
3105| 0 0 0
3106| 0 0 0
3107| 0 0 0
3108| 0 0 0
3109| 0 0 0
3110| 0 0 0
3111| 0 0 0
3112| 0 0 0
3113| 0 0 0
3114| 0 0 0
3115| 0 0 0
3116| 0 0 0
3117| 0 0 0
3118| 0 0 0
3119| 0 0 0
3120| 0 0 0
3121| 0 0 0
3122| 0 0 0
3123| 0 0 0
3124| 0 0 0
3125| 0 0 0
3126| 0 0 0
3127| 0 0 0
3128| 0 0 0
3129| 0 0 0
3130| 0 0 0
3131| 0 0 0
3132| 0 0 0
3133| 0 0 0
3134| 0 0 0
3135| 0 0 0
3136| 0 0 0
3137| 0 0 0
3138| 0 0 0

