[1|(0.0.0)]
[2|(0.0.0)]
[3|(0.0.0)]
[4|(0.0.0)]
[5|(0.0.0)]
[6|(0.0.0)]
[7|(0.0.0)]
[8|(0.0.0)]
[9|(0.0.0)]
[10|(0.0.0)]
[11|(0.0.0)]
[12|(0.0.0)]
[13|(0.0.0)]
[14|(0.0.0)]
[15|(0.0.0)]
[16|(0.0.0)]
[17|(0.0.0)]
[18|(0.0.0)]
[19|(0.0.0)]
[20|(0.0.0)]
[21|(0.0.0)]
[22|(0.0.0)]
[23|(0.0.0)]
[24|(0.0.0)]
[25|(0.0.0)]
[26|(0.0.0)]
[27|(0.0.0)]
[28|(0.0.0)]
[29|(0.0.0)]
[30|(0.0.0)]
[31|(0.0.0)]
[32|(0.0.0)]
[33|(0.0.0)]
[34|(0.0.0)]
[35|(0.0.0)]
[36|(0.0.0)]
[37|(0.0.0)]
[38|(0.0.0)]
[39|(0.0.0)]
[40|(0.0.0)]
[41|(0.0.0)]
[42|(0.0.0)]
[43|(0.0.0)]
[44|(0.0.0)]
[45|(0.0.0)]
[46|(0.0.0)]
[47|(0.0.0)]
[48|(0.0.0)]
[49|(0.0.0)]
[50|(0.0.0)]
[51|(0.0.0)]
[52|(0.0.0)]
[53|(0.0.0)]
[54|(0.0.0)]
[55|(0.0.0)]
[56|(0.0.0)]
[57|(0.0.0)]
[58|(0.0.0)]
[59|(0.0.0)]
[60|(0.0.0)]
[61|(0.0.0)]
[62|(0.0.0)]
[63|(0.0.0)]
[64|(0.0.0)]
[65|(0.0.0)]
[66|(0.0.0)]
[67|(0.0.0)]
[68|(0.0.0)]
[69|(0.0.0)]
[70|(0.0.0)]
[71|(0.0.0)]
[72|(0.0.0)]
[73|(0.0.0)]
[74|(0.0.0)]
[75|(0.0.0)]
[76|(0.0.0)]
[77|(0.0.0)]
[78|(0.0.0)]
[79|(0.0.0)]
[80|(0.0.0)]
[81|(0.0.0)]
[82|(0.0.0)]
[83|(0.0.0)]
[84|(0.0.0)]
[85|(0.0.0)]
[86|(0.0.0)]
[87|(0.0.0)]
[88|(0.0,01.0)]
[89|(0.0,02.0)]
[90|(0.0,03.0)]
[91|(0.0,04.0)]
[92|(0.0,05.0)]
[93|(0.0,05999999.0)]
[94|(0.0,06999999.0)]
[95|(0.0,07999999.0)]
[96|(-0,01.0,08999999.0)]
[97|(-0,02.0,09999999.0)]
[98|(-0,03.0,11.0)]
[99|(-0,04.0,12.0)]
[100|(-0,05.0,13.0)]
[101|(-0,05999999.0,14.0)]
[102|(-0,05999999.0,15.0)]
[103|(-0,05999999.0,16.0)]
[104|(-0,05999999.0,17.0)]
[105|(-0,05999999.0,18.0)]
[106|(-0,05999999.0,19.0)]
[107|(-0,05999999.0,2.0)]
[108|(-0,05999999.0,21.0)]
[109|(-0,05999999.0,22.0)]
[110|(-0,05999999.0,23.0)]
[111|(-0,05999999.0,24.0)]
[112|(-0,05999999.0,25.0)]
[113|(-0,05999999.0,26.0)]
[114|(-0,05999999.0,27.0)]
[115|(-0,05999999.0,28.0)]
[116|(-0,05999999.0,29.0)]
[117|(-0,05999999.0,3.0)]
[118|(-0,05999999.0,31.0)]
[119|(-0,05999999.0,32.0)]
[120|(-0,06999999.0,33.0)]
[121|(-0,07999999.0,3399999.0)]
[122|(-0,08999999.0,3499999.0)]
[123|(-0,09999999.0,3599999.0)]
[124|(-0,11.0,3699999.0)]
[125|(-0,12.0,3799999.0)]
[126|(-0,13.0,3899999.0)]
[127|(-0,14.0,3999999.0)]
[128|(-0,15.0,4099999.0)]
[129|(-0,15.0,4199999.0)]
[130|(-0,15.0,4299999.0)]
[131|(-0,15.0,4399998.0)]
[132|(-0,15.0,4499998.0)]
[133|(-0,15.0,4599998.0)]
[134|(-0,15.0,4699998.0)]
[135|(-0,15.0,4799998.0)]
[136|(-0,16.0,4899998.0)]
[137|(-0,17.0,4999998.0)]
[138|(-0,18.0,5099998.0)]
[139|(-0,18.0,5199998.0)]
[140|(-0,18.0,5299998.0)]
[141|(-0,18.0,5399998.0)]
[142|(-0,18.0,5499998.0)]
[143|(-0,18.0,5599998.0)]
[144|(-0,18.0,5699998.0)]
[145|(-0,18.0,5799997.0)]
[146|(-0,18.0,5899997.0)]
[147|(-0,18.0,5999997.0)]
[148|(-0,18.0,6099997.0)]
[149|(-0,18.0,6199997.0)]
[150|(-0,18.0,6299997.0)]
[151|(-0,18.0,6399997.0)]
[152|(-0,18.0,6499997.0)]
[153|(-0,18.0,6599997.0)]
[154|(-0,18.0,6699997.0)]
[155|(-0,18.0,6799996.0)]
[156|(-0,18.0,6899996.0)]
[157|(-0,19.0,6999996.0)]
[158|(-0,19.0,7099996.0)]
[159|(-0,19.0,7199996.0)]
[160|(-0,19.0,7299996.0)]
[161|(-0,19.0,7399996.0)]
[162|(-0,2.0,7499996.0)]
[163|(-0,21.0,7599996.0)]
[164|(-0,22.0,7699996.0)]
[165|(-0,22.0,7799996.0)]
[166|(-0,22.0,7899995.0)]
[167|(-0,22.0,7999995.0)]
[168|(-0,22.0,8099995.0)]
[169|(-0,22.0,8199995.0)]
[170|(-0,22.0,8299995.0)]
[171|(-0,22.0,8399995.0)]
[172|(-0,22.0,8499995.0)]
[173|(-0,22.0,8599995.0)]
[174|(-0,22.0,8699995.0)]
[175|(-0,22.0,8799995.0)]
[176|(-0,22.0,8899994.0)]
[177|(-0,22.0,8999994.0)]
[178|(-0,22.0,9099994.0)]
[179|(-0,22.0,9199994.0)]
[180|(-0,22.0,9299994.0)]
[181|(0.0,9399994.0)]
[182|(0.0,9499994.0)]
[183|(0.0,9599994.0)]
[184|(0.0,9699994.0)]
[185|(0.0,9799994.0)]
[186|(0.0,9899994.0)]
[187|(0.0,9999993.0)]
[188|(0.1.0)]
[189|(0.1.0)]
[190|(0.1.0)]
[191|(0.1.0)]
[192|(0.1.0)]
[193|(0.1.0)]
[194|(0.1.0)]
[195|(0.1.0)]
[196|(0.1.0)]
[197|(0.1.0)]
[198|(0.1.0)]
[199|(0.1.0)]
[200|(0.1.0)]
[201|(0.1.0)]
[202|(0.1.0)]
[203|(0.1.0)]
[204|(0.1.0)]
[205|(0.1.0)]
[206|(0.1.0)]
[207|(0.1.0)]
[208|(0.1.0)]
[209|(0.1.0)]
[210|(0.1.0)]
[211|(0.1.0)]
[212|(0.1.0)]
[213|(0.1.0)]
[214|(0.1.0)]
[215|(0.1.0)]
[216|(0.1.0)]
[217|(0.1.0)]
[218|(0.1.0)]
[219|(0.1.0)]
[220|(0.1.0)]
[221|(0.1.0)]
[222|(0.1.0)]
[223|(0.1.0)]
[224|(0.1.0)]
[225|(0.1.0)]
[226|(0,01.1.0)]
[227|(0,02.1.0)]
[228|(0,03.1.0)]
[229|(0,04.1.0)]
[230|(0,04.1.0)]
[231|(0,04.1.0)]
[232|(0,04.1.0)]
[233|(0,04.1.0)]
[234|(0,04.1.0)]
[235|(0,04.1.0)]
[236|(0,04.1.0)]
[237|(0,05.1.0)]
[238|(0,05999999.1.0)]
[239|(0,06999999.1.0)]
[240|(0,07999999.1.0)]
[241|(0,08999999.1.0)]
[242|(0,09999999.1.0)]
[243|(0,11.1.0)]
[244|(0,12.1.0)]
[245|(0,13.1.0)]
[246|(0,14.1.0)]
[247|(0,15.1.0)]
[248|(0,16.1.0)]
[249|(0,17.1.0)]
[250|(0,18.1.0)]
[251|(0,19.1.0)]
[252|(0,2.1.0)]
[253|(0,21.1.0)]
[254|(0,22.1.0)]
[255|(0,23.1.0)]
[256|(0,24.1.0)]
[257|(0,25.1.0)]
[258|(0,26.1.0)]
[259|(0,27.1.0)]
[260|(0,28.1.0)]
[261|(0,29.1.0)]
[262|(0,3.1.0)]
[263|(0,31.1.0)]
[264|(0,32.1.0)]
[265|(0,33.1.0)]
[266|(0,3399999.1.0)]
[267|(0,3499999.1.0)]
[268|(0,3599999.1.0)]
[269|(0,3699999.1.0)]
[270|(0,3799999.1.0)]
[271|(0,3899999.1.0)]
[272|(0,3999999.1.0)]
[273|(0,4099999.1.0)]
[274|(0,4199999.1.0)]
[275|(0,4299999.1.0)]
[276|(0,4399998.1.0)]
[277|(0,4499998.1.0)]
[278|(0,4599998.1.0)]
[279|(0,4699998.1.0)]
[280|(0,4799998.1.0)]
[281|(0,4899998.1.0)]
[282|(0,4999998.1.0)]
[283|(0,5099998.1.0)]
[284|(0,5199998.1.0)]
[285|(0,5299998.1.0)]
[286|(0,5399998.1.0)]
[287|(0,5499998.1.0)]
[288|(0,5599998.1.0)]
[289|(0,5699998.1.0)]
[290|(0,5799997.1.0)]
[291|(0,5899997.1.0)]
[292|(0,5999997.1.0)]
[293|(0,6099997.1.0)]
[294|(0,6199997.1.0)]
[295|(0,6299997.1.0)]
[296|(0,6399997.1.0)]
[297|(0,6499997.1.0)]
[298|(0,6599997.1.0)]
[299|(0,6699997.1.0)]
[300|(0,6799996.1.0)]
[301|(0,6899996.1.0)]
[302|(0,6999996.1.0)]
[303|(0,7099996.1.0)]
[304|(0,7199996.1.0)]
[305|(0,7299996.1.0)]
[306|(0,7399996.1.0)]
[307|(0,7499996.1.0)]
[308|(0,7599996.1.0)]
[309|(0,7699996.1.0)]
[310|(0,7799996.1.0)]
[311|(0,7899995.1.0)]
[312|(0,7999995.1.0)]
[313|(0,8099995.1.0)]
[314|(0,8199995.1.0)]
[315|(0,8299995.1.0)]
[316|(0,8399995.1.0)]
[317|(0,8499995.1.0)]
[318|(0,8599995.1.0)]
[319|(0,8699995.1.0)]
[320|(0,8799995.1.0)]
[321|(0,8899994.1.0)]
[322|(0.1.0)]
[323|(0.1.0)]
[324|(0.1.0)]
[325|(0.1.0)]
[326|(0.1.0)]
[327|(-0,01.1.0)]
[328|(-0,02.1.0)]
[329|(-0,03.1.0)]
[330|(-0,04.1.0)]
[331|(-0,05.1.0)]
[332|(-0,05999999.1.0)]
[333|(-0,06999999.1.0)]
[334|(-0,07999999.1.0)]
[335|(0.0.0)]
[336|(0.0.0)]
[337|(0.0.0)]
[338|(0.0.0)]
[339|(0.0.0)]
[340|(0.0.0)]
[341|(0.0.0)]
[342|(0.0.0)]
[343|(0.0.0)]
[344|(0.0.0)]
[345|(0.0.0)]
[346|(0.0.0)]
[347|(0.0.0)]
[348|(0.0.0)]
[349|(0.0.0)]
[350|(0.0.0)]
[351|(0.0.0)]
[352|(0.0.0)]
[353|(0.0.0)]
[354|(0.0.0)]
[355|(0.0.0)]
[356|(0.0.0)]
[357|(0.0.0)]
[358|(0.0.0)]
[359|(0.0.0)]
[360|(0.0.0)]
[361|(0.0.0)]
[362|(0.0.0)]
[363|(0.0.0)]
[364|(0.0.0)]
[365|(0,01.0.0)]
[366|(0,02.0.0)]
[367|(0,03.0.0)]
[368|(0,04.0.0)]
[369|(0,05.0.0)]
[370|(0,05999999.0.0)]
[371|(0,06999999.0.0)]
[372|(0,07999999.0.0)]
[373|(0,08999999.0.0)]
[374|(0,09999999.0.0)]
[375|(0,11.0.0)]
[376|(0,12.0.0)]
[377|(0,13.0.0)]
[378|(0,14.0.0)]
[379|(0,15.0.0)]
[380|(0,16.0.0)]
[381|(0,17.0.0)]
[382|(0,18.0.0)]
[383|(0,19.0.0)]
[384|(0,2.0.0)]
[385|(0,21.0.0)]
[386|(0,22.0.0)]
[387|(0,23.0.0)]
[388|(0,24.0.0)]
[389|(0.0.0)]
[390|(0.0.0)]
[391|(0.0.0)]
[392|(0.0.0)]
[393|(0.0.0)]
[394|(0.0.0)]
[395|(0.0.0)]
[396|(0.0.0)]
[397|(0.0.0)]
[398|(0.0.0)]
[399|(0.0.0)]
[400|(0.0.0)]
[401|(0.0.0)]
[402|(0.0.0)]
[403|(0.0.0)]
[404|(0.0.0)]
[405|(0.0.0)]
[406|(0.0.0)]
[407|(0.0.0)]
[408|(0.0.0)]
[409|(0.0.0)]
[410|(0.0.0)]
[411|(0.0.0)]
[412|(0.0.0)]
[413|(0.0.0)]
[414|(0.0.0)]
[415|(0.0.0)]
[416|(0.0.0)]
[417|(0.0.0)]
[418|(0.0.0)]
[419|(0.0.0)]
[420|(0.0.0)]
[421|(0.0.0)]
[422|(0.0.0)]
[423|(0.0.0)]
[424|(0.0.0)]
[425|(0.0.0)]
[426|(0.0.0)]
[427|(0.0.0)]
[428|(0.0.0)]
[429|(0.0.0)]
[430|(0.0.0)]
[431|(0.0.0)]
[432|(0.0.0)]
[433|(0.0.0)]
[434|(0.0.0)]
[435|(0.0.0)]
[436|(0.0.0)]
[437|(0.0.0)]
[438|(0.0.0)]
[439|(0.0.0)]
[440|(0.0.0)]
[441|(0.0.0)]
[442|(0.0.0)]
[443|(0.0.0)]
[444|(0.0.0)]
[445|(0.0.0)]
[446|(0.0.0)]
[447|(0.0.0)]
[448|(0.0.0)]
[449|(0.0.0)]
[450|(0.0.0)]
[451|(0.0.0)]
[452|(0.0.0)]
[453|(-0,01.0.0)]
[454|(-0,02.0.0)]
[455|(-0,03.0.0)]
[456|(-0,04.0.0)]
[457|(-0,05.0.0)]
[458|(-0,05999999.0.0)]
[459|(-0,06999999.0.0)]
[460|(-0,07999999.0.0)]
[461|(-0,08999999.0.0)]
[462|(-0,09999999.0.0)]
[463|(-0,11.0.0)]
[464|(-0,12.0.0)]
[465|(-0,13.0.0)]
[466|(-0,14.0.0)]
[467|(0.0.0)]
[468|(0,01.0.0)]
[469|(0,02.0.0)]
[470|(0,03.0.0)]
[471|(0,04.0.0)]
[472|(0.0.0)]
[473|(0.0.0)]
[474|(0.0.0)]
[475|(0.0.0)]
[476|(0.0.0)]
[477|(0.0.0)]
[478|(0.0.0)]
[479|(0.0.0)]
[480|(0.0.0)]
[481|(0.0.0)]
[482|(0.0.0)]
[483|(0.0.0)]
[484|(0.0.0)]
[485|(0.0.0)]
[486|(-0,01.0.0)]
[487|(-0,02.0.0)]
[488|(-0,03.0.0)]
[489|(-0,04.0.0)]
[490|(-0,05.0.0)]
[491|(-0,05999999.0.0)]
[492|(-0,06999999.0.0)]
[493|(-0,07999999.0.0)]
[494|(-0,07999999.0.0)]
[495|(-0,07999999.0,01.0)]
[496|(-0,07999999.0,02.0)]
[497|(-0,07999999.0,03.0)]
[498|(-0,07999999.0,04.0)]
[499|(-0,07999999.0,05.0)]
[500|(-0,07999999.0,05999999.0)]
[501|(-0,07999999.0,06999999.0)]
[502|(-0,08999999.0,06999999.0)]
[503|(-0,09999999.0,06999999.0)]
[504|(-0,11.0,06999999.0)]
[505|(-0,12.0,06999999.0)]
[506|(-0,13.0,06999999.0)]
[507|(-0,14.0,06999999.0)]
[508|(-0,15.0,06999999.0)]
[509|(-0,16.0,06999999.0)]
[510|(-0,17.0,06999999.0)]
[511|(-0,18.0,06999999.0)]
[512|(-0,19.0,06999999.0)]
[513|(-0,2.0,06999999.0)]
[514|(-0,21.0,06999999.0)]
[515|(-0,22.0,06999999.0)]
[516|(-0,23.0,06999999.0)]
[517|(-0,24.0,06999999.0)]
[518|(-0,25.0,06999999.0)]
[519|(-0,26.0,06999999.0)]
[520|(-0,27.0,06999999.0)]
[521|(-0,28.0,06999999.0)]
[522|(-0,29.0,06999999.0)]
[523|(-0,3.0,06999999.0)]
[524|(-0,31.0,06999999.0)]
[525|(-0,32.0,06999999.0)]
[526|(-0,33.0,06999999.0)]
[527|(-0,3399999.0,06999999.0)]
[528|(-0,3499999.0,06999999.0)]
[529|(-0,3599999.0,06999999.0)]
[530|(-0,3699999.0,06999999.0)]
[531|(-0,3799999.0.0)]
[532|(-0,3899999.-0,01.0)]
[533|(-0,3999999.-0,02.0)]
[534|(-0,4099999.-0,03.0)]
[535|(-0,4199999.-0,04.0)]
[536|(-0,4299999.-0,05.0)]
[537|(-0,4399998.-0,05999999.0)]
[538|(-0,4499998.-0,06999999.0)]
[539|(-0,4599998.-0,07999999.0)]
[540|(-0,4699998.-0,08999999.0)]
[541|(-0,4799998.-0,09999999.0)]
[542|(-0,4899998.-0,11.0)]
[543|(-0,4999998.-0,12.0)]
[544|(-0,5099998.-0,13.0)]
[545|(-0,5199998.-0,14.0)]
[546|(-0,5299998.-0,15.0)]
[547|(-0,5399998.-0,16.0)]
[548|(-0,5499998.-0,17.0)]
[549|(-0,5599998.-0,18.0)]
[550|(-0,5699998.-0,19.0)]
[551|(-0,5799997.-0,2.0)]
[552|(-0,5899997.-0,21.0)]
[553|(-0,5999997.-0,22.0)]
[554|(-0,6099997.-0,23.0)]
[555|(-0,6199997.-0,24.0)]
[556|(-0,6299997.-0,25.0)]
[557|(-0,6399997.-0,26.0)]
[558|(-0,6499997.-0,27.0)]
[559|(-0,6599997.-0,28.0)]
[560|(-0,6599997.-0,29.0)]
[561|(0.-0,3.0)]
[562|(0,01.-0,31.0)]
[563|(0,02.-0,32.0)]
[564|(0,03.-0,33.0)]
[565|(0,04.-0,3399999.0)]
[566|(0,05.-0,3499999.0)]
[567|(0,05999999.-0,3599999.0)]
[568|(0,06999999.-0,3699999.0)]
[569|(0,07999999.-0,3799999.0)]
[570|(0,08999999.-0,3899999.0)]
[571|(0,09999999.-0,3999999.0)]
[572|(0,11.-0,4099999.0)]
[573|(0,12.-0,4199999.0)]
[574|(0,13.-0,4299999.0)]
[575|(0,14.-0,4399998.0)]
[576|(0,15.-0,4499998.0)]
[577|(0,16.-0,4599998.0)]
[578|(0,17.-0,4699998.0)]
[579|(0,18.-0,4799998.0)]
[580|(0,19.-0,4899998.0)]
[581|(0,2.-0,4999998.0)]
[582|(0,21.-0,5099998.0)]
[583|(0,22.-0,5199998.0)]
[584|(0,23.-0,5299998.0)]
[585|(0,24.-0,5399998.0)]
[586|(0,25.-0,5499998.0)]
[587|(0,26.-0,5599998.0)]
[588|(0,27.-0,5699998.0)]
[589|(0,28.-0,5799997.0)]
[590|(0,29.-0,5899997.0)]
[591|(0,3.-0,5999997.0)]
[592|(0,31.-0,6099997.0)]
[593|(0,32.-0,6199997.0)]
[594|(0,33.-0,6299997.0)]
[595|(0,3399999.-0,6399997.0)]
[596|(0,3499999.-0,6499997.0)]
[597|(0,3599999.-0,6599997.0)]
[598|(0,3699999.-0,6699997.0)]
[599|(0,3799999.-0,6799996.0)]
[600|(0,3899999.-0,6899996.0)]
[601|(0,3999999.-0,6999996.0)]
[602|(0,4099999.-0,7099996.0)]
[603|(0,4199999.-0,7199996.0)]
[604|(0,4299999.-0,7299996.0)]
[605|(0,4399998.-0,7399996.0)]
[606|(0,4499998.-0,7499996.0)]
[607|(0,4599998.-0,7599996.0)]
[608|(0,4699998.-0,7699996.0)]
[609|(0,4799998.-0,7799996.0)]
[610|(0,4899998.-0,7899995.0)]
[611|(0,4999998.-0,7999995.0)]
[612|(0,5099998.-0,8099995.0)]
[613|(0,5199998.-0,8199995.0)]
[614|(0,5299998.-0,8299995.0)]
[615|(0,5399998.-0,8399995.0)]
[616|(0,5499998.-0,8499995.0)]
[617|(0,5599998.-0,8599995.0)]
[618|(0,5699998.-0,8699995.0)]
[619|(0,5799997.-0,8799995.0)]
[620|(0,5899997.-0,8899994.0)]
[621|(0,5999997.-0,8999994.0)]
[622|(0,6099997.-0,9099994.0)]
[623|(0,6199997.-0,9199994.0)]
[624|(0,6299997.-0,9299994.0)]
[625|(0,6399997.-0,9399994.0)]
[626|(0,6499997.-0,9499994.0)]
[627|(0,6599997.-0,9599994.0)]
[628|(0,6699997.-0,9699994.0)]
[629|(0,6799996.-0,9799994.0)]
[630|(0,6899996.-0,9899994.0)]
[631|(0,6999996.-0,9999993.0)]
[632|(0,7099996.-1.0)]
[633|(0,7199996.-1.0)]
[634|(0,7299996.-1.0)]
[635|(0,7399996.-1.0)]
[636|(0,7499996.-1.0)]
[637|(0,7599996.-1.0)]
[638|(0,7699996.-1.0)]
[639|(0,7799996.-1.0)]
[640|(0,7899995.-1.0)]
[641|(0,7999995.-1.0)]
[642|(0,8099995.-1.0)]
[643|(0,8199995.-1.0)]
[644|(0,8299995.-1.0)]
[645|(0,8399995.-1.0)]
[646|(0,8499995.-1.0)]
[647|(0,8599995.-1.0)]
[648|(0,8699995.-1.0)]
[649|(0,8799995.-1.0)]
[650|(0,8899994.-1.0)]
[651|(0,8999994.-1.0)]
[652|(0,9099994.-1.0)]
[653|(0,9199994.-1.0)]
[654|(0,9299994.-1.0)]
[655|(0,9399994.-1.0)]
[656|(0,9499994.-1.0)]
[657|(0,9599994.-1.0)]
[658|(0,9699994.-1.0)]
[659|(0,9799994.-1.0)]
[660|(0,9899994.-1.0)]
[661|(0,9999993.-1.0)]
[662|(1.-1.0)]
[663|(1.-1.0)]
[664|(1.-1.0)]
[665|(1.-1.0)]
[666|(1.-1.0)]
[667|(1.-1.0)]
[668|(1.-1.0)]
[669|(1.-1.0)]
[670|(1.-1.0)]
[671|(1.-1.0)]
[672|(1.-1.0)]
[673|(1.-1.0)]
[674|(1.-1.0)]
[675|(1.-1.0)]
[676|(1.-1.0)]
[677|(1.-1.0)]
[678|(1.-1.0)]
[679|(1.-1.0)]
[680|(1.-1.0)]
[681|(1.-1.0)]
[682|(1.-1.0)]
[683|(1.-1.0)]
[684|(1.-1.0)]
[685|(1.-1.0)]
[686|(1.-1.0)]
[687|(1.-1.0)]
[688|(1.-1.0)]
[689|(1.-1.0)]
[690|(1.-1.0)]
[691|(1.-1.0)]
[692|(1.-1.0)]
[693|(1.-1.0)]
[694|(1.-1.0)]
[695|(1.-1.0)]
[696|(1.-1.0)]
[697|(1.-1.0)]
[698|(1.-1.0)]
[699|(1.-1.0)]
[700|(1.-1.0)]
[701|(1.-1.0)]
[702|(1.-1.0)]
[703|(1.-1.0)]
[704|(1.-1.0)]
[705|(1.-1.0)]
[706|(1.-1.0)]
[707|(1.-1.0)]
[708|(1.-1.0)]
[709|(1.-1.0)]
[710|(1.-1.0)]
[711|(1.-1.0)]
[712|(1.-1.0)]
[713|(1.-1.0)]
[714|(1.-1.0)]
[715|(1.-1.0)]
[716|(1.-1.0)]
[717|(1.-1.0)]
[718|(1.-1.0)]
[719|(1.-1.0)]
[720|(1.-1.0)]
[721|(1.-1.0)]
[722|(1.-1.0)]
[723|(1.-1.0)]
[724|(1.-1.0)]
[725|(1.-1.0)]
[726|(1.-1.0)]
[727|(1.-1.0)]
[728|(1.-1.0)]
[729|(1.-1.0)]
[730|(1.-1.0)]
[731|(1.-1.0)]
[732|(1.-1.0)]
[733|(1.-1.0)]
[734|(1.-1.0)]
