1| 0 0 0
2| 0 0 0
3| 0 0 0
4| 0 0 0
5| 0 0 0
6| 0 0 0
7| 0 0 0
8| 0 0 0
9| 0 0 0
10| 0 0 0
11| 0 0 0
12| 0 0 0
13| 0 0 0
14| 0 0 0
15| 0 0 0
16| 0 0 0
17| 0 0 0
18| 0 0 0
19| 0 0 0
20| 0 0 0
21| 0 0 0
22| 0 0 0
23| 0 0 0
24| 0 0 0
25| 0 0 0
26| 0 0 0
27| 0 0 0
28| 0 0 0
29| 0 0 0
30| 0 0 0
31| 0 0 0
32| 0 0 0
33| 0 0 0
34| 0 0 0
35| 0 0 0
36| 0 0 0
37| 0 0 0
38| 0 0 0
39| 0 0 0
40| 0 0 0
41| 0 0 0
42| 0 0 0
43| 0 0 0
44| 0 0 0
45| 0 0 0
46| 0 0 0
47| 0 0 0
48| 0 0 0
49| 0 0 0
50| 0 0 0
51| 0 0 0
52| 0 0 0
53| 0 0 0
54| 0 0 0
55| 0 0 0
56| 0 0 0
57| 0 0 0
58| 0 0 0
59| 0 0 0
60| 0 0 0
61| 0 0 0
62| 0 0 0
63| 0 0 0
64| 0 0 0
65| 0 0 0
66| 0 0 0
67| 0 0 0
68| 0 0 0
69| 0 0 0
70| 0 0 0
71| 0 0 0
72| 0 0 0
73| 0 0 0
74| 0 0 0
75| 0 0 0
76| 0 0 0
77| 0 0 0
78| 0 0 0
79| 0 0 0
80| 0 0 0
81| 0 0 0
82| 0 0 0
83| 0 0 0
84| 0 0 0
85| 0 0 0
86| 0 0 0
87| 0 0 0
88| 0 0 0
89| 0 0 0
90| 0 0 0
91| 0 0 0
92| 0 0 0
93| 0 0 0
94| 0 0 0
95| 0 0 0
96| 0 0 0
97| 0 0 0
98| 0 0 0
99| 0 0 0
100| 0 0 0
101| 0 0 0
102| 0 0 0
103| 0 0 0
104| 0 0 0
105| 0 0 0
106| 0 0 0
107| 0 0 0
108| 0 0 0
109| 0 0 0
110| 0 0 0
111| 0 0 0
112| 0 4 0
113| 0 8 0
114| 0 12 0
115| 0 16 0
116| 0 20 0
117| 0 24 0
118| 0 28 0
119| 0 32 0
120| 0 36 0
121| 0 40 0
122| 0 43,99999 0
123| 0 47,99999 0
124| 0 51,99999 0
125| 0 55,99999 0
126| 0 60 0
127| 0 64 0
128| 0 68 0
129| 0 72 0
130| 0 76,00001 0
131| 0 80,00001 0
132| 0 84,00001 0
133| 0 88,00002 0
134| 0 92,00002 0
135| 0 96,00002 0
136| 0 100 0
137| 0 104 0
138| 0 108 0
139| 0 112 0
140| 0 116 0
141| 0 120 0
142| 0 124 0
143| 0 128 0
144| 0 132 0
145| 0 136 0
146| 0 140 0
147| 0 144 0
148| 0 148 0
149| 0 152 0
150| 0 156 0
151| 0 160 0
152| 0 164 0
153| 0 168 0
154| 0 171,9999 0
155| 0 175,9999 0
156| 0 179,9999 0
157| 0 183,9999 0
158| 0 187,9999 0
159| 0 191,9999 0
160| 0 195,9999 0
161| 0 199,9999 0
162| 0 203,9999 0
163| 0 207,9999 0
164| 0 211,9999 0
165| 0 0 0
166| 0 0 0
167| 0 0 0
168| 0 0 0
169| 0 0 0
170| 0 4 0
171| 0 8 0
172| 0 12 0
173| 0 16 0
174| 0 20 0
175| 0 24 0
176| 0 28 0
177| 0 32 0
178| 0 36 0
179| 0 40 0
180| 0 43,99999 0
181| 0 47,99999 0
182| 0 51,99999 0
183| 0 55,99999 0
184| 0 60 0
185| 0 64 0
186| 0 68 0
187| 0 72 0
188| 0 76,00001 0
189| 0 80,00001 0
190| 0 84,00001 0
191| 0 88,00002 0
192| 0 92,00002 0
193| 0 96,00002 0
194| 0 100 0
195| 0 104 0
196| 0 108 0
197| 0 112 0
198| 0 116 0
199| 0 120 0
200| 0 124 0
201| 0 128 0
202| 0 132 0
203| 0 136 0
204| 0 140 0
205| 0 144 0
206| 0 148 0
207| 0 152 0
208| 0 156 0
209| 0 160 0
210| 0 164 0
211| 0 168 0
212| 0 171,9999 0
213| 0 175,9999 0
214| 0 179,9999 0
215| 0 183,9999 0
216| 0 187,9999 0
217| 0 191,9999 0
218| 0 195,9999 0
219| 0 199,9999 0
220| 0 203,9999 0
221| 0 207,9999 0
222| 0 211,9999 0
223| 0 215,9999 0
224| 0 219,9999 0
225| 0 223,9999 0
226| 0 227,9999 0
227| 0 231,9999 0
228| 0 235,9999 0
229| 0 239,9999 0
230| 0 243,9999 0
231| 0 247,9999 0
232| 0 251,9999 0
233| 0 255,9999 0
234| 0 259,9999 0
235| 0 263,9999 0
236| 0 267,9999 0
237| 0 271,9998 0
238| 0 275,9998 0
239| 0 279,9998 0
240| 0 283,9998 0
241| 0 287,9998 0
242| 0 291,9998 0
243| 0 295,9998 0
244| 0 299,9998 0
245| 0 303,9998 0
246| 0 307,9998 0
247| 0 311,9998 0
248| 0 315,9998 0
249| 0 319,9998 0
250| 0 323,9998 0
251| 0 327,9998 0
252| 0 331,9998 0
253| 0 335,9998 0
254| 0 339,9998 0
255| 0 343,9998 0
256| 0 347,9998 0
257| 0 351,9998 0
258| 0 355,9998 0
259| 0 359,9998 0
260| 0 363,9998 0
261| 0 367,9998 0
262| 0 371,9998 0
263| 0 375,9998 0
264| 0 379,9998 0
265| 0 383,9998 0
266| 0 387,9998 0
267| 0 391,9998 0
268| 0 395,9998 0
269| 0 399,9997 0
270| 0 400 0
271| 0 400 0
272| 0 400 0
273| 0 400 0
274| 0 400 0
275| 0 400 0
276| 0 400 0
277| 0 400 0
278| 0 400 0
279| 0 400 0
280| 0 400 0
281| 0 400 0
282| 0 400 0
283| 0 400 0
284| 0 400 0
285| 0 400 0
286| 0 400 0
287| 0 400 0
288| 0 400 0
289| 0 400 0
290| 0 400 0
291| 0 400 0
292| 0 400 0
293| 0 400 0
294| 0 400 0
295| 0 400 0
296| 0 400 0
297| 0 400 0
298| 0 400 0
299| 0 400 0
300| 0 400 0
301| 0 400 0
302| 0 400 0
303| 0 400 0
304| 0 400 0
305| 0 400 0
306| 0 400 0
307| 0 400 0
308| 0 400 0
309| 0 400 0
310| 0 400 0
311| 0 400 0
312| 0 400 0
313| 0 400 0
314| 0 400 0
315| 0 400 0
316| 0 400 0
317| 0 400 0
318| 0 400 0
319| 0 400 0
320| 0 400 0
321| 0 400 0
322| 0 400 0
323| 0 400 0
324| 0 400 0
325| 0 400 0
326| 0 400 0
327| 0 400 0
328| 0 400 0
329| 0 400 0
330| 0 400 0
331| 0 400 0
332| 0 400 0
333| 0 400 0
334| 0 400 0
335| 0 400 0
336| 0 400 0
337| 0 400 0
338| 0 400 0
339| 0 400 0
340| 0 400 0
341| 0 400 0
342| 0 400 0
343| 0 400 0
344| 0 400 0
345| 0 400 0
346| 0 400 0
347| 0 400 0
348| 0 400 0
349| 0 400 0
350| 0 400 0
351| 0 400 0
352| 0 400 0
353| 0 400 0
354| -0,3 400 0
355| -0,6 400 0
356| -0,9 400 0
357| -1,2 400 0
358| -1,5 400 0
359| -1,8 400 0
360| -2,1 400 0
361| -2,4 400 0
362| -2,7 400 0
363| -3 400 0
364| -3,299999 400 0
365| -3,599999 400 0
366| -3,899999 400 0
367| -4,2 400 0
368| -4,5 400 0
369| -4,8 400 0
370| -5,1 400 0
371| -5,4 400 0
372| -5,7 400 0
373| -6 400 0
374| -6,300001 400 0
375| -6,600001 400 0
376| -6,900001 400 0
377| -7,200001 400 0
378| -7,500001 400 0
379| -7,800001 400 0
380| -8,1 400 0
381| -8,4 400 0
382| -8,7 400 0
383| -8,999999 400 0
384| -9,299999 400 0
385| -9,599998 400 0
386| -9,899999 400 0
387| -10,2 400 0
388| -10,5 400 0
389| -10,8 400 0
390| -11,1 400 0
391| -11,4 400 0
392| -11,7 400 0
393| -12 400 0
394| -12,3 400 0
395| -12,6 400 0
396| -12,9 400 0
397| -13,2 400 0
398| -13,5 400 0
399| -13,79999 400 0
400| -14,09999 400 0
401| -14,39999 400 0
402| 0 0 0
403| 0 0 0
404| 0 0 0
405| 0 0 0
406| 0 0 0
407| 0 0 0
408| 0 0 0
409| 0 0 0
410| 0 0 0
411| 0 0 0
412| 0 0 0
413| 0 0 0
414| 0 0 0
415| 0 0 0
416| 0 0 0
417| 0 0 0
418| 0 0 0
419| 0 0 0
420| 0 0 0
421| 0 0 0
422| 0 0 0
423| 0 0 0
424| 0 0 0
425| 0 0 0
426| 0 0 0
427| 0 0 0
428| 0 0 0
429| 0 0 0
430| 0 0 0
431| 0 0 0
432| 0 0 0
433| 0 0 0
434| 0 0 0
435| 0 0 0
436| 0 0 0
437| 0 0 0
438| 0 0 0
439| 0 0 0
440| 0 0 0
441| 0 0 0
442| 0 0 0
443| 0 0 0
444| 0 0 0
445| 0 0 0
446| 0 0 0
447| 0 0 0
448| 0 0 0
449| 0 0 0
450| 0 0 0
451| 0 0 0
452| 0 0 0
453| 0 0 0
454| 0 0 0
455| 0 0 0
456| 0 0 0
457| 0 0 0
458| 0 0 0
459| 0 0 0
460| 0 0 0
461| 0 0 0
462| 0 0 0
463| 0 0 0
464| 0 0 0
465| 0 0 0
466| 0 0 0
467| 0 0 0
468| 0 0 0
469| 0 0 0
470| 0 0 0
471| 0 0 0
472| 0 0 0
473| 0 0 0
474| 0 0 0
475| 0 0 0
476| 0 0 0
477| 0 0 0
478| 0 0 0
479| 0 0 0
480| 0 0 0
481| 0 0 0
482| 0 0 0
483| 0 0 0
484| 0 0 0
485| 0 0 0
486| 0 0 0
487| 0 0 0
488| 0 0 0
489| 0 0 0
490| 0 0 0
491| 0 0 0
492| 0 0 0
493| 0 0 0
494| 0 0 0
495| 0 0 0
496| 0 0 0
497| 0 0 0
498| 0 0 0
499| 0 0 0
500| 0 0 0
501| 0 0 0
502| 0 0 0
503| 0 0 0
504| 0 0 0
505| 0 0 0
506| 0 0 0
507| 0 0 0
508| 0 0 0
509| 0 0 0
510| 0 0 0
511| 0 0 0
512| 0 0 0
513| 0 0 0
514| 0 0 0
515| 0 0 0
516| 0 0 0
517| 0 0 0
518| 0 0 0
519| 0 0 0
520| 0 0 0
521| 0 0 0
522| 0 0 0
523| 0,3 0 0
524| 0,6 0 0
525| 0,9 0 0
526| 1,2 0 0
527| 1,5 0 0
528| 1,8 0 0
529| 2,1 0 0
530| 2,4 0 0
531| 2,7 0 0
532| 3 0 0
533| 3,299999 0 0
534| 3,599999 0 0
535| 3,899999 0 0
536| 4,2 0 0
537| 4,5 0 0
538| 4,8 0 0
539| 5,1 0 0
540| 5,4 0 0
541| 5,7 0 0
542| 6 0 0
543| 6,300001 0 0
544| 6,600001 0 0
545| 6,900001 0 0
546| 7,200001 0 0
547| 7,500001 0 0
548| 7,800001 0 0
549| 8,1 0 0
550| 8,4 0 0
551| 8,7 0 0
552| 8,999999 0 0
553| 9,299999 0 0
554| 9,599998 0 0
555| 0 0 0
556| 0 0 0
557| 0 0 0
558| 0 0 0
559| 0 0 0
560| 0 0 0
561| 0,3 0 0
562| 0 0 0
563| 0 0 0
564| 0 0 0
565| 0 0 0
566| 0 0 0
567| 0 0 0
568| 0 0 0
569| 0 0 0
570| 0 0 0
571| 0 0 0
572| 0 0 0
573| 0 0 0
574| 0 0 0
575| 0 0 0
576| 0 4 0
577| 0 8 0
578| 0 12 0
579| 0 16 0
580| 0 20 0
581| 0 24 0
582| 0 28 0
583| 0 32 0
584| 0 36 0
585| 0 40 0
586| 0 43,99999 0
587| 0 47,99999 0
588| 0 51,99999 0
589| 0 55,99999 0
590| 0 60 0
591| 0 64 0
592| 0 68 0
593| 0 72 0
594| 0 76,00001 0
595| 0 80,00001 0
596| 0 84,00001 0
597| 0 88,00002 0
598| 0 92,00002 0
599| 0 96,00002 0
600| 0 100 0
601| 0 104 0
602| 0 108 0
603| 0 112 0
604| 0 116 0
605| 0 120 0
606| 0 124 0
607| 0 128 0
608| 0 132 0
609| 0 136 0
610| 0 140 0
611| 0 144 0
612| 0 148 0
613| 0 152 0
614| 0 156 0
615| 0 160 0
616| 0 164 0
617| 0 168 0
618| 0 171,9999 0
619| 0 175,9999 0
620| 0 179,9999 0
621| 0 183,9999 0
622| 0 187,9999 0
623| 0 191,9999 0
624| 0 195,9999 0
625| 0 199,9999 0
626| 0 203,9999 0
627| 0 207,9999 0
628| 0 211,9999 0
629| 0 215,9999 0
630| 0 219,9999 0
631| 0 223,9999 0
632| 0 227,9999 0
633| 0 231,9999 0
634| 0 235,9999 0
635| 0 239,9999 0
636| 0 243,9999 0
637| 0 247,9999 0
638| 0 251,9999 0
639| 0 255,9999 0
640| 0 259,9999 0
641| 0 263,9999 0
642| 0 267,9999 0
643| 0 271,9998 0
644| 0 275,9998 0
645| 0 279,9998 0
646| 0 283,9998 0
647| 0 287,9998 0
648| 0 291,9998 0
649| 0 295,9998 0
650| 0 299,9998 0
651| 0 303,9998 0
652| 0 307,9998 0
653| 0 311,9998 0
654| 0 315,9998 0
655| 0 319,9998 0
656| 0 323,9998 0
657| 0 323,9998 0
658| -0,3 323,9998 0
659| -0,6 323,9998 0
660| -0,9 323,9998 0
661| -1,2 323,9998 0
662| -1,5 323,9998 0
663| -1,8 323,9998 0
664| -2,1 323,9998 0
665| -2,4 323,9998 0
666| -2,7 323,9998 0
667| -3 323,9998 0
668| -3,299999 323,9998 0
669| -3,599999 323,9998 0
670| -3,899999 323,9998 0
671| -4,2 323,9998 0
672| -4,5 323,9998 0
673| -4,8 323,9998 0
674| -5,1 323,9998 0
675| -5,4 323,9998 0
676| -5,7 323,9998 0
677| -6 323,9998 0
678| -6,300001 323,9998 0
679| -6,600001 323,9998 0
680| -6,900001 323,9998 0
681| -7,200001 323,9998 0
682| -7,500001 323,9998 0
683| -7,800001 323,9998 0
684| -8,1 323,9998 0
685| -8,4 323,9998 0
686| -8,7 323,9998 0
687| -8,999999 323,9998 0
688| -9,299999 323,9998 0
689| -9,599998 323,9998 0
690| -9,899999 323,9998 0
691| -10,2 323,9998 0
692| -10,5 323,9998 0
693| -10,8 323,9998 0
694| -11,1 323,9998 0
695| -11,4 323,9998 0
696| -11,7 323,9998 0
697| -12 323,9998 0
698| -12,3 323,9998 0
699| -12,6 323,9998 0
700| -12,9 323,9998 0
701| -13,2 323,9998 0
702| 0 0 0
703| 0 0 0
704| 0 0 0
705| 0 0 0
706| 0 0 0
707| 0 0 0
708| 0 0 0
709| 0 0 0
710| 0 0 0
711| 0 0 0
712| 0 0 0
713| 0 0 0
714| 0,3 0 0
715| 0,6 0 0
716| 0,9 0 0
717| 1,2 0 0
718| 1,5 0 0
719| 1,8 0 0
720| 2,1 0 0
721| 2,4 0 0
722| 2,7 0 0
723| 3 0 0
724| 3,299999 0 0
725| 3,599999 0 0
726| 3,899999 0 0
727| 4,2 0 0
728| 4,5 0 0
729| 4,8 0 0
730| 5,1 0 0
731| 5,4 0 0
732| 5,7 0 0
733| 6 0 0
734| 6,300001 0 0
735| 6,600001 0 0
736| 6,900001 0 0
737| 7,200001 0 0
738| 7,500001 0 0
739| 7,800001 0 0
740| 8,1 0 0
741| 8,4 0 0
742| 8,7 0 0
743| 8,999999 0 0
744| 9,299999 0 0
745| 9,599998 0 0
746| 9,899999 0 0
747| 10,2 0 0
748| 10,5 0 0
749| 10,8 0 0
750| 11,1 0 0
751| 11,4 0 0
752| 11,7 0 0
753| 12 0 0
754| 12,3 0 0
755| 12,6 0 0
756| 12,9 0 0
757| 0 0 0
758| 0 0 0
759| 0 0 0
760| 0 0 0
761| 0 0 0
762| 0,3 0 0
763| 0,6 0 0
764| 0,9 0 0
765| 1,2 0 0
766| 1,5 0 0
767| 1,8 0 0
768| 2,1 0 0
769| 2,4 0 0
770| 2,7 0 0
771| 3 0 0
772| 3,299999 0 0
773| 3,599999 0 0
774| 3,899999 0 0
775| 4,2 0 0
776| 4,5 0 0
777| 4,8 0 0
778| 5,1 0 0
779| 5,4 0 0
780| 5,7 0 0
781| 6 0 0
782| 6,300001 0 0
783| 6,600001 0 0
784| 6,900001 0 0
785| 7,200001 0 0
786| 7,500001 0 0
787| 7,800001 0 0
788| 8,1 0 0
789| 8,4 0 0
790| 8,7 0 0
791| 8,999999 0 0
792| 9,299999 0 0
793| 9,599998 0 0
794| 9,899999 0 0
795| 0 0 0
796| 0 0 0
797| 0 0 0
798| 0 0 0
799| 0 0 0
800| 0 0 0
801| 0 0 0
802| 0 0 0
803| 0 0 0
804| 0 0 0
805| 0 0 0
806| 0 0 0
807| 0 0 0
808| 0 0 0
809| 0 0 0
810| 0 0 0
811| 0 0 0
812| -0,3 0 0
813| -0,6 0 0
814| -0,9 0 0
815| -1,2 0 0
816| -1,5 0 0
817| -1,8 0 0
818| -2,1 0 0
819| -2,4 0 0
820| -2,7 0 0
821| -3 0 0
822| -3,299999 0 0
823| -3,599999 0 0
824| -3,899999 0 0
825| -4,2 0 0
826| -4,5 0 0
827| -4,8 0 0
828| -5,1 0 0
829| -5,4 0 0
830| -5,7 0 0
831| -6 0 0
832| -6,300001 0 0
833| -6,600001 0 0
834| -6,900001 0 0
835| -7,200001 0 0
836| -7,500001 0 0
837| -7,800001 0 0
838| -8,1 0 0
839| -8,4 0 0
840| -8,7 0 0
841| -8,999999 0 0
842| -9,299999 0 0
843| -9,599998 0 0
844| -9,899999 0 0
845| -10,2 0 0
846| -10,5 0 0
847| -10,8 0 0
848| -11,1 0 0
849| 0 0 0
850| 0 0 0
851| 0 0 0
852| 0 0 0
853| 0 0 0
854| 0 0 0
855| 0 0 0
856| 0 0 0
857| 0 0 0
858| 0 0 0
859| 0 0 0
860| 0 0 0
861| 0 0 0
862| 0 0 0
863| 0 0 0
864| 0 0 0
865| 0 0 0
866| 0 0 0
867| 0 0 0
868| 0 0 0
869| 0 0 0
870| 0 0 0
871| 0 0 0
872| 0 0 0
873| 0 0 0
874| 0 0 0
875| 0 0 0
876| 0 0 0
877| 0 4 0
878| 0 8 0
879| 0 12 0
880| 0 16 0
881| 0 20 0
882| 0 24 0
883| 0 28 0
884| 0 32 0
885| 0 36 0
886| 0 40 0
887| 0 43,99999 0
888| 0 47,99999 0
889| 0 51,99999 0
890| 0 55,99999 0
891| 0 60 0
892| 0 64 0
893| 0 68 0
894| 0 72 0
895| 0 76,00001 0
896| 0 80,00001 0
897| 0 84,00001 0
898| 0 88,00002 0
899| 0 92,00002 0
900| 0 96,00002 0
901| 0 100 0
902| 0 104 0
903| 0 108 0
904| 0 112 0
905| 0 116 0
906| 0 120 0
907| 0 124 0
908| 0 128 0
909| 0 132 0
910| 0 136 0
911| 0 140 0
912| 0 144 0
913| 0 148 0
914| 0 152 0
915| 0 156 0
916| 0 160 0
917| 0 164 0
918| 0 168 0
919| 0 171,9999 0
920| 0 175,9999 0
921| 0 179,9999 0
922| 0 183,9999 0
923| 0 187,9999 0
924| 0 191,9999 0
925| 0 195,9999 0
926| 0 199,9999 0
927| 0 203,9999 0
928| 0 207,9999 0
929| 0 211,9999 0
930| 0 215,9999 0
931| 0 219,9999 0
932| 0 223,9999 0
933| 0 227,9999 0
934| 0 231,9999 0
935| 0 235,9999 0
936| 0 239,9999 0
937| 0 243,9999 0
938| 0 247,9999 0
939| 0 251,9999 0
940| 0 255,9999 0
941| 0 259,9999 0
942| 0 263,9999 0
943| 0 267,9999 0
944| 0 271,9998 0
945| 0 275,9998 0
946| 0 279,9998 0
947| 0 283,9998 0
948| 0 287,9998 0
949| 0 291,9998 0
950| 0 295,9998 0
951| 0 299,9998 0
952| 0 303,9998 0
953| 0 307,9998 0
954| 0 311,9998 0
955| 0 315,9998 0
956| 0 319,9998 0
957| 0 323,9998 0
958| 0 327,9998 0
959| 0 331,9998 0
960| 0 335,9998 0
961| 0 339,9998 0
962| 0 343,9998 0
963| 0 347,9998 0
964| 0 351,9998 0
965| 0 355,9998 0
966| 0 359,9998 0
967| 0 363,9998 0
968| 0 367,9998 0
969| 0 371,9998 0
970| 0 375,9998 0
971| 0 379,9998 0
972| 0 383,9998 0
973| 0 387,9998 0
974| 0 391,9998 0
975| 0 395,9998 0
976| 0 399,9997 0
977| 0 400 0
978| 0 400 0
979| 0 400 0
980| 0 400 0
981| 0 400 0
982| 0 400 0
983| 0 400 0
984| 0 400 0
985| 0 400 0
986| 0 400 0
987| 0 400 0
988| 0 400 0
989| 0 400 0
990| 0 400 0
991| 0 400 0
992| 0 400 0
993| 0 400 0
994| 0 400 0
995| 0 400 0
996| 0 400 0
997| 0 400 0
998| 0 400 0
999| 0 400 0
1000| 0 400 0
1001| 0 400 0
1002| 0 400 0
1003| 0 400 0
1004| 0 400 0
1005| 0 400 0
1006| 0 400 0
1007| 0 400 0
1008| 0 400 0
1009| 0 400 0
1010| 0 400 0
1011| 0 400 0
1012| 0 400 0
1013| 0 400 0
1014| 0 400 0
1015| 0 400 0
1016| 0 400 0
1017| 0 400 0
1018| 0 400 0
1019| 0 400 0
1020| 0 400 0
1021| 0 400 0
1022| 0 400 0
1023| 0 400 0
1024| 0 400 0
1025| 0 400 0
1026| 0 400 0
1027| 0 400 0
1028| 0 400 0
1029| 0 400 0
1030| 0 400 0
1031| 0 400 0
1032| 0 400 0
1033| 0 400 0
1034| 0 400 0
1035| 0 400 0
1036| 0 400 0
1037| 0 400 0
1038| 0 400 0
1039| 0 400 0
1040| 0 400 0
1041| 0 400 0
1042| 0 400 0
1043| 0 400 0
1044| 0 400 0
1045| 0 400 0
1046| 0 400 0
1047| 0 400 0
1048| 0 400 0
1049| 0 400 0
1050| 0 400 0
1051| 0 400 0
1052| 0 400 0
1053| 0 400 0
1054| 0 400 0
1055| 0 400 0
1056| 0 400 0
1057| 0 400 0
1058| 0 400 0
1059| 0 400 0
1060| 0 400 0
1061| 0 400 0
1062| 0 400 0
1063| 0 400 0
1064| 0 400 0
1065| 0 400 0
1066| 0 400 0
1067| 0 400 0
1068| 0 400 0
1069| 0 400 0
1070| 0 400 0
1071| 0 400 0
1072| 0 400 0
1073| 0 400 0
1074| 0 400 0
1075| 0 400 0
1076| 0 400 0
1077| 0 400 0
1078| 0 400 0
1079| 0 400 0
1080| 0 400 0
1081| 0 400 0
1082| 0 400 0
1083| 0 400 0
1084| 0 400 0
1085| 0 400 0
1086| 0 400 0
1087| 0 400 0
1088| 0 400 0
1089| 0 400 0
1090| 0 400 0
1091| 0 400 0
1092| 0 400 0
1093| 0 400 0
1094| 0 400 0
1095| 0 400 0
1096| 0 400 0
1097| 0 400 0
1098| 0 400 0
1099| 0 400 0
1100| 0 400 0
1101| 0 400 0
1102| 0 400 0
1103| 0 400 0
1104| 0 400 0
1105| 0 400 0
1106| 0 400 0
1107| 0 400 0
1108| 0 400 0
1109| 0 400 0
1110| 0 400 0
1111| 0 400 0
1112| 0 400 0
1113| 0 400 0
1114| 0 400 0
1115| 0 400 0
1116| 0 400 0
1117| 0 400 0
1118| 0 400 0
1119| 0 400 0
1120| 0 400 0
1121| 0 400 0
1122| 0 400 0
1123| 0 400 0
1124| 0 400 0
1125| 0 400 0
1126| 0 400 0
1127| 0 400 0
1128| 0 400 0
1129| 0 400 0
1130| 0 400 0
1131| 0 400 0
1132| 0 400 0
1133| 0 400 0
1134| 0 400 0
1135| 0 400 0
1136| 0 400 0
1137| 0 400 0
1138| 0 400 0
1139| 0 400 0
1140| -0,3 400 0
1141| -0,6 400 0
1142| -0,9 400 0
1143| -1,2 400 0
1144| -1,5 400 0
1145| -1,8 400 0
1146| -2,1 400 0
1147| -2,4 400 0
1148| -2,7 400 0
1149| -3 400 0
1150| -3,299999 400 0
1151| -3,599999 400 0
1152| -3,899999 400 0
1153| -4,2 400 0
1154| -4,5 400 0
1155| -4,8 400 0
1156| -5,1 400 0
1157| -5,4 400 0
1158| -5,7 400 0
1159| -6 400 0
1160| -6,300001 400 0
1161| -6,600001 400 0
1162| -6,900001 400 0
1163| -7,200001 400 0
1164| -7,500001 400 0
1165| -7,800001 400 0
1166| -8,1 400 0
1167| -8,4 400 0
1168| -8,7 400 0
1169| -8,999999 400 0
1170| -9,299999 400 0
1171| -9,599998 400 0
1172| -9,899999 400 0
1173| -10,2 400 0
1174| -10,5 400 0
1175| -10,8 400 0
1176| -11,1 400 0
1177| -11,4 400 0
1178| -11,7 400 0
1179| -12 400 0
1180| -12,3 400 0
1181| -12,6 400 0
1182| -12,9 400 0
1183| -13,2 400 0
1184| -13,5 400 0
1185| -13,79999 400 0
1186| -14,09999 400 0
1187| -14,39999 400 0
1188| -14,69999 400 0
1189| -14,99999 400 0
1190| -15,29999 400 0
1191| -15,59999 400 0
1192| -15,89999 400 0
1193| -16,19999 400 0
1194| -16,49999 400 0
1195| -16,79999 400 0
1196| -17,09999 400 0
1197| -17,39999 400 0
1198| -17,69999 400 0
1199| -17,99999 400 0
1200| -18,29999 400 0
1201| -18,59999 400 0
1202| -18,89999 400 0
1203| -19,19999 400 0
1204| -19,49999 400 0
1205| -19,79999 400 0
1206| -20,09999 400 0
1207| 0 0 0
1208| 0 0 0
1209| 0 0 0
1210| 0 0 0
1211| 0 0 0
1212| 0 0 0
1213| 0 0 0
1214| 0 0 0
1215| 0 0 0
1216| 0 0 0
1217| 0 0 0
1218| 0 0 0
1219| 0 0 0
1220| 0 0 0
1221| 0,3 0 0
1222| 0,6 0 0
1223| 0,9 0 0
1224| 1,2 0 0
1225| 1,5 0 0
1226| 1,8 0 0
1227| 2,1 0 0
1228| 2,4 0 0
1229| 2,7 0 0
1230| 3 0 0
1231| 3,299999 0 0
1232| 3,599999 0 0
1233| 3,899999 0 0
1234| 4,2 0 0
1235| 4,5 0 0
1236| 4,8 0 0
1237| 5,1 0 0
1238| 5,4 0 0
1239| 5,7 0 0
1240| 6 0 0
1241| 6,300001 0 0
1242| 6,600001 0 0
1243| 6,900001 0 0
1244| 7,200001 0 0
1245| 7,500001 0 0
1246| 7,800001 0 0
1247| 8,1 0 0
1248| 8,4 0 0
1249| 8,7 0 0
1250| 8,999999 0 0
1251| 9,299999 0 0
1252| 9,599998 0 0
1253| 9,899999 0 0
1254| 10,2 0 0
1255| 10,5 0 0
1256| 10,8 0 0
1257| 11,1 0 0
1258| 11,4 0 0
1259| 11,7 0 0
1260| 12 0 0
1261| 12,3 0 0
1262| 12,6 0 0
1263| 12,9 0 0
1264| 13,2 0 0
1265| 13,5 0 0
1266| 13,79999 0 0
1267| 14,09999 0 0
1268| 14,39999 0 0
1269| 14,69999 0 0
1270| 14,99999 0 0
1271| 15,29999 0 0
1272| 15,59999 0 0
1273| 15,89999 0 0
1274| 16,19999 0 0
1275| 16,49999 0 0
1276| 16,79999 0 0
1277| 17,09999 0 0
1278| 17,39999 0 0
1279| 17,69999 0 0
1280| 17,99999 0 0
1281| 18,29999 0 0
1282| 18,59999 0 0
1283| 18,89999 0 0
1284| 19,19999 0 0
1285| 19,49999 0 0
1286| 19,79999 0 0
1287| 20,09999 0 0
1288| 20,39999 0 0
1289| 20,69999 0 0
1290| 20,99999 0 0
1291| 21,29999 0 0
1292| 21,59999 0 0
1293| 21,89999 0 0
1294| 22,19999 0 0
1295| 22,49999 0 0
1296| 22,79999 0 0
1297| 23,09999 0 0
1298| 23,39999 0 0
1299| 23,69999 0 0
1300| 23,99999 0 0
1301| 24,29999 0 0
1302| 24,59999 0 0
1303| 24,89998 0 0
1304| 25,19999 0 0
1305| 25,49998 0 0
1306| 25,79998 0 0
1307| 26,09998 0 0
1308| 26,39998 0 0
1309| 26,69998 0 0
1310| 26,99998 0 0
1311| 27,29998 0 0
1312| 27,59998 0 0
1313| 27,89998 0 0
1314| 28,19998 0 0
1315| 28,49998 0 0
1316| 28,79998 0 0
1317| 29,09998 0 0
1318| 29,39998 0 0
1319| 29,69998 0 0
1320| 29,99998 0 0
1321| 30 0 0
1322| 30 0 0
1323| 30 0 0
1324| 30 0 0
1325| 30 0 0
1326| 30 0 0
1327| 30 0 0
1328| 30 0 0
1329| 30 0 0
1330| 30 0 0
1331| 30 0 0
1332| 30 0 0
1333| 30 0 0
1334| 30 0 0
1335| 30 0 0
1336| 30 0 0
1337| 30 0 0
1338| 30 0 0
1339| 30 0 0
1340| 30 0 0
1341| 30 0 0
1342| 30 0 0
1343| 30 0 0
1344| 30 0 0
1345| 30 0 0
1346| 30 0 0
1347| 30 0 0
1348| 30 0 0
1349| 30 0 0
1350| 30 0 0
1351| 30 0 0
1352| 0 0 0
1353| 0 0 0
1354| 0 0 0
1355| 0 0 0
1356| 0 0 0
1357| 0 0 0
1358| -0,3 0 0
1359| -0,6 0 0
1360| -0,9 0 0
1361| -1,2 0 0
1362| -1,5 0 0
1363| -1,8 0 0
1364| -2,1 0 0
1365| -2,4 0 0
1366| -2,7 0 0
1367| -3 0 0
1368| -3,299999 0 0
1369| -3,599999 0 0
1370| -3,899999 0 0
1371| -4,2 0 0
1372| -4,5 0 0
1373| -4,8 0 0
1374| -5,1 0 0
1375| -5,4 0 0
1376| -5,7 0 0
1377| -6 0 0
1378| -6,300001 0 0
1379| -6,600001 0 0
1380| -6,900001 0 0
1381| -7,200001 0 0
1382| -7,500001 0 0
1383| -7,800001 0 0
1384| -8,1 0 0
1385| -8,4 0 0
1386| -8,7 0 0
1387| -8,999999 0 0
1388| -9,299999 0 0
1389| -9,599998 0 0
1390| -9,899999 0 0
1391| -10,2 0 0
1392| -10,5 0 0
1393| -10,8 0 0
1394| -11,1 0 0
1395| -11,4 0 0
1396| -11,7 0 0
1397| -12 0 0
1398| -12,3 0 0
1399| -12,6 0 0
1400| -12,9 0 0
1401| -13,2 0 0
1402| -13,5 0 0
1403| -13,79999 0 0
1404| -14,09999 0 0
1405| -14,39999 0 0
1406| -14,69999 0 0
1407| -14,99999 0 0
1408| -15,29999 0 0
1409| -15,59999 0 0
1410| -15,89999 0 0
1411| -16,19999 0 0
1412| -16,49999 0 0
1413| -16,79999 0 0
1414| -17,09999 0 0
1415| -17,39999 0 0
1416| -17,69999 0 0
1417| -17,99999 0 0
1418| -18,29999 0 0
1419| -18,59999 0 0
1420| -18,89999 0 0
1421| -19,19999 0 0
1422| -19,49999 0 0
1423| 0 0 0
1424| 0 0 0
1425| 0 0 0
1426| 0 0 0
1427| 0 0 0
1428| 0 0 0
1429| 0 0 0
1430| 0 0 0
1431| 0 0 0
1432| 0 0 0
1433| 0 4 0
1434| 0 8 0
1435| 0 12 0
1436| 0 16 0
1437| 0 20 0
1438| 0 24 0
1439| 0 28 0
1440| 0 32 0
1441| 0 36 0
1442| 0 40 0
1443| 0 43,99999 0
1444| 0 47,99999 0
1445| 0 51,99999 0
1446| 0 55,99999 0
1447| 0 60 0
1448| 0 64 0
1449| 0 68 0
1450| 0 72 0
1451| 0 76,00001 0
1452| 0 80,00001 0
1453| 0 84,00001 0
1454| 0 88,00002 0
1455| 0 92,00002 0
1456| 0 96,00002 0
1457| 0 100 0
1458| 0 104 0
1459| 0 108 0
1460| 0 112 0
1461| 0 116 0
1462| 0 120 0
1463| 0 124 0
1464| 0 128 0
1465| 0 132 0
1466| 0 136 0
1467| 0 140 0
1468| 0 144 0
1469| 0 148 0
1470| 0 152 0
1471| 0 156 0
1472| 0 160 0
1473| 0 164 0
1474| 0 168 0
1475| 0 171,9999 0
1476| 0 175,9999 0
1477| 0 179,9999 0
1478| 0 183,9999 0
1479| 0 187,9999 0
1480| 0 191,9999 0
1481| 0 195,9999 0
1482| 0 199,9999 0
1483| 0 203,9999 0
1484| 0 207,9999 0
1485| 0 211,9999 0
1486| 0 215,9999 0
1487| 0 219,9999 0
1488| 0 223,9999 0
1489| 0 227,9999 0
1490| 0 231,9999 0
1491| 0 235,9999 0
1492| 0 239,9999 0
1493| 0 243,9999 0
1494| 0 247,9999 0
1495| 0 251,9999 0
1496| 0 255,9999 0
1497| 0 259,9999 0
1498| 0 263,9999 0
1499| 0 267,9999 0
1500| 0 271,9998 0
1501| 0 275,9998 0
1502| 0 279,9998 0
1503| 0 283,9998 0
1504| 0 287,9998 0
1505| 0 291,9998 0
1506| 0 295,9998 0
1507| 0 299,9998 0
1508| 0 303,9998 0
1509| 0 307,9998 0
1510| 0 311,9998 0
1511| 0 315,9998 0
1512| 0 319,9998 0
1513| 0 323,9998 0
1514| 0 327,9998 0
1515| 0 331,9998 0
1516| 0 335,9998 0
1517| 0 339,9998 0
1518| 0 343,9998 0
1519| 0 347,9998 0
1520| 0 351,9998 0
1521| 0 355,9998 0
1522| 0 359,9998 0
1523| 0 363,9998 0
1524| 0 367,9998 0
1525| 0 371,9998 0
1526| 0 375,9998 0
1527| 0 379,9998 0
1528| 0 383,9998 0
1529| 0 387,9998 0
1530| 0 391,9998 0
1531| 0 395,9998 0
1532| 0 399,9997 0
1533| 0 400 0
1534| 0 400 0
1535| 0 400 0
1536| 0 400 0
1537| 0 400 0
1538| 0 400 0
1539| 0 400 0
1540| 0 400 0
1541| 0 400 0
1542| 0 400 0
1543| 0 400 0
1544| 0 400 0
1545| 0 400 0
1546| 0 400 0
1547| 0 400 0
1548| 0 400 0
1549| 0 400 0
1550| 0 400 0
1551| 0 400 0
1552| 0 400 0
1553| 0 400 0
1554| 0 400 0
1555| 0 400 0
1556| 0 400 0
1557| 0 400 0
1558| 0 400 0
1559| 0 400 0
1560| 0 400 0
1561| 0 400 0
1562| 0 400 0
1563| 0 400 0
1564| 0 400 0
1565| 0 400 0
1566| 0 400 0
1567| 0 400 0
1568| 0 400 0
1569| 0 400 0
1570| 0 400 0
1571| 0 400 0
1572| 0 400 0
1573| 0 400 0
1574| 0 400 0
1575| 0 400 0
1576| 0 400 0
1577| 0 400 0
1578| 0 400 0
1579| 0 400 0
1580| 0 400 0
1581| 0 400 0
1582| 0 400 0
1583| 0 400 0
1584| 0 400 0
1585| 0 400 0
1586| 0 400 0
1587| 0 400 0
1588| 0 400 0
1589| 0 400 0
1590| 0 400 0
1591| 0 400 0
1592| 0 400 0
1593| 0 400 0
1594| 0 400 0
1595| 0 400 0
1596| 0 400 0
1597| 0 400 0
1598| 0 400 0
1599| 0 400 0
1600| 0 400 0
1601| 0 400 0
1602| 0 400 0
1603| 0 400 0
1604| 0 400 0
1605| 0 400 0
1606| 0 400 0
1607| 0 400 0
1608| 0 400 0
1609| 0 400 0
1610| 0 400 0
1611| 0 400 0
1612| 0 400 0
1613| 0 400 0
1614| 0 400 0
1615| 0 400 0
1616| 0 400 0
1617| 0 400 0
1618| 0 400 0
1619| 0 400 0
1620| 0 400 0
1621| 0 400 0
1622| 0 400 0
1623| 0 400 0
1624| 0 400 0
1625| 0 400 0
1626| 0 400 0
1627| 0 400 0
1628| 0 400 0
1629| 0 400 0
1630| 0 400 0
1631| 0,3 400 0
1632| 0,6 400 0
1633| 0,9 400 0
1634| 1,2 400 0
1635| 1,5 400 0
1636| 1,8 400 0
1637| 2,1 400 0
1638| 2,4 400 0
1639| 2,7 400 0
1640| 3 400 0
1641| 3,299999 400 0
1642| 3,599999 400 0
1643| 3,899999 400 0
1644| 4,2 400 0
1645| 4,5 400 0
1646| 4,8 400 0
1647| 5,1 400 0
1648| 5,4 400 0
1649| 5,7 400 0
1650| 6 400 0
1651| 6,300001 400 0
1652| 6,600001 400 0
1653| 6,900001 400 0
1654| 7,200001 400 0
1655| 7,500001 400 0
1656| 7,800001 400 0
1657| 8,1 400 0
1658| 8,4 400 0
1659| 8,7 400 0
1660| 8,999999 400 0
1661| 9,299999 400 0
1662| 9,599998 400 0
1663| 9,899999 400 0
1664| 10,2 400 0
1665| 10,5 400 0
1666| 10,8 400 0
1667| 11,1 400 0
1668| 11,4 400 0
1669| 11,7 400 0
1670| 12 400 0
1671| 12,3 400 0
1672| 12,6 400 0
1673| 12,9 400 0
1674| 13,2 400 0
1675| 13,5 400 0
1676| 13,79999 400 0
1677| 14,09999 400 0
1678| 14,39999 400 0
1679| 14,69999 400 0
1680| 14,99999 400 0
1681| 15,29999 400 0
1682| 15,59999 400 0
1683| 15,89999 400 0
1684| 16,19999 400 0
1685| 16,49999 400 0
1686| 16,79999 400 0
1687| 17,09999 400 0
1688| 17,39999 400 0
1689| 17,69999 400 0
1690| 17,99999 400 0
1691| 18,29999 400 0
1692| 18,59999 400 0
1693| 18,89999 400 0
1694| 19,19999 400 0
1695| 19,49999 400 0
1696| 19,79999 400 0
1697| 20,09999 400 0
1698| 20,39999 400 0
1699| 20,69999 400 0
1700| 20,99999 400 0
1701| 21,29999 400 0
1702| 21,59999 400 0
1703| 21,89999 400 0
1704| 22,19999 400 0
1705| 22,49999 400 0
1706| 22,79999 400 0
1707| 23,09999 400 0
1708| 23,39999 400 0
1709| 23,69999 400 0
1710| 23,99999 400 0
1711| 24,29999 400 0
1712| 24,59999 400 0
1713| 24,89998 400 0
1714| 25,19999 400 0
1715| 25,49998 400 0
1716| 25,79998 400 0
1717| 26,09998 400 0
1718| 26,39998 400 0
1719| 26,69998 400 0
1720| 26,99998 400 0
1721| 27,29998 400 0
1722| 27,59998 400 0
1723| 27,89998 400 0
1724| 28,19998 400 0
1725| 28,49998 400 0
1726| 28,79998 400 0
1727| 29,09998 400 0
1728| 29,39998 400 0
1729| 29,69998 400 0
1730| 29,99998 400 0
1731| 30 400 0
1732| 30 400 0
1733| 30 400 0
1734| 30 400 0
1735| 30 400 0
1736| 30 400 0
1737| 30 400 0
1738| 30 400 0
1739| 30 400 0
1740| 30 400 0
1741| 30 400 0
1742| 30 400 0
1743| 30 400 0
1744| 30 400 0
1745| 30 400 0
1746| 30 400 0
1747| 30 400 0
1748| 30 400 0
1749| 30 400 0
1750| 30 400 0
1751| 30 400 0
1752| 30 400 0
1753| 0 400 0
1754| 0 400 0
1755| 0 400 0
1756| -0,3 400 0
1757| -0,6 400 0
1758| -0,9 400 0
1759| -1,2 400 0
1760| -1,5 400 0
1761| -1,8 400 0
1762| -2,1 400 0
1763| -2,4 400 0
1764| -2,7 400 0
1765| -3 400 0
1766| -3,299999 400 0
1767| -3,599999 400 0
1768| -3,899999 400 0
1769| -4,2 400 0
1770| -4,5 400 0
1771| -4,8 400 0
1772| -5,1 400 0
1773| -5,4 400 0
1774| -5,7 400 0
1775| -6 400 0
1776| -6,300001 400 0
1777| -6,600001 400 0
1778| -6,900001 400 0
1779| -7,200001 400 0
1780| -7,500001 400 0
1781| -7,800001 400 0
1782| -8,1 400 0
1783| -8,4 400 0
1784| -8,7 400 0
1785| -8,999999 400 0
1786| -9,299999 400 0
1787| -9,599998 400 0
1788| -9,899999 400 0
1789| -10,2 400 0
1790| -10,5 400 0
1791| -10,8 400 0
1792| -11,1 400 0
1793| -11,4 400 0
1794| -11,7 400 0
1795| -12 400 0
1796| -12,3 400 0
1797| -12,6 400 0
1798| -12,9 400 0
1799| -13,2 400 0
1800| -13,5 400 0
1801| -13,79999 400 0
1802| -14,09999 400 0
1803| -14,39999 400 0
1804| -14,69999 400 0
1805| -14,99999 400 0
1806| -15,29999 400 0
1807| -15,59999 400 0
1808| -15,89999 400 0
1809| -16,19999 400 0
1810| -16,49999 400 0
1811| -16,79999 400 0
1812| -17,09999 400 0
1813| -17,39999 400 0
1814| -17,69999 400 0
1815| -17,99999 400 0
1816| -18,29999 400 0
1817| -18,59999 400 0
1818| -18,89999 400 0
1819| -19,19999 400 0
1820| -19,49999 400 0
1821| -19,79999 400 0
1822| -20,09999 400 0
1823| -20,39999 400 0
1824| -20,69999 400 0
1825| -20,99999 400 0
1826| -21,29999 400 0
1827| -21,59999 400 0
1828| -21,89999 400 0
1829| -22,19999 400 0
1830| -22,49999 400 0
1831| -22,79999 400 0
1832| -23,09999 400 0
1833| -23,39999 400 0
1834| -23,69999 400 0
1835| -23,99999 400 0
1836| -24,29999 400 0
1837| -24,59999 400 0
1838| -24,89998 400 0
1839| -25,19999 400 0
1840| -25,49998 400 0
1841| -25,79998 400 0
1842| -26,09998 400 0
1843| -26,39998 400 0
1844| -26,69998 400 0
1845| -26,99998 400 0
1846| -27,29998 400 0
1847| -27,59998 400 0
1848| -27,89998 400 0
1849| -28,19998 400 0
1850| -28,49998 400 0
1851| -28,79998 400 0
1852| -29,09998 400 0
1853| -29,39998 400 0
1854| -29,69998 400 0
1855| -29,99998 400 0
1856| -30 400 0
1857| -30 400 0
1858| -30 400 0
1859| -30 400 0
1860| -30 400 0
1861| -30 400 0
1862| -30 400 0
1863| -30 400 0
1864| -30 400 0
1865| -30 400 0
1866| -30 400 0
1867| -30 400 0
1868| -30 400 0
1869| -30 400 0
1870| -30 400 0
1871| -30 400 0
1872| -30 400 0
1873| -30 400 0
1874| -30 400 0
1875| -30 400 0
1876| -30 400 0
1877| -30 400 0
1878| -30 400 0
1879| -30 400 0
1880| -30 400 0
1881| -30 400 0
1882| -30 400 0
1883| -30 400 0
1884| -30 400 0
1885| -30 400 0
1886| -30 400 0
1887| -30 400 0
1888| -30 400 0
1889| -30 400 0
1890| -30 400 0
1891| -30 400 0
1892| -30 400 0
1893| -30 400 0
1894| -30 400 0
1895| -30 400 0
1896| -30 400 0
1897| -30 400 0
1898| -30 400 0
1899| -30 400 0
1900| -30 400 0
1901| -30 400 0
1902| -30 400 0
1903| -30 400 0
1904| -30 400 0
1905| -30 400 0
1906| -30 400 0
1907| -30 400 0
1908| -30 400 0
1909| -30 400 0
1910| -30 400 0
1911| -30 400 0
1912| -30 400 0
1913| -30 400 0
1914| -30 400 0
1915| -30 400 0
1916| -30 400 0
1917| -30 400 0
1918| -30 400 0
1919| 0 0 0
1920| 0 0 0
1921| 0 0 0
1922| 0 0 0
1923| 0 0 0
1924| 0 0 0
1925| 0 0 0
1926| 0 0 0
1927| 0 0 0
1928| 0 0 0
1929| 0 0 0
1930| 0 4 0
1931| 0 8 0
1932| 0 12 0
1933| 0 16 0
1934| 0 20 0
1935| 0 24 0
1936| 0 28 0
1937| 0 32 0
1938| 0 36 0
1939| 0 40 0
1940| 0 43,99999 0
1941| 0 47,99999 0
1942| 0 51,99999 0
1943| 0 55,99999 0
1944| 0 60 0
1945| 0 64 0
1946| 0 68 0
1947| 0 72 0
1948| 0 76,00001 0
1949| 0 80,00001 0
1950| 0 84,00001 0
1951| 0 88,00002 0
1952| 0 92,00002 0
1953| 0 96,00002 0
1954| 0 100 0
1955| 0 104 0
1956| 0 108 0
1957| 0 112 0
1958| 0 116 0
1959| 0 120 0
1960| 0 124 0
1961| 0 128 0
1962| 0 132 0
1963| 0 136 0
1964| 0 140 0
1965| 0 144 0
1966| 0 148 0
1967| 0 152 0
1968| 0 156 0
1969| 0 160 0
1970| 0 164 0
1971| 0 168 0
1972| 0 171,9999 0
1973| 0 175,9999 0
1974| 0 179,9999 0
1975| 0 183,9999 0
1976| 0 187,9999 0
1977| 0 191,9999 0
1978| 0 195,9999 0
1979| 0 199,9999 0
1980| 0 203,9999 0
1981| 0 207,9999 0
1982| 0 211,9999 0
1983| 0 215,9999 0
1984| 0 219,9999 0
1985| 0 223,9999 0
1986| 0 227,9999 0
1987| 0 231,9999 0
1988| 0 235,9999 0
1989| 0 239,9999 0
1990| 0 243,9999 0
1991| 0 247,9999 0
1992| 0 251,9999 0
1993| 0 255,9999 0
1994| 0 259,9999 0
1995| 0 263,9999 0
1996| 0 267,9999 0
1997| 0 271,9998 0
1998| 0 275,9998 0
1999| 0 279,9998 0
2000| 0 283,9998 0
2001| 0 287,9998 0
2002| 0 291,9998 0
2003| 0 295,9998 0
2004| 0 299,9998 0
2005| 0 303,9998 0
2006| 0 307,9998 0
2007| 0 311,9998 0
2008| 0 315,9998 0
2009| 0 319,9998 0
2010| 0 323,9998 0
2011| 0 327,9998 0
2012| 0 331,9998 0
2013| 0 335,9998 0
2014| 0 339,9998 0
2015| 0 343,9998 0
2016| 0 347,9998 0
2017| 0 351,9998 0
2018| 0 355,9998 0
2019| 0 359,9998 0
2020| 0 363,9998 0
2021| 0 367,9998 0
2022| 0 371,9998 0
2023| 0 375,9998 0
2024| 0 379,9998 0
2025| 0 383,9998 0
2026| 0 387,9998 0
2027| 0 391,9998 0
2028| 0 395,9998 0
2029| 0 399,9997 0
2030| 0 400 0
2031| 0 400 0
2032| -0,3 400 0
2033| -0,6 400 0
2034| -0,9 400 0
2035| -1,2 400 0
2036| -1,5 400 0
2037| -1,8 400 0
2038| -2,1 400 0
2039| -2,4 400 0
2040| -2,7 400 0
2041| -3 400 0
2042| -3,299999 400 0
2043| -3,599999 400 0
2044| -3,899999 400 0
2045| -4,2 400 0
2046| -4,5 400 0
2047| -4,8 400 0
2048| -5,1 400 0
2049| 0 0 0
2050| 0 0 0
2051| 0 0 0
2052| 0 0 0
2053| 0 0 0
2054| 0 0 0
2055| 0 0 0
2056| 0 0 0
2057| 0 4 0
2058| 0 8 0
2059| 0 12 0
2060| 0 16 0
2061| 0 20 0
2062| 0 24 0
2063| 0 28 0
2064| 0 32 0
2065| 0 36 0
2066| 0 40 0
2067| 0 43,99999 0
2068| 0 47,99999 0
2069| 0 51,99999 0
2070| 0 55,99999 0
2071| 0 60 0
2072| 0 64 0
2073| 0 68 0
2074| 0 72 0
2075| 0 76,00001 0
2076| 0 80,00001 0
2077| 0 84,00001 0
2078| 0 88,00002 0
2079| 0 92,00002 0
2080| 0 96,00002 0
2081| 0 100 0
2082| 0 104 0
2083| 0 108 0
2084| 0 112 0
2085| 0 116 0
2086| 0 120 0
2087| 0 124 0
2088| 0 128 0
2089| 0 132 0
2090| 0 136 0
2091| 0 140 0
2092| 0 144 0
2093| 0 148 0
2094| 0 152 0
2095| 0 156 0
2096| 0 160 0
2097| 0 164 0
2098| 0 168 0
2099| 0 171,9999 0
2100| 0 175,9999 0
2101| 0 179,9999 0
2102| 0 183,9999 0
2103| 0 187,9999 0
2104| 0 191,9999 0
2105| 0 195,9999 0
2106| 0 199,9999 0
2107| 0 203,9999 0
2108| 0 207,9999 0
2109| 0 211,9999 0
2110| 0 215,9999 0
2111| 0 219,9999 0
2112| 0 223,9999 0
2113| 0 227,9999 0
2114| 0 231,9999 0
2115| 0 235,9999 0
2116| 0 239,9999 0
2117| 0 243,9999 0
2118| 0 247,9999 0
2119| 0 251,9999 0
2120| 0 255,9999 0
2121| 0 259,9999 0
2122| 0 263,9999 0
2123| 0 267,9999 0
2124| 0 271,9998 0
2125| 0 275,9998 0
2126| 0 279,9998 0
2127| 0 283,9998 0
2128| 0 287,9998 0
2129| 0 291,9998 0
2130| 0 295,9998 0
2131| 0 299,9998 0
2132| 0 303,9998 0
2133| 0 307,9998 0
2134| 0 311,9998 0
2135| 0 315,9998 0
2136| 0 319,9998 0
2137| 0 323,9998 0
2138| 0 327,9998 0
2139| 0 331,9998 0
2140| 0 335,9998 0
2141| 0 339,9998 0
2142| 0 343,9998 0
2143| 0 347,9998 0
2144| 0 351,9998 0
2145| 0 355,9998 0
2146| 0 359,9998 0
2147| 0 363,9998 0
2148| 0 367,9998 0
2149| 0 371,9998 0
2150| 0 375,9998 0
2151| 0 379,9998 0
2152| 0 383,9998 0
2153| 0 387,9998 0
2154| 0 391,9998 0
2155| 0 395,9998 0
2156| 0 399,9997 0
2157| 0 400 0
2158| 0 400 0
2159| 0 400 0
2160| 0 400 0
2161| 0 400 0
2162| 0 400 0
2163| 0 0 0
2164| 0 0 0
2165| 0 0 0
2166| 0 0 0
2167| 0 0 0
2168| 0 0 0
2169| 0 0 0
2170| 0 4 0
2171| 0 0 0
2172| 0 0 0
2173| 0 4 0
2174| 0 0 0
2175| 0 0 0
2176| 0 4 0
2177| 0 0 0
2178| 0 0 0
2179| 0 4 0
2180| 0 0 0
2181| 0 0 0
2182| 0 0 0
2183| 0 0 0
2184| 0 0 0
2185| 0 0 0
2186| 0 0 0
2187| 0 0 0
2188| 0 4 0
2189| 0 0 0
2190| 0 0 0
2191| 0 0 0
2192| 0 0 0
2193| 0 0 0
2194| 0 0 0
2195| 0 4 0
2196| 0 0 0
2197| 0 0 0
2198| 0 4 0
2199| 0 8 0
2200| 0 0 0
2201| 0 0 0
2202| 0 4 0
2203| 0 8 0
2204| 0 12 0
2205| 0 16 0
2206| 0 20 0
2207| 0 24 0
2208| 0 28 0
2209| 0 32 0
2210| 0 36 0
2211| 0 40 0
2212| 0 43,99999 0
2213| 0 47,99999 0
2214| 0 51,99999 0
2215| 0 55,99999 0
2216| 0 60 0
2217| 0 64 0
2218| 0 68 0
2219| 0 72 0
2220| 0 76,00001 0
2221| 0 80,00001 0
2222| 0 84,00001 0
2223| 0 88,00002 0
2224| 0 92,00002 0
2225| 0 96,00002 0
2226| 0 100 0
2227| 0 104 0
2228| 0 108 0
2229| 0 112 0
2230| 0 116 0
2231| 0 120 0
2232| 0 124 0
2233| 0 128 0
2234| 0 132 0
2235| 0 136 0
2236| 0 140 0
2237| 0 144 0
2238| 0 148 0
2239| 0 152 0
2240| 0 156 0
2241| 0 160 0
2242| 0 164 0
2243| 0 168 0
2244| 0 171,9999 0
2245| 0 175,9999 0
2246| 0 179,9999 0
2247| 0 183,9999 0
2248| 0 187,9999 0
2249| 0 191,9999 0
2250| 0 195,9999 0
2251| 0 199,9999 0
2252| 0 203,9999 0
2253| 0 207,9999 0
2254| 0 211,9999 0
2255| 0 215,9999 0
2256| 0 219,9999 0
2257| 0 223,9999 0
2258| 0 227,9999 0
2259| 0 231,9999 0
2260| 0 235,9999 0
2261| 0 239,9999 0
2262| 0 243,9999 0
2263| 0 247,9999 0
2264| 0 251,9999 0
2265| 0 255,9999 0
2266| 0 259,9999 0
2267| 0 263,9999 0
2268| 0 267,9999 0
2269| 0 271,9998 0
2270| 0 275,9998 0
2271| 0 279,9998 0
2272| 0 283,9998 0
2273| 0 287,9998 0
2274| 0 291,9998 0
2275| 0 295,9998 0
2276| 0 299,9998 0
2277| 0 303,9998 0
2278| 0 307,9998 0
2279| 0 311,9998 0
2280| 0 315,9998 0
2281| 0 319,9998 0
2282| 0 323,9998 0
2283| 0 327,9998 0
2284| 0 331,9998 0
2285| 0 335,9998 0
2286| 0 339,9998 0
2287| 0 343,9998 0
2288| 0 347,9998 0
2289| 0 351,9998 0
2290| 0 355,9998 0
2291| 0 359,9998 0
2292| 0 363,9998 0
2293| 0 367,9998 0
2294| 0 371,9998 0
2295| 0 375,9998 0
2296| 0 379,9998 0
2297| 0 383,9998 0
2298| 0 387,9998 0
2299| 0 391,9998 0
2300| 0 395,9998 0
2301| 0 399,9997 0
2302| 0 400 0
2303| 0 400 0
2304| 0 400 0
2305| 0 400 0
2306| 0 400 0
2307| 0 400 0
2308| 0 400 0
2309| 0 400 0
2310| 0 400 0
2311| 0 400 0
2312| 0 400 0
2313| 0 400 0
2314| 0 400 0
2315| 0 400 0
2316| 0 400 0
2317| 0 400 0
2318| 0 400 0
2319| 0 400 0
2320| 0 400 0
2321| 0 400 0
2322| 0 400 0
2323| 0 400 0
2324| 0 400 0
2325| 0 400 0
2326| 0 400 0
2327| 0 400 0
2328| 0 400 0
2329| 0 400 0
2330| 0 400 0
2331| 0 400 0
2332| 0 400 0
2333| 0 400 0
2334| 0 400 0
2335| 0 400 0
2336| 0 400 0
2337| 0 400 0
2338| 0 400 0
2339| 0 400 0
2340| 0 400 0
2341| 0 400 0
2342| 0 400 0
2343| 0 400 0
2344| 0 400 0
2345| 0 400 0
2346| 0 400 0
2347| 0 400 0
2348| 0 400 0
2349| 0 400 0
2350| 0 400 0
2351| 0 400 0
2352| 0 400 0
2353| 0 400 0
2354| 0 400 0
2355| 0 400 0
2356| 0 400 0
2357| 0 400 0
2358| 0 400 0
2359| 0 400 0
2360| 0 400 0
2361| 0 400 0
2362| 0 400 0
2363| 0 400 0
2364| 0 400 0
2365| 0 400 0
2366| 0 400 0
2367| 0 400 0
2368| 0 400 0
2369| 0 400 0
2370| 0 400 0
2371| 0 400 0
2372| 0 400 0
2373| 0 400 0
2374| 0 400 0
2375| 0 400 0
2376| 0 400 0
2377| 0 400 0
2378| 0 400 0
2379| 0 400 0
2380| 0 400 0
2381| 0 400 0
2382| 0 400 0
2383| 0 400 0
2384| 0 400 0
2385| 0 400 0
2386| 0 400 0
2387| 0 400 0
2388| 0 400 0
2389| 0 400 0
2390| 0 400 0
2391| 0 400 0
2392| 0 400 0
2393| 0 400 0
2394| 0 400 0
2395| 0 400 0
2396| 0 400 0
2397| 0 400 0
2398| 0 400 0
2399| 0 400 0
2400| 0 400 0
2401| 0 400 0
2402| -0,3 400 0
2403| -0,6 400 0
2404| -0,9 400 0
2405| -1,2 400 0
2406| -1,5 400 0
2407| -1,8 400 0
2408| -2,1 400 0
2409| -2,4 400 0
2410| -2,7 400 0
2411| -3 400 0
2412| -3,299999 400 0
2413| -3,599999 400 0
2414| -3,899999 400 0
2415| -3,899999 400 0
2416| -3,899999 400 0
2417| -3,899999 400 0
2418| -3,899999 400 0
2419| -3,899999 400 0
2420| -3,899999 400 0
2421| -3,899999 400 0
2422| -3,899999 400 0
2423| -3,899999 400 0
2424| -3,899999 400 0
2425| -3,899999 400 0
2426| -3,899999 400 0
2427| -3,899999 400 0
2428| -3,899999 400 0
2429| -3,899999 400 0
2430| -3,899999 400 0
2431| -3,899999 400 0
2432| -3,899999 400 0
2433| -3,899999 400 0
2434| -3,899999 400 0
2435| -3,899999 400 0
2436| -3,899999 400 0
2437| -3,899999 400 0
2438| -3,899999 400 0
2439| -3,899999 400 0
2440| -3,899999 400 0
2441| -3,899999 400 0
2442| -3,899999 400 0
2443| -3,899999 400 0
2444| -3,899999 400 0
2445| -3,899999 400 0
2446| -3,899999 400 0
2447| -3,899999 400 0
2448| -3,899999 400 0
2449| -3,899999 400 0
2450| -3,899999 400 0
2451| -3,899999 400 0
2452| -3,899999 400 0
2453| -3,899999 400 0
2454| -3,899999 400 0
2455| -3,899999 400 0
2456| -3,899999 400 0
2457| -3,899999 400 0
2458| -3,899999 400 0
2459| -3,899999 400 0
2460| -3,899999 400 0
2461| -3,899999 400 0
2462| -3,899999 400 0
2463| -3,899999 400 0
2464| -3,899999 400 0
2465| -3,899999 400 0
2466| -3,899999 400 0
2467| -3,899999 400 0
2468| -3,899999 400 0
2469| -3,899999 400 0
2470| -3,899999 400 0
2471| -3,899999 400 0
2472| -3,899999 400 0
2473| -3,899999 400 0
2474| -3,899999 400 0
2475| -3,899999 400 0
2476| -3,899999 400 0
2477| -3,899999 400 0
2478| -3,899999 400 0
2479| -3,899999 400 0
2480| -3,899999 400 0
2481| -3,899999 400 0
2482| 0 0 0
2483| 0 0 0
2484| 0 0 0
2485| 0 0 0
2486| 0 0 0
2487| 0 0 0
2488| 0 0 0
2489| 0 0 0
2490| 0 0 0
2491| 0 0 0
2492| 0 0 0
2493| 0 0 0
2494| 0 0 0
2495| 0 0 0
2496| 0 0 0
2497| 0 0 0
2498| 0 0 0
2499| 0 0 0
2500| 0 0 0
2501| 0 0 0
2502| 0,3 0 0
2503| 0,6 0 0
2504| 0,9 0 0
2505| 1,2 0 0
2506| 1,5 0 0
2507| 1,8 0 0
2508| 2,1 0 0
2509| 2,4 0 0
2510| 2,7 0 0
2511| 3 0 0
2512| 3,299999 0 0
2513| 3,599999 0 0
2514| 3,899999 0 0
2515| 4,2 0 0
2516| 4,5 0 0
2517| 4,8 0 0
2518| 5,1 0 0
2519| 5,4 0 0
2520| 5,7 0 0
2521| 6 0 0
2522| 6,300001 0 0
2523| 6,600001 0 0
2524| 6,900001 0 0
2525| 7,200001 0 0
2526| 7,500001 0 0
2527| 7,800001 0 0
2528| 8,1 0 0
2529| 8,4 0 0
2530| 8,7 0 0
2531| 8,999999 0 0
2532| 9,299999 0 0
2533| 9,599998 0 0
2534| 9,899999 0 0
2535| 0 0 0
2536| 0 0 0
2537| 0 0 0
2538| 0 0 0
2539| 0 0 0
2540| 0 0 0
2541| 0 0 0
2542| 0 0 0
2543| 0 0 0
2544| 0 0 0
2545| 0 0 0
2546| 0 0 0
2547| -0,3 0 0
2548| -0,6 0 0
2549| -0,9 0 0
2550| -1,2 0 0
2551| -1,5 0 0
2552| -1,8 0 0
2553| -2,1 0 0
2554| -2,4 0 0
2555| -2,7 0 0
2556| -3 0 0
2557| -3,299999 0 0
2558| -3,599999 0 0
2559| -3,899999 0 0
2560| -4,2 0 0
2561| -4,5 0 0
2562| -4,8 0 0
2563| -5,1 0 0
2564| -5,4 0 0
2565| 0 0 0
2566| 0 0 0
2567| 0 0 0
2568| -0,3 0 0
2569| -0,6 0 0
2570| -0,9 0 0
2571| -1,2 0 0
2572| -1,5 0 0
2573| -1,8 0 0
2574| -2,1 0 0
2575| -2,4 0 0
2576| -2,7 0 0
2577| -3 0 0
2578| -3,299999 0 0
2579| -3,599999 0 0
2580| -3,899999 0 0
2581| 0 0 0
2582| 0 0 0
2583| 0 0 0
2584| 0 0 0
2585| 0 0 0
2586| 0 0 0
2587| 0 0 0
2588| 0 0 0
2589| 0 0 0
2590| 0 4 0
2591| 0 8 0
2592| 0 12 0
2593| 0 16 0
2594| 0 20 0
2595| 0 24 0
2596| 0 28 0
2597| 0 32 0
2598| 0 36 0
2599| 0 40 0
2600| 0 43,99999 0
2601| 0 47,99999 0
2602| 0 51,99999 0
2603| 0 55,99999 0
2604| 0 60 0
2605| 0 64 0
2606| 0 68 0
2607| 0 72 0
2608| 0 76,00001 0
2609| 0 80,00001 0
2610| 0 84,00001 0
2611| 0 88,00002 0
2612| 0 92,00002 0
2613| 0 96,00002 0
2614| 0 100 0
2615| 0 0 0
2616| 0 0 0
2617| 0 0 0
2618| 0 0 0
2619| 0 4 0
2620| 0 8 0
2621| 0 12 0
2622| 0 16 0
2623| 0 20 0
2624| 0 24 0
2625| 0 28 0
2626| 0 32 0
2627| 0 36 0
2628| 0 40 0
2629| 0 43,99999 0
2630| 0 47,99999 0
2631| 0 51,99999 0
2632| 0 55,99999 0
2633| 0 60 0
2634| 0 64 0
2635| 0 68 0
2636| 0 72 0
2637| 0 76,00001 0
2638| 0 80,00001 0
2639| 0 84,00001 0
2640| 0 88,00002 0
2641| 0 92,00002 0
2642| 0 96,00002 0
2643| 0 100 0
2644| 0 104 0
2645| 0 108 0
2646| 0 112 0
2647| 0 116 0
2648| 0 120 0
2649| 0 124 0
2650| 0 128 0
2651| 0 132 0
2652| 0 136 0
2653| 0 0 0
2654| 0 0 0
2655| 0 0 0
2656| 0 0 0
2657| 0 0 0
2658| 0 4 0
2659| 0 8 0
2660| 0 12 0
2661| 0 16 0
2662| 0 20 0
2663| 0 24 0
2664| 0 28 0
2665| -0,3 32 0
2666| -0,6 36 0
2667| -0,9 36 0
2668| -1,2 36 0
2669| -1,5 36 0
2670| -1,8 36 0
2671| -2,1 36 0
2672| -2,4 36 0
2673| -2,7 36 0
2674| -3 36 0
2675| -3,299999 36 0
2676| -3,599999 36 0
2677| -3,899999 36 0
2678| -4,2 36 0
2679| -4,5 36 0
2680| -4,8 36 0
2681| -5,1 36 0
2682| -5,4 36 0
2683| -5,7 36 0
2684| -6 36 0
2685| -6,300001 36 0
2686| -6,600001 36 0
2687| -6,900001 36 0
2688| -7,200001 36 0
2689| -7,500001 36 0
2690| -7,800001 36 0
2691| -8,1 36 0
2692| -8,4 36 0
2693| -8,7 36 0
2694| -8,999999 36 0
2695| -9,299999 36 0
2696| -9,599998 36 0
2697| -9,899999 36 0
2698| -10,2 36 0
2699| -10,5 36 0
2700| -10,8 36 0
2701| -11,1 36 0
2702| -11,4 36 0
2703| -11,7 36 0
2704| -12 36 0
2705| -12,3 36 0
2706| -12,6 36 0
2707| -12,9 36 0
2708| -13,2 36 0
2709| -13,5 36 0
2710| -13,79999 36 0
2711| -14,09999 36 0
2712| -14,39999 36 0
2713| -14,69999 36 0
2714| -14,99999 36 0
2715| -15,29999 36 0
2716| -15,59999 36 0
2717| -15,89999 36 0
2718| -16,19999 36 0
2719| -16,49999 36 0
2720| -16,79999 36 0
2721| -17,09999 36 0
2722| -17,39999 36 0
2723| -17,69999 36 0
2724| -17,99999 36 0
2725| -18,29999 36 0
2726| -18,59999 36 0
2727| -18,89999 36 0
2728| -19,19999 36 0
2729| -19,49999 36 0
2730| -19,79999 36 0
2731| -20,09999 36 0
2732| -20,39999 36 0
2733| -20,69999 36 0
2734| -20,99999 36 0
2735| -21,29999 36 0
2736| -21,59999 36 0
2737| -21,89999 36 0
2738| -22,19999 36 0
2739| -22,49999 36 0
2740| -22,79999 36 0
2741| -23,09999 36 0
2742| -23,39999 36 0
2743| -23,69999 36 0
2744| -23,99999 36 0
2745| -24,29999 36 0
2746| -24,59999 36 0
2747| -24,89998 36 0
2748| -25,19999 36 0
2749| -25,49998 36 0
2750| -25,79998 36 0
2751| -26,09998 36 0
2752| 0 0 0
2753| 0 0 0
2754| 0 0 0
2755| 0 0 0
2756| -0,3 0 0
2757| -0,6 0 0
2758| -0,9 0 0
2759| -1,2 0 0
2760| -1,5 0 0
2761| -1,8 0 0
2762| -2,1 0 0
2763| -2,4 0 0
2764| -2,7 0 0
2765| -3 0 0
2766| -3,299999 0 0
2767| -3,599999 0 0
2768| -3,899999 0 0
2769| -4,2 0 0
2770| -4,5 0 0
2771| -4,8 0 0
2772| -5,1 0 0
2773| -5,4 0 0
2774| -5,7 0 0
2775| -6 0 0
2776| -6,300001 0 0
2777| -6,600001 0 0
2778| -6,900001 0 0
2779| -7,200001 0 0
2780| -7,500001 0 0
2781| -7,800001 0 0
2782| -8,1 0 0
2783| -8,4 0 0
2784| -8,7 0 0
2785| -8,999999 0 0
2786| -9,299999 0 0
2787| -9,599998 0 0
2788| -9,899999 0 0
2789| -10,2 0 0
2790| -10,5 0 0
2791| -10,8 0 0
2792| -11,1 0 0
2793| -11,4 0 0
2794| -11,7 0 0
2795| -12 0 0
2796| -12,3 0 0
2797| -12,6 0 0
2798| -12,9 0 0
2799| -13,2 0 0
2800| -13,5 0 0
2801| -13,79999 0 0
2802| -14,09999 0 0
2803| -14,39999 0 0
2804| -14,69999 0 0
2805| -14,99999 0 0
2806| -15,29999 0 0
2807| -15,59999 0 0
2808| -15,89999 0 0
2809| -16,19999 0 0
2810| -16,49999 0 0
2811| -16,79999 0 0
2812| -17,09999 0 0
2813| -17,39999 0 0
2814| -17,69999 0 0
2815| -17,99999 0 0
2816| -18,29999 0 0
2817| -18,59999 0 0
2818| -18,89999 0 0
2819| -19,19999 0 0
2820| -19,49999 0 0
2821| -19,79999 0 0
2822| -20,09999 0 0
2823| -20,39999 0 0
2824| -20,69999 0 0
2825| -20,99999 0 0
2826| -21,29999 0 0
2827| -21,59999 0 0
2828| -21,89999 0 0
2829| -22,19999 0 0
2830| -22,49999 0 0
2831| -22,79999 0 0
2832| -23,09999 0 0
2833| -23,39999 0 0
2834| -23,69999 0 0
2835| -23,99999 0 0
2836| -24,29999 0 0
2837| -24,59999 0 0
2838| -24,89998 0 0
2839| -25,19999 0 0
2840| -25,49998 0 0
2841| -25,79998 0 0
2842| -26,09998 0 0
2843| -26,39998 0 0
2844| -26,69998 0 0
2845| -26,99998 0 0
2846| -27,29998 0 0
2847| -27,59998 0 0
2848| -27,89998 0 0
2849| -28,19998 0 0
2850| -28,49998 0 0
2851| -28,79998 0 0
2852| -29,09998 0 0
2853| -29,39998 0 0
2854| -29,69998 0 0
2855| -29,99998 0 0
2856| -30 0 0
2857| -30 0 0
2858| -30 0 0
2859| -30 0 0
2860| -30 0 0
2861| -30 0 0
2862| -30 0 0
2863| -30 0 0
2864| -30 0 0
2865| -30 0 0
2866| -30 0 0
2867| -30 0 0
2868| -30 0 0
2869| -30 0 0
2870| -30 0 0
2871| -30 0 0
2872| -30 0 0
2873| -30 0 0
2874| -30 0 0
2875| -30 0 0
2876| -30 0 0
2877| 0 0 0
2878| 0 0 0
2879| 0 0 0
2880| 0 0 0
2881| 0 0 0
2882| 0 0 0
2883| 0 0 0
2884| 0 0 0
2885| 0 0 0
2886| 0 0 0
2887| 0 4 0
2888| 0 8 0
2889| 0 12 0
2890| 0 16 0
2891| 0 20 0
2892| 0 24 0
2893| 0 28 0
2894| 0 32 0
2895| 0 36 0
2896| 0 40 0
2897| 0 43,99999 0
2898| 0 47,99999 0
2899| 0 51,99999 0
2900| 0 55,99999 0
2901| 0 60 0
2902| 0 64 0
2903| 0 68 0
2904| 0 72 0
2905| 0 76,00001 0
2906| 0 80,00001 0
2907| 0 84,00001 0
2908| 0 88,00002 0
2909| 0 92,00002 0
2910| 0 96,00002 0
2911| 0 100 0
2912| 0 104 0
2913| 0 108 0
2914| 0 112 0
2915| 0 116 0
2916| 0 120 0
2917| 0 124 0
2918| 0 128 0
2919| 0 132 0
2920| 0 136 0
2921| 0 140 0
2922| 0 144 0
2923| 0 148 0
2924| 0 152 0
2925| 0 156 0
2926| 0 160 0
2927| 0 164 0
2928| 0 168 0
2929| 0 171,9999 0
2930| 0 175,9999 0
2931| 0 179,9999 0
2932| 0 183,9999 0
2933| 0 187,9999 0
2934| 0 191,9999 0
2935| 0 195,9999 0
2936| 0 199,9999 0
2937| 0 203,9999 0
2938| 0 207,9999 0
2939| 0 211,9999 0
2940| 0 215,9999 0
2941| 0 219,9999 0
2942| 0 223,9999 0
2943| 0 227,9999 0
2944| 0 231,9999 0
2945| 0 235,9999 0
2946| 0 239,9999 0
2947| 0 243,9999 0
2948| 0 247,9999 0
2949| 0 251,9999 0
2950| 0 255,9999 0
2951| 0 259,9999 0
2952| 0 263,9999 0
2953| 0 267,9999 0
2954| 0 271,9998 0
2955| 0 275,9998 0
2956| 0 279,9998 0
2957| 0 283,9998 0
2958| 0 287,9998 0
2959| 0 291,9998 0
2960| 0 295,9998 0
2961| 0 299,9998 0
2962| 0 303,9998 0
2963| 0 307,9998 0
2964| 0 311,9998 0
2965| 0 315,9998 0
2966| 0 319,9998 0
2967| 0 323,9998 0
2968| 0 327,9998 0
2969| 0 331,9998 0
2970| 0 335,9998 0
2971| 0 339,9998 0
2972| 0 343,9998 0
2973| 0 347,9998 0
2974| 0 351,9998 0
2975| 0 355,9998 0
2976| 0 359,9998 0
2977| 0 363,9998 0
2978| 0 367,9998 0
2979| 0 371,9998 0
2980| 0 375,9998 0
2981| 0 379,9998 0
2982| 0 383,9998 0
2983| 0 387,9998 0
2984| 0 391,9998 0
2985| 0 395,9998 0
2986| 0 399,9997 0
2987| 0 400 0
2988| 0 400 0
2989| 0 400 0
2990| 0 400 0
2991| 0 400 0
2992| 0 400 0
2993| 0 400 0
2994| 0 400 0
2995| 0 400 0
2996| 0 400 0
2997| 0 400 0
2998| 0 400 0
2999| 0 400 0
3000| 0 400 0
3001| 0 400 0
3002| 0 400 0
3003| 0 400 0
3004| 0 400 0
3005| 0 400 0
3006| 0 400 0
3007| 0 400 0
3008| 0 400 0
3009| 0 400 0
3010| 0 400 0
3011| 0 400 0
3012| 0 400 0
3013| 0 400 0
3014| 0 400 0
3015| 0 400 0
3016| 0 400 0
3017| 0 400 0
3018| 0 400 0
3019| 0 400 0
3020| 0 400 0
3021| 0 400 0
3022| 0 400 0
3023| 0 400 0
3024| 0 400 0
3025| 0 400 0
3026| 0 400 0
3027| 0 400 0
3028| 0 400 0
3029| 0 400 0
3030| 0 400 0
3031| 0 400 0
3032| 0 400 0
3033| 0 0 0
3034| 0 0 0
3035| 0 0 0
3036| 0 0 0
3037| 0 0 0
3038| 0 0 0
3039| 0 0 0
3040| 0 0 0
3041| 0 0 0
3042| 0 0 0
3043| 0 0 0
3044| 0 0 0
3045| 0 0 0
3046| 0 0 0
3047| 0 0 0
3048| 0 0 0
3049| 0 0 0
3050| 0 0 0
3051| 0 0 0
3052| 0 0 0
3053| 0 0 0
3054| 0 0 0
3055| 0 0 0
3056| 0 0 0
3057| 0 0 0
3058| 0 0 0
3059| 0 0 0
3060| 0 0 0
3061| 0 0 0
3062| 0 0 0
3063| 0 0 0
3064| 0 0 0
3065| 0 0 0
3066| 0 0 0
3067| 0 0 0
3068| 0 0 0
3069| 0 0 0
3070| 0 0 0
3071| 0 0 0
3072| 0 0 0
3073| 0 0 0
3074| 0 0 0
3075| 0 0 0
3076| 0 0 0
3077| 0 0 0
3078| 0 0 0
3079| 0 0 0
3080| -0,3 0 0
3081| -0,6 0 0
3082| -0,9 0 0
3083| -1,2 0 0
3084| -1,5 0 0
3085| -1,8 0 0
3086| -2,1 0 0
3087| -2,4 0 0
3088| -2,7 0 0
3089| -3 0 0
3090| -3,299999 0 0
3091| -3,599999 0 0
3092| 0 0 0
3093| 0 0 0
3094| 0 0 0
3095| 0 0 0
3096| 0 0 0
3097| 0 0 0
3098| 0 0 0
3099| 0 0 0
3100| 0 0 0
3101| 0 0 0
3102| 0 0 0
3103| 0 0 0
3104| 0 0 0
3105| 0 0 0
3106| 0 0 0
3107| 0 0 0
3108| 0 0 0
3109| 0 0 0
3110| 0 0 0
3111| 0 0 0
3112| 0 0 0
3113| 0 0 0
3114| 0 0 0
3115| 0 0 0
3116| 0 0 0
3117| 0 0 0
3118| 0 0 0
3119| 0 0 0
3120| 0 0 0
3121| 0 0 0
3122| 0 0 0
3123| 0 0 0
3124| 0 0 0
3125| 0 0 0
3126| 0 0 0
3127| 0 0 0
3128| 0 0 0
3129| 0 0 0
3130| 0 0 0
3131| 0 0 0
3132| 0 0 0
3133| 0 0 0
3134| 0 0 0
3135| 0 0 0
3136| 0 0 0
3137| 0 0 0
3138| 0 0 0
3139| 0 0 0
3140| 0 0 0
3141| 0 0 0
3142| 0 0 0
3143| 0 0 0
3144| 0 0 0
3145| 0 0 0
3146| 0 0 0
3147| 0 0 0
3148| 0 0 0
3149| 0 0 0
3150| 0,3 0 0
3151| 0,6 0 0
3152| 0,9 0 0
3153| 1,2 0 0
3154| 1,5 0 0
3155| 1,8 0 0
3156| 2,1 0 0
3157| 0 0 0
3158| 0 0 0
3159| 0 0 0
3160| 0 0 0
3161| 0 0 0
3162| 0 0 0
3163| 0 0 0
3164| 0 0 0
3165| 0 0 0
3166| 0 0 0
3167| 0 0 0
3168| 0 0 0
3169| 0 0 0
3170| 0 0 0
3171| 0 0 0
3172| 0 0 0
3173| 0 0 0
3174| 0 0 0
3175| 0 0 0
3176| 0 0 0
3177| 0 0 0
3178| 0 0 0
3179| 0 0 0
3180| 0 0 0
3181| 0 0 0
3182| 0 0 0
3183| 0 0 0
3184| 0 0 0
3185| 0 0 0
3186| 0 0 0
3187| 0 0 0
3188| 0 0 0
3189| 0 0 0
3190| 0 0 0
3191| 0 0 0
3192| 0 0 0
3193| 0 0 0
3194| 0 0 0
3195| 0 0 0
3196| 0 0 0
3197| 0 0 0
3198| 0 0 0
3199| 0 0 0
3200| 0 0 0
3201| 0 0 0
3202| 0 0 0
3203| 0 0 0
3204| 0 0 0
3205| 0 0 0
3206| 0 0 0
3207| 0 0 0
3208| 0 0 0
3209| 0 0 0
3210| 0 0 0
3211| 0 0 0
3212| 0 0 0
3213| 0 0 0
3214| 0 0 0
3215| 0 0 0
3216| 0 0 0
3217| 0 0 0
3218| 0 0 0
3219| 0 0 0
3220| 0 0 0
3221| 0 0 0
3222| 0 0 0
3223| 0 0 0
3224| 0 0 0
3225| 0 0 0
3226| 0 0 0
3227| 0 0 0
3228| 0 0 0
3229| 0 0 0
3230| 0 0 0
3231| 0 0 0
3232| 0 0 0
3233| 0 0 0
3234| 0 0 0
3235| 0 0 0
3236| 0 0 0
3237| 0 0 0
3238| 0 0 0
3239| 0 0 0
3240| 0 0 0
3241| 0 0 0
3242| 0 0 0
3243| 0 0 0
3244| 0 0 0
3245| 0 0 0
3246| 0 0 0
3247| 0 0 0
3248| 0 0 0
3249| 0 0 0
3250| 0 0 0
3251| 0 0 0
3252| 0 0 0
3253| 0 0 0
3254| 0 0 0
3255| 0 0 0
3256| 0 0 0
3257| 0 0 0
3258| 0 0 0
3259| 0 0 0
3260| 0 0 0
3261| 0 0 0
3262| 0 0 0
3263| 0 0 0
3264| 0 0 0
3265| 0 0 0
3266| 0 0 0
3267| 0 0 0
3268| 0 0 0
3269| 0 0 0
3270| 0 0 0
3271| 0 0 0
3272| 0 0 0
3273| 0 0 0
3274| 0 0 0
3275| 0 0 0
3276| 0 0 0
3277| 0 0 0
3278| 0 0 0
3279| 0 0 0
3280| 0 0 0
3281| 0 0 0
3282| 0 0 0
3283| 0 0 0
3284| 0 0 0
3285| 0 0 0
3286| 0 0 0
3287| 0 0 0
3288| 0 0 0
3289| 0 0 0
3290| 0 0 0
3291| 0 0 0
3292| 0 0 0
3293| 0 0 0
3294| 0 0 0
3295| 0 0 0
3296| 0 0 0
3297| 0 0 0
3298| 0 0 0
3299| 0 0 0
3300| 0 0 0
3301| 0 0 0
3302| 0 0 0
3303| 0 0 0
3304| 0 0 0
3305| 0 0 0
3306| 0 0 0
3307| 0 0 0
3308| 0 0 0
3309| 0 0 0
3310| 0 0 0
3311| 0 0 0
3312| 0 0 0
3313| 0 0 0
3314| 0 0 0
3315| 0 0 0
3316| 0 0 0
3317| 0 0 0
3318| 0 0 0
3319| 0 0 0
3320| 0 0 0
3321| 0 0 0
3322| 0 0 0
3323| 0 0 0
3324| 0 0 0
3325| 0 0 0
3326| 0 0 0
3327| 0 0 0
3328| 0 0 0
3329| 0 0 0
3330| 0 0 0
3331| 0 0 0
3332| 0 0 0
3333| 0 0 0
3334| 0 0 0
3335| 0 0 0
3336| 0 0 0
3337| 0 0 0
3338| 0 0 0
3339| 0 0 0
3340| 0 0 0
3341| 0 0 0
3342| 0 0 0
3343| 0 0 0
3344| 0 0 0
3345| 0 0 0
3346| 0 0 0
3347| 0 0 0
3348| 0 0 0
3349| 0 0 0
3350| 0 0 0
3351| 0 0 0
3352| 0 0 0
3353| 0 0 0
3354| 0 0 0
3355| 0 0 0
3356| 0 0 0
3357| 0 0 0
3358| 0 0 0
3359| 0 0 0
3360| 0 0 0
3361| 0 0 0
3362| 0 0 0
3363| 0 0 0
3364| 0 0 0
3365| 0 0 0
3366| 0 0 0
3367| 0 0 0
3368| 0 0 0
3369| 0 0 0
3370| 0 0 0
3371| 0 0 0
3372| 0 0 0
3373| 0 0 0
3374| 0 0 0
3375| 0 0 0
3376| 0 0 0
3377| 0 0 0
3378| 0 0 0
3379| 0 0 0
3380| 0 0 0
3381| 0 0 0
3382| 0 0 0
3383| 0 0 0
3384| 0 0 0
3385| 0 0 0
3386| 0 0 0
3387| 0 0 0
3388| 0 0 0
3389| 0 0 0
3390| 0 0 0
3391| 0 0 0
3392| 0 0 0
3393| 0 0 0
3394| 0 0 0
3395| 0 0 0
3396| 0 0 0
3397| 0 0 0
3398| 0 0 0
3399| 0 0 0
3400| 0 0 0
3401| 0 0 0
3402| 0 0 0
3403| 0 0 0
3404| 0 0 0
3405| 0 0 0
3406| 0 0 0
3407| 0 0 0
3408| 0 0 0
3409| 0 0 0
3410| 0 0 0
3411| 0 0 0
3412| 0 0 0
3413| 0 0 0
3414| 0 0 0
3415| 0 0 0
3416| 0 0 0
3417| 0 0 0
3418| 0 0 0
3419| 0 0 0
3420| 0 0 0
3421| 0 0 0
3422| 0 0 0
3423| 0 0 0
3424| 0 0 0
3425| 0 0 0
3426| 0 0 0
3427| 0 0 0
3428| 0 0 0
3429| 0 0 0
3430| 0 0 0
3431| 0 0 0
3432| 0 0 0
3433| 0 0 0
3434| 0 0 0
3435| 0 0 0
3436| 0 0 0
3437| 0 0 0
3438| 0 0 0
3439| 0 0 0
3440| 0 0 0
3441| 0 0 0
3442| 0 0 0
3443| 0 0 0
3444| 0 0 0
3445| 0 0 0
3446| 0 0 0
3447| 0 0 0
3448| 0 0 0
3449| 0 0 0
3450| 0 0 0
3451| 0 0 0
3452| 0 0 0
3453| 0 0 0
3454| 0 0 0
3455| 0 0 0
3456| 0 0 0
3457| 0 0 0
3458| 0 0 0
3459| 0 0 0
3460| 0 0 0
3461| 0 0 0
3462| 0 0 0
3463| 0 0 0
3464| 0 0 0

