1| 0 0 0
2| 0 0 0
3| 0 0 0
4| 0 0 0
5| 0 0 0
6| 0 0 0
7| 0 0 0
8| 0 0 0
9| 0 0 0
10| 0 0 0
11| 0 0 0
12| 0 0 0
13| 0 0 0
14| 0 0 0
15| 0 0 0
16| 0 0 0
17| 0 0 0
18| 0 0 0
19| 0 0 0
20| 0 0 0
21| 0 0 0
22| 0 0 0
23| 0 0 0
24| 0 0 0
25| 0 0 0
26| 0 0 0
27| 0 0 0
28| 0 0 0
29| 0 0 0
30| 0 0 0
31| 0 0 0
32| 0 0 0
33| 0 0 0
34| 0 0 0
35| 0 0 0
36| 0 0 0
37| 0 0 0
38| 0 0 0
39| 0 0 0
40| 0 0 0
41| 0 0 0
42| 0 0 0
43| 0 0 0
44| 0 0 0
45| 0 0 0
46| 0 0 0
47| 0 0 0
48| 0 0 0
49| 0 0 0
50| 0 0 0
51| 0 0 0
52| 0 0 0
53| 0 0 0
54| 0 0 0
55| 0 0 0
56| 0 0 0
57| 0 0 0
58| 0 0 0
59| 0 0 0
60| 0 0 0
61| 0 0 0
62| 0 0 0
63| 0 0 0
64| 0 0 0
65| 0 0 0
66| 0 0 0
67| 0 0 0
68| 0 0 0
69| 0 0 0
70| 0 0 0
71| 0 0 0
72| 0 0 0
73| 0 0 0
74| 0 0 0
75| 0 0 0
76| 0 0 0
77| 0 0 0
78| 0 0 0
79| 0 0 0
80| 0 0 0
81| 0 0 0
82| 0 0 0
83| 0 0 0
84| 0 0 0
85| 0 0 0
86| 0 0 0
87| 0 0 0
88| 0 0 0
89| 0 0 0
90| 0 0 0
91| 0 0 0
92| 0 0 0
93| 0 0 0
94| 0 0 0
95| 0 0 0
96| 0 0 0
97| 0 0 0
98| 0 0 0
99| 0 0 0
100| 0 0 0
101| 0 0 0
102| 0 0 0
103| 0 0 0
104| 0 0 0
105| 0 0 0
106| 0 0 0
107| 0 0 0
108| 0 0 0
109| 0 0 0
110| 0 0 0
111| 0 0 0
112| 0 0 0
113| 0 0 0
114| 0 0 0
115| 0 0 0
116| 0 0 0
117| 0 0 0
118| 0 0 0
119| 0 0 0
120| 0 0 0
121| 0 0 0
122| 0 0 0
123| 0 0 0
124| 0 0 0
125| 0 0 0
126| 0 0 0
127| 0 0 0
128| 0 0 0
129| 0 0 0
130| 0 0 0
131| 0 0 0
132| 0 0 0
133| 0 0 0
134| 0 0 0
135| 0 0 0
136| 0 0 0
137| 0 0 0
138| 0 0 0
139| 0 0 0
140| 0 0 0
141| 0 0 0
142| 0 0 0
143| 0 0 0
144| 0 0 0
145| 0 0 0
146| 0 0 0
147| 0 0 0
148| 0 0 0
149| 0 0 0
150| 0 0 0
151| 0 0 0
152| 0 0 0
153| 0 0 0
154| 0 0 0
155| 0 0 0
156| 0 0 0
157| 0 0 0
158| 0 0 0
159| 0 0 0
160| 0 0 0
161| 0 0 0
162| 0 0 0
163| 0 0 0
164| 0 0 0
165| 0 0 0
166| 0 0 0
167| 0 0 0
168| 0 0 0
169| 0 0 0
170| 0 0 0
171| 0 0 0
172| 0 0 0
173| 0 0 0
174| 0 0 0
175| 0 0 0
176| 0 0 0
177| 0 0 0
178| 0 0 0
179| 0 0 0
180| 0 0 0
181| 0 0 0
182| 0 0 0
183| 0 0 0
184| 0 0 0
185| 0 0 0
186| 0 0 0
187| 0 0 0
188| 0 0 0
189| 0 0 0
190| 0 0 0
191| 0 0 0
192| 0 0 0
193| 0 0 0
194| 0 0 0
195| 0 0 0
196| 0 0 0
197| 0 0 0
198| 0 0 0
199| 0 0 0
200| 0 0 0
201| 0 0 0
202| 0 0 0
203| 0 0 0
204| 0 0 0
205| 0 0 0
206| 0 0 0
207| 0 0 0
208| 0 0 0
209| 0 0 0
210| 0 0 0
211| 0 0 0
212| 0 0 0
213| 0 0 0
214| 0 0 0
215| 0 0 0
216| 0 0 0
217| 0 0 0
218| 0 0 0
219| 0 0 0
220| 0 0 0
221| 0 0 0
222| 0 0 0
223| 0 0 0
224| 0 0 0
225| 0 0 0
226| 0 0 0
227| 0 0 0
228| 0 0 0
229| 0 0 0
230| 0 0 0
231| 0 0 0
232| 0 0 0
233| 0 0 0
234| 0 0 0
235| 0 0 0
236| 0 0 0
237| 0 0 0
238| 0 0 0
239| 0 0 0
240| 0 0 0
241| 0 0 0
242| 0 0 0
243| 0 0 0
244| 0 0 0
245| 0 0 0
246| 0 0 0
247| 0 0 0
248| 0 0 0
249| 0 0 0
250| 0 0 0
251| 0 0 0
252| 0 0 0
253| 0 0 0
254| 0 0 0
255| 0 0 0
256| 0 0 0
257| 0 0 0
258| 0 0 0
259| 0 0 0
260| 0 0 0
261| 0 0 0
262| 0 0 0
263| 0 0 0
264| 0 0 0
265| 0 0 0
266| 0 0 0
267| 0 0 0
268| 0 0 0
269| 0 0 0
270| 0 0 0
271| 0 0 0
272| 0 0 0
273| 0 0 0
274| 0 0 0
275| 0 0 0
276| 0 0 0
277| 0 0 0
278| 0 0 0
279| 0 0 0
280| 0 0 0
281| 0 0 0
282| 0 0 0
283| 0 0 0
284| 0 0 0
285| 0 0 0
286| 0 0 0
287| 0 0 0
288| 0 0 0
289| 0 0 0
290| 0 0 0
291| 0 0 0
292| 0 0 0
293| 0 0 0
294| 0 0 0
295| 0 0 0
296| 0 0 0
297| 0 0 0
298| 0 0 0
299| 0 0 0
300| 0 0 0
301| 0 0 0
302| 0 0 0
303| 0 0 0
304| 0 0 0
305| 0 0 0
306| 0 0 0
307| 0 0 0
308| 0 0 0
309| 0 0 0
310| 0 0 0
311| 0 0 0
312| 0 0 0
313| 0 0 0
314| 0 0 0
315| 0 0 0
316| 0 0 0
317| 0 0 0
318| 0 0 0
319| 0 0 0
320| 0 0 0
321| 0 0 0
322| 0 0 0
323| 0 0 0
324| 0 0 0
325| 0 0 0
326| 0 0 0
327| 0 0 0
328| 0 0 0
329| 0 0 0
330| 0 0 0
331| 0 0 0
332| 0 0 0
333| 0 0 0
334| 0 0 0
335| 0 0 0
336| 0 0 0
337| 0 0 0
338| 0 0 0
339| 0 0 0
340| 0 0 0
341| 0 0 0
342| 0 0 0
343| 0 0 0
344| 0 0 0
345| 0 0 0
346| 0 0 0
347| 0 0 0
348| 0 0 0
349| 0 0 0
350| 0 0 0
351| 0 0 0
352| 0 0 0
353| 0 0 0
354| 0 0 0
355| 0 0 0
356| 0 0 0
357| 0 0 0
358| 0 0 0
359| 0 0 0
360| 0 0 0
361| 0 0 0
362| 0 0 0
363| 0 16 0
364| 0 32 0
365| 0 48 0
366| 0 64 0
367| 0 95,99999 0
368| 0 112 0
369| 0 128 0
370| 0 144 0
371| 0 160 0
372| 0 192 0
373| 0 208 0
374| 0 224 0
375| 0 240 0
376| 0 256 0
377| 0 288 0
378| 0 304 0
379| 0 320 0
380| 0 336 0
381| 0 352,0001 0
382| 0 384,0001 0
383| 0 400 0
384| 0 400 0
385| 0 400 0
386| 0 400 0
387| 0 400 0
388| 0 400 0
389| 0 400 0
390| 0 400 0
391| 0 400 0
392| 0 400 0
393| 0 400 0
394| 0 400 0
395| 0 400 0
396| 0 400 0
397| 0 400 0
398| 0 400 0
399| 0 400 0
400| 0 400 0
401| 0 400 0
402| 0 400 0
403| 0 400 0
404| 0 400 0
405| 0 400 0
406| 0 400 0
407| 0 400 0
408| 0 400 0
409| 0 400 0
410| 0 400 0
411| 0 400 0
412| 0 400 0
413| 0 400 0
414| 0 400 0
415| 0 400 0
416| 0 400 0
417| 0 400 0
418| 0 400 0
419| 0 400 0
420| 0 400 0
421| 0 400 0
422| 0 400 0
423| 0 400 0
424| 0 400 0
425| 0 400 0
426| 0 400 0
427| 0 400 0
428| 0 400 0
429| 0 400 0
430| 0 400 0
431| 0 400 0
432| 0 400 0
433| 0 400 0
434| 0 400 0
435| 0 400 0
436| 0 400 0
437| 0 400 0
438| 0 400 0
439| 0 400 0
440| 0 400 0
441| 0 400 0
442| 0 400 0
443| 0 400 0
444| 0 400 0
445| 0 400 0
446| 0 400 0
447| 0 400 0
448| 0 400 0
449| 0 400 0
450| 0 400 0
451| 0 400 0
452| 0 400 0
453| 0 400 0
454| 0 400 0
455| 0 400 0
456| 0 400 0
457| 0 400 0
458| 0 400 0
459| 0 400 0
460| 0 400 0
461| 0 400 0
462| 0 400 0
463| 0 400 0
464| 0 400 0
465| 0 400 0
466| 0 400 0
467| 0 400 0
468| 0 400 0
469| 0 400 0
470| 0 400 0
471| 0 400 0
472| 0 400 0
473| 0 400 0
474| 0 400 0
475| 0 400 0
476| 0 400 0
477| 0 400 0
478| 0 400 0
479| 0 400 0
480| 0 400 0
481| 0 400 0
482| 0 400 0
483| 0 400 0
484| 0 400 0
485| 0 400 0
486| 0 400 0
487| 0 400 0
488| 0 400 0
489| 0 400 0
490| 0 400 0
491| 0 400 0
492| 0 400 0
493| 0 400 0
494| 0 400 0
495| 0 400 0
496| 0 400 0
497| 0 400 0
498| 0 400 0
499| 0 400 0
500| 0 400 0
501| 0 400 0
502| 0 400 0
503| 0 400 0
504| 0 400 0
505| 0 400 0
506| 0 400 0
507| 0 400 0
508| 0 400 0
509| 0 400 0
510| 0 400 0
511| 0 400 0
512| 0 400 0
513| 0 400 0
514| 0 400 0
515| 0 400 0
516| 0 400 0
517| 0 400 0
518| 0 400 0
519| 0 400 0
520| 0 400 0
521| 0 400 0
522| 0 400 0
523| 0 400 0
524| 0 400 0
525| 0 400 0
526| 0 400 0
527| 0 400 0
528| 0 400 0
529| 0 400 0
530| 0 400 0
531| 0 400 0
532| 0 400 0
533| 0 400 0
534| 0 400 0
535| 0 400 0
536| 0 400 0
537| 0 400 0
538| 0 400 0
539| 0 400 0
540| 0 400 0
541| 0 400 0
542| 0 400 0
543| 0 400 0
544| 0 400 0
545| 0 400 0
546| 0 400 0
547| 0 400 0
548| 0 400 0
549| 0 400 0
550| 0 400 0
551| 0 400 0
552| 0 400 0
553| 0 400 0
554| 0 400 0
555| 0 400 0
556| 0 400 0
557| 0 400 0
558| 0 400 0
559| 0 400 0
560| 0 400 0
561| 0 400 0
562| 0 400 0
563| 0 400 0
564| 0 400 0
565| 0 400 0
566| 0 400 0
567| 0 400 0
568| 0 400 0
569| 0 400 0
570| 0 400 0
571| 0 400 0
572| 0 400 0
573| 0 400 0
574| 0 400 0
575| 0 400 0
576| 0 400 0
577| 0 400 0
578| 0 400 0
579| 0 400 0
580| 0 400 0
581| 0 400 0
582| 0 400 0
583| 0 400 0
584| 0 400 0
585| 0 400 0
586| 0 400 0
587| 0 400 0
588| 0 400 0
589| 0 400 0
590| 0 400 0
591| 0 400 0
592| 0 400 0
593| 0 400 0
594| 0 400 0
595| 0 400 0
596| 0 400 0
597| 0 400 0
598| 0 400 0
599| 0 400 0
600| 0 400 0
601| 0 400 0
602| 0 400 0
603| 0 400 0
604| 0 400 0
605| 0 400 0
606| 0 400 0
607| 0 400 0
608| 0 400 0
609| 0 400 0
610| 0 400 0
611| 0 400 0
612| 0 400 0
613| 0 400 0
614| 0 400 0
615| 0 400 0
616| 0 400 0
617| 0 400 0
618| 0 400 0
619| 0 400 0
620| 0 400 0
621| 0 400 0
622| 0 400 0
623| 0 400 0
624| 0 400 0
625| 0 400 0
626| 0 400 0
627| 0 400 0
628| 0 400 0
629| 0 400 0
630| 0 400 0
631| 0 400 0
632| 0 400 0
633| 0 400 0
634| 0 400 0
635| 0 400 0
636| 0 400 0
637| 0 400 0
638| 0 400 0
639| 0 400 0
640| 0 400 0
641| 0 400 0
642| 0 400 0
643| 0 400 0
644| 0 400 0
645| 0 400 0
646| 0 400 0
647| 0 400 0
648| 0 400 0
649| 0 400 0
650| 0 400 0
651| 0 400 0
652| 0 400 0
653| 0 400 0
654| 0 400 0
655| 0 400 0
656| 0 400 0
657| 0 400 0
658| 0 400 0
659| 0 400 0
660| 0 400 0
661| 0 400 0
662| 0 400 0
663| 0 400 0
664| 0 400 0
665| 0 400 0
666| 0 400 0
667| 0 400 0
668| 0 400 0
669| 0 400 0
670| 0 400 0
671| 0 400 0
672| 0 400 0
673| 0 400 0
674| 0 400 0
675| 0 400 0
676| 0 400 0
677| 0 400 0
678| 0 400 0
679| 0 400 0
680| 0 400 0
681| 0 400 0
682| 0 400 0
683| 0 400 0
684| 0 400 0
685| 0 400 0
686| 0 400 0
687| 0 400 0
688| 0 400 0
689| 0 400 0
690| 0 400 0
691| 0 400 0
692| 0 400 0
693| 0 400 0
694| 0 400 0
695| 0 400 0
696| 0 400 0
697| 0 400 0
698| 0 400 0
699| 0 400 0
700| 0 400 0
701| 0 400 0
702| 0 400 0
703| 0 400 0
704| 0 400 0
705| 0 400 0
706| 0 400 0
707| 0 400 0
708| 0 400 0
709| 0 400 0
710| 0 400 0
711| 0 400 0
712| 0 400 0
713| 0 400 0
714| 0 400 0
715| 0 400 0
716| 0 400 0
717| 0 400 0
718| 0 400 0
719| 0 400 0
720| 0 400 0
721| 0 400 0
722| 0 400 0
723| 0 400 0
724| 0 400 0
725| 0 400 0
726| 0 400 0
727| 0 400 0
728| 0 400 0
729| 0 400 0
730| 0 400 0
731| 0 400 0
732| 0 400 0
733| 0 400 0
734| 0 400 0
735| 0 400 0
736| 0 400 0
737| 0 400 0
738| 0 400 0
739| 0 400 0
740| 0 400 0
741| 0 400 0
742| 0 400 0
743| 0 400 0
744| 0 400 0
745| 0 400 0
746| 0 400 0
747| 0 400 0
748| 0 400 0
749| 0 400 0
750| 0 400 0
751| 0 400 0
752| 0 400 0
753| 0 400 0
754| 0 400 0
755| 0 400 0
756| 0 400 0
757| 0 400 0
758| 0 400 0
759| 0 400 0
760| 0 400 0
761| 0 400 0
762| 0 400 0
763| 0 400 0
764| 0 400 0
765| 0 400 0
766| 0 400 0
767| 0 400 0
768| 0 400 0
769| 0 400 0
770| 0 400 0
771| 0 400 0
772| 0 400 0
773| 0 400 0
774| 0 400 0
775| 0 400 0
776| 0 400 0
777| 0 400 0
778| 0 400 0
779| 0 400 0
780| 0 400 0
781| 0 400 0
782| 0 400 0
783| 0 400 0
784| 0 400 0
785| 0 400 0
786| 0 400 0
787| 0 400 0
788| 0 400 0
789| 0 400 0
790| 0 400 0
791| 0 400 0
792| 0 400 0
793| 0 400 0
794| 0 400 0
795| 0 400 0
796| 0 400 0
797| 0 400 0
798| 0 400 0
799| 0 400 0
800| 0 400 0
801| 0 400 0
802| 0 400 0
803| 0 400 0
804| 0 400 0
805| 0 400 0
806| 0 400 0
807| 0 400 0
808| 0 400 0
809| 0 400 0
810| 0 400 0
811| 0 400 0
812| 0 400 0
813| 0 400 0
814| 0 400 0
815| 0 400 0
816| 0 400 0
817| 0 400 0
818| 0 400 0
819| 0 400 0
820| 0 400 0
821| 0 400 0
822| 0 400 0
823| 0 400 0
824| 0 400 0
825| 0 400 0
826| 0 400 0
827| 0 400 0
828| 0 400 0
829| 0 400 0
830| 0 400 0
831| 0 400 0
832| 0 400 0
833| 0 400 0
834| 0 400 0
835| 0 400 0
836| 0 400 0
837| 0 400 0
838| 0 400 0
839| 0 400 0
840| 0 400 0
841| 0 400 0
842| 0 400 0
843| 0 400 0
844| 0 400 0
845| 0 400 0
846| 0 400 0
847| 0 400 0
848| 0 400 0
849| 0 400 0
850| 0 400 0
851| 0 400 0
852| 0 400 0
853| 0 400 0
854| 0 400 0
855| 0 400 0
856| 0 400 0
857| 0 400 0
858| 0 400 0
859| 0 400 0
860| 0 400 0
861| 0 400 0
862| 0 400 0
863| 0 400 0
864| 0 400 0
865| 0 400 0
866| 0 400 0
867| 0 400 0
868| 0 400 0
869| 0 400 0
870| 0 400 0
871| 0 400 0
872| 0 400 0
873| 0 400 0
874| 0 400 0
875| 0 400 0
876| 0 400 0
877| 0 400 0
878| 0 400 0
879| 0 400 0
880| 0 400 0
881| 0 400 0
882| 0 400 0
883| 0 400 0
884| 0 400 0
885| 0 400 0
886| 0 400 0
887| 0 400 0
888| 0 400 0
889| 0 400 0
890| 0 400 0
891| 0 400 0
892| 0 400 0
893| 0 400 0
894| 0 400 0
895| 0 400 0
896| 0 400 0
897| 0 400 0
898| 0 400 0
899| 0 400 0
900| 0 400 0
901| 0 400 0
902| 0 400 0
903| 0 400 0
904| 0 400 0
905| 0 400 0
906| 0 400 0
907| 0 400 0
908| 0 400 0
909| 0 400 0
910| 0 400 0
911| 0 400 0
912| 0 400 0
913| 0 400 0
914| 0 400 0
915| 0 400 0
916| 0 400 0
917| 0 400 0
918| 0 400 0
919| 0 400 0
920| 0 400 0
921| 0 400 0
922| 0 400 0
923| 0 400 0
924| 0 400 0
925| 0 400 0
926| 0 400 0
927| 0 400 0
928| 0 400 0
929| 0 400 0
930| 0 400 0
931| 0 400 0
932| 0 400 0
933| 0 400 0
934| 0 400 0
935| 0 400 0
936| 0 400 0
937| 0 400 0
938| 0 400 0
939| 0 400 0
940| 0 400 0
941| 0 400 0
942| 0 400 0
943| 0 400 0
944| 0 400 0
945| 0 400 0
946| 0 400 0
947| 0 400 0
948| 0 400 0
949| 0 400 0
950| 0 400 0
951| 0 400 0
952| 0 400 0
953| 0 400 0
954| 0 400 0
955| 0 400 0
956| 0 400 0
957| 0 400 0
958| 0 400 0
959| 0 400 0
960| 0 400 0
961| 0 400 0
962| 0 400 0
963| 0 400 0
964| 0 400 0
965| 0 400 0
966| 0 400 0
967| 0 400 0
968| 0 400 0
969| 0 400 0
970| 0 0 0
971| 0 0 0
972| 0 0 0
973| 0 0 0
974| 0 0 0
975| 0 0 0
976| 0 0 0
977| 0 0 0
978| 0 0 0
979| 0 0 0
980| 0 0 0
981| 0 0 0
982| 0 0 0
983| 0 4 0
984| 0 8 0
985| 0 12 0
986| 0 16 0
987| 0 20 0
988| 0,3 24 0
989| 0,6 28 0
990| 0,9 32 0
991| 1,2 36 0
992| 1,5 40 0
993| 1,8 43,99999 0
994| 2,1 47,99999 0
995| 2,4 51,99999 0
996| 2,7 55,99999 0
997| 3 60 0
998| 3,299999 64 0
999| 3,599999 68 0
1000| 3,899999 72 0
1001| 4,2 76,00001 0
1002| 4,5 80,00001 0
1003| 4,8 84,00001 0
1004| 5,1 88,00002 0
1005| 5,4 92,00002 0
1006| 5,7 96,00002 0
1007| 6 100 0
1008| 6,300001 104 0
1009| 6,600001 108 0
1010| 6,900001 112 0
1011| 7,200001 116 0
1012| 7,500001 120 0
1013| 7,800001 124 0
1014| 8,1 128 0
1015| 8,4 132 0
1016| 8,7 136 0
1017| 8,7 140 0
1018| 8,7 144 0
1019| 8,7 148 0
1020| 8,7 152 0
1021| 8,7 156 0
1022| 8,999999 160 0
1023| 9,299999 164 0
1024| 9,299999 168 0
1025| 9,299999 171,9999 0
1026| 9,299999 175,9999 0
1027| 9,299999 179,9999 0
1028| 9,299999 183,9999 0
1029| 9,299999 187,9999 0
1030| 9,599998 191,9999 0
1031| 9,899999 195,9999 0
1032| 10,2 199,9999 0
1033| 10,5 203,9999 0
1034| 10,8 207,9999 0
1035| 11,1 211,9999 0
1036| 11,4 215,9999 0
1037| 11,4 219,9999 0
1038| 11,4 223,9999 0
1039| 11,4 227,9999 0
1040| 11,4 231,9999 0
1041| 11,4 235,9999 0
1042| 11,4 239,9999 0
1043| 11,4 243,9999 0
1044| 11,4 247,9999 0
1045| 11,4 251,9999 0
1046| 11,4 255,9999 0
1047| 11,4 259,9999 0
1048| 11,4 263,9999 0
1049| 11,4 267,9999 0
1050| 11,4 271,9998 0
1051| 11,4 275,9998 0
1052| 11,4 279,9998 0
1053| 11,4 283,9998 0
1054| 11,4 287,9998 0
1055| 11,4 291,9998 0
1056| 11,4 295,9998 0
1057| 11,4 299,9998 0
1058| 0 303,9998 0
1059| -0,3 307,9998 0
1060| -0,6 311,9998 0
1061| -0,9 315,9998 0
1062| -1,2 319,9998 0
1063| -1,5 323,9998 0
1064| -1,8 327,9998 0
1065| -2,1 331,9998 0
1066| -2,4 335,9998 0
1067| -2,7 339,9998 0
1068| -3 343,9998 0
1069| -3,299999 347,9998 0
1070| -3,599999 351,9998 0
1071| -3,599999 355,9998 0
1072| -3,599999 359,9998 0
1073| -3,599999 363,9998 0
1074| -3,599999 367,9998 0
1075| 0 371,9998 0
1076| 0,3 375,9998 0
1077| 0,6 379,9998 0
1078| 0,9 383,9998 0
1079| 1,2 387,9998 0
1080| 1,5 391,9998 0
1081| 1,8 395,9998 0
1082| 2,1 399,9997 0
1083| 2,4 400 0
1084| 2,7 400 0
1085| 3 400 0
1086| 3,299999 400 0
1087| 3,599999 400 0
1088| 3,899999 400 0
1089| 0 0 0
1090| 0 0 0
1091| 0 0 0
1092| 0 0 0
1093| 0 0 0
1094| 0,3 0 0
1095| 0,6 0 0
1096| 0,9 0 0
1097| 1,2 0 0
1098| 1,5 0 0
1099| 1,8 0 0
1100| 2,1 0 0
1101| 2,4 0 0
1102| 2,7 0 0
1103| 3 0 0
1104| 3,299999 0 0
1105| 3,599999 0 0
1106| 3,899999 0 0
1107| 4,2 0 0
1108| 4,5 0 0
1109| 4,8 0 0
1110| 5,1 0 0
1111| 5,4 0 0
1112| 5,7 0 0
1113| 6 0 0
1114| 6,300001 0 0
1115| 6,600001 0 0
1116| 6,900001 0 0
1117| 7,200001 0 0
1118| 7,500001 0 0
1119| 7,800001 0 0
1120| 8,1 0 0
1121| 8,4 0 0
1122| 8,7 0 0
1123| 8,999999 4 0
1124| 9,299999 8 0
1125| 9,599998 12 0
1126| 9,899999 16 0
1127| 9,899999 20 0
1128| 9,899999 24 0
1129| 9,899999 28 0
1130| 9,899999 32 0
1131| 9,899999 36 0
1132| 9,899999 40 0
1133| 9,899999 43,99999 0
1134| 9,899999 47,99999 0
1135| 10,2 51,99999 0
1136| 10,5 55,99999 0
1137| 10,8 60 0
1138| 11,1 64 0
1139| 11,4 68 0
1140| 11,4 72 0
1141| 11,4 76,00001 0
1142| 11,4 80,00001 0
1143| 0 84,00001 0
1144| -0,3 88,00002 0
1145| -0,6 92,00002 0
1146| -0,9 96,00002 0
1147| -1,2 100 0
1148| -1,5 104 0
1149| -1,8 108 0
1150| -1,8 112 0
1151| -1,8 116 0
1152| -1,8 120 0
1153| -1,8 124 0
1154| -2,1 128 0
1155| -2,4 132 0
1156| -2,7 136 0
1157| -3 140 0
1158| -3,299999 144 0
1159| -3,599999 148 0
1160| -3,599999 152 0
1161| -3,599999 156 0
1162| -3,599999 160 0
1163| -3,599999 164 0
1164| -3,599999 168 0
1165| -3,599999 171,9999 0
1166| -3,599999 175,9999 0
1167| -3,599999 179,9999 0
1168| -3,599999 183,9999 0
1169| -3,599999 187,9999 0
1170| -3,599999 191,9999 0
1171| -3,599999 195,9999 0
1172| -3,599999 199,9999 0
1173| -3,599999 203,9999 0
1174| -3,599999 207,9999 0
1175| -3,599999 211,9999 0
1176| -3,599999 215,9999 0
1177| -3,599999 219,9999 0
1178| -3,599999 223,9999 0
1179| -3,599999 227,9999 0
1180| -3,599999 231,9999 0
1181| -3,599999 235,9999 0
1182| 0 239,9999 0
1183| 0,3 243,9999 0
1184| 0,6 247,9999 0
1185| 0,9 251,9999 0
1186| 1,2 255,9999 0
1187| 1,5 259,9999 0
1188| 1,8 263,9999 0
1189| 2,1 267,9999 0
1190| 2,1 271,9998 0
1191| 2,1 275,9998 0
1192| 2,1 279,9998 0
1193| 2,1 283,9998 0
1194| 2,4 287,9998 0
1195| 2,7 291,9998 0
1196| 3 295,9998 0
1197| 3 299,9998 0
1198| 3 303,9998 0
1199| 3 307,9998 0
1200| 3,299999 311,9998 0
1201| 3,599999 315,9998 0
1202| 3,599999 319,9998 0
1203| 3,599999 323,9998 0
1204| 3,599999 327,9998 0
1205| 3,599999 331,9998 0
1206| 3,599999 335,9998 0
1207| 3,599999 339,9998 0
1208| 3,599999 343,9998 0
1209| 3,599999 347,9998 0
1210| 3,599999 351,9998 0
1211| 3,599999 355,9998 0
1212| 3,599999 359,9998 0
1213| 3,599999 363,9998 0
1214| 3,599999 367,9998 0
1215| 3,599999 371,9998 0
1216| 3,599999 375,9998 0
1217| 3,599999 379,9998 0
1218| 3,599999 383,9998 0
1219| 0 387,9998 0
1220| -0,3 391,9998 0
1221| -0,6 395,9998 0
1222| -0,9 399,9997 0
1223| -0,9 400 0
1224| -0,9 400 0
1225| -0,9 400 0
1226| -0,9 400 0
1227| -0,9 400 0
1228| -0,9 400 0
1229| -0,9 400 0
1230| -0,9 400 0
1231| -0,9 400 0
1232| -1,2 400 0
1233| -1,5 400 0
1234| -1,8 400 0
1235| -2,1 400 0
1236| -2,4 400 0
1237| -2,4 400 0
1238| -2,4 400 0
1239| -2,4 400 0
1240| -2,4 400 0
1241| -2,7 400 0
1242| -2,7 400 0
1243| -2,7 400 0
1244| -2,7 400 0
1245| -2,7 400 0
1246| -2,7 400 0
1247| -2,7 400 0
1248| -2,7 400 0
1249| -2,7 400 0
1250| -2,7 400 0
1251| -2,7 400 0
1252| -2,7 400 0
1253| -2,7 400 0
1254| -2,7 400 0
1255| -2,7 400 0
1256| -2,7 400 0
1257| -2,7 400 0
1258| -2,7 400 0
1259| -2,7 400 0
1260| -2,7 400 0
1261| 0 400 0
1262| 0,3 400 0
1263| 0,6 400 0
1264| 0,9 400 0
1265| 0,9 400 0
1266| 0,9 400 0
1267| 0,9 400 0
1268| 0,9 400 0
1269| 0,9 400 0
1270| 0,9 400 0
1271| 0,9 400 0
1272| 0,9 400 0
1273| 0,9 400 0
1274| 0,9 400 0
1275| 0,9 400 0
1276| 0,9 400 0
1277| 0,9 400 0
1278| 0,9 400 0
1279| 0,9 400 0
1280| 0,9 400 0
1281| 0,9 400 0
1282| 0,9 400 0
1283| 0,9 400 0
1284| 0,9 400 0
1285| 0,9 400 0
1286| 0,9 400 0
1287| 0,9 400 0
1288| 0,9 400 0
1289| 0,9 400 0
1290| 0,9 400 0
1291| 0,9 400 0
1292| 0,9 400 0
1293| 0,9 400 0
1294| 0,9 400 0
1295| 0,9 400 0
1296| 0,9 400 0
1297| 0,9 400 0
1298| 0,9 400 0
1299| 0,9 400 0
1300| 0,9 400 0
1301| 0,9 400 0
1302| 0,9 400 0
1303| 0 400 0
1304| -0,3 400 0
1305| -0,6 400 0
1306| -0,9 400 0
1307| -0,9 400 0
1308| -0,9 400 0
1309| -0,9 400 0
1310| -0,9 400 0
1311| -0,9 400 0
1312| -0,9 400 0
1313| -0,9 400 0
1314| -0,9 400 0
1315| -0,9 400 0
1316| -0,9 400 0
1317| -0,9 400 0
1318| -0,9 400 0
1319| -0,9 400 0
1320| -0,9 400 0
1321| -0,9 400 0
1322| -1,2 400 0
1323| -1,5 400 0
1324| -1,8 400 0
1325| -2,1 400 0
1326| -2,1 400 0
1327| -2,1 400 0
1328| -2,1 400 0
1329| -2,1 400 0
1330| -2,4 400 0
1331| -2,7 400 0
1332| -2,7 400 0
1333| -2,7 400 0
1334| -2,7 400 0
1335| -2,7 400 0
1336| -2,7 400 0
1337| -2,7 400 0
1338| -2,7 400 0
1339| -3 400 0
1340| -3,299999 400 0
1341| -3,599999 400 0
1342| -3,599999 400 0
1343| -3,599999 400 0
1344| -3,599999 400 0
1345| -3,599999 400 0
1346| -3,599999 400 0
1347| -3,899999 400 0
1348| -4,2 400 0
1349| -4,2 400 0
1350| -4,2 400 0
1351| -4,2 400 0
1352| -4,2 400 0
1353| -4,2 400 0
1354| -4,2 400 0
1355| -4,2 400 0
1356| -4,2 400 0
1357| -4,2 400 0
1358| -4,2 400 0
1359| -4,2 400 0
1360| 0 400 0
1361| 0,3 400 0
1362| 0,6 400 0
1363| 0,6 400 0
1364| 0,6 400 0
1365| 0,6 400 0
1366| 0,6 400 0
1367| 0,6 400 0
1368| 0,9 400 0
1369| 1,2 400 0
1370| 1,2 400 0
1371| 1,2 400 0
1372| 1,2 400 0
1373| 1,2 400 0
1374| 1,2 400 0
1375| 1,2 400 0
1376| 1,2 400 0
1377| 1,2 400 0
1378| 1,2 400 0
1379| 1,2 400 0
1380| 1,2 400 0
1381| 1,2 400 0
1382| 1,2 400 0
1383| 1,2 400 0
1384| 1,2 400 0
1385| 1,2 400 0
1386| 1,2 400 0
1387| 1,2 400 0
1388| 1,2 400 0
1389| 1,2 400 0
1390| 1,2 400 0
1391| 0 400 0
1392| -0,3 400 0
1393| -0,6 400 0
1394| -0,6 400 0
1395| -0,6 400 0
1396| -0,6 400 0
1397| -0,6 400 0
1398| -0,6 400 0
1399| -0,6 400 0
1400| -0,6 400 0
1401| -0,6 400 0
1402| -0,9 400 0
1403| -1,2 400 0
1404| -1,5 400 0
1405| -1,8 400 0
1406| -2,1 400 0
1407| -2,4 400 0
1408| -2,7 400 0
1409| -3 400 0
1410| -3,299999 400 0
1411| -3,299999 400 0
1412| -3,299999 400 0
1413| -3,299999 400 0
1414| -3,299999 400 0
1415| -3,299999 400 0
1416| -3,299999 400 0
1417| -3,299999 400 0
1418| -3,299999 400 0
1419| -3,299999 400 0
1420| -3,299999 400 0
1421| -3,599999 400 0
1422| -3,899999 400 0
1423| -4,2 400 0
1424| -4,5 400 0
1425| -4,8 400 0
1426| -5,1 400 0
1427| -5,4 400 0
1428| -5,7 400 0
1429| -6 400 0
1430| -6 400 0
1431| -6 400 0
1432| -6 400 0
1433| -6 400 0
1434| -6 400 0
1435| -6 400 0
1436| -6 400 0
1437| -6 400 0
1438| -6 400 0
1439| -6 400 0
1440| -6 400 0
1441| -6 400 0
1442| -6 400 0
1443| -6 400 0
1444| -6 400 0
1445| 0 400 0
1446| 0,3 400 0
1447| 0,6 400 0
1448| 0,9 400 0
1449| 1,2 400 0
1450| 1,5 400 0
1451| 1,8 400 0
1452| 2,1 400 0
1453| 2,1 400 0
1454| 2,1 400 0
1455| 2,1 400 0
1456| 2,1 400 0
1457| 2,1 400 0
1458| 2,1 400 0
1459| 2,1 400 0
1460| 2,1 400 0
1461| 2,1 400 0
1462| 2,1 400 0
1463| 2,1 400 0
1464| 2,1 400 0
1465| 2,1 400 0
1466| 2,1 400 0
1467| 2,1 400 0
1468| 2,1 400 0
1469| 2,1 400 0
1470| 2,1 400 0
1471| 2,1 400 0
1472| 0 400 0
1473| -0,3 400 0
1474| -0,6 400 0
1475| -0,9 400 0
1476| -1,2 400 0
1477| -1,2 400 0
1478| -1,2 400 0
1479| -1,2 400 0
1480| -1,2 400 0
1481| -1,2 400 0
1482| -1,2 400 0
1483| -1,2 400 0
1484| -1,2 400 0
1485| -1,2 400 0
1486| -1,5 400 0
1487| -1,8 400 0
1488| -2,1 400 0
1489| -2,4 400 0
1490| -2,7 400 0
1491| -3 400 0
1492| -3,299999 400 0
1493| -3,599999 400 0
1494| -3,599999 400 0
1495| -3,599999 400 0
1496| -3,599999 400 0
1497| -3,599999 400 0
1498| -3,599999 400 0
1499| -3,599999 400 0
1500| -3,599999 400 0
1501| -3,599999 400 0
1502| -3,599999 400 0
1503| -3,899999 400 0
1504| -4,2 400 0
1505| -4,5 400 0
1506| -4,8 400 0
1507| -5,1 400 0
1508| -5,4 400 0
1509| -5,7 400 0
1510| -6 400 0
1511| -6 400 0
1512| -6 400 0
1513| -6 400 0
1514| -6 400 0
1515| -6 400 0
1516| -6 400 0
1517| 0 400 0
1518| 0,3 400 0
1519| 0,3 400 0
1520| 0,3 400 0
1521| 0,3 400 0
1522| 0,3 400 0
1523| 0,3 400 0
1524| 0,6 400 0
1525| 0,9 400 0
1526| 1,2 400 0
1527| 1,5 400 0
1528| 1,5 400 0
1529| 1,5 400 0
1530| 1,5 400 0
1531| 1,5 400 0
1532| 1,5 400 0
1533| 1,5 400 0
1534| 1,5 400 0
1535| 1,5 400 0
1536| 1,5 400 0
1537| 0 400 0
1538| -0,3 400 0
1539| -0,6 400 0
1540| -0,9 400 0
1541| -0,9 400 0
1542| -0,9 400 0
1543| -0,9 400 0
1544| -0,9 400 0
1545| -0,9 400 0
1546| -0,9 400 0
1547| -1,2 400 0
1548| -1,5 400 0
1549| -1,8 400 0
1550| -2,1 400 0
1551| -2,4 400 0
1552| -2,7 400 0
1553| -3 400 0
1554| -3,299999 400 0
1555| -3,599999 400 0
1556| -3,599999 400 0
1557| -3,599999 400 0
1558| -3,599999 400 0
1559| -3,599999 400 0
1560| -3,899999 400 0
1561| -4,2 400 0
1562| -4,5 400 0
1563| -4,5 400 0
1564| -4,5 400 0
1565| -4,8 400 0
1566| -5,1 400 0
1567| -5,1 400 0
1568| -5,1 400 0
1569| -5,1 400 0
1570| -5,1 400 0
1571| -5,1 400 0
1572| -5,1 400 0
1573| -5,1 400 0
1574| -5,1 400 0
1575| -5,1 400 0
1576| -5,1 400 0
1577| -5,1 400 0
1578| -5,1 400 0
1579| -5,1 400 0
1580| -5,1 400 0
1581| -5,1 400 0
1582| -5,1 400 0
1583| -5,1 400 0
1584| -5,1 400 0
1585| -5,1 400 0
1586| -5,1 400 0
1587| 0 400 0
1588| 0,3 400 0
1589| 0,6 400 0
1590| 0,9 400 0
1591| 1,2 400 0
1592| 1,2 400 0
1593| 1,5 400 0
1594| 1,8 400 0
1595| 2,1 400 0
1596| 2,4 400 0
1597| 2,7 400 0
1598| 3 400 0
1599| 3,299999 400 0
1600| 3,599999 400 0
1601| 3,899999 400 0
1602| 3,899999 400 0
1603| 3,899999 400 0
1604| 3,899999 400 0
1605| 3,899999 400 0
1606| 3,899999 400 0
1607| 3,899999 400 0
1608| 3,899999 400 0
1609| 3,899999 400 0
1610| 3,899999 400 0
1611| 3,899999 400 0
1612| 3,899999 400 0
1613| 3,899999 400 0
1614| 3,899999 400 0
1615| 3,899999 400 0
1616| 3,899999 400 0
1617| 0 400 0
1618| -0,3 400 0
1619| -0,6 400 0
1620| -0,9 400 0
1621| -1,2 400 0
1622| -1,5 400 0
1623| -1,8 400 0
1624| -2,1 400 0
1625| -2,4 400 0
1626| -2,4 400 0
1627| -2,4 400 0
1628| -2,4 400 0
1629| -2,4 400 0
1630| -2,4 400 0
1631| -2,4 400 0
1632| -2,7 400 0
1633| -3 400 0
1634| -3,299999 400 0
1635| -3,599999 400 0
1636| -3,899999 400 0
1637| -3,899999 400 0
1638| -3,899999 400 0
1639| -3,899999 400 0
1640| -3,899999 400 0
1641| -3,899999 400 0
1642| -3,899999 400 0
1643| -3,899999 400 0
1644| -3,899999 400 0
1645| -3,899999 400 0
1646| -3,899999 400 0
1647| -3,899999 400 0
1648| -3,899999 400 0
1649| -3,899999 400 0
1650| -3,899999 400 0
1651| -3,899999 400 0
1652| -3,899999 400 0
1653| -3,899999 400 0
1654| -3,899999 400 0
1655| -3,899999 400 0
1656| 0 400 0
1657| 0,3 400 0
1658| 0,6 400 0
1659| 0,9 400 0
1660| 1,2 400 0
1661| 1,5 400 0
1662| 1,5 400 0
1663| 1,5 400 0
1664| 1,5 400 0
1665| 1,5 400 0
1666| 1,5 400 0
1667| 1,8 400 0
1668| 2,1 400 0
1669| 2,4 400 0
1670| 2,7 400 0
1671| 2,7 400 0
1672| 2,7 400 0
1673| 2,7 400 0
1674| 2,7 400 0
1675| 2,7 400 0
1676| 2,7 400 0
1677| 2,7 400 0
1678| 2,7 400 0
1679| 2,7 400 0
1680| 2,7 400 0
1681| 2,7 400 0
1682| 2,7 400 0
1683| 2,7 400 0
1684| 2,7 400 0
1685| 2,7 400 0
1686| 2,7 400 0
1687| 2,7 400 0
1688| 2,7 400 0
1689| 2,7 400 0
1690| 2,7 400 0
1691| 2,7 400 0
1692| 2,7 400 0
1693| 2,7 400 0
1694| 2,7 400 0
1695| 2,7 400 0
1696| 2,7 400 0
1697| 2,7 400 0
1698| 2,7 400 0
1699| 2,7 400 0
1700| 2,7 400 0
1701| 2,7 400 0
1702| 2,7 400 0
1703| 2,7 400 0
1704| 2,7 400 0
1705| 2,7 400 0
1706| 2,7 400 0
1707| 2,7 400 0
1708| 2,7 400 0
1709| 2,7 400 0
1710| 2,7 400 0
1711| 2,7 400 0
1712| 2,7 400 0
1713| 2,7 400 0
1714| 2,7 400 0
1715| 2,7 400 0
1716| 2,7 400 0
1717| 2,7 400 0
1718| 2,7 400 0
1719| 2,7 400 0
1720| 2,7 400 0
1721| 2,7 400 0
1722| 3 400 0
1723| 3,299999 400 0
1724| 3,599999 400 0
1725| 3,599999 400 0
1726| 3,599999 400 0
1727| 3,599999 400 0
1728| 3,599999 400 0
1729| 3,599999 400 0
1730| 3,599999 400 0
1731| 3,599999 400 0
1732| 3,599999 400 0
1733| 3,599999 400 0
1734| 3,599999 400 0
1735| 3,599999 400 0
1736| 3,599999 400 0
1737| 3,599999 400 0
1738| 3,599999 400 0
1739| 3,599999 400 0
1740| 3,599999 400 0
1741| 3,599999 400 0
1742| 3,599999 400 0
1743| 3,599999 400 0
1744| 3,599999 400 0
1745| 3,599999 400 0
1746| 0 400 0
1747| -0,3 400 0
1748| -0,6 400 0
1749| -0,9 400 0
1750| -1,2 400 0
1751| -1,5 400 0
1752| -1,8 400 0
1753| -2,1 400 0
1754| -2,4 400 0
1755| -2,7 400 0
1756| -3 400 0
1757| -3,299999 400 0
1758| -3,599999 400 0
1759| -3,899999 400 0
1760| -4,2 400 0
1761| -4,5 400 0
1762| -4,8 400 0
1763| -5,1 400 0
1764| -5,4 400 0
1765| -5,7 400 0
1766| -6 400 0
1767| -6,300001 400 0
1768| -6,600001 400 0
1769| -6,900001 400 0
1770| -7,200001 400 0
1771| -7,500001 400 0
1772| -7,800001 400 0
1773| -8,1 400 0
1774| -8,4 400 0
1775| -8,7 400 0
1776| 0 0 0
1777| 0 0 0
1778| 0 0 0
1779| 0 0 0
1780| 0 0 0
1781| 0 0 0
1782| 0 0 0
1783| 0 0 0
1784| 0 0 0
1785| 0 -4 0
1786| 0 -8 0
1787| 0 -12 0
1788| 0,3 -16 0
1789| 0,6 -20 0
1790| 0,9 -24 0
1791| 1,2 -28 0
1792| 1,5 -32 0
1793| 1,8 -36 0
1794| 2,1 -40 0
1795| 2,4 -43,99999 0
1796| 2,7 -47,99999 0
1797| 3 -51,99999 0
1798| 3,299999 -55,99999 0
1799| 3,599999 -60 0
1800| 3,899999 -64 0
1801| 4,2 -68 0
1802| 4,5 -72 0
1803| 4,8 -76,00001 0
1804| 5,1 -80,00001 0
1805| 5,4 -84,00001 0
1806| 5,7 -88,00002 0
1807| 6 -92,00002 0
1808| 6,300001 -96,00002 0
1809| 6,600001 -100 0
1810| 6,900001 -104 0
1811| 7,200001 -108 0
1812| 7,500001 -112 0
1813| 7,800001 -116 0
1814| 8,1 -120 0
1815| 8,4 -124 0
1816| 8,7 -128 0
1817| 8,999999 -132 0
1818| 9,299999 -136 0
1819| 9,599998 -140 0
1820| 9,899999 -144 0
1821| 10,2 -148 0
1822| 10,5 -152 0
1823| 10,8 -156 0
1824| 11,1 -160 0
1825| 11,4 -164 0
1826| 11,7 -168 0
1827| 12 -171,9999 0
1828| 12,3 -175,9999 0
1829| 12,6 -179,9999 0
1830| 12,9 -183,9999 0
1831| 13,2 -187,9999 0
1832| 13,2 -191,9999 0
1833| 13,2 -195,9999 0
1834| 13,2 -199,9999 0
1835| 13,2 -203,9999 0
1836| 13,2 -207,9999 0
1837| 13,2 -211,9999 0
1838| 13,2 -215,9999 0
1839| 13,2 -219,9999 0
1840| 13,2 -223,9999 0
1841| 13,2 -227,9999 0
1842| 13,2 -231,9999 0
1843| 13,2 -235,9999 0
1844| 13,2 -239,9999 0
1845| 13,2 -243,9999 0
1846| 13,2 -247,9999 0
1847| 13,2 -251,9999 0
1848| 13,2 -255,9999 0
1849| 13,2 -259,9999 0
1850| 13,2 -263,9999 0
1851| 13,2 -267,9999 0
1852| 13,2 -271,9998 0
1853| 13,2 -275,9998 0
1854| 13,2 -279,9998 0
1855| 13,2 -283,9998 0
1856| 13,2 -287,9998 0
1857| 13,2 -291,9998 0
1858| 13,2 -295,9998 0
1859| 13,2 -299,9998 0
1860| 13,2 -303,9998 0
1861| 13,2 -307,9998 0
1862| 13,2 -311,9998 0
1863| 13,2 -315,9998 0
1864| 13,2 -319,9998 0
1865| 13,2 -323,9998 0
1866| 13,2 -327,9998 0
1867| 13,2 -331,9998 0
1868| 13,2 -335,9998 0
1869| 13,2 -339,9998 0
1870| 13,2 -343,9998 0
1871| 13,2 -347,9998 0
1872| 13,2 -351,9998 0
1873| 13,2 -355,9998 0
1874| 13,2 -359,9998 0
1875| 13,2 -363,9998 0
1876| 13,2 -367,9998 0
1877| 13,2 -371,9998 0
1878| 13,2 -375,9998 0
1879| 13,2 -379,9998 0
1880| 13,2 -383,9998 0
1881| 13,2 -387,9998 0
1882| 13,2 -391,9998 0
1883| 13,2 -395,9998 0
1884| 13,2 -399,9997 0
1885| 13,2 -400 0
1886| 13,2 -400 0
1887| 13,2 -400 0
1888| 13,2 -400 0
1889| 13,2 -400 0
1890| 13,2 -400 0
1891| 13,2 -400 0
1892| 13,2 -400 0
1893| 13,2 -400 0
1894| 13,2 -400 0
1895| 13,2 -400 0
1896| 13,2 -400 0
1897| 13,2 -400 0
1898| 13,2 -400 0
1899| 13,2 -400 0
1900| 13,2 -400 0
1901| 13,2 -400 0
1902| 13,2 -400 0
1903| 13,2 -400 0
1904| 13,2 -400 0
1905| 13,2 -400 0
1906| 13,2 -400 0
1907| 13,2 -400 0
1908| 13,2 -400 0
1909| 13,2 -400 0
1910| 13,2 -400 0
1911| 13,2 -400 0
1912| 13,2 -400 0
1913| 13,2 -400 0
1914| 13,2 -400 0
1915| 13,2 -400 0
1916| 13,2 -400 0
1917| 13,2 -400 0
1918| 13,2 -400 0
1919| 13,2 -400 0
1920| 13,2 -400 0
1921| 13,2 -400 0
1922| 13,2 -400 0
1923| 13,2 -400 0
1924| 13,2 -400 0
1925| 0 0 0
1926| 0 0 0
1927| 0 0 0
1928| 0 0 0
1929| 0 0 0
1930| 0 0 0
1931| 0 0 0
1932| 0 0 0
1933| 0 0 0
1934| 0 0 0
1935| 0 0 0
1936| 0 0 0
1937| 0 0 0
1938| 0 0 0
1939| 0 0 0
1940| 0 0 0
1941| 0 0 0
1942| 0 0 0
1943| 0 0 0
1944| 0 0 0
1945| 0 0 0
1946| 0 0 0
1947| 0 0 0
1948| 0 0 0
1949| 0 0 0
1950| 0 0 0
1951| 0 0 0
1952| 0 0 0
1953| 0 0 0
1954| 0 0 0
1955| 0 0 0
1956| 0 0 0
1957| 0 0 0
1958| 0 0 0
1959| 0 0 0
1960| 0 0 0
1961| 0 0 0
1962| 0 0 0
1963| 0 0 0
1964| 0 0 0
1965| 0 0 0
1966| 0 0 0
1967| 0 0 0
1968| 0 0 0
1969| 0 0 0
1970| 0 0 0
1971| 0 0 0
1972| 0 0 0
1973| 0 0 0
1974| 0 0 0
1975| 0 0 0
1976| 0 0 0
1977| 0 0 0
1978| 0 0 0
1979| 0 0 0
1980| 0 0 0
1981| 0 0 0
1982| 0 0 0
1983| 0 0 0
1984| 0 0 0
1985| 0 0 0
1986| 0 0 0
1987| 0 0 0
1988| 0 0 0
1989| 0 0 0
1990| 0 0 0
1991| 0 0 0
1992| 0 0 0
1993| 0 0 0
1994| 0 0 0
1995| 0 0 0
1996| 0 0 0
1997| 0 0 0
1998| 0 0 0
1999| 0 0 0
2000| 0 0 0
2001| 0 0 0
2002| 0 0 0
2003| 0 0 0
2004| 0 0 0
2005| 0 0 0
2006| 0 0 0
2007| 0 0 0
2008| 0 0 0
2009| 0 0 0
2010| 0 0 0
2011| 0 0 0
2012| 0 0 0
2013| 0 0 0
2014| 0 0 0
2015| 0 0 0
2016| 0 0 0
2017| 0 0 0
2018| 0 0 0
2019| 0 0 0
2020| 0 0 0
2021| 0 0 0
2022| 0 0 0
2023| 0 0 0
2024| 0 4 0
2025| 0 8 0
2026| 0 12 0
2027| 0 16 0
2028| 0 20 0
2029| 0 24 0
2030| 0 28 0
2031| 0 32 0
2032| 0 36 0
2033| 0 40 0
2034| 0 43,99999 0
2035| 0 47,99999 0
2036| 0 51,99999 0
2037| 0 55,99999 0
2038| 0 60 0
2039| 0 64 0
2040| 0 68 0
2041| 0 72 0
2042| 0 76,00001 0
2043| 0 80,00001 0
2044| 0 84,00001 0
2045| 0 88,00002 0
2046| 0 92,00002 0
2047| 0 96,00002 0
2048| 0 100 0
2049| 0 104 0
2050| 0 108 0
2051| 0 112 0
2052| 0 116 0
2053| 0 120 0
2054| 0 124 0
2055| 0 128 0
2056| 0 132 0
2057| 0 136 0
2058| 0 140 0
2059| 0 144 0
2060| 0 148 0
2061| 0 152 0
2062| 0 0 0
2063| 0 0 0
2064| 0 0 0
2065| 0 0 0
2066| 0 0 0
2067| 0 0 0
2068| 0,3 0 0
2069| 0,6 0 0
2070| 0,9 0 0
2071| 1,2 0 0
2072| 1,5 0 0
2073| 1,8 0 0
2074| 2,1 0 0
2075| 2,4 0 0
2076| 2,7 0 0
2077| 3 0 0
2078| 3,299999 0 0
2079| 3,599999 0 0
2080| 3,899999 0 0
2081| 4,2 0 0
2082| 4,5 0 0
2083| 4,8 0 0
2084| 5,1 0 0
2085| 5,4 0 0
2086| 5,7 0 0
2087| 6 0 0
2088| 6,300001 0 0
2089| 6,600001 4 0
2090| 6,900001 8 0
2091| 7,200001 12 0
2092| 7,500001 16 0
2093| 7,800001 20 0
2094| 8,1 20 0
2095| 8,4 20 0
2096| 8,7 20 0
2097| 8,999999 20 0
2098| 9,299999 20 0
2099| 9,599998 20 0
2100| 9,899999 20 0
2101| 10,2 20 0
2102| 10,5 20 0
2103| 10,8 24 0
2104| 11,1 28 0
2105| 11,4 32 0
2106| 11,7 36 0
2107| 12 36 0
2108| 12,3 36 0
2109| 12,6 36 0
2110| 12,9 36 0
2111| 13,2 36 0
2112| 13,5 36 0
2113| 13,79999 36 0
2114| 14,09999 40 0
2115| 14,39999 43,99999 0
2116| 14,69999 47,99999 0
2117| 14,99999 51,99999 0
2118| 15,29999 55,99999 0
2119| 15,59999 60 0
2120| 15,89999 64 0
2121| 16,19999 68 0
2122| 16,49999 72 0
2123| 16,79999 76,00001 0
2124| 17,09999 80,00001 0
2125| 17,39999 84,00001 0
2126| 17,69999 88,00002 0
2127| 17,99999 92,00002 0
2128| 18,29999 96,00002 0
2129| 18,59999 100 0
2130| 18,89999 104 0
2131| 19,19999 108 0
2132| 19,49999 112 0
2133| 19,79999 116 0
2134| 20,09999 120 0
2135| 20,39999 124 0
2136| 20,69999 128 0
2137| 20,99999 132 0
2138| 21,29999 136 0
2139| 21,59999 140 0
2140| 21,89999 144 0
2141| 22,19999 148 0
2142| 22,49999 152 0
2143| 22,79999 156 0
2144| 23,09999 160 0
2145| 23,39999 164 0
2146| 23,69999 168 0
2147| 23,99999 171,9999 0
2148| 24,29999 175,9999 0
2149| 24,59999 179,9999 0
2150| 24,89998 183,9999 0
2151| 25,19999 187,9999 0
2152| 25,49998 191,9999 0
2153| 25,79998 195,9999 0
2154| 26,09998 199,9999 0
2155| 26,39998 203,9999 0
2156| 26,69998 207,9999 0
2157| 26,99998 211,9999 0
2158| 27,29998 215,9999 0
2159| 27,59998 219,9999 0
2160| 27,89998 223,9999 0
2161| 28,19998 227,9999 0
2162| 28,49998 231,9999 0
2163| 28,79998 235,9999 0
2164| 29,09998 239,9999 0
2165| 29,39998 243,9999 0
2166| 29,69998 247,9999 0
2167| 29,99998 251,9999 0
2168| 30 255,9999 0
2169| 30 259,9999 0
2170| 30 263,9999 0
2171| 30 267,9999 0
2172| 30 271,9998 0
2173| 30 275,9998 0
2174| 30 279,9998 0
2175| 30 283,9998 0
2176| 30 287,9998 0
2177| 30 291,9998 0
2178| 30 295,9998 0
2179| 30 299,9998 0
2180| 30 303,9998 0
2181| 30 307,9998 0
2182| 30 311,9998 0
2183| 30 315,9998 0
2184| 30 319,9998 0
2185| 30 323,9998 0
2186| 30 327,9998 0
2187| 30 331,9998 0
2188| 30 335,9998 0
2189| 30 339,9998 0
2190| 30 343,9998 0
2191| 30 347,9998 0
2192| 30 351,9998 0
2193| 30 355,9998 0
2194| 30 359,9998 0
2195| 30 363,9998 0
2196| 30 367,9998 0
2197| 30 371,9998 0
2198| 30 375,9998 0
2199| 30 379,9998 0
2200| 30 383,9998 0
2201| 30 387,9998 0
2202| 30 391,9998 0
2203| 30 395,9998 0
2204| 30 399,9997 0
2205| 30 400 0
2206| 30 400 0
2207| 30 400 0
2208| 30 400 0
2209| 30 400 0
2210| 30 400 0
2211| 30 400 0
2212| 30 400 0
2213| 30 400 0
2214| 30 400 0
2215| 30 400 0
2216| 30 400 0
2217| 30 400 0
2218| 30 400 0
2219| 30 400 0
2220| 30 400 0
2221| 30 400 0
2222| 30 400 0
2223| 0 400 0
2224| -0,3 400 0
2225| -0,6 400 0
2226| -0,9 400 0
2227| -1,2 400 0
2228| -1,5 400 0
2229| -1,8 400 0
2230| -2,1 400 0
2231| -2,4 400 0
2232| -2,7 400 0
2233| -3 400 0
2234| -3,299999 400 0
2235| -3,599999 400 0
2236| -3,899999 400 0
2237| -4,2 400 0
2238| -4,2 400 0
2239| -4,2 400 0
2240| -4,2 400 0
2241| -4,2 400 0
2242| -4,2 400 0
2243| -4,2 400 0
2244| -4,2 400 0
2245| -4,2 400 0
2246| -4,2 400 0
2247| -4,2 400 0
2248| 0 0 0
2249| 0 0 0
2250| 0 0 0
2251| 0 0 0
2252| 0 0 0
2253| 0 -4 0
2254| 0 -8 0
2255| 0,3 -12 0
2256| 0,6 -16 0
2257| 0,9 -20 0
2258| 1,2 -24 0
2259| 1,5 -28 0
2260| 1,8 -32 0
2261| 2,1 -36 0
2262| 2,4 -40 0
2263| 2,7 -43,99999 0
2264| 3 -47,99999 0
2265| 3,299999 -51,99999 0
2266| 3,599999 -55,99999 0
2267| 3,899999 -60 0
2268| 4,2 -64 0
2269| 4,5 -68 0
2270| 4,8 -72 0
2271| 5,1 -76,00001 0
2272| 5,4 -80,00001 0
2273| 5,7 -84,00001 0
2274| 6 -88,00002 0
2275| 6,300001 -92,00002 0
2276| 6,600001 -96,00002 0
2277| 6,900001 -100 0
2278| 7,200001 -104 0
2279| 7,500001 -108 0
2280| 7,800001 -112 0
2281| 8,1 -116 0
2282| 8,4 -120 0
2283| 8,7 -124 0
2284| 8,999999 -128 0
2285| 9,299999 -132 0
2286| 9,599998 -136 0
2287| 9,899999 -140 0
2288| 10,2 -144 0
2289| 10,5 -148 0
2290| 10,8 -152 0
2291| 11,1 -156 0
2292| 11,4 -160 0
2293| 11,7 -164 0
2294| 12 -168 0
2295| 12,3 -171,9999 0
2296| 12,6 -175,9999 0
2297| 12,9 -179,9999 0
2298| 13,2 -183,9999 0
2299| 13,5 -187,9999 0
2300| 13,79999 -191,9999 0
2301| 14,09999 -195,9999 0
2302| 14,39999 -199,9999 0
2303| 14,69999 -203,9999 0
2304| 14,99999 -207,9999 0
2305| 15,29999 -211,9999 0
2306| 15,59999 -215,9999 0
2307| 15,89999 -219,9999 0
2308| 16,19999 -223,9999 0
2309| 16,49999 -227,9999 0
2310| 16,79999 -231,9999 0
2311| 17,09999 -235,9999 0
2312| 17,39999 -239,9999 0
2313| 17,69999 -243,9999 0
2314| 17,99999 -247,9999 0
2315| 17,99999 -251,9999 0
2316| 17,99999 -255,9999 0
2317| 17,99999 -259,9999 0
2318| 17,99999 -263,9999 0
2319| 0 -267,9999 0
2320| -0,3 -271,9998 0
2321| -0,6 -275,9998 0
2322| -0,9 -279,9998 0
2323| -1,2 -283,9998 0
2324| -1,5 -287,9998 0
2325| -1,8 -291,9998 0
2326| -2,1 -295,9998 0
2327| -2,4 -299,9998 0
2328| -2,7 -303,9998 0
2329| -3 -307,9998 0
2330| -3,299999 -311,9998 0
2331| -3,599999 -315,9998 0
2332| -3,899999 -319,9998 0
2333| -4,2 -323,9998 0
2334| -4,5 -327,9998 0
2335| -4,8 -331,9998 0
2336| -5,1 -335,9998 0
2337| -5,4 -339,9998 0
2338| -5,7 -343,9998 0
2339| -6 -347,9998 0
2340| -6,300001 -351,9998 0
2341| -6,600001 -355,9998 0
2342| -6,900001 -359,9998 0
2343| -7,200001 -363,9998 0
2344| -7,500001 -367,9998 0
2345| -7,800001 -371,9998 0
2346| -8,1 -375,9998 0
2347| -8,4 -379,9998 0
2348| -8,7 -383,9998 0
2349| -8,999999 -387,9998 0
2350| -9,299999 -391,9998 0
2351| -9,599998 -395,9998 0
2352| -9,899999 -399,9997 0
2353| -10,2 -400 0
2354| -10,5 -400 0
2355| -10,8 -400 0
2356| -11,1 -400 0
2357| -11,4 -400 0
2358| -11,7 -400 0
2359| -12 -400 0
2360| -12,3 -400 0
2361| -12,6 -400 0
2362| -12,6 -400 0
2363| -12,6 -400 0
2364| -12,6 -400 0
2365| -12,6 -400 0
2366| -12,6 -400 0
2367| -12,6 -400 0
2368| -12,6 -400 0
2369| -12,6 -400 0
2370| -12,9 -400 0
2371| -13,2 -400 0
2372| -13,5 -400 0
2373| -13,79999 -400 0
2374| -14,09999 -400 0
2375| -14,39999 -400 0
2376| -14,69999 -400 0
2377| -14,69999 -400 0
2378| -14,69999 -400 0
2379| -14,69999 -400 0
2380| -14,69999 -400 0
2381| -14,69999 -400 0
2382| -14,69999 -400 0
2383| -14,69999 -400 0
2384| -14,69999 -400 0
2385| -14,69999 -400 0
2386| -14,69999 -400 0
2387| -14,69999 -400 0
2388| -14,69999 -400 0
2389| 0 -400 0
2390| 0,3 -400 0
2391| 0,6 -400 0
2392| 0,9 -400 0
2393| 1,2 -400 0
2394| 1,5 -400 0
2395| 1,8 -400 0
2396| 1,8 -400 0
2397| 1,8 -400 0
2398| 1,8 -400 0
2399| 1,8 -400 0
2400| 1,8 -400 0
2401| 1,8 -400 0
2402| 1,8 -400 0
2403| 1,8 -400 0
2404| 0 -400 0
2405| -0,3 -400 0
2406| -0,6 -400 0
2407| -0,9 -400 0
2408| -1,2 -400 0
2409| -1,5 -400 0
2410| -1,8 -400 0
2411| -2,1 -400 0
2412| -2,4 -400 0
2413| -2,7 -400 0
2414| -3 -400 0
2415| -3,299999 -400 0
2416| -3,599999 -400 0
2417| -3,599999 -400 0
2418| -3,599999 -400 0
2419| -3,599999 -400 0
2420| -3,599999 -400 0
2421| -3,599999 -400 0
2422| -3,599999 -400 0
2423| -3,599999 -400 0
2424| -3,599999 -400 0
2425| -3,599999 -400 0
2426| -3,599999 -400 0
2427| -3,599999 -400 0
2428| -3,599999 -400 0
2429| -3,599999 -400 0
2430| -3,599999 -400 0
2431| -3,599999 -400 0
2432| -3,599999 -400 0
2433| -3,599999 -400 0
2434| -3,599999 -400 0
2435| -3,599999 -400 0
2436| -3,599999 -400 0
2437| -3,599999 -400 0
2438| -3,599999 -400 0
2439| -3,599999 -400 0
2440| -3,599999 -400 0
2441| -3,599999 -400 0
2442| -3,599999 -400 0
2443| -3,599999 -400 0
2444| -3,599999 -400 0
2445| -3,599999 -400 0
2446| -3,599999 -400 0
2447| -3,599999 -400 0
2448| 0 -400 0
2449| 0,3 -400 0
2450| 0,6 -400 0
2451| 0,9 -400 0
2452| 1,2 -400 0
2453| 1,5 -400 0
2454| 1,8 -400 0
2455| 2,1 -400 0
2456| 2,4 -400 0
2457| 2,7 -400 0
2458| 3 -400 0
2459| 3,299999 -400 0
2460| 3,599999 -400 0
2461| 3,899999 -400 0
2462| 4,2 -400 0
2463| 4,5 -400 0
2464| 4,5 -400 0
2465| 4,5 -400 0
2466| 4,5 -400 0
2467| 4,8 -400 0
2468| 5,1 -400 0
2469| 5,4 -400 0
2470| 5,7 -400 0
2471| 6 -400 0
2472| 6,300001 -400 0
2473| 6,600001 -400 0
2474| 6,900001 -400 0
2475| 7,200001 -400 0
2476| 7,500001 -400 0
2477| 7,800001 -400 0
2478| 8,1 -400 0
2479| 8,4 -400 0
2480| 8,7 -400 0
2481| 8,7 -400 0
2482| 8,7 -400 0
2483| 8,7 -400 0
2484| 8,7 -400 0
2485| 8,7 -400 0
2486| 8,7 -400 0
2487| 8,7 -400 0
2488| 8,7 -400 0
2489| 8,7 -400 0
2490| 8,7 -400 0
2491| 8,7 -400 0
2492| 0 -400 0
2493| 0 -400 0
2494| -0,3 -400 0
2495| -0,6 -400 0
2496| -0,9 -400 0
2497| -1,2 -400 0
2498| -1,5 -400 0
2499| -1,8 -400 0
2500| -2,1 -400 0
2501| -2,1 -400 0
2502| -2,1 -400 0
2503| -2,1 -400 0
2504| -2,4 -400 0
2505| -2,7 -400 0
2506| -3 -400 0
2507| -3,299999 -400 0
2508| -3,299999 -400 0
2509| -3,299999 -400 0
2510| -3,299999 -400 0
2511| -3,299999 -400 0
2512| -3,299999 -400 0
2513| -3,299999 -400 0
2514| -3,299999 -400 0
2515| -3,299999 -400 0
2516| -3,299999 -400 0
2517| 0 0 0
2518| 0 0 0
2519| 0,3 0 0
2520| 0,6 0 0
2521| 0,9 0 0
2522| 1,2 4 0
2523| 1,5 8 0
2524| 1,5 12 0
2525| 1,5 16 0
2526| 1,5 20 0
2527| 1,5 24 0
2528| 1,5 28 0
2529| 1,5 32 0
2530| 1,5 36 0
2531| 1,8 40 0
2532| 2,1 43,99999 0
2533| 2,4 47,99999 0
2534| 2,7 51,99999 0
2535| 2,7 55,99999 0
2536| 2,7 60 0
2537| 2,7 64 0
2538| 2,7 68 0
2539| 2,7 72 0
2540| 2,7 76,00001 0
2541| 2,7 80,00001 0
2542| 2,7 84,00001 0
2543| 2,7 88,00002 0
2544| 2,7 92,00002 0
2545| 2,7 96,00002 0
2546| 2,7 100 0
2547| 2,7 104 0
2548| 2,7 108 0
2549| 2,7 112 0
2550| 2,7 116 0
2551| 2,7 120 0
2552| 2,7 124 0
2553| 2,7 128 0
2554| 2,7 132 0
2555| 2,7 136 0
2556| 2,7 140 0
2557| 2,7 144 0
2558| 2,7 148 0
2559| 2,7 152 0
2560| 2,7 156 0
2561| 2,7 160 0
2562| 2,7 164 0
2563| 2,7 168 0
2564| 2,7 171,9999 0
2565| 2,7 175,9999 0
2566| 2,7 179,9999 0
2567| 2,7 183,9999 0
2568| 2,7 187,9999 0
2569| 2,7 191,9999 0
2570| 2,7 195,9999 0
2571| 2,7 199,9999 0
2572| 2,7 203,9999 0
2573| 2,7 207,9999 0
2574| 2,7 211,9999 0
2575| 2,7 215,9999 0
2576| 2,7 219,9999 0
2577| 2,7 223,9999 0
2578| 2,7 227,9999 0
2579| 2,7 231,9999 0
2580| 0 235,9999 0
2581| -0,3 239,9999 0
2582| -0,6 243,9999 0
2583| -0,9 247,9999 0
2584| -1,2 251,9999 0
2585| -1,2 255,9999 0
2586| -1,2 259,9999 0
2587| -1,2 263,9999 0
2588| -1,2 267,9999 0
2589| -1,2 271,9998 0
2590| -1,2 275,9998 0
2591| -1,2 279,9998 0
2592| -1,2 283,9998 0
2593| -1,5 287,9998 0
2594| -1,8 291,9998 0
2595| -2,1 295,9998 0
2596| -2,4 299,9998 0
2597| -2,7 303,9998 0
2598| -3 307,9998 0
2599| -3 311,9998 0
2600| -3 315,9998 0
2601| -3 319,9998 0
2602| -3 323,9998 0
2603| -3 327,9998 0
2604| -3 331,9998 0
2605| -3 335,9998 0
2606| -3 339,9998 0
2607| -3 343,9998 0
2608| -3 347,9998 0
2609| -3 351,9998 0
2610| -3 355,9998 0
2611| -3 359,9998 0
2612| -3 363,9998 0
2613| -3 367,9998 0
2614| -3 371,9998 0
2615| -3 375,9998 0
2616| -3 379,9998 0
2617| -3 383,9998 0
2618| -3 387,9998 0
2619| -3 391,9998 0
2620| -3 395,9998 0
2621| -3 399,9997 0
2622| -3 400 0
2623| -3 400 0
2624| -3 400 0
2625| -3 400 0
2626| -3 400 0
2627| -3 400 0
2628| -3 400 0
2629| -3 400 0
2630| -3 400 0
2631| -3 400 0
2632| 0 400 0
2633| 0,3 400 0
2634| 0,6 400 0
2635| 0,9 400 0
2636| 1,2 400 0
2637| 1,2 400 0
2638| 1,2 400 0
2639| 1,2 400 0
2640| 1,2 400 0
2641| 1,2 400 0
2642| 1,2 400 0
2643| 1,2 400 0
2644| 1,2 400 0
2645| 1,2 400 0
2646| 1,2 400 0
2647| 1,2 400 0
2648| 1,2 400 0
2649| 1,2 400 0
2650| 1,2 400 0
2651| 1,2 400 0
2652| 1,2 400 0
2653| 1,2 400 0
2654| 1,2 400 0
2655| 1,2 400 0
2656| 1,2 400 0
2657| 1,2 400 0
2658| 1,2 400 0
2659| 1,2 400 0
2660| 1,2 400 0
2661| 1,2 400 0
2662| 1,2 400 0
2663| 0 400 0
2664| -0,3 400 0
2665| -0,6 400 0
2666| -0,9 400 0
2667| -0,9 400 0
2668| -0,9 400 0
2669| -0,9 400 0
2670| -0,9 400 0
2671| -0,9 400 0
2672| -0,9 400 0
2673| -0,9 400 0
2674| -0,9 400 0
2675| -0,9 400 0
2676| -0,9 400 0
2677| -0,9 400 0
2678| -0,9 400 0
2679| -0,9 400 0
2680| -0,9 400 0
2681| -0,9 400 0
2682| -0,9 400 0
2683| -0,9 400 0
2684| -0,9 400 0
2685| -0,9 400 0
2686| -0,9 400 0
2687| -0,9 400 0
2688| -0,9 400 0
2689| -0,9 400 0
2690| -0,9 400 0
2691| -0,9 400 0
2692| -0,9 400 0
2693| -0,9 400 0
2694| -0,9 400 0
2695| -0,9 400 0
2696| -0,9 400 0
2697| -0,9 400 0
2698| -0,9 400 0
2699| -0,9 400 0
2700| -0,9 400 0
2701| -0,9 400 0
2702| -0,9 400 0
2703| -0,9 400 0
2704| -0,9 400 0
2705| -0,9 400 0
2706| -0,9 400 0
2707| -0,9 400 0
2708| -1,2 400 0
2709| -1,5 400 0
2710| -1,8 400 0
2711| -2,1 400 0
2712| -2,4 400 0
2713| -2,7 400 0
2714| -3 400 0
2715| -3,299999 400 0
2716| -3,599999 400 0
2717| -3,899999 400 0
2718| -4,2 400 0
2719| -4,5 400 0
2720| -4,8 400 0
2721| -5,1 400 0
2722| -5,4 400 0
2723| -5,7 400 0
2724| -6 400 0
2725| -6,300001 400 0
2726| -6,600001 400 0
2727| -6,900001 400 0
2728| -7,200001 400 0
2729| -7,500001 400 0
2730| -7,800001 400 0
2731| -8,1 400 0
2732| -8,4 400 0
2733| -8,7 400 0
2734| -8,999999 400 0
2735| -9,299999 400 0
2736| -9,599998 400 0
2737| -9,899999 400 0
2738| -10,2 400 0
2739| -10,5 400 0
2740| -10,8 400 0
2741| -11,1 400 0
2742| -11,4 400 0
2743| -11,7 400 0
2744| -12 400 0
2745| -12,3 400 0
2746| -12,6 400 0
2747| -12,9 400 0
2748| -13,2 400 0
2749| -13,5 400 0
2750| -13,79999 400 0
2751| -14,09999 400 0
2752| -14,39999 400 0
2753| -14,69999 400 0
2754| -14,99999 400 0
2755| -15,29999 400 0
2756| -15,59999 400 0
2757| -15,59999 400 0
2758| -15,59999 400 0
2759| -15,59999 400 0
2760| -15,59999 400 0
2761| -15,89999 400 0
2762| -16,19999 400 0
2763| -16,49999 400 0
2764| -16,79999 400 0
2765| -17,09999 400 0
2766| -17,39999 400 0
2767| -17,69999 400 0
2768| -17,99999 400 0
2769| -18,29999 400 0
2770| -18,59999 400 0
2771| -18,89999 400 0
2772| -19,19999 400 0
2773| -19,49999 400 0
2774| -19,79999 400 0
2775| -20,09999 400 0
2776| -20,39999 400 0
2777| -20,69999 400 0
2778| -20,99999 400 0
2779| -21,29999 400 0
2780| -21,59999 400 0
2781| -21,89999 400 0
2782| -22,19999 400 0
2783| -22,49999 400 0
2784| -22,79999 400 0
2785| -23,09999 400 0
2786| -23,39999 400 0
2787| -23,69999 400 0
2788| -23,99999 400 0
2789| -24,29999 400 0
2790| -24,59999 400 0
2791| -24,89998 400 0
2792| -25,19999 400 0
2793| -25,49998 400 0
2794| -25,79998 400 0
2795| -26,09998 400 0
2796| -26,39998 400 0
2797| -26,69998 400 0
2798| -26,99998 400 0
2799| -27,29998 400 0
2800| -27,59998 400 0
2801| -27,89998 400 0
2802| -28,19998 400 0
2803| -28,49998 400 0
2804| -28,79998 400 0
2805| -29,09998 400 0
2806| -29,39998 400 0
2807| -29,69998 400 0
2808| -29,99998 400 0
2809| -30 400 0
2810| -30 400 0
2811| -30 400 0
2812| -30 400 0
2813| -30 400 0
2814| -30 400 0
2815| -30 400 0
2816| -30 400 0
2817| -30 400 0
2818| -30 400 0
2819| -30 400 0
2820| -30 400 0
2821| -30 400 0
2822| -30 400 0
2823| -30 400 0
2824| -30 400 0
2825| -30 400 0
2826| -30 400 0
2827| -30 400 0
2828| -30 400 0
2829| -30 400 0
2830| -30 400 0
2831| -30 400 0
2832| -30 400 0
2833| -30 400 0
2834| -30 400 0
2835| -30 400 0
2836| -30 400 0
2837| -30 400 0
2838| -30 400 0
2839| -30 400 0
2840| -30 400 0
2841| -30 400 0
2842| -30 400 0
2843| -30 400 0
2844| -30 400 0
2845| -30 400 0
2846| -30 400 0
2847| -30 400 0
2848| -30 400 0
2849| -30 400 0
2850| -30 400 0
2851| -30 400 0
2852| -30 400 0
2853| -30 400 0
2854| -30 400 0
2855| -30 400 0
2856| -30 400 0
2857| -30 400 0
2858| -30 400 0
2859| -30 400 0
2860| -30 400 0
2861| -30 400 0
2862| -30 400 0
2863| -30 400 0
2864| -30 400 0
2865| -30 400 0
2866| -30 400 0
2867| -30 400 0
2868| -30 400 0
2869| -30 400 0
2870| -30 400 0
2871| -30 400 0
2872| -30 400 0
2873| -30 400 0
2874| -30 400 0
2875| -30 400 0
2876| -30 400 0
2877| -30 400 0
2878| -30 400 0
2879| -30 400 0
2880| 0 400 0
2881| 0,3 400 0
2882| 0,6 400 0
2883| 0,9 400 0
2884| 1,2 400 0
2885| 1,5 400 0
2886| 1,8 400 0
2887| 2,1 400 0
2888| 2,4 400 0
2889| 2,7 400 0
2890| 3 400 0
2891| 3,299999 400 0
2892| 3,599999 400 0
2893| 3,899999 400 0
2894| 4,2 400 0
2895| 4,5 400 0
2896| 4,8 400 0
2897| 5,1 400 0
2898| 5,4 400 0
2899| 5,7 400 0
2900| 6 400 0
2901| 6,300001 400 0
2902| 6,600001 400 0
2903| 6,900001 400 0
2904| 7,200001 400 0
2905| 7,500001 400 0
2906| 7,800001 400 0
2907| 8,1 400 0
2908| 8,4 400 0
2909| 8,7 400 0
2910| 8,999999 400 0
2911| 9,299999 400 0
2912| 9,599998 400 0
2913| 9,899999 400 0
2914| 10,2 400 0
2915| 10,5 400 0
2916| 10,8 400 0
2917| 11,1 400 0
2918| 11,4 400 0
2919| 11,7 400 0
2920| 12 400 0
2921| 12,3 400 0
2922| 12,6 400 0
2923| 12,9 400 0
2924| 13,2 400 0
2925| 13,5 400 0
2926| 13,79999 400 0
2927| 14,09999 400 0
2928| 14,39999 400 0
2929| 14,69999 400 0
2930| 14,99999 400 0
2931| 15,29999 400 0
2932| 15,59999 400 0
2933| 15,89999 400 0
2934| 16,19999 400 0
2935| 16,49999 400 0
2936| 16,79999 400 0
2937| 17,09999 400 0
2938| 17,39999 400 0
2939| 17,69999 400 0
2940| 17,99999 400 0
2941| 18,29999 400 0
2942| 18,59999 400 0
2943| 18,89999 400 0
2944| 19,19999 400 0
2945| 19,49999 400 0
2946| 19,79999 400 0
2947| 20,09999 400 0
2948| 20,39999 400 0
2949| 20,69999 400 0
2950| 20,99999 400 0
2951| 21,29999 400 0
2952| 21,59999 400 0
2953| 21,89999 400 0
2954| 22,19999 400 0
2955| 22,49999 400 0
2956| 22,79999 400 0
2957| 23,09999 400 0
2958| 23,39999 400 0
2959| 23,69999 400 0
2960| 23,99999 400 0
2961| 24,29999 400 0
2962| 24,59999 400 0
2963| 24,89998 400 0
2964| 25,19999 400 0
2965| 25,49998 400 0
2966| 25,79998 400 0
2967| 26,09998 400 0
2968| 26,39998 400 0
2969| 26,69998 400 0
2970| 26,99998 400 0
2971| 27,29998 400 0
2972| 27,59998 400 0
2973| 27,89998 400 0
2974| 28,19998 400 0
2975| 28,49998 400 0
2976| 28,79998 400 0
2977| 29,09998 400 0
2978| 29,39998 400 0
2979| 29,69998 400 0
2980| 29,99998 400 0
2981| 30 400 0
2982| 30 400 0
2983| 30 400 0
2984| 30 400 0
2985| 30 400 0
2986| 30 400 0
2987| 30 400 0
2988| 30 400 0
2989| 30 400 0
2990| 30 400 0
2991| 30 400 0
2992| 30 400 0
2993| 30 400 0
2994| 30 400 0
2995| 30 400 0
2996| 30 400 0
2997| 30 400 0
2998| 30 400 0
2999| 30 400 0
3000| 30 400 0
3001| 30 400 0
3002| 30 400 0
3003| 30 400 0
3004| 30 400 0
3005| 30 400 0
3006| 30 400 0
3007| 30 400 0
3008| 30 400 0
3009| 30 400 0
3010| 30 400 0
3011| 30 400 0
3012| 30 400 0
3013| 30 400 0
3014| 30 400 0
3015| 30 400 0
3016| 30 400 0
3017| 30 400 0
3018| 30 400 0
3019| 30 400 0
3020| 30 400 0
3021| 30 400 0
3022| 30 400 0
3023| 30 400 0
3024| 30 400 0
3025| 30 400 0
3026| 30 400 0
3027| 30 400 0
3028| 30 400 0
3029| 30 400 0
3030| 30 400 0
3031| 30 400 0
3032| 30 400 0
3033| 30 400 0
3034| 30 400 0
3035| 30 400 0
3036| 30 400 0
3037| 30 400 0
3038| 30 400 0
3039| 30 400 0
3040| 30 400 0
3041| 30 400 0
3042| 30 400 0
3043| 30 400 0
3044| 30 400 0
3045| 30 400 0
3046| 30 400 0
3047| 30 400 0
3048| 30 400 0
3049| 30 400 0
3050| 30 400 0
3051| 30 400 0
3052| 30 400 0
3053| 30 400 0
3054| 30 400 0
3055| 30 400 0
3056| 30 400 0
3057| 30 400 0
3058| 30 400 0
3059| 30 400 0
3060| 30 400 0
3061| 30 400 0
3062| 30 400 0
3063| 30 400 0
3064| 30 400 0
3065| 30 400 0
3066| 30 400 0
3067| 30 400 0
3068| 30 400 0
3069| 0 400 0
3070| -0,3 400 0
3071| -0,6 400 0
3072| -0,9 400 0
3073| -1,2 400 0
3074| -1,5 400 0
3075| -1,8 400 0
3076| -2,1 400 0
3077| -2,4 400 0
3078| -2,7 400 0
3079| -3 400 0
3080| -3,299999 400 0
3081| -3,599999 400 0
3082| -3,899999 400 0
3083| -4,2 400 0
3084| -4,5 400 0
3085| -4,8 400 0
3086| -5,1 400 0
3087| -5,4 400 0
3088| -5,7 400 0
3089| -6 400 0
3090| -6,300001 400 0
3091| -6,600001 400 0
3092| -6,900001 400 0
3093| -7,200001 400 0
3094| -7,500001 400 0
3095| -7,800001 400 0
3096| -8,1 400 0
3097| -8,4 400 0
3098| -8,7 400 0
3099| -8,999999 400 0
3100| -9,299999 400 0
3101| -9,599998 400 0
3102| -9,899999 400 0
3103| -9,899999 400 0
3104| 0 400 0
3105| 0,3 400 0
3106| 0,6 400 0
3107| 0,9 400 0
3108| 1,2 400 0
3109| 1,5 400 0
3110| 1,8 400 0
3111| 2,1 400 0
3112| 2,4 400 0
3113| 2,7 400 0
3114| 3 400 0
3115| 3,299999 400 0
3116| 3,599999 400 0
3117| 3,899999 400 0
3118| 4,2 400 0
3119| 4,5 400 0
3120| 4,8 400 0
3121| 5,1 400 0
3122| 5,4 400 0
3123| 5,7 400 0
3124| 6 400 0
3125| 6,300001 400 0
3126| 6,600001 400 0
3127| 6,900001 400 0
3128| 7,200001 400 0
3129| 7,500001 400 0
3130| 7,800001 400 0
3131| 8,1 400 0
3132| 8,4 400 0
3133| 8,7 400 0
3134| 8,999999 400 0
3135| 9,299999 400 0
3136| 9,599998 400 0
3137| 9,899999 400 0
3138| 10,2 400 0
3139| 10,5 400 0
3140| 10,8 400 0
3141| 11,1 400 0
3142| 11,4 400 0
3143| 11,7 400 0
3144| 12 400 0
3145| 12,3 400 0
3146| 12,6 400 0
3147| 12,9 400 0
3148| 13,2 400 0
3149| 13,5 400 0
3150| 13,79999 400 0
3151| 14,09999 400 0
3152| 14,39999 400 0
3153| 0 400 0
3154| 0 400 0
3155| -0,3 400 0
3156| -0,6 400 0
3157| -0,9 400 0
3158| -1,2 400 0
3159| -1,5 400 0
3160| -1,8 400 0
3161| -2,1 400 0
3162| -2,4 400 0
3163| -2,7 400 0
3164| -3 400 0
3165| -3,299999 400 0
3166| -3,599999 400 0
3167| -3,899999 400 0
3168| -4,2 400 0
3169| -4,5 400 0
3170| -4,8 400 0
3171| -5,1 400 0
3172| -5,4 400 0
3173| -5,7 400 0
3174| -6 400 0
3175| -6,300001 400 0
3176| -6,600001 400 0
3177| -6,900001 400 0
3178| -7,200001 400 0
3179| -7,500001 400 0
3180| -7,800001 400 0
3181| -8,1 400 0
3182| -8,4 400 0
3183| -8,7 400 0
3184| -8,999999 400 0
3185| -9,299999 400 0
3186| -9,599998 400 0
3187| -9,899999 400 0
3188| -10,2 400 0
3189| -10,5 400 0
3190| -10,8 400 0
3191| -11,1 400 0
3192| 0 400 0
3193| 0,3 400 0
3194| 0,6 400 0
3195| 0,9 400 0
3196| 1,2 400 0
3197| 1,5 400 0
3198| 1,8 400 0
3199| 2,1 400 0
3200| 2,4 400 0
3201| 2,7 400 0
3202| 3 400 0
3203| 3,299999 400 0
3204| 3,599999 400 0
3205| 3,899999 400 0
3206| 4,2 400 0
3207| 4,5 400 0
3208| 4,8 400 0
3209| 5,1 400 0
3210| 5,4 400 0
3211| 5,7 400 0
3212| 6 400 0
3213| 6,300001 400 0
3214| 6,600001 400 0
3215| 6,900001 400 0
3216| 7,200001 400 0
3217| 7,500001 400 0
3218| 7,800001 400 0
3219| 8,1 400 0
3220| 8,4 400 0
3221| 8,7 400 0
3222| 8,999999 400 0
3223| 9,299999 400 0
3224| 9,599998 400 0
3225| 9,899999 400 0
3226| 10,2 400 0
3227| 10,5 400 0
3228| 10,8 400 0
3229| 11,1 400 0
3230| 11,4 400 0
3231| 0 400 0
3232| -0,3 400 0
3233| -0,6 400 0
3234| -0,9 400 0
3235| -1,2 400 0
3236| -1,5 400 0
3237| -1,8 400 0
3238| -2,1 400 0
3239| -2,4 400 0
3240| -2,7 400 0
3241| -3 400 0
3242| -3,299999 400 0
3243| -3,599999 400 0
3244| -3,899999 400 0
3245| -4,2 400 0
3246| -4,5 400 0
3247| -4,8 400 0
3248| -5,1 400 0
3249| -5,4 400 0
3250| -5,7 400 0
3251| -6 400 0
3252| -6,300001 400 0
3253| -6,600001 400 0
3254| -6,900001 400 0
3255| -7,200001 400 0
3256| -7,500001 400 0
3257| -7,800001 400 0
3258| -8,1 400 0
3259| -8,4 400 0
3260| -8,7 400 0
3261| -8,999999 400 0
3262| 0 400 0
3263| 0,3 400 0
3264| 0,6 400 0
3265| 0,9 400 0
3266| 1,2 400 0
3267| 1,5 400 0
3268| 1,8 400 0
3269| 2,1 400 0
3270| 2,4 400 0
3271| 2,7 400 0
3272| 3 400 0
3273| 3,299999 400 0
3274| 3,599999 400 0
3275| 3,899999 400 0
3276| 4,2 400 0
3277| 4,5 400 0
3278| 4,8 400 0
3279| 5,1 400 0
3280| 5,4 400 0
3281| 5,7 400 0
3282| 6 400 0
3283| 6,300001 400 0
3284| 6,600001 400 0
3285| 6,900001 400 0
3286| 7,200001 400 0
3287| 7,500001 400 0
3288| 7,800001 400 0
3289| 8,1 400 0
3290| 8,4 400 0
3291| 8,7 400 0
3292| 8,999999 400 0
3293| 9,299999 400 0
3294| 9,599998 400 0
3295| 9,899999 400 0
3296| 10,2 400 0
3297| 0 400 0
3298| -0,3 400 0
3299| -0,6 400 0
3300| -0,9 400 0
3301| -1,2 400 0
3302| -1,5 400 0
3303| -1,8 400 0
3304| -2,1 400 0
3305| -2,4 400 0
3306| -2,7 400 0
3307| -3 400 0
3308| -3,299999 400 0
3309| -3,599999 400 0
3310| -3,899999 400 0
3311| -4,2 400 0
3312| -4,5 400 0
3313| -4,8 400 0
3314| -5,1 400 0
3315| -5,4 400 0
3316| -5,7 400 0
3317| -6 400 0
3318| -6,300001 400 0
3319| -6,600001 400 0
3320| -6,900001 400 0
3321| -7,200001 400 0
3322| -7,500001 400 0
3323| -7,800001 400 0
3324| -8,1 400 0
3325| -8,4 400 0
3326| -8,7 400 0
3327| -8,999999 400 0
3328| -9,299999 400 0
3329| -9,599998 400 0
3330| -9,899999 400 0
3331| -10,2 400 0
3332| -10,5 400 0
3333| -10,8 400 0
3334| 0 400 0
3335| 0,3 400 0
3336| 0,6 400 0
3337| 0,9 400 0
3338| 1,2 400 0
3339| 1,5 400 0
3340| 1,8 400 0
3341| 2,1 400 0
3342| 2,4 400 0
3343| 2,7 400 0
3344| 3 400 0
3345| 3,299999 400 0
3346| 3,599999 400 0
3347| 3,899999 400 0
3348| 4,2 400 0
3349| 4,5 400 0
3350| 4,8 400 0
3351| 5,1 400 0
3352| 5,4 400 0
3353| 5,7 400 0
3354| 6 400 0
3355| 6,300001 400 0
3356| 6,600001 400 0
3357| 6,900001 400 0
3358| 7,200001 400 0
3359| 7,500001 400 0
3360| 7,800001 400 0
3361| 8,1 400 0
3362| 8,4 400 0
3363| 8,7 400 0
3364| 8,999999 400 0
3365| 9,299999 400 0
3366| 9,599998 400 0
3367| 0 400 0
3368| -0,3 400 0
3369| -0,6 400 0
3370| -0,9 400 0
3371| -1,2 400 0
3372| -1,5 400 0
3373| -1,8 400 0
3374| -2,1 400 0
3375| -2,4 400 0
3376| -2,7 400 0
3377| -3 400 0
3378| -3,299999 400 0
3379| -3,599999 400 0
3380| -3,899999 400 0
3381| -4,2 400 0
3382| -4,5 400 0
3383| -4,8 400 0
3384| -5,1 400 0
3385| -5,4 400 0
3386| -5,7 400 0
3387| -6 400 0
3388| -6,300001 400 0
3389| -6,600001 400 0
3390| -6,900001 400 0
3391| -7,200001 400 0
3392| -7,500001 400 0
3393| -7,800001 400 0
3394| -8,1 400 0
3395| -8,4 400 0
3396| -8,7 400 0
3397| -8,999999 400 0
3398| -9,299999 400 0
3399| -9,599998 400 0
3400| -9,599998 400 0
3401| 0 400 0
3402| 0,3 400 0
3403| 0,6 400 0
3404| 0,9 400 0
3405| 1,2 400 0
3406| 1,5 400 0
3407| 1,8 400 0
3408| 2,1 400 0
3409| 2,4 400 0
3410| 2,7 400 0
3411| 3 400 0
3412| 3,299999 400 0
3413| 3,599999 400 0
3414| 3,899999 400 0
3415| 4,2 400 0
3416| 4,5 400 0
3417| 4,8 400 0
3418| 5,1 400 0
3419| 5,4 400 0
3420| 5,4 400 0
3421| 0 400 0
3422| -0,3 400 0
3423| -0,6 400 0
3424| -0,9 400 0
3425| -1,2 400 0
3426| -1,5 400 0
3427| -1,8 400 0
3428| -2,1 400 0
3429| -2,4 400 0
3430| -2,7 400 0
3431| -3 400 0
3432| -3,299999 400 0
3433| -3,599999 400 0
3434| -3,899999 400 0
3435| -4,2 400 0
3436| -4,5 400 0
3437| -4,8 400 0
3438| -5,1 400 0
3439| -5,4 400 0
3440| -5,7 400 0
3441| -6 400 0
3442| -6,300001 400 0
3443| -6,600001 400 0
3444| -6,900001 400 0
3445| -7,200001 400 0
3446| -7,500001 400 0
3447| -7,800001 400 0
3448| -8,1 400 0
3449| -8,4 400 0
3450| -8,7 400 0
3451| -8,999999 400 0
3452| -9,299999 400 0
3453| -9,599998 400 0
3454| -9,899999 400 0
3455| -10,2 400 0
3456| -10,5 400 0
3457| -10,8 400 0
3458| -11,1 400 0
3459| -11,4 400 0
3460| -11,7 400 0
3461| -12 400 0
3462| -12 400 0
3463| -12 400 0
3464| -12 400 0
3465| 0 400 0
3466| 0,3 400 0
3467| 0,6 400 0
3468| 0,9 400 0
3469| 1,2 400 0
3470| 1,5 400 0
3471| 1,8 400 0
3472| 2,1 400 0
3473| 2,4 400 0
3474| 2,7 400 0
3475| 3 400 0
3476| 3,299999 400 0
3477| 3,599999 400 0
3478| 3,899999 400 0
3479| 4,2 400 0
3480| 4,5 400 0
3481| 4,8 400 0
3482| 5,1 400 0
3483| 5,4 400 0
3484| 5,7 400 0
3485| 6 400 0
3486| 6,300001 400 0
3487| 6,600001 400 0
3488| 6,900001 400 0
3489| 7,200001 400 0
3490| 7,500001 400 0
3491| 7,800001 400 0
3492| 8,1 400 0
3493| 8,4 400 0
3494| 8,7 400 0
3495| 8,999999 400 0
3496| 9,299999 400 0
3497| 0 0 0
3498| 0 0 0
3499| 0 0 0
3500| -0,3 -4 0
3501| -0,6 -8 0
3502| -0,9 -12 0
3503| -1,2 -16 0
3504| -1,5 -20 0
3505| -1,8 -24 0
3506| -2,1 -28 0
3507| -2,4 -32 0
3508| -2,7 -36 0
3509| -3 -40 0
3510| -3,299999 -43,99999 0
3511| -3,599999 -47,99999 0
3512| -3,899999 -51,99999 0
3513| -4,2 -55,99999 0
3514| -4,5 -60 0
3515| -4,8 -64 0
3516| -5,1 -68 0
3517| -5,4 -68 0
3518| 0 0 0
3519| 0 0 0
3520| 0 4 0
3521| 0 8 0
3522| 0 12 0
3523| 0 16 0
3524| 0 20 0
3525| 0 24 0
3526| 0 28 0
3527| 0 32 0
3528| 0 36 0
3529| 0 40 0
3530| 0 43,99999 0
3531| 0 47,99999 0
3532| 0 51,99999 0
3533| 0 55,99999 0
3534| 0 60 0
3535| 0 64 0
3536| 0 68 0
3537| 0 72 0
3538| 0 76,00001 0
3539| 0 80,00001 0
3540| 0 84,00001 0
3541| 0 88,00002 0
3542| 0 92,00002 0
3543| 0 96,00002 0
3544| 0 100 0
3545| 0 104 0
3546| 0 108 0
3547| 0 112 0
3548| 0 116 0
3549| 0 120 0
3550| 0,3 124 0
3551| 0,6 128 0
3552| 0,9 132 0
3553| 1,2 136 0
3554| 1,5 140 0
3555| 1,8 144 0
3556| 2,1 148 0
3557| 2,4 152 0
3558| 0 156 0
3559| 0 160 0
3560| -0,3 164 0
3561| -0,6 168 0
3562| -0,9 171,9999 0
3563| -1,2 175,9999 0
3564| -1,5 179,9999 0
3565| -1,8 183,9999 0
3566| -1,8 187,9999 0
3567| -1,8 191,9999 0
3568| -1,8 195,9999 0
3569| -1,8 199,9999 0
3570| -1,8 203,9999 0
3571| -1,8 207,9999 0
3572| -1,8 211,9999 0
3573| -1,8 215,9999 0
3574| -1,8 219,9999 0
3575| -1,8 223,9999 0
3576| -2,1 227,9999 0
3577| -2,4 231,9999 0
3578| -2,7 235,9999 0
3579| -2,7 239,9999 0
3580| -2,7 243,9999 0
3581| -2,7 247,9999 0
3582| -2,7 251,9999 0
3583| -2,7 255,9999 0
3584| -2,7 259,9999 0
3585| -2,7 263,9999 0
3586| -2,7 267,9999 0
3587| -2,7 271,9998 0
3588| -2,7 275,9998 0
3589| -2,7 279,9998 0
3590| -2,7 283,9998 0
3591| -2,7 287,9998 0
3592| -2,7 291,9998 0
3593| -2,7 295,9998 0
3594| -2,7 299,9998 0
3595| -2,7 303,9998 0
3596| -3 307,9998 0
3597| -3,299999 311,9998 0
3598| -3,599999 315,9998 0
3599| -3,899999 319,9998 0
3600| -4,2 323,9998 0
3601| -4,2 327,9998 0
3602| -4,2 331,9998 0
3603| -4,2 335,9998 0
3604| -4,2 339,9998 0
3605| -4,2 343,9998 0
3606| -4,2 347,9998 0
3607| -4,5 351,9998 0
3608| -4,8 355,9998 0
3609| -5,1 359,9998 0
3610| -5,1 363,9998 0
3611| -5,1 367,9998 0
3612| -5,1 371,9998 0
3613| -5,1 375,9998 0
3614| -5,1 379,9998 0
3615| -5,1 383,9998 0
3616| -5,1 387,9998 0
3617| -5,1 391,9998 0
3618| -5,1 395,9998 0
3619| 0 399,9997 0
3620| 0,3 400 0
3621| 0,6 400 0
3622| 0,9 400 0
3623| 1,2 400 0
3624| 1,5 400 0
3625| 1,8 400 0
3626| 2,1 400 0
3627| 2,1 400 0
3628| 2,1 400 0
3629| 2,1 400 0
3630| 2,1 400 0
3631| 2,1 400 0
3632| 2,1 400 0
3633| 2,1 400 0
3634| 2,1 400 0
3635| 2,1 400 0
3636| 2,1 400 0
3637| 2,1 400 0
3638| 2,1 400 0
3639| 2,1 400 0
3640| 2,1 400 0
3641| 2,1 400 0
3642| 2,1 400 0
3643| 2,1 400 0
3644| 2,1 400 0
3645| 0 400 0
3646| -0,3 400 0
3647| -0,6 400 0
3648| -0,9 400 0
3649| -1,2 400 0
3650| -1,5 400 0
3651| -1,5 400 0
3652| -1,5 400 0
3653| -1,5 400 0
3654| -1,5 400 0
3655| -1,5 400 0
3656| -1,5 400 0
3657| -1,5 400 0
3658| -1,5 400 0
3659| -1,5 400 0
3660| -1,8 400 0
3661| -2,1 400 0
3662| -2,4 400 0
3663| -2,7 400 0
3664| -3 400 0
3665| -3,299999 400 0
3666| -3,599999 400 0
3667| -3,599999 400 0
3668| -3,599999 400 0
3669| -3,599999 400 0
3670| -3,599999 400 0
3671| -3,599999 400 0
3672| -3,599999 400 0
3673| -3,599999 400 0
3674| -3,599999 400 0
3675| -3,599999 400 0
3676| -3,599999 400 0
3677| -3,599999 400 0
3678| -3,599999 400 0
3679| -3,599999 400 0
3680| -3,599999 400 0
3681| -3,599999 400 0
3682| -3,599999 400 0
3683| -3,599999 400 0
3684| -3,599999 400 0
3685| -3,599999 400 0
3686| -3,599999 400 0
3687| -3,599999 400 0
3688| -3,599999 400 0
3689| -3,599999 400 0
3690| -3,599999 400 0
3691| -3,599999 400 0
3692| -3,599999 400 0
3693| -3,599999 400 0
3694| -3,599999 400 0
3695| -3,599999 400 0
3696| -3,599999 400 0
3697| -3,599999 400 0
3698| -3,599999 400 0
3699| -3,599999 400 0
3700| -3,599999 400 0
3701| -3,599999 400 0
3702| -3,599999 400 0
3703| -3,599999 400 0
3704| 0 400 0
3705| 0,3 400 0
3706| 0,3 400 0
3707| 0,3 400 0
3708| 0,3 400 0
3709| 0,3 400 0
3710| 0,3 400 0
3711| 0,3 400 0
3712| 0,3 400 0
3713| 0,3 400 0
3714| 0,6 400 0
3715| 0,9 400 0
3716| 1,2 400 0
3717| 1,2 400 0
3718| 1,2 400 0
3719| 1,2 400 0
3720| 1,2 400 0
3721| 1,2 400 0
3722| 1,2 400 0
3723| 1,2 400 0
3724| 1,2 400 0
3725| 1,2 400 0
3726| 1,2 400 0
3727| 1,2 400 0
3728| 1,2 400 0
3729| 1,2 400 0
3730| 1,2 400 0
3731| 1,2 400 0
3732| 1,2 400 0
3733| 1,2 400 0
3734| 1,2 400 0
3735| 1,2 400 0
3736| 1,2 400 0
3737| 1,2 400 0
3738| 1,2 400 0
3739| 1,2 400 0
3740| 1,2 400 0
3741| 1,2 400 0
3742| 1,2 400 0
3743| 1,2 400 0
3744| 1,2 400 0
3745| 1,2 400 0
3746| 1,2 400 0
3747| 1,2 400 0
3748| 1,2 400 0
3749| 1,2 400 0
3750| 0 400 0
3751| -0,3 400 0
3752| -0,6 400 0
3753| -0,9 400 0
3754| -0,9 400 0
3755| -0,9 400 0
3756| -0,9 400 0
3757| -0,9 400 0
3758| -0,9 400 0
3759| -0,9 400 0
3760| -0,9 400 0
3761| -0,9 400 0
3762| -0,9 400 0
3763| -0,9 400 0
3764| -0,9 400 0
3765| -0,9 400 0
3766| -0,9 400 0
3767| -0,9 400 0
3768| -1,2 400 0
3769| -1,5 400 0
3770| -1,8 400 0
3771| -2,1 400 0
3772| -2,1 400 0
3773| -2,1 400 0
3774| -2,1 400 0
3775| -2,1 400 0
3776| -2,1 400 0
3777| -2,1 400 0
3778| -2,1 400 0
3779| -2,1 400 0
3780| -2,1 400 0
3781| -2,1 400 0
3782| -2,1 400 0
3783| -2,1 400 0
3784| -2,1 400 0
3785| -2,1 400 0
3786| -2,1 400 0
3787| -2,1 400 0
3788| -2,1 400 0
3789| -2,1 400 0
3790| -2,1 400 0
3791| -2,1 400 0
3792| -2,1 400 0
3793| -2,1 400 0
3794| -2,1 400 0
3795| -2,1 400 0
3796| -2,1 400 0
3797| 0 400 0
3798| 0,3 400 0
3799| 0,6 400 0
3800| 0,6 400 0
3801| 0,6 400 0
3802| 0,6 400 0
3803| 0,6 400 0
3804| 0,6 400 0
3805| 0,6 400 0
3806| 0,6 400 0
3807| 0,6 400 0
3808| 0,6 400 0
3809| 0,6 400 0
3810| 0,6 400 0
3811| 0,6 400 0
3812| 0,9 400 0
3813| 1,2 400 0
3814| 1,5 400 0
3815| 1,5 400 0
3816| 1,5 400 0
3817| 1,5 400 0
3818| 1,5 400 0
3819| 1,5 400 0
3820| 1,5 400 0
3821| 1,5 400 0
3822| 1,5 400 0
3823| 1,5 400 0
3824| 1,5 400 0
3825| 1,5 400 0
3826| 1,5 400 0
3827| 1,5 400 0
3828| 1,5 400 0
3829| 1,5 400 0
3830| 0 400 0
3831| -0,3 400 0
3832| -0,6 400 0
3833| -0,9 400 0
3834| -1,2 400 0
3835| -1,2 400 0
3836| -1,2 400 0
3837| -1,2 400 0
3838| -1,2 400 0
3839| -1,2 400 0
3840| -1,2 400 0
3841| -1,2 400 0
3842| -1,2 400 0
3843| -1,2 400 0
3844| -1,2 400 0
3845| -1,2 400 0
3846| -1,2 400 0
3847| -1,2 400 0
3848| -1,2 400 0
3849| -1,2 400 0
3850| -1,2 400 0
3851| -1,2 400 0
3852| -1,2 400 0
3853| -1,2 400 0
3854| -1,2 400 0
3855| -1,2 400 0
3856| -1,2 400 0
3857| -1,2 400 0
3858| -1,2 400 0
3859| -1,2 400 0
3860| -1,2 400 0
3861| -1,2 400 0
3862| -1,2 400 0
3863| -1,2 400 0
3864| -1,2 400 0
3865| -1,2 400 0
3866| -1,2 400 0
3867| -1,2 400 0
3868| -1,2 400 0
3869| -1,2 400 0
3870| -1,2 400 0
3871| -1,2 400 0
3872| -1,2 400 0
3873| -1,2 400 0
3874| -1,2 400 0
3875| -1,2 400 0
3876| -1,2 400 0
3877| -1,2 400 0
3878| -1,2 400 0
3879| 0 0 0
3880| 0 0 0
3881| 0 0 0
3882| 0 0 0
3883| 0 0 0
3884| 0 0 0
3885| 0 0 0
3886| 0 0 0
3887| 0 0 0
3888| 0,3 0 0
3889| 0,6 0 0
3890| 0,9 0 0
3891| 1,2 0 0
3892| 0 0 0
3893| 0 0 0
3894| 0 0 0
3895| 0 0 0
3896| 0 0 0
3897| 0 0 0
3898| 0 0 0
3899| 0 0 0
3900| 0 0 0
3901| 0,3 0 0
3902| 0 0 0
3903| 0 0 0
3904| 0 0 0
3905| 0 0 0
3906| 0 0 0
3907| 0 0 0
3908| 0 0 0
3909| 0 4 0
3910| 0 8 0
3911| 0 12 0
3912| 0 16 0
3913| 0,3 20 0
3914| 0,6 24 0
3915| 0,9 28 0
3916| 1,2 28 0
3917| 1,5 28 0
3918| 1,8 28 0
3919| 0 0 0
3920| 0 0 0
3921| 0 0 0
3922| 0 0 0
3923| 0 0 0
3924| 0 0 0
3925| 0 0 0
3926| 0 0 0
3927| 0 0 0
3928| 0 0 0
3929| 0 0 0
3930| 0,3 0 0
3931| 0,6 0 0
3932| 0,9 0 0
3933| 1,2 0 0
3934| 1,5 0 0
3935| 1,8 0 0
3936| 2,1 0 0
3937| 2,4 0 0
3938| 0 0 0
3939| 0 0 0
3940| 0 0 0
3941| 0 0 0
3942| 0 0 0
3943| 0 0 0
3944| 0 0 0
3945| 0,3 0 0
3946| 0,6 0 0
3947| 0,9 0 0
3948| 1,2 0 0
3949| 1,5 0 0
3950| 1,8 0 0
3951| 2,1 0 0
3952| 2,4 0 0
3953| 2,7 0 0
3954| 3 0 0
3955| 0 0 0
3956| 0 0 0
3957| 0 0 0
3958| 0 0 0
3959| 0 0 0
3960| 0,3 0 0
3961| 0,6 0 0
3962| 0,9 0 0
3963| 1,2 0 0
3964| 1,5 0 0
3965| 1,8 0 0
3966| 2,1 0 0
3967| 2,4 0 0
3968| 2,7 0 0
3969| 3 0 0
3970| 3,299999 0 0
3971| 3,599999 0 0
3972| 3,899999 0 0
3973| 4,2 0 0
3974| 4,5 0 0
3975| 4,8 0 0
3976| 5,1 0 0
3977| 5,4 0 0
3978| 5,7 0 0
3979| 6 0 0
3980| 6,300001 0 0
3981| 6,600001 0 0
3982| 6,900001 0 0
3983| 7,200001 4 0
3984| 7,500001 8 0
3985| 7,800001 12 0
3986| 8,1 16 0
3987| 8,4 20 0
3988| 8,7 24 0
3989| 8,7 28 0
3990| 8,7 32 0
3991| 8,7 36 0
3992| 8,999999 40 0
3993| 9,299999 43,99999 0
3994| 9,299999 47,99999 0
3995| 9,299999 51,99999 0
3996| 9,299999 55,99999 0
3997| 9,299999 60 0
3998| 9,299999 64 0
3999| 9,299999 68 0
4000| 9,299999 72 0
4001| 9,299999 76,00001 0
4002| 9,299999 80,00001 0
4003| 9,299999 84,00001 0
4004| 9,299999 88,00002 0
4005| 9,299999 92,00002 0
4006| 9,299999 96,00002 0
4007| 9,299999 100 0
4008| 9,299999 104 0
4009| 9,299999 108 0
4010| 9,299999 112 0
4011| 9,299999 116 0
4012| 9,299999 120 0
4013| 0 124 0
4014| -0,3 128 0
4015| -0,6 132 0
4016| -0,6 136 0
4017| -0,6 140 0
4018| -0,6 144 0
4019| -0,6 148 0
4020| -0,6 152 0
4021| -0,6 156 0
4022| -0,6 160 0
4023| 0 0 0
4024| 0 0 0
4025| 0 0 0
4026| 0 0 0
4027| 0 0 0
4028| 0 0 0
4029| 0 0 0
4030| 0 0 0
4031| 0 0 0
4032| 0 0 0
4033| 0 0 0
4034| 0 -4 0
4035| 0 0 0
4036| 0 0 0
4037| 0 0 0
4038| 0 0 0
4039| 0 0 0
4040| 0 0 0
4041| 0 0 0
4042| 0 0 0
4043| 0 0 0
4044| 0 0 0
4045| 0 0 0
4046| 0 0 0
4047| 0 0 0
4048| 0 0 0
4049| 0 0 0
4050| 0 0 0
4051| 0 0 0
4052| 0 0 0
4053| 0 0 0
4054| 0 0 0
4055| 0 0 0
4056| 0 0 0
4057| 0 0 0
4058| 0 4 0
4059| 0,3 8 0
4060| 0,6 12 0
4061| 0,9 16 0
4062| 1,2 20 0
4063| 1,5 24 0
4064| 1,8 28 0
4065| 1,8 32 0
4066| 1,8 36 0
4067| 1,8 40 0
4068| 0 0 0
4069| 0 0 0
4070| 0 0 0
4071| 0 0 0
4072| 0 0 0
4073| 0 -4 0
4074| 0 -8 0
4075| 0 -12 0
4076| 0 -16 0
4077| 0 0 0
4078| 0 0 0
4079| 0 0 0
4080| 0 0 0
4081| 0 0 0
4082| 0 0 0
4083| 0 0 0
4084| 0 0 0
4085| 0 0 0
4086| 0 0 0
4087| 0 0 0
4088| 0 0 0
4089| 0 0 0
4090| 0 0 0
4091| 0 0 0
4092| 0 0 0
4093| -0,3 0 0
4094| -0,6 0 0
4095| -0,9 0 0
4096| -1,2 0 0
4097| -1,5 0 0
4098| -1,8 0 0
4099| -2,1 0 0
4100| 0 0 0
4101| 0 0 0
4102| 0 0 0
4103| 0 0 0
4104| 0 4 0
4105| 0 8 0
4106| -0,3 12 0
4107| -0,6 16 0
4108| -0,9 20 0
4109| -0,9 24 0
4110| -0,9 28 0
4111| -0,9 32 0
4112| -0,9 36 0
4113| -0,9 40 0
4114| -0,9 43,99999 0
4115| -0,9 47,99999 0
4116| -0,9 51,99999 0
4117| -0,9 55,99999 0
4118| -0,9 60 0
4119| -0,9 64 0
4120| -0,9 68 0
4121| -0,9 72 0
4122| -0,9 76,00001 0
4123| 0 0 0
4124| 0 0 0
4125| 0 0 0
4126| 0 0 0
4127| 0 0 0
4128| 0 0 0
4129| 0 0 0
4130| 0 0 0
4131| -0,3 0 0
4132| -0,6 0 0
4133| -0,9 0 0
4134| -1,2 0 0
4135| -1,5 0 0
4136| -1,8 0 0
4137| -2,1 0 0
4138| -2,4 0 0
4139| -2,7 0 0
4140| -3 0 0
4141| -3,299999 0 0
4142| -3,599999 0 0
4143| -3,899999 4 0
4144| -4,2 8 0
4145| -4,5 12 0
4146| -4,8 16 0
4147| -5,1 20 0
4148| -5,4 24 0
4149| -5,7 28 0
4150| -6 32 0
4151| -6,300001 36 0
4152| -6,600001 40 0
4153| -6,900001 43,99999 0
4154| -7,200001 47,99999 0
4155| -7,500001 51,99999 0
4156| -7,800001 55,99999 0
4157| -8,1 60 0
4158| -8,4 64 0
4159| -8,7 68 0
4160| -8,999999 72 0
4161| -9,299999 76,00001 0
4162| -9,599998 80,00001 0
4163| -9,899999 84,00001 0
4164| -10,2 88,00002 0
4165| -10,5 92,00002 0
4166| -10,8 96,00002 0
4167| -11,1 100 0
4168| -11,4 104 0
4169| -11,7 108 0
4170| -12 112 0
4171| -12,3 116 0
4172| -12,6 120 0
4173| -12,6 124 0
4174| -12,6 128 0
4175| -12,6 132 0
4176| -12,6 136 0
4177| -12,6 140 0
4178| -12,6 144 0
4179| -12,6 148 0
4180| -12,6 152 0
4181| -12,6 156 0
4182| -12,6 160 0
4183| -12,6 164 0
4184| -12,6 168 0
4185| -12,6 171,9999 0
4186| -12,6 175,9999 0
4187| 0 179,9999 0
4188| 0,3 183,9999 0
4189| 0,6 187,9999 0
4190| 0,9 191,9999 0
4191| 1,2 195,9999 0
4192| 1,5 199,9999 0
4193| 1,8 203,9999 0
4194| 2,1 207,9999 0
4195| 2,4 211,9999 0
4196| 2,7 215,9999 0
4197| 3 219,9999 0
4198| 3,299999 223,9999 0
4199| 3,599999 227,9999 0
4200| 3,899999 231,9999 0
4201| 4,2 235,9999 0
4202| 4,2 239,9999 0
4203| 4,2 243,9999 0
4204| 4,2 247,9999 0
4205| 4,2 251,9999 0
4206| 4,2 255,9999 0
4207| 4,2 259,9999 0
4208| 4,2 263,9999 0
4209| 4,2 267,9999 0
4210| 4,2 271,9998 0
4211| 4,2 275,9998 0
4212| 4,2 279,9998 0
4213| 0 283,9998 0
4214| -0,3 287,9998 0
4215| -0,6 291,9998 0
4216| -0,9 295,9998 0
4217| -1,2 299,9998 0
4218| -1,5 303,9998 0
4219| -1,8 307,9998 0
4220| -2,1 311,9998 0
4221| -2,4 315,9998 0
4222| -2,4 319,9998 0
4223| -2,4 323,9998 0
4224| -2,4 327,9998 0
4225| -2,4 331,9998 0
4226| -2,4 335,9998 0
4227| -2,4 339,9998 0
4228| -2,4 343,9998 0
4229| -2,4 347,9998 0
4230| -2,4 351,9998 0
4231| -2,4 355,9998 0
4232| -2,4 359,9998 0
4233| -2,7 363,9998 0
4234| -3 367,9998 0
4235| -3,299999 371,9998 0
4236| -3,599999 375,9998 0
4237| -3,899999 379,9998 0
4238| -3,899999 383,9998 0
4239| -3,899999 387,9998 0
4240| -3,899999 391,9998 0
4241| -3,899999 395,9998 0
4242| -3,899999 399,9997 0
4243| -3,899999 400 0
4244| -3,899999 400 0
4245| -3,899999 400 0
4246| -3,899999 400 0
4247| -3,899999 400 0
4248| -3,899999 400 0
4249| -3,899999 400 0
4250| -3,899999 400 0
4251| -3,899999 400 0
4252| -3,899999 400 0
4253| -3,899999 400 0
4254| -3,899999 400 0
4255| -3,899999 400 0
4256| -3,899999 400 0
4257| -3,899999 400 0
4258| -3,899999 400 0
4259| -3,899999 400 0
4260| -3,899999 400 0
4261| -3,899999 400 0
4262| -3,899999 400 0
4263| -3,899999 400 0
4264| -3,899999 400 0
4265| -3,899999 400 0
4266| -3,899999 400 0
4267| -3,899999 400 0
4268| -3,899999 400 0
4269| -3,899999 400 0
4270| -3,899999 400 0
4271| -3,899999 400 0
4272| -3,899999 400 0
4273| -3,899999 400 0
4274| -3,899999 400 0
4275| -3,899999 400 0
4276| -3,899999 400 0
4277| -3,899999 400 0
4278| -3,899999 400 0
4279| -3,899999 400 0
4280| -3,899999 400 0
4281| -3,899999 400 0
4282| 0 400 0
4283| 0,3 400 0
4284| 0,6 400 0
4285| 0,9 400 0
4286| 1,2 400 0
4287| 1,5 400 0
4288| 1,8 400 0
4289| 2,1 400 0
4290| 2,4 400 0
4291| 2,7 400 0
4292| 2,7 400 0
4293| 2,7 400 0
4294| 2,7 400 0
4295| 2,7 400 0
4296| 2,7 400 0
4297| 2,7 400 0
4298| 2,7 400 0
4299| 2,7 400 0
4300| 2,7 400 0
4301| 2,7 400 0
4302| 2,7 400 0
4303| 2,7 400 0
4304| 2,7 400 0
4305| 3 400 0
4306| 3,299999 400 0
4307| 0 0 0
4308| 0 0 0
4309| 0 0 0
4310| 0 0 0
4311| 0 0 0
4312| 0 0 0
4313| 0 0 0
4314| 0 0 0
4315| 0 0 0
4316| 0 0 0
4317| 0 0 0
4318| 0 0 0
4319| 0 0 0
4320| 0 0 0
4321| 0,3 0 0
4322| 0,6 0 0
4323| 0 0 0
4324| 0 0 0
4325| 0 0 0
4326| 0 0 0
4327| 0 0 0
4328| 0 0 0
4329| 0,3 0 0
4330| 0,6 0 0
4331| 0,9 0 0
4332| 1,2 0 0
4333| 1,5 0 0
4334| 1,8 0 0
4335| 0 0 0
4336| 0,3 0 0
4337| 0,6 0 0
4338| 0,9 0 0
4339| 1,2 0 0
4340| 1,5 0 0
4341| 1,8 0 0
4342| 2,1 0 0
4343| 2,4 0 0
4344| 2,7 0 0
4345| 3 0 0
4346| 3,299999 0 0
4347| 3,599999 0 0
4348| 3,899999 0 0
4349| 4,2 0 0
4350| 4,5 0 0
4351| 4,8 0 0
4352| 5,1 0 0
4353| 5,4 0 0
4354| 5,7 0 0
4355| 6 0 0
4356| 6,300001 0 0
4357| 6,600001 0 0
4358| 6,900001 0 0
4359| 7,200001 0 0
4360| 7,500001 0 0
4361| 7,800001 0 0
4362| 8,1 0 0
4363| 8,4 0 0
4364| 8,7 0 0
4365| 8,999999 4 0
4366| 9,299999 8 0
4367| 9,599998 12 0
4368| 9,899999 16 0
4369| 10,2 16 0
4370| 10,5 16 0
4371| 10,8 16 0
4372| 11,1 16 0
4373| 11,4 16 0
4374| 11,7 16 0
4375| 12 20 0
4376| 12 24 0
4377| 0 28 0
4378| -0,3 32 0
4379| -0,6 36 0
4380| -0,9 36 0
4381| -1,2 36 0
4382| -1,5 36 0
4383| -1,8 40 0
4384| -2,1 43,99999 0
4385| -2,4 47,99999 0
4386| -2,7 51,99999 0
4387| -3 55,99999 0
4388| -3,299999 60 0
4389| -3,599999 64 0
4390| -3,599999 68 0
4391| -3,599999 72 0
4392| -3,599999 76,00001 0
4393| -3,599999 80,00001 0
4394| -3,599999 84,00001 0
4395| -3,599999 88,00002 0
4396| -3,599999 92,00002 0
4397| -3,599999 96,00002 0
4398| -3,599999 100 0
4399| -3,599999 104 0
4400| -3,599999 108 0
4401| -3,599999 112 0
4402| -3,899999 116 0
4403| -4,2 120 0
4404| -4,5 124 0
4405| -4,8 128 0
4406| -5,1 132 0
4407| -5,4 136 0
4408| -5,7 140 0
4409| -5,7 144 0
4410| -5,7 148 0
4411| -5,7 152 0
4412| -5,7 156 0
4413| -5,7 160 0
4414| -5,7 164 0
4415| -5,7 168 0
4416| -5,7 171,9999 0
4417| -5,7 175,9999 0
4418| -5,7 179,9999 0
4419| -5,7 183,9999 0
4420| -5,7 187,9999 0
4421| -5,7 191,9999 0
4422| 0 0 0
4423| 0 0 0
4424| 0 0 0
4425| 0 0 0
4426| 0 0 0
4427| 0 0 0
4428| 0 0 0
4429| 0 0 0
4430| 0 0 0
4431| 0 0 0
4432| 0 0 0
4433| 0 0 0
4434| 0 0 0
4435| 0 0 0
4436| 0 0 0
4437| 0 0 0
4438| 0 0 0
4439| 0 0 0
4440| 0 0 0
4441| 0 0 0
4442| 0 0 0
4443| 0 0 0
4444| 0 0 0
4445| 0 0 0
4446| 0 0 0
4447| 0 0 0
4448| 0 0 0
4449| 0 0 0
4450| 0 0 0
4451| 0 0 0
4452| -0,3 0 0
4453| -0,6 0 0
4454| -0,9 0 0
4455| -1,2 0 0
4456| -1,5 0 0
4457| -1,8 0 0
4458| -2,1 0 0
4459| -2,4 0 0
4460| -2,7 0 0
4461| -3 0 0
4462| -3,299999 0 0
4463| -3,599999 0 0
4464| -3,899999 0 0
4465| -4,2 0 0
4466| -4,5 0 0
4467| -4,8 0 0
4468| -5,1 0 0
4469| -5,4 0 0
4470| -5,7 0 0
4471| -6 0 0
4472| -6 0 0
4473| -6 -4 0
4474| -6 -8 0
4475| -6 -12 0
4476| -6 -16 0
4477| -6,300001 -20 0
4478| -6,600001 -24 0
4479| -6,900001 -28 0
4480| -7,200001 -32 0
4481| -7,500001 -36 0
4482| -7,800001 -40 0
4483| -8,1 -43,99999 0
4484| -8,1 -47,99999 0
4485| -8,1 -51,99999 0
4486| -8,1 -55,99999 0
4487| -8,1 -60 0
4488| -8,1 -64 0
4489| -8,1 -68 0
4490| -8,1 -72 0
4491| -8,1 -76,00001 0
4492| -8,1 -80,00001 0
4493| -8,1 -84,00001 0
4494| -8,1 -88,00002 0
4495| -8,1 -92,00002 0
4496| -8,1 -96,00002 0
4497| -8,1 -100 0
4498| -8,1 -104 0
4499| -8,1 -108 0
4500| -8,1 -112 0
4501| -8,1 -116 0
4502| -8,1 -120 0
4503| 0 -124 0
4504| 0,3 -128 0
4505| 0,6 -132 0
4506| 0,9 -136 0
4507| 1,2 -140 0
4508| 1,5 -144 0
4509| 1,8 -148 0
4510| 2,1 -152 0
4511| 2,4 -156 0
4512| 2,7 -160 0
4513| 3 -164 0
4514| 3,299999 -168 0
4515| 3,599999 -171,9999 0
4516| 3,899999 -175,9999 0
4517| 4,2 -175,9999 0
4518| 4,5 -175,9999 0
4519| 4,8 -175,9999 0
4520| 5,1 -175,9999 0
4521| 5,4 -175,9999 0
4522| 5,7 -175,9999 0
4523| 6 0 0
4524| 6,300001 4 0
4525| 6,600001 8 0
4526| 6,900001 12 0
4527| 7,200001 16 0
4528| 7,500001 20 0
4529| 7,800001 24 0
4530| 8,1 28 0
4531| 8,4 32 0
4532| 8,7 36 0
4533| 8,999999 40 0
4534| 9,299999 43,99999 0
4535| 9,599998 47,99999 0
4536| 9,899999 51,99999 0
4537| 10,2 55,99999 0
4538| 10,5 60 0
4539| 10,8 64 0
4540| 10,8 68 0
4541| 10,8 72 0
4542| 10,8 76,00001 0
4543| 10,8 80,00001 0
4544| 10,8 84,00001 0
4545| 10,8 88,00002 0
4546| 10,8 92,00002 0
4547| 10,8 96,00002 0
4548| 10,8 100 0
4549| 10,8 104 0
4550| 10,8 108 0
4551| 0 112 0
4552| -0,3 116 0
4553| -0,3 120 0
4554| -0,3 124 0
4555| -0,3 128 0
4556| -0,3 132 0
4557| -0,3 136 0
4558| -0,3 140 0
4559| -0,3 144 0
4560| -0,3 148 0
4561| -0,3 152 0
4562| -0,3 156 0
4563| -0,3 160 0
4564| -0,3 164 0
4565| -0,3 168 0
4566| -0,3 171,9999 0
4567| -0,3 175,9999 0
4568| -0,3 179,9999 0
4569| -0,3 183,9999 0
4570| -0,3 187,9999 0
4571| -0,3 191,9999 0
4572| -0,3 195,9999 0
4573| -0,3 199,9999 0
4574| -0,3 203,9999 0
4575| -0,3 207,9999 0
4576| -0,3 211,9999 0
4577| -0,3 215,9999 0
4578| -0,3 219,9999 0
4579| -0,3 223,9999 0
4580| -0,3 227,9999 0
4581| -0,3 231,9999 0
4582| -0,3 235,9999 0
4583| -0,3 239,9999 0
4584| -0,3 243,9999 0
4585| -0,3 247,9999 0
4586| -0,3 251,9999 0
4587| -0,3 255,9999 0
4588| -0,3 259,9999 0
4589| -0,3 263,9999 0
4590| -0,3 267,9999 0
4591| -0,3 271,9998 0
4592| -0,3 275,9998 0
4593| -0,3 279,9998 0
4594| -0,3 283,9998 0
4595| -0,3 287,9998 0
4596| -0,3 291,9998 0
4597| -0,3 295,9998 0
4598| -0,3 299,9998 0
4599| -0,3 303,9998 0
4600| -0,3 307,9998 0
4601| -0,3 311,9998 0
4602| -0,3 315,9998 0
4603| -0,3 319,9998 0
4604| -0,3 323,9998 0
4605| -0,3 327,9998 0
4606| -0,3 331,9998 0
4607| -0,3 335,9998 0
4608| -0,3 339,9998 0
4609| 0 343,9998 0
4610| 0,3 347,9998 0
4611| 0,6 351,9998 0
4612| 0,9 355,9998 0
4613| 1,2 359,9998 0
4614| 1,5 363,9998 0
4615| 1,8 367,9998 0
4616| 2,1 371,9998 0
4617| 2,4 375,9998 0
4618| 2,7 379,9998 0
4619| 3 383,9998 0
4620| 3,299999 387,9998 0
4621| 3,599999 391,9998 0
4622| 3,899999 395,9998 0
4623| 4,2 399,9997 0
4624| 4,5 400 0
4625| 4,8 400 0
4626| 5,1 400 0
4627| 5,4 400 0
4628| 5,7 400 0
4629| 6 400 0
4630| 6,300001 400 0
4631| 6,600001 400 0
4632| 6,900001 400 0
4633| 7,200001 400 0
4634| 7,500001 400 0
4635| 7,800001 400 0
4636| 8,1 400 0
4637| 8,4 400 0
4638| 8,7 400 0
4639| 8,999999 400 0
4640| 9,299999 400 0
4641| 9,599998 400 0
4642| 9,899999 400 0
4643| 10,2 400 0
4644| 10,5 400 0
4645| 10,8 400 0
4646| 11,1 400 0
4647| 11,4 400 0
4648| 11,7 400 0
4649| 12 400 0
4650| 12,3 400 0
4651| 12,6 400 0
4652| 12,9 400 0
4653| 13,2 400 0
4654| 13,5 400 0
4655| 13,79999 400 0
4656| 14,09999 400 0
4657| 14,39999 400 0
4658| 14,69999 400 0
4659| 14,99999 400 0
4660| 15,29999 400 0
4661| 15,59999 400 0
4662| 15,89999 400 0
4663| 16,19999 400 0
4664| 16,49999 400 0
4665| 16,79999 400 0
4666| 17,09999 400 0
4667| 17,39999 400 0
4668| 17,69999 400 0
4669| 17,99999 400 0
4670| 18,29999 400 0
4671| 18,59999 400 0
4672| 18,89999 400 0
4673| 19,19999 400 0
4674| 19,49999 400 0
4675| 19,79999 400 0
4676| 20,09999 400 0
4677| 20,39999 400 0
4678| 20,69999 400 0
4679| 20,99999 400 0
4680| 21,29999 400 0
4681| 21,59999 400 0
4682| 21,89999 400 0
4683| 22,19999 400 0
4684| 22,49999 400 0
4685| 22,79999 400 0
4686| 23,09999 400 0
4687| 23,39999 400 0
4688| 23,69999 400 0
4689| 23,99999 400 0
4690| 24,29999 400 0
4691| 24,59999 400 0
4692| 24,89998 400 0
4693| 25,19999 400 0
4694| 25,49998 400 0
4695| 25,79998 400 0
4696| 26,09998 400 0
4697| 26,39998 400 0
4698| 26,69998 400 0
4699| 26,99998 400 0
4700| 27,29998 400 0
4701| 27,59998 400 0
4702| 27,89998 400 0
4703| 28,19998 400 0
4704| 28,49998 400 0
4705| 28,79998 400 0
4706| 29,09998 400 0
4707| 29,39998 400 0
4708| 29,69998 400 0
4709| 29,99998 400 0
4710| 30 400 0
4711| 30 400 0
4712| 0 0 0
4713| 0 0 0
4714| 0 0 0
4715| 0 0 0
4716| 0 0 0
4717| 0 0 0
4718| 0 0 0
4719| 0 0 0
4720| 0 0 0
4721| 0 0 0
4722| 0 0 0
4723| 0 0 0
4724| 0 0 0
4725| 0 0 0
4726| 0 0 0
4727| 0 0 0
4728| 0 0 0
4729| 0,3 0 0
4730| 0,6 0 0
4731| 0,9 0 0
4732| 1,2 0 0
4733| 1,5 0 0
4734| 1,8 0 0
4735| 2,1 0 0
4736| 2,4 0 0
4737| 2,7 0 0
4738| 3 0 0
4739| 3,299999 0 0
4740| 3,599999 0 0
4741| 3,899999 0 0
4742| 4,2 0 0
4743| 4,5 0 0
4744| 4,8 0 0
4745| 5,1 0 0
4746| 5,4 0 0
4747| 5,7 0 0
4748| 6 0 0
4749| 6,300001 0 0
4750| 6,600001 0 0
4751| 6,900001 0 0
4752| 7,200001 0 0
4753| 7,500001 0 0
4754| 7,800001 0 0
4755| 0 0 0
4756| 0 0 0
4757| 0 0 0
4758| -0,3 0 0
4759| -0,6 0 0
4760| -0,9 0 0
4761| -1,2 0 0
4762| -1,5 0 0
4763| -1,8 0 0
4764| -2,1 0 0
4765| -2,4 0 0
4766| -2,7 0 0
4767| -3 0 0
4768| -3,299999 0 0
4769| -3,599999 0 0
4770| -3,899999 0 0
4771| -4,2 0 0
4772| -4,5 0 0
4773| -4,8 0 0
4774| -5,1 0 0
4775| -5,4 0 0
4776| -5,7 0 0
4777| -5,7 0 0
4778| -5,7 4 0
4779| -5,7 8 0
4780| -5,7 12 0
4781| -5,7 16 0
4782| -5,7 20 0
4783| -5,7 24 0
4784| -5,7 28 0
4785| -5,7 32 0
4786| 0 0 0
4787| 0 0 0
4788| 0 0 0
4789| 0 0 0
4790| 0 0 0
4791| 0 0 0
4792| 0 0 0
4793| 0 0 0
4794| 0 0 0
4795| 0 0 0
4796| 0 0 0
4797| 0 0 0
4798| 0 0 0
4799| 0 0 0
4800| 0 0 0
4801| 0 0 0
4802| 0 0 0
4803| 0 0 0
4804| 0 0 0
4805| 0 0 0
4806| 0 0 0
4807| 0 0 0
4808| 0 0 0
4809| 0 0 0
4810| 0 0 0
4811| 0 0 0
4812| 0 0 0
4813| 0 0 0
4814| 0 0 0
4815| 0 0 0
4816| 0 0 0
4817| 0 0 0
4818| 0 0 0
4819| 0 0 0
4820| 0 0 0
4821| 0 0 0
4822| 0 0 0
4823| 0 0 0
4824| 0 0 0
4825| 0 0 0
4826| 0 0 0
4827| 0 0 0
4828| 0 0 0
4829| 0 0 0
4830| 0 0 0
4831| 0 0 0
4832| 0 0 0
4833| 0 -4 0
4834| 0 -8 0
4835| 0 -12 0
4836| 0 -16 0
4837| 0 -20 0
4838| 0 -24 0
4839| 0 -28 0
4840| 0,3 -32 0
4841| 0,6 -36 0
4842| 0,9 -40 0
4843| 1,2 -43,99999 0
4844| 1,5 -47,99999 0
4845| 1,8 -51,99999 0
4846| 2,1 -55,99999 0
4847| 2,4 -55,99999 0
4848| 2,7 -55,99999 0
4849| 3 -55,99999 0
4850| 3,299999 -55,99999 0
4851| 3,599999 -55,99999 0
4852| 3,899999 -55,99999 0
4853| 4,2 -55,99999 0
4854| 4,5 -55,99999 0
4855| 4,8 -55,99999 0
4856| 5,1 -55,99999 0
4857| 5,4 -55,99999 0
4858| 5,7 -55,99999 0
4859| 6 -55,99999 0
4860| 6,300001 -55,99999 0
4861| 6,600001 -55,99999 0
4862| 6,900001 -55,99999 0
4863| 7,200001 -55,99999 0
4864| 7,500001 -55,99999 0
4865| 7,800001 -55,99999 0
4866| 8,1 -55,99999 0
4867| 8,4 -55,99999 0
4868| 8,7 -55,99999 0
4869| 8,999999 -55,99999 0
4870| 9,299999 -55,99999 0
4871| 9,599998 -55,99999 0
4872| 9,899999 -55,99999 0
4873| 10,2 -55,99999 0
4874| 10,5 -55,99999 0
4875| 10,8 -55,99999 0
4876| 11,1 -55,99999 0
4877| 11,4 -55,99999 0
4878| 11,7 -55,99999 0
4879| 12 -55,99999 0
4880| 12,3 -55,99999 0
4881| 12,6 -55,99999 0
4882| 12,9 -55,99999 0
4883| 13,2 -55,99999 0
4884| 13,5 -55,99999 0
4885| 13,79999 -55,99999 0
4886| 14,09999 -55,99999 0
4887| 14,39999 -55,99999 0
4888| 14,69999 -55,99999 0
4889| 14,99999 -55,99999 0
4890| 15,29999 -55,99999 0
4891| 15,59999 -55,99999 0
4892| 15,89999 -55,99999 0
4893| 16,19999 -55,99999 0
4894| 16,49999 -55,99999 0
4895| 16,79999 -55,99999 0
4896| 17,09999 -55,99999 0
4897| 17,39999 -55,99999 0
4898| 17,69999 -55,99999 0
4899| 17,99999 -55,99999 0
4900| 18,29999 -55,99999 0
4901| 18,59999 -55,99999 0
4902| 18,89999 -55,99999 0
4903| 19,19999 -55,99999 0
4904| 19,49999 -55,99999 0
4905| 19,79999 -55,99999 0
4906| 20,09999 -55,99999 0
4907| 20,39999 -55,99999 0
4908| 20,69999 -55,99999 0
4909| 20,99999 -55,99999 0
4910| 21,29999 -55,99999 0
4911| 21,59999 -55,99999 0
4912| 21,89999 -55,99999 0
4913| 22,19999 -55,99999 0
4914| 22,49999 -55,99999 0
4915| 22,79999 -55,99999 0
4916| 23,09999 -55,99999 0
4917| 23,39999 -55,99999 0
4918| 23,69999 -55,99999 0
4919| 23,99999 -55,99999 0
4920| 24,29999 -55,99999 0
4921| 24,59999 -55,99999 0
4922| 24,89998 -55,99999 0
4923| 25,19999 -55,99999 0
4924| 25,49998 -55,99999 0
4925| 25,79998 -55,99999 0
4926| 26,09998 -55,99999 0
4927| 0 0 0
4928| 0 0 0
4929| 0 0 0
4930| 0 0 0
4931| 0 0 0
4932| 0 0 0
4933| 0 0 0
4934| 0 0 0
4935| 0 0 0
4936| 0 0 0
4937| 0 0 0
4938| 0 0 0
4939| 0 0 0
4940| 0 0 0
4941| 0 0 0
4942| 0 0 0
4943| 0 4 0
4944| 0 8 0
4945| 0 12 0
4946| 0 16 0
4947| 0 20 0
4948| 0 24 0
4949| 0 28 0
4950| 0 32 0
4951| 0 36 0
4952| 0 40 0
4953| 0 43,99999 0
4954| 0 47,99999 0
4955| 0 51,99999 0
4956| 0 55,99999 0
4957| 0 60 0
4958| 0 64 0
4959| 0 68 0
4960| 0 72 0
4961| 0 76,00001 0
4962| 0 80,00001 0
4963| 0 84,00001 0
4964| 0 88,00002 0
4965| 0 92,00002 0
4966| 0 96,00002 0
4967| 0 100 0
4968| 0 104 0
4969| 0 108 0
4970| 0 112 0
4971| 0 116 0
4972| 0 120 0
4973| 0 124 0
4974| 0 128 0
4975| 0 132 0
4976| 0 136 0
4977| 0 140 0
4978| 0 144 0
4979| 0 0 0
4980| 0 0 0
4981| 0 0 0
4982| 0 0 0
4983| 0 0 0
4984| 0 0 0
4985| 0 0 0
4986| 0 0 0
4987| 0 0 0
4988| 0 0 0
4989| 0 0 0
4990| 0 0 0
4991| 0 0 0
4992| 0 0 0
4993| 0 0 0
4994| 0 0 0
4995| 0 0 0
4996| 0 0 0
4997| 0 0 0
4998| 0 0 0
4999| 0 0 0
5000| 0 0 0
5001| 0 0 0
5002| 0,3 0 0
5003| 0,6 0 0
5004| 0,9 0 0
5005| 1,2 0 0
5006| 1,5 0 0
5007| 1,8 0 0
5008| 2,1 0 0
5009| 2,4 0 0
5010| 2,7 0 0
5011| 3 0 0
5012| 3,299999 0 0
5013| 3,599999 0 0
5014| 3,899999 0 0
5015| 4,2 0 0
5016| 4,5 0 0
5017| 4,8 0 0
5018| 5,1 0 0
5019| 5,4 0 0
5020| 5,7 0 0
5021| 6 0 0
5022| 6,300001 0 0
5023| 6,600001 0 0
5024| 6,900001 0 0
5025| 7,200001 0 0
5026| 7,500001 0 0
5027| 7,800001 0 0
5028| 8,1 0 0
5029| 8,4 0 0
5030| 8,7 0 0
5031| 8,999999 0 0
5032| 9,299999 0 0
5033| 9,599998 0 0
5034| 9,899999 0 0
5035| 10,2 0 0
5036| 10,5 0 0
5037| 10,8 0 0
5038| 11,1 0 0
5039| 11,4 0 0
5040| 11,7 0 0
5041| 12 0 0
5042| 12,3 0 0
5043| 12,6 0 0
5044| 12,9 0 0
5045| 13,2 0 0
5046| 13,5 0 0
5047| 13,79999 0 0
5048| 14,09999 0 0
5049| 14,39999 0 0
5050| 14,69999 0 0
5051| 14,99999 0 0
5052| 15,29999 0 0
5053| 15,59999 0 0
5054| 15,89999 0 0
5055| 16,19999 0 0
5056| 0 0 0
5057| 0 0 0
5058| 0 0 0
5059| 0 0 0
5060| 0 0 0
5061| 0 0 0
5062| 0 0 0
5063| 0 0 0
5064| 0 0 0
5065| -0,3 0 0
5066| -0,6 0 0
5067| -0,9 0 0
5068| -1,2 0 0
5069| -1,5 0 0
5070| -1,8 0 0
5071| -2,1 0 0
5072| -2,4 0 0
5073| -2,7 0 0
5074| -3 0 0
5075| -3,299999 0 0
5076| -3,599999 0 0
5077| -3,899999 0 0
5078| -4,2 0 0
5079| -4,5 0 0
5080| -4,8 0 0
5081| -5,1 0 0
5082| -5,4 0 0
5083| -5,7 0 0
5084| -6 0 0
5085| -6,300001 0 0
5086| -6,600001 4 0
5087| -6,900001 8 0
5088| -7,200001 12 0
5089| -7,500001 16 0
5090| -7,800001 20 0
5091| -8,1 24 0
5092| -8,1 28 0
5093| -8,1 32 0
5094| -8,1 36 0
5095| -8,1 40 0
5096| -8,1 43,99999 0
5097| -8,1 47,99999 0
5098| -8,1 51,99999 0
5099| -8,1 55,99999 0
5100| -8,1 60 0
5101| -8,1 64 0
5102| 0 0 0
5103| 0 0 0
5104| 0 0 0
5105| 0 0 0
5106| 0 0 0
5107| 0 0 0
5108| -0,3 0 0
5109| -0,6 0 0
5110| -0,9 0 0
5111| -1,2 0 0
5112| 0 0 0
5113| 0 0 0
5114| 0 0 0
5115| 0 0 0
5116| 0 0 0
5117| 0 0 0
5118| 0 0 0
5119| 0 0 0
5120| 0 0 0
5121| 0 0 0
5122| 0 0 0
5123| 0 0 0
5124| 0 0 0
5125| 0 0 0
5126| 0 0 0
5127| 0 0 0
5128| -0,3 0 0
5129| -0,6 0 0
5130| -0,9 0 0
5131| -1,2 0 0
5132| -1,5 0 0
5133| -1,8 0 0
5134| -2,1 0 0
5135| -2,4 0 0
5136| -2,7 0 0
5137| -3 0 0
5138| -3,299999 0 0
5139| -3,599999 0 0
5140| -3,899999 0 0
5141| -4,2 0 0
5142| -4,5 0 0
5143| -4,8 0 0
5144| -5,1 0 0
5145| -5,4 0 0
5146| -5,7 0 0
5147| -6 0 0
5148| -6,300001 0 0
5149| -6,600001 0 0
5150| -6,900001 0 0
5151| -7,200001 0 0
5152| -7,500001 0 0
5153| -7,800001 0 0
5154| -8,1 0 0
5155| -8,4 0 0
5156| -8,7 0 0
5157| -8,999999 0 0
5158| -9,299999 0 0
5159| -9,599998 0 0
5160| -9,899999 0 0
5161| -10,2 0 0
5162| -10,5 0 0
5163| -10,8 0 0
5164| -11,1 0 0
5165| -11,4 0 0
5166| -11,7 0 0
5167| -12 0 0
5168| -12,3 0 0
5169| -12,6 0 0
5170| -12,9 0 0
5171| -13,2 0 0
5172| 0 0 0
5173| 0 0 0
5174| 0 0 0
5175| 0 0 0
5176| 0 0 0
5177| 0 0 0
5178| 0 0 0
5179| 0 0 0
5180| 0 0 0
5181| 0 0 0
5182| 0 0 0
5183| 0 0 0
5184| 0 0 0
5185| 0 0 0
5186| 0 0 0
5187| 0 0 0
5188| 0 0 0
5189| 0 0 0
5190| 0 0 0
5191| 0 0 0
5192| 0 0 0
5193| 0 0 0
5194| 0 0 0
5195| 0 0 0
5196| 0 0 0
5197| 0 0 0
5198| 0 0 0
5199| 0 0 0
5200| 0 0 0
5201| 0 0 0
5202| 0 0 0
5203| 0 0 0
5204| 0 0 0
5205| 0 0 0
5206| 0 0 0
5207| 0 0 0
5208| 0 0 0
5209| 0 0 0
5210| 0 0 0
5211| 0 0 0
5212| 0 0 0
5213| 0 0 0
5214| 0 0 0
5215| 0 0 0
5216| 0 0 0
5217| 0 0 0
5218| 0 0 0
5219| 0 0 0
5220| 0 0 0
5221| 0 0 0
5222| 0 0 0
5223| 0 0 0
5224| 0 0 0
5225| 0 0 0
5226| 0 0 0
5227| 0 0 0
5228| 0 0 0
5229| -0,3 0 0
5230| -0,6 0 0
5231| -0,9 0 0
5232| -1,2 4 0
5233| -1,5 8 0
5234| -1,5 12 0
5235| -1,5 16 0
5236| -1,5 20 0
5237| -1,8 24 0
5238| -2,1 28 0
5239| -2,4 32 0
5240| -2,7 36 0
5241| -3 40 0
5242| -3,299999 43,99999 0
5243| -3,599999 47,99999 0
5244| -3,899999 51,99999 0
5245| -4,2 55,99999 0
5246| -4,5 60 0
5247| -4,8 64 0
5248| -5,1 68 0
5249| -5,4 72 0
5250| -5,7 76,00001 0
5251| -6 80,00001 0
5252| -6 84,00001 0
5253| -6 88,00002 0
5254| -6 92,00002 0
5255| -6 96,00002 0
5256| -6 100 0
5257| -6 104 0
5258| -6 108 0
5259| -6 112 0
5260| -6 116 0
5261| -6 120 0
5262| -6 124 0
5263| -6 128 0
5264| -6 132 0
5265| -6 136 0
5266| -6 140 0
5267| -6 144 0
5268| -6 148 0
5269| -6 152 0
5270| -6 156 0
5271| -6 160 0
5272| -6 164 0
5273| -6 168 0
5274| -6 171,9999 0
5275| -6 175,9999 0
5276| -6 179,9999 0
5277| -6 183,9999 0
5278| -6 187,9999 0
5279| -6 191,9999 0
5280| -6 195,9999 0
5281| -6 199,9999 0
5282| -6 203,9999 0
5283| -6 207,9999 0
5284| -6 211,9999 0
5285| -6 215,9999 0
5286| -6 219,9999 0
5287| -6 223,9999 0
5288| -6 227,9999 0
5289| -6 231,9999 0
5290| -6 235,9999 0
5291| -6 239,9999 0
5292| -6 243,9999 0
5293| -6 247,9999 0
5294| -6 251,9999 0
5295| -6 255,9999 0
5296| -6 259,9999 0
5297| -6 263,9999 0
5298| -6 267,9999 0
5299| -6 271,9998 0
5300| -6 275,9998 0
5301| -6 279,9998 0
5302| -6 283,9998 0
5303| 0 287,9998 0
5304| 0,3 291,9998 0
5305| 0,6 295,9998 0
5306| 0,9 299,9998 0
5307| 1,2 303,9998 0
5308| 1,5 307,9998 0
5309| 1,8 311,9998 0
5310| 2,1 315,9998 0
5311| 2,4 319,9998 0
5312| 2,7 323,9998 0
5313| 3 323,9998 0
5314| 3,299999 323,9998 0
5315| 3,599999 323,9998 0
5316| 3,899999 323,9998 0
5317| 4,2 323,9998 0
5318| 4,5 323,9998 0
5319| 4,8 323,9998 0
5320| 5,1 323,9998 0
5321| 5,4 323,9998 0
5322| 5,7 323,9998 0
5323| 6 323,9998 0
5324| 6,300001 323,9998 0
5325| 6,600001 323,9998 0
5326| 6,900001 323,9998 0
5327| 0 0 0
5328| 0 0 0
5329| -0,3 0 0
5330| -0,6 0 0
5331| -0,9 0 0
5332| -1,2 0 0
5333| -1,5 0 0
5334| -1,8 0 0
5335| -2,1 0 0
5336| -2,4 0 0
5337| -2,7 0 0
5338| -3 0 0
5339| -3,299999 0 0
5340| -3,599999 0 0
5341| 0 0 0
5342| 0 0 0
5343| 0 0 0
5344| 0 0 0
5345| 0 0 0
5346| 0 0 0
5347| 0 0 0
5348| 0 0 0
5349| 0 0 0
5350| 0 0 0
5351| 0 0 0
5352| 0 0 0
5353| 0 0 0
5354| 0 0 0
5355| 0 0 0
5356| 0 0 0
5357| 0 0 0
5358| 0 0 0
5359| 0 0 0
5360| 0 0 0
5361| 0 0 0
5362| 0 0 0
5363| 0 0 0
5364| 0 0 0
5365| 0 0 0
5366| 0 0 0
5367| 0 0 0
5368| 0 0 0
5369| 0 0 0
5370| 0 0 0
5371| 0 0 0
5372| 0 0 0
5373| -0,3 0 0
5374| -0,6 0 0
5375| -0,9 0 0
5376| -1,2 0 0
5377| -1,5 0 0
5378| -1,8 0 0
5379| -2,1 0 0
5380| -2,4 0 0
5381| -2,7 0 0
5382| -3 0 0
5383| -3,299999 0 0
5384| -3,599999 0 0
5385| -3,899999 0 0
5386| 0 0 0
5387| 0 0 0
5388| 0 0 0
5389| 0 0 0
5390| 0 0 0
5391| 0 0 0
5392| 0 0 0
5393| 0 0 0
5394| 0 0 0
5395| 0 0 0
5396| 0 0 0
5397| 0 0 0
5398| 0 0 0
5399| 0 0 0
5400| 0 0 0
5401| 0 0 0
5402| 0 0 0
5403| 0 0 0
5404| 0 0 0
5405| 0 0 0
5406| 0 0 0
5407| 0 0 0
5408| 0 0 0
5409| 0 0 0
5410| 0 0 0
5411| 0 0 0
5412| 0 0 0
5413| 0 0 0
5414| 0 -4 0
5415| 0 -8 0
5416| 0 -12 0
5417| 0 -16 0
5418| 0 -20 0
5419| 0 -24 0
5420| 0 -28 0
5421| 0 -32 0
5422| 0 -36 0
5423| 0 -40 0
5424| 0 -43,99999 0
5425| 0 -47,99999 0
5426| 0 -51,99999 0
5427| 0 -55,99999 0
5428| 0 -60 0
5429| 0 -64 0
5430| 0 -68 0
5431| 0 -72 0
5432| 0 -76,00001 0
5433| 0 -80,00001 0
5434| 0 -84,00001 0
5435| 0 -88,00002 0
5436| 0 -92,00002 0
5437| 0 -96,00002 0
5438| 0 -100 0
5439| 0 -104 0
5440| 0 -108 0
5441| 0 -112 0
5442| 0 -116 0
5443| 0 -120 0
5444| 0 -124 0
5445| 0 -128 0
5446| 0 -132 0
5447| 0 -136 0
5448| 0 -140 0
5449| 0 -144 0
5450| 0 -148 0
5451| 0 -152 0
5452| 0 -156 0
5453| 0 -160 0
5454| 0 -164 0
5455| 0 -168 0
5456| 0 -171,9999 0
5457| 0 -175,9999 0
5458| 0 -179,9999 0
5459| 0 -183,9999 0
5460| 0 -187,9999 0
5461| 0 -191,9999 0
5462| 0 -195,9999 0
5463| 0 -199,9999 0
5464| 0 -203,9999 0
5465| 0 -207,9999 0
5466| 0 -211,9999 0
5467| 0 -215,9999 0
5468| 0 -219,9999 0
5469| 0 -223,9999 0
5470| 0 -227,9999 0
5471| 0 -231,9999 0
5472| 0 0 0
5473| 0 0 0
5474| 0 0 0
5475| 0 0 0
5476| 0 0 0
5477| 0 0 0
5478| 0 0 0
5479| 0 0 0
5480| 0 0 0
5481| 0 0 0
5482| 0 0 0
5483| 0 0 0
5484| 0 0 0
5485| 0 0 0
5486| 0 0 0
5487| 0 0 0
5488| 0 0 0
5489| 0 0 0
5490| 0 0 0
5491| 0 0 0
5492| 0 0 0
5493| 0 0 0
5494| 0 0 0
5495| 0 0 0
5496| 0 0 0
5497| 0 0 0
5498| 0 0 0
5499| 0 0 0
5500| 0 0 0
5501| 0 0 0
5502| 0 0 0
5503| 0 0 0
5504| 0 0 0
5505| 0 0 0
5506| 0 0 0
5507| 0 0 0
5508| 0 0 0
5509| 0 0 0
5510| 0 0 0
5511| 0 0 0
5512| 0 0 0
5513| 0 0 0
5514| 0 0 0
5515| 0 0 0
5516| 0 0 0
5517| 0 0 0
5518| 0 0 0
5519| 0 0 0
5520| 0 0 0
5521| 0 0 0
5522| 0 0 0
5523| 0 0 0
5524| 0 0 0
5525| 0 0 0
5526| 0 0 0
5527| 0 0 0
5528| 0 0 0
5529| 0 0 0
5530| 0 0 0
5531| 0 0 0
5532| 0 0 0
5533| 0 0 0
5534| 0 0 0
5535| 0 0 0
5536| 0 0 0
5537| 0 0 0
5538| 0 0 0
5539| 0 0 0
5540| 0 0 0
5541| 0 0 0
5542| 0 0 0
5543| 0 0 0
5544| 0 0 0
5545| 0 0 0
5546| 0 0 0
5547| 0 0 0
5548| 0 0 0
5549| 0 0 0
5550| 0 0 0
5551| 0 0 0
5552| 0 0 0
5553| 0 0 0
5554| 0 0 0
5555| 0 0 0
5556| 0 0 0
5557| 0 0 0
5558| 0 0 0
5559| 0 0 0
5560| 0 0 0
5561| 0 0 0
5562| 0 0 0
5563| 0 0 0
5564| 0 0 0
5565| 0 0 0
5566| 0 0 0
5567| 0 0 0
5568| 0 0 0
5569| 0 0 0
5570| 0 0 0
5571| 0 -4 0
5572| 0 -8 0
5573| 0 -12 0
5574| 0 -16 0
5575| 0 -20 0
5576| 0 -24 0
5577| 0 -28 0
5578| 0 -32 0
5579| 0 -36 0
5580| 0 -40 0
5581| 0 -43,99999 0
5582| 0 -47,99999 0
5583| 0 -51,99999 0
5584| 0 -55,99999 0
5585| 0 -60 0
5586| 0 -64 0
5587| 0 -68 0
5588| 0 -72 0
5589| 0 -76,00001 0
5590| 0 -80,00001 0
5591| 0 -84,00001 0
5592| 0 0 0
5593| 0 0 0
5594| 0 0 0
5595| 0 0 0
5596| 0 0 0
5597| 0 0 0
5598| 0 0 0
5599| 0 0 0
5600| 0 0 0
5601| 0 0 0
5602| 0 0 0
5603| 0 0 0
5604| 0 0 0
5605| 0 0 0
5606| 0 0 0
5607| 0 0 0
5608| 0 0 0
5609| 0 0 0
5610| 0 0 0
5611| 0 0 0
5612| 0 0 0
5613| 0 0 0
5614| 0 0 0
5615| 0 0 0
5616| 0 0 0
5617| 0 0 0
5618| 0 0 0
5619| 0 0 0
5620| 0 0 0
5621| 0 0 0
5622| 0 0 0
5623| 0 0 0
5624| 0 0 0
5625| 0 0 0
5626| 0 0 0
5627| 0 0 0
5628| 0 -4 0
5629| 0 -8 0
5630| 0 -12 0
5631| 0 0 0
5632| 0 0 0
5633| 0 0 0
5634| 0 0 0
5635| 0 0 0
5636| 0 0 0
5637| 0 0 0
5638| 0 0 0
5639| 0 0 0
5640| 0 0 0
5641| 0 0 0
5642| 0 0 0
5643| 0 0 0
5644| 0 0 0
5645| 0 0 0
5646| 0 0 0
5647| 0 0 0
5648| 0 0 0
5649| 0 0 0
5650| 0 0 0
5651| 0 0 0
5652| 0 0 0
5653| 0 0 0
5654| 0 0 0
5655| 0 0 0
5656| 0 0 0
5657| 0 0 0
5658| 0 0 0
5659| 0 0 0
5660| 0 0 0
5661| 0 0 0
5662| 0 0 0
5663| 0 0 0
5664| 0 0 0
5665| 0 0 0
5666| 0 0 0
5667| 0 0 0
5668| 0 0 0
5669| 0 0 0
5670| 0 0 0
5671| 0 0 0
5672| 0 0 0
5673| 0 0 0
5674| 0 0 0
5675| 0 0 0
5676| 0 0 0
5677| 0 0 0
5678| 0 0 0
5679| 0 -4 0
5680| 0 -8 0
5681| 0 -12 0
5682| 0 -16 0
5683| 0 -20 0
5684| 0 -24 0
5685| 0 -28 0
5686| 0 -32 0
5687| 0 -36 0
5688| 0 -40 0
5689| 0 -43,99999 0
5690| 0 -47,99999 0
5691| 0 -51,99999 0
5692| 0 -55,99999 0
5693| 0 -60 0
5694| 0 -64 0
5695| 0 -68 0
5696| 0 -72 0
5697| 0 -76,00001 0
5698| 0 -80,00001 0
5699| 0 -84,00001 0
5700| 0 -88,00002 0
5701| 0 -92,00002 0
5702| 0 -96,00002 0
5703| 0 -100 0
5704| 0 -104 0
5705| 0 -108 0
5706| 0 -112 0
5707| 0 -116 0
5708| 0 -120 0
5709| 0 -124 0
5710| 0 -128 0
5711| 0 -132 0
5712| 0 -136 0
5713| 0 -140 0
5714| 0 -144 0
5715| 0 -148 0
5716| 0 -152 0
5717| 0 -156 0
5718| 0 -160 0
5719| 0 -164 0
5720| 0 -168 0
5721| 0 -171,9999 0
5722| 0 -175,9999 0
5723| 0 -179,9999 0
5724| 0 -183,9999 0
5725| 0 -187,9999 0
5726| 0 -191,9999 0
5727| 0 -195,9999 0
5728| 0 -199,9999 0
5729| 0 -203,9999 0
5730| 0 -207,9999 0
5731| 0 -211,9999 0
5732| 0 -215,9999 0
5733| 0 -219,9999 0
5734| 0 -223,9999 0
5735| 0 0 0
5736| 0 0 0
5737| 0 0 0
5738| 0 0 0
5739| 0 0 0
5740| 0 0 0
5741| 0 0 0
5742| 0 0 0
5743| 0 0 0
5744| 0 0 0
5745| 0 0 0
5746| 0 0 0
5747| 0 0 0
5748| 0 0 0
5749| 0 0 0
5750| 0 0 0
5751| 0 0 0
5752| 0 0 0
5753| 0 0 0
5754| 0 0 0
5755| 0 0 0
5756| 0 0 0
5757| 0 0 0
5758| 0 0 0
5759| 0 0 0
5760| 0 0 0
5761| 0 0 0
5762| 0 0 0
5763| 0 0 0
5764| 0 0 0
5765| 0 0 0
5766| 0 0 0
5767| 0 0 0
5768| 0 0 0
5769| 0 0 0
5770| 0 0 0
5771| 0 0 0
5772| 0 0 0
5773| 0 0 0
5774| 0 0 0
5775| 0 0 0
5776| 0 0 0
5777| 0 0 0
5778| 0 0 0
5779| 0 0 0
5780| 0 0 0
5781| 0 0 0
5782| 0 0 0
5783| 0 0 0
5784| 0 0 0
5785| 0 0 0
5786| 0 0 0
5787| 0 0 0
5788| 0 0 0
5789| 0 0 0
5790| 0 0 0
5791| 0 0 0
5792| 0 0 0
5793| 0 0 0
5794| 0 0 0
5795| 0 0 0
5796| 0 0 0
5797| 0 0 0
5798| 0 0 0
5799| 0 0 0
5800| 0 0 0
5801| 0 0 0
5802| 0 0 0
5803| 0 0 0
5804| 0 0 0
5805| 0 0 0
5806| 0 0 0
5807| 0 0 0
5808| 0 0 0
5809| 0 0 0
5810| 0 0 0
5811| 0 0 0
5812| 0 0 0
5813| 0 0 0
5814| 0 0 0
5815| 0 0 0
5816| 0 0 0
5817| 0 0 0
5818| 0 0 0
5819| 0 0 0
5820| 0 0 0
5821| 0 0 0
5822| 0 0 0
5823| 0 0 0
5824| 0 0 0
5825| 0 0 0
5826| 0 0 0
5827| 0 0 0
5828| 0 0 0
5829| 0 0 0
5830| 0 0 0
5831| 0 0 0
5832| 0 0 0
5833| 0 0 0
5834| 0 0 0
5835| 0 0 0
5836| 0 0 0
5837| 0 0 0
5838| 0 0 0
5839| 0 0 0
5840| 0 0 0
5841| 0 0 0
5842| 0 0 0
5843| 0 0 0
5844| 0 0 0
5845| 0 0 0
5846| 0 0 0
5847| 0 0 0
5848| 0 0 0
5849| 0 0 0
5850| 0 0 0
5851| 0 0 0
5852| 0 0 0
5853| 0 0 0
5854| 0 0 0
5855| 0 0 0
5856| 0 0 0
5857| 0 0 0
5858| 0 0 0
5859| 0 0 0
5860| 0 0 0
5861| 0 0 0
5862| 0 0 0
5863| 0 0 0
5864| 0 0 0
5865| 0 0 0
5866| 0 0 0
5867| 0 0 0
5868| 0 0 0
5869| 0 0 0
5870| 0 0 0
5871| 0 0 0
5872| 0 0 0
5873| 0 0 0
5874| 0 0 0
5875| 0 0 0
5876| 0 0 0
5877| 0 0 0
5878| 0 0 0
5879| 0 0 0
5880| 0 0 0
5881| 0 0 0
5882| 0 0 0
5883| 0 0 0
5884| 0 0 0
5885| 0 0 0
5886| 0 0 0
5887| 0 0 0
5888| 0 0 0
5889| 0 0 0
5890| 0 0 0
5891| 0 0 0
5892| 0 0 0
5893| 0 0 0
5894| 0 0 0
5895| 0 0 0
5896| 0 0 0
5897| 0 0 0
5898| 0 0 0
5899| 0 0 0
5900| 0 0 0
5901| 0 0 0
5902| 0 0 0
5903| 0 0 0
5904| 0 0 0
5905| 0 0 0
5906| 0 0 0
5907| 0 0 0
5908| 0 0 0
5909| 0 0 0
5910| 0 0 0
5911| 0 0 0
5912| 0 0 0
5913| 0 0 0
5914| 0 0 0
5915| 0 0 0

