1| 0 0 0
2| 0 0 0
3| 0 0 0
4| 0 0 0
5| 0 0 0
6| 0 0 0
7| 0 0 0
8| 0 0 0
9| 0 0 0
10| 0 0 0
11| 0 0 0
12| 0 0 0
13| 0 0 0
14| 0 0 0
15| 0 0 0
16| 0 0 0
17| 0 0 0
18| 0 0 0
19| 0 0 0
20| 0 0 0
21| 0 0 0
22| 0 0 0
23| 0 0 0
24| 0 0 0
25| 0 0 0
26| 0 0 0
27| 0 0 0
28| 0 0 0
29| 0 0 0
30| 0 0 0
31| 0 0 0
32| 0 0 0
33| 0 0 0
34| 0 0 0
35| 0 0 0
36| 0 0 0
37| 0 0 0
38| 0 0 0
39| 0 0 0
40| 0 0 0
41| 0 0 0
42| 0 0 0
43| 0 0 0
44| 0 0 0
45| 0 0 0
46| 0 0 0
47| 0 0 0
48| 0 0 0
49| 0 0 0
50| 0 0 0
51| 0 0 0
52| 0 0 0
53| 0 0 0
54| 0 0 0
55| 0 0 0
56| 0 0 0
57| 0 0 0
58| 0 0 0
59| 0 0 0
60| 0 0 0
61| 0 0 0
62| 0 0 0
63| 0 0 0
64| 0 0 0
65| 0 0 0
66| 0 0 0
67| 0 0 0
68| 0 0 0
69| 0 0 0
70| 0 0 0
71| 0 0 0
72| 0 0 0
73| 0 0 0
74| 0 0 0
75| 0 0 0
76| 0 0 0
77| 0 0 0
78| 0 0 0
79| 0 0 0
80| 0 0 0
81| 0 0 0
82| 0 0 0
83| 0 0 0
84| 0 0 0
85| 0 0 0
86| 0 0 0
87| 0 0 0
88| 0 0 0
89| 0 0 0
90| 0 0 0
91| 0 0 0
92| 0 0 0
93| 0 0 0
94| 0 0 0
95| 0 0 0
96| 0 0 0
97| 0 0 0
98| 0 0 0
99| 0 0 0
100| 0 0 0
101| 0 0 0
102| 0 0 0
103| 0 0 0
104| 0 0 0
105| 0 0 0
106| 0 0 0
107| 0 0 0
108| 0 0 0
109| 0 0 0
110| 0 0 0
111| 0 0 0
112| 0 0 0
113| 0 0 0
114| 0 0 0
115| 0 0 0
116| 0 0 0
117| 0 0 0
118| 0 0 0
119| 0 0 0
120| 0 0 0
121| 0 0 0
122| 0 0 0
123| 0 0 0
124| 0 0 0
125| 0 0 0
126| 0 0 0
127| 0 0 0
128| 0 0 0
129| 0 0 0
130| 0 0 0
131| 0 0 0
132| 0 0 0
133| 0 0 0
134| 0 0 0
135| 0 0 0
136| 0 0 0
137| 0 0 0
138| 0 0 0
139| 0 0 0
140| 0 0 0
141| 0 0 0
142| 0 0 0
143| 0 0 0
144| 0 0 0
145| 0 0 0
146| 0 0 0
147| 0 0 0
148| 0 0 0
149| 0 0 0
150| 0 0 0
151| 0 0 0
152| 0 0 0
153| 0 0 0
154| 0 0 0
155| 0 0 0
156| 0 0 0
157| 0 0 0
158| 0 0 0
159| 0 0 0
160| 0 0 0
161| 0 0 0
162| 0 0 0
163| 0 0 0
164| 0 0 0
165| 0 0 0
166| 0 0 0
167| 0 0 0
168| 0 0 0
169| 0 0 0
170| 0 0 0
171| 0 0 0
172| 0 0 0
173| 0 0 0
174| 0 0 0
175| 0 0 0
176| 0 0 0
177| 0 0 0
178| 0 0 0
179| 0 0 0
180| 0 0 0
181| 0 0 0
182| 0 0 0
183| 0 0 0
184| 0 0 0
185| 0 0 0
186| 0 0 0
187| 0 0 0
188| 0 0 0
189| 0 0 0
190| 0 0 0
191| 0 0 0
192| 0 0 0
193| 0 0 0
194| 0 0 0
195| 0 0 0
196| 0 0 0
197| 0 0 0
198| 0 0 0
199| 0 0 0
200| 0 0 0
201| 0 0 0
202| 0 0 0
203| 0 0 0
204| 0 0 0
205| 0 0 0
206| 0 0 0
207| 0 0 0
208| 0 0 0
209| 0 0 0
210| 0 0 0
211| 0 0 0
212| 0 0 0
213| 0 0 0
214| 0 0 0
215| 0 0 0
216| 0 0 0
217| 0 0 0
218| 0 0 0
219| 0 0 0
220| 0 0 0
221| 0 0 0
222| 0 0 0
223| 0 0 0
224| 0 0 0
225| 0 0 0
226| 0 0 0
227| 0 0 0
228| 0 0 0
229| 0 0 0
230| 0 0 0
231| 0 0 0
232| 0 0 0
233| 0 0 0
234| 0 0 0
235| 0 0 0
236| 0 0 0
237| 0 0 0
238| 0 0 0
239| 0 0 0
240| 0 0 0
241| 0 0 0
242| 0 0 0
243| 0 0 0
244| 0 0 0
245| 0 4 0
246| 0 8 0
247| 0 12 0
248| 0 16 0
249| 0 20 0
250| 0 24 0
251| 0 28 0
252| 0 32 0
253| 0 36 0
254| 0 40 0
255| 0 43,99999 0
256| 0 47,99999 0
257| 0 51,99999 0
258| 0 55,99999 0
259| 0 60 0
260| 0 64 0
261| 0 68 0
262| 0 72 0
263| 0 76,00001 0
264| 0 80,00001 0
265| 0 84,00001 0
266| 0 88,00002 0
267| 0 92,00002 0
268| 0 96,00002 0
269| 0 100 0
270| 0 104 0
271| 0 108 0
272| 0 112 0
273| 0 116 0
274| 0 120 0
275| 0 124 0
276| 0 128 0
277| 0 132 0
278| 0 136 0
279| 0 140 0
280| 0 144 0
281| 0 148 0
282| 0 152 0
283| 0 156 0
284| 0 160 0
285| 0 164 0
286| 0 168 0
287| 0 171,9999 0
288| 0 175,9999 0
289| 0 179,9999 0
290| 0 183,9999 0
291| 0 187,9999 0
292| 0 191,9999 0
293| 0 195,9999 0
294| 0 199,9999 0
295| 0 203,9999 0
296| 0 207,9999 0
297| 0 211,9999 0
298| 0 215,9999 0
299| 0 219,9999 0
300| 0 223,9999 0
301| 0 227,9999 0
302| 0 231,9999 0
303| 0 235,9999 0
304| 0 239,9999 0
305| 0 243,9999 0
306| 0 247,9999 0
307| 0 251,9999 0
308| 0 255,9999 0
309| 0 259,9999 0
310| 0 263,9999 0
311| 0 267,9999 0
312| 0 271,9998 0
313| 0 275,9998 0
314| 0 279,9998 0
315| 0 283,9998 0
316| 0 287,9998 0
317| 0 291,9998 0
318| 0 295,9998 0
319| 0 299,9998 0
320| 0 303,9998 0
321| 0 307,9998 0
322| 0 311,9998 0
323| 0 315,9998 0
324| 0 319,9998 0
325| 0 323,9998 0
326| 0 327,9998 0
327| 0 331,9998 0
328| 0 335,9998 0
329| 0 339,9998 0
330| 0 343,9998 0
331| 0 347,9998 0
332| 0 351,9998 0
333| 0 355,9998 0
334| 0 359,9998 0
335| 0 363,9998 0
336| 0 367,9998 0
337| 0 371,9998 0
338| 0 375,9998 0
339| 0 379,9998 0
340| 0 383,9998 0
341| 0 387,9998 0
342| 0 391,9998 0
343| 0 395,9998 0
344| 0 399,9997 0
345| 0 400 0
346| 0 400 0
347| 0 400 0
348| 0 400 0
349| 0 400 0
350| 0 400 0
351| 0 400 0
352| 0 400 0
353| 0 400 0
354| 0 400 0
355| 0 400 0
356| 0 400 0
357| 0 400 0
358| 0 400 0
359| 0 400 0
360| 0 400 0
361| 0 400 0
362| 0 400 0
363| 0 400 0
364| 0 400 0
365| 0 400 0
366| 0 400 0
367| 0 400 0
368| 0 400 0
369| 0 400 0
370| 0 400 0
371| 0 400 0
372| 0 400 0
373| 0 400 0
374| 0 400 0
375| 0 400 0
376| 0 400 0
377| 0 400 0
378| 0 400 0
379| 0 400 0
380| 0 400 0
381| 0 400 0
382| 0 400 0
383| 0 400 0
384| 0 400 0
385| 0 400 0
386| 0 400 0
387| 0 400 0
388| 0 400 0
389| 0 400 0
390| 0 400 0
391| 0 400 0
392| 0 400 0
393| 0 400 0
394| 0 400 0
395| 0 400 0
396| 0 400 0
397| -0,3 400 0
398| -0,6 400 0
399| -0,9 400 0
400| -1,2 400 0
401| -1,5 400 0
402| -1,8 400 0
403| -2,1 400 0
404| -2,4 400 0
405| -2,7 400 0
406| -3 400 0
407| -3,299999 400 0
408| -3,599999 400 0
409| -3,899999 400 0
410| -4,2 400 0
411| -4,5 400 0
412| -4,8 400 0
413| -5,1 400 0
414| -5,4 400 0
415| -5,7 400 0
416| -6 400 0
417| -6,300001 400 0
418| -6,600001 400 0
419| -6,900001 400 0
420| -7,200001 400 0
421| -7,500001 400 0
422| -7,800001 400 0
423| -8,1 400 0
424| -8,4 400 0
425| 0 0 0
426| 0 0 0
427| 0 0 0
428| 0 0 0
429| 0 0 0
430| 0 0 0
431| 0 0 0
432| 0 0 0
433| 0 0 0
434| 0 0 0
435| 0 0 0
436| 0 0 0
437| 0 0 0
438| 0 0 0
439| 0 0 0
440| 0 0 0
441| 0 0 0
442| 0 0 0
443| 0 4 0
444| 0 8 0
445| 0 12 0
446| 0 16 0
447| 0 20 0
448| 0 24 0
449| 0 28 0
450| 0 32 0
451| 0 36 0
452| 0 0 0
453| 0 0 0
454| 0 0 0
455| 0 0 0
456| 0 0 0
457| 0 0 0
458| 0 0 0
459| 0 0 0
460| 0 0 0
461| 0 0 0
462| -0,3 0 0
463| -0,6 0 0
464| -0,9 0 0
465| -1,2 0 0
466| -1,5 0 0
467| -1,8 0 0
468| -2,1 0 0
469| -2,4 0 0
470| -2,7 0 0
471| -3 0 0
472| -3,299999 0 0
473| -3,599999 0 0
474| -3,899999 0 0
475| -4,2 0 0
476| -4,5 0 0
477| -4,8 0 0
478| -5,1 0 0
479| -5,4 0 0
480| -5,7 0 0
481| -6 0 0
482| -6,300001 0 0
483| -6,600001 0 0
484| -6,900001 0 0
485| -7,200001 0 0
486| -7,500001 0 0
487| -7,800001 0 0
488| -8,1 0 0
489| -8,4 0 0
490| -8,7 0 0
491| -8,999999 0 0
492| -9,299999 0 0
493| 0 0 0
494| 0 0 0
495| 0 0 0
496| 0 0 0
497| 0 0 0
498| 0 0 0
499| 0 0 0
500| 0 0 0
501| 0 0 0
502| 0,3 0 0
503| 0,6 0 0
504| 0,9 0 0
505| 1,2 0 0
506| 1,5 0 0
507| 1,8 0 0
508| 2,1 0 0
509| 2,4 0 0
510| 2,7 0 0
511| 3 0 0
512| 3,299999 0 0
513| 3,599999 0 0
514| 3,899999 0 0
515| 4,2 0 0
516| 4,5 0 0
517| 4,8 0 0
518| 5,1 0 0
519| 0 0 0
520| 0 0 0
521| 0 0 0
522| 0 0 0
523| 0 0 0
524| 0 0 0
525| 0 0 0
526| 0 0 0
527| 0 0 0
528| 0 0 0
529| 0 0 0
530| 0 0 0
531| 0 0 0
532| 0 0 0
533| 0 4 0
534| 0 8 0
535| 0 12 0
536| 0 16 0
537| 0 20 0
538| 0 24 0
539| 0 28 0
540| 0 32 0
541| 0 36 0
542| 0 40 0
543| 0 43,99999 0
544| 0 47,99999 0
545| 0 51,99999 0
546| 0 55,99999 0
547| 0 60 0
548| 0 64 0
549| 0 68 0
550| 0 72 0
551| 0 76,00001 0
552| 0 80,00001 0
553| 0 84,00001 0
554| 0 88,00002 0
555| 0 92,00002 0
556| 0 96,00002 0
557| 0 100 0
558| 0 104 0
559| 0 108 0
560| 0 112 0
561| 0 116 0
562| 0 120 0
563| 0 124 0
564| 0 128 0
565| 0 132 0
566| 0 136 0
567| 0 140 0
568| 0 144 0
569| 0 148 0
570| 0 152 0
571| 0 156 0
572| 0 160 0
573| 0 164 0
574| 0 168 0
575| 0 171,9999 0
576| 0 175,9999 0
577| 0 179,9999 0
578| 0 183,9999 0
579| 0 187,9999 0
580| 0 191,9999 0
581| 0 195,9999 0
582| 0 199,9999 0
583| 0 203,9999 0
584| 0 207,9999 0
585| 0 211,9999 0
586| 0 215,9999 0
587| 0 219,9999 0
588| 0 223,9999 0
589| 0 227,9999 0
590| 0 231,9999 0
591| 0 235,9999 0
592| 0 239,9999 0
593| 0 243,9999 0
594| 0 247,9999 0
595| 0 251,9999 0
596| 0 255,9999 0
597| 0 259,9999 0
598| 0 263,9999 0
599| 0 267,9999 0
600| 0 271,9998 0
601| 0 275,9998 0
602| 0 279,9998 0
603| 0 283,9998 0
604| 0 287,9998 0
605| 0 291,9998 0
606| 0 295,9998 0
607| 0 299,9998 0
608| 0 303,9998 0
609| 0 307,9998 0
610| 0 311,9998 0
611| 0 315,9998 0
612| 0 319,9998 0
613| 0 323,9998 0
614| 0 327,9998 0
615| 0 331,9998 0
616| 0 335,9998 0
617| 0 339,9998 0
618| 0 343,9998 0
619| 0 347,9998 0
620| 0 351,9998 0
621| 0 355,9998 0
622| 0 359,9998 0
623| 0 363,9998 0
624| 0 367,9998 0
625| 0 371,9998 0
626| 0 375,9998 0
627| 0 379,9998 0
628| 0 383,9998 0
629| 0 387,9998 0
630| 0 391,9998 0
631| 0 395,9998 0
632| 0 399,9997 0
633| 0 400 0
634| 0 400 0
635| 0 400 0
636| 0 400 0
637| 0 400 0
638| 0 400 0
639| 0 400 0
640| 0 400 0
641| 0 400 0
642| 0 400 0
643| 0 400 0
644| 0 400 0
645| 0 400 0
646| 0 400 0
647| 0 400 0
648| 0 400 0
649| 0 400 0
650| 0 400 0
651| 0 400 0
652| 0 400 0
653| 0 400 0
654| 0 400 0
655| 0 400 0
656| 0 400 0
657| 0 0 0
658| 0 0 0
659| 0 0 0
660| 0,3 0 0
661| 0,6 0 0
662| 0,9 0 0
663| 1,2 0 0
664| 1,5 0 0
665| 1,8 0 0
666| 2,1 0 0
667| 2,4 0 0
668| 2,7 0 0
669| 3 0 0
670| 3,299999 0 0
671| 3,599999 0 0
672| 3,899999 0 0
673| 4,2 0 0
674| 4,5 0 0
675| 4,8 0 0
676| 5,1 0 0
677| 5,4 0 0
678| 5,7 0 0
679| 6 0 0
680| 6,300001 0 0
681| 6,600001 0 0
682| 0 0 0
683| 0 0 0
684| 0 0 0
685| 0 0 0
686| 0 0 0
687| 0 0 0
688| 0 4 0
689| 0 8 0
690| 0 12 0
691| 0 16 0
692| 0 20 0
693| 0 24 0
694| 0 28 0
695| 0 32 0
696| 0 36 0
697| 0 40 0
698| 0 43,99999 0
699| 0 47,99999 0
700| 0 51,99999 0
701| 0 55,99999 0
702| 0 60 0
703| 0 64 0
704| 0 68 0
705| 0 72 0
706| 0 76,00001 0
707| 0 80,00001 0
708| 0 84,00001 0
709| 0 88,00002 0
710| 0 92,00002 0
711| 0 96,00002 0
712| 0 100 0
713| 0 104 0
714| 0 108 0
715| 0 112 0
716| 0 116 0
717| 0 120 0
718| 0 124 0
719| 0 128 0
720| 0 132 0
721| 0 136 0
722| 0 140 0
723| 0 144 0
724| 0 148 0
725| 0 152 0
726| 0 156 0
727| 0 160 0
728| 0 164 0
729| 0 168 0
730| 0 171,9999 0
731| 0 175,9999 0
732| 0 179,9999 0
733| 0 183,9999 0
734| 0 187,9999 0
735| 0 191,9999 0
736| 0 195,9999 0
737| 0 199,9999 0
738| 0 203,9999 0
739| 0 207,9999 0
740| 0 211,9999 0
741| 0 215,9999 0
742| 0 219,9999 0
743| 0 223,9999 0
744| 0 227,9999 0
745| 0 231,9999 0
746| 0 235,9999 0
747| 0 239,9999 0
748| 0 243,9999 0
749| 0 247,9999 0
750| 0 251,9999 0
751| 0 255,9999 0
752| 0 259,9999 0
753| 0 263,9999 0
754| 0 267,9999 0
755| 0 0 0
756| 0 0 0
757| 0 0 0
758| 0 0 0
759| 0,3 0 0
760| 0,6 0 0
761| 0,9 0 0
762| 1,2 0 0
763| 1,5 0 0
764| 1,8 0 0
765| 2,1 0 0
766| 2,4 0 0
767| 2,7 0 0
768| 3 0 0
769| 3,299999 0 0
770| 3,599999 0 0
771| 3,899999 0 0
772| 4,2 0 0
773| 4,5 0 0
774| 4,8 0 0
775| 5,1 0 0
776| 5,4 0 0
777| 5,7 0 0
778| 6 0 0
779| 6,300001 0 0
780| 6,600001 0 0
781| 6,900001 0 0
782| 0 0 0
783| 0 0 0
784| 0 0 0
785| 0 0 0
786| 0 0 0
787| 0 0 0
788| 0 0 0
789| 0 0 0
790| 0 0 0
791| 0 4 0
792| 0 8 0
793| 0 12 0
794| 0 16 0
795| 0 20 0
796| 0 24 0
797| 0 28 0
798| 0 32 0
799| 0 36 0
800| 0 40 0
801| 0 43,99999 0
802| 0 47,99999 0
803| 0 51,99999 0
804| 0 55,99999 0
805| 0 60 0
806| 0 64 0
807| 0 68 0
808| 0 72 0
809| 0 76,00001 0
810| 0 80,00001 0
811| 0 84,00001 0
812| 0 88,00002 0
813| 0 92,00002 0
814| 0 96,00002 0
815| 0 100 0
816| 0 104 0
817| 0 108 0
818| 0 112 0
819| 0 116 0
820| 0 120 0
821| 0 124 0
822| 0 128 0
823| 0 132 0
824| 0 136 0
825| 0 140 0
826| 0 144 0
827| 0 148 0
828| 0 152 0
829| 0 156 0
830| 0 160 0
831| 0 164 0
832| 0 168 0
833| 0 171,9999 0
834| 0 175,9999 0
835| 0 179,9999 0
836| 0 183,9999 0
837| 0 187,9999 0
838| 0 191,9999 0
839| 0 195,9999 0
840| 0 199,9999 0
841| 0 203,9999 0
842| 0 207,9999 0
843| 0 211,9999 0
844| 0 215,9999 0
845| 0 219,9999 0
846| 0 223,9999 0
847| 0 227,9999 0
848| 0 231,9999 0
849| 0 235,9999 0
850| 0 239,9999 0
851| 0 243,9999 0
852| 0 247,9999 0
853| 0 251,9999 0
854| 0 255,9999 0
855| 0 259,9999 0
856| 0 263,9999 0
857| 0 267,9999 0
858| 0 271,9998 0
859| 0 275,9998 0
860| 0 279,9998 0
861| 0 283,9998 0
862| 0 287,9998 0
863| 0 291,9998 0
864| 0 295,9998 0
865| 0 299,9998 0
866| 0 303,9998 0
867| 0 307,9998 0
868| 0 311,9998 0
869| 0 315,9998 0
870| 0 319,9998 0
871| 0 323,9998 0
872| 0 327,9998 0
873| 0 331,9998 0
874| 0 335,9998 0
875| 0 339,9998 0
876| 0 343,9998 0
877| 0 347,9998 0
878| 0 351,9998 0
879| 0 355,9998 0
880| 0 359,9998 0
881| 0 363,9998 0
882| 0 367,9998 0
883| 0 371,9998 0
884| 0 375,9998 0
885| 0 379,9998 0
886| 0 383,9998 0
887| 0 387,9998 0
888| 0 391,9998 0
889| 0 395,9998 0
890| 0 399,9997 0
891| 0 400 0
892| 0 400 0
893| 0 400 0
894| 0 400 0
895| 0 400 0
896| 0 400 0
897| 0 400 0
898| 0 400 0
899| 0 400 0
900| 0 400 0
901| 0 400 0
902| 0 400 0
903| 0 400 0
904| 0 400 0
905| 0 400 0
906| 0 400 0
907| 0 400 0
908| 0 400 0
909| 0 400 0
910| 0 400 0
911| 0 400 0
912| 0 400 0
913| 0 400 0
914| 0 400 0
915| 0 400 0
916| 0 400 0
917| 0 400 0
918| 0 400 0
919| 0 400 0
920| 0 400 0
921| 0 400 0
922| 0 400 0
923| 0 400 0
924| 0 400 0
925| 0 400 0
926| 0 400 0
927| 0 400 0
928| 0 400 0
929| 0 400 0
930| 0 400 0
931| 0 400 0
932| 0 400 0
933| 0 400 0
934| 0 400 0
935| 0 400 0
936| 0 400 0
937| 0 400 0
938| 0 400 0
939| 0 400 0
940| 0 400 0
941| 0 400 0
942| 0 400 0
943| 0 400 0
944| 0 400 0
945| 0 400 0
946| 0 400 0
947| 0 400 0
948| 0 400 0
949| 0 400 0
950| 0 400 0
951| 0 400 0
952| 0 400 0
953| 0 400 0
954| 0 400 0
955| 0 400 0
956| 0 400 0
957| 0 0 0
958| 0 0 0
959| 0 0 0
960| 0 0 0
961| 0 0 0
962| 0 0 0
963| 0 0 0
964| 0 0 0
965| 0 0 0
966| 0 0 0
967| 0 0 0
968| 0 0 0
969| 0 0 0
970| 0 0 0
971| 0 0 0
972| 0 0 0
973| 0 0 0
974| 0 0 0
975| 0 0 0
976| 0 0 0
977| 0 0 0
978| 0 0 0
979| 0 0 0
980| 0 0 0
981| 0 0 0
982| 0 0 0
983| 0 0 0
984| 0 0 0
985| 0 0 0
986| 0 0 0
987| 0 0 0
988| 0 0 0
989| 0 0 0
990| 0 0 0
991| 0 0 0
992| 0 0 0
993| 0 0 0
994| 0 0 0
995| 0 0 0
996| 0,3 0 0
997| 0,6 0 0
998| 0,9 0 0
999| 1,2 0 0
1000| 1,5 0 0
1001| 1,8 0 0
1002| 2,1 0 0
1003| 2,4 0 0
1004| 2,7 0 0
1005| 3 0 0
1006| 3,299999 0 0
1007| 3,599999 0 0
1008| 3,899999 0 0
1009| 4,2 0 0
1010| 0 0 0
1011| 0 0 0
1012| 0 0 0
1013| 0 0 0
1014| 0 0 0
1015| 0 0 0
1016| 0 4 0
1017| 0 8 0
1018| 0 12 0
1019| 0 16 0
1020| 0 20 0
1021| 0 24 0
1022| 0 28 0
1023| 0 32 0
1024| 0 36 0
1025| 0 40 0
1026| 0 43,99999 0
1027| 0 47,99999 0
1028| 0 51,99999 0
1029| 0 55,99999 0
1030| 0 60 0
1031| 0 64 0
1032| 0 68 0
1033| 0 72 0
1034| 0 76,00001 0
1035| 0 80,00001 0
1036| 0 84,00001 0
1037| 0 88,00002 0
1038| 0 92,00002 0
1039| 0 96,00002 0
1040| 0 100 0
1041| 0 104 0
1042| 0 108 0
1043| 0 112 0
1044| 0 116 0
1045| 0 120 0
1046| 0 124 0
1047| 0 128 0
1048| 0 132 0
1049| 0 136 0
1050| 0 140 0
1051| 0 144 0
1052| 0 148 0
1053| 0 152 0
1054| 0 156 0
1055| 0 160 0
1056| 0 164 0
1057| 0 168 0
1058| 0 171,9999 0
1059| 0 175,9999 0
1060| 0 179,9999 0
1061| 0 183,9999 0
1062| 0 187,9999 0
1063| 0 191,9999 0
1064| 0 195,9999 0
1065| 0 199,9999 0
1066| 0 203,9999 0
1067| 0 207,9999 0
1068| 0 211,9999 0
1069| 0 215,9999 0
1070| 0 219,9999 0
1071| 0 223,9999 0
1072| 0 227,9999 0
1073| 0 231,9999 0
1074| 0 235,9999 0
1075| 0 239,9999 0
1076| 0 243,9999 0
1077| 0 247,9999 0
1078| 0 251,9999 0
1079| 0 255,9999 0
1080| 0 259,9999 0
1081| 0 263,9999 0
1082| 0 267,9999 0
1083| 0 271,9998 0
1084| 0 275,9998 0
1085| 0 279,9998 0
1086| 0 283,9998 0
1087| 0 287,9998 0
1088| 0 291,9998 0
1089| 0 295,9998 0
1090| 0 299,9998 0
1091| 0 303,9998 0
1092| 0 307,9998 0
1093| 0 311,9998 0
1094| 0 315,9998 0
1095| 0 319,9998 0
1096| 0 323,9998 0
1097| 0 327,9998 0
1098| 0 331,9998 0
1099| 0 335,9998 0
1100| 0 339,9998 0
1101| 0 0 0
1102| 0 0 0
1103| 0 0 0
1104| 0 0 0
1105| 0,3 0 0
1106| 0,6 0 0
1107| 0,9 0 0
1108| 1,2 0 0
1109| 1,5 0 0
1110| 1,8 0 0
1111| 2,1 0 0
1112| 2,4 0 0
1113| 2,7 0 0
1114| 3 0 0
1115| 3,299999 0 0
1116| 3,599999 0 0
1117| 3,899999 0 0
1118| 4,2 0 0
1119| 4,5 0 0
1120| 4,8 0 0
1121| 5,1 0 0
1122| 5,4 0 0
1123| 5,7 0 0
1124| 6 0 0
1125| 6,300001 0 0
1126| 6,600001 0 0
1127| 0 0 0
1128| 0 0 0
1129| 0 0 0
1130| 0 4 0
1131| 0 8 0
1132| 0 12 0
1133| 0 16 0
1134| 0 20 0
1135| 0 24 0
1136| 0 28 0
1137| 0 32 0
1138| 0 36 0
1139| 0 40 0
1140| 0 43,99999 0
1141| 0 47,99999 0
1142| 0 51,99999 0
1143| 0 55,99999 0
1144| 0 60 0
1145| 0 64 0
1146| 0 68 0
1147| 0 72 0
1148| 0 76,00001 0
1149| 0 80,00001 0
1150| 0 84,00001 0
1151| 0 88,00002 0
1152| 0 92,00002 0
1153| 0 96,00002 0
1154| 0 100 0
1155| 0 104 0
1156| 0 108 0
1157| 0 112 0
1158| 0 116 0
1159| 0 120 0
1160| 0 124 0
1161| 0 128 0
1162| 0 132 0
1163| 0 136 0
1164| 0 140 0
1165| 0 144 0
1166| 0 148 0
1167| 0 152 0
1168| 0 156 0
1169| 0 160 0
1170| 0 164 0
1171| 0 168 0
1172| 0 171,9999 0
1173| 0 175,9999 0
1174| 0 179,9999 0
1175| 0 183,9999 0
1176| 0 187,9999 0
1177| 0 191,9999 0
1178| 0 195,9999 0
1179| 0 199,9999 0
1180| 0 203,9999 0
1181| 0 207,9999 0
1182| 0 211,9999 0
1183| 0 215,9999 0
1184| 0 219,9999 0
1185| 0 223,9999 0
1186| 0 227,9999 0
1187| 0 231,9999 0
1188| 0 235,9999 0
1189| 0 239,9999 0
1190| 0 243,9999 0
1191| 0 247,9999 0
1192| 0 251,9999 0
1193| 0 255,9999 0
1194| 0 259,9999 0
1195| 0 263,9999 0
1196| 0 267,9999 0
1197| 0 271,9998 0
1198| 0 275,9998 0
1199| 0 279,9998 0
1200| 0 283,9998 0
1201| 0 287,9998 0
1202| 0 291,9998 0
1203| 0 295,9998 0
1204| 0 299,9998 0
1205| 0 303,9998 0
1206| 0 307,9998 0
1207| 0 311,9998 0
1208| 0 315,9998 0
1209| 0 319,9998 0
1210| 0 323,9998 0
1211| 0 327,9998 0
1212| 0 331,9998 0
1213| 0 335,9998 0
1214| 0 339,9998 0
1215| 0 343,9998 0
1216| 0 347,9998 0
1217| 0 351,9998 0
1218| 0 355,9998 0
1219| 0 359,9998 0
1220| 0 363,9998 0
1221| 0 367,9998 0
1222| 0 371,9998 0
1223| 0 375,9998 0
1224| 0 379,9998 0
1225| 0 383,9998 0
1226| 0 387,9998 0
1227| 0 391,9998 0
1228| 0 395,9998 0
1229| 0 0 0
1230| 0 0 0
1231| 0,3 0 0
1232| 0,6 0 0
1233| 0,9 0 0
1234| 1,2 0 0
1235| 1,5 0 0
1236| 1,8 0 0
1237| 2,1 0 0
1238| 2,4 0 0
1239| 2,7 0 0
1240| 3 0 0
1241| 3,299999 0 0
1242| 3,599999 0 0
1243| 3,899999 0 0
1244| 4,2 0 0
1245| 4,5 0 0
1246| 4,8 0 0
1247| 5,1 0 0
1248| 5,4 0 0
1249| 5,7 0 0
1250| 0 0 0
1251| 0 0 0
1252| 0 0 0
1253| 0 0 0
1254| 0 4 0
1255| 0 8 0
1256| 0 12 0
1257| 0 16 0
1258| 0 20 0
1259| 0 24 0
1260| 0 28 0
1261| 0 32 0
1262| 0 36 0
1263| 0 40 0
1264| 0 43,99999 0
1265| 0 47,99999 0
1266| 0 51,99999 0
1267| 0 55,99999 0
1268| 0 60 0
1269| 0 64 0
1270| 0 68 0
1271| 0 72 0
1272| 0 76,00001 0
1273| 0 80,00001 0
1274| 0 84,00001 0
1275| 0 88,00002 0
1276| 0 92,00002 0
1277| 0 96,00002 0
1278| 0 100 0
1279| 0 104 0
1280| 0 108 0
1281| 0 112 0
1282| 0 116 0
1283| 0 120 0
1284| 0 124 0
1285| 0 128 0
1286| 0 132 0
1287| 0 136 0
1288| 0 140 0
1289| 0 144 0
1290| 0 148 0
1291| 0 152 0
1292| 0 156 0
1293| 0 160 0
1294| 0 164 0
1295| 0 168 0
1296| 0 171,9999 0
1297| 0 175,9999 0
1298| 0 179,9999 0
1299| 0 183,9999 0
1300| 0 187,9999 0
1301| 0 191,9999 0
1302| 0 195,9999 0
1303| 0 199,9999 0
1304| 0 203,9999 0
1305| 0 207,9999 0
1306| 0 211,9999 0
1307| 0 215,9999 0
1308| 0 219,9999 0
1309| 0 223,9999 0
1310| 0 227,9999 0
1311| 0 231,9999 0
1312| 0 235,9999 0
1313| 0 239,9999 0
1314| 0 243,9999 0
1315| 0 247,9999 0
1316| 0 251,9999 0
1317| 0 255,9999 0
1318| 0 259,9999 0
1319| 0 263,9999 0
1320| 0 267,9999 0
1321| 0 271,9998 0
1322| 0 275,9998 0
1323| 0 279,9998 0
1324| 0 283,9998 0
1325| 0 287,9998 0
1326| 0 291,9998 0
1327| 0 295,9998 0
1328| 0 299,9998 0
1329| 0 303,9998 0
1330| 0 307,9998 0
1331| 0 311,9998 0
1332| 0 315,9998 0
1333| 0 319,9998 0
1334| 0 323,9998 0
1335| 0 327,9998 0
1336| 0 331,9998 0
1337| 0 335,9998 0
1338| 0 339,9998 0
1339| 0 343,9998 0
1340| 0 347,9998 0
1341| 0 351,9998 0
1342| 0 355,9998 0
1343| 0 359,9998 0
1344| 0 363,9998 0
1345| 0 367,9998 0
1346| 0 371,9998 0
1347| 0 375,9998 0
1348| 0 379,9998 0
1349| 0 383,9998 0
1350| 0 387,9998 0
1351| 0 391,9998 0
1352| 0 395,9998 0
1353| 0 399,9997 0
1354| 0 400 0
1355| 0 400 0
1356| 0 400 0
1357| 0 400 0
1358| 0 400 0
1359| 0 400 0
1360| 0 400 0
1361| 0 400 0
1362| 0 400 0
1363| 0 400 0
1364| 0 400 0
1365| 0 400 0
1366| 0 400 0
1367| 0 400 0
1368| 0 400 0
1369| 0 400 0
1370| 0 400 0
1371| 0 400 0
1372| 0 400 0
1373| 0 400 0
1374| 0 400 0
1375| 0 400 0
1376| 0 400 0
1377| 0 400 0
1378| 0 400 0
1379| 0 400 0
1380| 0 400 0
1381| 0 400 0
1382| 0 400 0
1383| 0 400 0
1384| 0 400 0
1385| 0 400 0
1386| 0 400 0
1387| 0 400 0
1388| 0 400 0
1389| 0 400 0
1390| 0 400 0
1391| 0 400 0
1392| 0 400 0
1393| 0 400 0
1394| 0 400 0
1395| 0 400 0
1396| 0 400 0
1397| 0 400 0
1398| 0 400 0
1399| 0 400 0
1400| 0 400 0
1401| 0 400 0
1402| 0 400 0
1403| 0 400 0
1404| 0 400 0
1405| 0 400 0
1406| 0 400 0
1407| 0 400 0
1408| 0 400 0
1409| 0 400 0
1410| 0 400 0
1411| 0 400 0
1412| 0 400 0
1413| 0 400 0
1414| 0 400 0
1415| 0 400 0
1416| 0 400 0
1417| 0 400 0
1418| 0 400 0
1419| 0 400 0
1420| 0 400 0
1421| 0 400 0
1422| 0 400 0
1423| 0 400 0
1424| 0 400 0
1425| 0 400 0
1426| 0 400 0
1427| 0 400 0
1428| 0 400 0
1429| 0 400 0
1430| 0 400 0
1431| 0 400 0
1432| 0 0 0
1433| 0 0 0
1434| 0 0 0
1435| 0 0 0
1436| 0 0 0
1437| 0 4 0
1438| 0 8 0
1439| 0 12 0
1440| 0 16 0
1441| 0 20 0
1442| 0 24 0
1443| 0 28 0
1444| 0 32 0
1445| 0 36 0
1446| 0 40 0
1447| 0 43,99999 0
1448| 0 47,99999 0
1449| 0 51,99999 0
1450| 0 55,99999 0
1451| 0 60 0
1452| 0 64 0
1453| 0 68 0
1454| 0 72 0
1455| 0 76,00001 0
1456| 0 80,00001 0
1457| 0 84,00001 0
1458| 0 88,00002 0
1459| 0 92,00002 0
1460| 0 96,00002 0
1461| 0 100 0
1462| 0 104 0
1463| 0 108 0
1464| 0 112 0
1465| 0 116 0
1466| 0 120 0
1467| 0 124 0
1468| 0 128 0
1469| 0 132 0
1470| 0 136 0
1471| 0 140 0
1472| 0 144 0
1473| 0 148 0
1474| 0 152 0
1475| 0 156 0
1476| 0 160 0
1477| 0 164 0
1478| 0 168 0
1479| 0 171,9999 0
1480| 0 175,9999 0
1481| 0 179,9999 0
1482| 0 183,9999 0
1483| 0 187,9999 0
1484| 0 191,9999 0
1485| 0 195,9999 0
1486| 0 199,9999 0
1487| 0 203,9999 0
1488| 0 207,9999 0
1489| 0 211,9999 0
1490| 0 215,9999 0
1491| 0 219,9999 0
1492| 0 223,9999 0
1493| 0 227,9999 0
1494| 0 231,9999 0
1495| 0 235,9999 0
1496| 0 239,9999 0
1497| 0 243,9999 0
1498| 0 247,9999 0
1499| 0 251,9999 0
1500| 0 255,9999 0
1501| 0 259,9999 0
1502| 0 263,9999 0
1503| 0 267,9999 0
1504| 0 271,9998 0
1505| 0 275,9998 0
1506| 0 279,9998 0
1507| 0 283,9998 0
1508| 0 287,9998 0
1509| 0 291,9998 0
1510| 0 295,9998 0
1511| 0 299,9998 0
1512| 0 303,9998 0
1513| 0 307,9998 0
1514| 0 311,9998 0
1515| 0 315,9998 0
1516| 0 319,9998 0
1517| 0 323,9998 0
1518| 0 327,9998 0
1519| 0 331,9998 0
1520| 0 335,9998 0
1521| 0 339,9998 0
1522| 0 343,9998 0
1523| 0 347,9998 0
1524| 0 351,9998 0
1525| 0 355,9998 0
1526| 0 359,9998 0
1527| 0 363,9998 0
1528| 0 367,9998 0
1529| 0 371,9998 0
1530| 0 375,9998 0
1531| 0 379,9998 0
1532| 0 383,9998 0
1533| 0 387,9998 0
1534| 0 391,9998 0
1535| 0 395,9998 0
1536| 0 399,9997 0
1537| 0 400 0
1538| 0 400 0
1539| 0 400 0
1540| 0 400 0
1541| 0 400 0
1542| 0 400 0
1543| 0 400 0
1544| 0 400 0
1545| 0 400 0
1546| 0 400 0
1547| 0 400 0
1548| 0 400 0
1549| 0 400 0
1550| 0 400 0
1551| 0 400 0
1552| 0 400 0
1553| 0 400 0
1554| 0 400 0
1555| 0 400 0
1556| 0 400 0
1557| 0 400 0
1558| 0 0 0
1559| 0 0 0
1560| 0,3 0 0
1561| 0,6 0 0
1562| 0,9 0 0
1563| 1,2 0 0
1564| 1,5 0 0
1565| 1,8 0 0
1566| 2,1 0 0
1567| 2,4 0 0
1568| 2,7 0 0
1569| 3 0 0
1570| 3,299999 0 0
1571| 3,599999 0 0
1572| 0 0 0
1573| 0 0 0
1574| 0 0 0
1575| 0 0 0
1576| 0 0 0
1577| 0 4 0
1578| 0 8 0
1579| 0 12 0
1580| 0 16 0
1581| 0 20 0
1582| 0 24 0
1583| 0 28 0
1584| 0 32 0
1585| 0 36 0
1586| 0 40 0
1587| 0 43,99999 0
1588| 0 47,99999 0
1589| 0 51,99999 0
1590| 0 55,99999 0
1591| 0 60 0
1592| 0 64 0
1593| 0 68 0
1594| 0 72 0
1595| 0 76,00001 0
1596| 0 0 0
1597| 0 0 0
1598| 0 4 0
1599| 0 8 0
1600| 0 12 0
1601| 0 16 0
1602| 0 20 0
1603| 0 24 0
1604| 0 28 0
1605| 0 32 0
1606| 0 36 0
1607| 0 40 0
1608| 0 43,99999 0
1609| 0 47,99999 0
1610| 0 51,99999 0
1611| 0 55,99999 0
1612| 0 60 0
1613| 0 64 0
1614| 0 68 0
1615| 0 72 0
1616| 0 76,00001 0
1617| 0 80,00001 0
1618| 0 84,00001 0
1619| 0 88,00002 0
1620| 0 92,00002 0
1621| 0 96,00002 0
1622| 0 100 0
1623| 0 104 0
1624| 0 108 0
1625| 0 112 0
1626| 0 116 0
1627| 0 120 0
1628| 0 124 0
1629| 0 128 0
1630| 0 132 0
1631| 0 136 0
1632| 0 140 0
1633| 0 144 0
1634| 0 148 0
1635| 0 152 0
1636| 0 156 0
1637| 0 160 0
1638| 0 164 0
1639| 0 168 0
1640| 0 171,9999 0
1641| 0 175,9999 0
1642| 0 179,9999 0
1643| 0 183,9999 0
1644| 0 187,9999 0
1645| 0 191,9999 0
1646| 0 195,9999 0
1647| 0 199,9999 0
1648| 0 203,9999 0
1649| 0 207,9999 0
1650| 0 211,9999 0
1651| 0 215,9999 0
1652| 0 219,9999 0
1653| 0 223,9999 0
1654| 0 227,9999 0
1655| 0 231,9999 0
1656| 0 235,9999 0
1657| 0 239,9999 0
1658| 0 243,9999 0
1659| 0 247,9999 0
1660| 0 251,9999 0
1661| 0 255,9999 0
1662| 0 259,9999 0
1663| 0 263,9999 0
1664| 0 267,9999 0
1665| 0 271,9998 0
1666| 0 275,9998 0
1667| 0 279,9998 0
1668| 0 283,9998 0
1669| 0 287,9998 0
1670| 0 291,9998 0
1671| 0 295,9998 0
1672| 0 299,9998 0
1673| 0 303,9998 0
1674| 0 307,9998 0
1675| 0 311,9998 0
1676| 0 315,9998 0
1677| 0 319,9998 0
1678| 0 323,9998 0
1679| 0 327,9998 0
1680| 0 331,9998 0
1681| 0 335,9998 0
1682| 0 339,9998 0
1683| 0 343,9998 0
1684| 0 347,9998 0
1685| 0 351,9998 0
1686| 0 355,9998 0
1687| 0 359,9998 0
1688| 0 363,9998 0
1689| 0 367,9998 0
1690| 0 371,9998 0
1691| 0 375,9998 0
1692| 0 379,9998 0
1693| 0 383,9998 0
1694| 0 387,9998 0
1695| 0 391,9998 0
1696| 0 395,9998 0
1697| 0 399,9997 0
1698| 0 400 0
1699| 0 400 0
1700| 0 400 0
1701| 0 400 0
1702| 0 400 0
1703| 0 400 0
1704| 0 400 0
1705| 0 400 0
1706| 0 400 0
1707| 0 400 0
1708| 0 400 0
1709| 0 400 0
1710| 0 400 0
1711| 0 400 0
1712| 0 400 0
1713| 0 400 0
1714| 0 400 0
1715| 0 400 0
1716| 0 400 0
1717| 0 400 0
1718| 0 0 0
1719| 0 0 0
1720| 0 0 0
1721| 0 0 0
1722| 0 0 0
1723| 0 0 0
1724| 0 0 0
1725| 0 0 0
1726| 0 0 0
1727| 0 0 0
1728| 0 0 0
1729| 0 0 0
1730| 0 0 0
1731| 0 0 0
1732| 0 0 0
1733| 0 4 0
1734| 0 8 0
1735| 0 12 0
1736| 0 16 0
1737| 0 20 0
1738| 0 24 0
1739| 0 0 0
1740| 0 0 0
1741| 0 0 0
1742| 0 0 0
1743| 0 0 0
1744| 0 0 0
1745| 0 0 0
1746| 0 0 0
1747| 0 0 0
1748| 0 4 0
1749| 0 8 0
1750| 0 12 0
1751| 0 16 0
1752| 0 0 0
1753| 0 0 0
1754| 0 0 0
1755| 0 0 0
1756| 0 0 0
1757| 0 0 0
1758| 0 4 0
1759| 0 8 0
1760| 0 12 0
1761| 0 16 0
1762| 0 20 0
1763| 0 24 0
1764| 0 28 0
1765| 0 32 0
1766| 0 36 0
1767| 0 40 0
1768| 0 43,99999 0
1769| 0 47,99999 0
1770| 0 51,99999 0
1771| 0 55,99999 0
1772| 0 60 0
1773| 0 64 0
1774| 0 68 0
1775| 0 72 0
1776| 0 76,00001 0
1777| 0 80,00001 0
1778| 0 84,00001 0
1779| 0 88,00002 0
1780| 0 92,00002 0
1781| 0 96,00002 0
1782| 0 100 0
1783| 0 104 0
1784| 0 108 0
1785| 0 112 0
1786| 0 116 0
1787| 0 120 0
1788| 0 0 0
1789| 0 0 0
1790| 0 0 0
1791| 0 0 0
1792| 0 0 0
1793| 0 0 0
1794| 0 0 0
1795| 0 0 0
1796| 0 0 0
1797| 0 0 0
1798| 0 4 0
1799| 0 8 0
1800| 0 12 0
1801| 0 16 0
1802| 0 20 0
1803| 0 24 0
1804| 0 28 0
1805| 0 32 0
1806| 0 36 0
1807| 0 40 0
1808| 0 0 0
1809| 0 0 0
1810| 0 0 0
1811| 0 0 0
1812| 0 0 0
1813| 0 0 0
1814| 0 0 0
1815| 0 0 0
1816| 0 0 0
1817| 0 0 0
1818| 0 0 0
1819| 0 0 0
1820| 0 0 0
1821| 0 0 0
1822| 0 0 0
1823| 0 0 0
1824| 0 0 0
1825| 0 4 0
1826| 0 8 0
1827| 0 12 0
1828| 0 16 0
1829| 0 0 0
1830| 0 0 0
1831| 0 0 0
1832| 0 0 0
1833| 0 0 0
1834| 0 0 0
1835| -0,3 0 0
1836| -0,6 0 0
1837| -0,9 0 0
1838| -1,2 0 0
1839| -1,5 0 0
1840| -1,8 0 0
1841| -2,1 0 0
1842| -2,4 0 0
1843| -2,7 0 0
1844| -3 0 0
1845| -3,299999 0 0
1846| -3,599999 0 0
1847| -3,899999 0 0
1848| -4,2 0 0
1849| -4,5 0 0
1850| -4,8 0 0
1851| -5,1 0 0
1852| -5,4 0 0
1853| -5,7 0 0
1854| -6 0 0
1855| -6,300001 0 0
1856| -6,600001 0 0
1857| -6,900001 0 0
1858| -7,200001 0 0
1859| -7,500001 0 0
1860| -7,800001 0 0
1861| -8,1 0 0
1862| 0 0 0
1863| 0 0 0
1864| 0 0 0
1865| 0 0 0
1866| 0 0 0
1867| 0 0 0
1868| 0 0 0
1869| 0 0 0
1870| 0 0 0
1871| 0 0 0
1872| 0 0 0
1873| 0 0 0
1874| 0 0 0
1875| 0 0 0
1876| 0 0 0
1877| 0 0 0
1878| 0 0 0
1879| 0,3 0 0
1880| 0 0 0
1881| 0 0 0
1882| 0 0 0
1883| 0 0 0
1884| 0 0 0
1885| 0 0 0
1886| 0 0 0
1887| 0 0 0
1888| 0 0 0
1889| 0 0 0
1890| 0 0 0
1891| 0 4 0
1892| 0 8 0
1893| 0 12 0
1894| 0 16 0
1895| 0 20 0
1896| 0 24 0
1897| 0 28 0
1898| 0 32 0
1899| 0 36 0
1900| 0 40 0
1901| 0 43,99999 0
1902| 0 47,99999 0
1903| 0 51,99999 0
1904| 0 55,99999 0
1905| 0 60 0
1906| 0 64 0
1907| 0 68 0
1908| 0 72 0
1909| 0 76,00001 0
1910| 0 80,00001 0
1911| 0 84,00001 0
1912| 0 88,00002 0
1913| 0 92,00002 0
1914| 0 96,00002 0
1915| 0 100 0
1916| 0 104 0
1917| 0 108 0
1918| 0 0 0
1919| 0 0 0
1920| 0 0 0
1921| 0 0 0
1922| 0 0 0
1923| 0 0 0
1924| 0 0 0
1925| 0 0 0
1926| 0 0 0
1927| 0 4 0
1928| 0 8 0
1929| 0 12 0
1930| 0 16 0
1931| 0 20 0
1932| 0 24 0
1933| 0 28 0
1934| 0 32 0
1935| 0 36 0
1936| 0 40 0
1937| 0 43,99999 0
1938| 0 47,99999 0
1939| 0 0 0
1940| 0 0 0
1941| 0 0 0
1942| 0 0 0
1943| 0 0 0
1944| 0 0 0
1945| 0 0 0
1946| 0 0 0
1947| 0 0 0
1948| -0,3 0 0
1949| -0,6 0 0
1950| -0,9 0 0
1951| -1,2 0 0
1952| -1,5 0 0
1953| -1,8 0 0
1954| -2,1 0 0
1955| -2,4 0 0
1956| -2,7 0 0
1957| -3 0 0
1958| -3,299999 0 0
1959| -3,599999 0 0
1960| -3,899999 0 0
1961| -4,2 0 0
1962| -4,5 0 0
1963| -4,8 0 0
1964| -5,1 0 0
1965| -5,4 0 0
1966| -5,7 0 0
1967| -6 0 0
1968| -6,300001 0 0
1969| -6,600001 0 0
1970| -6,900001 0 0
1971| -7,200001 0 0
1972| 0 0 0
1973| 0 0 0
1974| 0 0 0
1975| 0 0 0
1976| 0 0 0
1977| 0 0 0
1978| 0 0 0
1979| 0 0 0
1980| 0 0 0
1981| 0 0 0
1982| 0 0 0
1983| 0 0 0
1984| 0 0 0
1985| 0 4 0
1986| 0 8 0
1987| 0 12 0
1988| 0 16 0
1989| 0 20 0
1990| 0 24 0
1991| 0 28 0
1992| 0 32 0
1993| 0 36 0
1994| 0 40 0
1995| 0 43,99999 0
1996| 0 47,99999 0
1997| 0 51,99999 0
1998| 0 55,99999 0
1999| 0 60 0
2000| 0 64 0
2001| 0 68 0
2002| 0 72 0
2003| 0 76,00001 0
2004| 0 80,00001 0
2005| 0 84,00001 0
2006| 0 88,00002 0
2007| 0 92,00002 0
2008| 0 96,00002 0
2009| 0 100 0
2010| 0 104 0
2011| 0 108 0
2012| 0 112 0
2013| 0 116 0
2014| 0 120 0
2015| 0 124 0
2016| 0 128 0
2017| 0 132 0
2018| 0 136 0
2019| 0 140 0
2020| 0 144 0
2021| 0 148 0
2022| 0 152 0
2023| 0 156 0
2024| 0 160 0
2025| 0 0 0
2026| 0 0 0
2027| 0 0 0
2028| 0 0 0
2029| -0,3 0 0
2030| -0,6 0 0
2031| -0,9 0 0
2032| -1,2 0 0
2033| -1,5 0 0
2034| -1,8 0 0
2035| -2,1 0 0
2036| -2,4 0 0
2037| -2,7 0 0
2038| -3 0 0
2039| -3,299999 0 0
2040| -3,599999 0 0
2041| -3,899999 0 0
2042| -4,2 0 0
2043| -4,5 0 0
2044| -4,8 0 0
2045| -5,1 0 0
2046| -5,4 0 0
2047| -5,7 0 0
2048| -6 0 0
2049| -6,300001 0 0
2050| -6,600001 0 0
2051| -6,900001 0 0
2052| -7,200001 0 0
2053| 0 0 0
2054| 0 0 0
2055| 0 0 0
2056| 0 0 0
2057| 0 0 0
2058| 0 0 0
2059| 0 0 0
2060| 0 0 0
2061| 0 0 0
2062| 0 0 0
2063| 0 0 0
2064| 0 0 0
2065| 0 0 0
2066| 0 0 0
2067| 0 0 0
2068| -0,3 0 0
2069| -0,6 0 0
2070| -0,9 0 0
2071| -1,2 0 0
2072| -1,5 0 0
2073| -1,8 0 0
2074| -2,1 0 0
2075| 0 0 0
2076| 0 0 0
2077| 0 0 0
2078| 0 0 0
2079| 0 0 0
2080| 0 0 0
2081| 0 0 0
2082| 0 0 0
2083| 0 4 0
2084| 0 8 0
2085| 0 12 0
2086| 0 16 0
2087| 0 20 0
2088| 0 24 0
2089| 0 28 0
2090| 0 32 0
2091| 0 36 0
2092| 0 40 0
2093| 0 43,99999 0
2094| 0 47,99999 0
2095| 0 51,99999 0
2096| 0 55,99999 0
2097| 0 60 0
2098| 0 64 0
2099| 0 68 0
2100| 0 72 0
2101| 0 76,00001 0
2102| 0 80,00001 0
2103| 0 84,00001 0
2104| 0 88,00002 0
2105| 0 92,00002 0
2106| 0 96,00002 0
2107| 0 100 0
2108| 0 104 0
2109| 0 108 0
2110| 0 112 0
2111| 0 116 0
2112| 0 120 0
2113| 0 124 0
2114| 0 128 0
2115| 0 132 0
2116| 0 136 0
2117| 0 140 0
2118| 0 144 0
2119| 0 148 0
2120| 0 152 0
2121| 0 156 0
2122| 0 160 0
2123| 0 164 0
2124| 0 168 0
2125| 0 171,9999 0
2126| 0 175,9999 0
2127| 0 179,9999 0
2128| 0 183,9999 0
2129| 0 187,9999 0
2130| 0 191,9999 0
2131| 0 0 0
2132| 0 0 0
2133| 0 0 0
2134| -0,3 0 0
2135| -0,6 0 0
2136| -0,9 0 0
2137| -1,2 0 0
2138| -1,5 0 0
2139| -1,8 0 0
2140| -2,1 0 0
2141| -2,4 0 0
2142| -2,7 0 0
2143| 0 0 0
2144| 0 0 0
2145| 0 0 0
2146| 0 0 0
2147| 0 0 0
2148| 0 0 0
2149| 0 0 0
2150| 0 0 0
2151| 0 0 0
2152| -0,3 0 0
2153| -0,6 0 0
2154| -0,9 0 0
2155| -1,2 0 0
2156| -1,5 0 0
2157| 0 0 0
2158| 0 0 0
2159| 0 0 0
2160| 0 0 0
2161| 0 0 0
2162| 0 0 0
2163| 0 4 0
2164| 0 8 0
2165| 0 12 0
2166| 0 16 0
2167| 0 20 0
2168| 0 24 0
2169| 0 28 0
2170| 0 32 0
2171| 0 36 0
2172| 0 40 0
2173| 0 43,99999 0
2174| 0 47,99999 0
2175| 0 51,99999 0
2176| 0 55,99999 0
2177| 0 60 0
2178| 0 64 0
2179| 0 68 0
2180| 0 72 0
2181| 0 76,00001 0
2182| 0 80,00001 0
2183| 0 84,00001 0
2184| 0 88,00002 0
2185| 0 92,00002 0
2186| 0 96,00002 0
2187| 0 100 0
2188| 0 104 0
2189| 0 108 0
2190| 0 112 0
2191| 0 116 0
2192| 0 120 0
2193| 0 124 0
2194| 0 128 0
2195| 0 132 0
2196| 0 136 0
2197| 0 140 0
2198| 0 144 0
2199| 0 148 0
2200| 0 152 0
2201| 0 156 0
2202| 0 160 0
2203| 0 0 0
2204| 0 0 0
2205| 0 0 0
2206| 0 0 0
2207| 0 0 0
2208| 0 0 0
2209| 0 0 0
2210| 0 0 0
2211| 0 0 0
2212| 0 0 0
2213| 0 0 0
2214| 0 0 0
2215| 0 0 0
2216| 0 0 0
2217| 0 0 0
2218| 0 0 0
2219| 0 0 0
2220| 0 0 0
2221| 0 0 0
2222| 0 0 0
2223| 0 4 0
2224| 0 8 0
2225| 0 12 0
2226| 0 16 0
2227| 0 20 0
2228| 0 24 0
2229| 0 28 0
2230| 0 32 0
2231| 0 36 0
2232| 0 40 0
2233| 0 43,99999 0
2234| 0 47,99999 0
2235| 0 51,99999 0
2236| 0 55,99999 0
2237| 0 60 0
2238| 0 64 0
2239| 0 68 0
2240| 0 72 0
2241| 0 76,00001 0
2242| 0 0 0
2243| 0 0 0
2244| 0 0 0
2245| 0 0 0
2246| 0 0 0
2247| 0 0 0
2248| 0 0 0
2249| 0 0 0
2250| 0 0 0
2251| 0 0 0
2252| 0 0 0
2253| 0 0 0
2254| 0 0 0
2255| 0 0 0
2256| 0 0 0
2257| 0 0 0
2258| 0 0 0
2259| 0 0 0
2260| 0 0 0
2261| 0 0 0
2262| 0 0 0
2263| 0 0 0
2264| 0 0 0
2265| 0 4 0
2266| 0 8 0
2267| 0 12 0
2268| 0 16 0
2269| 0 20 0
2270| 0 24 0
2271| 0 28 0
2272| 0 32 0
2273| 0 36 0
2274| 0 40 0
2275| 0 43,99999 0
2276| 0 47,99999 0
2277| 0 51,99999 0
2278| 0 55,99999 0
2279| 0 60 0
2280| 0 64 0
2281| 0 68 0
2282| 0 0 0
2283| 0 0 0
2284| 0 0 0
2285| 0 0 0
2286| 0 0 0
2287| 0 0 0
2288| 0 0 0
2289| 0 0 0
2290| 0 0 0
2291| 0 0 0
2292| 0 0 0
2293| 0 0 0
2294| 0 0 0
2295| 0 0 0
2296| 0 0 0
2297| 0 0 0
2298| 0 4 0
2299| 0 8 0
2300| 0 12 0
2301| 0 16 0
2302| 0 20 0
2303| 0 24 0
2304| 0 28 0
2305| 0 32 0
2306| 0 36 0
2307| 0 40 0
2308| 0 43,99999 0
2309| 0 47,99999 0
2310| 0 51,99999 0
2311| 0 55,99999 0
2312| 0 60 0
2313| 0 64 0
2314| 0 68 0
2315| 0 72 0
2316| 0 76,00001 0
2317| 0 80,00001 0
2318| 0 84,00001 0
2319| 0 88,00002 0
2320| 0 92,00002 0
2321| 0 96,00002 0
2322| 0 100 0
2323| 0 104 0
2324| 0 108 0
2325| 0 112 0
2326| 0 116 0
2327| 0 120 0
2328| 0 124 0
2329| 0 128 0
2330| 0 132 0
2331| 0 136 0
2332| 0 140 0
2333| 0 144 0
2334| 0 148 0
2335| 0 152 0
2336| 0 156 0
2337| 0 160 0
2338| 0 164 0
2339| 0 168 0
2340| 0 171,9999 0
2341| 0 175,9999 0
2342| 0 179,9999 0
2343| 0 183,9999 0
2344| 0 187,9999 0
2345| 0 191,9999 0
2346| 0 195,9999 0
2347| 0 199,9999 0
2348| 0 203,9999 0
2349| 0 207,9999 0
2350| 0 211,9999 0
2351| 0 215,9999 0
2352| 0 219,9999 0
2353| 0 223,9999 0
2354| 0 227,9999 0
2355| 0 231,9999 0
2356| 0 235,9999 0
2357| 0 0 0
2358| 0 0 0
2359| 0 0 0
2360| 0 0 0
2361| 0 0 0
2362| 0 0 0
2363| 0 0 0
2364| 0 0 0
2365| 0 0 0
2366| 0 0 0
2367| 0 4 0
2368| 0 8 0
2369| 0 12 0
2370| 0 16 0
2371| 0 20 0
2372| 0 24 0
2373| 0 28 0
2374| 0 32 0
2375| 0 36 0
2376| 0 40 0
2377| 0 43,99999 0
2378| 0 47,99999 0
2379| 0 51,99999 0
2380| 0 55,99999 0
2381| 0 60 0
2382| 0 64 0
2383| 0 68 0
2384| 0 72 0
2385| 0 0 0
2386| 0 0 0
2387| 0 0 0
2388| 0 0 0
2389| 0 0 0
2390| 0 0 0
2391| 0 0 0
2392| 0 0 0
2393| 0,3 0 0
2394| 0,6 0 0
2395| 0,9 0 0
2396| 1,2 0 0
2397| 1,5 0 0
2398| 1,8 0 0
2399| 2,1 0 0
2400| 2,4 0 0
2401| 2,7 0 0
2402| 3 0 0
2403| 3,299999 0 0
2404| 3,599999 0 0
2405| 3,899999 0 0
2406| 4,2 0 0
2407| 0 0 0
2408| 0 0 0
2409| 0 0 0
2410| 0 0 0
2411| 0 0 0
2412| 0 0 0
2413| 0 0 0
2414| 0 0 0
2415| 0,3 0 0
2416| 0,6 0 0
2417| 0,9 0 0
2418| 1,2 0 0
2419| 1,5 0 0
2420| 1,8 0 0
2421| 2,1 0 0
2422| 2,4 0 0
2423| 2,7 0 0
2424| 3 0 0
2425| 3,299999 0 0
2426| 3,599999 0 0
2427| 3,899999 0 0
2428| 4,2 0 0
2429| 4,5 0 0
2430| 4,8 0 0
2431| 5,1 0 0
2432| 5,4 0 0
2433| 5,7 0 0
2434| 6 0 0
2435| 6,300001 0 0
2436| 6,600001 0 0
2437| 6,900001 0 0
2438| 7,200001 0 0
2439| 7,500001 0 0
2440| 7,800001 0 0
2441| 8,1 0 0
2442| 8,4 0 0
2443| 8,7 0 0
2444| 8,999999 0 0
2445| 9,299999 0 0
2446| 9,599998 0 0
2447| 9,899999 0 0
2448| 10,2 0 0
2449| 10,5 0 0
2450| 10,8 0 0
2451| 11,1 0 0
2452| 0 0 0
2453| 0 0 0
2454| 0 0 0
2455| 0 0 0
2456| 0 0 0
2457| 0 0 0
2458| 0 0 0
2459| 0,3 0 0
2460| 0,6 0 0
2461| 0,9 0 0
2462| 1,2 0 0
2463| 1,5 0 0
2464| 1,8 0 0
2465| 2,1 0 0
2466| 2,4 0 0
2467| 0 0 0
2468| 0 0 0
2469| 0 0 0
2470| 0 0 0
2471| 0 0 0
2472| 0 0 0
2473| 0,3 0 0
2474| 0,6 0 0
2475| 0,9 0 0
2476| 1,2 0 0
2477| 1,5 0 0
2478| 1,8 0 0
2479| 2,1 0 0
2480| 2,4 0 0
2481| 2,7 0 0
2482| 3 0 0
2483| 3,299999 0 0
2484| 3,599999 0 0
2485| 3,899999 0 0
2486| 4,2 0 0
2487| 4,5 0 0
2488| 4,8 0 0
2489| 5,1 0 0
2490| 5,4 0 0
2491| 5,7 0 0
2492| 6 0 0
2493| 6,300001 0 0
2494| 6,600001 0 0
2495| 6,900001 0 0
2496| 7,200001 0 0
2497| 7,500001 0 0
2498| 7,800001 0 0
2499| 8,1 0 0
2500| 0 0 0
2501| 0 0 0
2502| 0 0 0
2503| 0 0 0
2504| 0 0 0
2505| 0 0 0
2506| 0,3 0 0
2507| 0,6 0 0
2508| 0,9 0 0
2509| 1,2 0 0
2510| 1,5 0 0
2511| 1,8 0 0
2512| 2,1 0 0
2513| 0 0 0
2514| 0 0 0
2515| 0 0 0
2516| 0 0 0
2517| 0 0 0
2518| 0 0 0
2519| 0,3 0 0
2520| 0,6 0 0
2521| 0,9 0 0
2522| 1,2 0 0
2523| 1,5 0 0
2524| 1,8 0 0
2525| 2,1 0 0
2526| 2,4 0 0
2527| 2,7 0 0
2528| 3 0 0
2529| 3,299999 0 0
2530| 3,599999 0 0
2531| 3,899999 0 0
2532| 4,2 0 0
2533| 4,5 0 0
2534| 4,8 0 0
2535| 5,1 0 0
2536| 5,4 0 0
2537| 5,7 0 0
2538| 6 0 0
2539| 6,300001 0 0
2540| 6,600001 0 0
2541| 6,900001 0 0
2542| 7,200001 0 0
2543| 7,500001 0 0
2544| 7,800001 0 0
2545| 8,1 0 0
2546| 8,4 0 0
2547| 8,7 0 0
2548| 8,999999 0 0
2549| 9,299999 0 0
2550| 9,599998 0 0
2551| 9,899999 0 0
2552| 10,2 0 0
2553| 10,5 0 0
2554| 10,8 0 0
2555| 11,1 0 0
2556| 11,4 0 0
2557| 11,7 0 0
2558| 12 0 0
2559| 12,3 0 0
2560| 12,6 0 0
2561| 12,9 0 0
2562| 13,2 0 0
2563| 13,5 0 0
2564| 13,79999 0 0
2565| 14,09999 0 0
2566| 14,39999 0 0
2567| 0 0 0
2568| 0 0 0
2569| 0 0 0
2570| 0 0 0
2571| 0 0 0
2572| 0 0 0
2573| 0 0 0
2574| 0 0 0
2575| 0 0 0
2576| 0 0 0
2577| 0 0 0
2578| 0 0 0
2579| 0 0 0
2580| 0 0 0
2581| 0 0 0
2582| 0 0 0
2583| 0 0 0
2584| 0 0 0
2585| 0 0 0
2586| 0 0 0
2587| 0 0 0
2588| 0 0 0
2589| 0 0 0
2590| 0 0 0
2591| 0 0 0
2592| 0,3 0 0
2593| 0,6 0 0
2594| 0,9 0 0
2595| 1,2 0 0
2596| 1,5 0 0
2597| 1,8 0 0
2598| 2,1 0 0
2599| 2,4 0 0
2600| 2,7 0 0
2601| 3 0 0
2602| 3,299999 0 0
2603| 3,599999 0 0
2604| 3,899999 0 0
2605| 4,2 0 0
2606| 4,5 0 0
2607| 4,8 0 0
2608| 5,1 0 0
2609| 5,4 0 0
2610| 5,7 0 0
2611| 6 0 0
2612| 6,300001 0 0
2613| 6,600001 0 0
2614| 6,900001 0 0
2615| 7,200001 0 0
2616| 7,500001 0 0
2617| 7,800001 0 0
2618| 8,1 0 0
2619| 8,4 0 0
2620| 8,7 0 0
2621| 8,999999 0 0
2622| 9,299999 0 0
2623| 9,599998 0 0
2624| 9,899999 0 0
2625| 10,2 0 0
2626| 10,5 0 0
2627| 10,8 0 0
2628| 11,1 0 0
2629| 11,4 0 0
2630| 11,7 0 0
2631| 12 0 0
2632| 12,3 0 0
2633| 12,6 0 0
2634| 12,9 0 0
2635| 13,2 0 0
2636| 13,5 0 0
2637| 0 0 0
2638| 0 0 0
2639| 0 0 0
2640| 0 0 0
2641| 0 0 0
2642| 0 0 0
2643| 0 0 0
2644| 0 0 0
2645| 0 0 0
2646| 0 0 0
2647| 0 0 0
2648| 0 0 0
2649| 0 0 0
2650| 0 0 0
2651| 0,3 0 0
2652| 0,6 0 0
2653| 0,9 0 0
2654| 1,2 0 0
2655| 1,5 0 0
2656| 1,8 0 0
2657| 2,1 0 0
2658| 0 0 0
2659| 0 0 0
2660| 0 0 0
2661| 0 0 0
2662| 0 0 0
2663| 0 0 0
2664| 0 0 0
2665| 0 0 0
2666| 0 0 0
2667| 0 0 0
2668| 0 0 0
2669| 0,3 0 0
2670| 0,6 0 0
2671| 0,9 0 0
2672| 1,2 0 0
2673| 1,5 0 0
2674| 1,8 0 0
2675| 2,1 0 0
2676| 2,4 0 0
2677| 2,7 0 0
2678| 0 0 0
2679| 0 0 0
2680| 0 0 0
2681| 0 4 0
2682| 0 8 0
2683| 0 12 0
2684| 0 16 0
2685| 0 20 0
2686| 0 24 0
2687| 0 28 0
2688| 0 32 0
2689| 0 36 0
2690| 0 40 0
2691| 0 43,99999 0
2692| 0 47,99999 0
2693| 0 51,99999 0
2694| 0 55,99999 0
2695| 0 60 0
2696| 0 64 0
2697| 0 68 0
2698| 0 0 0
2699| 0 0 0
2700| 0 0 0
2701| 0 0 0
2702| 0 0 0
2703| 0 0 0
2704| 0 0 0
2705| 0 0 0
2706| 0 0 0
2707| 0 0 0
2708| 0 0 0
2709| 0 0 0
2710| 0 0 0
2711| 0 0 0
2712| -0,3 0 0
2713| -0,6 0 0
2714| -0,9 0 0
2715| -1,2 0 0
2716| -1,5 0 0
2717| -1,8 0 0
2718| -2,1 0 0
2719| -2,4 0 0
2720| -2,7 0 0
2721| -3 0 0
2722| -3,299999 0 0
2723| -3,599999 0 0
2724| -3,899999 0 0
2725| -4,2 0 0
2726| -4,5 0 0
2727| -4,8 0 0
2728| -5,1 0 0
2729| -5,4 0 0
2730| -5,7 0 0
2731| -6 0 0
2732| -6,300001 0 0
2733| -6,600001 0 0
2734| -6,900001 0 0
2735| -7,200001 0 0
2736| -7,500001 0 0
2737| -7,800001 0 0
2738| -8,1 0 0
2739| -8,4 0 0
2740| -8,7 0 0
2741| -8,999999 0 0
2742| -9,299999 0 0
2743| -9,599998 0 0
2744| -9,899999 0 0
2745| -10,2 0 0
2746| -10,5 0 0
2747| -10,8 0 0
2748| -11,1 0 0
2749| -11,4 0 0
2750| -11,7 0 0
2751| -12 0 0
2752| -12,3 0 0
2753| 0 0 0
2754| 0 0 0
2755| 0 0 0
2756| 0 0 0
2757| 0 0 0
2758| 0 0 0
2759| 0 0 0
2760| 0 0 0
2761| 0 0 0
2762| 0 0 0
2763| 0 0 0
2764| 0 0 0
2765| 0 0 0
2766| -0,3 0 0
2767| -0,6 0 0
2768| -0,9 0 0
2769| -1,2 0 0
2770| -1,5 0 0
2771| -1,8 0 0
2772| -2,1 0 0
2773| -2,4 0 0
2774| -2,7 0 0
2775| -3 0 0
2776| -3,299999 0 0
2777| -3,599999 0 0
2778| -3,899999 0 0
2779| -4,2 0 0
2780| -4,5 0 0
2781| -4,8 0 0
2782| -5,1 0 0
2783| -5,4 0 0
2784| -5,7 0 0
2785| -6 0 0
2786| -6,300001 0 0
2787| -6,600001 0 0
2788| -6,900001 0 0
2789| -7,200001 0 0
2790| -7,500001 0 0
2791| -7,800001 0 0
2792| -8,1 0 0
2793| -8,4 0 0
2794| -8,7 0 0
2795| -8,999999 0 0
2796| -9,299999 0 0
2797| -9,599998 0 0
2798| -9,899999 0 0
2799| -10,2 0 0
2800| -10,5 0 0
2801| -10,8 0 0
2802| -11,1 0 0
2803| -11,4 0 0
2804| -11,7 0 0
2805| -12 0 0
2806| -12,3 0 0
2807| -12,6 0 0
2808| -12,9 0 0
2809| -13,2 0 0
2810| -13,5 0 0
2811| -13,79999 0 0
2812| -14,09999 0 0
2813| -14,39999 0 0
2814| 0 0 0
2815| 0 0 0
2816| 0 0 0
2817| 0 0 0
2818| 0 0 0
2819| -0,3 0 0
2820| -0,6 0 0
2821| -0,9 0 0
2822| -1,2 0 0
2823| -1,5 0 0
2824| -1,8 0 0
2825| -2,1 0 0
2826| -2,4 0 0
2827| -2,7 0 0
2828| -3 0 0
2829| -3,299999 0 0
2830| -3,599999 0 0
2831| -3,899999 0 0
2832| -4,2 0 0
2833| -4,5 0 0
2834| -4,8 0 0
2835| -5,1 0 0
2836| -5,4 0 0
2837| -5,7 0 0
2838| -6 0 0
2839| -6,300001 0 0
2840| -6,600001 0 0
2841| -6,900001 0 0
2842| -7,200001 0 0
2843| -7,500001 0 0
2844| -7,800001 0 0
2845| -8,1 0 0
2846| -8,4 0 0
2847| -8,7 0 0
2848| -8,999999 0 0
2849| -9,299999 0 0
2850| -9,599998 0 0
2851| -9,899999 0 0
2852| -10,2 0 0
2853| -10,5 0 0
2854| -10,8 0 0
2855| -11,1 0 0
2856| -11,4 0 0
2857| -11,7 0 0
2858| -12 0 0
2859| -12,3 0 0
2860| -12,6 0 0
2861| -12,9 0 0
2862| -13,2 0 0
2863| -13,5 0 0
2864| -13,79999 0 0
2865| -14,09999 0 0
2866| -14,39999 0 0
2867| -14,69999 0 0
2868| -14,99999 0 0
2869| -15,29999 0 0
2870| -15,59999 0 0
2871| -15,89999 0 0
2872| -16,19999 0 0
2873| -16,49999 0 0
2874| -16,79999 0 0
2875| -17,09999 0 0
2876| 0 0 0
2877| 0 0 0
2878| 0 0 0
2879| 0 4 0
2880| 0 8 0
2881| 0 12 0
2882| 0 16 0
2883| 0 20 0
2884| 0 24 0
2885| 0 28 0
2886| 0 32 0
2887| 0 36 0
2888| 0 40 0
2889| 0 43,99999 0
2890| 0 47,99999 0
2891| 0 51,99999 0
2892| 0 55,99999 0
2893| 0 60 0
2894| 0 64 0
2895| 0 68 0
2896| 0 72 0
2897| 0 76,00001 0
2898| 0 80,00001 0
2899| 0 84,00001 0
2900| 0 0 0
2901| 0 0 0
2902| 0 0 0
2903| 0 0 0
2904| 0 0 0
2905| 0 0 0
2906| 0 0 0
2907| 0 0 0
2908| 0 4 0
2909| 0 8 0
2910| 0 12 0
2911| 0 16 0
2912| 0 20 0
2913| 0 24 0
2914| 0 28 0
2915| 0 32 0
2916| 0 36 0
2917| 0 40 0
2918| 0 43,99999 0
2919| 0 47,99999 0
2920| 0 51,99999 0
2921| 0 55,99999 0
2922| 0 60 0
2923| 0 64 0
2924| 0 68 0
2925| 0 72 0
2926| 0 76,00001 0
2927| 0 80,00001 0
2928| 0 84,00001 0
2929| 0 88,00002 0
2930| 0 92,00002 0
2931| 0 96,00002 0
2932| 0 100 0
2933| 0 104 0
2934| 0 108 0
2935| 0 112 0
2936| 0 116 0
2937| 0 120 0
2938| 0 124 0
2939| 0 128 0
2940| 0 132 0
2941| 0 136 0
2942| 0 140 0
2943| 0 144 0
2944| 0 148 0
2945| 0 152 0
2946| 0 156 0
2947| 0 160 0
2948| 0 164 0
2949| 0 168 0
2950| 0 171,9999 0
2951| 0 175,9999 0
2952| 0 179,9999 0
2953| 0 183,9999 0
2954| 0 187,9999 0
2955| 0 191,9999 0
2956| 0 195,9999 0
2957| 0 199,9999 0
2958| 0 0 0
2959| 0 0 0
2960| -0,3 0 0
2961| -0,6 0 0
2962| -0,9 0 0
2963| -1,2 0 0
2964| -1,5 0 0
2965| -1,8 0 0
2966| -2,1 0 0
2967| -2,4 0 0
2968| -2,7 0 0
2969| -3 0 0
2970| -3,299999 0 0
2971| -3,599999 0 0
2972| -3,899999 0 0
2973| -4,2 0 0
2974| -4,5 0 0
2975| -4,8 0 0
2976| -5,1 0 0
2977| -5,4 0 0
2978| -5,7 0 0
2979| -6 0 0
2980| -6,300001 0 0
2981| -6,600001 0 0
2982| -6,900001 0 0
2983| -7,200001 0 0
2984| -7,500001 0 0
2985| -7,800001 0 0
2986| -8,1 0 0
2987| -8,4 0 0
2988| -8,7 0 0
2989| -8,999999 0 0
2990| -9,299999 0 0
2991| -9,599998 0 0
2992| -9,899999 0 0
2993| -10,2 0 0
2994| -10,5 0 0
2995| -10,8 0 0
2996| -11,1 0 0
2997| -11,4 0 0
2998| -11,7 0 0
2999| -12 0 0
3000| -12,3 0 0
3001| -12,6 0 0
3002| -12,9 0 0
3003| -13,2 0 0
3004| -13,5 0 0
3005| -13,79999 0 0
3006| -14,09999 0 0
3007| 0 0 0
3008| 0 0 0
3009| 0 0 0
3010| 0 0 0
3011| 0 0 0
3012| 0 0 0
3013| 0 0 0
3014| 0 4 0
3015| 0 8 0
3016| 0 12 0
3017| 0 16 0
3018| 0 20 0
3019| 0 24 0
3020| 0 28 0
3021| 0 32 0
3022| 0 36 0
3023| 0 40 0
3024| 0 43,99999 0
3025| 0 47,99999 0
3026| 0 51,99999 0
3027| 0 55,99999 0
3028| 0 60 0
3029| 0 64 0
3030| 0 68 0
3031| 0 72 0
3032| 0 76,00001 0
3033| 0 80,00001 0
3034| 0 84,00001 0
3035| 0 88,00002 0
3036| 0 92,00002 0
3037| 0 96,00002 0
3038| 0 100 0
3039| 0 104 0
3040| 0 108 0
3041| 0 112 0
3042| 0 116 0
3043| 0 120 0
3044| 0 124 0
3045| 0 128 0
3046| 0 132 0
3047| 0 136 0
3048| 0 140 0
3049| 0 144 0
3050| 0 148 0
3051| 0 152 0
3052| 0 156 0
3053| 0 160 0
3054| 0 164 0
3055| 0 0 0
3056| 0 0 0
3057| 0 0 0
3058| 0 0 0
3059| 0 0 0
3060| 0 0 0
3061| 0 0 0
3062| -0,3 0 0
3063| -0,6 0 0
3064| -0,9 0 0
3065| -1,2 0 0
3066| -1,5 0 0
3067| -1,8 0 0
3068| -2,1 0 0
3069| -2,4 0 0
3070| -2,7 0 0
3071| -3 0 0
3072| -3,299999 0 0
3073| -3,599999 0 0
3074| -3,899999 0 0
3075| -4,2 0 0
3076| -4,5 0 0
3077| -4,8 0 0
3078| -5,1 0 0
3079| -5,4 0 0
3080| -5,7 0 0
3081| -6 0 0
3082| -6,300001 0 0
3083| -6,600001 0 0
3084| -6,900001 0 0
3085| -7,200001 0 0
3086| -7,500001 0 0
3087| -7,800001 0 0
3088| -8,1 0 0
3089| -8,4 0 0
3090| -8,7 0 0
3091| -8,999999 0 0
3092| -9,299999 0 0
3093| -9,599998 0 0
3094| -9,899999 0 0
3095| -10,2 0 0
3096| -10,5 0 0
3097| -10,8 0 0
3098| -11,1 0 0
3099| -11,4 0 0
3100| -11,7 0 0
3101| -12 0 0
3102| -12,3 0 0
3103| -12,6 0 0
3104| -12,9 0 0
3105| -13,2 0 0
3106| -13,5 0 0
3107| 0 0 0
3108| 0 0 0
3109| 0 0 0
3110| 0 0 0
3111| 0 0 0
3112| 0 0 0
3113| 0 0 0
3114| 0 0 0
3115| 0 0 0
3116| -0,3 0 0
3117| -0,6 0 0
3118| -0,9 0 0
3119| -1,2 0 0
3120| -1,5 0 0
3121| -1,8 0 0
3122| -2,1 0 0
3123| -2,4 0 0
3124| -2,7 0 0
3125| -3 0 0
3126| -3,299999 0 0
3127| -3,599999 0 0
3128| -3,899999 0 0
3129| -4,2 0 0
3130| -4,5 0 0
3131| -4,8 0 0
3132| -5,1 0 0
3133| -5,4 0 0
3134| -5,7 0 0
3135| -6 0 0
3136| -6,300001 0 0
3137| -6,600001 0 0
3138| -6,900001 0 0
3139| -7,200001 0 0
3140| -7,500001 0 0
3141| -7,800001 0 0
3142| -8,1 0 0
3143| -8,4 0 0
3144| -8,7 0 0
3145| -8,999999 0 0
3146| -9,299999 0 0
3147| -9,599998 0 0
3148| -9,899999 0 0
3149| -10,2 0 0
3150| -10,5 0 0
3151| -10,8 0 0
3152| -11,1 0 0
3153| -11,4 0 0
3154| -11,7 0 0
3155| -12 0 0
3156| -12,3 0 0
3157| -12,6 0 0
3158| -12,9 0 0
3159| -13,2 0 0
3160| -13,5 0 0
3161| -13,79999 0 0
3162| -14,09999 0 0
3163| -14,39999 0 0
3164| 0 0 0
3165| 0 0 0
3166| 0 0 0
3167| 0 0 0
3168| 0 0 0
3169| 0,3 0 0
3170| 0,6 0 0
3171| 0,9 0 0
3172| 1,2 0 0
3173| 1,5 0 0
3174| 1,8 0 0
3175| 2,1 0 0
3176| 2,4 0 0
3177| 2,7 0 0
3178| 3 0 0
3179| 3,299999 0 0
3180| 3,599999 0 0
3181| 3,899999 0 0
3182| 4,2 0 0
3183| 4,5 0 0
3184| 4,8 0 0
3185| 5,1 0 0
3186| 5,4 0 0
3187| 5,7 0 0
3188| 6 0 0
3189| 6,300001 0 0
3190| 6,600001 0 0
3191| 6,900001 0 0
3192| 7,200001 0 0
3193| 7,500001 0 0
3194| 0 0 0
3195| 0 0 0
3196| 0 0 0
3197| 0 0 0
3198| 0 0 0
3199| 0 0 0
3200| 0 0 0
3201| 0 0 0
3202| 0 0 0
3203| 0 0 0
3204| 0 0 0
3205| 0 0 0
3206| 0,3 0 0
3207| 0,6 0 0
3208| 0,9 0 0
3209| 1,2 0 0
3210| 1,5 0 0
3211| 1,8 0 0
3212| 2,1 0 0
3213| 2,4 0 0
3214| 2,7 0 0
3215| 3 0 0
3216| 3,299999 0 0
3217| 3,599999 0 0
3218| 3,899999 0 0
3219| 4,2 0 0
3220| 4,5 0 0
3221| 4,8 0 0
3222| 5,1 0 0
3223| 5,4 0 0
3224| 5,7 0 0
3225| 6 0 0
3226| 6,300001 0 0
3227| 6,600001 0 0
3228| 6,900001 0 0
3229| 7,200001 0 0
3230| 0 0 0
3231| 0 0 0
3232| 0 0 0
3233| 0 0 0
3234| 0 0 0
3235| 0 0 0
3236| 0 4 0
3237| 0 8 0
3238| 0 12 0
3239| 0 16 0
3240| 0 20 0
3241| 0 24 0
3242| 0 28 0
3243| 0 32 0
3244| 0 36 0
3245| 0 40 0
3246| 0 43,99999 0
3247| 0 47,99999 0
3248| 0 51,99999 0
3249| 0 55,99999 0
3250| 0 60 0
3251| 0 64 0
3252| 0 68 0
3253| 0 72 0
3254| 0 76,00001 0
3255| 0 80,00001 0
3256| 0 84,00001 0
3257| 0 88,00002 0
3258| 0 92,00002 0
3259| 0 96,00002 0
3260| 0 100 0
3261| 0 104 0
3262| 0 108 0
3263| 0 112 0
3264| 0 116 0
3265| 0 120 0
3266| 0 124 0
3267| 0 128 0
3268| 0 132 0
3269| 0 136 0
3270| 0 140 0
3271| 0 144 0
3272| 0 148 0
3273| 0 152 0
3274| 0 156 0
3275| 0 160 0
3276| 0 164 0
3277| 0 168 0
3278| 0 171,9999 0
3279| 0 175,9999 0
3280| 0 179,9999 0
3281| 0 183,9999 0
3282| 0 187,9999 0
3283| 0 191,9999 0
3284| 0 195,9999 0
3285| 0 199,9999 0
3286| 0 203,9999 0
3287| 0 207,9999 0
3288| 0 211,9999 0
3289| 0 215,9999 0
3290| 0 219,9999 0
3291| 0 223,9999 0
3292| 0 227,9999 0
3293| 0 231,9999 0
3294| 0 235,9999 0
3295| 0 239,9999 0
3296| 0 243,9999 0
3297| 0 247,9999 0
3298| 0 251,9999 0
3299| 0 255,9999 0
3300| 0 259,9999 0
3301| 0 263,9999 0
3302| 0 267,9999 0
3303| 0 271,9998 0
3304| 0 275,9998 0
3305| 0 0 0
3306| 0 0 0
3307| 0 0 0
3308| 0 0 0
3309| 0 0 0
3310| 0 0 0
3311| 0 0 0
3312| 0 0 0
3313| 0 0 0
3314| 0 0 0
3315| 0 0 0
3316| 0 0 0
3317| 0 0 0
3318| 0 0 0
3319| 0 0 0
3320| 0 4 0
3321| 0 8 0
3322| 0 0 0
3323| 0 0 0
3324| 0 0 0
3325| 0 0 0
3326| 0 0 0
3327| 0 0 0
3328| 0 0 0
3329| 0 0 0
3330| 0 0 0
3331| 0 0 0
3332| 0 4 0
3333| 0 8 0
3334| 0 12 0
3335| 0 16 0
3336| 0 20 0
3337| 0 24 0
3338| 0 28 0
3339| 0 32 0
3340| 0 36 0
3341| 0 40 0
3342| 0 43,99999 0
3343| 0 47,99999 0
3344| 0 51,99999 0
3345| 0 55,99999 0
3346| 0 60 0
3347| 0 64 0
3348| 0 68 0
3349| 0 72 0
3350| 0 76,00001 0
3351| 0 80,00001 0
3352| 0 84,00001 0
3353| 0 88,00002 0
3354| 0 92,00002 0
3355| 0 96,00002 0
3356| 0 100 0
3357| 0 104 0
3358| 0 108 0
3359| 0 112 0
3360| 0 0 0
3361| 0 0 0
3362| 0 0 0
3363| 0 0 0
3364| 0 0 0
3365| 0 0 0
3366| 0 0 0
3367| 0 0 0
3368| 0 0 0
3369| 0 0 0
3370| 0 0 0
3371| 0 0 0
3372| 0 0 0
3373| 0 0 0
3374| 0 0 0
3375| 0 0 0
3376| 0 0 0
3377| 0 0 0
3378| 0 0 0
3379| 0 4 0
3380| 0 8 0
3381| 0 12 0
3382| 0 16 0
3383| 0 0 0
3384| 0 0 0
3385| 0 0 0
3386| 0 0 0
3387| 0 0 0
3388| 0 0 0
3389| 0 0 0
3390| -0,3 0 0
3391| -0,6 0 0
3392| -0,9 0 0
3393| -1,2 0 0
3394| -1,5 0 0
3395| -1,8 0 0
3396| -2,1 0 0
3397| -2,4 0 0
3398| -2,7 0 0
3399| -3 0 0
3400| -3,299999 0 0
3401| -3,599999 0 0
3402| -3,899999 0 0
3403| -4,2 0 0
3404| -4,5 0 0
3405| -4,8 0 0
3406| -5,1 0 0
3407| 0 0 0
3408| 0 0 0
3409| 0 0 0
3410| 0 0 0
3411| 0 0 0
3412| 0 0 0
3413| -0,3 0 0
3414| -0,6 0 0
3415| -0,9 0 0
3416| -1,2 0 0
3417| -1,5 0 0
3418| -1,8 0 0
3419| -2,1 0 0
3420| -2,4 0 0
3421| -2,7 0 0
3422| -3 0 0
3423| -3,299999 0 0
3424| -3,599999 0 0
3425| -3,899999 0 0
3426| -4,2 0 0
3427| -4,5 0 0
3428| 0 0 0
3429| 0 0 0
3430| 0 0 0
3431| 0 0 0
3432| 0 0 0
3433| 0 0 0
3434| 0 0 0
3435| 0 0 0
3436| 0 0 0
3437| 0 0 0
3438| 0 0 0
3439| 0 0 0
3440| 0 0 0
3441| 0 0 0
3442| 0 0 0
3443| 0 0 0
3444| -0,3 0 0
3445| -0,6 0 0
3446| -0,9 0 0
3447| -1,2 0 0
3448| -1,5 0 0
3449| -1,8 0 0
3450| -2,1 0 0
3451| -2,4 0 0
3452| -2,7 0 0
3453| -3 0 0
3454| -3,299999 0 0
3455| -3,599999 0 0
3456| -3,899999 0 0
3457| -4,2 0 0
3458| -4,5 0 0
3459| -4,8 0 0
3460| -5,1 0 0
3461| -5,4 0 0
3462| 0 0 0
3463| 0 0 0
3464| 0 0 0
3465| 0 0 0
3466| 0 0 0
3467| 0 0 0
3468| 0 0 0
3469| 0 0 0
3470| 0 0 0
3471| 0 0 0
3472| 0 0 0
3473| 0 0 0
3474| 0 0 0
3475| 0 0 0
3476| 0 0 0
3477| 0 0 0
3478| 0 0 0
3479| 0 0 0
3480| 0 0 0
3481| 0 0 0
3482| 0 0 0
3483| 0 0 0
3484| -0,3 0 0
3485| -0,6 0 0
3486| -0,9 0 0
3487| -1,2 0 0
3488| -1,5 0 0
3489| -1,8 0 0
3490| -2,1 0 0
3491| -2,4 0 0
3492| -2,7 0 0
3493| -3 0 0
3494| -3,299999 0 0
3495| -3,599999 0 0
3496| -3,899999 0 0
3497| -4,2 0 0
3498| 0 0 0
3499| 0 0 0
3500| 0 0 0
3501| 0 0 0
3502| 0 0 0
3503| 0 0 0
3504| 0 0 0
3505| 0 0 0
3506| 0 0 0
3507| 0 0 0
3508| 0 0 0
3509| 0 0 0
3510| 0 0 0
3511| 0 0 0
3512| 0 0 0
3513| -0,3 0 0
3514| -0,6 0 0
3515| -0,9 0 0
3516| -1,2 0 0
3517| -1,5 0 0
3518| -1,8 0 0
3519| -2,1 0 0
3520| -2,4 0 0
3521| -2,7 0 0
3522| -3 0 0
3523| -3,299999 0 0
3524| -3,599999 0 0
3525| -3,899999 0 0
3526| -4,2 0 0
3527| -4,5 0 0
3528| 0 0 0
3529| 0 0 0
3530| 0 0 0
3531| 0 0 0
3532| 0 0 0
3533| 0 0 0
3534| 0 0 0
3535| 0 0 0
3536| 0 0 0
3537| 0 0 0
3538| 0 0 0
3539| 0 0 0
3540| 0 0 0
3541| 0 0 0
3542| 0 0 0
3543| 0 0 0
3544| -0,3 0 0
3545| -0,6 0 0
3546| -0,9 0 0
3547| -1,2 0 0
3548| -1,5 0 0
3549| -1,8 0 0
3550| -2,1 0 0
3551| -2,4 0 0
3552| -2,7 0 0
3553| -3 0 0
3554| -3,299999 0 0
3555| -3,599999 0 0
3556| -3,899999 0 0
3557| -4,2 0 0
3558| -4,5 0 0
3559| 0 0 0
3560| 0 0 0
3561| 0 0 0
3562| 0 0 0
3563| 0 0 0
3564| 0 0 0
3565| 0 0 0
3566| 0 0 0
3567| 0 0 0
3568| 0 0 0
3569| 0 0 0
3570| 0 0 0
3571| 0 0 0
3572| 0 0 0
3573| 0 0 0
3574| 0 0 0
3575| -0,3 0 0
3576| -0,6 0 0
3577| -0,9 0 0
3578| -1,2 0 0
3579| -1,5 0 0
3580| -1,8 0 0
3581| -2,1 0 0
3582| -2,4 0 0
3583| -2,7 0 0
3584| -3 0 0
3585| -3,299999 0 0
3586| -3,599999 0 0
3587| -3,899999 0 0
3588| -4,2 0 0
3589| -4,5 0 0
3590| -4,8 0 0
3591| -5,1 0 0
3592| -5,4 0 0
3593| -5,7 0 0
3594| -6 0 0
3595| -6,300001 0 0
3596| 0 0 0
3597| 0 0 0
3598| 0 0 0
3599| 0 0 0
3600| 0 0 0
3601| 0 0 0
3602| 0 0 0
3603| 0 0 0
3604| 0 0 0
3605| 0 0 0
3606| 0 0 0
3607| 0 0 0
3608| 0 0 0
3609| 0 0 0
3610| 0 0 0
3611| 0 0 0
3612| 0 0 0
3613| 0 0 0
3614| 0 0 0
3615| 0 0 0
3616| 0 0 0
3617| 0 0 0
3618| 0 0 0
3619| 0 0 0
3620| 0 0 0
3621| 0 0 0
3622| 0 0 0
3623| 0 0 0
3624| 0 0 0
3625| 0 0 0
3626| 0 0 0
3627| 0 0 0
3628| 0 0 0
3629| 0 0 0
3630| 0 0 0
3631| 0 0 0
3632| 0 0 0
3633| 0 0 0
3634| 0 0 0
3635| -0,3 0 0
3636| -0,6 0 0
3637| -0,9 0 0
3638| -1,2 0 0
3639| -1,5 0 0
3640| -1,8 0 0
3641| -2,1 0 0
3642| -2,4 0 0
3643| -2,7 0 0
3644| -3 0 0
3645| -3,299999 0 0
3646| -3,599999 0 0
3647| -3,899999 0 0
3648| -4,2 0 0
3649| -4,5 0 0
3650| -4,8 0 0
3651| -5,1 0 0
3652| -5,4 0 0
3653| -5,7 0 0
3654| -6 0 0
3655| -6,300001 0 0
3656| -6,600001 0 0
3657| -6,900001 0 0
3658| -7,200001 0 0
3659| -7,500001 0 0
3660| -7,800001 0 0
3661| -8,1 0 0
3662| -8,4 0 0
3663| -8,7 0 0
3664| -8,999999 0 0
3665| -9,299999 0 0
3666| -9,599998 0 0
3667| -9,899999 0 0
3668| 0 0 0
3669| 0 0 0
3670| 0 0 0
3671| 0 0 0
3672| 0 0 0
3673| 0 0 0
3674| 0 0 0
3675| 0 4 0
3676| 0 8 0
3677| 0 12 0
3678| 0 16 0
3679| 0 20 0
3680| 0 24 0
3681| 0 28 0
3682| 0 32 0
3683| 0 36 0
3684| 0 40 0
3685| 0 43,99999 0
3686| 0 47,99999 0
3687| 0 51,99999 0
3688| 0 55,99999 0
3689| 0 60 0
3690| 0 64 0
3691| 0 68 0
3692| 0 72 0
3693| 0 76,00001 0
3694| 0 80,00001 0
3695| 0 84,00001 0
3696| 0 88,00002 0
3697| 0 92,00002 0
3698| 0 96,00002 0
3699| 0 100 0
3700| 0 104 0
3701| 0 108 0
3702| 0 112 0
3703| 0 116 0
3704| 0 120 0
3705| 0 0 0
3706| 0 0 0
3707| 0 0 0
3708| 0 0 0
3709| 0 0 0
3710| 0 0 0
3711| 0 0 0
3712| 0 0 0
3713| 0 0 0
3714| 0 4 0
3715| 0 8 0
3716| 0 12 0
3717| 0 16 0
3718| 0 20 0
3719| 0 24 0
3720| 0 28 0
3721| 0 32 0
3722| 0 36 0
3723| 0 40 0
3724| 0 43,99999 0
3725| 0 47,99999 0
3726| 0 51,99999 0
3727| 0 55,99999 0
3728| 0 60 0
3729| 0 64 0
3730| 0 68 0
3731| 0 72 0
3732| 0 76,00001 0
3733| 0 80,00001 0
3734| 0 84,00001 0
3735| 0 88,00002 0
3736| 0 92,00002 0
3737| 0 96,00002 0
3738| 0 100 0
3739| 0 104 0
3740| 0 108 0
3741| 0 112 0
3742| 0 116 0
3743| 0 120 0
3744| 0 124 0
3745| 0 128 0
3746| 0 132 0
3747| 0 136 0
3748| 0 0 0
3749| 0 0 0
3750| 0 0 0
3751| 0 0 0
3752| -0,3 0 0
3753| -0,6 0 0
3754| -0,9 0 0
3755| -1,2 0 0
3756| -1,5 0 0
3757| -1,8 0 0
3758| -2,1 0 0
3759| -2,4 0 0
3760| -2,7 0 0
3761| -3 0 0
3762| -3,299999 0 0
3763| -3,599999 0 0
3764| -3,899999 0 0
3765| -4,2 0 0
3766| -4,5 0 0
3767| -4,8 0 0
3768| -5,1 0 0
3769| -5,4 0 0
3770| -5,7 0 0
3771| -6 0 0
3772| -6,300001 0 0
3773| -6,600001 0 0
3774| -6,900001 0 0
3775| 0 0 0
3776| 0 0 0
3777| 0 0 0
3778| 0 0 0
3779| 0 0 0
3780| 0 0 0
3781| 0 0 0
3782| 0 0 0
3783| 0 0 0
3784| 0 0 0
3785| 0 0 0
3786| 0 0 0
3787| 0 0 0
3788| 0 0 0
3789| 0 0 0
3790| 0 0 0
3791| 0 0 0
3792| 0 0 0
3793| 0 0 0
3794| 0 0 0
3795| 0 0 0
3796| 0 0 0
3797| 0 0 0
3798| 0 0 0
3799| 0 0 0
3800| 0 0 0
3801| 0 0 0
3802| 0 0 0
3803| 0 0 0
3804| 0 0 0
3805| 0 0 0
3806| 0 0 0
3807| 0 0 0
3808| 0 0 0
3809| 0 0 0
3810| 0 0 0
3811| 0 0 0
3812| 0 4 0
3813| 0 8 0
3814| 0 12 0
3815| 0 16 0
3816| 0 20 0
3817| 0 24 0
3818| 0 28 0
3819| 0 32 0
3820| 0 36 0
3821| 0 40 0
3822| 0 43,99999 0
3823| 0 47,99999 0
3824| 0 51,99999 0
3825| 0 55,99999 0
3826| 0 60 0
3827| 0 64 0
3828| 0 68 0
3829| 0 72 0
3830| 0 76,00001 0
3831| 0 80,00001 0
3832| 0 84,00001 0
3833| 0 88,00002 0
3834| 0 92,00002 0
3835| 0 96,00002 0
3836| 0 100 0
3837| 0 104 0
3838| 0 108 0
3839| 0 112 0
3840| 0 116 0
3841| 0 120 0
3842| 0 124 0
3843| 0 0 0
3844| 0 0 0
3845| 0 0 0
3846| 0 0 0
3847| 0 0 0
3848| 0 4 0
3849| 0 8 0
3850| 0 12 0
3851| 0 16 0
3852| 0 20 0
3853| 0 24 0
3854| 0 28 0
3855| 0 32 0
3856| 0 36 0
3857| 0 40 0
3858| 0 43,99999 0
3859| 0 47,99999 0
3860| 0 51,99999 0
3861| 0 55,99999 0
3862| 0 60 0
3863| 0 64 0
3864| 0 68 0
3865| 0 72 0
3866| 0 76,00001 0
3867| 0 80,00001 0
3868| 0 84,00001 0
3869| 0 88,00002 0
3870| 0 92,00002 0
3871| 0 96,00002 0
3872| 0 100 0
3873| 0 104 0
3874| 0 108 0
3875| 0 112 0
3876| 0 116 0
3877| 0 120 0
3878| 0 124 0
3879| 0 128 0
3880| 0 132 0
3881| 0 136 0
3882| 0 140 0
3883| 0 144 0
3884| 0 148 0
3885| 0 152 0
3886| 0 156 0
3887| 0 0 0
3888| -0,3 0 0
3889| -0,6 0 0
3890| -0,9 0 0
3891| -1,2 0 0
3892| -1,5 0 0
3893| -1,8 0 0
3894| -2,1 0 0
3895| -2,4 0 0
3896| -2,7 0 0
3897| -3 0 0
3898| -3,299999 0 0
3899| -3,599999 0 0
3900| -3,899999 0 0
3901| -4,2 0 0
3902| 0 0 0
3903| 0 0 0
3904| 0 0 0
3905| 0 0 0
3906| 0 0 0
3907| 0 0 0
3908| 0 0 0
3909| 0 0 0
3910| -0,3 0 0
3911| -0,6 0 0
3912| -0,9 0 0
3913| -1,2 0 0
3914| -1,5 0 0
3915| -1,8 0 0
3916| -2,1 0 0
3917| -2,4 0 0
3918| -2,7 0 0
3919| -3 0 0
3920| 0 0 0
3921| 0 0 0
3922| 0 0 0
3923| 0 0 0
3924| 0 0 0
3925| 0 0 0
3926| 0 0 0
3927| 0 0 0
3928| 0 0 0
3929| 0 0 0
3930| 0 0 0
3931| 0 0 0
3932| 0 0 0
3933| 0 0 0
3934| 0 0 0
3935| 0 0 0
3936| 0 0 0
3937| -0,3 0 0
3938| -0,6 0 0
3939| -0,9 0 0
3940| -1,2 0 0
3941| -1,5 0 0
3942| -1,8 0 0
3943| -2,1 0 0
3944| -2,4 0 0
3945| -2,7 0 0
3946| -3 0 0
3947| -3,299999 0 0
3948| -3,599999 0 0
3949| -3,899999 0 0
3950| -4,2 0 0
3951| -4,5 0 0
3952| -4,8 0 0
3953| -5,1 0 0
3954| -5,4 0 0
3955| -5,7 0 0
3956| -6 0 0
3957| -6,300001 0 0
3958| -6,600001 0 0
3959| -6,900001 0 0
3960| -7,200001 0 0
3961| -7,500001 0 0
3962| 0 0 0
3963| 0 0 0
3964| 0 0 0
3965| 0 0 0
3966| 0 0 0
3967| 0 0 0
3968| 0 0 0
3969| 0 4 0
3970| 0 8 0
3971| 0 12 0
3972| 0 16 0
3973| 0 20 0
3974| 0 24 0
3975| 0 28 0
3976| 0 32 0
3977| 0 36 0
3978| 0 40 0
3979| 0 43,99999 0
3980| 0 47,99999 0
3981| 0 51,99999 0
3982| 0 0 0
3983| 0 0 0
3984| 0 0 0
3985| 0 0 0
3986| 0 0 0
3987| 0 0 0
3988| 0 0 0
3989| 0 0 0
3990| 0 4 0
3991| 0 8 0
3992| 0 12 0
3993| 0 16 0
3994| 0 20 0
3995| 0 24 0
3996| 0 28 0
3997| 0 32 0
3998| 0 36 0
3999| 0 40 0
4000| 0 43,99999 0
4001| 0 47,99999 0
4002| 0 51,99999 0
4003| 0 55,99999 0
4004| 0 60 0
4005| 0 64 0
4006| 0 68 0
4007| 0 72 0
4008| 0 76,00001 0
4009| 0 80,00001 0
4010| 0 84,00001 0
4011| 0 88,00002 0
4012| 0 92,00002 0
4013| 0 96,00002 0
4014| 0 100 0
4015| 0 104 0
4016| 0 108 0
4017| 0 112 0
4018| 0 116 0
4019| 0 120 0
4020| 0 124 0
4021| 0 128 0
4022| 0 132 0
4023| 0 136 0
4024| 0 140 0
4025| 0 144 0
4026| 0 148 0
4027| 0 152 0
4028| 0 156 0
4029| 0 160 0
4030| 0 164 0
4031| 0 168 0
4032| 0 171,9999 0
4033| 0 175,9999 0
4034| 0 179,9999 0
4035| 0 183,9999 0
4036| 0 187,9999 0
4037| 0 191,9999 0
4038| 0 195,9999 0
4039| 0 199,9999 0
4040| 0 0 0
4041| 0 0 0
4042| 0 0 0
4043| 0 0 0
4044| 0 0 0
4045| 0 0 0
4046| 0,3 0 0
4047| 0,6 0 0
4048| 0,9 0 0
4049| 1,2 0 0
4050| 1,5 0 0
4051| 1,8 0 0
4052| 2,1 0 0
4053| 2,4 0 0
4054| 2,7 0 0
4055| 0 0 0
4056| 0 0 0
4057| 0 0 0
4058| 0 0 0
4059| 0 0 0
4060| 0 0 0
4061| 0 0 0
4062| 0 0 0
4063| 0 0 0
4064| 0 0 0
4065| 0 0 0
4066| 0 0 0
4067| 0,3 0 0
4068| 0,6 0 0
4069| 0,9 0 0
4070| 1,2 0 0
4071| 1,5 0 0
4072| 0 0 0
4073| 0 0 0
4074| 0 0 0
4075| 0 0 0
4076| 0 0 0
4077| 0 0 0
4078| 0 0 0
4079| 0 0 0
4080| 0 0 0
4081| 0 0 0
4082| -0,3 0 0
4083| -0,6 0 0
4084| -0,9 0 0
4085| -1,2 0 0
4086| -1,5 0 0
4087| -1,8 0 0
4088| -2,1 0 0
4089| 0 0 0
4090| 0 0 0
4091| 0 0 0
4092| 0 0 0
4093| 0 0 0
4094| 0 0 0
4095| 0 0 0
4096| 0 0 0
4097| 0 0 0
4098| 0 0 0
4099| 0 4 0
4100| 0 8 0
4101| 0 12 0
4102| 0 16 0
4103| 0 20 0
4104| 0 24 0
4105| 0 28 0
4106| 0 32 0
4107| 0 36 0
4108| 0 40 0
4109| 0 43,99999 0
4110| 0 47,99999 0
4111| 0 51,99999 0
4112| 0 55,99999 0
4113| 0 60 0
4114| 0 64 0
4115| 0 68 0
4116| 0 72 0
4117| 0 76,00001 0
4118| 0 80,00001 0
4119| 0 84,00001 0
4120| 0 88,00002 0
4121| 0 92,00002 0
4122| 0 96,00002 0
4123| 0 100 0
4124| 0 104 0
4125| 0 108 0
4126| 0 112 0
4127| 0 116 0
4128| 0 120 0
4129| 0 124 0
4130| 0 128 0
4131| 0 132 0
4132| 0 136 0
4133| 0 140 0
4134| 0 144 0
4135| 0 148 0
4136| 0 152 0
4137| 0 156 0
4138| 0 160 0
4139| 0 164 0
4140| 0 168 0
4141| 0 171,9999 0
4142| 0 175,9999 0
4143| 0 179,9999 0
4144| 0 183,9999 0
4145| 0 187,9999 0
4146| 0 191,9999 0
4147| 0 195,9999 0
4148| 0 199,9999 0
4149| 0 203,9999 0
4150| 0 207,9999 0
4151| 0 211,9999 0
4152| 0 215,9999 0
4153| 0 219,9999 0
4154| 0 223,9999 0
4155| 0 227,9999 0
4156| 0 231,9999 0
4157| 0 235,9999 0
4158| 0 239,9999 0
4159| 0 243,9999 0
4160| 0 247,9999 0
4161| 0 251,9999 0
4162| 0 255,9999 0
4163| 0 259,9999 0
4164| 0 263,9999 0
4165| 0 267,9999 0
4166| 0 271,9998 0
4167| 0 275,9998 0
4168| 0 279,9998 0
4169| 0 283,9998 0
4170| 0 287,9998 0
4171| 0 291,9998 0
4172| 0 295,9998 0
4173| 0 299,9998 0
4174| 0 303,9998 0
4175| 0 307,9998 0
4176| 0 311,9998 0
4177| 0 315,9998 0
4178| 0 319,9998 0
4179| 0 323,9998 0
4180| 0 327,9998 0
4181| 0 331,9998 0
4182| 0 335,9998 0
4183| 0 339,9998 0
4184| 0 343,9998 0
4185| 0 347,9998 0
4186| 0 351,9998 0
4187| 0 355,9998 0
4188| 0 359,9998 0
4189| 0 363,9998 0
4190| 0 367,9998 0
4191| 0 371,9998 0
4192| 0 375,9998 0
4193| 0 379,9998 0
4194| 0 383,9998 0
4195| 0 387,9998 0
4196| 0 391,9998 0
4197| 0 395,9998 0
4198| 0 399,9997 0
4199| 0 400 0
4200| 0 400 0
4201| 0 400 0
4202| 0 400 0
4203| 0 400 0
4204| 0 400 0
4205| 0 400 0
4206| 0 400 0
4207| 0 400 0
4208| 0 400 0
4209| 0 400 0
4210| 0 400 0
4211| 0 400 0
4212| 0 400 0
4213| 0 400 0
4214| 0 400 0
4215| 0 400 0
4216| 0 400 0
4217| 0 400 0
4218| 0 400 0
4219| 0 400 0
4220| 0 400 0
4221| 0 400 0
4222| 0 400 0
4223| 0 400 0
4224| 0 400 0
4225| 0 400 0
4226| 0 400 0
4227| 0 400 0
4228| 0 400 0
4229| 0 400 0
4230| 0 400 0
4231| 0 400 0
4232| 0 400 0
4233| 0 400 0
4234| 0 400 0
4235| 0 400 0
4236| 0 400 0
4237| 0 400 0
4238| 0 400 0
4239| 0 400 0
4240| 0 400 0
4241| 0 400 0
4242| 0 400 0
4243| 0 400 0
4244| 0 400 0
4245| 0 400 0
4246| 0 400 0
4247| 0 400 0
4248| 0 400 0
4249| 0 400 0
4250| 0 400 0
4251| 0 400 0
4252| 0 400 0
4253| 0 400 0
4254| 0 400 0
4255| 0 400 0
4256| 0 400 0
4257| 0 400 0
4258| 0 400 0
4259| 0 400 0
4260| 0 400 0
4261| 0 400 0
4262| 0 400 0
4263| 0 400 0
4264| 0 400 0
4265| 0 400 0
4266| 0 400 0
4267| 0 400 0
4268| 0 400 0
4269| 0 400 0
4270| 0 400 0
4271| 0 400 0
4272| 0 400 0
4273| 0 400 0
4274| 0 400 0
4275| 0 400 0
4276| 0 400 0
4277| 0 400 0
4278| 0 400 0
4279| 0 400 0
4280| 0 400 0
4281| 0 400 0
4282| 0 400 0
4283| 0 400 0
4284| 0 400 0
4285| 0 400 0
4286| 0 400 0
4287| 0 400 0
4288| 0 400 0
4289| 0 400 0
4290| 0 400 0
4291| 0 400 0
4292| 0 400 0
4293| 0 400 0
4294| 0 400 0
4295| 0 400 0
4296| 0 400 0
4297| 0 400 0
4298| 0 400 0
4299| 0 400 0
4300| 0 400 0
4301| 0 400 0
4302| 0 400 0
4303| 0 400 0
4304| 0 400 0
4305| 0 400 0
4306| 0 400 0
4307| 0 400 0
4308| 0 400 0
4309| 0 400 0
4310| 0 400 0
4311| 0 400 0
4312| 0 400 0
4313| 0 400 0
4314| 0 400 0
4315| 0 400 0
4316| 0 400 0
4317| 0 400 0
4318| 0 400 0
4319| 0 0 0
4320| -0,3 0 0
4321| -0,6 0 0
4322| -0,9 0 0
4323| -1,2 4 0
4324| -1,5 8 0
4325| -1,8 12 0
4326| -1,8 16 0
4327| 0 0 0
4328| 0 0 0
4329| 0 4 0
4330| 0 8 0
4331| 0 12 0
4332| 0 16 0
4333| 0 20 0
4334| 0 24 0
4335| -0,3 28 0
4336| -0,6 32 0
4337| -0,9 36 0
4338| -1,2 40 0
4339| -1,5 43,99999 0
4340| -1,8 47,99999 0
4341| -1,8 51,99999 0
4342| -1,8 55,99999 0
4343| -1,8 60 0
4344| -1,8 64 0
4345| -1,8 68 0
4346| -1,8 72 0
4347| -1,8 76,00001 0
4348| -2,1 80,00001 0
4349| -2,4 84,00001 0
4350| -2,7 88,00002 0
4351| -3 92,00002 0
4352| -3,299999 96,00002 0
4353| -3,599999 100 0
4354| -3,899999 104 0
4355| -4,2 108 0
4356| -4,5 112 0
4357| -4,5 116 0
4358| -4,5 120 0
4359| -4,5 124 0
4360| -4,5 128 0
4361| -4,5 132 0
4362| -4,5 136 0
4363| -4,5 140 0
4364| -4,5 144 0
4365| -4,5 148 0
4366| -4,5 152 0
4367| -4,5 156 0
4368| -4,5 160 0
4369| -4,5 164 0
4370| -4,5 168 0
4371| -4,5 171,9999 0
4372| -4,5 175,9999 0
4373| -4,5 179,9999 0
4374| -4,5 183,9999 0
4375| -4,5 187,9999 0
4376| -4,5 191,9999 0
4377| -4,5 195,9999 0
4378| -4,5 199,9999 0
4379| -4,5 203,9999 0
4380| -4,5 207,9999 0
4381| -4,5 211,9999 0
4382| -4,5 215,9999 0
4383| -4,5 219,9999 0
4384| -4,5 223,9999 0
4385| -4,5 227,9999 0
4386| 0 0 0
4387| 0 0 0
4388| 0 0 0
4389| 0 0 0
4390| 0,3 0 0
4391| 0,6 0 0
4392| 0,9 0 0
4393| 1,2 0 0
4394| 1,5 0 0
4395| 1,8 0 0
4396| 2,1 0 0
4397| 0 0 0
4398| 0 0 0
4399| 0 0 0
4400| 0 0 0
4401| 0 0 0
4402| 0 0 0
4403| 0 0 0
4404| 0 4 0
4405| 0 8 0
4406| 0 12 0
4407| 0 16 0
4408| 0 20 0
4409| 0 24 0
4410| 0 28 0
4411| 0 32 0
4412| 0 36 0
4413| 0 40 0
4414| 0 43,99999 0
4415| 0 47,99999 0
4416| 0 51,99999 0
4417| 0 55,99999 0
4418| 0 60 0
4419| 0 64 0
4420| 0 68 0
4421| 0 72 0
4422| 0 76,00001 0
4423| 0 80,00001 0
4424| 0 84,00001 0
4425| 0 88,00002 0
4426| 0 92,00002 0
4427| 0 96,00002 0
4428| 0 100 0
4429| 0 104 0
4430| 0 108 0
4431| 0 112 0
4432| 0 116 0
4433| 0 120 0
4434| 0 124 0
4435| 0 128 0
4436| 0 132 0
4437| 0 136 0
4438| 0 140 0
4439| 0 144 0
4440| 0 148 0
4441| 0 152 0
4442| 0 156 0
4443| 0 160 0
4444| 0 164 0
4445| 0 168 0
4446| 0 171,9999 0
4447| 0 175,9999 0
4448| 0 179,9999 0
4449| 0 183,9999 0
4450| 0 187,9999 0
4451| 0 191,9999 0
4452| 0 195,9999 0
4453| 0 199,9999 0
4454| 0 203,9999 0
4455| 0 207,9999 0
4456| 0 211,9999 0
4457| 0 0 0
4458| 0 0 0
4459| 0 0 0
4460| 0 0 0
4461| 0 0 0
4462| 0 0 0
4463| 0 0 0
4464| 0 0 0
4465| 0 4 0
4466| 0 8 0
4467| 0 12 0
4468| 0 16 0
4469| 0 20 0
4470| 0 24 0
4471| 0 28 0
4472| 0 32 0
4473| 0 36 0
4474| 0 40 0
4475| 0 43,99999 0
4476| 0 47,99999 0
4477| 0 51,99999 0
4478| 0 55,99999 0
4479| 0 60 0
4480| 0 64 0
4481| 0 68 0
4482| 0 72 0
4483| 0 76,00001 0
4484| 0 80,00001 0
4485| 0 84,00001 0
4486| 0 88,00002 0
4487| 0 92,00002 0
4488| 0 96,00002 0
4489| 0 100 0
4490| 0 104 0
4491| 0 108 0
4492| 0 112 0
4493| 0 116 0
4494| 0 120 0
4495| 0 124 0
4496| 0 128 0
4497| 0 132 0
4498| 0 136 0
4499| 0 140 0
4500| 0 144 0
4501| 0 148 0
4502| 0 152 0
4503| 0 156 0
4504| 0 160 0
4505| 0 164 0
4506| 0 168 0
4507| -0,3 168 0
4508| -0,6 168 0
4509| -0,9 168 0
4510| -1,2 168 0
4511| -1,5 168 0
4512| 0 0 0
4513| -0,3 0 0
4514| -0,6 0 0
4515| -0,9 0 0
4516| -1,2 0 0
4517| -1,5 0 0
4518| -1,8 0 0
4519| -2,1 0 0
4520| -2,4 0 0
4521| -2,7 0 0
4522| -3 0 0
4523| -3,299999 0 0
4524| -3,599999 0 0
4525| -3,899999 0 0
4526| -4,2 0 0
4527| 0 0 0
4528| 0 0 0
4529| 0 0 0
4530| 0 0 0
4531| 0 0 0
4532| 0 0 0
4533| 0 0 0
4534| 0 0 0
4535| 0 0 0
4536| 0,3 0 0
4537| 0,6 0 0
4538| 0,9 0 0
4539| 1,2 0 0
4540| 1,5 0 0
4541| 1,8 0 0
4542| 2,1 0 0
4543| 2,4 0 0
4544| 0 0 0
4545| 0 0 0
4546| 0 0 0
4547| 0 0 0
4548| 0 0 0
4549| 0 0 0
4550| 0 0 0
4551| 0 0 0
4552| 0 0 0
4553| 0 4 0
4554| 0 8 0
4555| 0 12 0
4556| 0 16 0
4557| 0 20 0
4558| 0 24 0
4559| 0 28 0
4560| 0 32 0
4561| 0 36 0
4562| 0 40 0
4563| 0 43,99999 0
4564| 0 47,99999 0
4565| 0 51,99999 0
4566| 0 55,99999 0
4567| 0 60 0
4568| 0 64 0
4569| 0 68 0
4570| 0 72 0
4571| 0 76,00001 0
4572| 0 80,00001 0
4573| 0 84,00001 0
4574| 0 88,00002 0
4575| 0 92,00002 0
4576| 0 96,00002 0
4577| 0 100 0
4578| 0 104 0
4579| 0 108 0
4580| 0 112 0
4581| 0 116 0
4582| 0 120 0
4583| 0 124 0
4584| 0 128 0
4585| 0 132 0
4586| 0 136 0
4587| 0 140 0
4588| 0 144 0
4589| 0 148 0
4590| 0 152 0
4591| 0 156 0
4592| 0 160 0
4593| 0 164 0
4594| 0 168 0
4595| 0 171,9999 0
4596| 0 175,9999 0
4597| 0 179,9999 0
4598| 0 183,9999 0
4599| 0 187,9999 0
4600| 0 191,9999 0
4601| 0 195,9999 0
4602| 0 199,9999 0
4603| 0 203,9999 0
4604| 0 207,9999 0
4605| 0 211,9999 0
4606| 0 215,9999 0
4607| 0 219,9999 0
4608| 0 223,9999 0
4609| 0 227,9999 0
4610| 0 231,9999 0
4611| 0 235,9999 0
4612| 0 239,9999 0
4613| 0 243,9999 0
4614| 0 247,9999 0
4615| 0 251,9999 0
4616| 0 255,9999 0
4617| 0 259,9999 0
4618| 0 263,9999 0
4619| 0 267,9999 0
4620| 0 271,9998 0
4621| 0 275,9998 0
4622| 0 279,9998 0
4623| 0 283,9998 0
4624| 0 287,9998 0
4625| 0 291,9998 0
4626| 0 295,9998 0
4627| 0 299,9998 0
4628| 0 303,9998 0
4629| 0 307,9998 0
4630| 0 311,9998 0
4631| 0 315,9998 0
4632| 0 319,9998 0
4633| 0 323,9998 0
4634| 0 327,9998 0
4635| 0 331,9998 0
4636| 0 335,9998 0
4637| 0 339,9998 0
4638| 0 343,9998 0
4639| 0 347,9998 0
4640| 0 351,9998 0
4641| 0 355,9998 0
4642| 0 359,9998 0
4643| 0 363,9998 0
4644| 0 367,9998 0
4645| 0 371,9998 0
4646| 0 375,9998 0
4647| 0 379,9998 0
4648| 0 383,9998 0
4649| 0 387,9998 0
4650| 0 391,9998 0
4651| 0 395,9998 0
4652| 0 399,9997 0
4653| 0 400 0
4654| 0 400 0
4655| 0 400 0
4656| 0 400 0
4657| 0 400 0
4658| 0 400 0
4659| 0 400 0
4660| 0 400 0
4661| 0 400 0
4662| 0 400 0
4663| 0 400 0
4664| 0 400 0
4665| 0 400 0
4666| 0 400 0
4667| 0 400 0
4668| 0 400 0
4669| 0 400 0
4670| 0 400 0
4671| 0 400 0
4672| 0 400 0
4673| 0 400 0
4674| 0 400 0
4675| 0 400 0
4676| 0 400 0
4677| 0 400 0
4678| 0 400 0
4679| 0 400 0
4680| 0 400 0
4681| 0 400 0
4682| 0 400 0
4683| 0 400 0
4684| 0 400 0
4685| 0 400 0
4686| 0 400 0
4687| 0 400 0
4688| 0 400 0
4689| 0 400 0
4690| 0 400 0
4691| 0 400 0
4692| 0 400 0
4693| 0 400 0
4694| 0 400 0
4695| 0 400 0
4696| 0 400 0
4697| 0 400 0
4698| 0 400 0
4699| 0 400 0
4700| 0 400 0
4701| 0 400 0
4702| 0 400 0
4703| 0 400 0
4704| 0 400 0
4705| 0 400 0
4706| 0 400 0
4707| 0 400 0
4708| 0 400 0
4709| 0 400 0
4710| 0 400 0
4711| 0 400 0
4712| 0 400 0
4713| 0 400 0
4714| 0 400 0
4715| 0 400 0
4716| 0 400 0
4717| 0 400 0
4718| 0 400 0
4719| 0 400 0
4720| 0 400 0
4721| 0 400 0
4722| 0 400 0
4723| 0 400 0
4724| 0 400 0
4725| 0 400 0
4726| 0 400 0
4727| 0 400 0
4728| 0 400 0
4729| 0 400 0
4730| 0 400 0
4731| 0 0 0
4732| 0 0 0
4733| 0 0 0
4734| 0 0 0
4735| 0 0 0
4736| 0 0 0
4737| 0 0 0
4738| 0 0 0
4739| 0 0 0
4740| 0 0 0
4741| 0 0 0
4742| 0 0 0
4743| 0 4 0
4744| 0 8 0
4745| 0 12 0
4746| 0 16 0
4747| 0 20 0
4748| 0 24 0
4749| 0 28 0
4750| 0 32 0
4751| 0 36 0
4752| 0 40 0
4753| 0 43,99999 0
4754| 0 47,99999 0
4755| 0 51,99999 0
4756| 0 55,99999 0
4757| 0 60 0
4758| 0 64 0
4759| 0 68 0
4760| 0 72 0
4761| 0 76,00001 0
4762| 0 0 0
4763| 0 0 0
4764| 0 0 0
4765| 0 0 0
4766| 0 0 0
4767| 0 0 0
4768| 0 0 0
4769| 0 0 0
4770| 0 0 0
4771| 0 0 0
4772| 0 0 0
4773| 0 0 0
4774| 0 0 0
4775| 0 0 0
4776| 0 0 0
4777| 0 0 0
4778| 0 0 0
4779| 0,3 0 0
4780| 0,6 0 0
4781| 0,9 0 0
4782| 1,2 0 0
4783| 1,5 0 0
4784| 1,8 0 0
4785| 2,1 0 0
4786| 2,4 0 0
4787| 0 0 0
4788| 0 0 0
4789| 0 0 0
4790| 0 0 0
4791| 0 0 0
4792| 0 0 0
4793| 0 0 0
4794| 0,3 0 0
4795| 0,6 0 0
4796| 0,9 0 0
4797| 1,2 0 0
4798| 1,5 0 0
4799| 1,8 0 0
4800| 2,1 0 0

