1| 0 0 0
2| 0 0 0
3| 0 0 0
4| 0 0 0
5| 0 0 0
6| 0 0 0
7| 0 0 0
8| 0 0 0
9| 0 0 0
10| 0 0 0
11| 0 0 0
12| 0 0 0
13| 0 0 0
14| 0 0 0
15| 0 0 0
16| 0 0 0
17| 0 0 0
18| 0 0 0
19| 0 0 0
20| 0 0 0
21| 0 0 0
22| 0 0 0
23| 0 0 0
24| 0 0 0
25| 0 0 0
26| 0 0 0
27| 0 0 0
28| 0 0 0
29| 0 0 0
30| 0 0 0
31| 0 0 0
32| 0 0 0
33| 0 0 0
34| 0 0 0
35| 0 0 0
36| 0 0 0
37| 0 0 0
38| 0 0 0
39| 0 0 0
40| 0 0 0
41| 0 0 0
42| 0 0 0
43| 0 0 0
44| 0 0 0
45| 0 0 0
46| 0 0 0
47| 0 0 0
48| 0 0 0
49| 0 0 0
50| 0 0 0
51| 0 0 0
52| 0 0 0
53| 0 0 0
54| 0 0 0
55| 0 0 0
56| 0 0 0
57| 0 0 0
58| 0 0 0
59| 0 0 0
60| 0 0 0
61| 0 0 0
62| 0 0 0
63| 0 0 0
64| 0 0 0
65| 0 0 0
66| 0 0 0
67| 0 0 0
68| 0 0 0
69| 0 0 0
70| 0 0 0
71| 0 0 0
72| 0 0 0
73| 0 0 0
74| 0 0 0
75| 0 0 0
76| 0 0 0
77| 0 0 0
78| 0 0 0
79| 0 0 0
80| 0 0 0
81| 0 0 0
82| 0 0 0
83| 0 0 0
84| 0 0 0
85| 0 0 0
86| 0 0 0
87| 0 0 0
88| 0 0 0
89| 0 0 0
90| 0 0 0
91| 0 0 0
92| 0 0 0
93| 0 0 0
94| 0 0 0
95| 0 0 0
96| 0 0 0
97| 0 0 0
98| 0 0 0
99| 0 0 0
100| 0 0 0
101| 0 0 0
102| 0 0 0
103| 0 0 0
104| 0 0 0
105| 0 0 0
106| 0 0 0
107| 0 0 0
108| 0 0 0
109| 0 0 0
110| 0 0 0
111| 0 0 0
112| 0 0 0
113| 0 0 0
114| 0 0 0
115| 0 0 0
116| 0 0 0
117| 0 0 0
118| 0 0 0
119| 0 0 0
120| 0 0 0
121| 0 0 0
122| 0 0 0
123| 0 0 0
124| 0 0 0
125| 0 0 0
126| 0 0 0
127| 0 0 0
128| 0 0 0
129| 0 0 0
130| 0 0 0
131| 0 0 0
132| 0 0 0
133| 0 0 0
134| 0 0 0
135| 0 0 0
136| 0 0 0
137| 0 0 0
138| 0 0 0
139| 0 0 0
140| 0 0 0
141| 0 0 0
142| 0 0 0
143| 0 0 0
144| 0 0 0
145| 0 0 0
146| 0 0 0
147| 0 0 0
148| 0 0 0
149| 0 0 0
150| 0 0 0
151| 0 0 0
152| 0 0 0
153| 0 0 0
154| 0 0 0
155| 0 0 0
156| 0 0 0
157| 0 0 0
158| 0 0 0
159| 0 0 0
160| 0 0 0
161| 0 0 0
162| 0 0 0
163| 0 0 0
164| 0 0 0
165| 0 0 0
166| 0 0 0
167| 0 0 0
168| 0 0 0
169| 0 0 0
170| 0 0 0
171| 0 0 0
172| 0 0 0
173| 0 0 0
174| 0 0 0
175| 0 0 0
176| 0 0 0
177| 0 0 0
178| 0 0 0
179| 0 0 0
180| 0 0 0
181| 0 0 0
182| 0 0 0
183| 0 0 0
184| 0 0 0
185| 0 0 0
186| 0 0 0
187| 0 0 0
188| 0 0 0
189| 0 0 0
190| 0 0 0
191| 0 0 0
192| 0 0 0
193| 0 0 0
194| 0 0 0
195| 0 0 0
196| 0 0 0
197| 0 0 0
198| 0 0 0
199| 0 0 0
200| 0 0 0
201| 0 0 0
202| 0 0 0
203| 0 0 0
204| 0 0 0
205| 0 0 0
206| 0 0 0
207| 0 0 0
208| 0 0 0
209| 0 0 0
210| 0 0 0
211| 0 0 0
212| 0 0 0
213| 0 0 0
214| 0 0 0
215| 0 0 0
216| 0 0 0
217| 0 0 0
218| 0 0 0
219| 0 0 0
220| 0 0 0
221| 0 0 0
222| 0 0 0
223| 0 0 0
224| 0 0 0
225| 0 0 0
226| 0 0 0
227| 0 0 0
228| 0 0 0
229| 0 0 0
230| 0 0 0
231| 0 0 0
232| 0 0 0
233| 0 0 0
234| 0 0 0
235| 0 0 0
236| 0 0 0
237| 0 0 0
238| 0 0 0
239| 0 0 0
240| 0 0 0
241| 0 0 0
242| 0 0 0
243| 0 0 0
244| 0 0 0
245| 0 0 0
246| 0 0 0
247| 0 0 0
248| 0 0 0
249| 0 0 0
250| 0 0 0
251| 0 0 0
252| 0 0 0
253| 0 0 0
254| 0 0 0
255| 0 0 0
256| 0 0 0
257| 0 0 0
258| 0 0 0
259| 0 0 0
260| 0 0 0
261| 0 0 0
262| 0 0 0
263| 0 0 0
264| 0 0 0
265| 0 0 0
266| 0 0 0
267| 0 0 0
268| 0 0 0
269| 0 0 0
270| 0 0 0
271| 0 0 0
272| 0 0 0
273| 0 0 0
274| 0 0 0
275| 0 0 0
276| 0 0 0
277| 0 0 0
278| 0 0 0
279| 0 0 0
280| 0 0 0
281| 0 0 0
282| 0 0 0
283| 0 0 0
284| 0 0 0
285| 0 0 0
286| 0 0 0
287| 0 0 0
288| 0 0 0
289| 0 0 0
290| 0 0 0
291| 0 0 0
292| 0 0 0
293| 0 0 0
294| 0 0 0
295| 0 0 0
296| 0 0 0
297| 0 0 0
298| 0 0 0
299| 0 0 0
300| 0 0 0
301| 0 0 0
302| 0 0 0
303| 0 0 0
304| 0 0 0
305| 0 0 0
306| 0 0 0
307| 0 0 0
308| 0 0 0
309| 0 0 0
310| 0 0 0
311| 0 0 0
312| 0 0 0
313| 0 0 0
314| 0 0 0
315| 0 0 0
316| 0 0 0
317| 0 0 0
318| 0 0 0
319| 0 0 0
320| 0 0 0
321| 0 0 0
322| 0 0 0
323| 0 0 0
324| 0 0 0
325| 0 0 0
326| 0 0 0
327| 0 0 0
328| 0 0 0
329| 0 0 0
330| 0 0 0
331| 0 0 0
332| 0 0 0
333| 0 4 0
334| 0 8 0
335| 0 12 0
336| 0 16 0
337| 0 20 0
338| 0 24 0
339| 0 28 0
340| 0 32 0
341| 0 36 0
342| 0 40 0
343| 0 43,99999 0
344| 0 47,99999 0
345| 0 51,99999 0
346| 0 55,99999 0
347| 0 60 0
348| 0 64 0
349| 0 68 0
350| 0 72 0
351| 0 76,00001 0
352| 0 80,00001 0
353| 0 84,00001 0
354| 0 88,00002 0
355| 0 92,00002 0
356| 0 96,00002 0
357| 0 100 0
358| 0 104 0
359| 0 108 0
360| 0 112 0
361| 0 116 0
362| 0 120 0
363| 0 124 0
364| 0 128 0
365| 0 132 0
366| 0 136 0
367| 0 140 0
368| 0 144 0
369| 0 148 0
370| 0 152 0
371| 0 156 0
372| 0 160 0
373| 0 164 0
374| 0 168 0
375| 0 171,9999 0
376| 0 175,9999 0
377| 0 179,9999 0
378| 0 183,9999 0
379| 0 187,9999 0
380| 0 191,9999 0
381| 0 195,9999 0
382| 0 199,9999 0
383| 0 203,9999 0
384| 0 207,9999 0
385| 0 211,9999 0
386| 0 215,9999 0
387| 0 219,9999 0
388| 0 223,9999 0
389| 0 227,9999 0
390| 0 231,9999 0
391| 0 235,9999 0
392| 0 239,9999 0
393| 0 243,9999 0
394| 0 247,9999 0
395| 0 251,9999 0
396| 0 255,9999 0
397| 0 259,9999 0
398| 0 263,9999 0
399| 0 267,9999 0
400| 0 271,9998 0
401| 0 275,9998 0
402| 0 279,9998 0
403| 0 283,9998 0
404| 0,3 287,9998 0
405| 0,6 291,9998 0
406| 0,9 295,9998 0
407| 0,9 299,9998 0
408| 0,9 303,9998 0
409| 0,9 307,9998 0
410| 0,9 311,9998 0
411| 0,9 315,9998 0
412| 0,9 319,9998 0
413| 0,9 323,9998 0
414| 0,9 327,9998 0
415| 0,9 331,9998 0
416| 0,9 335,9998 0
417| 0,9 339,9998 0
418| 0,9 343,9998 0
419| 0,9 347,9998 0
420| 0,9 351,9998 0
421| 0,9 355,9998 0
422| 1,2 359,9998 0
423| 1,5 363,9998 0
424| 1,8 367,9998 0
425| 2,1 371,9998 0
426| 2,4 375,9998 0
427| 2,7 379,9998 0
428| 3 383,9998 0
429| 3,299999 387,9998 0
430| 3,599999 391,9998 0
431| 3,899999 395,9998 0
432| 4,2 399,9997 0
433| 4,2 400 0
434| 4,2 400 0
435| 4,2 400 0
436| 4,2 400 0
437| 4,2 400 0
438| 4,2 400 0
439| 4,2 400 0
440| 4,2 400 0
441| 4,2 400 0
442| 4,2 400 0
443| 4,2 400 0
444| 4,2 400 0
445| 4,2 400 0
446| 4,2 400 0
447| 4,2 400 0
448| 4,2 400 0
449| 4,2 400 0
450| 4,2 400 0
451| 4,2 400 0
452| 4,2 400 0
453| 4,2 400 0
454| 4,2 400 0
455| 4,2 400 0
456| 4,2 400 0
457| 4,2 400 0
458| 4,2 400 0
459| 4,2 400 0
460| 4,2 400 0
461| 4,2 400 0
462| 0 400 0
463| -0,3 400 0
464| -0,6 400 0
465| -0,9 400 0
466| -1,2 400 0
467| -1,5 400 0
468| -1,8 400 0
469| -1,8 400 0
470| -1,8 400 0
471| -1,8 400 0
472| -1,8 400 0
473| -1,8 400 0
474| -1,8 400 0
475| -1,8 400 0
476| -1,8 400 0
477| -1,8 400 0
478| -1,8 400 0
479| -1,8 400 0
480| -1,8 400 0
481| -1,8 400 0
482| -1,8 400 0
483| -1,8 400 0
484| -1,8 400 0
485| -1,8 400 0
486| -1,8 400 0
487| -1,8 400 0
488| -1,8 400 0
489| -1,8 400 0
490| -1,8 400 0
491| -1,8 400 0
492| 0 0 0
493| 0 0 0
494| 0 0 0
495| 0 0 0
496| 0 0 0
497| 0 0 0
498| 0 0 0
499| 0 0 0
500| 0 0 0
501| 0 0 0
502| 0 0 0
503| 0 0 0
504| 0 0 0
505| 0 0 0
506| 0 0 0
507| 0 -4 0
508| 0 -8 0
509| 0 -12 0
510| 0 -16 0
511| 0 -20 0
512| 0 -24 0
513| 0 -28 0
514| 0 -32 0
515| 0 -36 0
516| 0 -40 0
517| 0 -43,99999 0
518| 0 -47,99999 0
519| 0 -51,99999 0
520| 0 -55,99999 0
521| 0 -60 0
522| 0 -64 0
523| 0 -68 0
524| 0 -72 0
525| 0 -76,00001 0
526| 0 -80,00001 0
527| 0 -84,00001 0
528| 0 0 0
529| 0 0 0
530| 0 0 0
531| 0 0 0
532| 0 0 0
533| 0 0 0
534| 0 0 0
535| 0 0 0
536| 0 0 0
537| 0 0 0
538| 0 0 0
539| 0 0 0
540| 0 0 0
541| 0 -4 0
542| 0 -8 0
543| 0 -12 0
544| 0 -16 0
545| 0 -20 0
546| 0 -24 0
547| 0 -28 0
548| 0 -32 0
549| 0 -36 0
550| 0 -40 0
551| 0 -43,99999 0
552| 0 -47,99999 0
553| 0 -51,99999 0
554| 0 -55,99999 0
555| 0,3 -60 0
556| 0,6 -64 0
557| 0,9 -68 0
558| 1,2 -72 0
559| 1,5 -76,00001 0
560| 1,8 -80,00001 0
561| 2,1 -84,00001 0
562| 2,4 -88,00002 0
563| 2,7 -88,00002 0
564| 3 -88,00002 0
565| 3,299999 -88,00002 0
566| 3,599999 -88,00002 0
567| 3,899999 -88,00002 0
568| 4,2 -88,00002 0
569| 4,5 -88,00002 0
570| 4,8 -88,00002 0
571| 5,1 -88,00002 0
572| 5,4 -88,00002 0
573| 5,7 -88,00002 0
574| 6 -88,00002 0
575| 6,300001 -88,00002 0
576| 6,600001 -88,00002 0
577| 6,900001 -88,00002 0
578| 7,200001 -88,00002 0
579| 7,500001 -88,00002 0
580| 7,800001 -88,00002 0
581| 8,1 -88,00002 0
582| 8,4 -88,00002 0
583| 8,7 -88,00002 0
584| 8,999999 -88,00002 0
585| 9,299999 -88,00002 0
586| 9,599998 -88,00002 0
587| 9,899999 -88,00002 0
588| 10,2 -88,00002 0
589| 10,5 -88,00002 0
590| 10,8 -88,00002 0
591| 11,1 -88,00002 0
592| 11,4 -88,00002 0
593| 11,7 -88,00002 0
594| 12 -88,00002 0
595| 12,3 -88,00002 0
596| 12,6 -88,00002 0
597| 12,9 -88,00002 0
598| 13,2 -88,00002 0
599| 13,5 -88,00002 0
600| 13,79999 -88,00002 0
601| 14,09999 -88,00002 0
602| 14,39999 -88,00002 0
603| 14,69999 -88,00002 0
604| 14,99999 -88,00002 0
605| 15,29999 -88,00002 0
606| 15,59999 -88,00002 0
607| 15,89999 -88,00002 0
608| 16,19999 -88,00002 0
609| 16,49999 -88,00002 0
610| 16,79999 -88,00002 0
611| 17,09999 -88,00002 0
612| 17,39999 -88,00002 0
613| 17,69999 -88,00002 0
614| 17,99999 -88,00002 0
615| 18,29999 -88,00002 0
616| 18,59999 -88,00002 0
617| 18,89999 -88,00002 0
618| 19,19999 -88,00002 0
619| 19,49999 -88,00002 0
620| 19,79999 -88,00002 0
621| 20,09999 -88,00002 0
622| 20,39999 -88,00002 0
623| 20,69999 -88,00002 0
624| 20,99999 -88,00002 0
625| 21,29999 -88,00002 0
626| 21,59999 -88,00002 0
627| 21,89999 -88,00002 0
628| 22,19999 -88,00002 0
629| 22,49999 0 0
630| 22,79999 4 0
631| 23,09999 8 0
632| 23,39999 12 0
633| 23,69999 16 0
634| 23,99999 20 0
635| 24,29999 24 0
636| 24,59999 28 0
637| 24,89998 32 0
638| 25,19999 36 0
639| 25,49998 40 0
640| 25,79998 43,99999 0
641| 26,09998 47,99999 0
642| 26,39998 51,99999 0
643| 26,69998 55,99999 0
644| 26,99998 60 0
645| 27,29998 64 0
646| 27,59998 68 0
647| 27,89998 72 0
648| 28,19998 76,00001 0
649| 28,49998 80,00001 0
650| 28,79998 84,00001 0
651| 29,09998 88,00002 0
652| 29,39998 92,00002 0
653| 29,69998 96,00002 0
654| 29,99998 100 0
655| 30 104 0
656| 30 108 0
657| 30 108 0
658| 30 108 0
659| 30 108 0
660| 30 108 0
661| 30 108 0
662| 30 108 0
663| 30 108 0
664| 30 108 0
665| 30 108 0
666| 30 108 0
667| 30 108 0
668| 30 108 0
669| 30 108 0
670| 30 108 0
671| 30 108 0
672| 30 108 0
673| 30 108 0
674| 30 108 0
675| 30 108 0
676| 30 108 0
677| 30 108 0
678| 30 108 0
679| 30 108 0
680| 30 108 0
681| 30 108 0
682| 30 108 0
683| 30 108 0
684| 30 108 0
685| 30 108 0
686| 30 108 0
687| 30 108 0
688| 30 108 0
689| 30 108 0
690| 30 108 0
691| 30 108 0
692| 30 108 0
693| 30 108 0
694| 30 108 0
695| 30 108 0
696| 30 108 0
697| 30 108 0
698| 30 108 0
699| 30 108 0
700| 30 108 0
701| 30 108 0
702| 30 112 0
703| 30 116 0
704| 30 120 0
705| 30 124 0
706| 30 128 0
707| 30 132 0
708| 30 136 0
709| 30 140 0
710| 30 144 0
711| 30 148 0
712| 0 152 0
713| -0,3 156 0
714| -0,6 160 0
715| -0,9 164 0
716| -1,2 168 0
717| -1,2 171,9999 0
718| -1,2 175,9999 0
719| -1,2 179,9999 0
720| -1,2 183,9999 0
721| -1,5 187,9999 0
722| -1,8 191,9999 0
723| -2,1 195,9999 0
724| -2,4 199,9999 0
725| -2,7 203,9999 0
726| -3 207,9999 0
727| -3,299999 211,9999 0
728| -3,599999 215,9999 0
729| -3,899999 219,9999 0
730| -4,2 223,9999 0
731| -4,2 227,9999 0
732| -4,2 231,9999 0
733| -4,2 235,9999 0
734| -4,2 239,9999 0
735| -4,2 243,9999 0
736| -4,2 247,9999 0
737| -4,2 251,9999 0
738| -4,5 255,9999 0
739| -4,8 259,9999 0
740| -5,1 263,9999 0
741| -5,4 267,9999 0
742| -5,7 271,9998 0
743| -6 275,9998 0
744| -6,300001 279,9998 0
745| -6,600001 283,9998 0
746| -6,900001 287,9998 0
747| -6,900001 291,9998 0
748| -6,900001 295,9998 0
749| -6,900001 299,9998 0
750| -6,900001 303,9998 0
751| -6,900001 307,9998 0
752| -6,900001 311,9998 0
753| -6,900001 315,9998 0
754| -6,900001 319,9998 0
755| -6,900001 323,9998 0
756| -6,900001 327,9998 0
757| -6,900001 331,9998 0
758| -6,900001 335,9998 0
759| -6,900001 339,9998 0
760| -6,900001 343,9998 0
761| -6,900001 347,9998 0
762| -6,900001 351,9998 0
763| -6,900001 355,9998 0
764| -6,900001 359,9998 0
765| -6,900001 363,9998 0
766| -6,900001 367,9998 0
767| -6,900001 371,9998 0
768| -6,900001 375,9998 0
769| -6,900001 379,9998 0
770| -6,900001 383,9998 0
771| -6,900001 387,9998 0
772| -6,900001 391,9998 0
773| -6,900001 395,9998 0
774| -6,900001 399,9997 0
775| -6,900001 400 0
776| -6,900001 400 0
777| 0 400 0
778| 0,3 400 0
779| 0,6 400 0
780| 0,9 400 0
781| 1,2 400 0
782| 1,2 400 0
783| 1,2 400 0
784| 1,2 400 0
785| 1,2 400 0
786| 1,2 400 0
787| 1,2 400 0
788| 1,2 400 0
789| 1,2 400 0
790| 1,2 400 0
791| 1,2 400 0
792| 1,2 400 0
793| 1,2 400 0
794| 1,2 400 0
795| 1,2 400 0
796| 1,2 400 0
797| 1,5 400 0
798| 1,8 400 0
799| 2,1 400 0
800| 2,4 400 0
801| 2,7 400 0
802| 2,7 400 0
803| 2,7 400 0
804| 2,7 400 0
805| 2,7 400 0
806| 2,7 400 0
807| 2,7 400 0
808| 2,7 400 0
809| 2,7 400 0
810| 2,7 400 0
811| 2,7 400 0
812| 2,7 400 0
813| 2,7 400 0
814| 2,7 400 0
815| 3 400 0
816| 3,299999 400 0
817| 3,599999 400 0
818| 3,899999 400 0
819| 4,2 400 0
820| 4,5 400 0
821| 4,8 400 0
822| 4,8 400 0
823| 4,8 400 0
824| 4,8 400 0
825| 4,8 400 0
826| 4,8 400 0
827| 4,8 400 0
828| 4,8 400 0
829| 4,8 400 0
830| 4,8 400 0
831| 4,8 400 0
832| 0 400 0
833| -0,3 400 0
834| -0,6 400 0
835| -0,9 400 0
836| -0,9 400 0
837| -0,9 400 0
838| -0,9 400 0
839| -0,9 400 0
840| -0,9 400 0
841| -0,9 400 0
842| -0,9 400 0
843| -0,9 400 0
844| -0,9 400 0
845| -0,9 400 0
846| -0,9 400 0
847| -0,9 400 0
848| -0,9 400 0
849| -0,9 400 0
850| -0,9 400 0
851| -0,9 400 0
852| -0,9 400 0
853| -0,9 400 0
854| -0,9 400 0
855| -0,9 400 0
856| -0,9 400 0
857| -0,9 400 0
858| -0,9 400 0
859| -0,9 400 0
860| -0,9 400 0
861| -0,9 400 0
862| -0,9 400 0
863| -0,9 400 0
864| -0,9 400 0
865| -0,9 400 0
866| -0,9 400 0
867| -0,9 400 0
868| -0,9 400 0
869| -0,9 400 0
870| -0,9 400 0
871| -0,9 400 0
872| -0,9 400 0
873| -0,9 400 0
874| -0,9 400 0
875| -0,9 400 0
876| -0,9 400 0
877| -0,9 400 0
878| -0,9 400 0
879| 0 400 0
880| 0,3 400 0
881| 0,6 400 0
882| 0,9 400 0
883| 1,2 400 0
884| 1,5 400 0
885| 1,8 400 0
886| 2,1 400 0
887| 2,4 400 0
888| 2,7 400 0
889| 3 400 0
890| 3,299999 400 0
891| 3,599999 400 0
892| 3,599999 400 0
893| 3,599999 400 0
894| 3,599999 400 0
895| 3,599999 400 0
896| 3,599999 400 0
897| 3,599999 400 0
898| 3,599999 400 0
899| 3,599999 400 0
900| 3,599999 400 0
901| 3,599999 400 0
902| 3,599999 400 0
903| 3,599999 400 0
904| 3,599999 400 0
905| 3,899999 400 0
906| 4,2 400 0
907| 4,5 400 0
908| 4,8 400 0
909| 5,1 400 0
910| 5,4 400 0
911| 5,7 400 0
912| 6 400 0
913| 6,300001 400 0
914| 6,600001 400 0
915| 6,900001 400 0
916| 7,200001 400 0
917| 7,500001 400 0
918| 7,800001 400 0
919| 8,1 400 0
920| 8,4 400 0
921| 8,7 400 0
922| 8,7 400 0
923| 8,7 400 0
924| 8,7 400 0
925| 8,7 400 0
926| 8,7 400 0
927| 8,7 400 0
928| 8,7 400 0
929| 8,7 400 0
930| 8,7 400 0
931| 8,7 400 0
932| 8,7 400 0
933| 8,7 400 0
934| 8,999999 400 0
935| 9,299999 400 0
936| 9,599998 400 0
937| 9,899999 400 0
938| 10,2 400 0
939| 10,5 400 0
940| 10,8 400 0
941| 11,1 400 0
942| 11,4 400 0
943| 11,7 400 0
944| 12 400 0
945| 12 400 0
946| 12 400 0
947| 12 400 0
948| 12 400 0
949| 12 400 0
950| 12 400 0
951| 12 400 0
952| 12 400 0
953| 12 400 0
954| 12 400 0
955| 12 400 0
956| 12 400 0
957| 12 400 0
958| 12 400 0
959| 12 400 0
960| 12 400 0
961| 12 400 0
962| 12 400 0
963| 12 400 0
964| 12 400 0
965| 12 400 0
966| 12 400 0
967| 12 400 0
968| 12 400 0
969| 12,3 400 0
970| 12,6 400 0
971| 12,9 400 0
972| 13,2 400 0
973| 13,5 400 0
974| 13,79999 400 0
975| 14,09999 400 0
976| 14,39999 400 0
977| 14,69999 400 0
978| 14,99999 400 0
979| 15,29999 400 0
980| 15,29999 400 0
981| 15,29999 400 0
982| 0 400 0
983| -0,3 400 0
984| -0,6 400 0
985| -0,9 400 0
986| -1,2 400 0
987| -1,5 400 0
988| -1,8 400 0
989| -2,1 400 0
990| -2,4 400 0
991| -2,7 400 0
992| -3 400 0
993| -3,299999 400 0
994| -3,599999 400 0
995| -3,899999 400 0
996| -4,2 400 0
997| -4,5 400 0
998| -4,8 400 0
999| -5,1 400 0
1000| -5,4 400 0
1001| -5,7 400 0
1002| -5,7 400 0
1003| -5,7 400 0
1004| -5,7 400 0
1005| -5,7 400 0
1006| -5,7 400 0
1007| -5,7 400 0
1008| -5,7 400 0
1009| -5,7 400 0
1010| -5,7 400 0
1011| -5,7 400 0
1012| -5,7 400 0
1013| -5,7 400 0
1014| -5,7 400 0
1015| -5,7 400 0
1016| -5,7 400 0
1017| -5,7 400 0
1018| -5,7 400 0
1019| -5,7 400 0
1020| -5,7 400 0
1021| -5,7 400 0
1022| -5,7 400 0
1023| -5,7 400 0
1024| 0 400 0
1025| 0,3 400 0
1026| 0,6 400 0
1027| 0,9 400 0
1028| 1,2 400 0
1029| 1,5 400 0
1030| 1,8 400 0
1031| 2,1 400 0
1032| 2,4 400 0
1033| 2,7 400 0
1034| 3 400 0
1035| 3 400 0
1036| 3 400 0
1037| 3 400 0
1038| 3 400 0
1039| 3 400 0
1040| 3 400 0
1041| 3 400 0
1042| 3 400 0
1043| 3 400 0
1044| 3 400 0
1045| 3 400 0
1046| 3,299999 400 0
1047| 3,599999 400 0
1048| 3,899999 400 0
1049| 4,2 400 0
1050| 4,5 400 0
1051| 4,8 400 0
1052| 5,1 400 0
1053| 5,4 400 0
1054| 5,7 400 0
1055| 6 400 0
1056| 6 400 0
1057| 6 400 0
1058| 6 400 0
1059| 6 400 0
1060| 6 400 0
1061| 6 400 0
1062| 6 400 0
1063| 6 400 0
1064| 6 400 0
1065| 6 400 0
1066| 6 400 0
1067| 6 400 0
1068| 6 400 0
1069| 6 400 0
1070| 6 400 0
1071| 6 400 0
1072| 6 400 0
1073| 6 400 0
1074| 6 400 0
1075| 6 400 0
1076| 0 400 0
1077| -0,3 400 0
1078| -0,6 400 0
1079| -0,9 400 0
1080| -1,2 400 0
1081| -1,5 400 0
1082| -1,8 400 0
1083| -2,1 400 0
1084| -2,4 400 0
1085| -2,7 400 0
1086| -3 400 0
1087| -3,299999 400 0
1088| -3,599999 400 0
1089| -3,899999 400 0
1090| -4,2 400 0
1091| -4,5 400 0
1092| -4,8 400 0
1093| -5,1 400 0
1094| -5,4 400 0
1095| -5,7 400 0
1096| -6 400 0
1097| -6,300001 400 0
1098| -6,600001 400 0
1099| -6,900001 400 0
1100| -7,200001 400 0
1101| -7,500001 400 0
1102| -7,800001 400 0
1103| -8,1 400 0
1104| -8,4 400 0
1105| -8,7 400 0
1106| -8,999999 400 0
1107| -8,999999 400 0
1108| -8,999999 400 0
1109| -8,999999 400 0
1110| -8,999999 400 0
1111| -8,999999 400 0
1112| -8,999999 400 0
1113| -8,999999 400 0
1114| -8,999999 400 0
1115| -8,999999 400 0
1116| -8,999999 400 0
1117| -8,999999 400 0
1118| -8,999999 400 0
1119| -8,999999 400 0
1120| -8,999999 400 0
1121| -8,999999 400 0
1122| -8,999999 400 0
1123| -8,999999 400 0
1124| -8,999999 400 0
1125| -8,999999 400 0
1126| 0 400 0
1127| 0,3 400 0
1128| 0,6 400 0
1129| 0,9 400 0
1130| 1,2 400 0
1131| 1,5 400 0
1132| 1,8 400 0
1133| 2,1 400 0
1134| 2,4 400 0
1135| 2,7 400 0
1136| 3 400 0
1137| 3,299999 400 0
1138| 3,599999 400 0
1139| 3,899999 400 0
1140| 4,2 400 0
1141| 4,5 400 0
1142| 4,8 400 0
1143| 5,1 400 0
1144| 5,4 400 0
1145| 5,7 400 0
1146| 6 400 0
1147| 6,300001 400 0
1148| 6,300001 400 0
1149| 6,600001 400 0
1150| 6,900001 400 0
1151| 7,200001 400 0
1152| 7,500001 400 0
1153| 7,800001 400 0
1154| 8,1 400 0
1155| 8,4 400 0
1156| 8,7 400 0
1157| 8,999999 400 0
1158| 9,299999 400 0
1159| 9,599998 400 0
1160| 9,899999 400 0
1161| 10,2 400 0
1162| 10,5 400 0
1163| 10,8 400 0
1164| 11,1 400 0
1165| 11,4 400 0
1166| 11,7 400 0
1167| 11,7 400 0
1168| 11,7 400 0
1169| 11,7 400 0
1170| 11,7 400 0
1171| 11,7 400 0
1172| 11,7 400 0
1173| 11,7 400 0
1174| 11,7 400 0
1175| 11,7 400 0
1176| 11,7 400 0
1177| 11,7 400 0
1178| 11,7 400 0
1179| 11,7 400 0
1180| 11,7 400 0
1181| 11,7 400 0
1182| 11,7 400 0
1183| 11,7 400 0
1184| 11,7 400 0
1185| 11,7 400 0
1186| 11,7 400 0
1187| 0 400 0
1188| -0,3 400 0
1189| -0,6 400 0
1190| -0,9 400 0
1191| -1,2 400 0
1192| -1,5 400 0
1193| -1,8 400 0
1194| -2,1 400 0
1195| -2,4 400 0
1196| -2,7 400 0
1197| -3 400 0
1198| -3,299999 400 0
1199| -3,599999 400 0
1200| -3,899999 400 0
1201| -4,2 400 0
1202| -4,5 400 0
1203| -4,8 400 0
1204| -5,1 400 0
1205| -5,4 400 0
1206| -5,7 400 0
1207| -6 400 0
1208| -6,300001 400 0
1209| -6,600001 400 0
1210| -6,900001 400 0
1211| -7,200001 400 0
1212| -7,500001 400 0
1213| -7,800001 400 0
1214| -8,1 400 0
1215| -8,4 400 0
1216| -8,7 400 0
1217| -8,999999 400 0
1218| -9,299999 400 0
1219| -9,599998 400 0
1220| -9,599998 400 0
1221| -9,599998 400 0
1222| -9,599998 400 0
1223| -9,599998 400 0
1224| 0 400 0
1225| 0,3 400 0
1226| 0,6 400 0
1227| 0,9 400 0
1228| 1,2 400 0
1229| 1,5 400 0
1230| 1,8 400 0
1231| 2,1 400 0
1232| 2,4 400 0
1233| 2,7 400 0
1234| 3 400 0
1235| 3,299999 400 0
1236| 3,599999 400 0
1237| 3,899999 400 0
1238| 4,2 400 0
1239| 4,5 400 0
1240| 4,8 400 0
1241| 5,1 400 0
1242| 5,4 400 0
1243| 5,7 400 0
1244| 6 400 0
1245| 6,300001 400 0
1246| 6,600001 400 0
1247| 6,900001 400 0
1248| 7,200001 400 0
1249| 7,500001 400 0
1250| 7,800001 400 0
1251| 8,1 400 0
1252| 8,4 400 0
1253| 8,7 400 0
1254| 8,999999 400 0
1255| 9,299999 400 0
1256| 9,599998 400 0
1257| 9,899999 400 0
1258| 10,2 400 0
1259| 10,5 400 0
1260| 10,8 400 0
1261| 11,1 400 0
1262| 11,1 400 0
1263| 11,1 400 0
1264| 11,1 400 0
1265| 11,1 400 0
1266| 11,1 400 0
1267| 11,1 400 0
1268| 11,1 400 0
1269| 11,1 400 0
1270| 11,1 400 0
1271| 0 400 0
1272| -0,3 400 0
1273| -0,6 400 0
1274| -0,9 400 0
1275| -1,2 400 0
1276| -1,5 400 0
1277| -1,8 400 0
1278| -2,1 400 0
1279| -2,4 400 0
1280| -2,7 400 0
1281| -3 400 0
1282| -3,299999 400 0
1283| -3,599999 400 0
1284| -3,899999 400 0
1285| -4,2 400 0
1286| -4,5 400 0
1287| -4,8 400 0
1288| -5,1 400 0
1289| -5,4 400 0
1290| -5,7 400 0
1291| -6 400 0
1292| -6,300001 400 0
1293| -6,600001 400 0
1294| -6,900001 400 0
1295| -7,200001 400 0
1296| -7,500001 400 0
1297| -7,800001 400 0
1298| -8,1 400 0
1299| -8,4 400 0
1300| -8,7 400 0
1301| -8,7 400 0
1302| -8,7 400 0
1303| -8,7 400 0
1304| -8,7 400 0
1305| -8,7 400 0
1306| -8,7 400 0
1307| -8,7 400 0
1308| -8,7 400 0
1309| -8,7 400 0
1310| -8,7 400 0
1311| -8,7 400 0
1312| -8,7 400 0
1313| -8,7 400 0
1314| -8,7 400 0
1315| -8,7 400 0
1316| -8,7 400 0
1317| -8,7 400 0
1318| -8,7 400 0
1319| -8,7 400 0
1320| -8,7 400 0
1321| -8,7 400 0
1322| 0 400 0
1323| 0,3 400 0
1324| 0,6 400 0
1325| 0,9 400 0
1326| 1,2 400 0
1327| 1,5 400 0
1328| 1,8 400 0
1329| 2,1 400 0
1330| 2,4 400 0
1331| 2,7 400 0
1332| 3 400 0
1333| 3,299999 400 0
1334| 3,599999 400 0
1335| 3,899999 400 0
1336| 4,2 400 0
1337| 4,5 400 0
1338| 4,8 400 0
1339| 5,1 400 0
1340| 5,4 400 0
1341| 5,7 400 0
1342| 6 400 0
1343| 6,300001 400 0
1344| 6,600001 400 0
1345| 6,900001 400 0
1346| 7,200001 400 0
1347| 7,500001 400 0
1348| 7,800001 400 0
1349| 8,1 400 0
1350| 8,4 400 0
1351| 8,7 400 0
1352| 8,999999 400 0
1353| 9,299999 400 0
1354| 9,599998 400 0
1355| 9,899999 400 0
1356| 10,2 400 0
1357| 10,2 400 0
1358| 10,2 400 0
1359| 10,2 400 0
1360| 10,2 400 0
1361| 10,2 400 0
1362| 10,2 400 0
1363| 10,2 400 0
1364| 10,2 400 0
1365| 10,2 400 0
1366| 10,2 400 0
1367| 10,2 400 0
1368| 10,2 400 0
1369| 10,2 400 0
1370| 10,2 400 0
1371| 10,2 400 0
1372| 10,2 400 0
1373| 10,2 400 0
1374| 10,2 400 0
1375| 10,2 400 0
1376| 0 400 0
1377| -0,3 400 0
1378| -0,6 400 0
1379| -0,9 400 0
1380| -1,2 400 0
1381| -1,5 400 0
1382| -1,8 400 0
1383| -2,1 400 0
1384| -2,4 400 0
1385| -2,7 400 0
1386| -3 400 0
1387| -3,299999 400 0
1388| -3,599999 400 0
1389| -3,899999 400 0
1390| -4,2 400 0
1391| -4,5 400 0
1392| -4,8 400 0
1393| -5,1 400 0
1394| -5,4 400 0
1395| -5,7 400 0
1396| -6 400 0
1397| -6,300001 400 0
1398| -6,600001 400 0
1399| -6,900001 400 0
1400| -7,200001 400 0
1401| -7,500001 400 0
1402| -7,800001 400 0
1403| -8,1 400 0
1404| -8,4 400 0
1405| -8,7 400 0
1406| -8,999999 400 0
1407| -9,299999 400 0
1408| -9,599998 400 0
1409| -9,899999 400 0
1410| -10,2 400 0
1411| -10,5 400 0
1412| -10,8 400 0
1413| -11,1 400 0
1414| -11,4 400 0
1415| -11,7 400 0
1416| -12 400 0
1417| -12,3 400 0
1418| -12,6 400 0
1419| -12,9 400 0
1420| -13,2 400 0
1421| -13,5 400 0
1422| -13,79999 400 0
1423| -14,09999 400 0
1424| -14,09999 400 0
1425| 0 400 0
1426| 0,3 400 0
1427| 0,6 400 0
1428| 0,9 400 0
1429| 1,2 400 0
1430| 1,5 400 0
1431| 1,8 400 0
1432| 2,1 400 0
1433| 2,4 400 0
1434| 2,7 400 0
1435| 3 400 0
1436| 3,299999 400 0
1437| 3,599999 400 0
1438| 3,899999 400 0
1439| 4,2 400 0
1440| 4,5 400 0
1441| 4,8 400 0
1442| 5,1 400 0
1443| 5,4 400 0
1444| 5,7 400 0
1445| 6 400 0
1446| 6,300001 400 0
1447| 6,600001 400 0
1448| 6,900001 400 0
1449| 7,200001 400 0
1450| 7,500001 400 0
1451| 7,800001 400 0
1452| 8,1 400 0
1453| 8,4 400 0
1454| 8,7 400 0
1455| 8,999999 400 0
1456| 9,299999 400 0
1457| 9,599998 400 0
1458| 9,899999 400 0
1459| 10,2 400 0
1460| 10,5 400 0
1461| 10,8 400 0
1462| 11,1 400 0
1463| 11,4 400 0
1464| 11,7 400 0
1465| 12 400 0
1466| 12,3 400 0
1467| 12,3 400 0
1468| 12,3 400 0
1469| 12,3 400 0
1470| 12,3 400 0
1471| 12,3 400 0
1472| 0 400 0
1473| -0,3 400 0
1474| -0,6 400 0
1475| -0,9 400 0
1476| -1,2 400 0
1477| -1,5 400 0
1478| -1,8 400 0
1479| -2,1 400 0
1480| -2,4 400 0
1481| -2,7 400 0
1482| -3 400 0
1483| -3,299999 400 0
1484| -3,599999 400 0
1485| -3,899999 400 0
1486| -4,2 400 0
1487| -4,5 400 0
1488| -4,8 400 0
1489| -5,1 400 0
1490| -5,4 400 0
1491| -5,7 400 0
1492| -6 400 0
1493| -6,300001 400 0
1494| -6,600001 400 0
1495| -6,900001 400 0
1496| -7,200001 400 0
1497| -7,500001 400 0
1498| -7,800001 400 0
1499| -8,1 400 0
1500| -8,4 400 0
1501| -8,7 400 0
1502| -8,999999 400 0
1503| -9,299999 400 0
1504| -9,599998 400 0
1505| -9,899999 400 0
1506| -10,2 400 0
1507| -10,5 400 0
1508| -10,8 400 0
1509| -11,1 400 0
1510| -11,4 400 0
1511| -11,7 400 0
1512| -12 400 0
1513| -12,3 400 0
1514| -12,6 400 0
1515| -12,9 400 0
1516| -13,2 400 0
1517| -13,5 400 0
1518| -13,79999 400 0
1519| -13,79999 400 0
1520| -13,79999 400 0
1521| -13,79999 400 0
1522| -13,79999 400 0
1523| -13,79999 400 0
1524| -13,79999 400 0
1525| -13,79999 400 0
1526| 0 400 0
1527| 0,3 400 0
1528| 0,6 400 0
1529| 0,9 400 0
1530| 1,2 400 0
1531| 1,5 400 0
1532| 1,8 400 0
1533| 2,1 400 0
1534| 2,4 400 0
1535| 2,7 400 0
1536| 3 400 0
1537| 3,299999 400 0
1538| 3,599999 400 0
1539| 3,899999 400 0
1540| 4,2 400 0
1541| 4,5 400 0
1542| 4,8 400 0
1543| 5,1 400 0
1544| 5,4 400 0
1545| 5,7 400 0
1546| 6 400 0
1547| 6,300001 400 0
1548| 6,600001 400 0
1549| 6,900001 400 0
1550| 7,200001 400 0
1551| 7,500001 400 0
1552| 7,800001 400 0
1553| 8,1 400 0
1554| 8,4 400 0
1555| 8,7 400 0
1556| 8,999999 400 0
1557| 9,299999 400 0
1558| 9,599998 400 0
1559| 9,899999 400 0
1560| 10,2 400 0
1561| 10,5 400 0
1562| 10,8 400 0
1563| 11,1 400 0
1564| 11,4 400 0
1565| 11,7 400 0
1566| 12 400 0
1567| 12,3 400 0
1568| 12,6 400 0
1569| 12,9 400 0
1570| 13,2 400 0
1571| 13,5 400 0
1572| 13,79999 400 0
1573| 14,09999 400 0
1574| 14,39999 400 0
1575| 14,69999 400 0
1576| 14,99999 400 0
1577| 15,29999 400 0
1578| 15,59999 400 0
1579| 15,89999 400 0
1580| 16,19999 400 0
1581| 16,49999 400 0
1582| 16,79999 400 0
1583| 17,09999 400 0
1584| 17,39999 400 0
1585| 17,69999 400 0
1586| 17,99999 400 0
1587| 18,29999 400 0
1588| 18,59999 400 0
1589| 18,89999 400 0
1590| 19,19999 400 0
1591| 19,49999 400 0
1592| 19,79999 400 0
1593| 20,09999 400 0
1594| 20,39999 400 0
1595| 20,69999 400 0
1596| 20,99999 400 0
1597| 21,29999 400 0
1598| 21,59999 400 0
1599| 21,89999 400 0
1600| 22,19999 400 0
1601| 22,49999 400 0
1602| 22,79999 400 0
1603| 23,09999 400 0
1604| 23,39999 400 0
1605| 23,69999 400 0
1606| 23,99999 400 0
1607| 23,99999 400 0
1608| 23,99999 400 0
1609| 23,99999 400 0
1610| 23,99999 400 0
1611| 23,99999 400 0
1612| 23,99999 400 0
1613| 0 400 0
1614| -0,3 400 0
1615| -0,6 400 0
1616| -0,9 400 0
1617| -1,2 400 0
1618| -1,5 400 0
1619| -1,8 400 0
1620| -2,1 400 0
1621| -2,4 400 0
1622| -2,7 400 0
1623| -3 400 0
1624| -3,299999 400 0
1625| -3,599999 400 0
1626| -3,899999 400 0
1627| -4,2 400 0
1628| -4,5 400 0
1629| -4,8 400 0
1630| -5,1 400 0
1631| -5,4 400 0
1632| -5,7 400 0
1633| -6 400 0
1634| -6,300001 400 0
1635| -6,600001 400 0
1636| -6,900001 400 0
1637| -7,200001 400 0
1638| -7,500001 400 0
1639| -7,800001 400 0
1640| -8,1 400 0
1641| -8,4 400 0
1642| -8,7 400 0
1643| -8,999999 400 0
1644| -9,299999 400 0
1645| -9,599998 400 0
1646| -9,899999 400 0
1647| -10,2 400 0
1648| -10,5 400 0
1649| -10,8 400 0
1650| -11,1 400 0
1651| -11,4 400 0
1652| -11,7 400 0
1653| -12 400 0
1654| -12,3 400 0
1655| -12,6 400 0
1656| -12,9 400 0
1657| -13,2 400 0
1658| -13,5 400 0
1659| -13,79999 400 0
1660| -14,09999 400 0
1661| -14,39999 400 0
1662| -14,69999 400 0
1663| -14,99999 400 0
1664| -15,29999 400 0
1665| -15,59999 400 0
1666| -15,89999 400 0
1667| -16,19999 400 0
1668| -16,49999 400 0
1669| -16,79999 400 0
1670| -17,09999 400 0
1671| -17,39999 400 0
1672| -17,69999 400 0
1673| -17,99999 400 0
1674| -18,29999 400 0
1675| -18,59999 400 0
1676| -18,89999 400 0
1677| -19,19999 400 0
1678| -19,49999 400 0
1679| -19,79999 400 0
1680| -20,09999 400 0
1681| -20,39999 400 0
1682| -20,69999 400 0
1683| -20,99999 400 0
1684| -21,29999 400 0
1685| -21,59999 400 0
1686| -21,89999 400 0
1687| -22,19999 400 0
1688| -22,49999 400 0
1689| -22,79999 400 0
1690| -23,09999 400 0
1691| -23,39999 400 0
1692| -23,69999 400 0
1693| -23,99999 400 0
1694| -24,29999 400 0
1695| -24,59999 400 0
1696| -24,89998 400 0
1697| -25,19999 400 0
1698| -25,49998 400 0
1699| -25,49998 400 0
1700| -25,49998 400 0
1701| -25,49998 400 0
1702| -25,49998 400 0
1703| -25,49998 400 0
1704| -25,49998 400 0
1705| -25,49998 400 0
1706| -25,49998 400 0
1707| -25,49998 400 0
1708| 0 400 0
1709| 0,3 400 0
1710| 0,6 400 0
1711| 0,9 400 0
1712| 1,2 400 0
1713| 1,5 400 0
1714| 1,8 400 0
1715| 2,1 400 0
1716| 2,4 400 0
1717| 2,7 400 0
1718| 3 400 0
1719| 3,299999 400 0
1720| 3,599999 400 0
1721| 3,899999 400 0
1722| 4,2 400 0
1723| 4,5 400 0
1724| 4,8 400 0
1725| 5,1 400 0
1726| 5,4 400 0
1727| 5,7 400 0
1728| 6 400 0
1729| 6,300001 400 0
1730| 6,600001 400 0
1731| 6,900001 400 0
1732| 7,200001 400 0
1733| 7,500001 400 0
1734| 7,800001 400 0
1735| 8,1 400 0
1736| 8,4 400 0
1737| 8,7 400 0
1738| 8,999999 400 0
1739| 9,299999 400 0
1740| 9,599998 400 0
1741| 9,899999 400 0
1742| 10,2 400 0
1743| 10,5 400 0
1744| 10,8 400 0
1745| 11,1 400 0
1746| 11,4 400 0
1747| 11,7 400 0
1748| 12 400 0
1749| 12,3 400 0
1750| 12,6 400 0
1751| 12,9 400 0
1752| 12,9 400 0
1753| 0 400 0
1754| -0,3 400 0
1755| -0,6 400 0
1756| -0,9 400 0
1757| -1,2 400 0
1758| -1,5 400 0
1759| -1,8 400 0
1760| -2,1 400 0
1761| -2,4 400 0
1762| -2,7 400 0
1763| -3 400 0
1764| -3,299999 400 0
1765| -3,599999 400 0
1766| -3,899999 400 0
1767| -4,2 400 0
1768| -4,5 400 0
1769| -4,8 400 0
1770| -5,1 400 0
1771| -5,4 400 0
1772| -5,7 400 0
1773| -6 400 0
1774| -6,300001 400 0
1775| -6,600001 400 0
1776| -6,900001 400 0
1777| -7,200001 400 0
1778| -7,500001 400 0
1779| -7,800001 400 0
1780| -8,1 400 0
1781| -8,4 400 0
1782| -8,7 400 0
1783| -8,999999 400 0
1784| -9,299999 400 0
1785| -9,599998 400 0
1786| -9,899999 400 0
1787| -10,2 400 0
1788| -10,5 400 0
1789| -10,8 400 0
1790| -11,1 400 0
1791| -11,4 400 0
1792| -11,4 400 0
1793| -11,4 400 0
1794| -11,4 400 0
1795| -11,4 400 0
1796| 0 400 0
1797| 0,3 400 0
1798| 0,6 400 0
1799| 0,9 400 0
1800| 1,2 400 0
1801| 1,5 400 0
1802| 1,8 400 0
1803| 2,1 400 0
1804| 2,4 400 0
1805| 2,7 400 0
1806| 3 400 0
1807| 3,299999 400 0
1808| 3,599999 400 0
1809| 3,899999 400 0
1810| 4,2 400 0
1811| 4,5 400 0
1812| 4,8 400 0
1813| 5,1 400 0
1814| 5,4 400 0
1815| 5,7 400 0
1816| 6 400 0
1817| 6,300001 400 0
1818| 6,600001 400 0
1819| 6,900001 400 0
1820| 7,200001 400 0
1821| 7,500001 400 0
1822| 7,800001 400 0
1823| 8,1 400 0
1824| 8,4 400 0
1825| 8,7 400 0
1826| 8,999999 400 0
1827| 9,299999 400 0
1828| 9,599998 400 0
1829| 9,899999 400 0
1830| 10,2 400 0
1831| 10,5 400 0
1832| 10,8 400 0
1833| 11,1 400 0
1834| 11,4 400 0
1835| 11,7 400 0
1836| 12 400 0
1837| 12,3 400 0
1838| 12,6 400 0
1839| 12,9 400 0
1840| 12,9 400 0
1841| 12,9 400 0
1842| 0 400 0
1843| -0,3 400 0
1844| -0,6 400 0
1845| -0,9 400 0
1846| -1,2 400 0
1847| -1,5 400 0
1848| -1,8 400 0
1849| -2,1 400 0
1850| -2,4 400 0
1851| -2,7 400 0
1852| -3 400 0
1853| -3,299999 400 0
1854| -3,599999 400 0
1855| -3,899999 400 0
1856| -4,2 400 0
1857| -4,5 400 0
1858| -4,8 400 0
1859| -5,1 400 0
1860| -5,4 400 0
1861| -5,7 400 0
1862| -6 400 0
1863| -6,300001 400 0
1864| -6,600001 400 0
1865| -6,900001 400 0
1866| -7,200001 400 0
1867| -7,500001 400 0
1868| -7,800001 400 0
1869| -8,1 400 0
1870| -8,4 400 0
1871| -8,7 400 0
1872| -8,999999 400 0
1873| -9,299999 400 0
1874| -9,599998 400 0
1875| -9,899999 400 0
1876| -10,2 400 0
1877| -10,2 400 0
1878| 0 400 0
1879| 0,3 400 0
1880| 0,6 400 0
1881| 0,9 400 0
1882| 1,2 400 0
1883| 1,5 400 0
1884| 1,8 400 0
1885| 2,1 400 0
1886| 2,4 400 0
1887| 2,7 400 0
1888| 3 400 0
1889| 3,299999 400 0
1890| 3,599999 400 0
1891| 3,899999 400 0
1892| 4,2 400 0
1893| 4,5 400 0
1894| 4,8 400 0
1895| 5,1 400 0
1896| 5,4 400 0
1897| 5,7 400 0
1898| 6 400 0
1899| 6,300001 400 0
1900| 6,600001 400 0
1901| 6,900001 400 0
1902| 7,200001 400 0
1903| 7,500001 400 0
1904| 7,800001 400 0
1905| 8,1 400 0
1906| 8,4 400 0
1907| 8,7 400 0
1908| 8,999999 400 0
1909| 9,299999 400 0
1910| 9,599998 400 0
1911| 9,899999 400 0
1912| 10,2 400 0
1913| 10,5 400 0
1914| 10,8 400 0
1915| 11,1 400 0
1916| 11,4 400 0
1917| 11,7 400 0
1918| 12 400 0
1919| 0 400 0
1920| -0,3 400 0
1921| -0,6 400 0
1922| -0,9 400 0
1923| -1,2 400 0
1924| -1,5 400 0
1925| -1,8 400 0
1926| -2,1 400 0
1927| -2,4 400 0
1928| -2,7 400 0
1929| -3 400 0
1930| -3,299999 400 0
1931| -3,599999 400 0
1932| -3,899999 400 0
1933| -4,2 400 0
1934| -4,5 400 0
1935| -4,8 400 0
1936| -5,1 400 0
1937| -5,4 400 0
1938| -5,7 400 0
1939| -6 400 0
1940| -6,300001 400 0
1941| -6,600001 400 0
1942| -6,900001 400 0
1943| -7,200001 400 0
1944| -7,500001 400 0
1945| -7,800001 400 0
1946| -8,1 400 0
1947| -8,4 400 0
1948| -8,7 400 0
1949| -8,999999 400 0
1950| -9,299999 400 0
1951| -9,599998 400 0
1952| -9,899999 400 0
1953| -10,2 400 0
1954| -10,5 400 0
1955| -10,8 400 0
1956| -11,1 400 0
1957| -11,4 400 0
1958| -11,7 400 0
1959| -12 400 0
1960| -12,3 400 0
1961| -12,6 400 0
1962| -12,9 400 0
1963| -13,2 400 0
1964| -13,5 400 0
1965| -13,79999 400 0
1966| -14,09999 400 0
1967| 0 400 0
1968| 0,3 400 0
1969| 0,6 400 0
1970| 0,9 400 0
1971| 1,2 400 0
1972| 1,5 400 0
1973| 1,8 400 0
1974| 2,1 400 0
1975| 2,4 400 0
1976| 2,7 400 0
1977| 3 400 0
1978| 3,299999 400 0
1979| 3,599999 400 0
1980| 3,899999 400 0
1981| 4,2 400 0
1982| 4,5 400 0
1983| 4,8 400 0
1984| 5,1 400 0
1985| 5,4 400 0
1986| 5,7 400 0
1987| 6 400 0
1988| 6,300001 400 0
1989| 6,600001 400 0
1990| 6,900001 400 0
1991| 7,200001 400 0
1992| 7,500001 400 0
1993| 7,800001 400 0
1994| 8,1 400 0
1995| 8,4 400 0
1996| 8,7 400 0
1997| 8,999999 400 0
1998| 9,299999 400 0
1999| 9,599998 400 0
2000| 9,899999 400 0
2001| 10,2 400 0
2002| 10,5 400 0
2003| 10,8 400 0
2004| 11,1 400 0
2005| 11,4 400 0
2006| 11,7 400 0
2007| 12 400 0
2008| 12,3 400 0
2009| 12,6 400 0
2010| 12,9 400 0
2011| 13,2 400 0
2012| 13,5 400 0
2013| 13,79999 400 0
2014| 14,09999 400 0
2015| 14,39999 400 0
2016| 14,69999 400 0
2017| 14,99999 400 0
2018| 15,29999 400 0
2019| 15,29999 400 0
2020| 15,29999 400 0
2021| 0 400 0
2022| -0,3 400 0
2023| -0,6 400 0
2024| -0,9 400 0
2025| -1,2 400 0
2026| -1,5 400 0
2027| -1,8 400 0
2028| -2,1 400 0
2029| -2,4 400 0
2030| -2,7 400 0
2031| -3 400 0
2032| -3,299999 400 0
2033| -3,599999 400 0
2034| -3,899999 400 0
2035| -4,2 400 0
2036| -4,5 400 0
2037| -4,8 400 0
2038| -5,1 400 0
2039| -5,4 400 0
2040| -5,7 400 0
2041| -6 400 0
2042| -6,300001 400 0
2043| -6,600001 400 0
2044| -6,900001 400 0
2045| -7,200001 400 0
2046| -7,500001 400 0
2047| -7,800001 400 0
2048| -8,1 400 0
2049| -8,4 400 0
2050| -8,7 400 0
2051| -8,999999 400 0
2052| -9,299999 400 0
2053| -9,599998 400 0
2054| -9,899999 400 0
2055| -10,2 400 0
2056| -10,5 400 0
2057| -10,8 400 0
2058| -11,1 400 0
2059| -11,4 400 0
2060| -11,7 400 0
2061| -12 400 0
2062| -12,3 400 0
2063| -12,6 400 0
2064| -12,9 400 0
2065| -13,2 400 0
2066| -13,5 400 0
2067| -13,79999 400 0
2068| -14,09999 400 0
2069| -14,39999 400 0
2070| -14,69999 400 0
2071| -14,99999 400 0
2072| -14,99999 400 0
2073| -14,99999 400 0
2074| -14,99999 400 0
2075| -14,99999 400 0
2076| -14,99999 400 0
2077| -14,99999 400 0
2078| -14,99999 400 0
2079| -14,99999 400 0
2080| -14,99999 400 0
2081| 0 400 0
2082| 0,3 400 0
2083| 0,6 400 0
2084| 0,9 400 0
2085| 1,2 400 0
2086| 1,5 400 0
2087| 1,8 400 0
2088| 2,1 400 0
2089| 2,4 400 0
2090| 2,7 400 0
2091| 3 400 0
2092| 3,299999 400 0
2093| 3,599999 400 0
2094| 3,899999 400 0
2095| 4,2 400 0
2096| 4,5 400 0
2097| 4,8 400 0
2098| 5,1 400 0
2099| 5,4 400 0
2100| 5,7 400 0
2101| 6 400 0
2102| 6,300001 400 0
2103| 6,600001 400 0
2104| 6,900001 400 0
2105| 7,200001 400 0
2106| 7,500001 400 0
2107| 7,800001 400 0
2108| 8,1 400 0
2109| 8,4 400 0
2110| 8,7 400 0
2111| 8,999999 400 0
2112| 9,299999 400 0
2113| 9,599998 400 0
2114| 9,899999 400 0
2115| 10,2 400 0
2116| 10,5 400 0
2117| 10,8 400 0
2118| 11,1 400 0
2119| 11,4 400 0
2120| 11,7 400 0
2121| 12 400 0
2122| 12,3 400 0
2123| 12,6 400 0
2124| 12,9 400 0
2125| 13,2 400 0
2126| 13,5 400 0
2127| 13,79999 400 0
2128| 14,09999 400 0
2129| 14,39999 400 0
2130| 14,69999 400 0
2131| 14,99999 400 0
2132| 0 400 0
2133| -0,3 400 0
2134| -0,6 400 0
2135| -0,9 400 0
2136| -1,2 400 0
2137| -1,5 400 0
2138| -1,8 400 0
2139| -2,1 400 0
2140| -2,4 400 0
2141| -2,7 400 0
2142| -3 400 0
2143| -3,299999 400 0
2144| -3,599999 400 0
2145| -3,899999 400 0
2146| -4,2 400 0
2147| -4,5 400 0
2148| -4,8 400 0
2149| -5,1 400 0
2150| -5,4 400 0
2151| -5,7 400 0
2152| -6 400 0
2153| -6,300001 400 0
2154| -6,600001 400 0
2155| -6,900001 400 0
2156| -7,200001 400 0
2157| -7,500001 400 0
2158| -7,800001 400 0
2159| -8,1 400 0
2160| -8,4 400 0
2161| -8,7 400 0
2162| -8,999999 400 0
2163| -9,299999 400 0
2164| -9,599998 400 0
2165| -9,899999 400 0
2166| -10,2 400 0
2167| -10,5 400 0
2168| -10,8 400 0
2169| -11,1 400 0
2170| -11,4 400 0
2171| -11,7 400 0
2172| -12 400 0
2173| -12,3 400 0
2174| -12,6 400 0
2175| -12,9 400 0
2176| -13,2 400 0
2177| -13,5 400 0
2178| -13,5 400 0
2179| -13,5 400 0
2180| -13,5 400 0
2181| -13,5 400 0
2182| -13,5 400 0
2183| -13,5 400 0
2184| -13,5 400 0
2185| 0 400 0
2186| 0,3 400 0
2187| 0,6 400 0
2188| 0,9 400 0
2189| 1,2 400 0
2190| 1,5 400 0
2191| 1,8 400 0
2192| 2,1 400 0
2193| 2,4 400 0
2194| 2,7 400 0
2195| 3 400 0
2196| 3,299999 400 0
2197| 3,599999 400 0
2198| 3,899999 400 0
2199| 4,2 400 0
2200| 4,5 400 0
2201| 4,8 400 0
2202| 5,1 400 0
2203| 5,4 400 0
2204| 5,7 400 0
2205| 6 400 0
2206| 6,300001 400 0
2207| 6,600001 400 0
2208| 6,900001 400 0
2209| 7,200001 400 0
2210| 7,500001 400 0
2211| 7,800001 400 0
2212| 8,1 400 0
2213| 8,4 400 0
2214| 8,7 400 0
2215| 8,999999 400 0
2216| 9,299999 400 0
2217| 9,599998 400 0
2218| 9,899999 400 0
2219| 10,2 400 0
2220| 10,5 400 0
2221| 10,8 400 0
2222| 11,1 400 0
2223| 11,4 400 0
2224| 11,7 400 0
2225| 12 400 0
2226| 12,3 400 0
2227| 12,6 400 0
2228| 12,9 400 0
2229| 13,2 400 0
2230| 13,5 400 0
2231| 13,79999 400 0
2232| 14,09999 400 0
2233| 14,39999 400 0
2234| 14,69999 400 0
2235| 14,99999 400 0
2236| 15,29999 400 0
2237| 15,59999 400 0
2238| 15,89999 400 0
2239| 16,19999 400 0
2240| 16,49999 400 0
2241| 16,79999 400 0
2242| 17,09999 400 0
2243| 17,39999 400 0
2244| 17,69999 400 0
2245| 17,99999 400 0
2246| 18,29999 400 0
2247| 18,59999 400 0
2248| 18,89999 400 0
2249| 19,19999 400 0
2250| 19,49999 400 0
2251| 19,79999 400 0
2252| 20,09999 400 0
2253| 20,39999 400 0
2254| 20,69999 400 0
2255| 20,99999 400 0
2256| 21,29999 400 0
2257| 21,59999 400 0
2258| 21,89999 400 0
2259| 22,19999 400 0
2260| 22,49999 400 0
2261| 22,79999 400 0
2262| 23,09999 400 0
2263| 23,39999 400 0
2264| 23,69999 400 0
2265| 23,99999 400 0
2266| 24,29999 400 0
2267| 24,59999 400 0
2268| 24,89998 400 0
2269| 25,19999 400 0
2270| 25,49998 400 0
2271| 25,79998 400 0
2272| 26,09998 400 0
2273| 26,39998 400 0
2274| 26,69998 400 0
2275| 26,99998 400 0
2276| 27,29998 400 0
2277| 27,59998 400 0
2278| 27,89998 400 0
2279| 28,19998 400 0
2280| 28,49998 400 0
2281| 28,79998 400 0
2282| 29,09998 400 0
2283| 29,39998 400 0
2284| 29,69998 400 0
2285| 29,99998 400 0
2286| 30 400 0
2287| 30 400 0
2288| 30 400 0
2289| 30 400 0
2290| 30 400 0
2291| 30 400 0
2292| 30 400 0
2293| 30 400 0
2294| 30 400 0
2295| 30 400 0
2296| 30 400 0
2297| 30 400 0
2298| 30 400 0
2299| 30 400 0
2300| 30 400 0
2301| 30 400 0
2302| 30 400 0
2303| 30 400 0
2304| 30 400 0
2305| 30 400 0
2306| 30 400 0
2307| 30 400 0
2308| 30 400 0
2309| 30 400 0
2310| 30 400 0
2311| 30 400 0
2312| 30 400 0
2313| 30 400 0
2314| 30 400 0
2315| 30 400 0
2316| 30 400 0
2317| 0 400 0
2318| -0,3 400 0
2319| -0,6 400 0
2320| -0,9 400 0
2321| -1,2 400 0
2322| -1,5 400 0
2323| -1,8 400 0
2324| -2,1 400 0
2325| -2,4 400 0
2326| -2,7 400 0
2327| -3 400 0
2328| -3,299999 400 0
2329| -3,599999 400 0
2330| -3,899999 400 0
2331| -4,2 400 0
2332| -4,5 400 0
2333| -4,8 400 0
2334| -5,1 400 0
2335| -5,4 400 0
2336| -5,7 400 0
2337| -6 400 0
2338| -6,300001 400 0
2339| -6,600001 400 0
2340| -6,900001 400 0
2341| -7,200001 400 0
2342| -7,500001 400 0
2343| -7,800001 400 0
2344| -8,1 400 0
2345| -8,4 400 0
2346| -8,7 400 0
2347| -8,999999 400 0
2348| -9,299999 400 0
2349| -9,599998 400 0
2350| -9,899999 400 0
2351| -10,2 400 0
2352| -10,5 400 0
2353| -10,8 400 0
2354| -11,1 400 0
2355| -11,4 400 0
2356| -11,7 400 0
2357| -12 400 0
2358| -12,3 400 0
2359| -12,6 400 0
2360| -12,9 400 0
2361| -13,2 400 0
2362| -13,5 400 0
2363| -13,79999 400 0
2364| -14,09999 400 0
2365| -14,39999 400 0
2366| -14,69999 400 0
2367| -14,99999 400 0
2368| -15,29999 400 0
2369| -15,59999 400 0
2370| -15,89999 400 0
2371| -16,19999 400 0
2372| -16,49999 400 0
2373| -16,79999 400 0
2374| -17,09999 400 0
2375| -17,39999 400 0
2376| -17,69999 400 0
2377| -17,99999 400 0
2378| -18,29999 400 0
2379| -18,59999 400 0
2380| -18,89999 400 0
2381| -19,19999 400 0
2382| -19,19999 400 0
2383| -19,19999 400 0
2384| -19,19999 400 0
2385| -19,19999 400 0
2386| -19,19999 400 0
2387| 0 400 0
2388| 0,3 400 0
2389| 0,6 400 0
2390| 0,9 400 0
2391| 1,2 400 0
2392| 1,5 400 0
2393| 1,8 400 0
2394| 2,1 400 0
2395| 2,4 400 0
2396| 2,7 400 0
2397| 3 400 0
2398| 3,299999 400 0
2399| 3,599999 400 0
2400| 3,899999 400 0
2401| 4,2 400 0
2402| 4,5 400 0
2403| 4,8 400 0
2404| 5,1 400 0
2405| 5,4 400 0
2406| 5,7 400 0
2407| 6 400 0
2408| 6,300001 400 0
2409| 6,600001 400 0
2410| 6,900001 400 0
2411| 7,200001 400 0
2412| 7,500001 400 0
2413| 7,800001 400 0
2414| 8,1 400 0
2415| 8,4 400 0
2416| 8,7 400 0
2417| 8,999999 400 0
2418| 9,299999 400 0
2419| 9,599998 400 0
2420| 9,899999 400 0
2421| 10,2 400 0
2422| 10,5 400 0
2423| 10,8 400 0
2424| 11,1 400 0
2425| 11,4 400 0
2426| 11,7 400 0
2427| 12 400 0
2428| 12,3 400 0
2429| 12,6 400 0
2430| 12,6 400 0
2431| 12,6 400 0
2432| 0 400 0
2433| -0,3 400 0
2434| -0,6 400 0
2435| -0,9 400 0
2436| -1,2 400 0
2437| -1,5 400 0
2438| -1,8 400 0
2439| -2,1 400 0
2440| -2,4 400 0
2441| -2,7 400 0
2442| -3 400 0
2443| -3,299999 400 0
2444| -3,599999 400 0
2445| -3,899999 400 0
2446| -4,2 400 0
2447| -4,5 400 0
2448| -4,8 400 0
2449| -5,1 400 0
2450| -5,4 400 0
2451| -5,7 400 0
2452| -6 400 0
2453| -6,300001 400 0
2454| -6,600001 400 0
2455| -6,900001 400 0
2456| -7,200001 400 0
2457| -7,500001 400 0
2458| -7,800001 400 0
2459| -8,1 400 0
2460| -8,4 400 0
2461| -8,7 400 0
2462| -8,999999 400 0
2463| -9,299999 400 0
2464| -9,599998 400 0
2465| -9,899999 400 0
2466| -10,2 400 0
2467| -10,5 400 0
2468| -10,8 400 0
2469| -11,1 400 0
2470| -11,4 400 0
2471| -11,7 400 0
2472| -12 400 0
2473| -12,3 400 0
2474| -12,6 400 0
2475| -12,9 400 0
2476| -13,2 400 0
2477| -13,5 400 0
2478| -13,79999 400 0
2479| -14,09999 400 0
2480| -14,39999 400 0
2481| -14,69999 400 0
2482| -14,99999 400 0
2483| -15,29999 400 0
2484| -15,59999 400 0
2485| -15,89999 400 0
2486| -16,19999 400 0
2487| -16,49999 400 0
2488| -16,79999 400 0
2489| -17,09999 400 0
2490| -17,09999 400 0
2491| -17,09999 400 0
2492| -17,09999 400 0
2493| -17,09999 400 0
2494| -17,09999 400 0
2495| -17,09999 400 0
2496| -17,09999 400 0
2497| -17,09999 400 0
2498| -17,09999 400 0
2499| -17,09999 400 0
2500| 0 400 0
2501| 0,3 400 0
2502| 0,6 400 0
2503| 0,9 400 0
2504| 1,2 400 0
2505| 1,5 400 0
2506| 1,8 400 0
2507| 2,1 400 0
2508| 2,4 400 0
2509| 2,7 400 0
2510| 3 400 0
2511| 3,299999 400 0
2512| 3,599999 400 0
2513| 3,899999 400 0
2514| 4,2 400 0
2515| 4,5 400 0
2516| 4,8 400 0
2517| 5,1 400 0
2518| 5,4 400 0
2519| 5,7 400 0
2520| 6 400 0
2521| 6,300001 400 0
2522| 6,600001 400 0
2523| 6,900001 400 0
2524| 7,200001 400 0
2525| 7,500001 400 0
2526| 7,800001 400 0
2527| 8,1 400 0
2528| 8,4 400 0
2529| 8,7 400 0
2530| 8,999999 400 0
2531| 9,299999 400 0
2532| 9,599998 400 0
2533| 9,899999 400 0
2534| 10,2 400 0
2535| 10,5 400 0
2536| 10,8 400 0
2537| 11,1 400 0
2538| 11,4 400 0
2539| 11,7 400 0
2540| 12 400 0
2541| 12,3 400 0
2542| 0 400 0
2543| -0,3 400 0
2544| -0,6 400 0
2545| -0,9 400 0
2546| -1,2 400 0
2547| -1,5 400 0
2548| -1,8 400 0
2549| -2,1 400 0
2550| -2,4 400 0
2551| -2,7 400 0
2552| -3 400 0
2553| -3,299999 400 0
2554| -3,599999 400 0
2555| -3,899999 400 0
2556| -4,2 400 0
2557| -4,5 400 0
2558| -4,8 400 0
2559| -5,1 400 0
2560| -5,4 400 0
2561| -5,7 400 0
2562| -6 400 0
2563| -6,300001 400 0
2564| -6,600001 400 0
2565| -6,900001 400 0
2566| -7,200001 400 0
2567| -7,500001 400 0
2568| -7,800001 400 0
2569| -8,1 400 0
2570| -8,4 400 0
2571| -8,7 400 0
2572| -8,999999 400 0
2573| -9,299999 400 0
2574| -9,599998 400 0
2575| -9,899999 400 0
2576| -10,2 400 0
2577| -10,5 400 0
2578| -10,8 400 0
2579| -11,1 400 0
2580| -11,4 400 0
2581| -11,7 400 0
2582| -12 400 0
2583| -12,3 400 0
2584| -12,6 400 0
2585| -12,9 400 0
2586| -13,2 400 0
2587| -13,5 400 0
2588| -13,79999 400 0
2589| -14,09999 400 0
2590| -14,39999 400 0
2591| -14,69999 400 0
2592| -14,99999 400 0
2593| -15,29999 400 0
2594| -15,59999 400 0
2595| -15,89999 400 0
2596| -16,19999 400 0
2597| -16,49999 400 0
2598| -16,79999 400 0
2599| -17,09999 400 0
2600| -17,39999 400 0
2601| -17,69999 400 0
2602| -17,99999 400 0
2603| -18,29999 400 0
2604| -18,59999 400 0
2605| -18,89999 400 0
2606| -19,19999 400 0
2607| -19,49999 400 0
2608| -19,79999 400 0
2609| -20,09999 400 0
2610| -20,39999 400 0
2611| -20,69999 400 0
2612| -20,99999 400 0
2613| -21,29999 400 0
2614| -21,59999 400 0
2615| -21,89999 400 0
2616| -22,19999 400 0
2617| -22,49999 400 0
2618| -22,79999 400 0
2619| -23,09999 400 0
2620| -23,39999 400 0
2621| -23,69999 400 0
2622| -23,99999 400 0
2623| -24,29999 400 0
2624| -24,59999 400 0
2625| -24,89998 400 0
2626| -25,19999 400 0
2627| -25,49998 400 0
2628| -25,79998 400 0
2629| -26,09998 400 0
2630| -26,39998 400 0
2631| -26,69998 400 0
2632| -26,99998 400 0
2633| -27,29998 400 0
2634| -27,59998 400 0
2635| -27,89998 400 0
2636| -28,19998 400 0
2637| -28,49998 400 0
2638| -28,79998 400 0
2639| -29,09998 400 0
2640| -29,39998 400 0
2641| -29,69998 400 0
2642| -29,99998 400 0
2643| -30 400 0
2644| -30 400 0
2645| -30 400 0
2646| -30 400 0
2647| -30 400 0
2648| -30 400 0
2649| -30 400 0
2650| -30 400 0
2651| -30 400 0
2652| -30 400 0
2653| -30 400 0
2654| -30 400 0
2655| -30 400 0
2656| -30 400 0
2657| 0 400 0
2658| 0,3 400 0
2659| 0,6 400 0
2660| 0,9 400 0
2661| 1,2 400 0
2662| 1,5 400 0
2663| 1,8 400 0
2664| 2,1 400 0
2665| 2,4 400 0
2666| 2,7 400 0
2667| 3 400 0
2668| 3,299999 400 0
2669| 3,599999 400 0
2670| 3,899999 400 0
2671| 4,2 400 0
2672| 4,5 400 0
2673| 4,8 400 0
2674| 5,1 400 0
2675| 5,4 400 0
2676| 5,7 400 0
2677| 6 400 0
2678| 6,300001 400 0
2679| 6,600001 400 0
2680| 6,900001 400 0
2681| 7,200001 400 0
2682| 7,500001 400 0
2683| 7,800001 400 0
2684| 8,1 400 0
2685| 8,4 400 0
2686| 8,7 400 0
2687| 8,999999 400 0
2688| 9,299999 400 0
2689| 9,599998 400 0
2690| 9,899999 400 0
2691| 10,2 400 0
2692| 10,2 400 0
2693| 10,2 400 0
2694| 10,2 400 0
2695| 10,2 400 0
2696| 10,2 400 0
2697| 10,2 400 0
2698| 10,2 400 0
2699| 10,2 400 0
2700| 10,2 400 0
2701| 10,2 400 0
2702| 10,2 400 0
2703| 10,2 400 0
2704| 10,2 400 0
2705| 10,2 400 0
2706| 10,2 400 0
2707| 10,2 400 0
2708| 10,2 400 0
2709| 10,2 400 0
2710| 10,2 400 0
2711| 10,2 400 0
2712| 10,2 400 0
2713| 10,2 400 0
2714| 0 0 0
2715| 0 0 0
2716| 0 0 0
2717| 0 -4 0
2718| 0 -8 0
2719| 0 -12 0
2720| 0 -16 0
2721| 0 -20 0
2722| 0 -24 0
2723| 0 -28 0
2724| 0 -32 0
2725| 0 -36 0
2726| 0 -40 0
2727| 0 -43,99999 0
2728| 0 -47,99999 0
2729| 0 -51,99999 0
2730| 0 -55,99999 0
2731| 0 -60 0
2732| 0 -64 0
2733| 0 -68 0
2734| 0 -72 0
2735| 0 -76,00001 0
2736| 0 -80,00001 0
2737| 0 -84,00001 0
2738| 0 -88,00002 0
2739| 0 -92,00002 0
2740| 0 -96,00002 0
2741| 0 -100 0
2742| 0 -104 0
2743| 0 -108 0
2744| 0 -112 0
2745| 0 -116 0
2746| 0 -120 0
2747| 0 -124 0
2748| 0 -128 0
2749| 0 -132 0
2750| 0 -136 0
2751| 0 -140 0
2752| 0 -144 0
2753| 0 -148 0
2754| 0 -152 0
2755| 0 -156 0
2756| 0 -160 0
2757| 0 -164 0
2758| 0 -168 0
2759| 0 -171,9999 0
2760| 0 -175,9999 0
2761| 0 -179,9999 0
2762| 0 -183,9999 0
2763| 0 -187,9999 0
2764| 0 -191,9999 0
2765| 0 -195,9999 0
2766| 0 -199,9999 0
2767| 0 -203,9999 0
2768| 0 -207,9999 0
2769| 0 -211,9999 0
2770| 0 -215,9999 0
2771| 0 -219,9999 0
2772| 0 -223,9999 0
2773| 0 -227,9999 0
2774| 0 -231,9999 0
2775| 0 -235,9999 0
2776| 0 -239,9999 0
2777| 0 -243,9999 0
2778| 0 -247,9999 0
2779| 0 -251,9999 0
2780| 0 -255,9999 0
2781| 0 -259,9999 0
2782| 0 -263,9999 0
2783| 0 -267,9999 0
2784| 0 -271,9998 0
2785| 0 -275,9998 0
2786| 0 -279,9998 0
2787| 0 -283,9998 0
2788| 0 -287,9998 0
2789| 0 -291,9998 0
2790| 0 -295,9998 0
2791| 0 -299,9998 0
2792| 0 -303,9998 0
2793| 0 -307,9998 0
2794| 0 -311,9998 0
2795| 0 -315,9998 0

