1| 0 0 0
2| 0 0 0
3| 0 0 0
4| 0 0 0
5| 0 0 0
6| 0 0 0
7| 0 0 0
8| 0 0 0
9| 0 0 0
10| 0 0 0
11| 0 0 0
12| 0 0 0
13| 0 0 0
14| 0 0 0
15| 0 0 0
16| 0 0 0
17| 0 0 0
18| 0 0 0
19| 0 0 0
20| 0 0 0
21| 0 0 0
22| 0 0 0
23| 0 0 0
24| 0 0 0
25| 0 0 0
26| 0 0 0
27| 0 0 0
28| 0 0 0
29| 0 0 0
30| 0 0 0
31| 0 0 0
32| 0 0 0
33| 0 0 0
34| 0 0 0
35| 0 0 0
36| 0 0 0
37| 0 0 0
38| 0 0 0
39| 0 0 0
40| 0 0 0
41| 0 0 0
42| 0 0 0
43| 0 0 0
44| 0 0 0
45| 0 0 0
46| 0 0 0
47| 0 0 0
48| 0 0 0
49| 0 0 0
50| 0 0 0
51| 0 0 0
52| 0 0 0
53| 0 0 0
54| 0 0 0
55| 0 0 0
56| 0 0 0
57| 0 0 0
58| 0 0 0
59| 0 0 0
60| 0 0 0
61| 0 0 0
62| 0 0 0
63| 0 0 0
64| 0 0 0
65| 0 0 0
66| 0 0 0
67| 0 0 0
68| 0 0 0
69| 0 0 0
70| 0 0 0
71| 0 0 0
72| 0 0 0
73| 0 0 0
74| 0 0 0
75| 0 0 0
76| 0 0 0
77| 0 0 0
78| 0 0 0
79| 0 0 0
80| 0 0 0
81| 0 0 0
82| 0 0 0
83| 0 0 0
84| 0 0 0
85| 0 0 0
86| 0 0 0
87| 0 0 0
88| 0 0 0
89| 0 0 0
90| 0 0 0
91| 0 0 0
92| 0 0 0
93| 0 0 0
94| 0 0 0
95| 0 0 0
96| 0 0 0
97| 0 0 0
98| 0 0 0
99| 0 0 0
100| 0 0 0
101| 0 0 0
102| 0 0 0
103| 0 0 0
104| 0 0 0
105| 0 0 0
106| 0 0 0
107| 0 0 0
108| 0 0 0
109| 0 0 0
110| 0 0 0
111| 0 0 0
112| 0 0 0
113| 0 0 0
114| 0 0 0
115| 0 0 0
116| 0 0 0
117| 0 0 0
118| 0 0 0
119| 0 0 0
120| 0 0 0
121| 0 0 0
122| 0 0 0
123| 0 0 0
124| 0 0 0
125| 0 0 0
126| 0 0 0
127| 0 0 0
128| 0 0 0
129| 0 0 0
130| 0 0 0
131| 0 0 0
132| 0 0 0
133| 0 0 0
134| 0 0 0
135| 0 0 0
136| 0 0 0
137| 0 0 0
138| 0 0 0
139| 0 0 0
140| 0 0 0
141| 0 0 0
142| 0 0 0
143| 0 0 0
144| 0 0 0
145| 0 0 0
146| 0 0 0
147| 0 0 0
148| 0 0 0
149| 0 0 0
150| 0 0 0
151| 0 0 0
152| 0 4 0
153| 0 8 0
154| 0 12 0
155| 0 16 0
156| -0,3 20 0
157| -0,6 24 0
158| -0,9 28 0
159| -1,2 32 0
160| -1,5 36 0
161| -1,8 40 0
162| -2,1 43,99999 0
163| -2,4 47,99999 0
164| -2,7 51,99999 0
165| -3 55,99999 0
166| -3,299999 60 0
167| -3,599999 64 0
168| -3,899999 68 0
169| -4,2 72 0
170| -4,5 76,00001 0
171| -4,8 80,00001 0
172| -5,1 84,00001 0
173| -5,4 88,00002 0
174| -5,7 92,00002 0
175| -6 96,00002 0
176| -6,300001 100 0
177| -6,600001 104 0
178| -6,900001 108 0
179| -7,200001 112 0
180| -7,500001 116 0
181| -7,800001 120 0
182| -8,1 124 0
183| -8,4 128 0
184| -8,7 132 0
185| -8,999999 136 0
186| -9,299999 140 0
187| -9,599998 144 0
188| -9,899999 148 0
189| -10,2 152 0
190| -10,5 156 0
191| -10,8 160 0
192| -11,1 164 0
193| -11,4 168 0
194| -11,7 171,9999 0
195| -12 175,9999 0
196| -12,3 179,9999 0
197| -12,6 183,9999 0
198| -12,9 187,9999 0
199| -13,2 191,9999 0
200| -13,5 195,9999 0
201| -13,79999 199,9999 0
202| -14,09999 203,9999 0
203| -14,39999 207,9999 0
204| -14,69999 211,9999 0
205| -14,99999 215,9999 0
206| -14,99999 219,9999 0
207| -14,99999 223,9999 0
208| -14,99999 227,9999 0
209| -14,99999 231,9999 0
210| -14,99999 235,9999 0
211| -14,99999 239,9999 0
212| -14,99999 243,9999 0
213| -14,99999 247,9999 0
214| -14,99999 251,9999 0
215| -14,99999 255,9999 0
216| -14,99999 259,9999 0
217| -15,29999 263,9999 0
218| -15,59999 267,9999 0
219| -15,89999 271,9998 0
220| -16,19999 275,9998 0
221| -16,49999 279,9998 0
222| -16,79999 283,9998 0
223| -17,09999 287,9998 0
224| -17,39999 291,9998 0
225| -17,69999 295,9998 0
226| -17,99999 299,9998 0
227| -18,29999 303,9998 0
228| -18,59999 307,9998 0
229| -18,89999 311,9998 0
230| -19,19999 315,9998 0
231| -19,49999 319,9998 0
232| -19,79999 323,9998 0
233| -20,09999 327,9998 0
234| -20,39999 331,9998 0
235| -20,69999 335,9998 0
236| -20,99999 339,9998 0
237| -21,29999 343,9998 0
238| -21,59999 347,9998 0
239| -21,89999 351,9998 0
240| -22,19999 355,9998 0
241| -22,49999 359,9998 0
242| -22,79999 363,9998 0
243| -23,09999 367,9998 0
244| -23,39999 371,9998 0
245| -23,69999 375,9998 0
246| -23,99999 379,9998 0
247| -24,29999 383,9998 0
248| -24,59999 387,9998 0
249| -24,89998 391,9998 0
250| -25,19999 395,9998 0
251| -25,49998 399,9997 0
252| -25,79998 400 0
253| -26,09998 400 0
254| -26,39998 400 0
255| -26,69998 400 0
256| -26,99998 400 0
257| -27,29998 400 0
258| -27,29998 400 0
259| -27,29998 400 0
260| -27,29998 400 0
261| -27,29998 400 0
262| -27,29998 400 0
263| -27,29998 400 0
264| -27,29998 400 0
265| -27,29998 400 0
266| -27,29998 400 0
267| -27,29998 400 0
268| -27,29998 400 0
269| -27,29998 400 0
270| -27,29998 400 0
271| -27,29998 400 0
272| -27,29998 400 0
273| -27,29998 400 0
274| -27,29998 400 0
275| -27,29998 400 0
276| -27,29998 400 0
277| -27,29998 400 0
278| -27,29998 400 0
279| -27,29998 400 0
280| -27,29998 400 0
281| -27,29998 400 0
282| -27,29998 400 0
283| -27,29998 400 0
284| -27,29998 400 0
285| -27,29998 400 0
286| -27,29998 400 0
287| -27,29998 400 0
288| 0 400 0
289| 0,3 400 0
290| 0,6 400 0
291| 0,9 400 0
292| 1,2 400 0
293| 1,5 400 0
294| 1,8 400 0
295| 1,8 400 0
296| 1,8 400 0
297| 1,8 400 0
298| 1,8 400 0
299| 1,8 400 0
300| 1,8 400 0
301| 1,8 400 0
302| 1,8 400 0
303| 1,8 400 0
304| 1,8 400 0
305| 1,8 400 0
306| 1,8 400 0
307| 1,8 400 0
308| 1,8 400 0
309| 1,8 400 0
310| 1,8 400 0
311| 1,8 400 0
312| 1,8 400 0
313| 1,8 400 0
314| 1,8 400 0
315| 1,8 400 0
316| 1,8 400 0
317| 1,8 400 0
318| 2,1 400 0
319| 2,4 400 0
320| 2,7 400 0
321| 3 400 0
322| 3,299999 400 0
323| 3,599999 400 0
324| 3,899999 400 0
325| 4,2 400 0
326| 4,5 400 0
327| 4,8 400 0
328| 5,1 400 0
329| 5,4 400 0
330| 5,7 400 0
331| 6 400 0
332| 6 400 0
333| 6 400 0
334| 6 400 0
335| 6 400 0
336| 6 400 0
337| 6 400 0
338| 6 400 0
339| 6 400 0
340| 6 400 0
341| 6 400 0
342| 6 400 0
343| 6 400 0
344| 6 400 0
345| 6 400 0
346| 0 400 0
347| -0,3 400 0
348| -0,6 400 0
349| -0,9 400 0
350| -1,2 400 0
351| -1,5 400 0
352| -1,8 400 0
353| -2,1 400 0
354| -2,4 400 0
355| -2,7 400 0
356| -3 400 0
357| -3,299999 400 0
358| -3,599999 400 0
359| -3,899999 400 0
360| -4,2 400 0
361| -4,5 400 0
362| -4,8 400 0
363| -5,1 400 0
364| -5,4 400 0
365| -5,7 400 0
366| -6 400 0
367| -6,300001 400 0
368| -6,600001 400 0
369| -6,900001 400 0
370| -7,200001 400 0
371| -7,200001 400 0
372| -7,200001 400 0
373| -7,200001 400 0
374| -7,200001 400 0
375| -7,200001 400 0
376| -7,200001 400 0
377| -7,200001 400 0
378| -7,200001 400 0
379| -7,200001 400 0
380| -7,200001 400 0
381| -7,200001 400 0
382| -7,200001 400 0
383| -7,200001 400 0
384| -7,200001 400 0
385| -7,200001 400 0
386| -7,200001 400 0
387| 0 400 0
388| 0,3 400 0
389| 0,6 400 0
390| 0,9 400 0
391| 1,2 400 0
392| 1,5 400 0
393| 1,8 400 0
394| 1,8 400 0
395| 1,8 400 0
396| 1,8 400 0
397| 1,8 400 0
398| 1,8 400 0
399| 1,8 400 0
400| 1,8 400 0
401| 1,8 400 0
402| 1,8 400 0
403| 1,8 400 0
404| 1,8 400 0
405| 1,8 400 0
406| 1,8 400 0
407| 1,8 400 0
408| 1,8 400 0
409| 1,8 400 0
410| 1,8 400 0
411| 1,8 400 0
412| 1,8 400 0
413| 1,8 400 0
414| 1,8 400 0
415| 1,8 400 0
416| 1,8 400 0
417| 1,8 400 0
418| 1,8 400 0
419| 1,8 400 0
420| 1,8 400 0
421| 1,8 400 0
422| 1,8 400 0
423| 1,8 400 0
424| 1,8 400 0
425| 1,8 400 0
426| 1,8 400 0
427| 1,8 400 0
428| 1,8 400 0
429| 1,8 400 0
430| 1,8 400 0
431| 1,8 400 0
432| 1,8 400 0
433| 1,8 400 0
434| 1,8 400 0
435| 1,8 400 0
436| 1,8 400 0
437| 1,8 400 0
438| 1,8 400 0
439| 1,8 400 0
440| 1,8 400 0
441| 1,8 400 0
442| 1,8 400 0
443| 1,8 400 0
444| 1,8 400 0
445| 1,8 400 0
446| 1,8 400 0
447| 1,8 400 0
448| 1,8 400 0
449| 1,8 400 0
450| 1,8 400 0
451| 1,8 400 0
452| 1,8 400 0
453| 1,8 400 0
454| 1,8 400 0
455| 1,8 400 0
456| 1,8 400 0
457| 1,8 400 0
458| 1,8 400 0
459| 1,8 400 0
460| 1,8 400 0
461| 1,8 400 0
462| 1,8 400 0
463| 1,8 400 0
464| 1,8 400 0
465| 1,8 400 0
466| 1,8 400 0
467| 1,8 400 0
468| 1,8 400 0
469| 1,8 400 0
470| 1,8 400 0
471| 1,8 400 0
472| 1,8 400 0
473| 1,8 400 0
474| 1,8 400 0
475| 1,8 400 0
476| 1,8 400 0
477| 1,8 400 0
478| 1,8 400 0
479| 1,8 400 0
480| 1,8 400 0
481| 1,8 400 0
482| 1,8 400 0
483| 1,8 400 0
484| 1,8 400 0
485| 1,8 400 0
486| 1,8 400 0
487| 1,8 400 0
488| 1,8 400 0
489| 1,8 400 0
490| 1,8 400 0
491| 1,8 400 0
492| 1,8 400 0
493| 1,8 400 0
494| 1,8 400 0
495| 1,8 400 0
496| 1,8 400 0
497| 1,8 400 0
498| 1,8 400 0
499| 1,8 400 0
500| 1,8 400 0
501| 2,1 400 0
502| 2,4 400 0
503| 2,7 400 0
504| 3 400 0
505| 3,299999 400 0
506| 3,599999 400 0
507| 3,899999 400 0
508| 4,2 400 0
509| 4,5 400 0
510| 4,8 400 0
511| 5,1 400 0
512| 5,4 400 0
513| 5,7 400 0
514| 6 400 0
515| 6,300001 400 0
516| 6,600001 400 0
517| 6,900001 400 0
518| 7,200001 400 0
519| 7,500001 400 0
520| 7,800001 400 0
521| 8,1 400 0
522| 8,4 400 0
523| 8,7 400 0
524| 8,999999 400 0
525| 9,299999 400 0
526| 9,599998 400 0
527| 9,899999 400 0
528| 10,2 400 0
529| 10,5 400 0
530| 10,8 400 0
531| 11,1 400 0
532| 11,4 400 0
533| 11,7 400 0
534| 12 400 0
535| 12,3 400 0
536| 12,6 400 0
537| 12,9 400 0
538| 12,9 400 0
539| 12,9 400 0
540| 12,9 400 0
541| 12,9 400 0
542| 12,9 400 0
543| 12,9 400 0
544| 12,9 400 0
545| 12,9 400 0
546| 12,9 400 0
547| 12,9 400 0
548| 12,9 400 0
549| 12,9 400 0
550| 12,9 400 0
551| 12,9 400 0
552| 12,9 400 0
553| 12,9 400 0
554| 12,9 400 0
555| 12,9 400 0
556| 12,9 400 0
557| 12,9 400 0
558| 12,9 400 0
559| 12,9 400 0
560| 12,9 400 0
561| 12,9 400 0
562| 12,9 400 0
563| 12,9 400 0
564| 12,9 400 0
565| 12,9 400 0
566| 12,9 400 0
567| 12,9 400 0
568| 12,9 400 0
569| 12,9 400 0
570| 12,9 400 0
571| 12,9 400 0
572| 12,9 400 0
573| 12,9 400 0
574| 12,9 400 0
575| 12,9 400 0
576| 12,9 400 0
577| 12,9 400 0
578| 12,9 400 0
579| 12,9 400 0
580| 12,9 400 0
581| 12,9 400 0
582| 12,9 400 0
583| 12,9 400 0
584| 12,9 400 0
585| 12,9 400 0
586| 12,9 400 0
587| 0 400 0
588| -0,3 400 0
589| -0,6 400 0
590| -0,9 400 0
591| -1,2 400 0
592| -1,2 400 0
593| -1,2 400 0
594| -1,2 400 0
595| -1,2 400 0
596| -1,2 400 0
597| -1,2 400 0
598| -1,2 400 0
599| -1,2 400 0
600| -1,2 400 0
601| -1,2 400 0
602| -1,2 400 0
603| -1,2 400 0
604| -1,2 400 0
605| -1,2 400 0
606| -1,2 400 0
607| -1,2 400 0
608| -1,2 400 0
609| -1,2 400 0
610| -1,2 400 0
611| -1,2 400 0
612| -1,2 400 0
613| -1,2 400 0
614| -1,2 400 0
615| -1,2 400 0
616| -1,2 400 0
617| -1,2 400 0
618| -1,2 400 0
619| -1,2 400 0
620| -1,2 400 0
621| -1,2 400 0
622| -1,2 400 0
623| -1,2 400 0
624| -1,2 400 0
625| -1,2 400 0
626| -1,2 400 0
627| -1,2 400 0
628| -1,2 400 0
629| -1,2 400 0
630| -1,2 400 0
631| -1,2 400 0
632| -1,2 400 0
633| -1,2 400 0
634| -1,2 400 0
635| -1,2 400 0
636| -1,2 400 0
637| -1,2 400 0
638| -1,2 400 0
639| -1,2 400 0
640| -1,2 400 0
641| -1,2 400 0
642| -1,2 400 0
643| -1,2 400 0
644| -1,2 400 0
645| -1,2 400 0
646| -1,2 400 0
647| -1,2 400 0
648| -1,2 400 0
649| -1,2 400 0
650| -1,2 400 0
651| -1,2 400 0
652| -1,2 400 0
653| -1,2 400 0
654| -1,2 400 0
655| -1,2 400 0
656| -1,2 400 0
657| -1,2 400 0
658| -1,2 400 0
659| -1,2 400 0
660| -1,2 400 0
661| -1,2 400 0
662| -1,2 400 0
663| -1,2 400 0
664| -1,2 400 0
665| -1,2 400 0
666| -1,2 400 0
667| -1,2 400 0
668| -1,2 400 0
669| -1,2 400 0
670| -1,2 400 0
671| -1,2 400 0
672| -1,2 400 0
673| -1,2 400 0
674| -1,2 400 0
675| -1,2 400 0
676| -1,2 400 0
677| -1,2 400 0
678| -1,2 400 0
679| -1,2 400 0
680| -1,2 400 0
681| 0 400 0
682| 0,3 400 0
683| 0,6 400 0
684| 0,6 400 0
685| 0,6 400 0
686| 0,6 400 0
687| 0,6 400 0
688| 0,6 400 0
689| 0,6 400 0
690| 0,6 400 0
691| 0,6 400 0
692| 0,6 400 0
693| 0,6 400 0
694| 0,6 400 0
695| 0,6 400 0
696| 0,6 400 0
697| 0,6 400 0
698| 0,6 400 0
699| 0,6 400 0
700| 0,6 400 0
701| 0,6 400 0
702| 0,6 400 0
703| 0,6 400 0
704| 0,6 400 0
705| 0,6 400 0
706| 0,6 400 0
707| 0,6 400 0
708| 0,6 400 0
709| 0,6 400 0
710| 0,6 400 0
711| 0,6 400 0
712| 0,6 400 0
713| 0,6 400 0
714| 0,6 400 0
715| 0,6 400 0
716| 0,6 400 0
717| 0,6 400 0
718| 0,6 400 0
719| 0,6 400 0
720| 0,6 400 0
721| 0,6 400 0
722| 0,6 400 0
723| 0,6 400 0
724| 0,6 400 0
725| 0,6 400 0
726| 0,6 400 0
727| 0,6 400 0
728| 0,6 400 0
729| 0,6 400 0
730| 0,6 400 0
731| 0,6 400 0
732| 0,6 400 0
733| 0,6 400 0
734| 0,6 400 0
735| 0,6 400 0
736| 0,6 400 0
737| 0,6 400 0
738| 0,6 400 0
739| 0,6 400 0
740| 0,6 400 0
741| 0,6 400 0
742| 0,6 400 0
743| 0,6 400 0
744| 0,6 400 0
745| 0,6 400 0
746| 0,6 400 0
747| 0,6 400 0
748| 0,6 400 0
749| 0,6 400 0
750| 0,6 400 0
751| 0,6 400 0
752| 0,6 400 0
753| 0,6 400 0
754| 0,6 400 0
755| 0,6 400 0
756| 0,6 400 0
757| 0,6 400 0
758| 0,6 400 0
759| 0,6 400 0
760| 0,6 400 0
761| 0,6 400 0
762| 0,6 400 0
763| 0,6 400 0
764| 0,6 400 0
765| 0,6 400 0
766| 0,6 400 0
767| 0,6 400 0
768| 0,6 400 0
769| 0,6 400 0
770| 0,6 400 0
771| 0,6 400 0
772| 0,6 400 0
773| 0,6 400 0
774| 0,6 400 0
775| 0,6 400 0
776| 0,6 400 0
777| 0,6 400 0
778| 0,6 400 0
779| 0,6 400 0
780| 0,6 400 0
781| 0,6 400 0
782| 0,6 400 0
783| 0,6 400 0
784| 0,6 400 0
785| 0,6 400 0
786| 0,6 400 0
787| 0,6 400 0
788| 0,6 400 0
789| 0,6 400 0
790| 0,6 400 0
791| 0,6 400 0
792| 0,6 400 0
793| 0,6 400 0
794| 0,6 400 0
795| 0,6 400 0
796| 0,6 400 0
797| 0,6 400 0
798| 0,6 400 0
799| 0,6 400 0
800| 0,6 400 0
801| 0,6 400 0
802| 0,6 400 0
803| 0,6 400 0
804| 0,6 400 0
805| 0,6 400 0
806| 0,6 400 0
807| 0,6 400 0
808| 0,6 400 0
809| 0,6 400 0
810| 0,6 400 0
811| 0,6 400 0
812| 0,6 400 0
813| 0,6 400 0
814| 0,6 400 0
815| 0,6 400 0
816| 0,6 400 0
817| 0,6 400 0
818| 0,6 400 0
819| 0,6 400 0
820| 0,6 400 0
821| 0,6 400 0
822| 0,6 400 0
823| 0,6 400 0
824| 0,6 400 0
825| 0,6 400 0
826| 0,6 400 0
827| 0,6 400 0
828| 0,6 400 0
829| 0,6 400 0
830| 0,6 400 0
831| 0,6 400 0
832| 0,6 400 0
833| 0,6 400 0
834| 0,6 400 0
835| 0,6 400 0
836| 0,6 400 0
837| 0,6 400 0
838| 0,6 400 0
839| 0,6 400 0
840| 0,6 400 0
841| 0,6 400 0
842| 0,6 400 0
843| 0,6 400 0
844| 0,6 400 0
845| 0,6 400 0
846| 0,6 400 0
847| 0,6 400 0
848| 0,6 400 0
849| 0,6 400 0
850| 0,6 400 0
851| 0,6 400 0
852| 0,6 400 0
853| 0,6 400 0
854| 0,6 400 0
855| 0,6 400 0
856| 0,6 400 0
857| 0,6 400 0
858| 0,6 400 0
859| 0,6 400 0
860| 0,6 400 0
861| 0,6 400 0
862| 0,6 400 0
863| 0,6 400 0
864| 0,6 400 0
865| 0,6 400 0
866| 0,6 400 0
867| 0,6 400 0
868| 0,6 400 0
869| 0,6 400 0
870| 0,6 400 0
871| 0,6 400 0
872| 0,6 400 0
873| 0,6 400 0
874| 0,6 400 0
875| 0,6 400 0
876| 0,6 400 0
877| 0,6 400 0
878| 0,6 400 0
879| 0,6 400 0
880| 0,6 400 0
881| 0,6 400 0
882| 0,6 400 0
883| 0,6 400 0
884| 0,6 400 0
885| 0,6 400 0
886| 0,6 400 0
887| 0,6 400 0
888| 0,6 400 0
889| 0,6 400 0
890| 0,6 400 0
891| 0,6 400 0
892| 0,6 400 0
893| 0,6 400 0
894| 0,6 400 0
895| 0,6 400 0
896| 0,6 400 0
897| 0,6 400 0
898| 0,6 400 0
899| 0,6 400 0
900| 0,6 400 0
901| 0,6 400 0
902| 0,6 400 0
903| 0,6 400 0
904| 0,6 400 0
905| 0,6 400 0
906| 0,6 400 0
907| 0,6 400 0
908| 0,6 400 0
909| 0,6 400 0
910| 0,6 400 0
911| 0,6 400 0
912| 0,6 400 0
913| 0,6 400 0
914| 0,6 400 0
915| 0,6 400 0
916| 0,6 400 0
917| 0,6 400 0
918| 0,6 400 0
919| 0,6 400 0
920| 0,6 400 0
921| 0,6 400 0
922| 0,6 400 0
923| 0,6 400 0
924| 0,6 400 0
925| 0,6 400 0
926| 0,6 400 0
927| 0,6 400 0
928| 0,6 400 0
929| 0 0 0
930| 0 0 0
931| 0 0 0
932| 0 0 0
933| 0 0 0
934| 0 0 0
935| 0 0 0
936| 0 0 0
937| 0 0 0
938| 0 0 0
939| 0 0 0
940| 0 0 0
941| 0 0 0
942| 0 0 0
943| 0 0 0
944| 0 0 0
945| 0 0 0
946| 0 0 0
947| 0 0 0
948| 0 0 0
949| 0 0 0
950| 0 0 0
951| 0 0 0
952| 0 4 0
953| 0 8 0
954| 0 12 0
955| 0,3 16 0
956| 0,6 20 0
957| 0,9 24 0
958| 1,2 28 0
959| 1,5 32 0
960| 1,8 36 0
961| 2,1 40 0
962| 2,4 43,99999 0
963| 2,7 47,99999 0
964| 3 51,99999 0
965| 3,299999 55,99999 0
966| 3,599999 60 0
967| 3,899999 64 0
968| 4,2 68 0
969| 4,5 72 0
970| 4,8 76,00001 0
971| 5,1 80,00001 0
972| 5,4 84,00001 0
973| 5,7 88,00002 0
974| 6 92,00002 0
975| 6,300001 96,00002 0
976| 6,600001 100 0
977| 6,900001 104 0
978| 7,200001 108 0
979| 7,500001 112 0
980| 7,800001 116 0
981| 8,1 120 0
982| 8,4 124 0
983| 8,7 128 0
984| 8,999999 132 0
985| 9,299999 136 0
986| 9,599998 140 0
987| 9,899999 144 0
988| 10,2 148 0
989| 10,5 152 0
990| 10,8 156 0
991| 11,1 160 0
992| 11,4 164 0
993| 11,7 168 0
994| 11,7 171,9999 0
995| 11,7 175,9999 0
996| 11,7 179,9999 0
997| 11,7 183,9999 0
998| 11,7 187,9999 0
999| 11,7 191,9999 0
1000| 11,7 195,9999 0
1001| 11,7 199,9999 0
1002| 11,7 203,9999 0
1003| 11,7 207,9999 0
1004| 11,7 211,9999 0
1005| 11,7 215,9999 0
1006| 11,7 219,9999 0
1007| 11,7 223,9999 0
1008| 11,7 227,9999 0
1009| 11,7 231,9999 0
1010| 11,7 235,9999 0
1011| 11,7 239,9999 0
1012| 11,7 243,9999 0
1013| 11,7 247,9999 0
1014| 11,7 251,9999 0
1015| 11,7 255,9999 0
1016| 11,7 259,9999 0
1017| 11,7 263,9999 0
1018| 11,7 267,9999 0
1019| 11,7 271,9998 0
1020| 11,7 275,9998 0
1021| 11,7 279,9998 0
1022| 11,7 283,9998 0
1023| 11,7 287,9998 0
1024| 11,7 291,9998 0
1025| 11,7 295,9998 0
1026| 11,7 299,9998 0
1027| 11,7 303,9998 0
1028| 11,7 307,9998 0
1029| 11,7 311,9998 0
1030| 11,7 315,9998 0
1031| 11,7 319,9998 0
1032| 11,7 323,9998 0
1033| 11,7 327,9998 0
1034| 11,7 331,9998 0
1035| 11,7 335,9998 0
1036| 11,7 339,9998 0
1037| 11,7 343,9998 0
1038| 11,7 347,9998 0
1039| 11,7 351,9998 0
1040| 11,7 355,9998 0
1041| 0 359,9998 0
1042| -0,3 363,9998 0
1043| -0,6 367,9998 0
1044| -0,9 371,9998 0
1045| -1,2 375,9998 0
1046| -1,2 379,9998 0
1047| -1,2 383,9998 0
1048| -1,2 387,9998 0
1049| -1,2 391,9998 0
1050| -1,2 395,9998 0
1051| -1,2 399,9997 0
1052| -1,2 400 0
1053| -1,2 400 0
1054| -1,2 400 0
1055| -1,2 400 0
1056| -1,2 400 0
1057| -1,5 400 0
1058| -1,8 400 0
1059| -2,1 400 0
1060| -2,4 400 0
1061| -2,7 400 0
1062| -3 400 0
1063| -3,299999 400 0
1064| -3,599999 400 0
1065| -3,899999 400 0
1066| -4,2 400 0
1067| -4,5 400 0
1068| -4,8 400 0
1069| -5,1 400 0
1070| -5,4 400 0
1071| -5,7 400 0
1072| -6 400 0
1073| -6,300001 400 0
1074| -6,600001 400 0
1075| -6,900001 400 0
1076| -7,200001 400 0
1077| -7,500001 400 0
1078| -7,800001 400 0
1079| -8,1 400 0
1080| -8,4 400 0
1081| -8,7 400 0
1082| -8,999999 400 0
1083| -9,299999 400 0
1084| -9,599998 400 0
1085| -9,899999 400 0
1086| -10,2 400 0
1087| -10,5 400 0
1088| -10,8 400 0
1089| -11,1 400 0
1090| -11,4 400 0
1091| -11,7 400 0
1092| -12 400 0
1093| -12,3 400 0
1094| -12,6 400 0
1095| -12,9 400 0
1096| -13,2 400 0
1097| -13,5 400 0
1098| -13,79999 400 0
1099| -14,09999 400 0
1100| -14,39999 400 0
1101| -14,69999 400 0
1102| -14,99999 400 0
1103| -15,29999 400 0
1104| -15,59999 400 0
1105| -15,89999 400 0
1106| -16,19999 400 0
1107| -16,49999 400 0
1108| -16,79999 400 0
1109| -17,09999 400 0
1110| -17,39999 400 0
1111| -17,69999 400 0
1112| -17,99999 400 0
1113| -18,29999 400 0
1114| -18,59999 400 0
1115| -18,89999 400 0
1116| -19,19999 400 0
1117| -19,49999 400 0
1118| -19,79999 400 0
1119| -20,09999 400 0
1120| -20,39999 400 0
1121| -20,69999 400 0
1122| -20,99999 400 0
1123| -21,29999 400 0
1124| -21,59999 400 0
1125| -21,89999 400 0
1126| -22,19999 400 0
1127| -22,49999 400 0
1128| -22,79999 400 0
1129| -23,09999 400 0
1130| -23,39999 400 0
1131| -23,69999 400 0
1132| -23,99999 400 0
1133| -24,29999 400 0
1134| -24,59999 400 0
1135| -24,89998 400 0
1136| -25,19999 400 0
1137| -25,49998 400 0
1138| -25,79998 400 0
1139| -26,09998 400 0
1140| -26,39998 400 0
1141| -26,69998 400 0
1142| -26,99998 400 0
1143| -27,29998 400 0
1144| -27,59998 400 0
1145| -27,89998 400 0
1146| -28,19998 400 0
1147| -28,49998 400 0
1148| -28,79998 400 0
1149| -29,09998 400 0
1150| -29,39998 400 0
1151| -29,69998 400 0
1152| -29,99998 400 0
1153| -30 400 0
1154| -30 400 0
1155| -30 400 0
1156| -30 400 0
1157| -30 400 0
1158| -30 400 0
1159| -30 400 0
1160| -30 400 0
1161| -30 400 0
1162| -30 400 0
1163| 0 400 0
1164| 0,3 400 0
1165| 0,6 400 0
1166| 0,9 400 0
1167| 1,2 400 0
1168| 1,5 400 0
1169| 1,8 400 0
1170| 2,1 400 0
1171| 2,4 400 0
1172| 2,7 400 0
1173| 3 400 0
1174| 3,299999 400 0
1175| 3,599999 400 0
1176| 3,899999 400 0
1177| 4,2 400 0
1178| 4,5 400 0
1179| 4,8 400 0
1180| 5,1 400 0
1181| 5,4 400 0
1182| 5,7 400 0
1183| 6 400 0
1184| 6,300001 400 0
1185| 6,600001 400 0
1186| 6,900001 400 0
1187| 7,200001 400 0
1188| 7,500001 400 0
1189| 7,800001 400 0
1190| 8,1 400 0
1191| 8,4 400 0
1192| 8,7 400 0
1193| 8,999999 400 0
1194| 9,299999 400 0
1195| 9,599998 400 0
1196| 9,899999 400 0
1197| 10,2 400 0
1198| 10,5 400 0
1199| 10,8 400 0
1200| 11,1 400 0
1201| 11,4 400 0
1202| 11,7 400 0
1203| 12 400 0
1204| 12,3 400 0
1205| 12,6 400 0
1206| 12,9 400 0
1207| 13,2 400 0
1208| 13,5 400 0
1209| 13,79999 400 0
1210| 14,09999 400 0
1211| 14,39999 400 0
1212| 14,69999 400 0
1213| 14,99999 400 0
1214| 15,29999 400 0
1215| 15,59999 400 0
1216| 15,89999 400 0
1217| 16,19999 400 0
1218| 16,49999 400 0
1219| 16,79999 400 0
1220| 17,09999 400 0
1221| 17,39999 400 0
1222| 17,69999 400 0
1223| 17,99999 400 0
1224| 18,29999 400 0
1225| 18,59999 400 0
1226| 18,89999 400 0
1227| 19,19999 400 0
1228| 19,49999 400 0
1229| 19,79999 400 0
1230| 20,09999 400 0
1231| 20,39999 400 0
1232| 20,69999 400 0
1233| 20,99999 400 0
1234| 21,29999 400 0
1235| 21,59999 400 0
1236| 21,89999 400 0
1237| 22,19999 400 0
1238| 22,49999 400 0
1239| 22,79999 400 0
1240| 23,09999 400 0
1241| 23,39999 400 0
1242| 23,69999 400 0
1243| 23,99999 400 0
1244| 24,29999 400 0
1245| 24,59999 400 0
1246| 24,89998 400 0
1247| 25,19999 400 0
1248| 25,49998 400 0
1249| 25,79998 400 0
1250| 26,09998 400 0
1251| 26,39998 400 0
1252| 26,69998 400 0
1253| 26,99998 400 0
1254| 27,29998 400 0
1255| 27,59998 400 0
1256| 27,89998 400 0
1257| 28,19998 400 0
1258| 28,19998 400 0
1259| 28,19998 400 0
1260| 28,19998 400 0
1261| 28,19998 400 0
1262| 28,19998 400 0
1263| 28,19998 400 0
1264| 28,19998 400 0
1265| 28,19998 400 0
1266| 0 400 0
1267| -0,3 400 0
1268| -0,6 400 0
1269| -0,9 400 0
1270| -1,2 400 0
1271| -1,5 400 0
1272| -1,5 400 0
1273| -1,5 400 0
1274| -1,5 400 0
1275| -1,5 400 0
1276| -1,5 400 0
1277| -1,5 400 0
1278| -1,5 400 0
1279| -1,5 400 0
1280| -1,5 400 0
1281| -1,5 400 0
1282| -1,5 400 0
1283| -1,5 400 0
1284| -1,5 400 0
1285| -1,5 400 0
1286| -1,5 400 0
1287| -1,5 400 0
1288| -1,5 400 0
1289| -1,5 400 0
1290| -1,5 400 0
1291| -1,5 400 0
1292| -1,5 400 0
1293| -1,5 400 0
1294| -1,5 400 0
1295| -1,5 400 0
1296| -1,5 400 0
1297| -1,5 400 0
1298| -1,5 400 0
1299| -1,5 400 0
1300| -1,5 400 0
1301| -1,5 400 0
1302| -1,5 400 0
1303| -1,5 400 0
1304| -1,5 400 0
1305| -1,5 400 0
1306| -1,5 400 0
1307| -1,5 400 0
1308| -1,5 400 0
1309| -1,5 400 0
1310| -1,5 400 0
1311| -1,5 400 0
1312| -1,5 400 0
1313| -1,5 400 0
1314| -1,5 400 0
1315| -1,5 400 0
1316| -1,5 400 0
1317| -1,5 400 0
1318| -1,5 400 0
1319| -1,5 400 0
1320| -1,5 400 0
1321| -1,5 400 0
1322| -1,5 400 0
1323| -1,5 400 0
1324| -1,5 400 0
1325| -1,5 400 0
1326| -1,5 400 0
1327| -1,5 400 0
1328| -1,5 400 0
1329| -1,5 400 0
1330| -1,5 400 0
1331| -1,5 400 0
1332| -1,5 400 0
1333| -1,5 400 0
1334| -1,5 400 0
1335| -1,5 400 0
1336| -1,5 400 0
1337| -1,5 400 0
1338| -1,5 400 0
1339| -1,5 400 0
1340| -1,5 400 0
1341| -1,5 400 0
1342| -1,5 400 0
1343| -1,5 400 0
1344| -1,5 400 0
1345| -1,5 400 0
1346| -1,5 400 0
1347| -1,5 400 0
1348| -1,5 400 0
1349| -1,5 400 0
1350| -1,5 400 0
1351| -1,5 400 0
1352| -1,5 400 0
1353| -1,5 400 0
1354| -1,5 400 0
1355| -1,5 400 0
1356| -1,5 400 0
1357| -1,5 400 0
1358| -1,5 400 0
1359| -1,5 400 0
1360| -1,5 400 0
1361| -1,5 400 0
1362| -1,5 400 0
1363| -1,5 400 0
1364| -1,5 400 0
1365| -1,5 400 0
1366| -1,5 400 0
1367| -1,5 400 0
1368| -1,5 400 0
1369| -1,5 400 0
1370| -1,5 400 0
1371| -1,5 400 0
1372| -1,5 400 0
1373| -1,5 400 0
1374| -1,5 400 0
1375| -1,5 400 0
1376| -1,5 400 0
1377| -1,5 400 0
1378| -1,5 400 0
1379| -1,5 400 0
1380| -1,5 400 0
1381| -1,5 400 0
1382| -1,5 400 0
1383| -1,5 400 0
1384| -1,5 400 0
1385| -1,5 400 0
1386| -1,5 400 0
1387| -1,5 400 0
1388| -1,5 400 0
1389| -1,5 400 0
1390| -1,5 400 0
1391| -1,5 400 0
1392| -1,5 400 0
1393| -1,5 400 0
1394| -1,5 400 0
1395| -1,5 400 0
1396| -1,5 400 0
1397| -1,5 400 0
1398| -1,5 400 0
1399| -1,5 400 0
1400| -1,5 400 0
1401| -1,5 400 0
1402| -1,5 400 0
1403| -1,5 400 0
1404| -1,5 400 0
1405| -1,5 400 0
1406| -1,5 400 0
1407| -1,5 400 0
1408| -1,5 400 0
1409| -1,5 400 0
1410| -1,5 400 0
1411| -1,5 400 0
1412| -1,5 400 0
1413| -1,5 400 0
1414| -1,5 400 0
1415| -1,5 400 0
1416| -1,5 400 0
1417| -1,5 400 0
1418| -1,5 400 0
1419| -1,5 400 0
1420| -1,5 400 0
1421| -1,5 400 0
1422| -1,5 400 0
1423| -1,5 400 0
1424| -1,5 400 0
1425| -1,5 400 0
1426| -1,5 400 0
1427| -1,5 400 0
1428| -1,5 400 0
1429| -1,5 400 0
1430| -1,5 400 0
1431| -1,5 400 0
1432| -1,5 400 0
1433| -1,5 400 0
1434| -1,5 400 0
1435| -1,5 400 0
1436| -1,5 400 0
1437| -1,5 400 0
1438| -1,5 400 0
1439| -1,5 400 0
1440| -1,5 400 0
1441| -1,5 400 0
1442| -1,5 400 0
1443| -1,5 400 0
1444| -1,5 400 0
1445| -1,5 400 0
1446| -1,5 400 0
1447| -1,5 400 0
1448| -1,5 400 0
1449| -1,5 400 0
1450| -1,5 400 0
1451| -1,5 400 0
1452| -1,5 400 0
1453| -1,5 400 0
1454| -1,5 400 0
1455| -1,5 400 0
1456| -1,5 400 0
1457| -1,5 400 0
1458| -1,5 400 0
1459| -1,5 400 0
1460| -1,5 400 0
1461| -1,5 400 0
1462| -1,5 400 0
1463| -1,5 400 0
1464| -1,5 400 0
1465| -1,5 400 0
1466| -1,5 400 0
1467| -1,5 400 0
1468| -1,5 400 0
1469| -1,5 400 0
1470| -1,5 400 0
1471| -1,5 400 0
1472| -1,5 400 0
1473| -1,5 400 0
1474| -1,5 400 0
1475| -1,5 400 0
1476| -1,5 400 0
1477| -1,5 400 0
1478| -1,5 400 0
1479| -1,5 400 0
1480| -1,5 400 0
1481| -1,5 400 0
1482| -1,5 400 0
1483| -1,5 400 0
1484| -1,5 400 0
1485| -1,5 400 0
1486| -1,5 400 0
1487| -1,5 400 0
1488| -1,5 400 0
1489| -1,8 400 0
1490| -2,1 400 0
1491| -2,4 400 0
1492| -2,7 400 0
1493| -3 400 0
1494| -3,299999 400 0
1495| -3,599999 400 0
1496| -3,899999 400 0
1497| -4,2 400 0
1498| -4,5 400 0
1499| -4,8 400 0
1500| -5,1 400 0
1501| -5,4 400 0
1502| -5,7 400 0
1503| -6 400 0
1504| -6,300001 400 0
1505| -6,600001 400 0
1506| -6,900001 400 0
1507| -7,200001 400 0
1508| -7,500001 400 0
1509| -7,800001 400 0
1510| -8,1 400 0
1511| -8,4 400 0
1512| -8,7 400 0
1513| -8,999999 400 0
1514| -9,299999 400 0
1515| -9,599998 400 0
1516| -9,899999 400 0
1517| -10,2 400 0
1518| -10,5 400 0
1519| -10,8 400 0
1520| -10,8 400 0
1521| -10,8 400 0
1522| -10,8 400 0
1523| -10,8 400 0
1524| -10,8 400 0
1525| -10,8 400 0
1526| -10,8 400 0
1527| -10,8 400 0
1528| -10,8 400 0
1529| -10,8 400 0
1530| -10,8 400 0
1531| -10,8 400 0
1532| -10,8 400 0
1533| -10,8 400 0
1534| -10,8 400 0
1535| -10,8 400 0
1536| -10,8 400 0
1537| -10,8 400 0
1538| -10,8 400 0
1539| -10,8 400 0
1540| -10,8 400 0
1541| -10,8 400 0
1542| -10,8 400 0
1543| -10,8 400 0
1544| -10,8 400 0
1545| -10,8 400 0
1546| -10,8 400 0
1547| -10,8 400 0
1548| -10,8 400 0
1549| -10,8 400 0
1550| -10,8 400 0
1551| -10,8 400 0
1552| -10,8 400 0
1553| -10,8 400 0
1554| -10,8 400 0
1555| -10,8 400 0
1556| -10,8 400 0
1557| -10,8 400 0
1558| -10,8 400 0
1559| -10,8 400 0
1560| -10,8 400 0
1561| -10,8 400 0
1562| -10,8 400 0
1563| -10,8 400 0
1564| -10,8 400 0
1565| -10,8 400 0
1566| -10,8 400 0
1567| -10,8 400 0
1568| -10,8 400 0
1569| -10,8 400 0
1570| -10,8 400 0
1571| -10,8 400 0
1572| -10,8 400 0
1573| -10,8 400 0
1574| -10,8 400 0
1575| -10,8 400 0
1576| -10,8 400 0
1577| -10,8 400 0
1578| -10,8 400 0
1579| -10,8 400 0
1580| -10,8 400 0
1581| -10,8 400 0
1582| -10,8 400 0
1583| -10,8 400 0
1584| -10,8 400 0
1585| -10,8 400 0
1586| -10,8 400 0
1587| -10,8 400 0
1588| -10,8 400 0
1589| -10,8 400 0
1590| -10,8 400 0
1591| -10,8 400 0
1592| -10,8 400 0
1593| -10,8 400 0
1594| -10,8 400 0
1595| -10,8 400 0
1596| -10,8 400 0
1597| -10,8 400 0
1598| -10,8 400 0
1599| -10,8 400 0
1600| -10,8 400 0
1601| -10,8 400 0
1602| -10,8 400 0
1603| -10,8 400 0
1604| -10,8 400 0
1605| -10,8 400 0
1606| -10,8 400 0
1607| -10,8 400 0
1608| -10,8 400 0
1609| -10,8 400 0
1610| -10,8 400 0
1611| -10,8 400 0
1612| -10,8 400 0
1613| -10,8 400 0
1614| -10,8 400 0
1615| -10,8 400 0
1616| -10,8 400 0
1617| -10,8 400 0
1618| -10,8 400 0
1619| -10,8 400 0
1620| -10,8 400 0
1621| -10,8 400 0
1622| -10,8 400 0
1623| -10,8 400 0
1624| -10,8 400 0
1625| -10,8 400 0
1626| -10,8 400 0
1627| -10,8 400 0
1628| -10,8 400 0
1629| -10,8 400 0
1630| -10,8 400 0
1631| -10,8 400 0
1632| 0 400 0
1633| 0,3 400 0
1634| 0,6 400 0
1635| 0,9 400 0
1636| 1,2 400 0
1637| 1,2 400 0
1638| 1,2 400 0
1639| 1,2 400 0
1640| 1,2 400 0
1641| 1,2 400 0
1642| 1,2 400 0
1643| 1,2 400 0
1644| 1,2 400 0
1645| 1,2 400 0
1646| 1,2 400 0
1647| 1,2 400 0
1648| 1,2 400 0
1649| 1,2 400 0
1650| 1,2 400 0
1651| 1,2 400 0
1652| 1,2 400 0
1653| 1,2 400 0
1654| 1,2 400 0
1655| 1,2 400 0
1656| 1,2 400 0
1657| 1,2 400 0
1658| 1,2 400 0
1659| 1,2 400 0
1660| 1,2 400 0
1661| 1,2 400 0
1662| 1,2 400 0
1663| 1,2 400 0
1664| 1,2 400 0
1665| 1,2 400 0
1666| 1,2 400 0
1667| 1,2 400 0
1668| 1,2 400 0
1669| 1,2 400 0
1670| 1,2 400 0
1671| 1,2 400 0
1672| 1,2 400 0
1673| 1,2 400 0
1674| 1,2 400 0
1675| 1,2 400 0
1676| 1,2 400 0
1677| 1,2 400 0
1678| 1,2 400 0
1679| 1,2 400 0
1680| 1,2 400 0
1681| 1,2 400 0
1682| 1,2 400 0
1683| 1,2 400 0
1684| 1,2 400 0
1685| 1,2 400 0
1686| 1,2 400 0
1687| 1,2 400 0
1688| 1,2 400 0
1689| 1,2 400 0
1690| 1,2 400 0
1691| 1,2 400 0
1692| 1,2 400 0
1693| 1,2 400 0
1694| 1,2 400 0
1695| 1,2 400 0
1696| 1,2 400 0
1697| 1,2 400 0
1698| 1,2 400 0
1699| 1,2 400 0
1700| 1,2 400 0
1701| 1,2 400 0
1702| 1,2 400 0
1703| 1,2 400 0
1704| 1,2 400 0
1705| 1,2 400 0
1706| 1,2 400 0
1707| 1,2 400 0
1708| 1,2 400 0
1709| 1,2 400 0
1710| 1,2 400 0
1711| 1,2 400 0
1712| 1,2 400 0
1713| 1,2 400 0
1714| 1,2 400 0
1715| 1,2 400 0
1716| 1,2 400 0
1717| 1,2 400 0
1718| 1,2 400 0
1719| 1,2 400 0
1720| 1,2 400 0
1721| 1,2 400 0
1722| 1,2 400 0
1723| 1,2 400 0
1724| 1,2 400 0
1725| 1,2 400 0
1726| 1,2 400 0
1727| 1,2 400 0
1728| 1,2 400 0
1729| 1,2 400 0
1730| 1,2 400 0
1731| 1,2 400 0
1732| 1,2 400 0
1733| 1,2 400 0
1734| 1,2 400 0
1735| 1,2 400 0
1736| 1,2 400 0
1737| 1,2 400 0
1738| 1,2 400 0
1739| 1,2 400 0
1740| 1,2 400 0
1741| 1,2 400 0
1742| 1,2 400 0
1743| 1,2 400 0
1744| 1,2 400 0
1745| 1,2 400 0
1746| 1,2 400 0
1747| 1,2 400 0
1748| 1,2 400 0
1749| 1,2 400 0
1750| 1,2 400 0
1751| 1,2 400 0
1752| 1,2 400 0
1753| 1,2 400 0
1754| 1,2 400 0
1755| 1,2 400 0
1756| 1,2 400 0
1757| 1,2 400 0
1758| 1,2 400 0
1759| 1,2 400 0
1760| 1,2 400 0
1761| 1,2 400 0
1762| 1,2 400 0
1763| 1,2 400 0
1764| 1,2 400 0
1765| 1,2 400 0
1766| 1,2 400 0
1767| 1,2 400 0
1768| 1,2 400 0
1769| 1,2 400 0
1770| 1,2 400 0
1771| 1,2 400 0
1772| 1,2 400 0
1773| 1,2 400 0
1774| 1,2 400 0
1775| 1,2 400 0
1776| 1,2 400 0
1777| 1,2 400 0
1778| 1,2 400 0
1779| 1,2 400 0
1780| 1,2 400 0
1781| 1,2 400 0
1782| 1,2 400 0
1783| 1,2 400 0
1784| 1,2 400 0
1785| 1,2 400 0
1786| 1,2 400 0
1787| 1,2 400 0
1788| 1,2 400 0
1789| 1,2 400 0
1790| 1,2 400 0
1791| 1,2 400 0
1792| 1,2 400 0
1793| 1,2 400 0
1794| 1,2 400 0
1795| 1,2 400 0
1796| 1,2 400 0
1797| 1,2 400 0
1798| 1,2 400 0
1799| 1,2 400 0
1800| 1,2 400 0
1801| 1,2 400 0
1802| 1,2 400 0
1803| 1,2 400 0
1804| 1,2 400 0
1805| 1,2 400 0
1806| 1,2 400 0
1807| 1,2 400 0
1808| 1,2 400 0
1809| 1,2 400 0
1810| 1,2 400 0
1811| 1,2 400 0
1812| 1,2 400 0
1813| 1,2 400 0
1814| 1,2 400 0
1815| 1,2 400 0
1816| 1,2 400 0
1817| 1,2 400 0
1818| 1,2 400 0
1819| 1,2 400 0
1820| 1,2 400 0
1821| 1,2 400 0
1822| 1,2 400 0
1823| 1,2 400 0
1824| 1,2 400 0
1825| 1,2 400 0
1826| 1,2 400 0
1827| 1,2 400 0
1828| 1,2 400 0
1829| 1,2 400 0
1830| 1,2 400 0
1831| 1,2 400 0
1832| 1,2 400 0
1833| 1,2 400 0
1834| 1,2 400 0
1835| 1,2 400 0
1836| 1,2 400 0
1837| 1,2 400 0
1838| 1,2 400 0
1839| 1,2 400 0
1840| 1,2 400 0
1841| 1,2 400 0
1842| 1,2 400 0
1843| 1,2 400 0
1844| 1,2 400 0
1845| 1,2 400 0
1846| 1,2 400 0
1847| 1,2 400 0
1848| 1,2 400 0
1849| 1,2 400 0
1850| 1,2 400 0
1851| 1,2 400 0
1852| 1,2 400 0
1853| 1,2 400 0
1854| 1,2 400 0
1855| 1,2 400 0
1856| 1,2 400 0
1857| 1,2 400 0
1858| 1,2 400 0
1859| 1,2 400 0
1860| 1,2 400 0
1861| 1,2 400 0
1862| 1,2 400 0
1863| 1,2 400 0
1864| 1,2 400 0
1865| 1,2 400 0
1866| 1,2 400 0
1867| 1,2 400 0
1868| 1,2 400 0
1869| 1,2 400 0
1870| 1,2 400 0
1871| 1,2 400 0
1872| 1,2 400 0
1873| 1,2 400 0
1874| 1,2 400 0
1875| 1,2 400 0
1876| 1,2 400 0
1877| 1,2 400 0
1878| 1,2 400 0
1879| 1,2 400 0
1880| 1,2 400 0
1881| 1,2 400 0
1882| 1,2 400 0
1883| 1,2 400 0
1884| 1,2 400 0
1885| 1,2 400 0
1886| 1,2 400 0
1887| 1,2 400 0
1888| 1,2 400 0
1889| 1,2 400 0
1890| 1,2 400 0
1891| 1,2 400 0
1892| 1,2 400 0
1893| 1,2 400 0
1894| 1,2 400 0
1895| 1,2 400 0
1896| 1,2 400 0
1897| 1,2 400 0
1898| 1,2 400 0
1899| 1,2 400 0
1900| 1,2 400 0
1901| 1,2 400 0
1902| 1,2 400 0
1903| 1,2 400 0
1904| 1,2 400 0
1905| 1,2 400 0
1906| 1,2 400 0
1907| 1,2 400 0
1908| 1,2 400 0
1909| 1,2 400 0
1910| 1,2 400 0
1911| 1,2 400 0
1912| 1,2 400 0
1913| 1,2 400 0
1914| 1,2 400 0
1915| 1,2 400 0
1916| 1,2 400 0
1917| 1,2 400 0
1918| 1,2 400 0
1919| 1,2 400 0
1920| 1,2 400 0
1921| 1,2 400 0
1922| 1,2 400 0
1923| 1,2 400 0
1924| 1,2 400 0
1925| 1,2 400 0
1926| 1,2 400 0
1927| 1,2 400 0
1928| 1,2 400 0
1929| 1,2 400 0
1930| 1,2 400 0
1931| 1,2 400 0
1932| 1,2 400 0
1933| 1,2 400 0
1934| 1,2 400 0
1935| 1,2 400 0
1936| 1,2 400 0
1937| 1,2 400 0
1938| 1,2 400 0
1939| 1,2 400 0
1940| 1,2 400 0
1941| 1,2 400 0
1942| 1,2 400 0
1943| 1,2 400 0
1944| 1,2 400 0
1945| 1,2 400 0
1946| 1,2 400 0
1947| 1,2 400 0
1948| 1,2 400 0
1949| 0 400 0
1950| -0,3 400 0
1951| -0,6 400 0
1952| -0,6 400 0
1953| -0,6 400 0
1954| -0,6 400 0
1955| -0,6 400 0
1956| -0,6 400 0
1957| -0,6 400 0
1958| -0,6 400 0
1959| -0,6 400 0
1960| -0,6 400 0
1961| -0,6 400 0
1962| -0,6 400 0
1963| -0,6 400 0
1964| -0,6 400 0
1965| -0,6 400 0
1966| -0,6 400 0
1967| -0,6 400 0
1968| -0,6 400 0
1969| -0,6 400 0
1970| -0,6 400 0
1971| -0,6 400 0
1972| -0,6 400 0
1973| -0,6 400 0
1974| -0,6 400 0
1975| -0,6 400 0
1976| -0,6 400 0
1977| -0,6 400 0
1978| -0,6 400 0
1979| -0,6 400 0
1980| -0,6 400 0
1981| -0,6 400 0
1982| -0,6 400 0
1983| -0,6 400 0
1984| -0,6 400 0
1985| -0,6 400 0
1986| -0,6 400 0
1987| -0,6 400 0
1988| -0,6 400 0
1989| -0,6 400 0
1990| -0,6 400 0
1991| -0,6 400 0
1992| -0,6 400 0
1993| -0,6 400 0
1994| -0,6 400 0
1995| -0,6 400 0
1996| -0,6 400 0
1997| -0,6 400 0
1998| -0,6 400 0
1999| -0,6 400 0
2000| -0,6 400 0
2001| -0,6 400 0
2002| -0,6 400 0
2003| -0,6 400 0
2004| -0,6 400 0
2005| -0,6 400 0
2006| -0,6 400 0
2007| -0,6 400 0
2008| -0,6 400 0
2009| -0,6 400 0
2010| -0,6 400 0
2011| -0,6 400 0
2012| -0,6 400 0
2013| -0,6 400 0
2014| -0,6 400 0
2015| -0,6 400 0
2016| -0,6 400 0
2017| 0 400 0
2018| 0,3 400 0
2019| 0,6 400 0
2020| 0,9 400 0
2021| 1,2 400 0
2022| 1,5 400 0
2023| 1,8 400 0
2024| 2,1 400 0
2025| 2,4 400 0
2026| 2,7 400 0
2027| 2,7 400 0
2028| 2,7 400 0
2029| 2,7 400 0
2030| 2,7 400 0
2031| 2,7 400 0
2032| 2,7 400 0
2033| 2,7 400 0
2034| 2,7 400 0
2035| 2,7 400 0
2036| 2,7 400 0
2037| 2,7 400 0
2038| 2,7 400 0
2039| 2,7 400 0
2040| 2,7 400 0
2041| 2,7 400 0
2042| 2,7 400 0
2043| 2,7 400 0
2044| 2,7 400 0
2045| 2,7 400 0
2046| 2,7 400 0
2047| 2,7 400 0
2048| 2,7 400 0
2049| 2,7 400 0
2050| 2,7 400 0
2051| 2,7 400 0
2052| 2,7 400 0
2053| 2,7 400 0
2054| 2,7 400 0
2055| 2,7 400 0
2056| 2,7 400 0
2057| 2,7 400 0
2058| 2,7 400 0
2059| 2,7 400 0
2060| 2,7 400 0
2061| 2,7 400 0
2062| 2,7 400 0
2063| 2,7 400 0
2064| 2,7 400 0
2065| 2,7 400 0
2066| 2,7 400 0
2067| 2,7 400 0
2068| 2,7 400 0
2069| 2,7 400 0
2070| 2,7 400 0
2071| 2,7 400 0
2072| 2,7 400 0
2073| 2,7 400 0
2074| 2,7 400 0
2075| 2,7 400 0
2076| 2,7 400 0
2077| 2,7 400 0
2078| 2,7 400 0
2079| 2,7 400 0
2080| 2,7 400 0
2081| 2,7 400 0
2082| 2,7 400 0
2083| 2,7 400 0
2084| 2,7 400 0
2085| 0 400 0
2086| -0,3 400 0
2087| -0,3 400 0
2088| -0,3 400 0
2089| -0,3 400 0
2090| -0,3 400 0
2091| -0,3 400 0
2092| -0,3 400 0
2093| -0,3 400 0
2094| -0,3 400 0
2095| -0,3 400 0
2096| -0,3 400 0
2097| -0,3 400 0
2098| -0,3 400 0
2099| -0,3 400 0
2100| -0,3 400 0
2101| -0,3 400 0
2102| -0,3 400 0
2103| -0,3 400 0
2104| -0,3 400 0
2105| -0,3 400 0
2106| -0,3 400 0
2107| -0,3 400 0
2108| -0,3 400 0
2109| -0,3 400 0
2110| -0,3 400 0
2111| -0,3 400 0
2112| -0,3 400 0
2113| -0,3 400 0
2114| -0,3 400 0
2115| -0,3 400 0
2116| -0,3 400 0
2117| -0,3 400 0
2118| -0,3 400 0
2119| -0,3 400 0
2120| -0,3 400 0
2121| -0,3 400 0
2122| -0,3 400 0
2123| -0,3 400 0
2124| -0,3 400 0
2125| -0,3 400 0
2126| -0,3 400 0
2127| -0,3 400 0
2128| -0,3 400 0
2129| -0,3 400 0
2130| -0,3 400 0
2131| -0,3 400 0
2132| -0,3 400 0
2133| -0,3 400 0
2134| -0,3 400 0
2135| -0,3 400 0
2136| -0,3 400 0
2137| -0,3 400 0
2138| -0,3 400 0
2139| -0,3 400 0
2140| -0,3 400 0
2141| -0,3 400 0
2142| -0,3 400 0
2143| -0,3 400 0
2144| -0,3 400 0
2145| -0,3 400 0
2146| -0,3 400 0
2147| -0,3 400 0
2148| -0,3 400 0
2149| -0,3 400 0
2150| -0,3 400 0
2151| -0,3 400 0
2152| -0,3 400 0
2153| -0,3 400 0
2154| -0,3 400 0
2155| -0,3 400 0
2156| -0,3 400 0
2157| -0,3 400 0
2158| -0,3 400 0
2159| -0,3 400 0
2160| -0,3 400 0
2161| -0,3 400 0
2162| -0,3 400 0
2163| -0,3 400 0
2164| -0,3 400 0
2165| -0,3 400 0
2166| -0,3 400 0
2167| -0,3 400 0
2168| -0,3 400 0
2169| -0,3 400 0
2170| -0,3 400 0
2171| -0,3 400 0
2172| -0,3 400 0
2173| -0,3 400 0
2174| -0,3 400 0
2175| -0,3 400 0
2176| -0,3 400 0
2177| -0,3 400 0
2178| -0,3 400 0
2179| -0,3 400 0
2180| -0,3 400 0
2181| -0,3 400 0
2182| -0,3 400 0
2183| 0 400 0
2184| 0,3 400 0
2185| 0,6 400 0
2186| 0,9 400 0
2187| 1,2 400 0
2188| 1,5 400 0
2189| 1,8 400 0
2190| 2,1 400 0
2191| 2,4 400 0
2192| 2,7 400 0
2193| 2,7 400 0
2194| 2,7 400 0
2195| 2,7 400 0
2196| 2,7 400 0
2197| 2,7 400 0
2198| 2,7 400 0
2199| 2,7 400 0
2200| 2,7 400 0
2201| 2,7 400 0
2202| 2,7 400 0
2203| 2,7 400 0
2204| 2,7 400 0
2205| 2,7 400 0
2206| 2,7 400 0
2207| 2,7 400 0
2208| 2,7 400 0
2209| 2,7 400 0
2210| 2,7 400 0
2211| 2,7 400 0
2212| 2,7 400 0
2213| 2,7 400 0
2214| 2,7 400 0
2215| 2,7 400 0
2216| 2,7 400 0
2217| 2,7 400 0
2218| 2,7 400 0
2219| 2,7 400 0
2220| 2,7 400 0
2221| 2,7 400 0
2222| 2,7 400 0
2223| 2,7 400 0
2224| 2,7 400 0
2225| 2,7 400 0
2226| 2,7 400 0
2227| 2,7 400 0
2228| 2,7 400 0
2229| 2,7 400 0
2230| 2,7 400 0
2231| 2,7 400 0
2232| 2,7 400 0
2233| 2,7 400 0
2234| 2,7 400 0
2235| 2,7 400 0
2236| 2,7 400 0
2237| 2,7 400 0
2238| 2,7 400 0
2239| 2,7 400 0
2240| 2,7 400 0
2241| 2,7 400 0
2242| 2,7 400 0
2243| 2,7 400 0
2244| 2,7 400 0
2245| 2,7 400 0
2246| 2,7 400 0
2247| 2,7 400 0
2248| 2,7 400 0
2249| 2,7 400 0
2250| 2,7 400 0
2251| 2,7 400 0
2252| 2,7 400 0
2253| 2,7 400 0
2254| 2,7 400 0
2255| 0 400 0
2256| -0,3 400 0
2257| -0,3 400 0
2258| -0,3 400 0
2259| -0,3 400 0
2260| -0,3 400 0
2261| -0,3 400 0
2262| -0,3 400 0
2263| -0,3 400 0
2264| -0,3 400 0
2265| -0,3 400 0
2266| -0,3 400 0
2267| -0,3 400 0
2268| -0,3 400 0
2269| -0,3 400 0
2270| -0,3 400 0
2271| -0,3 400 0
2272| -0,3 400 0
2273| -0,3 400 0
2274| -0,6 400 0
2275| -0,9 400 0
2276| -1,2 400 0
2277| -1,2 400 0
2278| -1,2 400 0
2279| -1,2 400 0
2280| -1,2 400 0
2281| -1,2 400 0
2282| -1,2 400 0
2283| -1,2 400 0
2284| -1,2 400 0
2285| -1,2 400 0
2286| -1,2 400 0
2287| -1,2 400 0
2288| -1,2 400 0
2289| -1,2 400 0
2290| -1,2 400 0
2291| -1,2 400 0
2292| -1,2 400 0
2293| -1,2 400 0
2294| -1,2 400 0
2295| -1,2 400 0
2296| -1,2 400 0
2297| -1,2 400 0
2298| -1,2 400 0
2299| -1,2 400 0
2300| -1,2 400 0
2301| -1,2 400 0
2302| -1,2 400 0
2303| -1,2 400 0
2304| -1,2 400 0
2305| -1,2 400 0
2306| -1,2 400 0
2307| -1,2 400 0
2308| -1,2 400 0
2309| -1,2 400 0
2310| -1,2 400 0
2311| -1,2 400 0
2312| -1,2 400 0
2313| -1,2 400 0
2314| -1,2 400 0
2315| -1,2 400 0
2316| -1,2 400 0
2317| -1,5 400 0
2318| -1,8 400 0
2319| -2,1 400 0
2320| -2,4 400 0
2321| -2,7 400 0
2322| -3 400 0
2323| -3,299999 400 0
2324| -3,599999 400 0
2325| -3,899999 400 0
2326| -4,2 400 0
2327| -4,5 400 0
2328| -4,8 400 0
2329| -5,1 400 0
2330| -5,1 400 0
2331| -5,1 400 0
2332| -5,1 400 0
2333| -5,1 400 0
2334| -5,1 400 0
2335| -5,1 400 0
2336| -5,1 400 0
2337| -5,1 400 0
2338| -5,1 400 0
2339| -5,4 400 0
2340| -5,7 400 0
2341| -6 400 0
2342| -6 400 0
2343| -6 400 0
2344| -6 400 0
2345| -6 400 0
2346| -6 400 0
2347| -6 400 0
2348| -6 400 0
2349| -6 400 0
2350| -6 400 0
2351| -6 400 0
2352| -6 400 0
2353| -6 400 0
2354| -6 400 0
2355| -6 400 0
2356| -6 400 0
2357| -6 400 0
2358| -6 400 0
2359| -6 400 0
2360| 0 400 0
2361| 0,3 400 0
2362| 0,3 400 0
2363| 0,3 400 0
2364| 0,3 400 0
2365| 0,3 400 0
2366| 0,3 400 0
2367| 0,3 400 0
2368| 0,3 400 0
2369| 0,3 400 0
2370| 0,3 400 0
2371| 0,3 400 0
2372| 0,3 400 0
2373| 0,3 400 0
2374| 0,3 400 0
2375| 0,3 400 0
2376| 0,3 400 0
2377| 0,3 400 0
2378| 0,3 400 0
2379| 0,3 400 0
2380| 0,3 400 0
2381| 0,3 400 0
2382| 0,3 400 0
2383| 0,3 400 0
2384| 0,3 400 0
2385| 0,3 400 0
2386| 0,3 400 0
2387| 0,3 400 0
2388| 0,6 400 0
2389| 0,9 400 0
2390| 1,2 400 0
2391| 1,2 400 0
2392| 1,2 400 0
2393| 1,2 400 0
2394| 1,2 400 0
2395| 1,2 400 0
2396| 1,2 400 0
2397| 1,2 400 0
2398| 1,2 400 0
2399| 1,2 400 0
2400| 1,2 400 0
2401| 1,2 400 0
2402| 1,2 400 0
2403| 1,2 400 0
2404| 1,2 400 0
2405| 1,5 400 0
2406| 1,8 400 0
2407| 1,8 400 0
2408| 1,8 400 0
2409| 1,8 400 0
2410| 1,8 400 0
2411| 1,8 400 0
2412| 1,8 400 0
2413| 1,8 400 0
2414| 1,8 400 0
2415| 1,8 400 0
2416| 1,8 400 0
2417| 1,8 400 0
2418| 1,8 400 0
2419| 1,8 400 0
2420| 1,8 400 0
2421| 1,8 400 0
2422| 1,8 400 0
2423| 1,8 400 0
2424| 1,8 400 0
2425| 1,8 400 0
2426| 1,8 400 0
2427| 1,8 400 0
2428| 1,8 400 0
2429| 1,8 400 0
2430| 1,8 400 0
2431| 1,8 400 0
2432| 1,8 400 0
2433| 1,8 400 0
2434| 1,8 400 0
2435| 1,8 400 0
2436| 1,8 400 0
2437| 1,8 400 0
2438| 1,8 400 0
2439| 1,8 400 0
2440| 1,8 400 0
2441| 1,8 400 0
2442| 1,8 400 0
2443| 1,8 400 0
2444| 1,8 400 0
2445| 1,8 400 0
2446| 1,8 400 0
2447| 1,8 400 0
2448| 1,8 400 0
2449| 1,8 400 0
2450| 1,8 400 0
2451| 1,8 400 0
2452| 1,8 400 0
2453| 1,8 400 0
2454| 1,8 400 0
2455| 1,8 400 0
2456| 1,8 400 0
2457| 1,8 400 0
2458| 1,8 400 0
2459| 1,8 400 0
2460| 1,8 400 0
2461| 1,8 400 0
2462| 1,8 400 0
2463| 1,8 400 0
2464| 1,8 400 0
2465| 1,8 400 0
2466| 1,8 400 0
2467| 1,8 400 0
2468| 1,8 400 0
2469| 1,8 400 0
2470| 1,8 400 0
2471| 1,8 400 0
2472| 1,8 400 0
2473| 1,8 400 0
2474| 1,8 400 0
2475| 1,8 400 0
2476| 1,8 400 0
2477| 1,8 400 0
2478| 1,8 400 0
2479| 1,8 400 0
2480| 1,8 400 0
2481| 1,8 400 0
2482| 1,8 400 0
2483| 1,8 400 0
2484| 1,8 400 0
2485| 1,8 400 0
2486| 1,8 400 0
2487| 1,8 400 0
2488| 1,8 400 0
2489| 1,8 400 0
2490| 1,8 400 0
2491| 1,8 400 0
2492| 1,8 400 0
2493| 1,8 400 0
2494| 1,8 400 0
2495| 1,8 400 0
2496| 1,8 400 0
2497| 1,8 400 0
2498| 1,8 400 0
2499| 1,8 400 0
2500| 1,8 400 0
2501| 1,8 400 0
2502| 1,8 400 0
2503| 1,8 400 0
2504| 1,8 400 0

