1| 0 0 0
2| 0 0 0
3| 0 0 0
4| 0 0 0
5| 0 0 0
6| 0 0 0
7| 0 0 0
8| 0 0 0
9| 0 0 0
10| 0 0 0
11| 0 0 0
12| 0 0 0
13| 0 0 0
14| 0 0 0
15| 0 0 0
16| 0 0 0
17| 0 0 0
18| 0 0 0
19| 0 0 0
20| 0 0 0
21| 0 0 0
22| 0 0 0
23| 0 0 0
24| 0 0 0
25| 0 0 0
26| 0 0 0
27| 0 0 0
28| 0 0 0
29| 0 0 0
30| 0 0 0
31| 0 0 0
32| 0 0 0
33| 0 0 0
34| 0 0 0
35| 0 0 0
36| 0 0 0
37| 0 0 0
38| 0 0 0
39| 0 0 0
40| 0 0 0
41| 0 0 0
42| 0 0 0
43| 0 0 0
44| 0 0 0
45| 0 0 0
46| 0 0 0
47| 0 0 0
48| 0 0 0
49| 0 0 0
50| 0 0 0
51| 0 0 0
52| 0 0 0
53| 0 0 0
54| 0 0 0
55| 0 0 0
56| 0 0 0
57| 0 0 0
58| 0 0 0
59| 0 0 0
60| 0 0 0
61| 0 0 0
62| 0 0 0
63| 0 0 0
64| 0 0 0
65| 0 0 0
66| 0 0 0
67| 0 0 0
68| 0 0 0
69| 0 0 0
70| 0 0 0
71| 0 0 0
72| 0 0 0
73| 0 0 0
74| 0 0 0
75| 0 0 0
76| 0 0 0
77| 0 0 0
78| 0 0 0
79| 0 0 0
80| 0 0 0
81| 0 0 0
82| 0 0 0
83| 0 0 0
84| 0 0 0
85| 0 0 0
86| 0 0 0
87| 0 0 0
88| 0 0 0
89| 0 0 0
90| 0 0 0
91| 0 0 0
92| 0 0 0
93| 0 0 0
94| 0 0 0
95| 0 0 0
96| 0 0 0
97| 0 0 0
98| 0 0 0
99| 0 0 0
100| 0 0 0
101| 0 0 0
102| 0 0 0
103| 0 0 0
104| 0 0 0
105| 0 0 0
106| 0 0 0
107| 0 0 0
108| 0 0 0
109| 0 4 0
110| 0 8 0
111| 0 12 0
112| 0 16 0
113| 0 20 0
114| 0 24 0
115| 0 28 0
116| 0 32 0
117| 0 36 0
118| 0 40 0
119| 0 43,99999 0
120| 0 47,99999 0
121| 0 51,99999 0
122| 0 55,99999 0
123| 0 60 0
124| 0 64 0
125| 0 68 0
126| 0 72 0
127| 0 76,00001 0
128| 0 80,00001 0
129| 0 84,00001 0
130| 0 88,00002 0
131| 0 92,00002 0
132| 0 96,00002 0
133| 0 100 0
134| 0 104 0
135| 0 108 0
136| 0 112 0
137| 0 116 0
138| 0 120 0
139| 0 124 0
140| 0 128 0
141| 0 132 0
142| 0 136 0
143| 0 140 0
144| 0 144 0
145| 0 148 0
146| 0 152 0
147| 0 156 0
148| 0 160 0
149| 0 164 0
150| 0 168 0
151| 0 171,9999 0
152| 0 175,9999 0
153| 0 179,9999 0
154| 0 183,9999 0
155| 0 187,9999 0
156| 0 191,9999 0
157| 0 195,9999 0
158| 0 199,9999 0
159| 0 203,9999 0
160| 0 207,9999 0
161| 0 211,9999 0
162| 0 215,9999 0
163| 0 219,9999 0
164| 0 223,9999 0
165| 0 227,9999 0
166| 0 231,9999 0
167| 0 235,9999 0
168| 0 239,9999 0
169| 0 243,9999 0
170| 0 247,9999 0
171| 0 251,9999 0
172| 0 255,9999 0
173| 0 259,9999 0
174| 0 263,9999 0
175| 0 267,9999 0
176| 0 271,9998 0
177| 0 275,9998 0
178| 0 279,9998 0
179| 0 283,9998 0
180| 0 287,9998 0
181| 0 291,9998 0
182| 0 295,9998 0
183| 0 299,9998 0
184| 0 303,9998 0
185| 0 307,9998 0
186| 0 311,9998 0
187| 0 315,9998 0
188| 0 319,9998 0
189| 0 323,9998 0
190| 0 327,9998 0
191| 0 331,9998 0
192| 0 335,9998 0
193| 0 339,9998 0
194| 0 343,9998 0
195| 0 347,9998 0
196| 0 351,9998 0
197| 0 355,9998 0
198| 0 359,9998 0
199| 0 363,9998 0
200| 0 367,9998 0
201| 0 371,9998 0
202| 0 375,9998 0
203| 0 379,9998 0
204| 0 383,9998 0
205| 0 387,9998 0
206| 0 391,9998 0
207| 0 395,9998 0
208| 0 399,9997 0
209| 0 400 0
210| 0 400 0
211| 0 400 0
212| 0 400 0
213| 0 400 0
214| 0 400 0
215| 0 400 0
216| 0 400 0
217| 0 400 0
218| 0 400 0
219| 0 400 0
220| 0 400 0
221| 0 400 0
222| 0 400 0
223| 0 400 0
224| 0 400 0
225| 0 400 0
226| 0 400 0
227| 0 400 0
228| 0 400 0
229| 0 400 0
230| 0 400 0
231| 0 400 0
232| 0 400 0
233| 0 400 0
234| 0 400 0
235| 0 400 0
236| 0 400 0
237| 0 400 0
238| 0 400 0
239| 0 400 0
240| 0 400 0
241| 0 400 0
242| 0 400 0
243| 0 400 0
244| 0 400 0
245| 0 400 0
246| 0 400 0
247| 0 400 0
248| 0 400 0
249| 0 400 0
250| 0 400 0
251| 0 400 0
252| 0 400 0
253| 0 400 0
254| 0 400 0
255| 0 400 0
256| 0 400 0
257| -0,3 400 0
258| -0,6 400 0
259| -0,9 400 0
260| -1,2 400 0
261| -1,5 400 0
262| -1,8 400 0
263| -2,1 400 0
264| -2,4 400 0
265| -2,7 400 0
266| -3 400 0
267| -3,299999 400 0
268| -3,599999 400 0
269| -3,899999 400 0
270| -4,2 400 0
271| -4,5 400 0
272| -4,8 400 0
273| -5,1 400 0
274| -5,4 400 0
275| -5,7 400 0
276| -6 400 0
277| -6,300001 400 0
278| -6,600001 400 0
279| -6,900001 400 0
280| -7,200001 400 0
281| -7,500001 400 0
282| -7,800001 400 0
283| -8,1 400 0
284| -8,4 400 0
285| -8,7 400 0
286| -8,999999 400 0
287| -9,299999 400 0
288| -9,599998 400 0
289| -9,899999 400 0
290| -10,2 400 0
291| -10,5 400 0
292| -10,8 400 0
293| -11,1 400 0
294| -11,4 400 0
295| -11,7 400 0
296| -12 400 0
297| -12,3 400 0
298| -12,6 400 0
299| -12,9 400 0
300| -13,2 400 0
301| -13,5 400 0
302| -13,79999 400 0
303| -14,09999 400 0
304| -14,39999 400 0
305| -14,69999 400 0
306| -14,99999 400 0
307| -15,29999 400 0
308| -15,59999 400 0
309| -15,89999 400 0
310| -16,19999 400 0
311| -16,49999 400 0
312| -16,79999 400 0
313| -17,09999 400 0
314| -17,39999 400 0
315| -17,69999 400 0
316| -17,99999 400 0
317| -18,29999 400 0
318| -18,59999 400 0
319| -18,89999 400 0
320| -19,19999 400 0
321| -19,49999 400 0
322| -19,79999 400 0
323| -20,09999 400 0
324| -20,39999 400 0
325| -20,69999 400 0
326| -20,99999 400 0
327| -21,29999 400 0
328| -21,59999 400 0
329| -21,89999 400 0
330| -22,19999 400 0
331| -22,49999 400 0
332| 0 0 0
333| 0 0 0
334| 0 0 0
335| 0 0 0
336| 0 0 0
337| 0 0 0
338| 0 0 0
339| 0 0 0
340| 0 0 0
341| 0 0 0
342| 0 0 0
343| 0 0 0
344| 0 0 0
345| 0 0 0
346| 0 0 0
347| 0 0 0
348| 0,3 0 0
349| 0,6 0 0
350| 0,9 0 0
351| 1,2 0 0
352| 1,5 0 0
353| 1,8 0 0
354| 2,1 0 0
355| 2,4 0 0
356| 2,7 0 0
357| 3 0 0
358| 3,299999 0 0
359| 3,599999 0 0
360| 3,899999 0 0
361| 4,2 0 0
362| 4,5 0 0
363| 4,8 0 0
364| 5,1 0 0
365| 5,4 0 0
366| 5,7 0 0
367| 6 0 0
368| 6,300001 0 0
369| 6,600001 0 0
370| 6,900001 0 0
371| 7,200001 0 0
372| 7,500001 0 0
373| 7,800001 0 0
374| 8,1 0 0
375| 8,4 0 0
376| 8,7 0 0
377| 8,999999 0 0
378| 9,299999 0 0
379| 9,599998 0 0
380| 9,899999 0 0
381| 10,2 0 0
382| 10,5 0 0
383| 10,8 0 0
384| 11,1 0 0
385| 11,4 0 0
386| 11,7 0 0
387| 12 0 0
388| 12,3 0 0
389| 12,6 0 0
390| 12,9 0 0
391| 13,2 0 0
392| 13,5 0 0
393| 13,79999 0 0
394| 14,09999 0 0
395| 14,39999 0 0
396| 14,69999 0 0
397| 0 0 0
398| 0 0 0
399| 0 0 0
400| 0 0 0
401| 0 0 0
402| 0 0 0
403| 0 0 0
404| 0 0 0
405| 0 0 0
406| 0 0 0
407| 0 0 0
408| 0 0 0
409| 0 0 0
410| 0 0 0
411| 0 0 0
412| 0 0 0
413| 0 0 0
414| 0 0 0
415| -0,3 0 0
416| -0,6 0 0
417| -0,9 0 0
418| -1,2 0 0
419| -1,5 0 0
420| -1,8 0 0
421| -2,1 0 0
422| -2,4 0 0
423| -2,7 0 0
424| -3 0 0
425| -3,299999 0 0
426| -3,599999 0 0
427| -3,899999 0 0
428| -4,2 0 0
429| -4,5 0 0
430| -4,8 0 0
431| -5,1 0 0
432| -5,4 0 0
433| -5,7 0 0
434| -6 0 0
435| -6,300001 0 0
436| -6,600001 0 0
437| -6,900001 0 0
438| -7,200001 0 0
439| -7,500001 0 0
440| -7,800001 0 0
441| -8,1 0 0
442| -8,4 0 0
443| -8,7 0 0
444| -8,999999 0 0
445| -9,299999 0 0
446| -9,599998 0 0
447| -9,899999 0 0
448| -10,2 0 0
449| -10,5 0 0
450| -10,8 0 0
451| -11,1 0 0
452| 0 0 0
453| 0 0 0
454| 0 0 0
455| 0 0 0
456| 0 0 0
457| 0 0 0
458| 0 0 0
459| 0 0 0
460| 0 0 0
461| 0 0 0
462| 0 0 0
463| 0 0 0
464| 0 0 0
465| 0 0 0
466| 0 0 0
467| 0 0 0
468| 0,3 0 0
469| 0,6 0 0
470| 0,9 0 0
471| 1,2 0 0
472| 1,5 0 0
473| 1,8 0 0
474| 2,1 0 0
475| 2,4 0 0
476| 2,7 0 0
477| 3 0 0
478| 3,299999 0 0
479| 3,599999 0 0
480| 3,899999 0 0
481| 4,2 0 0
482| 4,5 0 0
483| 4,8 0 0
484| 5,1 0 0
485| 5,4 0 0
486| 5,7 0 0
487| 6 0 0
488| 6,300001 0 0
489| 6,600001 0 0
490| 6,900001 0 0
491| 7,200001 0 0
492| 7,500001 0 0
493| 7,800001 0 0
494| 8,1 0 0
495| 8,4 0 0
496| 8,7 0 0
497| 8,999999 0 0
498| 9,299999 0 0
499| 9,599998 0 0
500| 9,899999 0 0
501| 10,2 0 0
502| 10,5 0 0
503| 10,8 0 0
504| 11,1 0 0
505| 11,4 0 0
506| 11,7 0 0
507| 0 0 0
508| 0 0 0
509| 0 0 0
510| 0 0 0
511| 0 0 0
512| 0 0 0
513| 0 0 0
514| 0 0 0
515| 0 0 0
516| 0 0 0
517| 0 0 0
518| 0 0 0
519| 0 0 0
520| 0 4 0
521| 0 8 0
522| 0 12 0
523| 0 16 0
524| 0 20 0
525| 0 24 0
526| 0 28 0
527| 0 32 0
528| 0 36 0
529| 0 40 0
530| 0 43,99999 0
531| 0 47,99999 0
532| 0 51,99999 0
533| 0 55,99999 0
534| 0 60 0
535| 0 64 0
536| 0 68 0
537| 0 72 0
538| 0 76,00001 0
539| 0 80,00001 0
540| 0 84,00001 0
541| 0 88,00002 0
542| 0 92,00002 0
543| 0 96,00002 0
544| 0 100 0
545| 0 104 0
546| 0 108 0
547| 0 112 0
548| 0 116 0
549| 0 120 0
550| 0 124 0
551| 0 128 0
552| 0 132 0
553| 0 136 0
554| 0 140 0
555| 0 144 0
556| 0 148 0
557| 0 152 0
558| 0 156 0
559| 0 160 0
560| 0 164 0
561| 0 168 0
562| 0 171,9999 0
563| 0 175,9999 0
564| 0 179,9999 0
565| 0 183,9999 0
566| 0 187,9999 0
567| 0 191,9999 0
568| 0 195,9999 0
569| 0 199,9999 0
570| 0 203,9999 0
571| 0 207,9999 0
572| 0 211,9999 0
573| 0 215,9999 0
574| 0 219,9999 0
575| 0 223,9999 0
576| 0 227,9999 0
577| 0 231,9999 0
578| 0 235,9999 0
579| 0 239,9999 0
580| 0 243,9999 0
581| 0 247,9999 0
582| 0 251,9999 0
583| 0 255,9999 0
584| 0 259,9999 0
585| 0 263,9999 0
586| 0 267,9999 0
587| 0 271,9998 0
588| 0 275,9998 0
589| -0,3 275,9998 0
590| -0,6 275,9998 0
591| -0,9 275,9998 0
592| -1,2 275,9998 0
593| -1,5 275,9998 0
594| -1,8 275,9998 0
595| -2,1 275,9998 0
596| -2,4 275,9998 0
597| -2,7 275,9998 0
598| -3 275,9998 0
599| -3,299999 275,9998 0
600| -3,599999 275,9998 0
601| -3,899999 275,9998 0
602| -4,2 275,9998 0
603| -4,5 275,9998 0
604| -4,8 275,9998 0
605| -5,1 275,9998 0
606| -5,4 275,9998 0
607| -5,7 275,9998 0
608| -6 275,9998 0
609| -6,300001 275,9998 0
610| -6,600001 275,9998 0
611| -6,900001 275,9998 0
612| -7,200001 275,9998 0
613| -7,500001 275,9998 0
614| -7,800001 275,9998 0
615| -8,1 275,9998 0
616| -8,4 275,9998 0
617| -8,7 275,9998 0
618| -8,999999 275,9998 0
619| -9,299999 275,9998 0
620| -9,599998 275,9998 0
621| -9,899999 275,9998 0
622| -10,2 275,9998 0
623| -10,5 275,9998 0
624| -10,8 275,9998 0
625| -11,1 275,9998 0
626| -11,4 275,9998 0
627| -11,7 275,9998 0
628| -12 275,9998 0
629| -12,3 275,9998 0
630| -12,6 275,9998 0
631| -12,9 275,9998 0
632| -13,2 275,9998 0
633| -13,5 275,9998 0
634| -13,79999 275,9998 0
635| -14,09999 275,9998 0
636| -14,39999 275,9998 0
637| -14,69999 275,9998 0
638| -14,99999 275,9998 0
639| -15,29999 275,9998 0
640| -15,59999 275,9998 0
641| -15,89999 275,9998 0
642| -16,19999 275,9998 0
643| -16,49999 275,9998 0
644| -16,79999 275,9998 0
645| -17,09999 275,9998 0
646| -17,39999 275,9998 0
647| -17,69999 275,9998 0
648| -17,99999 275,9998 0
649| -18,29999 275,9998 0
650| -18,59999 275,9998 0
651| -18,89999 275,9998 0
652| -19,19999 275,9998 0
653| -19,49999 275,9998 0
654| -19,79999 275,9998 0
655| -20,09999 275,9998 0
656| -20,39999 275,9998 0
657| -20,69999 275,9998 0
658| -20,99999 275,9998 0
659| -21,29999 275,9998 0
660| -21,59999 275,9998 0
661| -21,89999 275,9998 0
662| -22,19999 275,9998 0
663| -22,49999 275,9998 0
664| 0 0 0
665| 0 0 0
666| 0 0 0
667| 0 0 0
668| 0 0 0
669| 0 0 0
670| 0 0 0
671| 0 0 0
672| 0 0 0
673| 0 0 0
674| 0 0 0
675| 0 0 0
676| 0 0 0
677| 0 0 0
678| 0 0 0
679| 0 0 0
680| 0 0 0
681| 0 0 0
682| 0 0 0
683| 0 0 0
684| 0 0 0
685| 0 0 0
686| 0 0 0
687| 0 0 0
688| 0 0 0
689| 0 0 0
690| 0 0 0
691| 0 0 0
692| 0 0 0
693| 0 0 0
694| 0 0 0
695| 0 0 0
696| 0 0 0
697| 0 0 0
698| 0 0 0
699| 0 0 0
700| 0 0 0
701| 0 0 0
702| 0 0 0
703| 0 0 0
704| 0 0 0
705| 0 0 0
706| 0 0 0
707| 0 0 0
708| 0 0 0
709| 0 0 0
710| 0 0 0
711| 0 0 0
712| 0 0 0
713| 0 0 0
714| 0 0 0
715| 0 0 0
716| 0 0 0
717| 0 0 0
718| 0 0 0
719| 0 0 0
720| 0 0 0
721| 0 0 0
722| 0 0 0
723| 0 0 0
724| 0 0 0
725| 0 0 0
726| 0,3 0 0
727| 0,6 0 0
728| 0,9 0 0
729| 1,2 0 0
730| 1,5 0 0
731| 1,8 0 0
732| 2,1 0 0
733| 2,4 0 0
734| 2,7 0 0
735| 3 0 0
736| 3,299999 0 0
737| 3,599999 0 0
738| 3,899999 0 0
739| 4,2 0 0
740| 4,5 0 0
741| 4,8 0 0
742| 5,1 0 0
743| 5,4 0 0
744| 5,7 0 0
745| 6 0 0
746| 6,300001 0 0
747| 6,600001 0 0
748| 6,900001 0 0
749| 7,200001 0 0
750| 7,500001 0 0
751| 7,800001 0 0
752| 8,1 0 0
753| 8,4 0 0
754| 8,7 0 0
755| 8,999999 0 0
756| 9,299999 0 0
757| 9,599998 0 0
758| 9,899999 0 0
759| 10,2 0 0
760| 10,5 0 0
761| 10,8 0 0
762| 11,1 0 0
763| 11,4 0 0
764| 11,7 0 0
765| 12 0 0
766| 12,3 0 0
767| 12,6 0 0
768| 12,9 0 0
769| 13,2 0 0
770| 13,5 0 0
771| 13,79999 0 0
772| 14,09999 0 0
773| 14,39999 0 0
774| 14,69999 0 0
775| 14,99999 0 0
776| 15,29999 0 0
777| 15,59999 0 0
778| 15,89999 0 0
779| 16,19999 0 0
780| 16,49999 0 0
781| 16,79999 0 0
782| 17,09999 0 0
783| 17,39999 0 0
784| 17,69999 0 0
785| 17,99999 0 0
786| 18,29999 0 0
787| 18,59999 0 0
788| 18,89999 0 0
789| 19,19999 0 0
790| 19,49999 0 0
791| 19,79999 0 0
792| 20,09999 0 0
793| 20,39999 0 0
794| 20,69999 0 0
795| 20,99999 0 0
796| 21,29999 0 0
797| 21,59999 0 0
798| 21,89999 0 0
799| 22,19999 0 0
800| 22,49999 0 0
801| 22,79999 0 0
802| 23,09999 0 0
803| 23,39999 0 0
804| 23,69999 0 0
805| 23,99999 0 0
806| 24,29999 0 0
807| 24,59999 0 0
808| 24,89998 0 0
809| 25,19999 0 0
810| 25,49998 0 0
811| 25,79998 0 0
812| 26,09998 0 0
813| 26,39998 0 0
814| 26,69998 0 0
815| 0 0 0
816| 0 0 0
817| 0 0 0
818| 0 0 0
819| 0 0 0
820| 0 0 0
821| 0 0 0
822| 0,3 0 0
823| 0,6 0 0
824| 0,9 0 0
825| 1,2 0 0
826| 1,5 0 0
827| 1,8 0 0
828| 2,1 0 0
829| 2,4 0 0
830| 2,7 0 0
831| 3 0 0
832| 3,299999 0 0
833| 0 0 0
834| 0 0 0
835| 0 0 0
836| 0 0 0
837| 0 0 0
838| 0 4 0
839| 0 8 0
840| 0 12 0
841| 0 16 0
842| 0 20 0
843| 0 24 0
844| 0 28 0
845| 0 32 0
846| 0 36 0
847| 0 40 0
848| 0 43,99999 0
849| 0 47,99999 0
850| 0 51,99999 0
851| 0 55,99999 0
852| 0 60 0
853| 0 64 0
854| 0 68 0
855| 0 72 0
856| 0 76,00001 0
857| 0 80,00001 0
858| 0 84,00001 0
859| 0 88,00002 0
860| 0 92,00002 0
861| 0 96,00002 0
862| 0 100 0
863| 0 104 0
864| 0 108 0
865| 0 112 0
866| 0 116 0
867| 0 120 0
868| 0 124 0
869| 0 128 0
870| 0 132 0
871| 0 136 0
872| 0 140 0
873| 0 144 0
874| 0 148 0
875| 0 152 0
876| 0 156 0
877| 0 160 0
878| 0 164 0
879| 0 168 0
880| 0 171,9999 0
881| 0 175,9999 0
882| 0 179,9999 0
883| 0 183,9999 0
884| 0 187,9999 0
885| 0 191,9999 0
886| 0 195,9999 0
887| 0 199,9999 0
888| 0 203,9999 0
889| 0 207,9999 0
890| 0 211,9999 0
891| 0 215,9999 0
892| 0 219,9999 0
893| 0 223,9999 0
894| 0 227,9999 0
895| 0 231,9999 0
896| 0 235,9999 0
897| 0 239,9999 0
898| 0 243,9999 0
899| 0 247,9999 0
900| 0 251,9999 0
901| 0 255,9999 0
902| 0 259,9999 0
903| 0 263,9999 0
904| 0 267,9999 0
905| 0 271,9998 0
906| 0 275,9998 0
907| 0 279,9998 0
908| 0 283,9998 0
909| 0 287,9998 0
910| 0 291,9998 0
911| 0 295,9998 0
912| 0 299,9998 0
913| 0 303,9998 0
914| 0 307,9998 0
915| 0 311,9998 0
916| 0 315,9998 0
917| 0 319,9998 0
918| 0 323,9998 0
919| 0 327,9998 0
920| 0 331,9998 0
921| 0 335,9998 0
922| 0 339,9998 0
923| 0 343,9998 0
924| 0 347,9998 0
925| 0 351,9998 0
926| 0 355,9998 0
927| 0 359,9998 0
928| 0 363,9998 0
929| 0 367,9998 0
930| 0 371,9998 0
931| 0 375,9998 0
932| 0 379,9998 0
933| 0 383,9998 0
934| 0 387,9998 0
935| 0 391,9998 0
936| 0 395,9998 0
937| 0 399,9997 0
938| 0 400 0
939| 0 400 0
940| 0 400 0
941| 0 400 0
942| 0 400 0
943| 0 400 0
944| 0 400 0
945| 0 400 0
946| 0 400 0
947| 0 400 0
948| 0 400 0
949| 0 400 0
950| 0 400 0
951| 0 400 0
952| 0 400 0
953| 0 400 0
954| 0 400 0
955| 0 400 0
956| 0 400 0
957| 0 400 0
958| 0 400 0
959| 0 400 0
960| 0 400 0
961| 0 400 0
962| 0 400 0
963| 0 400 0
964| 0 400 0
965| 0 400 0
966| 0 400 0
967| 0 400 0
968| 0 400 0
969| 0 400 0
970| 0 400 0
971| 0 400 0
972| 0 400 0
973| 0 400 0
974| 0 400 0
975| 0 400 0
976| 0 400 0
977| 0 400 0
978| 0 400 0
979| 0 400 0
980| 0 400 0
981| 0 400 0
982| 0 400 0
983| 0 400 0
984| 0 400 0
985| 0 400 0
986| 0 400 0
987| 0 400 0
988| 0 400 0
989| 0 400 0
990| 0 400 0
991| 0 400 0
992| 0 400 0
993| 0 400 0
994| 0 400 0
995| 0 400 0
996| 0 400 0
997| 0 400 0
998| 0 400 0
999| 0 400 0
1000| 0 400 0
1001| 0 400 0
1002| 0 400 0
1003| 0 400 0
1004| 0 400 0
1005| 0 400 0
1006| 0 400 0
1007| 0 400 0
1008| 0 400 0
1009| -0,3 400 0
1010| -0,6 400 0
1011| -0,9 400 0
1012| -1,2 400 0
1013| -1,5 400 0
1014| -1,8 400 0
1015| -2,1 400 0
1016| -2,4 400 0
1017| -2,7 400 0
1018| -3 400 0
1019| -3,299999 400 0
1020| -3,599999 400 0
1021| -3,899999 400 0
1022| -4,2 400 0
1023| -4,5 400 0
1024| -4,8 400 0
1025| -5,1 400 0
1026| -5,4 400 0
1027| -5,7 400 0
1028| -6 400 0
1029| -6,300001 400 0
1030| -6,600001 400 0
1031| -6,900001 400 0
1032| -7,200001 400 0
1033| -7,500001 400 0
1034| -7,800001 400 0
1035| -8,1 400 0
1036| -8,4 400 0
1037| -8,7 400 0
1038| -8,999999 400 0
1039| -9,299999 400 0
1040| -9,599998 400 0
1041| -9,899999 400 0
1042| -10,2 400 0
1043| -10,5 400 0
1044| -10,8 400 0
1045| -11,1 400 0
1046| -11,4 400 0
1047| -11,7 400 0
1048| -12 400 0
1049| -12,3 400 0
1050| -12,6 400 0
1051| -12,9 400 0
1052| -13,2 400 0
1053| -13,5 400 0
1054| -13,79999 400 0
1055| -14,09999 400 0
1056| -14,39999 400 0
1057| -14,69999 400 0
1058| -14,99999 400 0
1059| -15,29999 400 0
1060| -15,59999 400 0
1061| -15,89999 400 0
1062| -16,19999 400 0
1063| -16,49999 400 0
1064| -16,79999 400 0
1065| -17,09999 400 0
1066| -17,39999 400 0
1067| -17,69999 400 0
1068| -17,99999 400 0
1069| -18,29999 400 0
1070| -18,59999 400 0
1071| -18,89999 400 0
1072| -19,19999 400 0
1073| -19,49999 400 0
1074| -19,79999 400 0
1075| -20,09999 400 0
1076| -20,39999 400 0
1077| -20,69999 400 0
1078| -20,99999 400 0
1079| -21,29999 400 0
1080| -21,59999 400 0
1081| -21,89999 400 0
1082| -22,19999 400 0
1083| -22,49999 400 0
1084| 0 400 0
1085| 0,3 400 0
1086| 0,6 400 0
1087| 0,9 400 0
1088| 1,2 400 0
1089| 1,5 400 0
1090| 1,8 400 0
1091| 2,1 400 0
1092| 2,4 400 0
1093| 2,7 400 0
1094| 3 400 0
1095| 3,299999 400 0
1096| 3,599999 400 0
1097| 3,899999 400 0
1098| 4,2 400 0
1099| 4,5 400 0
1100| 4,8 400 0
1101| 5,1 400 0
1102| 5,4 400 0
1103| 5,7 400 0
1104| 6 400 0
1105| 6,300001 400 0
1106| 6,600001 400 0
1107| 6,900001 400 0
1108| 7,200001 400 0
1109| 7,500001 400 0
1110| 7,800001 400 0
1111| 8,1 400 0
1112| 8,4 400 0
1113| 8,7 400 0
1114| 8,999999 400 0
1115| 9,299999 400 0
1116| 9,599998 400 0
1117| 9,899999 400 0
1118| 10,2 400 0
1119| 10,5 400 0
1120| 10,8 400 0
1121| 11,1 400 0
1122| 11,4 400 0
1123| 11,7 400 0
1124| 12 400 0
1125| 12,3 400 0
1126| 12,6 400 0
1127| 12,9 400 0
1128| 13,2 400 0
1129| 13,5 400 0
1130| 13,79999 400 0
1131| 14,09999 400 0
1132| 14,39999 400 0
1133| 14,69999 400 0
1134| 14,99999 400 0
1135| 15,29999 400 0
1136| 15,59999 400 0
1137| 15,89999 400 0
1138| 16,19999 400 0
1139| 16,49999 400 0
1140| 16,79999 400 0
1141| 17,09999 400 0
1142| 17,39999 400 0
1143| 17,69999 400 0
1144| 17,99999 400 0
1145| 18,29999 400 0
1146| 18,59999 400 0
1147| 18,89999 400 0
1148| 19,19999 400 0
1149| 19,49999 400 0
1150| 19,79999 400 0
1151| 20,09999 400 0
1152| 20,39999 400 0
1153| 20,69999 400 0
1154| 20,99999 400 0
1155| 21,29999 400 0
1156| 21,59999 400 0
1157| 21,89999 400 0
1158| 22,19999 400 0
1159| 22,49999 400 0
1160| 22,79999 400 0
1161| 23,09999 400 0
1162| 23,39999 400 0
1163| 23,69999 400 0
1164| 23,99999 400 0
1165| 24,29999 400 0
1166| 24,59999 400 0
1167| 24,89998 400 0
1168| 25,19999 400 0
1169| 25,49998 400 0
1170| 25,79998 400 0
1171| 26,09998 400 0
1172| 26,39998 400 0
1173| 26,69998 400 0
1174| 26,99998 400 0
1175| 27,29998 400 0
1176| 27,59998 400 0
1177| 27,89998 400 0
1178| 28,19998 400 0
1179| 28,49998 400 0
1180| 28,79998 400 0
1181| 29,09998 400 0
1182| 29,39998 400 0
1183| 29,69998 400 0
1184| 29,99998 400 0
1185| 30 400 0
1186| 30 400 0
1187| 30 400 0
1188| 30 400 0
1189| 30 400 0
1190| 30 400 0
1191| 30 400 0
1192| 30 400 0
1193| 30 400 0
1194| 30 400 0
1195| 30 400 0
1196| 30 400 0
1197| 30 400 0
1198| 30 400 0
1199| 30 400 0
1200| 30 400 0
1201| 30 400 0
1202| 30 400 0
1203| 30 400 0
1204| 30 400 0
1205| 30 400 0
1206| 30 400 0
1207| 30 400 0
1208| 30 400 0
1209| 30 400 0
1210| 30 400 0
1211| 30 400 0
1212| 30 400 0
1213| 30 400 0
1214| 30 400 0
1215| 30 400 0
1216| 30 400 0
1217| 30 400 0
1218| 30 400 0
1219| 30 400 0
1220| 30 400 0
1221| 30 400 0
1222| 30 400 0
1223| 30 400 0
1224| 30 400 0
1225| 30 400 0
1226| 30 400 0
1227| 30 400 0
1228| 30 400 0
1229| 30 400 0
1230| 30 400 0
1231| 30 400 0
1232| 30 400 0
1233| 30 400 0
1234| 30 400 0
1235| 30 400 0
1236| 30 400 0
1237| 0 400 0
1238| 0 400 0
1239| 0 400 0
1240| 0 400 0
1241| 0 400 0
1242| 0 400 0
1243| -0,3 400 0
1244| -0,6 400 0
1245| -0,9 400 0
1246| -1,2 400 0
1247| -1,5 400 0
1248| -1,8 400 0
1249| -2,1 400 0
1250| -2,4 400 0
1251| -2,7 400 0
1252| -3 400 0
1253| -3,299999 400 0
1254| -3,599999 400 0
1255| -3,899999 400 0
1256| -4,2 400 0
1257| -4,5 400 0
1258| -4,8 400 0
1259| -5,1 400 0
1260| -5,4 400 0
1261| -5,7 400 0
1262| -6 400 0
1263| -6,300001 400 0
1264| -6,600001 400 0
1265| -6,900001 400 0
1266| -7,200001 400 0
1267| -7,500001 400 0
1268| -7,800001 400 0
1269| -8,1 400 0
1270| -8,4 400 0
1271| -8,7 400 0
1272| -8,999999 400 0
1273| -9,299999 400 0
1274| -9,599998 400 0
1275| -9,899999 400 0
1276| -10,2 400 0
1277| -10,5 400 0
1278| -10,8 400 0
1279| -11,1 400 0
1280| -11,4 400 0
1281| -11,7 400 0
1282| -12 400 0
1283| -12,3 400 0
1284| -12,6 400 0
1285| -12,9 400 0
1286| -13,2 400 0
1287| -13,5 400 0
1288| -13,79999 400 0
1289| -14,09999 400 0
1290| -14,39999 400 0
1291| -14,69999 400 0
1292| -14,99999 400 0
1293| -15,29999 400 0
1294| -15,59999 400 0
1295| -15,89999 400 0
1296| -16,19999 400 0
1297| -16,49999 400 0
1298| -16,79999 400 0
1299| -17,09999 400 0
1300| -17,39999 400 0
1301| -17,69999 400 0
1302| -17,99999 400 0
1303| -18,29999 400 0
1304| -18,59999 400 0
1305| -18,89999 400 0
1306| -19,19999 400 0
1307| -19,49999 400 0
1308| -19,79999 400 0
1309| -20,09999 400 0
1310| -20,39999 400 0
1311| -20,69999 400 0
1312| -20,99999 400 0
1313| -21,29999 400 0
1314| -21,59999 400 0
1315| -21,89999 400 0
1316| -22,19999 400 0
1317| -22,49999 400 0
1318| -22,79999 400 0
1319| -23,09999 400 0
1320| -23,39999 400 0
1321| -23,69999 400 0
1322| -23,99999 400 0
1323| -24,29999 400 0
1324| -24,59999 400 0
1325| -24,89998 400 0
1326| -25,19999 400 0
1327| -25,49998 400 0
1328| -25,79998 400 0
1329| -26,09998 400 0
1330| -26,39998 400 0
1331| -26,69998 400 0
1332| -26,99998 400 0
1333| -27,29998 400 0
1334| -27,59998 400 0
1335| -27,89998 400 0
1336| -28,19998 400 0
1337| -28,49998 400 0
1338| -28,79998 400 0
1339| -29,09998 400 0
1340| -29,39998 400 0
1341| -29,69998 400 0
1342| -29,99998 400 0
1343| -30 400 0
1344| -30 400 0
1345| -30 400 0
1346| -30 400 0
1347| -30 400 0
1348| -30 400 0
1349| -30 400 0
1350| -30 400 0
1351| -30 400 0
1352| -30 400 0
1353| -30 400 0
1354| -30 400 0
1355| -30 400 0
1356| -30 400 0
1357| -30 400 0
1358| -30 400 0
1359| -30 400 0
1360| -30 400 0
1361| -30 400 0
1362| -30 400 0
1363| -30 400 0
1364| -30 400 0
1365| -30 400 0
1366| -30 400 0
1367| -30 400 0
1368| -30 400 0
1369| -30 400 0
1370| -30 400 0
1371| -30 400 0
1372| -30 400 0
1373| -30 400 0
1374| -30 400 0
1375| -30 400 0
1376| -30 400 0
1377| -30 400 0
1378| -30 400 0
1379| -30 400 0
1380| -30 400 0
1381| -30 400 0
1382| 0 400 0
1383| 0 400 0
1384| 0,3 400 0
1385| 0,6 400 0
1386| 0,9 400 0
1387| 1,2 400 0
1388| 1,5 400 0
1389| 1,8 400 0
1390| 2,1 400 0
1391| 2,4 400 0
1392| 2,7 400 0
1393| 3 400 0
1394| 3,299999 400 0
1395| 3,599999 400 0
1396| 3,899999 400 0
1397| 4,2 400 0
1398| 4,5 400 0
1399| 4,8 400 0
1400| 5,1 400 0
1401| 5,4 400 0
1402| 5,7 400 0
1403| 6 400 0
1404| 6,300001 400 0
1405| 6,600001 400 0
1406| 6,900001 400 0
1407| 7,200001 400 0
1408| 7,500001 400 0
1409| 7,800001 400 0
1410| 8,1 400 0
1411| 8,4 400 0
1412| 8,7 400 0
1413| 8,999999 400 0
1414| 9,299999 400 0
1415| 9,599998 400 0
1416| 9,899999 400 0
1417| 10,2 400 0
1418| 10,5 400 0
1419| 10,8 400 0
1420| 11,1 400 0
1421| 11,4 400 0
1422| 11,7 400 0
1423| 12 400 0
1424| 12,3 400 0
1425| 12,6 400 0
1426| 12,9 400 0
1427| 13,2 400 0
1428| 13,5 400 0
1429| 13,79999 400 0
1430| 14,09999 400 0
1431| 14,39999 400 0
1432| 14,69999 400 0
1433| 14,99999 400 0
1434| 15,29999 400 0
1435| 15,59999 400 0
1436| 15,89999 400 0
1437| 16,19999 400 0
1438| 16,49999 400 0
1439| 16,79999 400 0
1440| 17,09999 400 0
1441| 17,39999 400 0
1442| 17,69999 400 0
1443| 17,99999 400 0
1444| 18,29999 400 0
1445| 18,59999 400 0
1446| 18,89999 400 0
1447| 19,19999 400 0
1448| 19,49999 400 0
1449| 19,79999 400 0
1450| 20,09999 400 0
1451| 20,39999 400 0
1452| 20,69999 400 0
1453| 20,99999 400 0
1454| 21,29999 400 0
1455| 21,59999 400 0
1456| 21,89999 400 0
1457| 22,19999 400 0
1458| 22,49999 400 0
1459| 22,79999 400 0
1460| 23,09999 400 0
1461| 23,39999 400 0
1462| 23,69999 400 0
1463| 23,99999 400 0
1464| 24,29999 400 0
1465| 24,59999 400 0
1466| 24,89998 400 0
1467| 25,19999 400 0
1468| 25,49998 400 0
1469| 25,79998 400 0
1470| 26,09998 400 0
1471| 26,39998 400 0
1472| 26,69998 400 0
1473| 26,99998 400 0
1474| 27,29998 400 0
1475| 27,59998 400 0
1476| 27,89998 400 0
1477| 28,19998 400 0
1478| 28,49998 400 0
1479| 28,79998 400 0
1480| 29,09998 400 0
1481| 29,39998 400 0
1482| 29,69998 400 0
1483| 29,99998 400 0
1484| 30 400 0
1485| 30 400 0
1486| 30 400 0
1487| 30 400 0
1488| 30 400 0
1489| 30 400 0
1490| 30 400 0
1491| 30 400 0
1492| 30 400 0
1493| 30 400 0
1494| 30 400 0
1495| 30 400 0
1496| 30 400 0
1497| 30 400 0
1498| 30 400 0
1499| 30 400 0
1500| 30 400 0
1501| 30 400 0
1502| 30 400 0
1503| 30 400 0
1504| 30 400 0
1505| 30 400 0
1506| 30 400 0
1507| 30 400 0
1508| 30 400 0
1509| 30 400 0
1510| 30 400 0
1511| 30 400 0
1512| 0 400 0
1513| 0 400 0
1514| 0 400 0
1515| 0 400 0
1516| 0 400 0
1517| 0 400 0
1518| 0 400 0
1519| 0 400 0
1520| 0 400 0
1521| -0,3 400 0
1522| -0,6 400 0
1523| -0,9 400 0
1524| -1,2 400 0
1525| -1,5 400 0
1526| -1,8 400 0
1527| -2,1 400 0
1528| -2,4 400 0
1529| -2,7 400 0
1530| -3 400 0
1531| -3,299999 400 0
1532| -3,599999 400 0
1533| -3,899999 400 0
1534| -4,2 400 0
1535| -4,5 400 0
1536| -4,8 400 0
1537| -5,1 400 0
1538| -5,4 400 0
1539| -5,7 400 0
1540| -6 400 0
1541| -6,300001 400 0
1542| -6,600001 400 0
1543| -6,900001 400 0
1544| -7,200001 400 0
1545| -7,500001 400 0
1546| -7,800001 400 0
1547| -8,1 400 0
1548| -8,4 400 0
1549| -8,7 400 0
1550| -8,999999 400 0
1551| -9,299999 400 0
1552| -9,599998 400 0
1553| -9,899999 400 0
1554| -10,2 400 0
1555| -10,5 400 0
1556| -10,8 400 0
1557| -11,1 400 0
1558| -11,4 400 0
1559| -11,7 400 0
1560| -12 400 0
1561| -12,3 400 0
1562| -12,6 400 0
1563| -12,9 400 0
1564| -13,2 400 0
1565| -13,5 400 0
1566| -13,79999 400 0
1567| -14,09999 400 0
1568| -14,39999 400 0
1569| -14,69999 400 0
1570| -14,99999 400 0
1571| -15,29999 400 0
1572| -15,59999 400 0
1573| -15,89999 400 0
1574| -16,19999 400 0
1575| -16,49999 400 0
1576| -16,79999 400 0
1577| -17,09999 400 0
1578| -17,39999 400 0
1579| -17,69999 400 0
1580| -17,99999 400 0
1581| -18,29999 400 0
1582| -18,59999 400 0
1583| -18,89999 400 0
1584| -19,19999 400 0
1585| -19,49999 400 0
1586| -19,79999 400 0
1587| -20,09999 400 0
1588| -20,39999 400 0
1589| -20,69999 400 0
1590| -20,99999 400 0
1591| -21,29999 400 0
1592| -21,59999 400 0
1593| -21,89999 400 0
1594| -22,19999 400 0
1595| -22,49999 400 0
1596| -22,79999 400 0
1597| -23,09999 400 0
1598| -23,39999 400 0
1599| -23,69999 400 0
1600| -23,99999 400 0
1601| -24,29999 400 0
1602| -24,59999 400 0
1603| -24,89998 400 0
1604| -25,19999 400 0
1605| -25,49998 400 0
1606| -25,79998 400 0
1607| -26,09998 400 0
1608| -26,39998 400 0
1609| -26,69998 400 0
1610| -26,99998 400 0
1611| -27,29998 400 0
1612| -27,59998 400 0
1613| -27,89998 400 0
1614| -28,19998 400 0
1615| -28,49998 400 0
1616| -28,79998 400 0
1617| -29,09998 400 0
1618| -29,39998 400 0
1619| -29,69998 400 0
1620| -29,99998 400 0
1621| -30 400 0
1622| -30 400 0
1623| -30 400 0
1624| -30 400 0
1625| -30 400 0
1626| -30 400 0
1627| -30 400 0
1628| -30 400 0
1629| -30 400 0
1630| -30 400 0
1631| -30 400 0
1632| -30 400 0
1633| -30 400 0
1634| -30 400 0
1635| -30 400 0
1636| -30 400 0
1637| -30 400 0
1638| -30 400 0
1639| -30 400 0
1640| 0 400 0
1641| 0 400 0
1642| 0 400 0
1643| 0 400 0
1644| 0,3 400 0
1645| 0,6 400 0
1646| 0,9 400 0
1647| 1,2 400 0
1648| 1,5 400 0
1649| 1,8 400 0
1650| 2,1 400 0
1651| 2,4 400 0
1652| 2,7 400 0
1653| 3 400 0
1654| 3,299999 400 0
1655| 3,599999 400 0
1656| 3,899999 400 0
1657| 4,2 400 0
1658| 4,5 400 0
1659| 4,8 400 0
1660| 5,1 400 0
1661| 5,4 400 0
1662| 5,7 400 0
1663| 6 400 0
1664| 6,300001 400 0
1665| 6,600001 400 0
1666| 6,900001 400 0
1667| 7,200001 400 0
1668| 7,500001 400 0
1669| 7,800001 400 0
1670| 8,1 400 0
1671| 8,4 400 0
1672| 8,7 400 0
1673| 8,999999 400 0
1674| 9,299999 400 0
1675| 9,599998 400 0
1676| 9,899999 400 0
1677| 10,2 400 0
1678| 10,5 400 0
1679| 10,8 400 0
1680| 11,1 400 0
1681| 11,4 400 0
1682| 11,7 400 0
1683| 12 400 0
1684| 12,3 400 0
1685| 12,6 400 0
1686| 12,9 400 0
1687| 13,2 400 0
1688| 13,5 400 0
1689| 13,79999 400 0
1690| 14,09999 400 0
1691| 14,39999 400 0
1692| 14,69999 400 0
1693| 14,99999 400 0
1694| 15,29999 400 0
1695| 15,59999 400 0
1696| 15,89999 400 0
1697| 16,19999 400 0
1698| 16,49999 400 0
1699| 16,79999 400 0
1700| 17,09999 400 0
1701| 0 0 0
1702| 0 0 0
1703| 0 0 0
1704| 0 0 0
1705| 0 0 0
1706| 0 0 0
1707| 0 0 0
1708| 0 0 0
1709| 0 0 0
1710| 0 0 0
1711| 0 0 0
1712| 0 0 0
1713| 0 0 0
1714| 0 0 0
1715| 0 0 0
1716| 0 0 0
1717| 0 0 0
1718| 0 0 0
1719| 0 0 0
1720| 0 0 0
1721| 0 0 0
1722| 0 0 0
1723| 0 0 0
1724| 0 0 0
1725| 0 0 0
1726| 0 0 0
1727| 0 0 0
1728| 0 4 0
1729| 0 8 0
1730| 0 12 0
1731| 0 16 0
1732| 0 20 0
1733| 0 24 0
1734| 0 28 0
1735| 0 32 0
1736| 0 36 0
1737| 0 40 0
1738| 0 43,99999 0
1739| 0 47,99999 0
1740| 0 51,99999 0
1741| 0 55,99999 0
1742| 0 60 0
1743| 0 64 0
1744| 0 68 0
1745| 0 72 0
1746| 0 76,00001 0
1747| 0 80,00001 0
1748| 0 84,00001 0
1749| 0 88,00002 0
1750| 0 0 0
1751| 0 0 0
1752| 0 0 0
1753| 0 0 0
1754| 0 0 0
1755| 0 4 0
1756| 0 8 0
1757| 0 12 0
1758| 0 16 0
1759| 0 20 0
1760| 0 24 0
1761| 0 28 0
1762| 0 32 0
1763| 0 36 0
1764| 0 40 0
1765| 0 43,99999 0
1766| 0 47,99999 0
1767| 0 51,99999 0
1768| 0 55,99999 0
1769| 0 60 0
1770| 0 64 0
1771| 0 68 0
1772| 0 72 0
1773| 0 76,00001 0
1774| 0 80,00001 0
1775| 0 84,00001 0
1776| 0 88,00002 0
1777| 0 92,00002 0
1778| 0 96,00002 0
1779| 0 100 0
1780| 0 104 0
1781| 0 108 0
1782| 0 112 0
1783| 0 116 0
1784| 0 120 0
1785| 0 124 0
1786| 0 128 0
1787| 0 0 0
1788| 0 0 0
1789| 0 0 0
1790| 0 0 0
1791| 0 0 0
1792| 0 0 0
1793| 0 4 0
1794| 0 8 0
1795| 0 12 0
1796| 0 16 0
1797| 0 20 0
1798| 0 24 0
1799| 0 28 0
1800| 0 32 0
1801| 0 36 0
1802| 0 40 0
1803| 0 43,99999 0
1804| 0 47,99999 0
1805| 0 51,99999 0
1806| 0 55,99999 0
1807| 0 60 0
1808| 0 64 0
1809| 0 68 0
1810| 0 72 0
1811| 0 76,00001 0
1812| 0 80,00001 0
1813| 0 84,00001 0
1814| 0 88,00002 0
1815| 0 92,00002 0
1816| 0 96,00002 0
1817| 0 100 0
1818| 0 104 0
1819| 0 108 0
1820| 0 112 0
1821| 0 116 0
1822| 0 120 0
1823| 0 124 0
1824| 0 128 0
1825| 0 132 0
1826| 0 136 0
1827| 0 140 0
1828| 0 144 0
1829| 0 148 0
1830| 0 152 0
1831| 0 156 0
1832| 0 0 0
1833| 0 0 0
1834| 0 0 0
1835| 0 0 0
1836| 0 0 0
1837| 0 4 0
1838| 0 8 0
1839| 0 12 0
1840| 0 16 0
1841| 0 20 0
1842| 0 24 0
1843| 0 28 0
1844| 0 32 0
1845| 0 36 0
1846| 0 40 0
1847| 0 43,99999 0
1848| 0 47,99999 0
1849| 0 51,99999 0
1850| 0 55,99999 0
1851| 0 60 0
1852| 0 64 0
1853| 0 68 0
1854| 0 72 0
1855| -0,3 76,00001 0
1856| -0,6 80,00001 0
1857| -0,9 80,00001 0
1858| -1,2 80,00001 0
1859| -1,5 80,00001 0
1860| -1,8 80,00001 0
1861| -2,1 80,00001 0
1862| -2,4 80,00001 0
1863| -2,7 80,00001 0
1864| -3 80,00001 0
1865| -3,299999 80,00001 0
1866| -3,599999 80,00001 0
1867| -3,899999 80,00001 0
1868| -4,2 80,00001 0
1869| -4,5 80,00001 0
1870| -4,8 80,00001 0
1871| -5,1 80,00001 0
1872| -5,4 80,00001 0
1873| -5,7 80,00001 0
1874| -6 80,00001 0
1875| -6,300001 80,00001 0
1876| -6,600001 80,00001 0
1877| -6,900001 80,00001 0
1878| -7,200001 80,00001 0
1879| -7,500001 80,00001 0
1880| -7,800001 80,00001 0
1881| -8,1 80,00001 0
1882| -8,4 80,00001 0
1883| -8,7 80,00001 0
1884| -8,999999 80,00001 0
1885| -9,299999 80,00001 0
1886| -9,599998 80,00001 0
1887| -9,899999 80,00001 0
1888| -10,2 80,00001 0
1889| -10,5 80,00001 0
1890| -10,8 80,00001 0
1891| -11,1 80,00001 0
1892| -11,4 80,00001 0
1893| -11,7 80,00001 0
1894| -12 80,00001 0
1895| -12,3 80,00001 0
1896| -12,6 80,00001 0
1897| -12,9 80,00001 0
1898| -13,2 80,00001 0
1899| -13,5 80,00001 0
1900| -13,79999 80,00001 0
1901| -14,09999 80,00001 0
1902| -14,39999 80,00001 0
1903| -14,69999 80,00001 0
1904| -14,99999 80,00001 0
1905| -15,29999 80,00001 0
1906| -15,59999 80,00001 0
1907| -15,89999 80,00001 0
1908| -16,19999 80,00001 0
1909| -16,49999 80,00001 0
1910| 0 0 0
1911| 0 0 0
1912| 0 0 0
1913| 0 0 0
1914| 0 0 0
1915| -0,3 0 0
1916| -0,6 0 0
1917| -0,9 0 0
1918| -1,2 0 0
1919| -1,5 0 0
1920| -1,8 0 0
1921| -2,1 0 0
1922| -2,4 0 0
1923| -2,7 0 0
1924| -3 0 0
1925| -3,299999 0 0
1926| -3,599999 0 0
1927| -3,899999 0 0
1928| -4,2 0 0
1929| -4,5 0 0
1930| -4,8 0 0
1931| -5,1 0 0
1932| -5,4 0 0
1933| -5,7 0 0
1934| -6 0 0
1935| -6,300001 0 0
1936| -6,600001 0 0
1937| -6,900001 0 0
1938| -6,900001 4 0
1939| -6,900001 8 0
1940| -6,900001 12 0
1941| -6,900001 16 0
1942| -6,900001 20 0
1943| -6,900001 24 0
1944| -6,900001 28 0
1945| -6,900001 32 0
1946| -6,900001 36 0
1947| -6,900001 40 0
1948| -6,900001 43,99999 0
1949| -6,900001 47,99999 0
1950| -6,900001 51,99999 0
1951| -6,900001 55,99999 0
1952| -6,900001 60 0
1953| -6,900001 64 0
1954| -6,900001 68 0
1955| -6,900001 72 0
1956| -6,900001 76,00001 0
1957| -6,900001 80,00001 0
1958| -6,900001 84,00001 0
1959| -6,900001 88,00002 0
1960| 0 0 0
1961| 0 0 0
1962| 0 0 0
1963| 0 4 0
1964| 0 0 0
1965| 0 0 0
1966| 0 0 0
1967| 0 0 0
1968| 0 0 0
1969| 0 0 0
1970| 0 0 0
1971| 0 0 0
1972| 0 4 0
1973| 0 8 0
1974| 0 12 0
1975| 0 16 0
1976| 0 20 0
1977| 0 24 0
1978| 0 28 0
1979| 0 32 0
1980| 0 36 0
1981| 0 40 0
1982| 0 43,99999 0
1983| 0 47,99999 0
1984| 0 51,99999 0
1985| 0 55,99999 0
1986| 0 60 0
1987| 0 64 0
1988| 0 68 0
1989| 0 72 0
1990| 0 76,00001 0
1991| 0 80,00001 0
1992| 0 84,00001 0
1993| 0 88,00002 0
1994| 0 92,00002 0
1995| 0 96,00002 0
1996| 0 100 0
1997| 0 104 0
1998| 0 108 0
1999| 0 112 0
2000| 0 116 0
2001| 0 120 0
2002| 0 124 0
2003| 0 128 0
2004| 0 132 0
2005| 0 136 0
2006| 0 140 0
2007| 0 144 0
2008| 0 148 0
2009| 0 152 0
2010| 0 156 0
2011| 0 160 0
2012| 0 164 0
2013| 0 168 0
2014| 0 171,9999 0
2015| 0 175,9999 0
2016| 0 179,9999 0
2017| 0 183,9999 0
2018| 0 187,9999 0
2019| 0 191,9999 0
2020| 0 195,9999 0
2021| 0 199,9999 0
2022| 0 203,9999 0
2023| 0 207,9999 0
2024| 0 211,9999 0
2025| 0 215,9999 0
2026| 0 219,9999 0
2027| 0 223,9999 0
2028| 0 227,9999 0
2029| 0 231,9999 0
2030| 0 235,9999 0
2031| 0 239,9999 0
2032| 0 243,9999 0
2033| 0 247,9999 0
2034| 0 251,9999 0
2035| 0 255,9999 0
2036| 0 259,9999 0
2037| 0 263,9999 0
2038| 0 267,9999 0
2039| 0 271,9998 0
2040| 0 275,9998 0
2041| 0 279,9998 0
2042| 0 283,9998 0
2043| 0 287,9998 0
2044| 0 291,9998 0
2045| 0 295,9998 0
2046| 0 299,9998 0
2047| 0 303,9998 0
2048| 0 307,9998 0
2049| 0 311,9998 0
2050| 0 315,9998 0
2051| 0 319,9998 0
2052| 0 323,9998 0
2053| 0 327,9998 0
2054| 0 331,9998 0
2055| 0 335,9998 0
2056| 0 339,9998 0
2057| 0 343,9998 0
2058| 0 347,9998 0
2059| 0 351,9998 0
2060| 0 355,9998 0
2061| 0 359,9998 0
2062| 0 363,9998 0
2063| 0 367,9998 0
2064| 0 371,9998 0
2065| 0 375,9998 0
2066| 0 379,9998 0
2067| 0 383,9998 0
2068| 0 387,9998 0
2069| 0 391,9998 0
2070| 0 395,9998 0
2071| 0 399,9997 0
2072| 0 400 0
2073| 0 400 0
2074| 0 400 0
2075| 0 400 0
2076| 0 400 0
2077| 0 400 0
2078| 0 400 0
2079| 0 400 0
2080| 0 400 0
2081| 0 400 0
2082| 0 400 0
2083| 0 400 0
2084| 0 400 0
2085| 0 400 0
2086| 0 400 0
2087| 0 400 0
2088| 0 400 0
2089| 0 400 0
2090| 0 400 0
2091| 0 400 0
2092| 0 400 0
2093| 0 400 0
2094| 0 400 0
2095| 0 400 0
2096| 0 400 0
2097| 0 400 0
2098| 0 400 0
2099| 0 400 0
2100| -0,3 400 0
2101| -0,6 400 0
2102| -0,9 400 0
2103| -1,2 400 0
2104| -1,5 400 0
2105| -1,8 400 0
2106| -2,1 400 0
2107| -2,4 400 0
2108| -2,7 400 0
2109| -3 400 0
2110| -3,299999 400 0
2111| -3,599999 400 0
2112| -3,899999 400 0
2113| -4,2 400 0
2114| -4,5 400 0
2115| -4,8 400 0
2116| -5,1 400 0
2117| -5,4 400 0
2118| -5,7 400 0
2119| -6 400 0
2120| -6,300001 400 0
2121| -6,600001 400 0
2122| -6,900001 400 0
2123| -7,200001 400 0
2124| -7,500001 400 0
2125| -7,800001 400 0
2126| -8,1 400 0
2127| -8,4 400 0
2128| -8,7 400 0
2129| -8,999999 400 0
2130| -9,299999 400 0
2131| -9,599998 400 0
2132| -9,899999 400 0
2133| -10,2 400 0
2134| -10,5 400 0
2135| -10,8 400 0
2136| -11,1 400 0
2137| -11,4 400 0
2138| -11,7 400 0
2139| -12 400 0
2140| -12,3 400 0
2141| -12,6 400 0
2142| -12,9 400 0
2143| -13,2 400 0
2144| -13,5 400 0
2145| -13,79999 400 0
2146| -14,09999 400 0
2147| -14,39999 400 0
2148| -14,69999 400 0
2149| -14,99999 400 0
2150| -15,29999 400 0
2151| -15,59999 400 0
2152| 0 0 0
2153| 0 0 0
2154| 0 0 0
2155| 0 0 0
2156| 0 0 0
2157| 0 0 0
2158| 0 0 0
2159| 0 0 0
2160| 0 0 0
2161| -0,3 0 0
2162| -0,6 0 0
2163| -0,9 0 0
2164| -1,2 0 0
2165| -1,5 0 0
2166| -1,8 0 0
2167| -2,1 0 0
2168| -2,4 0 0
2169| -2,7 0 0
2170| -3 0 0
2171| -3,299999 0 0
2172| -3,599999 0 0
2173| -3,899999 0 0
2174| -4,2 0 0
2175| -4,5 0 0
2176| -4,8 0 0
2177| -5,1 0 0
2178| -5,4 0 0
2179| -5,7 0 0
2180| -6 0 0
2181| -6,300001 0 0
2182| -6,600001 0 0
2183| -6,900001 0 0
2184| -7,200001 0 0
2185| -7,500001 0 0
2186| -7,800001 0 0
2187| -8,1 0 0
2188| -8,4 0 0
2189| -8,7 0 0
2190| -8,999999 0 0
2191| -9,299999 0 0
2192| -9,599998 0 0
2193| -9,899999 0 0
2194| -10,2 0 0
2195| -10,5 0 0
2196| -10,8 0 0
2197| -11,1 0 0
2198| -11,4 0 0
2199| -11,7 0 0
2200| -12 0 0
2201| -12,3 0 0
2202| -12,6 0 0
2203| -12,9 0 0
2204| -13,2 0 0
2205| -13,5 0 0
2206| -13,79999 0 0
2207| 0 0 0
2208| 0 0 0
2209| 0 0 0
2210| 0 0 0
2211| 0 0 0
2212| -0,3 0 0
2213| -0,6 0 0
2214| -0,9 0 0
2215| -1,2 0 0
2216| -1,5 0 0
2217| -1,8 0 0
2218| -2,1 0 0
2219| -2,4 0 0
2220| -2,7 0 0
2221| -3 0 0
2222| -3,299999 0 0
2223| -3,599999 0 0
2224| -3,899999 0 0
2225| -4,2 0 0
2226| -4,5 0 0
2227| -4,8 0 0
2228| -5,1 0 0
2229| -5,4 0 0
2230| -5,7 0 0
2231| -6 0 0
2232| -6,300001 0 0
2233| -6,600001 0 0
2234| -6,900001 0 0
2235| -7,200001 0 0
2236| -7,500001 0 0
2237| -7,800001 0 0
2238| -8,1 0 0
2239| -8,4 0 0
2240| -8,7 0 0
2241| -8,999999 0 0
2242| -9,299999 0 0
2243| -9,599998 0 0
2244| -9,899999 0 0
2245| -10,2 0 0
2246| -10,5 0 0
2247| -10,8 0 0
2248| -11,1 0 0
2249| -11,4 0 0
2250| -11,7 0 0
2251| -12 0 0
2252| -12,3 0 0
2253| -12,6 0 0
2254| -12,9 0 0
2255| -13,2 0 0
2256| -13,5 0 0
2257| -13,79999 0 0
2258| -14,09999 0 0
2259| -14,39999 0 0
2260| -14,69999 0 0
2261| -14,99999 0 0
2262| -15,29999 0 0
2263| -15,59999 0 0
2264| -15,89999 0 0
2265| -16,19999 0 0
2266| 0 0 0
2267| 0 0 0
2268| 0 0 0
2269| 0 0 0
2270| 0 0 0
2271| 0 0 0
2272| -0,3 0 0
2273| -0,6 0 0
2274| -0,9 0 0
2275| -1,2 0 0
2276| -1,5 0 0
2277| -1,8 0 0
2278| -2,1 0 0
2279| -2,4 0 0
2280| -2,7 0 0
2281| -3 0 0
2282| -3,299999 0 0
2283| -3,599999 0 0
2284| -3,899999 0 0
2285| -4,2 0 0
2286| -4,5 0 0
2287| -4,8 0 0
2288| -5,1 0 0
2289| -5,4 0 0
2290| -5,7 0 0
2291| -6 0 0
2292| -6,300001 0 0
2293| -6,600001 0 0
2294| -6,900001 0 0
2295| -7,200001 0 0
2296| -7,500001 0 0
2297| -7,800001 0 0
2298| -8,1 0 0
2299| -8,4 0 0
2300| -8,7 0 0
2301| -8,999999 0 0
2302| -9,299999 0 0
2303| -9,599998 0 0
2304| -9,899999 0 0
2305| -10,2 0 0
2306| -10,5 0 0
2307| -10,8 0 0
2308| -11,1 0 0
2309| -11,4 0 0
2310| -11,4 4 0
2311| -11,4 8 0
2312| -11,4 12 0
2313| -11,4 16 0
2314| -11,4 20 0
2315| -11,4 24 0
2316| -11,4 28 0
2317| -11,4 32 0
2318| -11,4 36 0
2319| -11,4 40 0
2320| -11,4 43,99999 0
2321| -11,4 47,99999 0
2322| -11,4 51,99999 0
2323| -11,4 55,99999 0
2324| -11,4 60 0
2325| -11,4 64 0
2326| -11,4 68 0
2327| -11,4 72 0
2328| -11,4 76,00001 0
2329| -11,4 80,00001 0
2330| -11,4 84,00001 0
2331| -11,4 88,00002 0
2332| -11,4 92,00002 0
2333| -11,4 96,00002 0
2334| -11,4 100 0
2335| -11,4 104 0
2336| -11,4 108 0
2337| -11,4 112 0
2338| -11,4 116 0
2339| -11,4 120 0
2340| -11,4 124 0
2341| -11,4 128 0
2342| -11,4 132 0
2343| -11,4 136 0
2344| -11,4 140 0
2345| -11,4 144 0
2346| 0 0 0
2347| 0 0 0
2348| 0 0 0
2349| 0 0 0
2350| 0 0 0
2351| 0 0 0
2352| 0 0 0
2353| 0 0 0
2354| 0 0 0
2355| 0 0 0
2356| 0 0 0
2357| 0 0 0
2358| 0 0 0
2359| 0 0 0
2360| 0 0 0
2361| 0 0 0
2362| 0 0 0
2363| 0 0 0
2364| 0,3 0 0
2365| 0,6 0 0
2366| 0,9 0 0
2367| 1,2 0 0
2368| 1,5 0 0
2369| 1,8 0 0
2370| 2,1 0 0
2371| 2,4 0 0
2372| 2,7 0 0
2373| 3 0 0
2374| 3,299999 0 0
2375| 3,599999 0 0
2376| 3,899999 0 0
2377| 4,2 0 0
2378| 4,5 0 0
2379| 4,8 0 0
2380| 5,1 0 0
2381| 5,4 0 0
2382| 5,7 0 0
2383| 6 0 0
2384| 6,300001 0 0
2385| 6,600001 0 0
2386| 6,900001 0 0
2387| 7,200001 0 0
2388| 7,500001 0 0
2389| 7,800001 0 0
2390| 8,1 0 0
2391| 8,4 0 0
2392| 8,7 0 0
2393| 8,999999 0 0
2394| 9,299999 0 0
2395| 9,599998 0 0
2396| 9,899999 0 0
2397| 10,2 0 0
2398| 10,5 0 0
2399| 10,8 0 0
2400| 11,1 0 0
2401| 11,4 0 0
2402| 11,7 0 0
2403| 12 0 0
2404| 12,3 0 0
2405| 12,6 0 0
2406| 12,9 0 0
2407| 13,2 0 0
2408| 13,5 0 0
2409| 13,79999 0 0
2410| 14,09999 0 0
2411| 14,39999 0 0
2412| 14,69999 0 0
2413| 14,99999 0 0
2414| 15,29999 0 0
2415| 15,59999 0 0
2416| 15,89999 0 0
2417| 16,19999 0 0
2418| 16,49999 0 0
2419| 16,79999 0 0
2420| 17,09999 0 0
2421| 17,39999 0 0
2422| 17,69999 0 0
2423| 17,99999 0 0
2424| 18,29999 0 0
2425| 18,59999 0 0
2426| 18,89999 0 0
2427| 19,19999 0 0
2428| 19,49999 0 0
2429| 19,79999 0 0
2430| 20,09999 0 0
2431| 20,39999 0 0
2432| 20,69999 0 0
2433| 20,99999 0 0
2434| 21,29999 0 0
2435| 21,59999 0 0
2436| 21,89999 0 0
2437| 22,19999 0 0
2438| 22,49999 0 0
2439| 22,79999 0 0
2440| 23,09999 0 0
2441| 23,39999 0 0
2442| 23,69999 0 0
2443| 23,99999 0 0
2444| 24,29999 0 0
2445| 24,59999 0 0
2446| 24,89998 0 0
2447| 25,19999 0 0
2448| 25,49998 0 0
2449| 25,79998 0 0
2450| 26,09998 0 0
2451| 26,39998 0 0
2452| 26,69998 0 0
2453| 26,99998 0 0
2454| 27,29998 0 0
2455| 27,59998 0 0
2456| 27,89998 0 0
2457| 28,19998 0 0
2458| 28,49998 0 0
2459| 28,79998 0 0
2460| 29,09998 0 0
2461| 0 0 0
2462| 0 0 0
2463| 0 0 0
2464| 0 0 0
2465| 0 0 0
2466| 0 0 0
2467| 0 0 0
2468| -0,3 0 0
2469| -0,6 0 0
2470| -0,9 0 0
2471| -1,2 0 0
2472| -1,5 0 0
2473| -1,8 0 0
2474| -2,1 0 0
2475| -2,4 0 0
2476| -2,7 0 0
2477| -3 0 0
2478| -3,299999 0 0
2479| -3,599999 0 0
2480| -3,899999 0 0
2481| -4,2 0 0
2482| -4,5 0 0
2483| -4,8 0 0
2484| -5,1 0 0
2485| -5,4 0 0
2486| -5,7 0 0
2487| -6 0 0
2488| -6,300001 0 0
2489| -6,600001 0 0
2490| -6,900001 0 0
2491| -7,200001 0 0
2492| -7,500001 0 0
2493| -7,800001 0 0
2494| -8,1 0 0
2495| -8,4 0 0
2496| -8,7 0 0
2497| -8,999999 0 0
2498| -9,299999 0 0
2499| -9,599998 0 0
2500| -9,899999 0 0
2501| -10,2 0 0
2502| -10,5 0 0
2503| -10,8 0 0
2504| -11,1 0 0
2505| -11,4 0 0
2506| -11,7 0 0
2507| -12 0 0
2508| -12,3 0 0
2509| -12,6 0 0
2510| -12,9 0 0
2511| -13,2 0 0
2512| -13,5 0 0
2513| -13,79999 0 0
2514| -14,09999 0 0
2515| -14,39999 0 0
2516| -14,69999 0 0
2517| -14,99999 0 0
2518| -15,29999 0 0
2519| -15,59999 0 0
2520| -15,89999 0 0
2521| -16,19999 0 0
2522| -16,49999 0 0
2523| -16,79999 0 0
2524| -17,09999 0 0
2525| -17,39999 0 0
2526| -17,69999 0 0
2527| -17,99999 0 0
2528| -18,29999 0 0
2529| -18,59999 0 0
2530| -18,89999 0 0
2531| -19,19999 4 0
2532| -19,49999 8 0
2533| -19,49999 12 0
2534| -19,49999 16 0
2535| -19,49999 20 0
2536| -19,49999 24 0
2537| -19,49999 28 0
2538| -19,49999 32 0
2539| -19,49999 36 0
2540| -19,49999 40 0
2541| -19,49999 43,99999 0
2542| -19,49999 47,99999 0
2543| -19,49999 51,99999 0
2544| -19,49999 55,99999 0
2545| -19,49999 60 0
2546| -19,49999 64 0
2547| -19,49999 68 0
2548| -19,49999 72 0
2549| -19,49999 76,00001 0
2550| -19,49999 80,00001 0
2551| -19,49999 84,00001 0
2552| -19,49999 88,00002 0
2553| -19,49999 92,00002 0
2554| -19,49999 96,00002 0
2555| -19,49999 100 0
2556| -19,49999 104 0
2557| -19,49999 108 0
2558| -19,49999 112 0
2559| -19,49999 116 0
2560| -19,49999 120 0
2561| -19,49999 124 0
2562| -19,49999 128 0
2563| -19,49999 132 0
2564| -19,49999 136 0
2565| -19,49999 140 0
2566| -19,49999 144 0
2567| -19,49999 148 0
2568| -19,49999 152 0
2569| -19,49999 156 0
2570| -19,49999 160 0
2571| -19,49999 164 0
2572| -19,49999 168 0
2573| -19,49999 171,9999 0
2574| -19,49999 175,9999 0
2575| -19,49999 179,9999 0
2576| -19,49999 183,9999 0
2577| -19,49999 187,9999 0
2578| -19,49999 191,9999 0
2579| -19,49999 195,9999 0
2580| -19,49999 199,9999 0
2581| -19,49999 203,9999 0
2582| -19,49999 207,9999 0
2583| -19,49999 211,9999 0
2584| -19,49999 215,9999 0
2585| -19,49999 219,9999 0
2586| -19,49999 223,9999 0
2587| -19,49999 227,9999 0
2588| -19,49999 231,9999 0
2589| -19,49999 235,9999 0
2590| -19,49999 239,9999 0
2591| -19,49999 243,9999 0
2592| -19,49999 247,9999 0
2593| 0 0 0
2594| 0 0 0
2595| 0 0 0
2596| 0 0 0
2597| 0 0 0
2598| 0 0 0
2599| 0 0 0
2600| 0 0 0
2601| 0 0 0
2602| 0 0 0
2603| 0 0 0
2604| 0 0 0
2605| 0 0 0
2606| 0 0 0
2607| 0,3 0 0
2608| 0,6 0 0
2609| 0,9 0 0
2610| 1,2 0 0
2611| 1,5 0 0
2612| 1,8 0 0
2613| 2,1 0 0
2614| 2,4 0 0
2615| 2,7 0 0
2616| 3 0 0
2617| 3,299999 0 0
2618| 3,599999 0 0
2619| 3,899999 0 0
2620| 4,2 0 0
2621| 4,5 0 0
2622| 4,8 0 0
2623| 5,1 0 0
2624| 5,4 0 0
2625| 5,7 0 0
2626| 6 0 0
2627| 6,300001 0 0
2628| 6,600001 0 0
2629| 6,900001 0 0
2630| 7,200001 0 0
2631| 7,500001 0 0
2632| 7,800001 0 0
2633| 8,1 0 0
2634| 8,4 0 0
2635| 8,7 0 0
2636| 8,999999 0 0
2637| 9,299999 0 0
2638| 9,599998 0 0
2639| 9,899999 0 0
2640| 10,2 0 0
2641| 10,5 0 0
2642| 10,8 0 0
2643| 11,1 0 0
2644| 11,4 0 0
2645| 11,7 0 0
2646| 12 0 0
2647| 12,3 0 0
2648| 12,6 0 0
2649| 12,9 0 0
2650| 13,2 0 0
2651| 13,5 0 0
2652| 13,79999 0 0
2653| 14,09999 0 0
2654| 14,39999 0 0
2655| 14,69999 0 0
2656| 14,99999 0 0
2657| 15,29999 0 0
2658| 15,59999 0 0
2659| 15,89999 0 0
2660| 16,19999 0 0
2661| 16,49999 0 0
2662| 0 0 0
2663| 0 0 0
2664| 0 0 0
2665| 0 0 0
2666| 0 0 0
2667| 0 0 0
2668| 0 0 0
2669| 0 0 0
2670| 0 0 0
2671| 0 4 0
2672| 0 8 0
2673| 0 12 0
2674| 0 16 0
2675| 0 20 0
2676| 0 24 0
2677| 0 28 0
2678| 0 32 0
2679| 0 36 0
2680| 0 40 0
2681| 0 43,99999 0
2682| 0 47,99999 0
2683| 0 51,99999 0
2684| 0 55,99999 0
2685| 0 60 0
2686| 0 64 0
2687| 0 68 0
2688| 0 72 0
2689| 0 76,00001 0
2690| 0 80,00001 0
2691| 0 84,00001 0
2692| 0 88,00002 0
2693| 0 92,00002 0
2694| 0 96,00002 0
2695| 0 100 0
2696| 0 104 0
2697| 0 108 0
2698| 0 112 0
2699| 0 116 0
2700| 0 120 0
2701| 0 124 0
2702| 0 128 0
2703| 0 132 0
2704| 0 136 0
2705| 0 140 0
2706| 0 144 0
2707| 0 148 0
2708| 0 152 0
2709| 0 156 0
2710| 0 160 0
2711| 0 164 0
2712| 0 168 0
2713| 0 171,9999 0
2714| 0 175,9999 0
2715| 0 179,9999 0
2716| 0 183,9999 0
2717| 0 187,9999 0
2718| 0 191,9999 0
2719| 0 195,9999 0
2720| 0 199,9999 0
2721| 0 203,9999 0
2722| 0 207,9999 0
2723| 0 211,9999 0
2724| 0 215,9999 0
2725| 0 219,9999 0
2726| 0 223,9999 0
2727| 0 227,9999 0
2728| 0 231,9999 0
2729| 0 235,9999 0
2730| 0 239,9999 0
2731| 0 243,9999 0
2732| 0 247,9999 0
2733| 0 251,9999 0
2734| 0 255,9999 0
2735| 0 259,9999 0
2736| 0 263,9999 0
2737| 0 267,9999 0
2738| 0 271,9998 0
2739| 0 275,9998 0
2740| 0 279,9998 0
2741| 0 283,9998 0
2742| 0 287,9998 0
2743| 0 291,9998 0
2744| 0 295,9998 0
2745| 0 299,9998 0
2746| 0 303,9998 0
2747| 0 307,9998 0
2748| 0 311,9998 0
2749| 0 315,9998 0
2750| 0 319,9998 0
2751| 0 323,9998 0
2752| 0 327,9998 0
2753| 0 331,9998 0
2754| 0 335,9998 0
2755| 0 339,9998 0
2756| 0 343,9998 0
2757| 0 347,9998 0
2758| 0 351,9998 0
2759| 0 355,9998 0
2760| 0 359,9998 0
2761| 0 363,9998 0
2762| 0 367,9998 0
2763| 0 371,9998 0
2764| 0 375,9998 0
2765| 0 379,9998 0
2766| 0 383,9998 0
2767| 0 387,9998 0
2768| 0 391,9998 0
2769| 0 395,9998 0
2770| 0 399,9997 0
2771| 0 400 0
2772| 0 400 0
2773| 0 400 0
2774| 0 400 0
2775| 0 400 0
2776| 0 400 0
2777| 0 400 0
2778| 0 400 0
2779| 0 400 0
2780| 0 400 0
2781| 0 400 0
2782| 0 400 0
2783| 0 400 0
2784| 0 400 0
2785| 0 400 0
2786| 0 400 0
2787| 0 400 0
2788| 0 400 0
2789| 0 400 0
2790| 0 400 0
2791| 0 400 0
2792| 0 400 0
2793| 0 400 0
2794| 0 400 0
2795| 0 400 0
2796| 0 400 0
2797| 0 400 0
2798| 0 400 0
2799| 0 400 0
2800| 0 400 0
2801| 0 400 0
2802| 0 400 0
2803| 0 400 0
2804| 0 400 0
2805| 0 400 0
2806| 0 400 0
2807| 0 400 0
2808| 0 400 0
2809| 0 400 0
2810| 0 400 0
2811| 0 400 0
2812| -0,3 400 0
2813| -0,3 400 0
2814| -0,6 400 0
2815| -0,9 400 0
2816| -1,2 400 0
2817| -1,5 400 0
2818| -1,8 400 0
2819| -2,1 400 0
2820| -2,4 400 0
2821| -2,7 400 0
2822| -3 400 0
2823| -3,299999 400 0
2824| -3,599999 400 0
2825| -3,899999 400 0
2826| -4,2 400 0
2827| -4,5 400 0
2828| -4,8 400 0
2829| -5,1 400 0
2830| -5,4 400 0
2831| -5,7 400 0
2832| -6 400 0
2833| -6,300001 400 0
2834| -6,600001 400 0
2835| -6,900001 400 0
2836| -7,200001 400 0
2837| -7,500001 400 0
2838| -7,800001 400 0
2839| -8,1 400 0
2840| -8,4 400 0
2841| -8,7 400 0
2842| -8,999999 400 0
2843| -9,299999 400 0
2844| -9,599998 400 0
2845| -9,899999 400 0
2846| -10,2 400 0
2847| -10,5 400 0
2848| -10,8 400 0
2849| -11,1 400 0
2850| -11,4 400 0
2851| -11,7 400 0
2852| -12 400 0
2853| -12,3 400 0
2854| 0 0 0
2855| 0 0 0
2856| 0 0 0
2857| 0 0 0
2858| 0 0 0
2859| 0 0 0
2860| 0 0 0
2861| 0 0 0
2862| 0 0 0
2863| 0,3 0 0
2864| 0,6 0 0
2865| 0,9 0 0
2866| 1,2 0 0
2867| 1,5 0 0
2868| 1,8 0 0
2869| 2,1 0 0
2870| 2,4 0 0
2871| 2,7 0 0
2872| 3 0 0
2873| 3,299999 0 0
2874| 3,599999 0 0
2875| 3,899999 0 0
2876| 4,2 0 0
2877| 4,5 0 0
2878| 4,8 0 0
2879| 5,1 0 0
2880| 5,4 0 0
2881| 5,7 0 0
2882| 6 0 0
2883| 6,300001 0 0
2884| 6,600001 0 0
2885| 6,900001 0 0
2886| 7,200001 0 0
2887| 7,500001 0 0
2888| 7,800001 0 0
2889| 8,1 0 0
2890| 8,4 0 0
2891| 8,7 0 0
2892| 8,999999 0 0
2893| 9,299999 0 0
2894| 9,599998 0 0
2895| 9,899999 0 0
2896| 10,2 0 0
2897| 10,5 0 0
2898| 10,8 0 0
2899| 11,1 0 0
2900| 11,4 0 0
2901| 11,7 0 0
2902| 12 0 0
2903| 12,3 0 0
2904| 12,6 0 0
2905| 12,9 0 0
2906| 13,2 0 0
2907| 0 0 0
2908| 0 0 0
2909| 0 0 0
2910| 0 0 0
2911| 0 0 0
2912| 0 0 0
2913| 0 0 0
2914| 0 0 0
2915| 0 0 0
2916| 0 0 0
2917| 0 0 0
2918| 0 0 0
2919| 0 0 0
2920| 0 0 0
2921| 0 0 0
2922| 0 0 0
2923| 0 0 0
2924| 0 0 0
2925| 0 0 0
2926| 0 0 0
2927| -0,3 0 0
2928| -0,6 0 0
2929| -0,9 0 0
2930| -1,2 0 0
2931| -1,5 0 0
2932| -1,8 0 0
2933| -2,1 0 0
2934| -2,4 0 0
2935| -2,7 0 0
2936| -3 0 0
2937| -3,299999 0 0
2938| -3,599999 0 0
2939| -3,899999 0 0
2940| -4,2 0 0
2941| -4,5 0 0
2942| -4,8 0 0
2943| -5,1 0 0
2944| -5,4 0 0
2945| -5,7 0 0
2946| -6 0 0
2947| -6,300001 0 0
2948| -6,600001 0 0
2949| -6,900001 0 0
2950| -7,200001 0 0
2951| -7,500001 0 0
2952| -7,800001 0 0
2953| -8,1 0 0
2954| -8,4 0 0
2955| -8,7 0 0
2956| -8,999999 0 0
2957| -9,299999 0 0
2958| -9,599998 0 0
2959| -9,899999 0 0
2960| -10,2 0 0
2961| 0 0 0
2962| 0 0 0
2963| 0 0 0
2964| 0 0 0
2965| 0 0 0
2966| 0 0 0
2967| 0 0 0
2968| 0 0 0
2969| 0 0 0
2970| 0 0 0
2971| 0 0 0
2972| 0,3 0 0
2973| 0,6 0 0
2974| 0,9 0 0
2975| 1,2 0 0
2976| 1,5 0 0
2977| 1,8 0 0
2978| 2,1 0 0
2979| 2,4 0 0
2980| 2,7 0 0
2981| 3 0 0
2982| 3,299999 0 0
2983| 3,599999 0 0
2984| 3,899999 0 0
2985| 4,2 0 0
2986| 4,5 0 0
2987| 4,8 0 0
2988| 5,1 0 0
2989| 5,4 0 0
2990| 5,7 0 0
2991| 6 0 0
2992| 6,300001 0 0
2993| 6,600001 0 0
2994| 6,900001 0 0
2995| 7,200001 0 0
2996| 7,500001 0 0
2997| 7,800001 0 0
2998| 8,1 0 0
2999| 8,4 0 0
3000| 8,7 0 0
3001| 8,999999 0 0
3002| 9,299999 0 0
3003| 9,599998 0 0
3004| 9,899999 0 0
3005| 10,2 0 0
3006| 10,5 0 0
3007| 10,8 0 0
3008| 11,1 0 0
3009| 11,4 0 0
3010| 11,7 0 0
3011| 12 0 0
3012| 12,3 0 0
3013| 12,6 0 0
3014| 0 0 0
3015| 0 0 0
3016| 0 0 0
3017| 0 0 0
3018| 0 0 0
3019| 0 0 0
3020| 0 0 0
3021| 0 0 0
3022| 0 0 0
3023| 0 0 0
3024| 0 0 0
3025| 0 0 0
3026| 0 0 0
3027| 0 0 0
3028| 0 0 0
3029| 0 0 0
3030| 0 0 0
3031| 0 0 0
3032| 0 0 0
3033| 0 0 0
3034| 0 0 0
3035| 0 0 0
3036| 0 0 0
3037| 0 0 0
3038| 0 0 0
3039| 0 0 0
3040| 0 0 0
3041| 0 0 0
3042| 0 0 0
3043| 0 0 0
3044| 0 0 0
3045| 0 0 0
3046| 0 0 0
3047| 0 0 0
3048| 0 0 0
3049| 0 0 0
3050| 0 0 0
3051| 0 0 0
3052| 0 0 0
3053| 0 0 0
3054| 0 0 0
3055| 0 0 0
3056| 0 0 0
3057| 0 0 0
3058| 0 0 0
3059| 0 0 0
3060| 0 0 0
3061| 0 0 0
3062| 0 0 0
3063| 0 0 0
3064| 0 0 0
3065| 0 0 0
3066| 0 0 0
3067| 0 0 0
3068| 0 0 0
3069| 0 0 0
3070| 0 0 0
3071| 0 0 0
3072| 0 0 0
3073| 0 0 0
3074| 0 0 0
3075| 0 0 0
3076| 0 0 0
3077| 0 0 0
3078| 0 0 0
3079| 0 0 0
3080| 0 0 0
3081| 0 0 0
3082| 0 0 0
3083| 0 0 0
3084| 0 0 0
3085| 0 0 0
3086| 0 0 0
3087| 0 0 0
3088| 0 0 0
3089| 0 0 0
3090| 0 0 0
3091| 0 0 0
3092| 0 0 0
3093| 0 0 0
3094| 0 0 0
3095| 0 0 0
3096| 0 0 0
3097| 0 0 0
3098| 0 0 0
3099| 0 0 0
3100| 0 0 0
3101| 0 0 0
3102| 0 0 0
3103| 0 0 0
3104| 0 0 0
3105| 0 0 0
3106| 0 0 0
3107| 0 0 0
3108| 0 0 0
3109| 0 0 0
3110| 0 0 0
3111| 0 0 0
3112| 0 0 0
3113| 0 0 0
3114| 0 0 0
3115| 0 0 0
3116| 0 0 0
3117| 0 0 0
3118| 0 0 0
3119| 0 0 0
3120| 0 0 0
3121| 0 0 0
3122| 0 0 0
3123| 0 0 0
3124| 0 0 0
3125| 0 0 0
3126| 0 0 0
3127| 0 0 0
3128| 0 0 0
3129| 0 0 0
3130| 0 0 0
3131| 0 0 0
3132| 0 0 0
3133| 0 0 0
3134| 0 0 0
3135| 0 0 0
3136| 0 0 0
3137| 0 0 0
3138| 0 0 0
3139| 0 0 0
3140| 0 0 0
3141| 0 0 0
3142| 0 0 0
3143| 0 0 0
3144| 0 0 0
3145| 0 0 0
3146| 0 0 0
3147| 0 0 0

