1| 0 0 0
2| 0 0 0
3| 0 0 0
4| 0 0 0
5| 0 0 0
6| 0 0 0
7| 0 0 0
8| 0 0 0
9| 0 0 0
10| 0 0 0
11| 0 0 0
12| 0 0 0
13| 0 0 0
14| 0 0 0
15| 0 0 0
16| 0 0 0
17| 0 0 0
18| 0 0 0
19| 0 0 0
20| 0 0 0
21| 0 0 0
22| 0 0 0
23| 0 0 0
24| 0 0 0
25| 0 0 0
26| 0 0 0
27| 0 0 0
28| 0 0 0
29| 0 0 0
30| 0 0 0
31| 0 0 0
32| 0 0 0
33| 0 0 0
34| 0 0 0
35| 0 0 0
36| 0 0 0
37| 0 0 0
38| 0 0 0
39| 0 0 0
40| 0 0 0
41| 0 0 0
42| 0 0 0
43| 0 0 0
44| 0 0 0
45| 0 0 0
46| 0 0 0
47| 0 0 0
48| 0 0 0
49| 0 0 0
50| 0 0 0
51| 0 0 0
52| 0 0 0
53| 0 0 0
54| 0 0 0
55| 0 0 0
56| 0 0 0
57| 0 0 0
58| 0 0 0
59| 0 0 0
60| 0 0 0
61| 0 0 0
62| 0 0 0
63| 0 0 0
64| 0 0 0
65| 0 0 0
66| 0 0 0
67| 0 0 0
68| 0 0 0
69| 0 0 0
70| 0 0 0
71| 0 0 0
72| 0 0 0
73| 0 0 0
74| 0 0 0
75| 0 0 0
76| 0 0 0
77| 0 0 0
78| 0 0 0
79| 0 0 0
80| 0 0 0
81| 0 0 0
82| 0 0 0
83| 0 0 0
84| 0 0 0
85| 0 0 0
86| 0 0 0
87| 0 0 0
88| 0 0 0
89| 0 0 0
90| 0 0 0
91| 0 0 0
92| 0 0 0
93| 0 0 0
94| 0 0 0
95| 0 0 0
96| 0 0 0
97| 0 0 0
98| 0 0 0
99| 0 0 0
100| 0 0 0
101| 0 0 0
102| 0 0 0
103| 0 0 0
104| 0 0 0
105| 0 0 0
106| 0 0 0
107| 0 0 0
108| 0 0 0
109| 0 0 0
110| 0 0 0
111| 0 0 0
112| 0 0 0
113| 0 0 0
114| 0 0 0
115| 0 0 0
116| 0 0 0
117| 0 0 0
118| 0 0 0
119| 0 0 0
120| 0 0 0
121| 0 0 0
122| 0 0 0
123| 0 0 0
124| 0 0 0
125| 0 0 0
126| 0 0 0
127| 0 0 0
128| 0 0 0
129| 0 0 0
130| 0 0 0
131| 0 0 0
132| 0 0 0
133| 0 0 0
134| 0 0 0
135| 0 0 0
136| 0 0 0
137| 0 0 0
138| 0 0 0
139| 0 0 0
140| 0 0 0
141| 0 0 0
142| 0 0 0
143| 0 0 0
144| 0 0 0
145| 0 0 0
146| 0 0 0
147| 0 0 0
148| 0 0 0
149| 0 0 0
150| 0 0 0
151| 0 0 0
152| 0 0 0
153| 0 0 0
154| 0 0 0
155| 0 0 0
156| 0 0 0
157| 0 0 0
158| 0 0 0
159| 0 0 0
160| 0 0 0
161| 0 0 0
162| 0 0 0
163| 0 0 0
164| 0 0 0
165| 0 0 0
166| 0 0 0
167| 0 0 0
168| 0 0 0
169| 0 0 0
170| 0 0 0
171| 0 0 0
172| 0 0 0
173| 0 0 0
174| 0 0 0
175| 0 0 0
176| 0 0 0
177| 0 0 0
178| 0 0 0
179| 0 0 0
180| 0 0 0
181| 0 0 0
182| 0 0 0
183| 0 0 0
184| 0 0 0
185| 0 0 0
186| 0 0 0
187| 0 0 0
188| 0 0 0
189| 0 0 0
190| 0 0 0
191| 0 0 0
192| 0 0 0
193| 0 0 0
194| 0 0 0
195| 0 0 0
196| 0 0 0
197| 0 0 0
198| 0 0 0
199| 0 0 0
200| 0 0 0
201| 0 0 0
202| 0 0 0
203| 0 0 0
204| 0 0 0
205| 0 0 0
206| 0 0 0
207| 0 0 0
208| 0 0 0
209| 0 0 0
210| 0 0 0
211| 0 0 0
212| 0 0 0
213| 0 0 0
214| 0 0 0
215| 0 4 0
216| 0 8 0
217| 0 12 0
218| 0 16 0
219| 0 20 0
220| 0 24 0
221| 0 28 0
222| 0 32 0
223| 0 36 0
224| 0 40 0
225| 0 43,99999 0
226| 0 47,99999 0
227| 0 51,99999 0
228| 0 55,99999 0
229| 0 60 0
230| 0 64 0
231| 0 68 0
232| 0 0 0
233| 0 0 0
234| 0 0 0
235| 0 0 0
236| 0 0 0
237| 0 0 0
238| 0 0 0
239| 0 0 0
240| 0 0 0
241| 0 0 0
242| 0 0 0
243| 0 0 0
244| 0 0 0
245| 0 0 0
246| 0 0 0
247| 0 0 0
248| 0 0 0
249| 0 0 0
250| 0 0 0
251| 0 0 0
252| 0 0 0
253| 0 0 0
254| 0 0 0
255| 0 0 0
256| 0 0 0
257| 0 0 0
258| 0 0 0
259| 0 0 0
260| 0 0 0
261| 0 4 0
262| 0 8 0
263| 0 12 0
264| 0 16 0
265| 0 20 0
266| 0 24 0
267| 0 28 0
268| 0 32 0
269| 0 36 0
270| 0 40 0
271| 0 43,99999 0
272| 0 47,99999 0
273| 0 51,99999 0
274| 0 55,99999 0
275| 0 60 0
276| 0 64 0
277| 0 68 0
278| 0 72 0
279| 0 76,00001 0
280| 0 80,00001 0
281| 0 84,00001 0
282| 0 88,00002 0
283| 0 92,00002 0
284| 0 96,00002 0
285| 0 100 0
286| 0 104 0
287| 0 108 0
288| 0 112 0
289| 0 116 0
290| 0 120 0
291| 0 124 0
292| 0 128 0
293| 0 132 0
294| 0 136 0
295| 0 140 0
296| 0 144 0
297| 0 148 0
298| 0 152 0
299| 0 156 0
300| 0 160 0
301| 0 164 0
302| 0 168 0
303| 0 171,9999 0
304| 0 175,9999 0
305| 0 179,9999 0
306| 0 0 0
307| 0 0 0
308| 0 0 0
309| 0 0 0
310| 0 0 0
311| 0 0 0
312| 0 0 0
313| 0 0 0
314| 0 0 0
315| 0 0 0
316| 0 0 0
317| 0 0 0
318| 0 0 0
319| 0 0 0
320| 0 0 0
321| 0 0 0
322| 0 0 0
323| 0 0 0
324| -0,3 0 0
325| -0,6 0 0
326| -0,9 0 0
327| -1,2 0 0
328| -1,5 0 0
329| -1,8 0 0
330| -2,1 0 0
331| -2,4 0 0
332| -2,7 0 0
333| -3 0 0
334| -3,299999 0 0
335| -3,599999 0 0
336| -3,899999 0 0
337| -4,2 0 0
338| -4,5 0 0
339| -4,8 0 0
340| -5,1 0 0
341| -5,4 0 0
342| -5,7 0 0
343| -6 0 0
344| -6,300001 0 0
345| -6,600001 0 0
346| -6,900001 0 0
347| -7,200001 0 0
348| -7,500001 0 0
349| -7,800001 0 0
350| -8,1 0 0
351| -8,4 0 0
352| -8,7 0 0
353| -8,999999 0 0
354| -9,299999 0 0
355| -9,599998 0 0
356| -9,899999 0 0
357| -10,2 0 0
358| -10,5 0 0
359| -10,8 0 0
360| -11,1 0 0
361| -11,4 0 0
362| -11,7 0 0
363| -12 0 0
364| -12,3 0 0
365| -12,6 0 0
366| -12,9 0 0
367| -13,2 0 0
368| -13,5 0 0
369| -13,79999 0 0
370| -14,09999 0 0
371| -14,39999 0 0
372| -14,69999 0 0
373| -14,99999 0 0
374| -15,29999 0 0
375| -15,59999 0 0
376| -15,89999 0 0
377| -16,19999 0 0
378| -16,49999 0 0
379| -16,79999 0 0
380| -17,09999 0 0
381| -17,39999 0 0
382| -17,69999 0 0
383| -17,99999 0 0
384| -18,29999 0 0
385| -18,59999 0 0
386| -18,89999 0 0
387| -19,19999 0 0
388| -19,49999 0 0
389| -19,79999 0 0
390| -20,09999 0 0
391| -20,39999 0 0
392| -20,69999 0 0
393| -20,99999 0 0
394| -21,29999 0 0
395| -21,59999 0 0
396| -21,89999 0 0
397| -22,19999 0 0
398| -22,49999 0 0
399| -22,79999 0 0
400| -23,09999 0 0
401| -23,39999 0 0
402| -23,69999 0 0
403| -23,99999 0 0
404| -24,29999 0 0
405| -24,59999 0 0
406| -24,89998 0 0
407| -25,19999 0 0
408| -25,49998 0 0
409| -25,79998 0 0
410| -26,09998 0 0
411| -26,39998 0 0
412| 0 0 0
413| 0 0 0
414| 0 0 0
415| 0 0 0
416| 0 0 0
417| 0 0 0
418| 0 0 0
419| 0 0 0
420| 0 0 0
421| 0 4 0
422| 0 8 0
423| 0 12 0
424| 0 16 0
425| 0 20 0
426| 0 24 0
427| 0 28 0
428| 0 32 0
429| 0 36 0
430| 0 40 0
431| 0 43,99999 0
432| 0 47,99999 0
433| 0 51,99999 0
434| 0 55,99999 0
435| 0 60 0
436| 0 64 0
437| 0 68 0
438| 0 72 0
439| 0 76,00001 0
440| 0 80,00001 0
441| 0 84,00001 0
442| 0 88,00002 0
443| 0 92,00002 0
444| 0 96,00002 0
445| 0 100 0
446| 0 104 0
447| 0 108 0
448| 0 112 0
449| 0 116 0
450| 0 120 0
451| 0 124 0
452| 0 128 0
453| 0 132 0
454| 0 136 0
455| 0 140 0
456| 0 144 0
457| 0 148 0
458| 0 152 0
459| 0 156 0
460| 0 160 0
461| 0 164 0
462| 0 168 0
463| 0 171,9999 0
464| 0 175,9999 0
465| 0 179,9999 0
466| 0 183,9999 0
467| 0 187,9999 0
468| 0 191,9999 0
469| 0 195,9999 0
470| 0 199,9999 0
471| 0 203,9999 0
472| 0 207,9999 0
473| 0 211,9999 0
474| 0 215,9999 0
475| 0 219,9999 0
476| 0 223,9999 0
477| 0 227,9999 0
478| 0 231,9999 0
479| 0 235,9999 0
480| 0 239,9999 0
481| 0 243,9999 0
482| 0 247,9999 0
483| 0 251,9999 0
484| 0 255,9999 0
485| 0 259,9999 0
486| 0 263,9999 0
487| 0 267,9999 0
488| 0 271,9998 0
489| 0 275,9998 0
490| 0 279,9998 0
491| 0 283,9998 0
492| 0 287,9998 0
493| 0 291,9998 0
494| 0 295,9998 0
495| 0 299,9998 0
496| 0 303,9998 0
497| 0 307,9998 0
498| 0 311,9998 0
499| 0 315,9998 0
500| 0 319,9998 0
501| 0 323,9998 0
502| 0 327,9998 0
503| 0 331,9998 0
504| 0 335,9998 0
505| 0 339,9998 0
506| 0 343,9998 0
507| 0 347,9998 0
508| 0 351,9998 0
509| 0 355,9998 0
510| 0 359,9998 0
511| 0 363,9998 0
512| 0 367,9998 0
513| 0 371,9998 0
514| 0 375,9998 0
515| 0 379,9998 0
516| 0 383,9998 0
517| 0 387,9998 0
518| 0 391,9998 0
519| 0 395,9998 0
520| 0 399,9997 0
521| 0 400 0
522| 0 400 0
523| 0 400 0
524| 0 400 0
525| 0 400 0
526| 0 400 0
527| 0 400 0
528| 0 400 0
529| 0 400 0
530| 0 0 0
531| 0 0 0
532| 0 0 0
533| 0 0 0
534| 0 0 0
535| 0 0 0
536| 0 0 0
537| 0 0 0
538| 0 0 0
539| 0 0 0
540| 0 0 0
541| 0 0 0
542| 0 0 0
543| 0 0 0
544| 0 0 0
545| 0 0 0
546| 0 0 0
547| 0 0 0
548| 0 0 0
549| 0 0 0
550| 0 0 0
551| 0 0 0
552| 0 0 0
553| 0 0 0
554| 0 0 0
555| 0 0 0
556| 0 0 0
557| 0 0 0
558| 0 0 0
559| 0 0 0
560| 0 0 0
561| 0 0 0
562| 0 0 0
563| 0 0 0
564| 0 0 0
565| 0 0 0
566| 0 0 0
567| 0 0 0
568| 0 0 0
569| 0 0 0
570| 0 0 0
571| 0 0 0
572| 0 0 0
573| 0 0 0
574| 0 4 0
575| 0 8 0
576| 0 12 0
577| 0 16 0
578| 0 20 0
579| 0 24 0
580| 0 28 0
581| 0 32 0
582| 0 36 0
583| 0 40 0
584| 0 43,99999 0
585| 0 47,99999 0
586| 0 51,99999 0
587| 0 55,99999 0
588| 0 60 0
589| 0 64 0
590| 0 68 0
591| 0 72 0
592| 0 76,00001 0
593| 0 80,00001 0
594| 0 84,00001 0
595| 0 88,00002 0
596| 0 92,00002 0
597| 0 96,00002 0
598| 0 100 0
599| 0 104 0
600| 0 108 0
601| 0 112 0
602| 0 116 0
603| 0 120 0
604| 0 0 0
605| 0 0 0
606| 0 0 0
607| 0 0 0
608| 0 0 0
609| 0 0 0
610| 0 0 0
611| 0 0 0
612| 0 0 0
613| 0 0 0
614| 0 0 0
615| 0 0 0
616| 0 0 0
617| 0 0 0
618| 0 0 0
619| 0 0 0
620| 0 0 0
621| 0 4 0
622| 0 8 0
623| 0 12 0
624| 0 16 0
625| 0 20 0
626| 0 0 0
627| 0 0 0
628| 0 0 0
629| 0 0 0
630| 0 0 0
631| 0 0 0
632| 0 0 0
633| 0 0 0
634| 0 0 0
635| 0 0 0
636| 0 0 0
637| 0 0 0
638| 0 0 0
639| 0 0 0
640| 0 0 0
641| 0 0 0
642| 0 0 0
643| 0 0 0
644| 0 0 0
645| 0 0 0
646| 0 0 0
647| 0 0 0
648| 0 0 0
649| 0 0 0
650| 0 0 0
651| 0 0 0
652| 0 0 0
653| 0 0 0
654| 0 0 0
655| 0 0 0
656| 0 0 0
657| 0 0 0
658| 0 0 0
659| 0 4 0
660| 0 8 0
661| 0 12 0
662| 0 16 0
663| 0 20 0
664| 0 24 0
665| 0 28 0
666| 0 32 0
667| 0 36 0
668| 0 40 0
669| 0 43,99999 0
670| 0 47,99999 0
671| 0 51,99999 0
672| 0 55,99999 0
673| 0 60 0
674| 0 64 0
675| 0 68 0
676| 0 72 0
677| 0 0 0
678| 0 0 0
679| 0 0 0
680| 0 0 0
681| 0 0 0
682| 0 0 0
683| 0 0 0
684| 0 0 0
685| 0 0 0
686| 0 0 0
687| 0 0 0
688| 0 0 0
689| 0 0 0
690| 0 0 0
691| 0 0 0
692| 0 0 0
693| 0 0 0
694| 0 0 0
695| 0 0 0
696| 0 0 0
697| 0 0 0
698| 0 0 0
699| 0 0 0
700| 0 0 0
701| 0 0 0
702| 0 0 0
703| 0 0 0
704| 0 0 0
705| 0 0 0
706| 0 0 0
707| 0 0 0
708| 0 0 0
709| 0 0 0
710| 0 0 0
711| 0 0 0
712| 0 0 0
713| 0 0 0
714| 0 0 0
715| 0 0 0
716| 0 0 0
717| 0 0 0
718| 0 0 0
719| 0 0 0
720| 0 0 0
721| 0 0 0
722| 0 0 0
723| 0 0 0
724| 0 0 0
725| 0 0 0
726| 0 0 0
727| 0 0 0
728| 0 0 0
729| 0 0 0
730| 0 0 0
731| 0 0 0
732| 0 0 0
733| 0 0 0
734| 0 0 0
735| 0 0 0
736| 0 0 0
737| 0 0 0
738| 0 0 0
739| 0 0 0
740| 0 0 0
741| 0 0 0
742| 0 0 0
743| 0 0 0
744| 0 0 0
745| 0 0 0
746| 0 0 0
747| 0 0 0
748| 0 0 0
749| 0 0 0
750| 0 0 0
751| 0 0 0
752| 0 0 0
753| 0 0 0
754| 0 0 0
755| 0 0 0
756| 0 0 0
757| 0 0 0
758| 0 0 0
759| 0 0 0
760| 0 0 0
761| 0 0 0
762| 0 0 0
763| 0 0 0
764| 0 0 0
765| -0,3 0 0
766| -0,6 0 0
767| -0,9 0 0
768| -1,2 0 0
769| -1,5 0 0
770| -1,8 0 0
771| -2,1 0 0
772| -2,4 0 0
773| -2,7 0 0
774| -3 0 0
775| -3,299999 0 0
776| -3,599999 0 0
777| -3,899999 0 0
778| -4,2 0 0
779| -4,5 0 0
780| -4,8 0 0
781| -5,1 0 0
782| -5,4 0 0
783| -5,7 0 0
784| -6 0 0
785| -6,300001 0 0
786| -6,600001 0 0
787| -6,900001 0 0
788| -7,200001 0 0
789| -7,500001 0 0
790| -7,800001 0 0
791| -8,1 0 0
792| 0 0 0
793| 0 0 0
794| 0 0 0
795| 0 0 0
796| 0 0 0
797| 0 0 0
798| 0 0 0
799| 0 0 0
800| 0 0 0
801| 0 0 0
802| 0 0 0
803| 0 0 0
804| 0 0 0
805| 0 0 0
806| 0 0 0
807| 0 0 0
808| 0 0 0
809| 0 0 0
810| 0 0 0
811| 0 0 0
812| 0 0 0
813| 0 0 0
814| 0 0 0
815| 0 0 0
816| 0 0 0
817| 0 0 0
818| 0 0 0
819| 0 0 0
820| 0 0 0
821| 0 0 0
822| 0 0 0
823| 0 0 0
824| 0 0 0
825| 0 0 0
826| 0 0 0
827| 0 0 0
828| 0 0 0
829| 0 0 0
830| 0 0 0
831| 0 0 0
832| 0 4 0
833| 0 8 0
834| 0 12 0
835| 0 16 0
836| 0 20 0
837| 0 24 0
838| 0 28 0
839| 0 32 0
840| 0 36 0
841| 0 40 0
842| 0 43,99999 0
843| 0 47,99999 0
844| 0 51,99999 0
845| 0 0 0
846| 0 0 0
847| 0 0 0
848| 0 0 0
849| 0 0 0
850| 0 0 0
851| 0 0 0
852| 0 0 0
853| 0 0 0
854| 0 0 0
855| 0 0 0
856| 0 0 0
857| 0 0 0
858| 0 0 0
859| 0 0 0
860| 0 0 0
861| 0 0 0
862| 0 0 0
863| 0 0 0
864| 0 0 0
865| 0 0 0
866| 0 0 0
867| 0 0 0
868| 0 0 0
869| 0 0 0
870| 0 0 0
871| 0 0 0
872| 0 0 0
873| 0 0 0
874| 0 0 0
875| 0 4 0
876| 0 8 0
877| 0 12 0
878| 0 16 0
879| 0 20 0
880| 0 24 0
881| 0 28 0
882| 0 32 0
883| 0 36 0
884| 0 40 0
885| 0 43,99999 0
886| 0 47,99999 0
887| 0 0 0
888| 0 0 0
889| 0 0 0
890| 0 0 0
891| 0 0 0
892| 0 0 0
893| 0 0 0
894| 0 0 0
895| 0 0 0
896| 0 0 0
897| 0 0 0
898| 0 0 0
899| 0 0 0
900| 0 0 0
901| 0 0 0
902| 0 0 0
903| 0 0 0
904| 0 0 0
905| 0 0 0
906| 0 0 0
907| 0 0 0
908| 0 0 0
909| 0 0 0
910| 0 0 0
911| 0 0 0
912| 0 0 0
913| 0 0 0
914| 0 0 0
915| 0 0 0
916| 0 0 0
917| 0 0 0
918| 0 0 0
919| 0 0 0
920| 0 0 0
921| 0 0 0
922| 0 0 0
923| -0,3 0 0
924| -0,6 0 0
925| -0,9 0 0
926| -1,2 0 0
927| -1,5 0 0
928| -1,8 0 0
929| -2,1 0 0
930| -2,4 0 0
931| -2,7 0 0
932| -3 0 0
933| 0 0 0
934| 0 0 0
935| 0 0 0
936| 0 0 0
937| 0 0 0
938| 0 0 0
939| 0 0 0
940| 0 0 0
941| 0 0 0
942| 0 0 0
943| 0 0 0
944| 0 0 0
945| 0 0 0
946| 0 0 0
947| 0 0 0
948| -0,3 0 0
949| -0,6 0 0
950| -0,9 0 0
951| -1,2 0 0
952| -1,5 0 0
953| -1,8 0 0
954| -2,1 0 0
955| -2,4 0 0
956| -2,7 0 0
957| -3 0 0
958| -3,299999 0 0
959| -3,599999 0 0
960| -3,899999 0 0
961| -4,2 0 0
962| -4,5 0 0
963| -4,8 0 0
964| -5,1 0 0
965| -5,4 0 0
966| -5,7 0 0
967| 0 0 0
968| 0 0 0
969| 0 0 0
970| 0 0 0
971| 0 0 0
972| 0 0 0
973| 0 0 0
974| 0 0 0
975| 0 0 0
976| 0 0 0
977| 0 0 0
978| 0 0 0
979| 0 0 0
980| 0 0 0
981| 0 0 0
982| 0 0 0
983| 0 0 0
984| 0 0 0
985| 0 0 0
986| 0 0 0
987| 0 0 0
988| 0 0 0
989| 0 0 0
990| 0 0 0
991| 0 0 0
992| 0 0 0
993| 0 0 0
994| 0 0 0
995| 0 0 0
996| 0 0 0
997| 0 0 0
998| 0 0 0
999| 0 0 0
1000| 0 0 0
1001| 0 0 0
1002| 0 0 0
1003| 0 0 0
1004| 0 0 0
1005| 0 0 0
1006| 0 0 0
1007| 0 0 0
1008| 0 0 0
1009| 0 0 0
1010| 0 0 0
1011| 0 0 0
1012| 0 0 0
1013| 0 0 0
1014| 0 0 0
1015| 0 0 0
1016| 0 0 0
1017| 0 0 0
1018| 0 0 0
1019| 0 0 0
1020| 0 0 0
1021| 0 0 0
1022| 0 0 0
1023| 0 0 0
1024| 0 0 0
1025| 0 0 0
1026| 0 0 0
1027| 0 0 0
1028| 0 0 0
1029| 0 0 0
1030| 0 0 0
1031| 0 0 0
1032| 0 0 0
1033| 0 0 0
1034| 0 0 0
1035| 0 0 0
1036| 0 0 0
1037| 0 0 0
1038| 0,3 0 0
1039| 0,6 0 0
1040| 0,9 0 0
1041| 1,2 0 0
1042| 1,5 0 0
1043| 1,8 0 0
1044| 2,1 0 0
1045| 2,4 0 0
1046| 2,7 0 0
1047| 0 0 0
1048| 0 0 0
1049| 0 0 0
1050| 0 0 0
1051| 0 0 0
1052| 0 0 0
1053| 0 0 0
1054| 0 0 0
1055| 0 0 0
1056| 0 0 0
1057| 0 0 0
1058| 0 0 0
1059| 0 0 0
1060| 0 0 0
1061| 0 0 0
1062| 0 0 0
1063| 0 0 0
1064| 0 0 0
1065| 0 0 0
1066| 0 0 0
1067| 0 0 0
1068| 0 0 0
1069| 0 0 0
1070| 0 0 0
1071| 0 0 0
1072| 0 0 0
1073| 0 0 0
1074| 0 0 0
1075| 0 0 0
1076| 0 0 0
1077| 0 0 0
1078| 0 0 0
1079| 0,3 0 0
1080| 0,6 0 0
1081| 0,9 0 0
1082| 1,2 0 0
1083| 1,5 0 0
1084| 1,8 0 0
1085| 2,1 0 0
1086| 2,4 0 0
1087| 2,7 0 0
1088| 3 0 0
1089| 3,299999 0 0
1090| 3,599999 0 0
1091| 3,899999 0 0
1092| 4,2 0 0
1093| 4,5 0 0
1094| 4,8 0 0
1095| 5,1 0 0
1096| 5,4 0 0
1097| 5,7 0 0
1098| 6 0 0
1099| 6,300001 0 0
1100| 0 0 0
1101| 0 0 0
1102| 0 0 0
1103| 0 0 0
1104| 0 0 0
1105| 0 0 0
1106| 0 0 0
1107| 0 0 0
1108| 0 0 0
1109| 0 0 0
1110| 0 0 0
1111| 0 0 0
1112| 0 0 0
1113| 0 0 0
1114| 0 0 0
1115| 0 0 0
1116| 0 0 0
1117| 0 0 0
1118| 0 0 0
1119| 0 0 0
1120| 0 0 0
1121| 0 0 0
1122| 0 0 0
1123| 0 0 0
1124| 0 0 0
1125| 0 0 0
1126| 0 0 0
1127| 0 0 0
1128| 0 0 0
1129| 0 0 0
1130| 0 0 0
1131| 0 0 0
1132| 0 0 0
1133| 0 0 0
1134| 0 0 0
1135| 0 0 0
1136| 0 0 0
1137| 0,3 0 0
1138| 0,6 0 0
1139| 0,9 0 0
1140| 1,2 0 0
1141| 1,5 0 0
1142| 0 0 0
1143| 0 0 0
1144| 0 0 0
1145| 0 0 0
1146| 0 0 0
1147| 0 0 0
1148| 0 0 0
1149| 0 0 0
1150| 0 0 0
1151| 0 0 0
1152| 0 0 0
1153| 0 0 0
1154| 0 0 0
1155| 0 0 0
1156| 0 0 0
1157| 0 0 0
1158| 0 0 0
1159| 0 0 0
1160| 0 0 0
1161| 0 0 0
1162| 0 0 0
1163| 0 0 0
1164| 0 0 0
1165| 0 0 0
1166| 0 0 0
1167| 0 0 0
1168| 0 0 0
1169| 0 0 0
1170| 0 0 0
1171| 0 0 0
1172| 0 0 0
1173| 0,3 0 0
1174| 0,6 0 0
1175| 0,9 0 0
1176| 1,2 0 0
1177| 1,5 0 0
1178| 1,8 0 0
1179| 2,1 0 0
1180| 2,4 0 0
1181| 2,7 0 0
1182| 3 0 0
1183| 3,299999 0 0
1184| 3,599999 0 0
1185| 3,899999 0 0
1186| 4,2 0 0
1187| 4,5 0 0
1188| 4,8 0 0
1189| 0 0 0
1190| 0 0 0
1191| 0 0 0
1192| 0 0 0
1193| 0 0 0
1194| 0 0 0
1195| 0 0 0
1196| 0 0 0
1197| 0 0 0
1198| 0 0 0
1199| 0 0 0
1200| 0 0 0
1201| 0 0 0
1202| 0 0 0
1203| 0 0 0
1204| 0 0 0
1205| 0 0 0
1206| 0 0 0
1207| 0 0 0
1208| 0 0 0
1209| 0 0 0
1210| 0 0 0
1211| 0 0 0
1212| 0 0 0
1213| 0 0 0
1214| 0 0 0
1215| 0 0 0
1216| 0 0 0
1217| 0 0 0
1218| 0 0 0
1219| 0 0 0
1220| 0 0 0
1221| 0 0 0
1222| 0 0 0
1223| 0 0 0
1224| 0 0 0
1225| 0 0 0
1226| 0 0 0
1227| 0 0 0
1228| 0 0 0
1229| 0 0 0
1230| 0 0 0
1231| 0 0 0
1232| 0 0 0
1233| 0 0 0
1234| 0 0 0
1235| 0 0 0
1236| 0 0 0
1237| 0 0 0
1238| 0 0 0
1239| 0 0 0
1240| 0 0 0
1241| 0 0 0
1242| 0 0 0
1243| 0 0 0
1244| 0 0 0
1245| 0 0 0
1246| 0 0 0
1247| 0 0 0
1248| 0 0 0
1249| 0 0 0
1250| 0 0 0
1251| 0 0 0
1252| 0 0 0
1253| 0 0 0
1254| 0 0 0
1255| 0 0 0
1256| 0 0 0
1257| 0 0 0
1258| 0 0 0
1259| 0 0 0
1260| 0 0 0
1261| 0 0 0
1262| 0 0 0
1263| 0 0 0
1264| 0 0 0
1265| 0 0 0
1266| 0 0 0
1267| 0 0 0
1268| 0 0 0
1269| 0 0 0
1270| 0 0 0
1271| 0 0 0
1272| 0 0 0
1273| 0 0 0
1274| 0 0 0
1275| 0 0 0
1276| 0 0 0
1277| 0,3 0 0
1278| 0,6 0 0
1279| 0,9 0 0
1280| 1,2 0 0
1281| 1,5 0 0
1282| 1,8 0 0
1283| 2,1 0 0
1284| 2,4 0 0
1285| 2,7 0 0
1286| 3 0 0
1287| 3,299999 0 0
1288| 3,599999 0 0
1289| 3,899999 0 0
1290| 4,2 0 0
1291| 4,5 0 0
1292| 0 0 0
1293| 0 0 0
1294| 0 0 0
1295| 0 0 0
1296| 0 0 0
1297| 0 0 0
1298| 0 0 0
1299| 0 0 0
1300| 0 0 0
1301| 0 0 0
1302| 0 0 0
1303| 0 0 0
1304| 0 0 0
1305| 0 0 0
1306| 0 0 0
1307| 0 0 0
1308| 0 0 0
1309| 0 0 0
1310| 0 0 0
1311| 0 0 0
1312| 0 0 0
1313| 0 0 0
1314| 0 0 0
1315| 0 0 0
1316| 0 0 0
1317| 0 0 0
1318| 0 0 0
1319| 0 0 0
1320| 0 0 0
1321| 0 0 0
1322| 0,3 0 0
1323| 0,6 0 0
1324| 0,9 0 0
1325| 1,2 0 0
1326| 1,5 0 0
1327| 1,8 0 0
1328| 2,1 0 0
1329| 2,4 0 0
1330| 2,7 0 0
1331| 3 0 0
1332| 3,299999 0 0
1333| 0 0 0
1334| 0 0 0
1335| 0 0 0
1336| 0 0 0
1337| 0 0 0
1338| 0 0 0
1339| 0 0 0
1340| 0 0 0
1341| 0 0 0
1342| 0 0 0
1343| 0 0 0
1344| 0 0 0
1345| 0 0 0
1346| 0 0 0
1347| 0 0 0
1348| 0 0 0
1349| 0 0 0
1350| 0 0 0
1351| 0 0 0
1352| 0 0 0
1353| 0 0 0
1354| 0 0 0
1355| 0 0 0
1356| 0 0 0
1357| 0 0 0
1358| 0 0 0
1359| 0 0 0
1360| 0 0 0
1361| 0 0 0
1362| 0 0 0
1363| 0 0 0
1364| 0 0 0
1365| 0 0 0
1366| 0 0 0
1367| 0 0 0
1368| 0 0 0
1369| 0 0 0
1370| 0 0 0
1371| 0 0 0
1372| 0 0 0
1373| 0 0 0
1374| 0 0 0
1375| 0 0 0
1376| 0 0 0
1377| 0 0 0
1378| 0 0 0
1379| 0 0 0
1380| 0 0 0
1381| 0 0 0
1382| 0 0 0
1383| 0 0 0
1384| 0 0 0
1385| 0 0 0
1386| 0 0 0
1387| 0 0 0
1388| 0 0 0
1389| 0 0 0
1390| 0 0 0
1391| 0 0 0
1392| 0 0 0
1393| 0 0 0
1394| 0 0 0
1395| 0 0 0
1396| 0 0 0
1397| 0 0 0
1398| 0 0 0
1399| 0 0 0
1400| 0 0 0
1401| 0 0 0
1402| 0 0 0
1403| 0 0 0
1404| 0 0 0
1405| 0 0 0
1406| 0 0 0
1407| 0 0 0
1408| 0 0 0
1409| 0 0 0
1410| 0 0 0
1411| 0 0 0
1412| 0 0 0
1413| 0 0 0
1414| 0 0 0
1415| 0 0 0
1416| 0 0 0
1417| 0 0 0
1418| 0 0 0
1419| 0 0 0
1420| 0 0 0
1421| 0 0 0
1422| 0 0 0
1423| 0 4 0
1424| 0 8 0
1425| 0 12 0
1426| 0 16 0
1427| 0 20 0
1428| 0 24 0
1429| 0 28 0
1430| 0 32 0
1431| 0 36 0
1432| 0 40 0
1433| 0 43,99999 0
1434| 0 0 0
1435| 0 0 0
1436| 0 0 0
1437| 0 0 0
1438| 0 0 0
1439| 0 0 0
1440| 0 0 0
1441| 0 0 0
1442| 0 0 0
1443| 0 0 0
1444| 0 0 0
1445| 0 0 0
1446| 0 0 0
1447| 0 0 0
1448| 0 0 0
1449| 0 0 0
1450| 0 0 0
1451| 0 0 0
1452| 0 4 0
1453| 0 8 0
1454| 0 12 0
1455| 0 16 0
1456| 0 20 0
1457| 0 24 0
1458| 0 28 0
1459| 0 32 0
1460| 0 36 0
1461| 0 40 0
1462| 0 43,99999 0
1463| 0 47,99999 0
1464| 0 0 0
1465| 0 0 0
1466| 0 0 0
1467| 0,3 0 0
1468| 0,6 0 0
1469| 0,9 0 0
1470| 1,2 0 0
1471| 1,5 0 0
1472| 1,8 0 0
1473| 2,1 0 0
1474| 2,4 0 0
1475| 2,7 0 0
1476| 3 0 0
1477| 3,299999 0 0
1478| 3,599999 0 0
1479| 3,899999 0 0
1480| 4,2 0 0
1481| 0 0 0
1482| 0 0 0
1483| 0 0 0
1484| 0 0 0
1485| 0 0 0
1486| 0 0 0
1487| 0 0 0
1488| 0 0 0
1489| 0 0 0
1490| 0 4 0
1491| 0 8 0
1492| 0 12 0
1493| 0 16 0
1494| 0 20 0
1495| 0 24 0
1496| 0 28 0
1497| 0 32 0
1498| 0 36 0
1499| 0 40 0
1500| 0 43,99999 0
1501| 0 47,99999 0
1502| 0 51,99999 0
1503| 0 55,99999 0
1504| 0 60 0
1505| 0 64 0
1506| 0 68 0
1507| 0 72 0
1508| 0 76,00001 0
1509| 0 80,00001 0
1510| 0 84,00001 0
1511| 0 88,00002 0
1512| 0 92,00002 0
1513| 0 96,00002 0
1514| 0 100 0
1515| 0 104 0
1516| 0 108 0
1517| 0 112 0
1518| 0 116 0
1519| 0 120 0
1520| 0 124 0
1521| 0 128 0
1522| 0 132 0
1523| 0 136 0
1524| 0 140 0
1525| 0 144 0
1526| 0 148 0
1527| 0 152 0
1528| 0 156 0
1529| 0 160 0
1530| 0 164 0
1531| 0 168 0
1532| 0 171,9999 0
1533| 0 175,9999 0
1534| 0 179,9999 0
1535| 0 183,9999 0
1536| 0,3 187,9999 0
1537| 0,6 191,9999 0
1538| 0,9 195,9999 0
1539| 1,2 199,9999 0
1540| 1,5 203,9999 0
1541| 1,8 207,9999 0
1542| 2,1 211,9999 0
1543| 2,4 215,9999 0
1544| 2,4 219,9999 0
1545| 2,4 223,9999 0
1546| 2,4 227,9999 0
1547| 2,4 231,9999 0
1548| 2,4 235,9999 0
1549| 2,4 239,9999 0
1550| 2,4 243,9999 0
1551| 2,4 247,9999 0
1552| 2,4 251,9999 0
1553| 2,4 255,9999 0
1554| 2,4 259,9999 0
1555| 2,4 263,9999 0
1556| 2,4 267,9999 0
1557| 2,4 271,9998 0
1558| 2,4 275,9998 0
1559| 2,4 279,9998 0
1560| 2,4 283,9998 0
1561| 2,4 287,9998 0
1562| 2,4 291,9998 0
1563| 2,4 295,9998 0
1564| 2,4 299,9998 0
1565| 2,4 303,9998 0
1566| 2,4 307,9998 0
1567| 2,7 311,9998 0
1568| 3 315,9998 0
1569| 3,299999 319,9998 0
1570| 3,599999 323,9998 0
1571| 3,899999 327,9998 0
1572| 4,2 331,9998 0
1573| 4,5 335,9998 0
1574| 4,8 339,9998 0
1575| 5,1 343,9998 0
1576| 5,4 347,9998 0
1577| 5,4 351,9998 0
1578| 5,4 355,9998 0
1579| 5,4 359,9998 0
1580| 5,4 363,9998 0
1581| 5,4 367,9998 0
1582| 5,4 371,9998 0
1583| 5,4 375,9998 0
1584| 5,4 379,9998 0
1585| 5,4 383,9998 0
1586| 5,4 387,9998 0
1587| 5,4 391,9998 0
1588| 5,4 395,9998 0
1589| 5,4 399,9997 0
1590| 5,4 400 0
1591| 5,4 400 0
1592| 5,4 400 0
1593| 5,4 400 0
1594| 5,4 400 0
1595| 5,4 400 0
1596| 5,4 400 0
1597| 5,4 400 0
1598| 5,4 400 0
1599| 5,4 400 0
1600| 5,4 400 0
1601| 5,4 400 0
1602| 5,4 400 0
1603| 5,4 400 0
1604| 5,4 400 0
1605| 5,4 400 0
1606| 5,4 400 0
1607| 5,4 400 0
1608| 5,4 400 0
1609| 5,4 400 0
1610| 5,4 400 0
1611| 5,4 400 0
1612| 0 400 0
1613| -0,3 400 0
1614| -0,6 400 0
1615| -0,9 400 0
1616| -1,2 400 0
1617| -1,5 400 0
1618| -1,8 400 0
1619| -2,1 400 0
1620| -2,4 400 0
1621| -2,4 400 0
1622| -2,4 400 0
1623| -2,4 400 0
1624| -2,4 400 0
1625| -2,4 400 0
1626| -2,4 400 0
1627| -2,4 400 0
1628| -2,4 400 0
1629| -2,4 400 0
1630| -2,4 400 0
1631| -2,4 400 0
1632| -2,4 400 0
1633| -2,4 400 0
1634| -2,4 400 0
1635| -2,4 400 0
1636| -2,4 400 0
1637| -2,4 400 0
1638| -2,4 400 0
1639| -2,4 400 0
1640| -2,4 400 0
1641| -2,4 400 0
1642| -2,4 400 0
1643| -2,4 400 0
1644| -2,4 400 0
1645| -2,4 400 0
1646| -2,4 400 0
1647| -2,4 400 0
1648| -2,4 400 0
1649| -2,4 400 0
1650| -2,4 400 0
1651| -2,4 400 0
1652| -2,4 400 0
1653| -2,4 400 0
1654| -2,4 400 0
1655| -2,4 400 0
1656| -2,4 400 0
1657| -2,4 400 0
1658| -2,4 400 0
1659| -2,4 400 0
1660| -2,4 400 0
1661| -2,4 400 0
1662| -2,4 400 0
1663| -2,4 400 0
1664| -2,4 400 0
1665| -2,4 400 0
1666| -2,4 400 0
1667| -2,4 400 0
1668| -2,4 400 0
1669| -2,4 400 0
1670| -2,4 400 0
1671| -2,4 400 0
1672| -2,4 400 0
1673| -2,4 400 0
1674| -2,4 400 0
1675| -2,4 400 0
1676| -2,4 400 0
1677| -2,4 400 0
1678| -2,4 400 0
1679| -2,4 400 0
1680| -2,4 400 0
1681| -2,4 400 0
1682| -2,4 400 0
1683| -2,4 400 0
1684| -2,4 400 0
1685| -2,4 400 0
1686| -2,4 400 0
1687| -2,4 400 0
1688| -2,4 400 0
1689| -2,4 400 0
1690| -2,4 400 0
1691| 0 400 0
1692| 0,3 400 0
1693| 0,6 400 0
1694| 0,9 400 0
1695| 1,2 400 0
1696| 1,5 400 0
1697| 1,8 400 0
1698| 2,1 400 0
1699| 2,4 400 0
1700| 2,7 400 0
1701| 3 400 0
1702| 3,299999 400 0
1703| 3,599999 400 0
1704| 3,899999 400 0
1705| 4,2 400 0
1706| 4,5 400 0
1707| 4,8 400 0
1708| 5,1 400 0
1709| 5,4 400 0
1710| 5,7 400 0
1711| 6 400 0
1712| 6,300001 400 0
1713| 6,600001 400 0
1714| 6,900001 400 0
1715| 7,200001 400 0
1716| 7,500001 400 0
1717| 7,800001 400 0
1718| 8,1 400 0
1719| 8,4 400 0
1720| 8,7 400 0
1721| 8,999999 400 0
1722| 9,299999 400 0
1723| 9,599998 400 0
1724| 9,599998 400 0
1725| 9,599998 400 0
1726| 9,599998 400 0
1727| 9,599998 400 0
1728| 9,599998 400 0
1729| 9,599998 400 0
1730| 9,599998 400 0
1731| 9,599998 400 0
1732| 9,599998 400 0
1733| 9,599998 400 0
1734| 9,599998 400 0
1735| 9,599998 400 0
1736| 9,599998 400 0
1737| 9,599998 400 0
1738| 9,599998 400 0
1739| 9,599998 400 0
1740| 9,599998 400 0
1741| 9,599998 400 0
1742| 9,599998 400 0
1743| 9,599998 400 0
1744| 9,599998 400 0
1745| 9,599998 400 0
1746| 9,599998 400 0
1747| 9,599998 400 0
1748| 9,599998 400 0
1749| 9,599998 400 0
1750| 9,599998 400 0
1751| 9,599998 400 0
1752| 9,599998 400 0
1753| 9,599998 400 0
1754| 9,599998 400 0
1755| 9,599998 400 0
1756| 9,599998 400 0
1757| 9,599998 400 0
1758| 0 0 0
1759| 0 0 0
1760| 0 0 0
1761| 0 0 0
1762| 0 0 0
1763| 0 0 0
1764| 0 0 0
1765| 0 0 0
1766| 0 0 0
1767| 0 0 0
1768| 0 4 0
1769| 0 8 0
1770| 0 12 0
1771| 0 16 0
1772| 0 20 0
1773| 0 24 0
1774| 0 28 0
1775| 0 32 0
1776| 0 36 0
1777| 0 40 0
1778| 0 43,99999 0
1779| 0 47,99999 0
1780| 0 51,99999 0
1781| 0 55,99999 0
1782| 0 60 0
1783| 0 64 0
1784| 0 68 0
1785| 0 72 0
1786| 0 76,00001 0
1787| 0 80,00001 0
1788| 0 84,00001 0
1789| 0 88,00002 0
1790| 0 92,00002 0
1791| 0 96,00002 0
1792| 0 100 0
1793| 0 104 0
1794| 0 108 0
1795| 0 112 0
1796| 0 116 0
1797| 0 120 0
1798| 0 124 0
1799| 0 128 0
1800| 0 132 0
1801| 0 136 0
1802| 0 140 0
1803| 0 144 0
1804| 0 148 0
1805| 0 152 0
1806| 0 156 0
1807| 0 160 0
1808| 0 164 0
1809| 0 168 0
1810| 0 171,9999 0
1811| 0 175,9999 0
1812| 0 179,9999 0
1813| 0 183,9999 0
1814| 0 187,9999 0
1815| 0 191,9999 0
1816| 0 195,9999 0
1817| 0 199,9999 0
1818| 0 203,9999 0
1819| 0 207,9999 0
1820| 0 211,9999 0
1821| 0 215,9999 0
1822| 0 219,9999 0
1823| 0 223,9999 0
1824| 0 227,9999 0
1825| 0 231,9999 0
1826| 0 235,9999 0
1827| 0 239,9999 0
1828| 0 243,9999 0
1829| 0 247,9999 0
1830| 0 251,9999 0
1831| 0 255,9999 0
1832| 0 259,9999 0
1833| 0 263,9999 0
1834| 0 267,9999 0
1835| 0 271,9998 0
1836| 0 275,9998 0
1837| 0 279,9998 0
1838| 0 283,9998 0
1839| 0 287,9998 0
1840| 0 291,9998 0
1841| 0 295,9998 0
1842| 0 299,9998 0
1843| 0 303,9998 0
1844| 0 307,9998 0
1845| 0 311,9998 0
1846| 0 315,9998 0
1847| 0 319,9998 0
1848| 0 323,9998 0
1849| 0 327,9998 0
1850| 0 331,9998 0
1851| 0 335,9998 0
1852| 0 339,9998 0
1853| 0 343,9998 0
1854| 0 347,9998 0
1855| 0 351,9998 0
1856| 0 355,9998 0
1857| 0 359,9998 0
1858| 0 363,9998 0
1859| 0 367,9998 0
1860| 0 371,9998 0
1861| 0 375,9998 0
1862| 0 379,9998 0
1863| 0 383,9998 0
1864| 0 387,9998 0
1865| 0 391,9998 0
1866| 0 395,9998 0
1867| 0 399,9997 0
1868| 0 400 0
1869| 0 400 0
1870| 0 400 0
1871| 0 400 0
1872| 0 400 0
1873| 0 400 0
1874| 0 400 0
1875| 0 400 0
1876| 0 400 0
1877| 0 400 0
1878| 0 400 0
1879| 0 400 0
1880| 0 400 0
1881| 0 400 0
1882| 0 400 0
1883| 0 400 0
1884| 0 400 0
1885| 0 400 0
1886| 0 400 0
1887| 0 400 0
1888| 0 400 0
1889| 0 400 0
1890| 0 400 0
1891| 0 400 0
1892| 0 400 0
1893| 0 400 0
1894| 0 400 0
1895| 0 400 0
1896| 0 400 0
1897| 0 400 0
1898| 0 400 0
1899| 0 400 0
1900| 0 400 0
1901| 0 400 0
1902| 0 400 0
1903| 0 400 0
1904| 0 400 0
1905| 0 400 0
1906| 0 400 0
1907| 0 400 0
1908| 0 400 0
1909| 0 400 0
1910| 0 400 0
1911| 0 400 0
1912| 0 400 0
1913| 0 400 0
1914| 0 400 0
1915| 0 400 0
1916| 0 400 0
1917| 0 400 0
1918| 0 400 0
1919| 0 400 0
1920| 0 400 0
1921| 0 400 0
1922| 0 400 0
1923| 0 400 0
1924| 0 400 0
1925| 0 400 0
1926| 0 400 0
1927| 0 400 0
1928| 0 400 0
1929| 0 400 0
1930| 0 400 0
1931| 0 400 0
1932| 0 400 0
1933| 0 400 0
1934| 0 400 0
1935| 0 400 0
1936| 0 400 0
1937| 0 400 0
1938| 0 400 0
1939| 0 400 0
1940| 0 400 0
1941| 0 400 0
1942| 0 400 0
1943| 0 400 0
1944| 0 400 0
1945| 0 400 0
1946| 0 400 0
1947| 0 400 0
1948| 0 400 0
1949| 0 400 0
1950| 0 400 0
1951| 0 400 0
1952| 0 400 0
1953| 0 400 0
1954| 0 400 0
1955| 0 400 0
1956| 0 400 0
1957| 0 400 0
1958| 0 400 0
1959| 0 400 0
1960| 0 400 0
1961| 0 400 0
1962| 0 400 0
1963| 0 400 0
1964| 0 400 0
1965| 0 400 0
1966| 0 400 0
1967| 0 400 0
1968| 0 400 0
1969| 0 400 0
1970| 0 400 0
1971| 0 400 0
1972| 0 400 0
1973| 0 400 0
1974| 0 400 0
1975| 0 400 0
1976| 0 400 0
1977| 0 400 0
1978| 0 400 0
1979| 0 400 0
1980| 0 400 0
1981| 0 400 0
1982| 0 400 0
1983| 0 400 0
1984| 0 400 0
1985| 0 400 0
1986| 0 400 0
1987| 0 400 0
1988| 0 400 0
1989| 0 400 0
1990| 0 400 0
1991| 0 400 0
1992| 0 400 0
1993| 0 400 0
1994| 0 400 0
1995| 0 400 0
1996| 0 400 0
1997| 0 400 0
1998| 0 400 0
1999| 0 400 0
2000| 0 400 0
2001| 0 400 0
2002| 0 400 0
2003| 0 400 0
2004| 0 400 0
2005| 0 400 0
2006| 0 400 0
2007| 0 400 0
2008| 0 400 0
2009| 0 400 0
2010| 0 400 0
2011| 0 400 0
2012| 0 400 0
2013| 0 400 0
2014| 0 400 0
2015| 0 400 0
2016| 0 400 0
2017| 0 400 0
2018| 0 400 0
2019| 0 400 0
2020| 0 400 0
2021| 0 400 0
2022| 0 400 0
2023| 0 400 0
2024| 0 400 0
2025| 0 400 0
2026| 0 400 0
2027| 0 400 0
2028| 0 400 0
2029| 0 400 0
2030| 0 400 0
2031| 0 400 0
2032| 0 400 0
2033| 0 400 0
2034| 0 400 0
2035| 0 400 0
2036| 0 400 0
2037| 0 400 0
2038| 0 400 0
2039| 0 400 0
2040| -0,3 400 0
2041| -0,6 400 0
2042| -0,9 400 0
2043| -1,2 400 0
2044| -1,5 400 0
2045| -1,8 400 0
2046| -2,1 400 0
2047| -2,4 400 0
2048| -2,7 400 0
2049| -3 400 0
2050| -3,299999 400 0
2051| -3,599999 400 0
2052| -3,899999 400 0
2053| -4,2 400 0
2054| -4,5 400 0
2055| -4,8 400 0
2056| -5,1 400 0
2057| -5,4 400 0
2058| -5,7 400 0
2059| -6 400 0
2060| -6,300001 400 0
2061| -6,600001 400 0
2062| -6,900001 400 0
2063| -7,200001 400 0
2064| -7,500001 400 0
2065| -7,500001 400 0
2066| -7,500001 400 0
2067| -7,500001 400 0
2068| -7,500001 400 0
2069| -7,500001 400 0
2070| -7,500001 400 0
2071| -7,500001 400 0
2072| -7,500001 400 0
2073| -7,500001 400 0
2074| -7,500001 400 0
2075| -7,500001 400 0
2076| -7,500001 400 0
2077| -7,500001 400 0
2078| -7,500001 400 0
2079| -7,500001 400 0
2080| -7,500001 400 0
2081| -7,500001 400 0
2082| -7,500001 400 0
2083| -7,500001 400 0
2084| -7,500001 400 0
2085| -7,500001 400 0
2086| -7,500001 400 0
2087| -7,500001 400 0
2088| -7,500001 400 0
2089| -7,500001 400 0
2090| -7,500001 400 0
2091| -7,500001 400 0
2092| -7,500001 400 0
2093| -7,500001 400 0
2094| -7,500001 400 0
2095| -7,500001 400 0
2096| -7,500001 400 0
2097| -7,500001 400 0
2098| -7,500001 400 0
2099| -7,500001 400 0
2100| -7,500001 400 0
2101| -7,500001 400 0
2102| -7,500001 400 0
2103| -7,500001 400 0
2104| -7,500001 400 0
2105| -7,500001 400 0
2106| -7,500001 400 0
2107| -7,500001 400 0
2108| -7,500001 400 0
2109| -7,500001 400 0
2110| -7,500001 400 0
2111| -7,500001 400 0
2112| -7,500001 400 0
2113| -7,500001 400 0
2114| 0 400 0
2115| 0,3 400 0
2116| 0,6 400 0
2117| 0,9 400 0
2118| 1,2 400 0
2119| 1,5 400 0
2120| 1,8 400 0
2121| 2,1 400 0
2122| 2,4 400 0
2123| 2,7 400 0
2124| 2,7 400 0
2125| 2,7 400 0
2126| 2,7 400 0
2127| 2,7 400 0
2128| 2,7 400 0
2129| 2,7 400 0
2130| 2,7 400 0
2131| 2,7 400 0
2132| 2,7 400 0
2133| 2,7 400 0
2134| 2,7 400 0
2135| 2,7 400 0
2136| 2,7 400 0
2137| 2,7 400 0
2138| 2,7 400 0
2139| 2,7 400 0
2140| 2,7 400 0
2141| 2,7 400 0
2142| 2,7 400 0
2143| 2,7 400 0
2144| 2,7 400 0
2145| 2,7 400 0
2146| 2,7 400 0
2147| 2,7 400 0
2148| 2,7 400 0
2149| 2,7 400 0
2150| 2,7 400 0
2151| 2,7 400 0
2152| 2,7 400 0
2153| 2,7 400 0
2154| 2,7 400 0
2155| 2,7 400 0
2156| 2,7 400 0
2157| 2,7 400 0
2158| 2,7 400 0
2159| 2,7 400 0
2160| 2,7 400 0
2161| 2,7 400 0
2162| 2,7 400 0
2163| 2,7 400 0
2164| 2,7 400 0
2165| 2,7 400 0
2166| 2,7 400 0
2167| 2,7 400 0
2168| 2,7 400 0
2169| 2,7 400 0
2170| 2,7 400 0
2171| 2,7 400 0
2172| 2,7 400 0
2173| 2,7 400 0
2174| 2,7 400 0
2175| 2,7 400 0
2176| 2,7 400 0
2177| 2,7 400 0
2178| 2,7 400 0
2179| 2,7 400 0
2180| 2,7 400 0
2181| 2,7 400 0
2182| 2,7 400 0
2183| 2,7 400 0
2184| 2,7 400 0
2185| 2,7 400 0
2186| 2,7 400 0
2187| 2,7 400 0
2188| 2,7 400 0
2189| 2,7 400 0
2190| 2,7 400 0
2191| 2,7 400 0
2192| 2,7 400 0
2193| 2,7 400 0
2194| 2,7 400 0
2195| 2,7 400 0
2196| 2,7 400 0
2197| 2,7 400 0
2198| 2,7 400 0
2199| 2,7 400 0
2200| 2,7 400 0
2201| 2,7 400 0
2202| 2,7 400 0
2203| 2,7 400 0
2204| 2,7 400 0
2205| 2,7 400 0
2206| 2,7 400 0
2207| 2,7 400 0
2208| 2,7 400 0
2209| 2,7 400 0
2210| 2,7 400 0
2211| 2,7 400 0
2212| 2,7 400 0
2213| 2,7 400 0
2214| 2,7 400 0
2215| 2,7 400 0
2216| 2,7 400 0
2217| 2,7 400 0
2218| 2,7 400 0
2219| 2,7 400 0
2220| 2,7 400 0
2221| 2,7 400 0
2222| 2,7 400 0
2223| 2,7 400 0
2224| 2,7 400 0
2225| 2,7 400 0
2226| 2,7 400 0
2227| 2,7 400 0
2228| 2,7 400 0
2229| 2,7 400 0
2230| 2,7 400 0
2231| 2,7 400 0
2232| 2,7 400 0
2233| 2,7 400 0
2234| 2,7 400 0
2235| 2,7 400 0
2236| 2,7 400 0
2237| 2,7 400 0
2238| 2,7 400 0
2239| 2,7 400 0
2240| 2,7 400 0
2241| 2,7 400 0
2242| 2,7 400 0
2243| 2,7 400 0
2244| 2,7 400 0
2245| 2,7 400 0
2246| 2,7 400 0
2247| 2,7 400 0
2248| 2,7 400 0
2249| 2,7 400 0
2250| 2,7 400 0
2251| 2,7 400 0
2252| 2,7 400 0
2253| 2,7 400 0
2254| 2,7 400 0
2255| 2,7 400 0
2256| 2,7 400 0
2257| 2,7 400 0
2258| 2,7 400 0
2259| 2,7 400 0
2260| 2,7 400 0
2261| 2,7 400 0
2262| 2,7 400 0
2263| 2,7 400 0
2264| 2,7 400 0
2265| 2,7 400 0
2266| 2,7 400 0
2267| 2,7 400 0
2268| 2,7 400 0
2269| 2,7 400 0
2270| 2,7 400 0
2271| 2,7 400 0
2272| 2,7 400 0
2273| 2,7 400 0
2274| 2,7 400 0
2275| 2,7 400 0
2276| 2,7 400 0
2277| 2,7 400 0
2278| 2,7 400 0
2279| 2,7 400 0
2280| 2,7 400 0
2281| 2,7 400 0
2282| 2,7 400 0
2283| 0 400 0
2284| -0,3 400 0
2285| -0,6 400 0
2286| -0,9 400 0
2287| -1,2 400 0
2288| -1,5 400 0
2289| -1,8 400 0
2290| -2,1 400 0
2291| -2,4 400 0
2292| -2,7 400 0
2293| -3 400 0
2294| -3,299999 400 0
2295| -3,599999 400 0
2296| -3,899999 400 0
2297| -4,2 400 0
2298| -4,5 400 0
2299| -4,5 400 0
2300| -4,5 400 0
2301| -4,5 400 0
2302| -4,5 400 0
2303| -4,5 400 0
2304| -4,5 400 0
2305| -4,5 400 0
2306| -4,5 400 0
2307| -4,5 400 0
2308| -4,5 400 0
2309| -4,5 400 0
2310| -4,5 400 0
2311| -4,5 400 0
2312| -4,5 400 0
2313| -4,5 400 0
2314| -4,5 400 0
2315| -4,5 400 0
2316| -4,5 400 0
2317| -4,5 400 0
2318| -4,5 400 0
2319| -4,5 400 0
2320| -4,5 400 0
2321| -4,5 400 0
2322| -4,5 400 0
2323| -4,5 400 0
2324| -4,5 400 0
2325| -4,5 400 0
2326| -4,5 400 0
2327| -4,5 400 0
2328| -4,5 400 0
2329| -4,5 400 0
2330| -4,5 400 0
2331| 0 400 0
2332| 0,3 400 0
2333| 0,6 400 0
2334| 0,9 400 0
2335| 1,2 400 0
2336| 1,5 400 0
2337| 1,8 400 0
2338| 2,1 400 0
2339| 2,4 400 0
2340| 2,4 400 0
2341| 2,4 400 0
2342| 2,4 400 0
2343| 2,4 400 0
2344| 2,4 400 0
2345| 2,4 400 0
2346| 2,4 400 0
2347| 2,4 400 0
2348| 2,4 400 0
2349| 2,4 400 0
2350| 2,4 400 0
2351| 2,4 400 0
2352| 2,4 400 0
2353| 2,4 400 0
2354| 2,4 400 0
2355| 2,4 400 0
2356| 2,4 400 0
2357| 2,4 400 0
2358| 2,4 400 0
2359| 2,4 400 0
2360| 2,4 400 0
2361| 2,4 400 0
2362| 2,4 400 0
2363| 2,4 400 0
2364| 2,4 400 0
2365| 2,4 400 0
2366| 2,4 400 0
2367| 2,4 400 0
2368| 2,4 400 0
2369| 2,4 400 0
2370| 2,4 400 0
2371| 2,4 400 0
2372| 2,4 400 0
2373| 2,4 400 0
2374| 2,4 400 0
2375| 2,4 400 0
2376| 2,4 400 0
2377| 2,4 400 0
2378| 2,4 400 0
2379| 2,4 400 0
2380| 2,4 400 0
2381| 2,4 400 0
2382| 2,4 400 0
2383| 2,4 400 0
2384| 2,4 400 0
2385| 2,4 400 0
2386| 2,4 400 0
2387| 2,4 400 0
2388| 2,4 400 0
2389| 2,4 400 0
2390| 2,4 400 0
2391| 2,4 400 0
2392| 2,4 400 0
2393| 2,4 400 0
2394| 2,4 400 0
2395| 2,4 400 0
2396| 2,4 400 0
2397| 2,4 400 0
2398| 2,4 400 0
2399| 2,4 400 0
2400| 2,4 400 0
2401| 2,4 400 0
2402| 2,4 400 0
2403| 2,4 400 0
2404| 2,4 400 0
2405| 2,4 400 0
2406| 2,4 400 0
2407| 2,4 400 0
2408| 2,4 400 0
2409| 2,4 400 0
2410| 2,4 400 0
2411| 2,4 400 0
2412| 2,4 400 0
2413| 2,4 400 0
2414| 2,4 400 0
2415| 2,4 400 0
2416| 2,4 400 0
2417| 2,4 400 0
2418| 2,4 400 0
2419| 2,4 400 0
2420| 2,4 400 0
2421| 2,4 400 0
2422| 2,4 400 0
2423| 2,4 400 0
2424| 2,4 400 0
2425| 2,4 400 0
2426| 2,4 400 0
2427| 2,4 400 0
2428| 2,4 400 0
2429| 2,4 400 0
2430| 2,4 400 0
2431| 2,4 400 0
2432| 2,4 400 0
2433| 2,4 400 0
2434| 2,4 400 0
2435| 2,4 400 0
2436| 2,4 400 0
2437| 2,4 400 0
2438| 2,4 400 0
2439| 2,4 400 0
2440| 2,4 400 0
2441| 2,4 400 0
2442| 2,4 400 0
2443| 2,4 400 0
2444| 2,4 400 0
2445| 2,4 400 0
2446| 2,4 400 0
2447| 2,4 400 0
2448| 2,4 400 0
2449| 2,4 400 0
2450| 2,4 400 0
2451| 2,4 400 0
2452| 2,4 400 0
2453| 2,4 400 0
2454| 2,4 400 0
2455| 2,4 400 0
2456| 2,4 400 0
2457| 2,4 400 0
2458| 2,4 400 0
2459| 2,4 400 0
2460| 2,4 400 0
2461| 2,4 400 0
2462| 2,4 400 0
2463| 2,4 400 0
2464| 2,4 400 0
2465| 2,4 400 0
2466| 2,4 400 0
2467| 2,4 400 0
2468| 2,4 400 0
2469| 2,4 400 0
2470| 2,4 400 0
2471| 2,4 400 0
2472| 0 400 0
2473| -0,3 400 0
2474| -0,6 400 0
2475| -0,9 400 0
2476| -1,2 400 0
2477| -1,5 400 0
2478| -1,8 400 0
2479| -2,1 400 0
2480| -2,4 400 0
2481| -2,7 400 0
2482| -3 400 0
2483| -3,299999 400 0
2484| -3,599999 400 0
2485| -3,899999 400 0
2486| -4,2 400 0
2487| -4,5 400 0
2488| -4,8 400 0
2489| -5,1 400 0
2490| -5,4 400 0
2491| -5,7 400 0
2492| -6 400 0
2493| -6,300001 400 0
2494| -6,600001 400 0
2495| -6,900001 400 0
2496| -7,200001 400 0
2497| -7,500001 400 0
2498| -7,800001 400 0
2499| -8,1 400 0
2500| -8,4 400 0
2501| -8,7 400 0
2502| -8,999999 400 0
2503| -9,299999 400 0
2504| -9,599998 400 0
2505| -9,899999 400 0
2506| -10,2 400 0
2507| -10,5 400 0
2508| -10,8 400 0
2509| -11,1 400 0
2510| -11,4 400 0
2511| -11,7 400 0
2512| -11,7 400 0
2513| -11,7 400 0
2514| -11,7 400 0
2515| -11,7 400 0
2516| -11,7 400 0
2517| -11,7 400 0
2518| -11,7 400 0
2519| -11,7 400 0
2520| -11,7 400 0
2521| -11,7 400 0
2522| -11,7 400 0
2523| -11,7 400 0
2524| -11,7 400 0
2525| -11,7 400 0
2526| -11,7 400 0
2527| -11,7 400 0
2528| -11,7 400 0
2529| -11,7 400 0
2530| -11,7 400 0
2531| -11,7 400 0
2532| -11,7 400 0
2533| -11,7 400 0
2534| -11,7 400 0
2535| -11,7 400 0
2536| -11,7 400 0
2537| -11,7 400 0
2538| -11,7 400 0
2539| -11,7 400 0
2540| -11,7 400 0
2541| -11,7 400 0
2542| -11,7 400 0
2543| -11,7 400 0
2544| -11,7 400 0
2545| -11,7 400 0
2546| -11,7 400 0
2547| -11,7 400 0
2548| -11,7 400 0
2549| -11,7 400 0
2550| -11,7 400 0
2551| -11,7 400 0
2552| -11,7 400 0
2553| -11,7 400 0
2554| -11,7 400 0
2555| -11,7 400 0
2556| -11,7 400 0
2557| -11,7 400 0
2558| -11,7 400 0
2559| -11,7 400 0
2560| -11,7 400 0
2561| -11,7 400 0
2562| -11,7 400 0
2563| -11,7 400 0
2564| -11,7 400 0
2565| -11,7 400 0
2566| -11,7 400 0
2567| -11,7 400 0
2568| -11,7 400 0
2569| -11,7 400 0
2570| -11,7 400 0
2571| -11,7 400 0
2572| -11,7 400 0
2573| -11,7 400 0
2574| -11,7 400 0
2575| -11,7 400 0
2576| -11,7 400 0
2577| -11,7 400 0
2578| -11,7 400 0
2579| -11,7 400 0
2580| -11,7 400 0
2581| -11,7 400 0
2582| -11,7 400 0
2583| -11,7 400 0
2584| -11,7 400 0
2585| -11,7 400 0
2586| 0 400 0
2587| 0,3 400 0
2588| 0,6 400 0
2589| 0,9 400 0
2590| 1,2 400 0
2591| 1,5 400 0
2592| 1,8 400 0
2593| 2,1 400 0
2594| 2,4 400 0
2595| 2,7 400 0
2596| 3 400 0
2597| 3 400 0
2598| 3 400 0
2599| 3 400 0
2600| 3 400 0
2601| 3 400 0
2602| 3 400 0
2603| 3 400 0
2604| 3 400 0
2605| 3 400 0
2606| 3 400 0
2607| 3 400 0
2608| 3 400 0
2609| 3 400 0
2610| 3 400 0
2611| 3 400 0
2612| 3 400 0
2613| 3 400 0
2614| 3 400 0
2615| 3 400 0
2616| 3 400 0
2617| 3 400 0
2618| 3 400 0
2619| 3 400 0
2620| 3 400 0
2621| 3 400 0
2622| 3 400 0
2623| 3 400 0
2624| 3 400 0
2625| 3 400 0
2626| 3 400 0
2627| 3 400 0
2628| 3 400 0
2629| 3 400 0
2630| 3 400 0
2631| 3 400 0
2632| 3 400 0
2633| 3 400 0
2634| 3 400 0
2635| 3 400 0
2636| 3 400 0
2637| 3 400 0
2638| 3 400 0
2639| 3 400 0
2640| 3 400 0
2641| 3 400 0
2642| 3 400 0
2643| 3 400 0
2644| 3 400 0
2645| 3 400 0
2646| 3 400 0
2647| 3 400 0
2648| 3 400 0
2649| 3 400 0
2650| 3 400 0
2651| 3 400 0
2652| 3 400 0
2653| 3 400 0
2654| 3 400 0
2655| 3 400 0
2656| 3 400 0
2657| 3 400 0
2658| 3 400 0
2659| 3 400 0
2660| 3 400 0
2661| 3 400 0
2662| 3 400 0
2663| 3 400 0
2664| 3 400 0
2665| 3 400 0
2666| 3 400 0
2667| 3 400 0
2668| 3 400 0
2669| 3 400 0
2670| 3 400 0
2671| 3 400 0
2672| 3 400 0
2673| 3 400 0
2674| 3 400 0
2675| 3 400 0
2676| 3 400 0
2677| 3 400 0
2678| 3 400 0
2679| 3 400 0
2680| 3 400 0
2681| 3 400 0
2682| 3 400 0
2683| 3 400 0
2684| 3 400 0
2685| 3 400 0
2686| 3 400 0
2687| 3 400 0
2688| 3 400 0
2689| 3 400 0
2690| 3 400 0
2691| 3 400 0
2692| 3 400 0
2693| 3 400 0
2694| 3 400 0
2695| 3 400 0
2696| 3 400 0
2697| 3 400 0
2698| 3 400 0
2699| 3 400 0
2700| 3 400 0
2701| 3 400 0
2702| 3 400 0
2703| 3 400 0
2704| 3 400 0
2705| 3 400 0
2706| 3 400 0
2707| 3 400 0
2708| 3 400 0
2709| 3 400 0
2710| 3 400 0
2711| 3 400 0
2712| 3 400 0
2713| 3 400 0
2714| 3 400 0
2715| 3 400 0
2716| 3 400 0
2717| 3 400 0
2718| 3 400 0
2719| 3 400 0
2720| 3 400 0
2721| 3 400 0
2722| 3 400 0
2723| 3 400 0
2724| 3 400 0
2725| 3 400 0
2726| 3 400 0
2727| 3 400 0
2728| 3 400 0
2729| 3 400 0
2730| 3 400 0
2731| 3 400 0
2732| 3 400 0
2733| 3 400 0
2734| 3 400 0
2735| 3 400 0
2736| 3 400 0
2737| 3 400 0
2738| 3 400 0
2739| 3 400 0
2740| 3 400 0
2741| 3 400 0
2742| 3 400 0
2743| 3 400 0
2744| 3 400 0
2745| 3 400 0
2746| 3 400 0
2747| 3 400 0
2748| 3 400 0
2749| 3 400 0
2750| 3 400 0
2751| 3 400 0
2752| 3 400 0
2753| 3 400 0
2754| 3 400 0
2755| 3 400 0
2756| 3 400 0
2757| 3 400 0
2758| 3 400 0
2759| 3 400 0
2760| 3 400 0
2761| 3 400 0
2762| 3 400 0
2763| 3 400 0
2764| 3 400 0
2765| 3 400 0
2766| 3 400 0
2767| 3 400 0
2768| 3 400 0
2769| 3 400 0
2770| 3 400 0
2771| 3 400 0
2772| 3 400 0
2773| 3 400 0
2774| 3 400 0
2775| 3 400 0
2776| 3 400 0
2777| 3 400 0
2778| 3 400 0
2779| 3 400 0
2780| 3 400 0
2781| 3 400 0
2782| 0 400 0
2783| -0,3 400 0
2784| -0,6 400 0
2785| -0,9 400 0
2786| -1,2 400 0
2787| -1,5 400 0
2788| -1,8 400 0
2789| -2,1 400 0
2790| -2,4 400 0
2791| -2,7 400 0
2792| -3 400 0
2793| -3,299999 400 0
2794| -3,599999 400 0
2795| -3,899999 400 0
2796| -4,2 400 0
2797| -4,2 400 0
2798| -4,2 400 0
2799| -4,2 400 0
2800| -4,2 400 0
2801| -4,2 400 0
2802| -4,2 400 0
2803| -4,2 400 0
2804| -4,2 400 0
2805| -4,2 400 0
2806| -4,2 400 0
2807| -4,2 400 0
2808| -4,2 400 0
2809| -4,2 400 0
2810| -4,2 400 0
2811| -4,2 400 0
2812| -4,2 400 0
2813| -4,2 400 0
2814| -4,2 400 0
2815| -4,2 400 0
2816| -4,2 400 0
2817| -4,2 400 0
2818| -4,2 400 0
2819| -4,2 400 0
2820| -4,2 400 0
2821| -4,2 400 0
2822| -4,2 400 0
2823| -4,2 400 0
2824| -4,2 400 0
2825| -4,2 400 0
2826| -4,2 400 0
2827| -4,2 400 0
2828| -4,2 400 0
2829| -4,2 400 0
2830| -4,2 400 0
2831| -4,2 400 0
2832| -4,2 400 0
2833| -4,2 400 0
2834| -4,2 400 0
2835| -4,2 400 0
2836| -4,2 400 0
2837| -4,2 400 0
2838| -4,2 400 0
2839| -4,2 400 0
2840| -4,2 400 0
2841| -4,2 400 0
2842| -4,2 400 0
2843| -4,2 400 0
2844| -4,2 400 0
2845| -4,2 400 0
2846| -4,2 400 0
2847| 0 400 0
2848| 0,3 400 0
2849| 0,6 400 0
2850| 0,9 400 0
2851| 1,2 400 0
2852| 1,5 400 0
2853| 1,8 400 0
2854| 1,8 400 0
2855| 1,8 400 0
2856| 1,8 400 0
2857| 1,8 400 0
2858| 1,8 400 0
2859| 1,8 400 0
2860| 1,8 400 0
2861| 1,8 400 0
2862| 1,8 400 0
2863| 1,8 400 0
2864| 1,8 400 0
2865| 1,8 400 0
2866| 1,8 400 0
2867| 1,8 400 0
2868| 1,8 400 0
2869| 1,8 400 0
2870| 2,1 400 0
2871| 2,4 400 0
2872| 2,7 400 0
2873| 3 400 0
2874| 3,299999 400 0
2875| 3,599999 400 0
2876| 3,899999 400 0
2877| 4,2 400 0
2878| 4,2 400 0
2879| 4,2 400 0
2880| 4,2 400 0
2881| 4,2 400 0
2882| 4,2 400 0
2883| 4,2 400 0
2884| 4,2 400 0
2885| 4,2 400 0
2886| 4,2 400 0
2887| 4,2 400 0
2888| 4,2 400 0
2889| 4,2 400 0
2890| 4,2 400 0
2891| 4,2 400 0
2892| 4,2 400 0
2893| 4,2 400 0
2894| 4,2 400 0
2895| 4,2 400 0
2896| 4,2 400 0
2897| 4,2 400 0
2898| 4,2 400 0
2899| 4,2 400 0
2900| 4,2 400 0
2901| 4,2 400 0
2902| 4,2 400 0
2903| 4,2 400 0
2904| 4,2 400 0
2905| 4,2 400 0
2906| 4,2 400 0
2907| 4,2 400 0
2908| 4,2 400 0
2909| 4,2 400 0
2910| 4,2 400 0
2911| 4,2 400 0
2912| 4,2 400 0
2913| 4,2 400 0
2914| 4,2 400 0
2915| 4,2 400 0
2916| 4,2 400 0
2917| 4,2 400 0
2918| 4,2 400 0
2919| 4,2 400 0
2920| 4,2 400 0
2921| 0 0 0
2922| 0 0 0
2923| 0 0 0
2924| 0 0 0
2925| 0 0 0
2926| 0 0 0
2927| 0 0 0
2928| 0 0 0
2929| 0 0 0
2930| 0 0 0
2931| 0 0 0
2932| 0 0 0
2933| 0 0 0
2934| 0 0 0
2935| 0 0 0
2936| 0 0 0
2937| 0 0 0
2938| 0 0 0
2939| 0 0 0
2940| 0 0 0
2941| 0 0 0
2942| 0 0 0
2943| 0 0 0
2944| 0 0 0
2945| 0 0 0
2946| 0 0 0
2947| 0 0 0
2948| 0 0 0
2949| 0 0 0
2950| 0 0 0
2951| 0 0 0
2952| 0 0 0
2953| 0 0 0
2954| 0 0 0
2955| 0 0 0
2956| 0 0 0
2957| 0 0 0
2958| 0 0 0
2959| 0 0 0
2960| 0 0 0
2961| 0 0 0
2962| 0 0 0
2963| 0 0 0
2964| 0 0 0
2965| 0 0 0
2966| 0 0 0
2967| 0 0 0
2968| 0 0 0
2969| 0 0 0
2970| 0 0 0
2971| 0 0 0
2972| 0 0 0
2973| 0 0 0
2974| 0 0 0
2975| 0 0 0
2976| 0 0 0
2977| 0 0 0
2978| 0 0 0
2979| 0 0 0
2980| 0 0 0
2981| 0 0 0
2982| 0 0 0
2983| 0 0 0
2984| 0 0 0
2985| 0 0 0
2986| 0 0 0
2987| 0 0 0
2988| 0 0 0
2989| 0 0 0
2990| 0 0 0
2991| 0 0 0
2992| 0 0 0
2993| 0 0 0
2994| 0 0 0
2995| 0 0 0
2996| 0 0 0
2997| 0 0 0
2998| 0 0 0
2999| 0 0 0
3000| 0 0 0
3001| 0 0 0
3002| 0 0 0
3003| 0 0 0
3004| 0 0 0
3005| 0 0 0
3006| 0 0 0
3007| 0 0 0
3008| 0 0 0
3009| 0 0 0
3010| 0 0 0
3011| 0 0 0
3012| 0 0 0
3013| 0 0 0
3014| 0 0 0
3015| 0 0 0
3016| 0 0 0
3017| 0 0 0
3018| 0 0 0
3019| 0 0 0
3020| 0 0 0
3021| 0 0 0
3022| 0 0 0
3023| 0 0 0
3024| 0 0 0
3025| 0 0 0
3026| 0 0 0
3027| 0 0 0
3028| 0 0 0
3029| 0 0 0
3030| 0 0 0
3031| 0 0 0
3032| 0 0 0
3033| 0 0 0
3034| 0 0 0
3035| 0 0 0
3036| 0 0 0
3037| 0 0 0
3038| 0 0 0
3039| 0 0 0
3040| 0 0 0
3041| 0 0 0
3042| 0 0 0
3043| 0 0 0
3044| 0 0 0
3045| 0 0 0
3046| 0 0 0
3047| 0 0 0
3048| 0 0 0
3049| 0 0 0
3050| 0 0 0
3051| 0 0 0
3052| 0 0 0
3053| 0 0 0
3054| 0 0 0
3055| 0 0 0
3056| 0 0 0
3057| 0 0 0
3058| 0 0 0
3059| 0 0 0
3060| 0 0 0
3061| 0 0 0
3062| 0 0 0
3063| 0 0 0
3064| 0 0 0
3065| 0 0 0
3066| 0 0 0
3067| 0 0 0
3068| 0 0 0
3069| 0 0 0
3070| 0 0 0
3071| 0 0 0
3072| 0 0 0
3073| 0 0 0
3074| 0 0 0
3075| 0 0 0
3076| 0 0 0
3077| 0 0 0
3078| 0 0 0
3079| 0 0 0
3080| 0 0 0
3081| 0 0 0
3082| 0 0 0
3083| 0 0 0
3084| 0 0 0
3085| 0 0 0
3086| 0 0 0
3087| 0 0 0
3088| 0 0 0
3089| 0 0 0
3090| 0 0 0
3091| 0 0 0
3092| 0 0 0
3093| 0 0 0
3094| 0 0 0
3095| 0 0 0
3096| 0 0 0
3097| 0 0 0
3098| 0 0 0
3099| 0 0 0
3100| 0 0 0
3101| 0 0 0
3102| 0,3 0 0
3103| 0,6 0 0
3104| 0,9 0 0
3105| 1,2 0 0
3106| 1,5 0 0
3107| 1,8 0 0
3108| 2,1 0 0
3109| 2,4 0 0
3110| 2,7 0 0
3111| 3 0 0
3112| 3,299999 0 0
3113| 3,599999 0 0
3114| 3,899999 0 0
3115| 4,2 0 0
3116| 4,5 0 0
3117| 4,8 0 0
3118| 5,1 0 0
3119| 5,4 0 0
3120| 5,7 0 0
3121| 0 0 0
3122| 0 0 0
3123| 0 0 0
3124| 0 0 0
3125| 0 0 0
3126| 0 0 0
3127| 0 0 0
3128| 0 0 0
3129| 0 0 0
3130| 0 0 0
3131| 0 0 0
3132| 0 0 0
3133| 0 0 0
3134| 0 0 0
3135| 0 0 0
3136| 0 0 0
3137| 0 0 0
3138| 0 0 0
3139| 0 0 0
3140| 0 0 0
3141| 0 0 0
3142| 0 0 0
3143| 0 0 0
3144| 0,3 0 0
3145| 0,6 0 0
3146| 0,9 0 0
3147| 1,2 0 0
3148| 1,5 0 0
3149| 1,8 0 0
3150| 2,1 0 0
3151| 2,4 0 0
3152| 2,7 0 0
3153| 3 0 0
3154| 3,299999 0 0
3155| 3,599999 0 0
3156| 3,899999 0 0
3157| 4,2 0 0
3158| 4,5 0 0
3159| 4,8 0 0
3160| 5,1 0 0
3161| 0 0 0
3162| 0 0 0
3163| 0 0 0
3164| 0 0 0
3165| 0 0 0
3166| 0 0 0
3167| 0 0 0
3168| 0 0 0
3169| 0 0 0
3170| 0 0 0
3171| 0 0 0
3172| 0 0 0
3173| 0 0 0
3174| 0 0 0
3175| 0 0 0
3176| 0 0 0
3177| 0 0 0
3178| 0 0 0
3179| 0 0 0
3180| 0 0 0
3181| 0 0 0
3182| 0 0 0
3183| 0 0 0
3184| 0 0 0
3185| 0 0 0
3186| 0 0 0
3187| 0 0 0
3188| 0 0 0
3189| 0 0 0
3190| 0 0 0
3191| 0 0 0
3192| 0 0 0
3193| 0 0 0
3194| 0 0 0
3195| 0 0 0
3196| 0 0 0
3197| 0 0 0
3198| 0 0 0
3199| 0 0 0
3200| 0 0 0
3201| 0 0 0
3202| 0 0 0
3203| 0 0 0
3204| 0 0 0
3205| 0 0 0
3206| 0 0 0
3207| 0,3 0 0
3208| 0,6 0 0
3209| 0,9 0 0
3210| 1,2 0 0
3211| 1,5 0 0
3212| 1,8 0 0
3213| 2,1 0 0
3214| 2,4 0 0
3215| 2,7 0 0
3216| 3 0 0
3217| 3,299999 0 0
3218| 3,599999 0 0
3219| 3,899999 0 0
3220| 4,2 0 0
3221| 4,5 0 0
3222| 4,8 0 0
3223| 5,1 0 0
3224| 5,4 0 0
3225| 5,7 0 0
3226| 6 0 0
3227| 6,300001 0 0
3228| 6,600001 0 0
3229| 6,900001 0 0
3230| 7,200001 0 0
3231| 7,500001 0 0
3232| 7,800001 0 0
3233| 8,1 0 0
3234| 8,4 0 0
3235| 0 0 0
3236| 0 0 0
3237| 0 0 0
3238| 0 0 0
3239| 0 0 0
3240| 0 0 0
3241| 0 0 0
3242| 0 0 0
3243| 0 0 0
3244| 0 0 0
3245| 0 0 0
3246| 0 0 0
3247| 0 0 0
3248| 0 -4 0
3249| 0 -8 0
3250| 0 -12 0
3251| 0 -16 0
3252| 0 -20 0
3253| 0 -24 0
3254| 0 -28 0
3255| 0 -32 0
3256| 0 -36 0
3257| 0 -40 0
3258| 0 -43,99999 0
3259| 0 -47,99999 0
3260| 0 -51,99999 0
3261| 0 -55,99999 0
3262| 0 -60 0
3263| 0 -64 0
3264| 0 -68 0
3265| 0 -72 0
3266| 0 -76,00001 0
3267| 0 -80,00001 0
3268| 0 -84,00001 0
3269| 0 -88,00002 0
3270| 0 -92,00002 0
3271| 0 -96,00002 0
3272| 0 -100 0
3273| 0 -104 0
3274| 0 -108 0
3275| 0 -112 0
3276| 0 -116 0
3277| 0 -120 0
3278| 0 -124 0
3279| 0 -128 0
3280| 0 -132 0
3281| 0 -136 0
3282| 0 -140 0
3283| 0 -144 0
3284| 0 -148 0
3285| 0 -152 0
3286| 0 -156 0
3287| 0 -160 0
3288| 0 -164 0
3289| 0 -168 0
3290| 0 -171,9999 0
3291| 0 -175,9999 0
3292| 0 -179,9999 0
3293| 0 -183,9999 0
3294| 0 -187,9999 0
3295| 0 -191,9999 0
3296| 0 -195,9999 0
3297| 0 -199,9999 0
3298| 0 -203,9999 0
3299| 0 -207,9999 0
3300| 0 -211,9999 0
3301| 0 -215,9999 0
3302| 0 -219,9999 0
3303| 0 -223,9999 0
3304| 0 -227,9999 0
3305| 0 -231,9999 0
3306| 0 -235,9999 0
3307| 0 -239,9999 0
3308| 0 -243,9999 0
3309| 0 -247,9999 0
3310| 0 -251,9999 0
3311| 0 -255,9999 0
3312| 0 -259,9999 0
3313| 0 -263,9999 0
3314| 0 -267,9999 0
3315| 0 -271,9998 0
3316| 0 -275,9998 0
3317| 0 -279,9998 0
3318| 0 -283,9998 0
3319| 0 -287,9998 0
3320| 0 -291,9998 0
3321| 0 -295,9998 0
3322| 0 -299,9998 0
3323| 0 -303,9998 0
3324| 0 -307,9998 0
3325| 0 -311,9998 0
3326| 0 -315,9998 0
3327| 0 -319,9998 0
3328| 0 -323,9998 0
3329| 0 -327,9998 0
3330| 0 -331,9998 0
3331| 0 -335,9998 0
3332| 0 -339,9998 0
3333| 0 -343,9998 0
3334| 0 -347,9998 0
3335| 0 -351,9998 0
3336| 0 -355,9998 0
3337| 0 -359,9998 0
3338| 0 -363,9998 0
3339| 0 -367,9998 0
3340| 0 -371,9998 0
3341| 0 -375,9998 0
3342| 0 -379,9998 0
3343| 0 -383,9998 0
3344| 0 -387,9998 0
3345| 0 -391,9998 0
3346| 0 -395,9998 0
3347| 0 -399,9997 0
3348| 0 -400 0
3349| 0 -400 0
3350| 0 -400 0
3351| 0 -400 0
3352| 0 -400 0
3353| 0 -400 0
3354| 0 -400 0
3355| 0 -400 0
3356| 0 -400 0
3357| 0 0 0
3358| 0 0 0
3359| 0 0 0
3360| 0 0 0
3361| 0 0 0
3362| 0 0 0
3363| 0 0 0
3364| 0 0 0
3365| 0 0 0
3366| 0 0 0
3367| 0 0 0
3368| 0 0 0
3369| 0 0 0
3370| 0 0 0
3371| 0 0 0
3372| 0 0 0
3373| 0 0 0
3374| 0 0 0
3375| 0 0 0
3376| 0 0 0
3377| 0 0 0
3378| 0 0 0
3379| 0 0 0
3380| 0 0 0
3381| 0 0 0
3382| 0 0 0
3383| 0 0 0
3384| 0 0 0
3385| 0 0 0
3386| 0 0 0
3387| 0 0 0
3388| 0 0 0
3389| 0 0 0
3390| 0 0 0
3391| 0 0 0
3392| 0 0 0
3393| 0 0 0
3394| 0 0 0
3395| 0 0 0
3396| 0 0 0
3397| 0 0 0
3398| 0 0 0
3399| 0 0 0
3400| 0 0 0
3401| 0 0 0
3402| 0 0 0
3403| 0 0 0
3404| 0 0 0
3405| 0 0 0
3406| 0 0 0
3407| 0 0 0
3408| 0 0 0
3409| 0 0 0
3410| 0 0 0
3411| 0 0 0
3412| 0 0 0
3413| 0 0 0
3414| 0 0 0
3415| 0 0 0
3416| 0 0 0
3417| 0 0 0
3418| 0 0 0
3419| 0 0 0
3420| 0 0 0
3421| 0 0 0
3422| 0 0 0
3423| 0 0 0
3424| 0 0 0
3425| 0 0 0
3426| 0 0 0
3427| 0 0 0
3428| 0 0 0
3429| 0 0 0
3430| 0 0 0
3431| 0 0 0
3432| 0 0 0
3433| 0 0 0
3434| 0 0 0
3435| 0 0 0
3436| 0 0 0
3437| 0 0 0
3438| 0 0 0
3439| 0 0 0
3440| 0 0 0
3441| 0 0 0
3442| 0 0 0
3443| 0 0 0
3444| 0 0 0
3445| 0 0 0
3446| 0 0 0
3447| 0 0 0
3448| 0 0 0
3449| 0 0 0
3450| 0 0 0
3451| 0 0 0
3452| 0 0 0
3453| 0 0 0
3454| 0 0 0
3455| 0 0 0
3456| 0 0 0
3457| 0 0 0
3458| 0 0 0
3459| 0 0 0
3460| 0 0 0
3461| 0 0 0
3462| 0 0 0
3463| 0 0 0
3464| 0 0 0
3465| 0 0 0
3466| 0 0 0
3467| 0 0 0
3468| 0 0 0
3469| 0 0 0
3470| 0 0 0
3471| 0 0 0
3472| 0 0 0
3473| 0 0 0
3474| 0 0 0
3475| 0 0 0
3476| 0 0 0
3477| 0 0 0
3478| 0 0 0
3479| 0 0 0
3480| 0 0 0
3481| 0 0 0
3482| 0 0 0
3483| 0 0 0
3484| 0 0 0
3485| 0 0 0
3486| 0 0 0
3487| 0 0 0
3488| 0 0 0
3489| 0 0 0
3490| 0 0 0
3491| 0 0 0
3492| 0 0 0
3493| 0 0 0
3494| 0 0 0
3495| 0 0 0
3496| 0 0 0
3497| 0 0 0
3498| 0 0 0
3499| 0 0 0
3500| 0 0 0
3501| 0 0 0
3502| 0 0 0
3503| 0 0 0
3504| 0 0 0
3505| 0 0 0
3506| 0 0 0
3507| 0 0 0
3508| 0 0 0
3509| 0 0 0
3510| 0 0 0
3511| 0 0 0
3512| 0 0 0
3513| 0 0 0
3514| 0 0 0
3515| 0 0 0
3516| 0 0 0
3517| 0 0 0
3518| 0 0 0
3519| 0 0 0
3520| 0 0 0
3521| 0 0 0
3522| 0 0 0
3523| 0 0 0
3524| 0 0 0
3525| 0 0 0
3526| 0 0 0
3527| 0 0 0
3528| 0 0 0
3529| 0 0 0
3530| 0 0 0
3531| 0 0 0
3532| 0 0 0
3533| 0 0 0
3534| 0 0 0
3535| 0 0 0
3536| 0 0 0
3537| 0 0 0
3538| 0 0 0
3539| 0 0 0
3540| 0 0 0
3541| 0 0 0
3542| 0 0 0
3543| 0 0 0
3544| 0 0 0
3545| 0 0 0
3546| 0 0 0
3547| 0 0 0
3548| 0 0 0
3549| 0 0 0
3550| 0 0 0
3551| 0 0 0
3552| 0 0 0
3553| 0 0 0
3554| 0 0 0
3555| 0 0 0
3556| 0 0 0
3557| 0 0 0
3558| 0 0 0
3559| 0 0 0
3560| 0 0 0
3561| 0 0 0
3562| 0 0 0
3563| 0 0 0
3564| 0 0 0
3565| 0 0 0
3566| 0 0 0
3567| 0 0 0
3568| 0 0 0
3569| 0 0 0
3570| 0 0 0
3571| 0 0 0
3572| 0 0 0
3573| 0 0 0
3574| 0 0 0
3575| 0 0 0
3576| 0 0 0
3577| 0 0 0
3578| 0 0 0
3579| 0 0 0
3580| 0 0 0
3581| 0 0 0
3582| 0 0 0
3583| 0 0 0
3584| 0 0 0
3585| 0 0 0
3586| 0 0 0
3587| 0 0 0
3588| 0 0 0
3589| 0 0 0
3590| 0 0 0
3591| 0 0 0
3592| 0 0 0
3593| 0 0 0
3594| 0 0 0
3595| 0 0 0
3596| 0 0 0
3597| 0 0 0
3598| 0 0 0
3599| 0 0 0
3600| 0 0 0
3601| 0 0 0
3602| 0 0 0
3603| 0 0 0
3604| 0 0 0
3605| 0 0 0
3606| 0 0 0
3607| 0 0 0
3608| 0 0 0
3609| 0 0 0
3610| 0 0 0
3611| 0 0 0
3612| 0 0 0
3613| 0 0 0
3614| 0 0 0
3615| 0 0 0
3616| 0 0 0
3617| 0 0 0
3618| 0 0 0
3619| 0 0 0
3620| 0 0 0
3621| 0 0 0
3622| 0 0 0
3623| 0 0 0
3624| 0 0 0
3625| 0 0 0
3626| 0 0 0
3627| 0 0 0
3628| 0 0 0
3629| 0 0 0
3630| 0 0 0
3631| 0 0 0
3632| 0 0 0
3633| 0 0 0
3634| 0 0 0
3635| 0 0 0
3636| 0 0 0
3637| 0 0 0
3638| 0 0 0
3639| 0 0 0
3640| 0 0 0
3641| 0 0 0
3642| 0 0 0
3643| 0 0 0
3644| 0 0 0
3645| 0 0 0
3646| 0 0 0
3647| 0 0 0
3648| 0 0 0
3649| 0 0 0
3650| 0 0 0
3651| 0 0 0
3652| 0 0 0
3653| 0 0 0
3654| 0 0 0
3655| 0 0 0
3656| 0 0 0
3657| 0 0 0
3658| 0 0 0
3659| 0 0 0
3660| 0 0 0
3661| 0 0 0
3662| 0 0 0
3663| 0 0 0
3664| 0 0 0
3665| 0 0 0
3666| 0 0 0
3667| 0 0 0
3668| 0 0 0
3669| 0 0 0
3670| 0 0 0
3671| 0 0 0
3672| 0 0 0
3673| 0 0 0
3674| 0 0 0
3675| 0 0 0

