1| 0 0 0
2| 0 0 0
3| 0 0 0
4| 0 0 0
5| 0 0 0
6| 0 0 0
7| 0 0 0
8| 0 0 0
9| 0 0 0
10| 0 0 0
11| 0 0 0
12| 0 0 0
13| 0 0 0
14| 0 0 0
15| 0 0 0
16| 0 0 0
17| 0 0 0
18| 0 0 0
19| 0 0 0
20| 0 0 0
21| 0 0 0
22| 0 0 0
23| 0 0 0
24| 0 0 0
25| 0 0 0
26| 0 0 0
27| 0 0 0
28| 0 0 0
29| 0 0 0
30| 0 0 0
31| 0 0 0
32| 0 0 0
33| 0 0 0
34| 0 0 0
35| 0 0 0
36| 0 0 0
37| 0 0 0
38| 0 0 0
39| 0 0 0
40| 0 0 0
41| 0 0 0
42| 0 0 0
43| 0 0 0
44| 0 0 0
45| 0 0 0
46| 0 0 0
47| 0 0 0
48| 0 0 0
49| 0 0 0
50| 0 0 0
51| 0 0 0
52| 0 0 0
53| 0 4 0
54| 0 8 0
55| 0 12 0
56| 0 16 0
57| 0 20 0
58| 0 24 0
59| 0 28 0
60| 0 32 0
61| 0 36 0
62| 0 40 0
63| 0 43,99999 0
64| 0 47,99999 0
65| 0 51,99999 0
66| 0 55,99999 0
67| 0 60 0
68| 0 64 0
69| 0 68 0
70| 0 72 0
71| 0 76,00001 0
72| 0 80,00001 0
73| 0 84,00001 0
74| 0 88,00002 0
75| 0 92,00002 0
76| 0 96,00002 0
77| 0 100 0
78| 0 104 0
79| 0 108 0
80| 0 112 0
81| 0 116 0
82| 0 120 0
83| 0 124 0
84| 0 128 0
85| 0 132 0
86| 0 136 0
87| 0 140 0
88| 0 144 0
89| 0 148 0
90| 0 152 0
91| 0 156 0
92| 0 160 0
93| 0 164 0
94| 0 168 0
95| 0 171,9999 0
96| 0 175,9999 0
97| 0 179,9999 0
98| 0 183,9999 0
99| 0 187,9999 0
100| 0 191,9999 0
101| 0 195,9999 0
102| 0 199,9999 0
103| 0 203,9999 0
104| 0 207,9999 0
105| 0 211,9999 0
106| 0 215,9999 0
107| 0 219,9999 0
108| 0 223,9999 0
109| 0 227,9999 0
110| 0 231,9999 0
111| 0 235,9999 0
112| 0 239,9999 0
113| 0 243,9999 0
114| 0 247,9999 0
115| 0 251,9999 0
116| 0 255,9999 0
117| 0 259,9999 0
118| 0 263,9999 0
119| 0 267,9999 0
120| 0 271,9998 0
121| 0 275,9998 0
122| 0 279,9998 0
123| 0 283,9998 0
124| 0 287,9998 0
125| 0 291,9998 0
126| 0 295,9998 0
127| 0 299,9998 0
128| 0 303,9998 0
129| 0 307,9998 0
130| 0 311,9998 0
131| 0 315,9998 0
132| 0 319,9998 0
133| 0 323,9998 0
134| 0 327,9998 0
135| 0 331,9998 0
136| 0 335,9998 0
137| 0 339,9998 0
138| 0 343,9998 0
139| 0 347,9998 0
140| 0 351,9998 0
141| 0 355,9998 0
142| 0 359,9998 0
143| 0 363,9998 0
144| 0 367,9998 0
145| 0 371,9998 0
146| 0 375,9998 0
147| 0 379,9998 0
148| 0 383,9998 0
149| 0 387,9998 0
150| 0 391,9998 0
151| 0 395,9998 0
152| 0 399,9997 0
153| 0 400 0
154| 0 400 0
155| 0 400 0
156| 0 400 0
157| 0 400 0
158| 0 400 0
159| 0 400 0
160| 0 400 0
161| 0 400 0
162| 0 400 0
163| 0 400 0
164| 0 400 0
165| 0 400 0
166| 0 400 0
167| 0 400 0
168| 0 400 0
169| 0 400 0
170| 0 400 0
171| 0 400 0
172| 0 400 0
173| 0 400 0
174| 0 400 0
175| 0 400 0
176| 0 400 0
177| 0 400 0
178| 0 400 0
179| 0 400 0
180| 0 400 0
181| 0 400 0
182| 0 400 0
183| 0 400 0
184| 0 400 0
185| 0 400 0
186| 0 400 0
187| 0 400 0
188| 0 400 0
189| 0 400 0
190| 0 400 0
191| 0 400 0
192| 0 400 0
193| 0 400 0
194| 0 400 0
195| -0,3 400 0
196| -0,6 400 0
197| -0,9 400 0
198| -1,2 400 0
199| -1,2 400 0
200| -1,2 400 0
201| -1,2 400 0
202| -1,2 400 0
203| -1,2 400 0
204| -1,2 400 0
205| -1,2 400 0
206| -1,2 400 0
207| -1,2 400 0
208| -1,2 400 0
209| -1,2 400 0
210| -1,2 400 0
211| -1,2 400 0
212| -1,5 400 0
213| -1,8 400 0
214| -2,1 400 0
215| -2,1 400 0
216| -2,1 400 0
217| -2,1 400 0
218| -2,1 400 0
219| -2,1 400 0
220| -2,1 400 0
221| -2,1 400 0
222| 0 0 0
223| 0 0 0
224| 0 0 0
225| 0 0 0
226| 0 0 0
227| 0 0 0
228| 0 0 0
229| 0 0 0
230| 0 0 0
231| 0 0 0
232| 0 0 0
233| 0 0 0
234| 0 0 0
235| 0 0 0
236| 0 0 0
237| 0 4 0
238| -0,3 8 0
239| -0,6 12 0
240| -0,9 16 0
241| -1,2 20 0
242| -1,5 24 0
243| -1,8 28 0
244| -2,1 32 0
245| -2,4 36 0
246| -2,7 40 0
247| -3 43,99999 0
248| -3,299999 47,99999 0
249| -3,599999 51,99999 0
250| -3,899999 55,99999 0
251| -3,899999 60 0
252| -3,899999 64 0
253| -3,899999 68 0
254| -4,2 72 0
255| -4,5 76,00001 0
256| -4,8 80,00001 0
257| -5,1 80,00001 0
258| -5,4 84,00001 0
259| -5,7 88,00002 0
260| -6 92,00002 0
261| -6,300001 96,00002 0
262| -6,300001 100 0
263| -6,300001 104 0
264| -6,300001 108 0
265| -6,300001 112 0
266| -6,300001 116 0
267| 0 0 0
268| 0 0 0
269| 0 0 0
270| 0 0 0
271| 0 4 0
272| 0 0 0
273| 0 0 0
274| 0 0 0
275| 0 0 0
276| 0 0 0
277| 0 0 0
278| 0 0 0
279| 0 0 0
280| 0 0 0
281| 0 0 0
282| 0 0 0
283| 0 4 0
284| 0 8 0
285| -0,3 12 0
286| -0,6 16 0
287| -0,9 20 0
288| -1,2 24 0
289| -1,5 28 0
290| -1,8 32 0
291| -2,1 36 0
292| -2,4 40 0
293| -2,7 43,99999 0
294| -3 47,99999 0
295| -3,299999 51,99999 0
296| -3,299999 55,99999 0
297| 0 0 0
298| 0 0 0
299| 0 4 0
300| 0 8 0
301| 0 12 0
302| 0 16 0
303| 0 20 0
304| 0 24 0
305| -0,3 28 0
306| -0,6 32 0
307| -0,9 36 0
308| -1,2 36 0
309| -1,5 36 0
310| -1,8 40 0
311| -2,1 43,99999 0
312| -2,4 47,99999 0
313| -2,7 51,99999 0
314| -3 55,99999 0
315| -3,299999 60 0
316| -3,599999 64 0
317| -3,899999 68 0
318| -4,2 72 0
319| -4,5 76,00001 0
320| -4,8 80,00001 0
321| -5,1 84,00001 0
322| -5,4 88,00002 0
323| 0 0 0
324| 0 0 0
325| 0 0 0
326| 0 0 0
327| -0,3 0 0
328| -0,3 4 0
329| 0 0 0
330| 0 0 0
331| 0 0 0
332| 0 4 0
333| 0 8 0
334| 0 12 0
335| 0 16 0
336| -0,3 20 0
337| -0,6 24 0
338| -0,9 28 0
339| -1,2 32 0
340| -1,5 36 0
341| -1,8 40 0
342| -1,8 43,99999 0
343| -1,8 47,99999 0
344| 0 0 0
345| 0 0 0
346| 0 0 0
347| 0 0 0
348| -0,3 4 0
349| -0,6 8 0
350| -0,9 12 0
351| -1,2 16 0
352| -1,5 20 0
353| -1,5 24 0
354| 0 0 0
355| 0 0 0
356| 0 0 0
357| 0 0 0
358| 0 0 0
359| 0 4 0
360| -0,3 8 0
361| -0,6 12 0
362| 0 0 0
363| 0 0 0
364| 0 0 0
365| 0 0 0
366| 0 0 0
367| 0 0 0
368| 0 0 0
369| 0 0 0
370| 0 0 0
371| 0 0 0
372| 0 0 0
373| 0 0 0
374| 0 0 0
375| 0 0 0
376| 0 0 0
377| 0 0 0
378| 0 0 0
379| 0 0 0
380| 0 0 0
381| 0 0 0
382| 0 0 0
383| 0 4 0
384| 0 8 0
385| 0 0 0
386| 0 0 0
387| 0 0 0
388| 0 0 0
389| 0 0 0
390| 0 0 0
391| 0 4 0
392| 0 8 0
393| 0 0 0
394| 0 0 0
395| 0 0 0
396| 0 0 0
397| 0 0 0
398| 0 0 0
399| 0 0 0
400| 0 0 0
401| 0 0 0
402| 0 4 0
403| 0 0 0
404| 0 0 0
405| 0 0 0
406| 0 4 0
407| 0 0 0
408| 0 0 0
409| 0 0 0
410| 0 0 0
411| 0 0 0
412| 0 0 0
413| 0 0 0
414| 0 0 0
415| 0 0 0
416| 0 4 0
417| 0 0 0
418| 0 0 0
419| 0 0 0
420| 0 0 0
421| 0 0 0
422| 0 0 0
423| 0 0 0
424| 0 0 0
425| 0 0 0
426| 0 0 0
427| 0 0 0
428| 0 0 0
429| 0 0 0
430| 0 0 0
431| 0 0 0
432| 0 0 0
433| 0 0 0
434| 0 0 0
435| 0 0 0
436| 0 0 0
437| 0 4 0
438| 0 0 0
439| 0 0 0
440| 0 0 0
441| 0 4 0
442| 0 0 0
443| 0 0 0
444| 0 0 0
445| 0 0 0
446| 0 4 0
447| 0 8 0
448| 0 12 0
449| 0 16 0
450| 0 0 0
451| 0 0 0
452| 0 0 0
453| 0 0 0
454| 0 0 0
455| 0 4 0
456| 0 8 0
457| 0 0 0
458| 0 0 0
459| 0 0 0
460| 0 4 0
461| 0 8 0
462| 0 0 0
463| 0 0 0
464| 0 0 0
465| 0 0 0
466| 0 4 0
467| 0 0 0
468| 0 0 0
469| 0 0 0
470| 0,3 0 0
471| 0,6 0 0
472| 0 0 0
473| 0 0 0
474| 0 4 0
475| 0 8 0
476| 0 0 0
477| 0 0 0
478| 0 4 0
479| 0 8 0
480| 0 0 0
481| 0 0 0
482| 0 0 0
483| 0 4 0
484| 0,3 8 0
485| 0,6 12 0
486| 0,6 16 0
487| 0 0 0
488| 0 0 0
489| 0 0 0
490| 0 0 0
491| 0 0 0
492| 0,3 4 0
493| 0,6 4 0
494| 0,9 4 0
495| 1,2 4 0
496| 1,5 8 0
497| 1,5 12 0
498| 1,5 16 0
499| 1,8 20 0
500| 2,1 24 0
501| 2,4 28 0
502| 2,7 32 0
503| 3 36 0
504| 3,299999 36 0
505| 3,599999 40 0
506| 3,899999 43,99999 0
507| 0 0 0
508| 0 0 0
509| 0 0 0
510| 0,3 4 0
511| 0,6 8 0
512| 0 0 0
513| 0 0 0
514| 0 4 0
515| 0 8 0
516| 0 0 0
517| 0 0 0
518| 0 4 0
519| 0 8 0
520| 0 12 0
521| 0 0 0
522| 0 0 0
523| 0 4 0
524| 0 8 0
525| 0 12 0
526| 0 0 0
527| 0 0 0
528| 0 4 0
529| 0 8 0
530| 0,3 12 0
531| 0,6 16 0
532| 0,9 20 0
533| 0,9 24 0
534| 0,9 28 0
535| 0,9 32 0
536| 0,9 36 0
537| 1,2 40 0
538| 1,5 43,99999 0
539| 1,8 47,99999 0
540| 1,8 51,99999 0
541| 1,8 55,99999 0
542| 2,1 60 0
543| 2,4 64 0
544| 2,7 68 0
545| 2,7 72 0
546| 2,7 76,00001 0
547| 3 80,00001 0
548| 3,299999 84,00001 0
549| 3,599999 88,00002 0
550| 3,899999 92,00002 0
551| 3,899999 96,00002 0
552| 3,899999 100 0
553| 3,899999 104 0
554| 3,899999 108 0
555| 3,899999 112 0
556| 3,899999 116 0
557| 3,899999 120 0
558| 3,899999 124 0
559| 3,899999 128 0
560| 3,899999 132 0
561| 3,899999 136 0
562| 3,899999 140 0
563| 3,899999 144 0
564| 3,899999 148 0
565| 3,899999 152 0
566| 3,899999 156 0
567| 3,899999 160 0
568| 0 164 0
569| -0,3 168 0
570| -0,6 171,9999 0
571| -0,9 175,9999 0
572| -1,2 179,9999 0
573| -1,5 183,9999 0
574| -1,8 187,9999 0
575| -2,1 191,9999 0
576| -2,4 195,9999 0
577| -2,4 199,9999 0
578| -2,4 203,9999 0
579| -2,7 207,9999 0
580| -3 211,9999 0
581| -3,299999 215,9999 0
582| -3,599999 219,9999 0
583| -3,899999 223,9999 0
584| -4,2 227,9999 0
585| -4,5 231,9999 0
586| -4,8 235,9999 0
587| -4,8 239,9999 0
588| -4,8 243,9999 0
589| -4,8 247,9999 0
590| -4,8 251,9999 0
591| -4,8 255,9999 0
592| -4,8 259,9999 0
593| -4,8 263,9999 0
594| -4,8 267,9999 0
595| -4,8 271,9998 0
596| -4,8 275,9998 0
597| -4,8 279,9998 0
598| -4,8 283,9998 0
599| -4,8 287,9998 0
600| -4,8 291,9998 0
601| -4,8 295,9998 0
602| -4,8 299,9998 0
603| -4,8 303,9998 0
604| -4,8 307,9998 0
605| -4,8 311,9998 0
606| -4,8 315,9998 0
607| -4,8 319,9998 0
608| -4,8 323,9998 0
609| 0 327,9998 0
610| 0,3 331,9998 0
611| 0,6 335,9998 0
612| 0,9 339,9998 0
613| 1,2 343,9998 0
614| 1,5 347,9998 0
615| 1,8 351,9998 0
616| 2,1 355,9998 0
617| 2,4 359,9998 0
618| 2,7 363,9998 0
619| 3 367,9998 0
620| 3,299999 371,9998 0
621| 3,599999 375,9998 0
622| 3,899999 379,9998 0
623| 4,2 383,9998 0
624| 4,2 387,9998 0
625| 4,2 391,9998 0
626| 4,2 395,9998 0
627| 4,2 399,9997 0
628| 4,2 400 0
629| 4,5 400 0
630| 4,8 400 0
631| 5,1 400 0
632| 5,4 400 0
633| 5,7 400 0
634| 5,7 400 0
635| 5,7 400 0
636| 5,7 400 0
637| 5,7 400 0
638| 5,7 400 0
639| 5,7 400 0
640| 5,7 400 0
641| 5,7 400 0
642| 5,7 400 0
643| 5,7 400 0
644| 5,7 400 0
645| 5,7 400 0
646| 5,7 400 0
647| 5,7 400 0
648| 0 400 0
649| -0,3 400 0
650| -0,6 400 0
651| -0,9 400 0
652| -1,2 400 0
653| -1,5 400 0
654| -1,5 400 0
655| -1,5 400 0
656| -1,5 400 0
657| -1,5 400 0
658| -1,5 400 0
659| -1,5 400 0
660| -1,5 400 0
661| -1,5 400 0
662| -1,5 400 0
663| -1,5 400 0
664| -1,5 400 0
665| -1,5 400 0
666| -1,5 400 0
667| -1,5 400 0
668| -1,5 400 0
669| -1,5 400 0
670| 0 400 0
671| 0,3 400 0
672| 0,6 400 0
673| 0,9 400 0
674| 0,9 400 0
675| 0,9 400 0
676| 0,9 400 0
677| 1,2 400 0
678| 1,5 400 0
679| 1,8 400 0
680| 2,1 400 0
681| 2,4 400 0
682| 2,7 400 0
683| 3 400 0
684| 3,299999 400 0
685| 3,299999 400 0
686| 3,299999 400 0
687| 3,299999 400 0
688| 3,299999 400 0
689| 3,299999 400 0
690| 3,599999 400 0
691| 3,899999 400 0
692| 3,899999 400 0
693| 3,899999 400 0
694| 3,899999 400 0
695| 3,899999 400 0
696| 3,899999 400 0
697| 3,899999 400 0
698| 3,899999 400 0
699| 3,899999 400 0
700| 3,899999 400 0
701| 3,899999 400 0
702| 3,899999 400 0
703| 3,899999 400 0
704| 3,899999 400 0
705| 3,899999 400 0
706| 3,899999 400 0
707| 3,899999 400 0
708| 3,899999 400 0
709| 3,899999 400 0
710| 3,899999 400 0
711| 3,899999 400 0
712| 3,899999 400 0
713| 3,899999 400 0
714| 3,899999 400 0
715| 3,899999 400 0
716| 3,899999 400 0
717| 0 400 0
718| -0,3 400 0
719| -0,6 400 0
720| -0,9 400 0
721| -1,2 400 0
722| -1,5 400 0
723| -1,8 400 0
724| -2,1 400 0
725| -2,4 400 0
726| -2,7 400 0
727| -2,7 400 0
728| -2,7 400 0
729| -2,7 400 0
730| -3 400 0
731| -3,299999 400 0
732| -3,599999 400 0
733| -3,899999 400 0
734| -4,2 400 0
735| -4,5 400 0
736| -4,8 400 0
737| -4,8 400 0
738| -4,8 400 0
739| -4,8 400 0
740| -4,8 400 0
741| -4,8 400 0
742| -4,8 400 0
743| -4,8 400 0
744| -4,8 400 0
745| -4,8 400 0
746| -4,8 400 0
747| -4,8 400 0
748| -4,8 400 0
749| -4,8 400 0
750| -4,8 400 0
751| -4,8 400 0
752| -4,8 400 0
753| -4,8 400 0
754| -4,8 400 0
755| -4,8 400 0
756| -4,8 400 0
757| -4,8 400 0
758| -4,8 400 0
759| -4,8 400 0
760| -4,8 400 0
761| -4,8 400 0
762| 0 400 0
763| 0,3 400 0
764| 0,3 400 0
765| 0,3 400 0
766| 0,3 400 0
767| 0,6 400 0
768| 0,9 400 0
769| 1,2 400 0
770| 1,5 400 0
771| 1,8 400 0
772| 2,1 400 0
773| 2,4 400 0
774| 2,7 400 0
775| 3 400 0
776| 3 400 0
777| 3 400 0
778| 3 400 0
779| 3 400 0
780| 3 400 0
781| 3 400 0
782| 3 400 0
783| 3 400 0
784| 3,299999 400 0
785| 3,599999 400 0
786| 3,899999 400 0
787| 4,2 400 0
788| 4,5 400 0
789| 4,8 400 0
790| 5,1 400 0
791| 5,1 400 0
792| 5,1 400 0
793| 5,1 400 0
794| 5,1 400 0
795| 5,1 400 0
796| 5,1 400 0
797| 5,1 400 0
798| 5,1 400 0
799| 5,1 400 0
800| 5,1 400 0
801| 5,1 400 0
802| 5,1 400 0
803| 5,1 400 0
804| 5,1 400 0
805| 5,1 400 0
806| 5,1 400 0
807| 5,1 400 0
808| 5,1 400 0
809| 5,1 400 0
810| 5,1 400 0
811| 5,1 400 0
812| 5,1 400 0
813| 5,1 400 0
814| 5,1 400 0
815| 5,1 400 0
816| 5,1 400 0
817| 5,1 400 0
818| 5,1 400 0
819| 5,1 400 0
820| 0 400 0
821| -0,3 400 0
822| -0,6 400 0
823| -0,9 400 0
824| -1,2 400 0
825| -1,5 400 0
826| -1,8 400 0
827| -2,1 400 0
828| -2,4 400 0
829| -2,7 400 0
830| -2,7 400 0
831| -2,7 400 0
832| -2,7 400 0
833| -2,7 400 0
834| -2,7 400 0
835| -2,7 400 0
836| -2,7 400 0
837| -2,7 400 0
838| -2,7 400 0
839| -2,7 400 0
840| -2,7 400 0
841| -2,7 400 0
842| -2,7 400 0
843| -2,7 400 0
844| -2,7 400 0
845| -2,7 400 0
846| -2,7 400 0
847| -2,7 400 0
848| -2,7 400 0
849| -2,7 400 0
850| -2,7 400 0
851| -2,7 400 0
852| 0 400 0
853| 0,3 400 0
854| 0,6 400 0
855| 0,9 400 0
856| 1,2 400 0
857| 1,5 400 0
858| 1,8 400 0
859| 1,8 400 0
860| 1,8 400 0
861| 1,8 400 0
862| 1,8 400 0
863| 2,1 400 0
864| 2,4 400 0
865| 2,7 400 0
866| 3 400 0
867| 3,299999 400 0
868| 3,299999 400 0
869| 3,299999 400 0
870| 3,299999 400 0
871| 0 0 0
872| 0 0 0
873| 0 0 0
874| 0 0 0
875| 0 0 0
876| 0 0 0
877| 0 0 0
878| 0,3 0 0
879| 0,6 0 0
880| 0,9 0 0
881| 1,2 0 0
882| 1,5 0 0
883| 1,8 0 0
884| 2,1 0 0
885| 2,4 0 0
886| 2,7 0 0
887| 3 0 0
888| 3,299999 0 0
889| 3,599999 0 0
890| 3,899999 0 0
891| 4,2 0 0
892| 4,5 4 0
893| 4,5 8 0
894| 4,5 12 0
895| 4,5 16 0
896| 4,8 20 0
897| 5,1 24 0
898| 5,4 28 0
899| 5,7 32 0
900| 6 36 0
901| 6,300001 40 0
902| 6,300001 43,99999 0
903| 6,300001 47,99999 0
904| 6,300001 51,99999 0
905| 6,300001 55,99999 0
906| 6,600001 60 0
907| 6,600001 64 0
908| 6,600001 68 0
909| 6,600001 72 0
910| 6,600001 76,00001 0
911| 6,600001 80,00001 0
912| 6,600001 84,00001 0
913| 6,600001 88,00002 0
914| 6,600001 92,00002 0
915| 0 96,00002 0
916| -0,3 100 0
917| -0,6 104 0
918| -0,9 108 0
919| -1,2 112 0
920| -1,5 116 0
921| -1,8 120 0
922| -2,1 124 0
923| -2,4 128 0
924| -2,7 132 0
925| -3 136 0
926| -3,299999 140 0
927| -3,599999 144 0
928| -3,899999 148 0
929| -4,2 152 0
930| -4,5 156 0
931| -4,8 160 0
932| -4,8 164 0
933| -4,8 168 0
934| -4,8 171,9999 0
935| -4,8 175,9999 0
936| -4,8 179,9999 0
937| -4,8 183,9999 0
938| -4,8 187,9999 0
939| -4,8 191,9999 0
940| -4,8 195,9999 0
941| -4,8 199,9999 0
942| -4,8 203,9999 0
943| -4,8 207,9999 0
944| -4,8 211,9999 0
945| -4,8 215,9999 0
946| -4,8 219,9999 0
947| -4,8 223,9999 0
948| -4,8 227,9999 0
949| -4,8 231,9999 0
950| -4,8 235,9999 0
951| -4,8 239,9999 0
952| 0 243,9999 0
953| 0,3 247,9999 0
954| 0,6 251,9999 0
955| 0,9 255,9999 0
956| 1,2 259,9999 0
957| 1,5 263,9999 0
958| 1,8 267,9999 0
959| 2,1 271,9998 0
960| 2,4 275,9998 0
961| 2,7 279,9998 0
962| 3 283,9998 0
963| 3,299999 287,9998 0
964| 3,599999 291,9998 0
965| 3,899999 295,9998 0
966| 3,899999 299,9998 0
967| 3,899999 303,9998 0
968| 3,899999 307,9998 0
969| 3,899999 311,9998 0
970| 3,899999 315,9998 0
971| 3,899999 319,9998 0
972| 3,899999 323,9998 0
973| 3,899999 327,9998 0
974| 3,899999 331,9998 0
975| 3,899999 335,9998 0
976| 3,899999 339,9998 0
977| 3,899999 343,9998 0
978| 3,899999 347,9998 0
979| 3,899999 351,9998 0
980| 4,2 355,9998 0
981| 4,5 359,9998 0
982| 4,8 363,9998 0
983| 5,1 367,9998 0
984| 5,1 371,9998 0
985| 5,1 375,9998 0
986| 5,1 379,9998 0
987| 5,1 383,9998 0
988| 5,1 387,9998 0
989| 0 391,9998 0
990| -0,3 395,9998 0
991| -0,6 399,9997 0
992| -0,9 400 0
993| -1,2 400 0
994| -1,5 400 0
995| -1,8 400 0
996| -1,8 400 0
997| -1,8 400 0
998| -1,8 400 0
999| -1,8 400 0
1000| -1,8 400 0
1001| -1,8 400 0
1002| -2,1 400 0
1003| -2,4 400 0
1004| -2,7 400 0
1005| -3 400 0
1006| -3,299999 400 0
1007| -3,299999 400 0
1008| -3,299999 400 0
1009| -3,299999 400 0
1010| -3,299999 400 0
1011| -3,299999 400 0
1012| -3,299999 400 0
1013| -3,299999 400 0
1014| 0 400 0
1015| 0,3 400 0
1016| 0,6 400 0
1017| 0,6 400 0
1018| 0,6 400 0
1019| 0,6 400 0
1020| 0,6 400 0
1021| 0,6 400 0
1022| 0,6 400 0
1023| 0,6 400 0
1024| 0,6 400 0
1025| 0,6 400 0
1026| 0,6 400 0
1027| 0,6 400 0
1028| 0,6 400 0
1029| 0,6 400 0
1030| 0,6 400 0
1031| 0,6 400 0
1032| 0,6 400 0
1033| 0,6 400 0
1034| 0,6 400 0
1035| 0,6 400 0
1036| 0,6 400 0
1037| 0,6 400 0
1038| 0,6 400 0
1039| 0,6 400 0
1040| 0,6 400 0
1041| 0,6 400 0
1042| 0,6 400 0
1043| 0,6 400 0
1044| 0,6 400 0
1045| 0,6 400 0
1046| 0,6 400 0
1047| 0,6 400 0
1048| 0,6 400 0
1049| 0,6 400 0
1050| 0,6 400 0
1051| 0,6 400 0
1052| 0,6 400 0
1053| 0,6 400 0
1054| 0,6 400 0
1055| 0,6 400 0
1056| 0,6 400 0
1057| 0,6 400 0
1058| 0,6 400 0
1059| 0,6 400 0
1060| 0,6 400 0
1061| 0,6 400 0
1062| 0,6 400 0
1063| 0,6 400 0
1064| 0,6 400 0
1065| 0,6 400 0
1066| 0,6 400 0
1067| 0,6 400 0
1068| 0,6 400 0
1069| 0,6 400 0
1070| 0,6 400 0
1071| 0,6 400 0
1072| 0,6 400 0
1073| 0,6 400 0
1074| 0,6 400 0
1075| 0,6 400 0
1076| 0,6 400 0
1077| 0,6 400 0
1078| 0,6 400 0
1079| 0,6 400 0
1080| 0,6 400 0
1081| 0,6 400 0
1082| 0,6 400 0
1083| 0,6 400 0
1084| 0,6 400 0
1085| 0,6 400 0
1086| 0,6 400 0
1087| 0,6 400 0
1088| 0,6 400 0
1089| 0,6 400 0
1090| 0,6 400 0
1091| 0,6 400 0
1092| 0,6 400 0
1093| 0,6 400 0
1094| 0,6 400 0
1095| 0,6 400 0
1096| 0,6 400 0
1097| 0,6 400 0
1098| 0,6 400 0
1099| 0,6 400 0
1100| 0,6 400 0
1101| 0,6 400 0
1102| 0,6 400 0
1103| 0,6 400 0
1104| 0,6 400 0
1105| 0,6 400 0
1106| 0,6 400 0
1107| 0 400 0
1108| -0,3 400 0
1109| -0,6 400 0
1110| -0,9 400 0
1111| -0,9 400 0
1112| -0,9 400 0
1113| -0,9 400 0
1114| -0,9 400 0
1115| -0,9 400 0
1116| -0,9 400 0
1117| -0,9 400 0
1118| -0,9 400 0
1119| -0,9 400 0
1120| -0,9 400 0
1121| -0,9 400 0
1122| -0,9 400 0
1123| -0,9 400 0
1124| -0,9 400 0
1125| -0,9 400 0
1126| -0,9 400 0
1127| -0,9 400 0
1128| -0,9 400 0
1129| -0,9 400 0
1130| -0,9 400 0
1131| -0,9 400 0
1132| -0,9 400 0
1133| -0,9 400 0
1134| -0,9 400 0
1135| -0,9 400 0
1136| -0,9 400 0
1137| -0,9 400 0
1138| -0,9 400 0
1139| -0,9 400 0
1140| -0,9 400 0
1141| -0,9 400 0
1142| -0,9 400 0
1143| -0,9 400 0
1144| -0,9 400 0
1145| -0,9 400 0
1146| -0,9 400 0
1147| -0,9 400 0
1148| -0,9 400 0
1149| -0,9 400 0
1150| -0,9 400 0
1151| -0,9 400 0
1152| -0,9 400 0
1153| -0,9 400 0
1154| -0,9 400 0
1155| -0,9 400 0
1156| -0,9 400 0
1157| -0,9 400 0
1158| -0,9 400 0
1159| -0,9 400 0
1160| -0,9 400 0
1161| -0,9 400 0
1162| -0,9 400 0
1163| -0,9 400 0
1164| -0,9 400 0
1165| -0,9 400 0
1166| -0,9 400 0
1167| -0,9 400 0
1168| -0,9 400 0
1169| -0,9 400 0
1170| -0,9 400 0
1171| -0,9 400 0
1172| -0,9 400 0
1173| -0,9 400 0
1174| -0,9 400 0
1175| -0,9 400 0
1176| -0,9 400 0
1177| -0,9 400 0
1178| 0 400 0
1179| 0,3 400 0
1180| 0,6 400 0
1181| 0,9 400 0
1182| 1,2 400 0
1183| 1,2 400 0
1184| 1,2 400 0
1185| 1,2 400 0
1186| 1,2 400 0
1187| 1,2 400 0
1188| 1,2 400 0
1189| 1,2 400 0
1190| 1,2 400 0
1191| 1,2 400 0
1192| 1,2 400 0
1193| 1,2 400 0
1194| 1,2 400 0
1195| 1,2 400 0
1196| 1,2 400 0
1197| 1,5 400 0
1198| 1,8 400 0
1199| 1,8 400 0
1200| 1,8 400 0
1201| 1,8 400 0
1202| 1,8 400 0
1203| 1,8 400 0
1204| 1,8 400 0
1205| 1,8 400 0
1206| 1,8 400 0
1207| 1,8 400 0
1208| 1,8 400 0
1209| 1,8 400 0
1210| 1,8 400 0
1211| 2,1 400 0
1212| 2,4 400 0
1213| 2,4 400 0
1214| 2,4 400 0
1215| 2,4 400 0
1216| 2,4 400 0
1217| 2,4 400 0
1218| 2,4 400 0
1219| 2,4 400 0
1220| 2,4 400 0
1221| 2,4 400 0
1222| 2,4 400 0
1223| 2,4 400 0
1224| 2,4 400 0
1225| 2,4 400 0
1226| 2,4 400 0
1227| 2,4 400 0
1228| 2,4 400 0
1229| 2,4 400 0
1230| 2,4 400 0
1231| 2,4 400 0
1232| 2,4 400 0
1233| 2,4 400 0
1234| 2,4 400 0
1235| 2,4 400 0
1236| 2,4 400 0
1237| 2,4 400 0
1238| 2,4 400 0
1239| 2,4 400 0
1240| 2,4 400 0
1241| 2,4 400 0
1242| 2,4 400 0
1243| 2,4 400 0
1244| 2,4 400 0
1245| 2,4 400 0
1246| 2,4 400 0
1247| 2,4 400 0
1248| 2,4 400 0
1249| 2,4 400 0
1250| 2,4 400 0
1251| 2,4 400 0
1252| 0 400 0
1253| -0,3 400 0
1254| -0,6 400 0
1255| -0,6 400 0
1256| -0,6 400 0
1257| -0,6 400 0
1258| -0,6 400 0
1259| -0,6 400 0
1260| -0,9 400 0
1261| -1,2 400 0
1262| -1,5 400 0
1263| -1,8 400 0
1264| -2,1 400 0
1265| -2,4 400 0
1266| -2,4 400 0
1267| -2,4 400 0
1268| -2,4 400 0
1269| -2,4 400 0
1270| -2,4 400 0
1271| -2,4 400 0
1272| -2,4 400 0
1273| -2,4 400 0
1274| -2,4 400 0
1275| -2,4 400 0
1276| -2,4 400 0
1277| -2,4 400 0
1278| -2,4 400 0
1279| -2,4 400 0
1280| -2,4 400 0
1281| -2,4 400 0
1282| -2,4 400 0
1283| -2,4 400 0
1284| -2,4 400 0
1285| -2,4 400 0
1286| -2,4 400 0
1287| -2,4 400 0
1288| -2,4 400 0
1289| -2,4 400 0
1290| -2,4 400 0
1291| 0 400 0
1292| 0,3 400 0
1293| 0,6 400 0
1294| 0,6 400 0
1295| 0,6 400 0
1296| 0,6 400 0
1297| 0,6 400 0
1298| 0,6 400 0
1299| 0,6 400 0
1300| 0,6 400 0
1301| 0,6 400 0
1302| 0,6 400 0
1303| 0,6 400 0
1304| 0,6 400 0
1305| 0,6 400 0
1306| 0,9 400 0
1307| 1,2 400 0
1308| 1,5 400 0
1309| 1,5 400 0
1310| 1,5 400 0
1311| 1,5 400 0
1312| 1,5 400 0
1313| 1,5 400 0
1314| 1,5 400 0
1315| 1,5 400 0
1316| 1,5 400 0
1317| 1,5 400 0
1318| 1,5 400 0
1319| 1,5 400 0
1320| 1,5 400 0
1321| 1,5 400 0
1322| 1,5 400 0
1323| 1,5 400 0
1324| 1,5 400 0
1325| 1,5 400 0
1326| 1,5 400 0
1327| 1,5 400 0
1328| 1,5 400 0
1329| 1,5 400 0
1330| 1,5 400 0
1331| 1,5 400 0
1332| 1,5 400 0
1333| 1,5 400 0
1334| 0 400 0
1335| -0,3 400 0
1336| -0,6 400 0
1337| -0,9 400 0
1338| -0,9 400 0
1339| -0,9 400 0
1340| -0,9 400 0
1341| -0,9 400 0
1342| -0,9 400 0
1343| -0,9 400 0
1344| -0,9 400 0
1345| -0,9 400 0
1346| -0,9 400 0
1347| -0,9 400 0
1348| -0,9 400 0
1349| -0,9 400 0
1350| -0,9 400 0
1351| -0,9 400 0
1352| -0,9 400 0
1353| -0,9 400 0
1354| -0,9 400 0
1355| -0,9 400 0
1356| -0,9 400 0
1357| -0,9 400 0
1358| -0,9 400 0
1359| -0,9 400 0
1360| -0,9 400 0
1361| -0,9 400 0
1362| -0,9 400 0
1363| -0,9 400 0
1364| -0,9 400 0
1365| -0,9 400 0
1366| -0,9 400 0
1367| -0,9 400 0
1368| -0,9 400 0
1369| -0,9 400 0
1370| -0,9 400 0
1371| -0,9 400 0
1372| -0,9 400 0
1373| -0,9 400 0
1374| -0,9 400 0
1375| -0,9 400 0
1376| -0,9 400 0
1377| -0,9 400 0
1378| -0,9 400 0
1379| -0,9 400 0
1380| -0,9 400 0
1381| -0,9 400 0
1382| 0 400 0
1383| 0,3 400 0
1384| 0,3 400 0
1385| 0,3 400 0
1386| 0,3 400 0
1387| 0,3 400 0
1388| 0,3 400 0
1389| 0,3 400 0
1390| 0,3 400 0
1391| 0,3 400 0
1392| 0,3 400 0
1393| 0,3 400 0
1394| 0,3 400 0
1395| 0,3 400 0
1396| 0,3 400 0
1397| 0,3 400 0
1398| 0,3 400 0
1399| 0,3 400 0
1400| 0,3 400 0
1401| 0,3 400 0
1402| 0,3 400 0
1403| 0,3 400 0
1404| 0,3 400 0
1405| 0,3 400 0
1406| 0,3 400 0
1407| 0,3 400 0
1408| 0,3 400 0
1409| 0,3 400 0
1410| 0,3 400 0
1411| 0,3 400 0
1412| 0,3 400 0
1413| 0,3 400 0
1414| 0,3 400 0
1415| 0,3 400 0
1416| 0,3 400 0
1417| 0,3 400 0
1418| 0,3 400 0
1419| 0,3 400 0
1420| 0,3 400 0
1421| 0,3 400 0
1422| 0,3 400 0
1423| 0,3 400 0
1424| 0,3 400 0
1425| 0,3 400 0
1426| 0,3 400 0
1427| 0,3 400 0
1428| 0,3 400 0
1429| 0,3 400 0
1430| 0,3 400 0
1431| 0,3 400 0
1432| 0,3 400 0
1433| 0,3 400 0
1434| 0,3 400 0
1435| 0,3 400 0
1436| 0,3 400 0
1437| 0,3 400 0
1438| 0,3 400 0
1439| 0,3 400 0
1440| 0,3 400 0
1441| 0,3 400 0
1442| 0,3 400 0
1443| 0,3 400 0
1444| 0,3 400 0
1445| 0,3 400 0
1446| 0,3 400 0
1447| 0,3 400 0
1448| 0,3 400 0
1449| 0,3 400 0
1450| 0,3 400 0
1451| 0,3 400 0
1452| 0,3 400 0
1453| 0,3 400 0
1454| 0,3 400 0
1455| 0,3 400 0
1456| 0,3 400 0
1457| 0,3 400 0
1458| 0,3 400 0
1459| 0,3 400 0
1460| 0,3 400 0
1461| 0,3 400 0
1462| 0,3 400 0
1463| 0,3 400 0
1464| 0,3 400 0
1465| 0,3 400 0
1466| 0,3 400 0
1467| 0,3 400 0
1468| 0,3 400 0
1469| 0 400 0
1470| -0,3 400 0
1471| -0,6 400 0
1472| -0,9 400 0
1473| -0,9 400 0
1474| -0,9 400 0
1475| -0,9 400 0
1476| -0,9 400 0
1477| -0,9 400 0
1478| -0,9 400 0
1479| -0,9 400 0
1480| -0,9 400 0
1481| -0,9 400 0
1482| -0,9 400 0
1483| -0,9 400 0
1484| -0,9 400 0
1485| -0,9 400 0
1486| -0,9 400 0
1487| -0,9 400 0
1488| -0,9 400 0
1489| -0,9 400 0
1490| -0,9 400 0
1491| -0,9 400 0
1492| -0,9 400 0
1493| -0,9 400 0
1494| -0,9 400 0
1495| -0,9 400 0
1496| -0,9 400 0
1497| -0,9 400 0
1498| -0,9 400 0
1499| -0,9 400 0
1500| -0,9 400 0
1501| -0,9 400 0
1502| -0,9 400 0
1503| -0,9 400 0
1504| -0,9 400 0
1505| -0,9 400 0
1506| -0,9 400 0
1507| -0,9 400 0
1508| -0,9 400 0
1509| -0,9 400 0
1510| -0,9 400 0
1511| -0,9 400 0
1512| -0,9 400 0
1513| -0,9 400 0
1514| -0,9 400 0
1515| -0,9 400 0
1516| -0,9 400 0
1517| -0,9 400 0
1518| -0,9 400 0
1519| -0,9 400 0
1520| -0,9 400 0
1521| -0,9 400 0
1522| -0,9 400 0
1523| -0,9 400 0
1524| -0,9 400 0
1525| -0,9 400 0
1526| -0,9 400 0
1527| -0,9 400 0
1528| -0,9 400 0
1529| -0,9 400 0
1530| -0,9 400 0
1531| 0 400 0
1532| 0,3 400 0
1533| 0,3 400 0
1534| 0,3 400 0
1535| 0,3 400 0
1536| 0,3 400 0
1537| 0,3 400 0
1538| 0,3 400 0
1539| 0,3 400 0
1540| 0,3 400 0
1541| 0,3 400 0
1542| 0,3 400 0
1543| 0,3 400 0
1544| 0,3 400 0
1545| 0,3 400 0
1546| 0,3 400 0
1547| 0,3 400 0
1548| 0,3 400 0
1549| 0,3 400 0
1550| 0,3 400 0
1551| 0,6 400 0
1552| 0,9 400 0
1553| 0,9 400 0
1554| 0,9 400 0
1555| 0,9 400 0
1556| 0,9 400 0
1557| 0,9 400 0
1558| 0,9 400 0
1559| 0,9 400 0
1560| 0,9 400 0
1561| 0,9 400 0
1562| 0,9 400 0
1563| 0,9 400 0
1564| 0,9 400 0
1565| 0,9 400 0
1566| 0,9 400 0
1567| 0,9 400 0
1568| 0,9 400 0
1569| 0,9 400 0
1570| 0,9 400 0
1571| 0,9 400 0
1572| 0,9 400 0
1573| 0,9 400 0
1574| 0,9 400 0
1575| 0,9 400 0
1576| 0,9 400 0
1577| 0,9 400 0
1578| 0,9 400 0
1579| 0,9 400 0
1580| 0,9 400 0
1581| 0,9 400 0
1582| 0,9 400 0
1583| 0 400 0
1584| -0,3 400 0
1585| -0,6 400 0
1586| -0,9 400 0
1587| -0,9 400 0
1588| -0,9 400 0
1589| -0,9 400 0
1590| -0,9 400 0
1591| -0,9 400 0
1592| -0,9 400 0
1593| -0,9 400 0
1594| -0,9 400 0
1595| -0,9 400 0
1596| -0,9 400 0
1597| -0,9 400 0
1598| -0,9 400 0
1599| -0,9 400 0
1600| -0,9 400 0
1601| -0,9 400 0
1602| -0,9 400 0
1603| -0,9 400 0
1604| -0,9 400 0
1605| -0,9 400 0
1606| -0,9 400 0
1607| -0,9 400 0
1608| -0,9 400 0
1609| -0,9 400 0
1610| -0,9 400 0
1611| -0,9 400 0
1612| -0,9 400 0
1613| -0,9 400 0
1614| -0,9 400 0
1615| -0,9 400 0
1616| -0,9 400 0
1617| -0,9 400 0
1618| -0,9 400 0
1619| -0,9 400 0
1620| -0,9 400 0
1621| -0,9 400 0
1622| -0,9 400 0
1623| -0,9 400 0
1624| -0,9 400 0
1625| -0,9 400 0
1626| -0,9 400 0
1627| -0,9 400 0
1628| -0,9 400 0
1629| -0,9 400 0
1630| -0,9 400 0
1631| -0,9 400 0
1632| -0,9 400 0
1633| -0,9 400 0
1634| -0,9 400 0
1635| -0,9 400 0
1636| -0,9 400 0
1637| 0 400 0
1638| 0,3 400 0
1639| 0,6 400 0
1640| 0,9 400 0
1641| 1,2 400 0
1642| 1,5 400 0
1643| 1,5 400 0
1644| 1,5 400 0
1645| 1,5 400 0
1646| 1,5 400 0
1647| 1,5 400 0
1648| 1,5 400 0
1649| 1,5 400 0
1650| 1,5 400 0
1651| 1,5 400 0
1652| 1,5 400 0
1653| 1,5 400 0
1654| 1,5 400 0
1655| 1,5 400 0
1656| 1,5 400 0
1657| 1,5 400 0
1658| 1,5 400 0
1659| 1,5 400 0
1660| 1,5 400 0
1661| 1,5 400 0
1662| 1,5 400 0
1663| 1,5 400 0
1664| 1,5 400 0
1665| 1,5 400 0
1666| 1,5 400 0
1667| 1,5 400 0
1668| 1,5 400 0
1669| 1,5 400 0
1670| 1,5 400 0
1671| 1,5 400 0
1672| 1,5 400 0
1673| 1,5 400 0
1674| 1,5 400 0
1675| 1,5 400 0
1676| 1,5 400 0
1677| 1,5 400 0
1678| 1,5 400 0
1679| 1,5 400 0
1680| 1,5 400 0
1681| 0 400 0
1682| -0,3 400 0
1683| -0,6 400 0
1684| -0,9 400 0
1685| -0,9 400 0
1686| -0,9 400 0
1687| -0,9 400 0
1688| -0,9 400 0
1689| -0,9 400 0
1690| -0,9 400 0
1691| -0,9 400 0
1692| -0,9 400 0
1693| -0,9 400 0
1694| -1,2 400 0
1695| -1,5 400 0
1696| -1,8 400 0
1697| -2,1 400 0
1698| -2,1 400 0
1699| -2,1 400 0
1700| -2,1 400 0
1701| -2,1 400 0
1702| -2,1 400 0
1703| -2,1 400 0
1704| -2,1 400 0
1705| -2,1 400 0
1706| -2,1 400 0
1707| -2,1 400 0
1708| -2,1 400 0
1709| -2,1 400 0
1710| -2,1 400 0
1711| -2,1 400 0
1712| -2,1 400 0
1713| -2,1 400 0
1714| -2,1 400 0
1715| -2,1 400 0
1716| -2,1 400 0
1717| -2,1 400 0
1718| -2,1 400 0
1719| -2,1 400 0
1720| -2,1 400 0
1721| -2,1 400 0
1722| -2,1 400 0
1723| -2,1 400 0
1724| -2,1 400 0
1725| -2,1 400 0
1726| 0 400 0
1727| 0,3 400 0
1728| 0,6 400 0
1729| 0,9 400 0
1730| 1,2 400 0
1731| 1,5 400 0
1732| 0 0 0
1733| 0 0 0
1734| 0 0 0
1735| 0 0 0
1736| 0 0 0
1737| 0 0 0
1738| 0 0 0
1739| 0 0 0
1740| 0,3 0 0
1741| 0,6 0 0
1742| 0,9 0 0
1743| 1,2 0 0
1744| 1,5 0 0
1745| 1,8 0 0
1746| 0 0 0
1747| 0 0 0
1748| 0 0 0
1749| 0 0 0
1750| 0 0 0
1751| 0 0 0
1752| 0 0 0
1753| 0 0 0
1754| 0 0 0
1755| 0 0 0
1756| 0 0 0
1757| 0 0 0
1758| 0 0 0
1759| 0 0 0
1760| 0 0 0
1761| 0 0 0
1762| 0 0 0
1763| 0 0 0
1764| 0 0 0
1765| 0 0 0
1766| 0 0 0
1767| 0,3 0 0
1768| 0,6 0 0
1769| 0,9 0 0
1770| 1,2 0 0
1771| 1,5 0 0
1772| 1,8 0 0
1773| 2,1 0 0
1774| 2,4 0 0
1775| 2,7 0 0
1776| 3 0 0
1777| 0 0 0
1778| 0 0 0
1779| 0 0 0
1780| 0 0 0
1781| 0,3 0 0
1782| 0,6 0 0
1783| 0,9 0 0
1784| 0 0 0
1785| 0 0 0
1786| 0 0 0
1787| 0 0 0
1788| 0 0 0
1789| 0 0 0
1790| 0 0 0
1791| 0 0 0
1792| 0,3 0 0
1793| 0,6 0 0
1794| 0,9 0 0
1795| 1,2 0 0
1796| 1,5 0 0
1797| 1,8 0 0
1798| 2,1 0 0
1799| 2,4 0 0
1800| 2,7 0 0
1801| 3 0 0
1802| 3,299999 0 0
1803| 0 0 0
1804| 0,3 0 0
1805| 0,6 0 0
1806| 0,9 0 0
1807| 0 0 0
1808| 0 0 0
1809| 0 0 0
1810| 0 0 0
1811| 0,3 0 0
1812| 0,6 0 0
1813| 0,9 0 0
1814| 0 0 0
1815| 0 0 0
1816| 0 0 0
1817| 0 0 0
1818| 0 0 0
1819| 0,3 0 0
1820| 0,6 0 0
1821| 0,9 0 0
1822| 1,2 0 0
1823| 0 0 0
1824| 0 0 0
1825| 0 0 0
1826| 0,3 0 0
1827| 0,6 0 0
1828| 0,9 0 0
1829| 0 0 0
1830| 0 0 0
1831| 0 0 0
1832| 0,3 0 0
1833| 0,6 0 0
1834| 0,9 0 0
1835| 0 0 0
1836| 0 0 0
1837| 0,3 0 0
1838| 0,6 0 0
1839| 0,9 0 0
1840| 0 0 0
1841| 0,3 0 0
1842| 0,6 0 0
1843| 0,9 0 0
1844| 1,2 0 0
1845| 1,5 0 0
1846| 1,8 0 0
1847| 2,1 0 0
1848| 2,4 0 0
1849| 2,7 0 0
1850| 3 0 0
1851| 3,299999 4 0
1852| 3,599999 8 0
1853| 3,899999 12 0
1854| 4,2 16 0
1855| 4,5 20 0
1856| 4,8 24 0
1857| 5,1 28 0
1858| 5,1 32 0
1859| 5,1 36 0
1860| 5,1 40 0
1861| 5,1 43,99999 0
1862| 5,1 47,99999 0
1863| 5,1 51,99999 0
1864| 0 0 0
1865| 0 0 0
1866| 0 0 0
1867| 0 0 0
1868| 0 0 0
1869| 0 0 0
1870| 0 0 0
1871| 0 0 0
1872| 0 0 0
1873| 0 0 0
1874| 0 0 0
1875| 0 0 0
1876| -0,3 0 0
1877| -0,6 0 0
1878| -0,9 0 0
1879| -1,2 0 0
1880| 0 0 0
1881| 0 0 0
1882| 0 0 0
1883| 0 0 0
1884| 0 4 0
1885| 0,3 8 0
1886| 0,6 12 0
1887| 0,9 16 0
1888| 1,2 20 0
1889| 1,5 24 0
1890| 1,8 28 0
1891| 1,8 32 0
1892| 1,8 36 0
1893| 1,8 40 0
1894| 0 0 0
1895| 0 0 0
1896| 0 0 0
1897| 0 0 0
1898| 0,3 0 0
1899| 0,6 0 0
1900| 0,9 0 0
1901| 1,2 4 0
1902| 1,2 8 0
1903| 1,2 12 0
1904| 1,2 16 0
1905| 1,2 20 0
1906| 1,2 24 0
1907| 1,2 28 0
1908| 1,2 32 0
1909| 1,2 36 0
1910| 1,2 40 0
1911| 1,2 43,99999 0
1912| 1,2 47,99999 0
1913| 1,2 51,99999 0
1914| 0 0 0
1915| 0 0 0
1916| 0 0 0
1917| 0 0 0
1918| 0 4 0
1919| 0 8 0
1920| 0 12 0
1921| 0 16 0
1922| 0 20 0
1923| 0 24 0
1924| 0 28 0
1925| 0 32 0
1926| 0 36 0
1927| 0 40 0
1928| 0 43,99999 0
1929| -0,3 47,99999 0
1930| -0,6 51,99999 0
1931| -0,9 55,99999 0
1932| -1,2 60 0
1933| -1,5 64 0
1934| -1,8 68 0
1935| 0 0 0
1936| 0 0 0
1937| 0 0 0
1938| 0 0 0
1939| 0 0 0
1940| 0 4 0
1941| 0 8 0
1942| 0 0 0
1943| 0 0 0
1944| 0 0 0
1945| 0 0 0
1946| 0 4 0
1947| 0 8 0
1948| 0 12 0
1949| 0 16 0
1950| 0 20 0
1951| 0 24 0
1952| 0 28 0
1953| 0 32 0
1954| 0 36 0
1955| 0 40 0
1956| 0 43,99999 0
1957| 0 47,99999 0
1958| 0 51,99999 0
1959| 0 55,99999 0
1960| 0 60 0
1961| 0 64 0
1962| 0 68 0
1963| 0 72 0
1964| 0 76,00001 0
1965| 0 80,00001 0
1966| 0 84,00001 0
1967| 0 88,00002 0
1968| 0 92,00002 0
1969| 0 96,00002 0
1970| 0 100 0
1971| 0 104 0
1972| 0 108 0
1973| 0 112 0
1974| 0 116 0
1975| 0 120 0
1976| 0 124 0
1977| 0 128 0
1978| 0 132 0
1979| 0 136 0
1980| -0,3 140 0
1981| -0,6 144 0
1982| -0,9 148 0
1983| -1,2 152 0
1984| -1,2 156 0
1985| -1,2 160 0
1986| -1,2 164 0
1987| -1,2 168 0
1988| -1,2 171,9999 0
1989| -1,2 175,9999 0
1990| -1,2 179,9999 0
1991| -1,2 183,9999 0
1992| -1,2 187,9999 0
1993| -1,2 191,9999 0
1994| -1,2 195,9999 0
1995| -1,2 199,9999 0
1996| -1,2 203,9999 0
1997| -1,2 207,9999 0
1998| -1,2 211,9999 0
1999| -1,2 215,9999 0
2000| -1,2 219,9999 0
2001| -1,2 223,9999 0
2002| -1,2 227,9999 0
2003| -1,2 231,9999 0
2004| -1,2 235,9999 0
2005| -1,2 239,9999 0
2006| -1,2 243,9999 0
2007| -1,2 247,9999 0
2008| -1,2 251,9999 0
2009| -1,2 255,9999 0
2010| -1,2 259,9999 0
2011| -1,2 263,9999 0
2012| -1,2 267,9999 0
2013| -1,2 271,9998 0
2014| -1,2 275,9998 0
2015| -1,2 279,9998 0
2016| -1,2 283,9998 0
2017| -1,5 287,9998 0
2018| -1,8 291,9998 0
2019| -2,1 295,9998 0
2020| -2,4 299,9998 0
2021| -2,7 303,9998 0
2022| -3 307,9998 0
2023| -3,299999 311,9998 0
2024| 0 315,9998 0
2025| 0,3 319,9998 0
2026| 0,6 323,9998 0
2027| 0,9 327,9998 0
2028| 1,2 331,9998 0
2029| 1,5 335,9998 0
2030| 1,8 339,9998 0
2031| 2,1 343,9998 0
2032| 2,4 347,9998 0
2033| 2,7 351,9998 0
2034| 3 355,9998 0
2035| 3,299999 359,9998 0
2036| 3,599999 363,9998 0
2037| 3,899999 367,9998 0
2038| 4,2 371,9998 0
2039| 4,5 375,9998 0
2040| 4,8 379,9998 0
2041| 5,1 383,9998 0
2042| 5,4 387,9998 0
2043| 5,7 391,9998 0
2044| 6 395,9998 0
2045| 6 399,9997 0
2046| 6 400 0
2047| 0 400 0
2048| -0,3 400 0
2049| -0,6 400 0
2050| -0,9 400 0
2051| -1,2 400 0
2052| -1,5 400 0
2053| -1,8 400 0
2054| -2,1 400 0
2055| -2,4 400 0
2056| -2,7 400 0
2057| -3 400 0
2058| -3,299999 400 0
2059| -3,599999 400 0
2060| -3,899999 400 0
2061| -4,2 400 0
2062| -4,5 400 0
2063| -4,8 400 0
2064| -5,1 400 0
2065| 0 400 0
2066| 0,3 400 0
2067| 0,6 400 0
2068| 0,9 400 0
2069| 1,2 400 0
2070| 1,5 400 0
2071| 1,8 400 0
2072| 2,1 400 0
2073| 2,4 400 0
2074| 2,7 400 0
2075| 3 400 0
2076| 3,299999 400 0
2077| 3,599999 400 0
2078| 3,899999 400 0
2079| 4,2 400 0
2080| 4,5 400 0
2081| 0 400 0
2082| -0,3 400 0
2083| -0,6 400 0
2084| -0,9 400 0
2085| -1,2 400 0
2086| -1,5 400 0
2087| -1,8 400 0
2088| -2,1 400 0
2089| -2,4 400 0
2090| -2,7 400 0
2091| -3 400 0
2092| -3,299999 400 0
2093| -3,599999 400 0
2094| -3,899999 400 0
2095| -4,2 400 0
2096| -4,5 400 0
2097| -4,8 400 0
2098| -5,1 400 0
2099| -5,4 400 0
2100| -5,7 400 0
2101| -6 400 0
2102| -6,300001 400 0
2103| -6,600001 400 0
2104| -6,600001 400 0
2105| -6,600001 400 0
2106| -6,600001 400 0
2107| -6,600001 400 0
2108| -6,600001 400 0
2109| -6,600001 400 0
2110| -6,600001 400 0
2111| -6,600001 400 0
2112| -6,600001 400 0
2113| 0 400 0
2114| 0,3 400 0
2115| 0,6 400 0
2116| 0,9 400 0
2117| 1,2 400 0
2118| 1,5 400 0
2119| 1,8 400 0
2120| 2,1 400 0
2121| 2,4 400 0
2122| 2,7 400 0
2123| 3 400 0
2124| 3,299999 400 0
2125| 3,599999 400 0
2126| 3,899999 400 0
2127| 4,2 400 0
2128| 4,5 400 0
2129| 4,8 400 0
2130| 5,1 400 0
2131| 5,4 400 0
2132| 5,7 400 0
2133| 6 400 0
2134| 6 400 0
2135| 6 400 0
2136| 6 400 0
2137| 6 400 0
2138| 6 400 0
2139| 6 400 0
2140| 6 400 0
2141| 6 400 0
2142| 6 400 0
2143| 6 400 0
2144| 6 400 0
2145| 6 400 0
2146| 6 400 0
2147| 6 400 0
2148| 6 400 0
2149| 6 400 0
2150| 6 400 0
2151| 6 400 0
2152| 6 400 0
2153| 6 400 0
2154| 0 400 0
2155| -0,3 400 0
2156| -0,6 400 0
2157| -0,9 400 0
2158| -1,2 400 0
2159| -1,5 400 0
2160| -1,8 400 0
2161| -2,1 400 0
2162| -2,4 400 0
2163| -2,7 400 0
2164| -3 400 0
2165| -3,299999 400 0
2166| -3,299999 400 0
2167| -3,299999 400 0
2168| -3,299999 400 0
2169| -3,299999 400 0
2170| -3,299999 400 0
2171| -3,299999 400 0
2172| -3,299999 400 0
2173| -3,299999 400 0
2174| -3,299999 400 0
2175| -3,299999 400 0
2176| -3,299999 400 0
2177| -3,299999 400 0
2178| -3,299999 400 0
2179| -3,299999 400 0
2180| -3,299999 400 0
2181| -3,299999 400 0
2182| -3,299999 400 0
2183| -3,299999 400 0
2184| -3,299999 400 0
2185| -3,299999 400 0
2186| -3,299999 400 0
2187| -3,299999 400 0
2188| -3,299999 400 0
2189| -3,299999 400 0
2190| 0 400 0
2191| 0,3 400 0
2192| 0,6 400 0
2193| 0,9 400 0
2194| 1,2 400 0
2195| 1,5 400 0
2196| 1,8 400 0
2197| 2,1 400 0
2198| 2,4 400 0
2199| 2,7 400 0
2200| 3 400 0
2201| 3,299999 400 0
2202| 3,299999 400 0
2203| 3,299999 400 0
2204| 3,599999 400 0
2205| 3,899999 400 0
2206| 4,2 400 0
2207| 4,2 400 0
2208| 4,2 400 0
2209| 4,2 400 0
2210| 4,2 400 0
2211| 4,2 400 0
2212| 4,2 400 0
2213| 4,2 400 0
2214| 4,2 400 0
2215| 4,2 400 0
2216| 4,2 400 0
2217| 4,2 400 0
2218| 4,2 400 0
2219| 4,2 400 0
2220| 4,2 400 0
2221| 4,2 400 0
2222| 4,2 400 0
2223| 4,2 400 0
2224| 0 400 0
2225| -0,3 400 0
2226| -0,6 400 0
2227| -0,9 400 0
2228| -1,2 400 0
2229| -1,5 400 0
2230| -1,8 400 0
2231| -2,1 400 0
2232| -2,4 400 0
2233| -2,7 400 0
2234| -3 400 0
2235| -3,299999 400 0
2236| -3,599999 400 0
2237| -3,599999 400 0
2238| -3,599999 400 0
2239| -3,599999 400 0
2240| -3,599999 400 0
2241| -3,599999 400 0
2242| -3,599999 400 0
2243| -3,599999 400 0
2244| -3,599999 400 0
2245| -3,899999 400 0
2246| -4,2 400 0
2247| -4,5 400 0
2248| -4,8 400 0
2249| -5,1 400 0
2250| -5,4 400 0
2251| -5,7 400 0
2252| 0 0 0
2253| 0 0 0
2254| 0 0 0
2255| 0 0 0
2256| 0 0 0
2257| 0 0 0
2258| 0 0 0
2259| 0 0 0
2260| 0 0 0
2261| 0 0 0
2262| 0 0 0
2263| 0 0 0
2264| 0 0 0
2265| 0 0 0
2266| 0 0 0
2267| 0 0 0
2268| 0 0 0
2269| 0 0 0
2270| 0 4 0
2271| 0 8 0
2272| 0 12 0
2273| 0 16 0
2274| 0 20 0
2275| 0 24 0
2276| 0 28 0
2277| 0 32 0
2278| 0 36 0
2279| 0 40 0
2280| 0 43,99999 0
2281| 0 47,99999 0
2282| 0 51,99999 0
2283| 0 0 0
2284| 0 0 0
2285| 0 0 0
2286| 0 0 0
2287| 0 0 0
2288| 0 0 0
2289| 0 0 0
2290| 0 0 0
2291| 0 0 0
2292| 0 0 0
2293| 0 0 0
2294| 0 0 0
2295| 0 0 0
2296| 0 0 0
2297| 0 0 0
2298| 0 0 0
2299| 0 0 0
2300| 0 0 0
2301| 0 0 0
2302| 0 0 0
2303| 0 0 0
2304| 0 4 0
2305| 0 8 0
2306| 0 12 0
2307| 0 16 0
2308| 0 20 0
2309| 0 24 0
2310| 0 28 0
2311| 0 32 0
2312| 0 36 0
2313| 0 40 0
2314| 0 43,99999 0
2315| 0 47,99999 0
2316| 0 51,99999 0
2317| 0 55,99999 0
2318| 0 60 0
2319| 0 64 0
2320| 0 0 0
2321| 0 0 0
2322| 0 0 0
2323| 0 0 0
2324| 0 0 0
2325| 0 0 0
2326| 0 0 0
2327| 0 0 0
2328| 0 0 0
2329| 0 0 0
2330| 0 0 0
2331| 0 0 0
2332| 0 0 0
2333| 0 0 0
2334| 0 4 0
2335| 0 8 0
2336| 0 12 0
2337| 0 0 0
2338| 0 0 0
2339| 0 0 0
2340| 0 4 0
2341| 0 8 0
2342| 0 12 0
2343| 0 16 0
2344| 0 20 0
2345| 0 24 0
2346| 0 28 0
2347| 0 32 0
2348| 0 36 0
2349| 0 40 0
2350| 0 43,99999 0
2351| 0 47,99999 0
2352| 0 51,99999 0
2353| 0 55,99999 0
2354| 0 60 0
2355| 0 64 0
2356| 0 68 0
2357| 0 72 0
2358| 0 76,00001 0
2359| 0 80,00001 0
2360| 0 84,00001 0
2361| 0 88,00002 0
2362| 0 92,00002 0
2363| 0,3 96,00002 0
2364| 0,6 100 0
2365| 0,9 104 0
2366| 0,9 108 0
2367| 0 0 0
2368| 0 0 0
2369| 0 0 0
2370| 0 0 0
2371| 0 0 0
2372| 0,3 0 0
2373| 0,6 0 0
2374| 0,9 0 0
2375| 1,2 0 0
2376| 0 0 0
2377| 0 0 0
2378| 0 0 0
2379| 0 0 0
2380| 0 0 0
2381| 0 0 0
2382| 0 0 0
2383| 0 0 0
2384| 0 0 0
2385| 0,3 0 0
2386| 0,6 0 0
2387| 0,9 0 0
2388| 1,2 0 0
2389| 1,5 0 0
2390| 1,8 0 0
2391| 2,1 0 0
2392| 0 0 0
2393| 0,3 0 0
2394| 0,6 0 0
2395| 0,9 0 0
2396| 1,2 0 0
2397| 0 0 0
2398| 0 0 0
2399| 0 0 0
2400| 0 0 0
2401| 0 0 0
2402| 0,3 0 0
2403| 0,6 0 0
2404| 0,9 0 0
2405| 1,2 0 0
2406| 1,5 0 0
2407| 0 0 0
2408| 0 0 0
2409| 0 0 0
2410| 0 0 0
2411| 0 0 0
2412| 0 0 0
2413| 0 0 0
2414| 0 0 0
2415| 0 0 0
2416| 0,3 0 0
2417| 0,6 4 0
2418| 0,9 4 0
2419| 1,2 4 0
2420| 1,5 4 0
2421| 1,8 4 0
2422| 2,1 4 0
2423| 2,4 4 0
2424| 2,7 4 0
2425| 3 4 0
2426| 3,299999 4 0
2427| 3,599999 4 0
2428| 3,899999 4 0
2429| 4,2 4 0
2430| 0 0 0
2431| 0,3 0 0
2432| 0,6 0 0
2433| 0,9 0 0
2434| 1,2 0 0
2435| 1,5 0 0
2436| 1,8 0 0
2437| 0 0 0
2438| 0 0 0
2439| 0 0 0
2440| 0 0 0
2441| 0 0 0
2442| 0 0 0
2443| 0 0 0
2444| 0 0 0
2445| 0,3 0 0
2446| 0,6 0 0
2447| 0,9 0 0
2448| 1,2 0 0
2449| 1,5 0 0
2450| 1,8 0 0
2451| 2,1 0 0
2452| 2,4 0 0
2453| 2,7 0 0
2454| 3 0 0
2455| 3,299999 0 0
2456| 3,599999 0 0
2457| 3,899999 0 0
2458| 4,2 0 0
2459| 4,5 0 0
2460| 4,8 0 0
2461| 5,1 0 0
2462| 5,4 0 0
2463| 5,7 0 0
2464| 6 0 0
2465| 6,300001 0 0
2466| 6,600001 0 0
2467| 6,900001 0 0
2468| 7,200001 0 0
2469| 7,500001 0 0
2470| 7,800001 0 0
2471| 8,1 0 0
2472| 0 0 0
2473| 0 0 0
2474| 0 0 0
2475| 0 0 0
2476| 0 0 0
2477| 0 0 0
2478| 0 0 0
2479| 0 0 0
2480| 0 0 0
2481| -0,3 0 0
2482| -0,6 0 0
2483| -0,9 0 0
2484| -1,2 0 0
2485| -1,5 0 0
2486| 0 0 0
2487| 0 0 0
2488| 0 0 0
2489| 0 0 0
2490| 0 0 0
2491| 0 0 0
2492| 0 0 0
2493| 0 0 0
2494| 0 0 0
2495| 0 0 0
2496| 0 0 0
2497| 0 0 0
2498| 0 0 0
2499| 0 0 0
2500| 0 0 0
2501| 0 0 0
2502| 0 0 0
2503| 0 0 0
2504| 0 0 0
2505| 0 0 0
2506| 0 0 0
2507| 0 0 0
2508| 0 0 0
2509| 0 4 0
2510| 0 8 0
2511| 0 12 0
2512| 0 16 0
2513| 0 20 0
2514| 0 24 0
2515| 0 28 0
2516| 0 32 0
2517| 0 36 0
2518| 0 40 0
2519| 0 43,99999 0
2520| 0 47,99999 0
2521| 0 51,99999 0
2522| 0 55,99999 0
2523| 0,3 60 0
2524| 0,3 64 0
2525| 0,3 68 0
2526| 0 0 0
2527| 0 0 0
2528| 0 0 0
2529| 0 0 0
2530| 0 0 0
2531| 0 0 0
2532| 0 0 0
2533| 0 0 0
2534| 0 0 0
2535| 0 0 0
2536| 0 0 0
2537| 0,3 0 0
2538| 0,6 0 0
2539| 0,9 0 0
2540| 0 0 0
2541| 0 0 0
2542| 0 0 0
2543| 0 0 0
2544| 0 0 0
2545| 0 0 0
2546| 0,3 0 0
2547| 0,6 0 0
2548| 0,9 0 0
2549| 1,2 0 0
2550| 1,5 0 0
2551| 1,8 0 0
2552| 0 0 0
2553| 0 0 0
2554| 0 0 0
2555| 0 0 0
2556| 0,3 0 0
2557| 0,6 0 0
2558| 0,9 0 0
2559| 1,2 0 0
2560| 1,5 0 0
2561| 1,8 0 0
2562| 2,1 0 0
2563| 2,4 0 0
2564| 0 0 0
2565| 0 0 0
2566| 0 0 0
2567| 0,3 0 0
2568| 0,6 0 0
2569| 0,9 0 0
2570| 1,2 0 0
2571| 1,5 0 0
2572| 1,8 0 0
2573| 2,1 0 0
2574| 2,4 0 0
2575| 2,7 0 0
2576| 3 0 0
2577| 3,299999 0 0
2578| 3,599999 0 0
2579| 3,899999 0 0
2580| 4,2 0 0
2581| 4,5 0 0
2582| 4,8 0 0
2583| 5,1 0 0
2584| 5,4 0 0
2585| 5,7 0 0
2586| 6 0 0
2587| 6,300001 0 0
2588| 6,600001 0 0
2589| 6,900001 0 0
2590| 7,200001 0 0
2591| 7,500001 0 0
2592| 7,800001 0 0
2593| 8,1 0 0
2594| 8,4 0 0
2595| 8,7 0 0
2596| 8,999999 0 0
2597| 9,299999 0 0
2598| 9,599998 0 0
2599| 9,899999 0 0
2600| 10,2 0 0
2601| 10,5 0 0
2602| 10,8 0 0
2603| 0 0 0
2604| 0 0 0
2605| 0 0 0
2606| 0 0 0
2607| 0 0 0
2608| 0 0 0
2609| 0 0 0
2610| 0 0 0
2611| 0 0 0
2612| 0 0 0
2613| 0 0 0
2614| 0 0 0
2615| -0,3 0 0
2616| -0,6 0 0
2617| 0 0 0
2618| 0 0 0
2619| 0 0 0
2620| 0 0 0
2621| 0 0 0
2622| 0 0 0
2623| 0 0 0
2624| 0 0 0
2625| 0 0 0
2626| 0 0 0
2627| 0 0 0
2628| 0 0 0
2629| 0 0 0
2630| 0 0 0
2631| 0 0 0
2632| 0 0 0
2633| 0 0 0
2634| 0 0 0
2635| 0 0 0
2636| 0 0 0
2637| 0 0 0
2638| 0,3 0 0
2639| 0,6 0 0
2640| 0,9 0 0
2641| 1,2 0 0
2642| 1,5 0 0
2643| 0 0 0
2644| 0 0 0
2645| 0 0 0
2646| 0 0 0
2647| 0 0 0
2648| 0 0 0
2649| 0 0 0
2650| 0 0 0
2651| 0 0 0
2652| 0 0 0
2653| 0 0 0
2654| 0 0 0
2655| 0 0 0
2656| 0 0 0
2657| 0 0 0
2658| 0,3 0 0
2659| 0,6 0 0
2660| 0,9 0 0
2661| 1,2 0 0
2662| 0 0 0
2663| 0 0 0
2664| 0 0 0
2665| 0 0 0
2666| 0,3 0 0
2667| 0,6 0 0
2668| 0,9 0 0
2669| 1,2 0 0
2670| 1,5 0 0
2671| 1,8 0 0
2672| 2,1 0 0
2673| 2,4 0 0
2674| 0 0 0
2675| 0 0 0
2676| 0 0 0
2677| 0 0 0
2678| 0 0 0
2679| 0 4 0
2680| 0,3 8 0
2681| 0,6 12 0
2682| 0,9 16 0
2683| 1,2 20 0
2684| 1,5 24 0
2685| 1,5 28 0
2686| 1,5 32 0
2687| 1,5 36 0
2688| 1,5 40 0
2689| 1,8 43,99999 0
2690| 2,1 47,99999 0
2691| 2,4 51,99999 0
2692| 2,7 55,99999 0
2693| 3 60 0
2694| 3,299999 64 0
2695| 3,599999 64 0
2696| 3,899999 64 0
2697| 4,2 64 0
2698| 0 0 0
2699| 0 0 0
2700| 0 0 0
2701| 0 0 0
2702| 0,3 0 0
2703| 0,6 4 0
2704| 0,9 8 0
2705| 1,2 12 0
2706| 1,5 16 0
2707| 1,8 20 0
2708| 2,1 24 0
2709| 2,4 28 0
2710| 2,7 32 0
2711| 3 36 0
2712| 3,299999 40 0
2713| 3,599999 43,99999 0
2714| 3,599999 47,99999 0
2715| 3,599999 51,99999 0
2716| 3,599999 55,99999 0
2717| 3,899999 60 0
2718| 4,2 64 0
2719| 4,5 68 0
2720| 4,8 72 0
2721| 5,1 76,00001 0
2722| 5,1 80,00001 0
2723| 5,1 84,00001 0
2724| 5,1 88,00002 0
2725| 5,1 92,00002 0
2726| 5,1 96,00002 0
2727| 5,1 100 0
2728| 5,1 104 0
2729| 5,1 108 0
2730| 5,1 112 0
2731| 5,1 116 0
2732| 5,1 120 0
2733| 5,1 124 0
2734| 5,1 128 0
2735| 5,1 132 0
2736| 5,1 136 0
2737| 5,1 140 0
2738| 5,1 144 0
2739| 5,1 148 0
2740| 5,1 152 0
2741| 0 156 0
2742| -0,3 160 0
2743| -0,6 164 0
2744| -0,9 168 0
2745| -1,2 171,9999 0
2746| -1,5 175,9999 0
2747| -1,8 179,9999 0
2748| -2,1 183,9999 0
2749| -2,4 187,9999 0
2750| -2,7 191,9999 0
2751| -3 195,9999 0
2752| -3,299999 199,9999 0
2753| -3,599999 203,9999 0
2754| -3,899999 207,9999 0
2755| -4,2 211,9999 0
2756| -4,5 215,9999 0
2757| -4,5 219,9999 0
2758| -4,5 223,9999 0
2759| -4,5 227,9999 0
2760| -4,5 231,9999 0
2761| -4,5 235,9999 0
2762| 0 0 0
2763| 0 0 0
2764| 0 0 0
2765| 0 0 0
2766| 0 0 0
2767| -0,3 0 0
2768| -0,6 0 0
2769| -0,9 0 0
2770| 0 0 0
2771| 0 0 0
2772| 0 0 0
2773| 0 0 0
2774| 0 0 0
2775| 0 0 0
2776| 0 0 0
2777| -0,3 0 0
2778| -0,6 0 0
2779| -0,9 0 0
2780| -1,2 0 0
2781| -1,5 0 0
2782| -1,8 4 0
2783| -1,8 8 0
2784| -1,8 12 0
2785| -1,8 16 0
2786| -1,8 20 0
2787| -1,8 24 0
2788| -1,8 28 0
2789| -1,8 32 0
2790| -1,8 36 0
2791| -1,8 40 0
2792| -1,8 43,99999 0
2793| -1,8 47,99999 0
2794| -1,8 51,99999 0
2795| -1,8 55,99999 0
2796| -1,8 60 0
2797| -2,1 64 0
2798| -2,4 68 0
2799| -2,7 72 0
2800| -3 76,00001 0
2801| -3 80,00001 0
2802| -3 84,00001 0
2803| -3 88,00002 0
2804| -3 92,00002 0
2805| -3 96,00002 0
2806| -3 100 0
2807| -3 104 0
2808| -3 108 0
2809| -3 112 0
2810| -3 116 0
2811| -3 120 0
2812| 0 124 0
2813| 0,3 128 0
2814| 0,6 132 0
2815| 0,9 136 0
2816| 1,2 140 0
2817| 0 0 0
2818| 0 0 0
2819| 0 0 0
2820| 0 0 0
2821| 0 0 0
2822| 0 0 0
2823| 0 0 0
2824| 0 0 0
2825| 0 4 0
2826| 0,3 8 0
2827| 0,3 12 0
2828| 0,3 16 0
2829| 0,3 20 0
2830| 0,3 24 0
2831| 0,3 28 0
2832| 0,3 32 0
2833| 0,3 36 0
2834| 0,3 40 0
2835| 0,3 43,99999 0
2836| 0,3 47,99999 0
2837| 0 0 0
2838| 0 0 0
2839| 0 0 0
2840| 0 0 0
2841| 0 0 0
2842| 0 0 0
2843| 0 0 0
2844| 0 0 0
2845| 0 4 0
2846| 0 8 0
2847| 0 12 0
2848| 0 16 0
2849| 0 20 0
2850| 0 24 0
2851| 0 28 0
2852| 0 32 0
2853| 0 36 0
2854| 0 40 0
2855| 0 43,99999 0
2856| 0 47,99999 0
2857| 0 51,99999 0
2858| 0 55,99999 0
2859| 0 60 0
2860| 0 64 0
2861| 0 68 0
2862| 0 72 0
2863| 0 76,00001 0
2864| 0 80,00001 0
2865| 0 84,00001 0
2866| 0 88,00002 0
2867| 0 92,00002 0
2868| 0 96,00002 0
2869| 0 100 0
2870| 0 104 0
2871| 0 108 0
2872| 0 112 0
2873| 0 116 0
2874| 0 120 0
2875| 0 124 0
2876| 0 128 0
2877| 0 132 0
2878| 0 136 0
2879| -0,3 140 0
2880| -0,6 144 0
2881| -0,9 148 0
2882| -1,2 152 0
2883| -1,5 156 0
2884| -1,8 160 0
2885| -2,1 164 0
2886| -2,4 168 0
2887| -2,7 171,9999 0
2888| -3 175,9999 0
2889| -3,299999 179,9999 0
2890| -3,599999 183,9999 0
2891| -3,899999 187,9999 0
2892| -4,2 191,9999 0
2893| -4,5 195,9999 0
2894| -4,8 199,9999 0
2895| -4,8 203,9999 0
2896| -4,8 207,9999 0
2897| -4,8 211,9999 0
2898| -4,8 215,9999 0
2899| -4,8 219,9999 0
2900| -4,8 223,9999 0
2901| -4,8 227,9999 0
2902| -4,8 231,9999 0
2903| -4,8 235,9999 0
2904| -4,8 239,9999 0
2905| -5,1 243,9999 0
2906| -5,4 247,9999 0
2907| -5,7 251,9999 0
2908| -6 255,9999 0
2909| -6 259,9999 0
2910| -6 263,9999 0
2911| -6 267,9999 0
2912| -6 271,9998 0
2913| -6 275,9998 0
2914| -6 279,9998 0
2915| -6 283,9998 0
2916| 0 287,9998 0
2917| 0,3 291,9998 0
2918| 0,6 295,9998 0
2919| 0,9 299,9998 0
2920| 0,9 303,9998 0
2921| 0,9 307,9998 0
2922| 0,9 311,9998 0
2923| 0,9 315,9998 0
2924| 0,9 319,9998 0
2925| 0,9 323,9998 0
2926| 0,9 327,9998 0
2927| 0,9 331,9998 0
2928| 0,9 335,9998 0
2929| 1,2 339,9998 0
2930| 1,5 343,9998 0
2931| 1,8 347,9998 0
2932| 1,8 351,9998 0
2933| 1,8 355,9998 0
2934| 1,8 359,9998 0
2935| 1,8 363,9998 0
2936| 1,8 367,9998 0
2937| 1,8 371,9998 0
2938| 1,8 375,9998 0
2939| 1,8 379,9998 0
2940| 1,8 383,9998 0
2941| 1,8 387,9998 0
2942| 1,8 391,9998 0
2943| 1,8 395,9998 0
2944| 1,8 399,9997 0
2945| 1,8 400 0
2946| 1,8 400 0
2947| 1,8 400 0
2948| 1,8 400 0
2949| 1,8 400 0
2950| 1,8 400 0
2951| 1,8 400 0
2952| 1,8 400 0
2953| 1,8 400 0
2954| 1,8 400 0
2955| 1,8 400 0
2956| 1,8 400 0
2957| 1,8 400 0
2958| 1,8 400 0
2959| 1,8 400 0
2960| 1,8 400 0
2961| 1,8 400 0
2962| 1,8 400 0
2963| 1,8 400 0
2964| 1,8 400 0
2965| 1,8 400 0
2966| 1,8 400 0
2967| 1,8 400 0
2968| 1,8 400 0
2969| 1,8 400 0
2970| 1,8 400 0
2971| 1,8 400 0
2972| 1,8 400 0
2973| 1,8 400 0
2974| 1,8 400 0
2975| 1,8 400 0
2976| 1,8 400 0
2977| 1,8 400 0
2978| 1,8 400 0
2979| 1,8 400 0
2980| 1,8 400 0
2981| 1,8 400 0
2982| 1,8 400 0
2983| 0 400 0
2984| -0,3 400 0
2985| -0,6 400 0
2986| -0,9 400 0
2987| -0,9 400 0
2988| -0,9 400 0
2989| -0,9 400 0
2990| -0,9 400 0
2991| -0,9 400 0
2992| -1,2 400 0
2993| -1,5 400 0
2994| -1,8 400 0
2995| -2,1 400 0
2996| -2,4 400 0
2997| -2,4 400 0
2998| -2,4 400 0
2999| -2,4 400 0
3000| -2,4 400 0
3001| -2,4 400 0
3002| -2,4 400 0
3003| -2,4 400 0
3004| -2,4 400 0
3005| -2,4 400 0
3006| -2,4 400 0
3007| -2,4 400 0
3008| -2,4 400 0
3009| -2,4 400 0
3010| 0 0 0
3011| 0 0 0
3012| 0 0 0
3013| 0 0 0
3014| 0 0 0
3015| 0 0 0
3016| 0 0 0
3017| 0 0 0
3018| 0 0 0
3019| 0 0 0
3020| 0 0 0
3021| 0 0 0
3022| 0 0 0
3023| 0 0 0
3024| 0 0 0
3025| 0 0 0
3026| 0 0 0
3027| 0 0 0
3028| 0 0 0
3029| 0 0 0
3030| 0 0 0
3031| 0 0 0
3032| 0 0 0
3033| 0 0 0
3034| 0,3 0 0
3035| 0,3 -4 0
3036| 0,3 -8 0
3037| 0,3 -12 0
3038| 0,3 -16 0
3039| 0,6 -20 0
3040| 0,9 -24 0
3041| 1,2 -28 0
3042| 1,5 -32 0
3043| 1,8 -36 0
3044| 2,1 -40 0
3045| 2,1 -43,99999 0
3046| 2,1 -47,99999 0
3047| 2,1 -51,99999 0
3048| 2,1 -55,99999 0
3049| 2,1 -60 0
3050| 2,1 -64 0
3051| 2,1 -68 0
3052| 0 0 0
3053| 0 0 0
3054| 0 0 0
3055| 0,3 0 0
3056| 0,6 0 0
3057| 0,9 0 0
3058| 1,2 0 0
3059| 1,5 0 0
3060| 1,8 0 0
3061| 2,1 0 0
3062| 2,4 0 0
3063| 2,7 0 0
3064| 3 -4 0
3065| 3,299999 -8 0
3066| 3,599999 -12 0
3067| 3,899999 -16 0
3068| 4,2 -20 0
3069| 4,5 -24 0
3070| 4,8 -28 0
3071| 5,1 -32 0
3072| 5,4 -36 0
3073| 5,7 -40 0
3074| 6 -43,99999 0
3075| 6,300001 -47,99999 0
3076| 6,600001 -51,99999 0
3077| 6,900001 -55,99999 0
3078| 7,200001 -60 0
3079| 7,500001 -64 0
3080| 7,800001 -68 0
3081| 8,1 -72 0
3082| 8,4 -76,00001 0
3083| 8,7 -80,00001 0
3084| 8,999999 -84,00001 0
3085| 9,299999 -88,00002 0
3086| 9,599998 -92,00002 0
3087| 9,899999 -96,00002 0
3088| 10,2 -100 0
3089| 10,5 -104 0
3090| 10,8 -108 0
3091| 11,1 -112 0
3092| 11,4 -116 0
3093| 11,7 -120 0
3094| 12 -124 0
3095| 12,3 -128 0
3096| 12,6 -132 0
3097| 12,6 -136 0
3098| 0 0 0
3099| 0 0 0
3100| 0 0 0
3101| 0 0 0
3102| 0 0 0
3103| 0 0 0
3104| 0 0 0
3105| 0 0 0
3106| 0 0 0
3107| 0 0 0
3108| 0 -4 0
3109| 0 -8 0
3110| 0 -12 0
3111| 0 -16 0
3112| 0 -20 0
3113| 0 -24 0
3114| 0 -28 0
3115| 0 -32 0
3116| 0 -36 0
3117| 0 -40 0
3118| 0 -43,99999 0
3119| 0 -47,99999 0
3120| 0 -51,99999 0
3121| 0 -55,99999 0
3122| 0 -60 0
3123| 0 -64 0
3124| 0 -68 0
3125| 0 -72 0
3126| 0 -76,00001 0
3127| 0 -80,00001 0
3128| 0 -84,00001 0
3129| 0 -88,00002 0
3130| 0 -92,00002 0
3131| 0 -96,00002 0
3132| 0 -100 0
3133| 0 -104 0
3134| 0 -108 0
3135| 0 -112 0
3136| 0 -116 0
3137| 0 -120 0
3138| 0 -124 0
3139| 0 -128 0
3140| 0 -132 0
3141| 0 -136 0
3142| 0 -140 0
3143| 0 -144 0
3144| 0 -148 0
3145| 0 -152 0
3146| 0 -156 0
3147| 0 -160 0
3148| 0 -164 0
3149| 0 -168 0
3150| 0 -171,9999 0
3151| 0 -175,9999 0
3152| 0 -179,9999 0
3153| 0 -183,9999 0
3154| 0 -187,9999 0
3155| 0 -191,9999 0
3156| 0 -195,9999 0
3157| 0 -199,9999 0
3158| 0 -203,9999 0
3159| 0 -207,9999 0
3160| 0 -211,9999 0
3161| 0 -215,9999 0
3162| 0 -219,9999 0
3163| 0 -223,9999 0
3164| 0 -227,9999 0
3165| 0 -231,9999 0
3166| 0 -235,9999 0
3167| 0 -239,9999 0
3168| 0 -243,9999 0
3169| 0 -247,9999 0
3170| 0 -251,9999 0
3171| 0 -255,9999 0
3172| 0 -259,9999 0
3173| 0 -263,9999 0
3174| 0 -267,9999 0
3175| 0 -271,9998 0
3176| 0 -275,9998 0
3177| 0 -279,9998 0
3178| 0 -283,9998 0
3179| 0 -287,9998 0
3180| 0 -291,9998 0
3181| 0 -295,9998 0
3182| 0 -299,9998 0
3183| 0 -303,9998 0
3184| 0 -307,9998 0
3185| 0 -311,9998 0
3186| 0 -315,9998 0
3187| 0 -319,9998 0
3188| 0 -323,9998 0
3189| 0 -327,9998 0
3190| 0 -331,9998 0
3191| 0 -335,9998 0
3192| 0 -339,9998 0
3193| 0 -343,9998 0
3194| 0 -347,9998 0
3195| 0 -351,9998 0
3196| 0 -355,9998 0
3197| 0 -359,9998 0
3198| 0 -363,9998 0
3199| 0 -367,9998 0
3200| 0 -371,9998 0
3201| 0 -375,9998 0
3202| 0 -379,9998 0
3203| 0 -383,9998 0
3204| 0 -387,9998 0
3205| 0 -391,9998 0
3206| 0 -395,9998 0
3207| 0 -399,9997 0
3208| 0 -400 0
3209| 0 -400 0
3210| 0 -400 0
3211| 0 -400 0
3212| 0 -400 0
3213| 0 -400 0
3214| 0 -400 0
3215| 0 0 0
3216| 0 0 0
3217| 0 0 0
3218| 0 0 0
3219| 0 0 0
3220| 0 0 0
3221| 0 0 0
3222| 0 0 0
3223| 0 0 0
3224| 0 0 0
3225| 0 0 0
3226| 0 0 0
3227| 0 0 0
3228| 0 0 0
3229| 0 0 0
3230| 0 0 0
3231| 0 0 0
3232| 0 0 0
3233| 0 0 0
3234| 0 0 0
3235| 0,3 0 0
3236| 0,6 0 0
3237| 0,9 0 0
3238| 1,2 0 0
3239| 1,5 0 0
3240| 1,8 0 0
3241| 2,1 0 0
3242| 2,4 0 0
3243| 2,7 0 0
3244| 3 0 0
3245| 3,299999 0 0
3246| 0 0 0
3247| 0 0 0
3248| 0 0 0
3249| 0 0 0
3250| 0 0 0
3251| 0 0 0
3252| 0 0 0
3253| 0 0 0
3254| 0 0 0
3255| 0 0 0
3256| 0 0 0
3257| 0 0 0
3258| 0 0 0
3259| 0,3 0 0
3260| 0,6 0 0
3261| 0,9 0 0
3262| 1,2 0 0
3263| 1,5 0 0
3264| 1,8 0 0
3265| 2,1 0 0
3266| 2,4 0 0
3267| 2,7 0 0
3268| 3 0 0
3269| 3,299999 0 0
3270| 3,599999 0 0
3271| 3,899999 0 0
3272| 4,2 0 0
3273| 4,5 0 0
3274| 4,8 0 0
3275| 5,1 0 0
3276| 5,4 0 0
3277| 5,7 0 0
3278| 6 0 0
3279| 6,300001 0 0
3280| 6,600001 0 0
3281| 0 0 0
3282| 0 0 0
3283| 0 0 0
3284| 0 0 0
3285| 0 0 0
3286| 0 0 0
3287| 0,3 0 0
3288| 0,6 0 0
3289| 0,9 0 0
3290| 1,2 0 0
3291| 1,5 0 0
3292| 0 0 0
3293| 0 0 0
3294| 0 0 0
3295| 0 0 0
3296| 0 0 0
3297| 0 0 0
3298| 0,3 0 0
3299| 0,6 0 0
3300| 0,9 0 0
3301| 1,2 0 0
3302| 1,5 0 0
3303| 1,8 0 0
3304| 2,1 0 0
3305| 2,4 0 0
3306| 2,7 0 0
3307| 3 -4 0
3308| 3 -8 0
3309| 3 -12 0
3310| 3 -16 0
3311| 3 -20 0
3312| 3 -24 0
3313| 3 -28 0
3314| 3 -32 0
3315| 3 -36 0
3316| 3 -40 0
3317| 3 -43,99999 0
3318| 3 -47,99999 0
3319| 3 -51,99999 0
3320| 3 -55,99999 0
3321| 3 -60 0
3322| 0 0 0
3323| 0 0 0
3324| 0 0 0
3325| 0 0 0
3326| 0 0 0
3327| 0 0 0
3328| 0 0 0
3329| 0 0 0
3330| 0 0 0
3331| 0,3 0 0
3332| 0,6 0 0
3333| 0,9 0 0
3334| 1,2 0 0
3335| 1,5 0 0
3336| 1,8 0 0
3337| 2,1 0 0
3338| 2,4 0 0
3339| 2,7 0 0
3340| 3 0 0
3341| 3,299999 0 0
3342| 3,599999 0 0
3343| 3,899999 0 0
3344| 4,2 0 0
3345| 4,5 0 0
3346| 4,8 0 0
3347| 5,1 0 0
3348| 5,4 0 0
3349| 5,7 0 0
3350| 6 0 0
3351| 6,300001 0 0
3352| 6,600001 0 0
3353| 6,900001 0 0
3354| 7,200001 0 0
3355| 7,500001 0 0
3356| 7,800001 0 0
3357| 8,1 0 0
3358| 8,4 0 0
3359| 8,7 0 0
3360| 8,999999 0 0
3361| 9,299999 0 0
3362| 9,599998 0 0
3363| 9,899999 0 0
3364| 10,2 0 0
3365| 10,5 0 0
3366| 10,8 0 0
3367| 11,1 0 0
3368| 11,4 0 0
3369| 11,7 0 0
3370| 0 0 0
3371| 0 0 0
3372| 0 0 0
3373| 0 0 0
3374| 0 0 0
3375| 0 0 0
3376| 0 0 0
3377| 0 0 0
3378| 0 0 0
3379| 0 0 0
3380| 0 0 0
3381| 0 0 0
3382| 0 0 0
3383| 0 0 0
3384| 0 0 0
3385| 0 0 0
3386| 0 0 0
3387| 0 0 0
3388| 0 0 0
3389| 0 0 0
3390| 0 0 0
3391| 0 0 0
3392| 0 0 0
3393| 0 0 0
3394| 0 0 0
3395| 0 0 0
3396| 0 0 0
3397| 0 0 0
3398| 0 4 0
3399| 0 8 0
3400| 0 12 0
3401| 0 16 0
3402| 0 20 0
3403| 0 24 0
3404| 0,3 28 0
3405| 0,6 32 0
3406| 0,9 36 0
3407| 0,9 40 0
3408| 0,9 43,99999 0
3409| 0,9 47,99999 0
3410| 0,9 51,99999 0
3411| 1,2 55,99999 0
3412| 1,5 60 0
3413| 1,8 64 0
3414| 2,1 68 0
3415| 2,4 72 0
3416| 2,7 76,00001 0
3417| 3 80,00001 0
3418| 3,299999 84,00001 0
3419| 3,599999 88,00002 0
3420| 3,899999 92,00002 0
3421| 4,2 96,00002 0
3422| 4,5 100 0
3423| 4,8 104 0
3424| 5,1 108 0
3425| 5,4 112 0
3426| 5,7 116 0
3427| 6 120 0
3428| 6,300001 124 0
3429| 6,600001 128 0
3430| 6,900001 132 0
3431| 7,200001 136 0
3432| 7,500001 140 0
3433| 7,800001 144 0
3434| 8,1 148 0
3435| 8,4 152 0
3436| 8,7 156 0
3437| 8,999999 160 0
3438| 9,299999 164 0
3439| 9,599998 168 0
3440| 9,899999 171,9999 0
3441| 10,2 175,9999 0
3442| 10,5 179,9999 0
3443| 10,8 183,9999 0
3444| 11,1 187,9999 0
3445| 11,4 191,9999 0
3446| 11,7 195,9999 0
3447| 12 199,9999 0
3448| 12,3 203,9999 0
3449| 12,6 207,9999 0
3450| 12,9 211,9999 0
3451| 13,2 215,9999 0
3452| 13,5 219,9999 0
3453| 13,79999 223,9999 0
3454| 14,09999 227,9999 0
3455| 14,39999 231,9999 0
3456| 14,69999 235,9999 0
3457| 14,99999 239,9999 0
3458| 15,29999 243,9999 0
3459| 15,59999 247,9999 0
3460| 15,89999 251,9999 0
3461| 16,19999 255,9999 0
3462| 16,49999 259,9999 0
3463| 16,79999 263,9999 0
3464| 17,09999 267,9999 0
3465| 17,39999 271,9998 0
3466| 17,69999 275,9998 0
3467| 17,99999 279,9998 0
3468| 18,29999 283,9998 0
3469| 18,59999 287,9998 0
3470| 18,89999 291,9998 0
3471| 19,19999 295,9998 0
3472| 19,49999 299,9998 0
3473| 19,79999 303,9998 0
3474| 20,09999 307,9998 0
3475| 20,39999 311,9998 0
3476| 20,69999 315,9998 0
3477| 20,99999 319,9998 0
3478| 21,29999 323,9998 0
3479| 21,59999 327,9998 0
3480| 21,89999 331,9998 0
3481| 22,19999 335,9998 0
3482| 22,19999 339,9998 0
3483| 0 0 0
3484| 0 0 0
3485| 0 0 0
3486| 0 0 0
3487| 0 0 0
3488| 0 0 0
3489| 0 0 0
3490| 0 0 0
3491| 0 0 0
3492| 0 0 0
3493| 0 0 0
3494| 0,3 4 0
3495| 0,6 8 0
3496| 0,9 12 0
3497| 1,2 16 0
3498| 1,5 20 0
3499| 1,8 24 0
3500| 2,1 28 0
3501| 2,4 32 0
3502| 2,7 36 0
3503| 3 40 0
3504| 3,299999 43,99999 0
3505| 3,599999 47,99999 0
3506| 3,899999 51,99999 0
3507| 4,2 55,99999 0
3508| 4,5 60 0
3509| 4,8 64 0
3510| 5,1 68 0
3511| 5,4 72 0
3512| 5,7 76,00001 0
3513| 6 80,00001 0
3514| 6,300001 84,00001 0
3515| 6,600001 88,00002 0
3516| 6,900001 92,00002 0
3517| 7,200001 96,00002 0
3518| 7,500001 100 0
3519| 7,800001 104 0
3520| 8,1 108 0
3521| 8,4 112 0
3522| 8,7 116 0
3523| 8,999999 120 0
3524| 9,299999 124 0
3525| 9,599998 128 0
3526| 9,899999 132 0
3527| 10,2 136 0
3528| 10,5 140 0
3529| 10,8 144 0
3530| 11,1 148 0
3531| 11,4 152 0
3532| 11,7 156 0
3533| 12 160 0
3534| 12,3 164 0
3535| 12,6 168 0
3536| 12,9 171,9999 0
3537| 13,2 175,9999 0
3538| 13,5 179,9999 0
3539| 13,79999 183,9999 0
3540| 14,09999 187,9999 0
3541| 14,39999 191,9999 0
3542| 14,69999 195,9999 0
3543| 14,99999 199,9999 0
3544| 15,29999 203,9999 0
3545| 15,59999 207,9999 0
3546| 15,89999 211,9999 0
3547| 16,19999 215,9999 0
3548| 16,49999 219,9999 0
3549| 16,79999 223,9999 0
3550| 16,79999 227,9999 0
3551| 16,79999 231,9999 0
3552| 16,79999 235,9999 0
3553| 16,79999 239,9999 0
3554| 16,79999 243,9999 0
3555| 16,79999 247,9999 0
3556| 16,79999 251,9999 0
3557| 16,79999 255,9999 0
3558| 16,79999 259,9999 0
3559| 16,79999 263,9999 0
3560| 16,79999 267,9999 0
3561| 16,79999 271,9998 0
3562| 16,79999 275,9998 0
3563| 16,79999 279,9998 0
3564| 0 0 0
3565| 0 0 0
3566| 0 0 0
3567| 0 0 0
3568| 0 0 0
3569| 0 0 0
3570| -0,3 0 0
3571| -0,6 0 0
3572| -0,9 0 0
3573| -1,2 0 0
3574| -1,5 0 0
3575| -1,8 0 0
3576| -2,1 0 0
3577| 0 0 0
3578| 0 0 0
3579| 0 0 0
3580| 0 0 0
3581| 0 4 0
3582| 0 8 0
3583| 0 12 0
3584| 0 16 0
3585| 0 20 0
3586| 0 24 0
3587| 0 28 0
3588| 0 32 0
3589| 0 36 0
3590| 0,3 40 0
3591| 0,6 43,99999 0
3592| 0,9 47,99999 0
3593| 1,2 51,99999 0
3594| 1,5 55,99999 0
3595| 1,8 60 0
3596| 1,8 64 0
3597| 1,8 68 0
3598| 1,8 72 0
3599| 1,8 76,00001 0
3600| 1,8 80,00001 0
3601| 1,8 84,00001 0
3602| 1,8 88,00002 0
3603| 1,8 92,00002 0
3604| 1,8 96,00002 0
3605| 1,8 100 0
3606| 1,8 104 0
3607| 2,1 108 0
3608| 2,4 112 0
3609| 2,7 116 0
3610| 3 120 0
3611| 3,299999 124 0
3612| 3,599999 128 0
3613| 3,899999 132 0
3614| 3,899999 136 0
3615| 3,899999 140 0
3616| 3,899999 144 0
3617| 3,899999 148 0
3618| 4,2 152 0
3619| 4,5 156 0
3620| 4,8 160 0
3621| 5,1 164 0
3622| 5,4 168 0
3623| 5,7 171,9999 0
3624| 6 175,9999 0
3625| 6,300001 179,9999 0
3626| 6,600001 183,9999 0
3627| 6,600001 187,9999 0
3628| 6,600001 191,9999 0
3629| 6,600001 195,9999 0
3630| 6,600001 199,9999 0
3631| 6,900001 203,9999 0
3632| 7,200001 207,9999 0
3633| 7,500001 211,9999 0
3634| 7,800001 215,9999 0
3635| 8,1 219,9999 0
3636| 8,4 223,9999 0
3637| 8,7 227,9999 0
3638| 8,999999 231,9999 0
3639| 9,299999 235,9999 0
3640| 9,299999 239,9999 0
3641| 0 0 0
3642| 0 0 0
3643| 0 0 0
3644| 0 0 0
3645| 0 0 0
3646| 0 0 0
3647| 0 0 0
3648| 0 0 0
3649| 0 0 0
3650| 0 0 0
3651| 0 0 0
3652| 0 0 0
3653| 0 0 0
3654| 0 0 0
3655| 0 0 0
3656| 0 0 0
3657| 0 0 0
3658| 0 0 0
3659| 0 0 0
3660| 0 0 0
3661| 0 0 0
3662| 0,3 0 0
3663| 0,6 0 0
3664| 0,9 0 0
3665| 1,2 0 0
3666| 0 0 0
3667| 0 0 0
3668| 0 0 0
3669| 0 0 0
3670| 0 0 0
3671| 0 4 0
3672| 0,3 8 0
3673| 0,6 12 0
3674| 0,9 16 0
3675| 1,2 20 0
3676| 1,5 24 0
3677| 1,8 28 0
3678| 2,1 32 0
3679| 2,4 36 0
3680| 2,7 40 0
3681| 0 0 0
3682| 0 0 0
3683| 0 0 0
3684| 0,3 0 0
3685| 0,6 0 0
3686| 0,9 0 0
3687| 1,2 0 0
3688| 1,5 0 0
3689| 1,8 0 0
3690| 2,1 0 0
3691| 2,4 -4 0
3692| 2,7 -8 0
3693| 3 -12 0
3694| 3,299999 -16 0
3695| 3,599999 -20 0
3696| 3,899999 -24 0
3697| 4,2 -28 0
3698| 4,5 -32 0
3699| 4,8 -36 0
3700| 5,1 -40 0
3701| 5,4 -40 0
3702| 5,7 -40 0
3703| 6 -40 0
3704| 6,300001 -40 0
3705| 6,600001 -40 0
3706| 6,900001 -40 0
3707| 7,200001 -40 0
3708| 7,500001 -40 0
3709| 7,800001 -40 0
3710| 8,1 -40 0
3711| 8,4 -40 0
3712| 8,7 -40 0
3713| 8,999999 -40 0
3714| 9,299999 -40 0
3715| 9,599998 -40 0
3716| 9,899999 -40 0
3717| 10,2 -40 0
3718| 10,5 -40 0
3719| 0 0 0
3720| 0 0 0
3721| 0 0 0
3722| 0,3 0 0
3723| 0,6 0 0
3724| 0,9 0 0
3725| 1,2 0 0
3726| 0 0 0
3727| 0 0 0
3728| 0 0 0
3729| 0 0 0
3730| 0 0 0
3731| 0,3 0 0
3732| 0,6 0 0
3733| 0,9 0 0
3734| 1,2 0 0
3735| 1,5 0 0
3736| 1,8 0 0
3737| 2,1 0 0
3738| 2,4 0 0
3739| 2,7 0 0
3740| 3 0 0
3741| 3,299999 0 0
3742| 3,599999 0 0
3743| 3,899999 0 0
3744| 4,2 0 0
3745| 4,5 4 0
3746| 4,8 8 0
3747| 5,1 12 0
3748| 5,4 16 0
3749| 5,7 20 0
3750| 6 24 0
3751| 6,300001 24 0
3752| 6,600001 24 0
3753| 6,900001 24 0
3754| 7,200001 24 0
3755| 7,500001 24 0
3756| 7,800001 24 0
3757| 8,1 24 0
3758| 8,4 24 0
3759| 8,7 24 0
3760| 8,999999 24 0
3761| 9,299999 24 0
3762| 0 0 0
3763| 0 0 0
3764| 0 0 0
3765| 0 0 0
3766| 0 0 0
3767| 0 0 0
3768| 0 0 0
3769| 0,3 0 0
3770| 0,6 0 0
3771| 0 0 0
3772| 0 0 0
3773| 0 0 0
3774| 0 0 0
3775| 0 0 0
3776| 0 0 0
3777| 0 0 0
3778| 0 0 0
3779| 0,3 0 0
3780| 0,6 0 0
3781| 0,9 0 0
3782| 1,2 0 0
3783| 1,5 0 0
3784| 1,8 0 0
3785| 2,1 0 0
3786| 2,4 0 0
3787| 2,7 0 0
3788| 0 0 0
3789| 0 0 0
3790| 0 0 0
3791| 0 0 0
3792| 0,3 0 0
3793| 0,6 0 0
3794| 0,9 0 0
3795| 1,2 0 0
3796| 1,5 0 0
3797| 0 0 0
3798| 0 0 0
3799| 0 0 0
3800| 0,3 0 0
3801| 0,6 0 0
3802| 0,9 0 0
3803| 1,2 0 0
3804| 1,5 0 0
3805| 1,8 0 0
3806| 2,1 0 0
3807| 2,4 0 0
3808| 0 0 0
3809| 0 0 0
3810| 0 0 0
3811| 0 0 0
3812| 0,3 0 0
3813| 0,6 0 0
3814| 0,9 0 0
3815| 1,2 0 0
3816| 1,5 0 0
3817| 1,8 0 0
3818| 2,1 0 0
3819| 2,4 0 0
3820| 2,7 0 0
3821| 3 0 0
3822| 3,299999 0 0
3823| 3,599999 0 0
3824| 3,899999 0 0
3825| 4,2 0 0
3826| 4,5 0 0
3827| 4,8 0 0
3828| 5,1 0 0
3829| 5,4 0 0
3830| 5,7 0 0
3831| 6 0 0
3832| 6,300001 0 0
3833| 6,600001 0 0
3834| 6,900001 0 0
3835| 7,200001 0 0
3836| 7,500001 0 0
3837| 7,800001 -4 0
3838| 8,1 -8 0
3839| 8,1 -12 0
3840| 8,1 -16 0
3841| 8,1 -20 0
3842| 8,1 -24 0
3843| 8,1 -28 0
3844| 8,1 -32 0
3845| 8,1 -36 0
3846| 8,1 -40 0
3847| 8,1 -43,99999 0
3848| 8,1 -47,99999 0
3849| 8,1 -51,99999 0
3850| 8,1 -55,99999 0
3851| 8,1 -60 0
3852| 8,1 -64 0
3853| 8,1 -68 0
3854| 8,1 -72 0
3855| 8,1 -76,00001 0
3856| 8,1 -80,00001 0
3857| 8,1 -84,00001 0
3858| 8,1 -88,00002 0
3859| 8,1 -92,00002 0
3860| 8,1 -96,00002 0
3861| 8,1 -100 0
3862| 8,1 -104 0
3863| 8,1 -108 0
3864| 8,1 -112 0
3865| 0 -116 0
3866| -0,3 -116 0
3867| -0,6 -116 0
3868| -0,9 -116 0
3869| -1,2 -116 0
3870| -1,5 -116 0
3871| -1,8 -116 0
3872| -2,1 -116 0
3873| -2,4 -116 0
3874| -2,7 -116 0
3875| -3 -116 0
3876| -3,299999 -116 0
3877| -3,299999 -120 0
3878| -3,299999 -124 0
3879| -3,299999 -128 0
3880| -3,299999 -132 0
3881| -3,599999 -136 0
3882| -3,899999 -140 0
3883| -4,2 -144 0
3884| -4,5 -148 0
3885| -4,8 -152 0
3886| -5,1 -156 0
3887| -5,1 -160 0
3888| -5,1 -164 0
3889| -5,1 -168 0
3890| -5,1 -171,9999 0
3891| -5,1 -175,9999 0
3892| -5,1 -179,9999 0
3893| -5,1 -183,9999 0
3894| -5,1 -187,9999 0
3895| -5,1 -191,9999 0
3896| -5,1 -195,9999 0
3897| -5,1 -199,9999 0
3898| -5,1 -203,9999 0
3899| -5,1 -207,9999 0
3900| -5,1 -211,9999 0
3901| -5,1 -215,9999 0
3902| -5,1 -219,9999 0
3903| -5,1 -223,9999 0
3904| -5,1 -227,9999 0
3905| 0 -231,9999 0
3906| 0,3 -235,9999 0
3907| 0,6 -239,9999 0
3908| 0,9 -243,9999 0
3909| 1,2 -247,9999 0
3910| 1,2 -251,9999 0
3911| 1,2 -255,9999 0
3912| 1,2 -259,9999 0
3913| 1,2 -263,9999 0
3914| 1,2 -267,9999 0
3915| 1,2 -271,9998 0
3916| 1,2 -275,9998 0
3917| 1,2 -279,9998 0
3918| 1,2 -283,9998 0
3919| 1,2 -287,9998 0
3920| 1,2 -291,9998 0
3921| 1,2 -295,9998 0
3922| 1,2 -299,9998 0
3923| 1,2 -303,9998 0
3924| 1,2 -307,9998 0
3925| 1,2 -311,9998 0
3926| 1,2 -315,9998 0
3927| 1,2 -319,9998 0
3928| 1,2 -323,9998 0
3929| 1,2 -327,9998 0
3930| 1,2 -331,9998 0
3931| 1,2 -335,9998 0
3932| 1,2 -339,9998 0
3933| 1,2 -343,9998 0
3934| 1,2 -347,9998 0
3935| 0 0 0
3936| 0 0 0
3937| 0 0 0
3938| 0 0 0
3939| 0 0 0
3940| 0 0 0
3941| 0 0 0
3942| 0 0 0
3943| 0 0 0
3944| 0 4 0
3945| 0 8 0
3946| 0 12 0
3947| 0 16 0
3948| 0 20 0
3949| 0 24 0
3950| 0 28 0
3951| 0,3 32 0
3952| 0,6 36 0
3953| 0,9 40 0
3954| 1,2 43,99999 0
3955| 1,5 47,99999 0
3956| 1,8 51,99999 0
3957| 0 0 0
3958| 0 0 0
3959| 0 0 0
3960| 0 0 0
3961| 0 0 0
3962| 0 0 0
3963| 0 0 0
3964| 0 0 0
3965| 0 0 0
3966| 0 0 0
3967| 0 0 0
3968| 0 0 0
3969| 0,3 0 0
3970| 0,6 0 0
3971| 0,9 0 0
3972| 1,2 0 0
3973| 1,5 0 0
3974| 1,8 0 0
3975| 2,1 0 0
3976| 2,4 0 0
3977| 2,7 0 0
3978| 3 0 0
3979| 3,299999 0 0
3980| 3,599999 4 0
3981| 3,899999 8 0
3982| 4,2 12 0
3983| 4,2 16 0
3984| 4,2 20 0
3985| 4,2 24 0
3986| 4,2 28 0
3987| 4,5 32 0
3988| 4,8 32 0
3989| 5,1 32 0
3990| 0 0 0
3991| 0 0 0
3992| 0 0 0
3993| 0 0 0
3994| 0 0 0
3995| 0 0 0
3996| 0 0 0
3997| 0,3 0 0
3998| 0,6 4 0
3999| 0,9 8 0
4000| 0,9 12 0
4001| 0,9 16 0
4002| 0,9 20 0
4003| 0 0 0
4004| 0 0 0
4005| 0 0 0
4006| 0 4 0
4007| 0,3 8 0
4008| 0,6 12 0
4009| 0,9 16 0
4010| 1,2 20 0
4011| 1,5 24 0
4012| 1,8 28 0
4013| 0 0 0
4014| 0 0 0
4015| 0 0 0
4016| 0 0 0
4017| 0 0 0
4018| 0,3 0 0
4019| 0,6 0 0
4020| 0,9 0 0
4021| 1,2 0 0
4022| 0 0 0
4023| 0 0 0
4024| 0 0 0
4025| 0 -4 0
4026| 0 -8 0
4027| 0 -12 0
4028| 0,3 -16 0
4029| 0,6 -20 0
4030| 0,9 -24 0
4031| 1,2 -28 0
4032| 0 0 0
4033| 0 0 0
4034| 0 0 0
4035| 0 0 0
4036| 0 0 0
4037| 0 0 0
4038| 0 0 0
4039| 0,3 0 0
4040| 0,6 0 0
4041| 0,9 0 0
4042| 1,2 0 0
4043| 1,5 0 0
4044| 1,8 4 0
4045| 2,1 8 0
4046| 2,4 12 0
4047| 2,7 16 0
4048| 3 20 0
4049| 3,299999 20 0
4050| 3,599999 20 0
4051| 3,899999 20 0
4052| 4,2 20 0
4053| 4,5 20 0
4054| 4,8 20 0
4055| 5,1 20 0
4056| 5,4 20 0
4057| 0 0 0
4058| 0 0 0
4059| 0 0 0
4060| 0 0 0
4061| 0 0 0
4062| 0,3 0 0
4063| 0,6 0 0
4064| 0,9 0 0
4065| 1,2 0 0
4066| 1,5 0 0
4067| 0 0 0
4068| 0 0 0
4069| 0 0 0
4070| 0 0 0
4071| 0 0 0
4072| 0,3 0 0
4073| 0,6 0 0
4074| 0,9 0 0
4075| 1,2 0 0
4076| 1,5 0 0
4077| 1,8 0 0
4078| 2,1 0 0
4079| 2,4 0 0
4080| 2,7 0 0
4081| 3 0 0
4082| 3,299999 0 0
4083| 3,599999 0 0
4084| 3,899999 0 0
4085| 4,2 0 0
4086| 4,5 0 0
4087| 4,8 0 0
4088| 5,1 0 0
4089| 5,4 0 0
4090| 5,7 0 0
4091| 6 0 0
4092| 6,300001 0 0
4093| 6,600001 0 0
4094| 6,900001 0 0
4095| 7,200001 0 0
4096| 7,500001 0 0
4097| 7,800001 0 0
4098| 8,1 0 0
4099| 8,4 0 0
4100| 8,7 0 0
4101| 8,999999 0 0
4102| 9,299999 0 0
4103| 9,599998 0 0
4104| 9,899999 0 0
4105| 10,2 0 0
4106| 10,5 0 0
4107| 10,8 0 0
4108| 11,1 0 0
4109| 11,4 0 0
4110| 11,7 0 0
4111| 12 0 0
4112| 0 0 0
4113| 0,3 0 0
4114| 0,6 0 0
4115| 0,9 0 0
4116| 1,2 0 0
4117| 0 0 0
4118| 0 0 0
4119| 0 0 0
4120| 0 0 0
4121| 0 0 0
4122| 0 0 0
4123| 0,3 0 0
4124| 0,6 0 0
4125| 0,9 0 0
4126| 1,2 0 0
4127| 1,5 0 0
4128| 1,8 0 0
4129| 2,1 0 0
4130| 2,4 0 0
4131| 2,7 0 0
4132| 3 0 0
4133| 3,299999 0 0
4134| 3,599999 0 0
4135| 3,899999 0 0
4136| 4,2 0 0
4137| 4,5 0 0
4138| 4,8 0 0
4139| 5,1 0 0
4140| 5,4 0 0
4141| 5,7 0 0
4142| 6 0 0
4143| 6,300001 0 0
4144| 6,600001 0 0
4145| 6,900001 0 0
4146| 7,200001 0 0
4147| 7,500001 0 0
4148| 7,800001 0 0
4149| 8,1 0 0
4150| 8,4 0 0
4151| 8,7 0 0
4152| 8,999999 0 0
4153| 9,299999 0 0
4154| 9,599998 0 0
4155| 9,899999 0 0
4156| 10,2 0 0
4157| 10,5 0 0
4158| 10,8 0 0
4159| 11,1 0 0
4160| 11,4 0 0
4161| 11,7 0 0
4162| 12 0 0
4163| 12,3 0 0
4164| 12,6 0 0
4165| 12,9 0 0
4166| 13,2 0 0
4167| 13,5 0 0
4168| 13,79999 0 0
4169| 14,09999 0 0
4170| 14,39999 0 0
4171| 0 0 0
4172| 0 0 0
4173| 0 0 0
4174| 0 0 0
4175| 0 0 0
4176| 0 0 0
4177| 0 0 0
4178| 0 0 0
4179| 0 0 0
4180| 0 0 0
4181| 0 0 0
4182| 0,3 0 0
4183| 0,6 0 0
4184| 0,9 0 0
4185| 1,2 0 0
4186| 1,5 0 0
4187| 1,8 0 0
4188| 2,1 0 0
4189| 2,4 0 0
4190| 2,7 0 0
4191| 3 0 0
4192| 3,299999 0 0
4193| 3,599999 0 0
4194| 3,899999 0 0
4195| 4,2 0 0
4196| 4,5 0 0
4197| 4,8 0 0
4198| 5,1 0 0
4199| 5,4 0 0
4200| 5,7 0 0
4201| 6 0 0
4202| 6,300001 0 0
4203| 6,600001 0 0
4204| 6,900001 0 0
4205| 7,200001 0 0
4206| 7,500001 0 0
4207| 7,800001 0 0
4208| 8,1 0 0
4209| 8,4 0 0
4210| 8,7 0 0
4211| 8,999999 0 0
4212| 0 0 0
4213| 0 0 0
4214| 0 0 0
4215| 0 -4 0
4216| 0 -8 0
4217| 0 -12 0
4218| 0 -16 0
4219| 0 -20 0
4220| 0 -24 0
4221| 0 -28 0
4222| 0 -32 0
4223| 0 -36 0
4224| 0 -40 0
4225| 0 -43,99999 0
4226| 0 -47,99999 0
4227| 0 -51,99999 0
4228| 0 0 0
4229| 0 0 0
4230| 0 0 0
4231| 0 0 0
4232| 0 0 0
4233| 0 0 0
4234| 0 0 0
4235| 0 0 0
4236| 0 0 0
4237| 0,3 0 0
4238| 0,6 0 0
4239| 0,9 0 0
4240| 1,2 0 0
4241| 1,5 0 0
4242| 1,8 0 0
4243| 2,1 0 0
4244| 2,4 0 0
4245| 2,7 0 0
4246| 3 0 0
4247| 3,299999 0 0
4248| 3,599999 0 0
4249| 3,899999 0 0
4250| 4,2 0 0
4251| 4,5 0 0
4252| 4,8 0 0
4253| 5,1 0 0
4254| 5,4 0 0
4255| 5,7 0 0
4256| 6 0 0
4257| 6,300001 0 0
4258| 6,600001 0 0
4259| 6,900001 0 0
4260| 7,200001 0 0
4261| 7,500001 -4 0
4262| 7,800001 -8 0
4263| 8,1 -12 0
4264| 8,4 -16 0
4265| 8,4 -20 0
4266| 8,4 -24 0
4267| 8,4 -28 0
4268| 8,4 -32 0
4269| 0 0 0
4270| 0 0 0
4271| 0 0 0
4272| 0 0 0
4273| 0 -4 0
4274| 0 0 0
4275| 0 0 0
4276| 0 0 0
4277| 0 0 0
4278| 0,3 0 0
4279| 0,6 0 0
4280| 0,9 0 0
4281| 0 0 0
4282| 0 0 0
4283| 0,3 0 0
4284| 0,6 0 0
4285| 0 0 0
4286| 0 0 0
4287| 0 0 0
4288| 0,3 0 0
4289| 0,6 0 0
4290| 0,9 0 0
4291| 1,2 0 0
4292| 1,5 0 0
4293| 1,8 -4 0
4294| 2,1 -8 0
4295| 2,4 -12 0
4296| 2,7 -16 0
4297| 3 -20 0
4298| 3,299999 -24 0
4299| 3,599999 -28 0
4300| 3,899999 -28 0
4301| 4,2 -28 0
4302| 0 0 0
4303| 0 0 0
4304| 0 0 0
4305| 0,3 0 0
4306| 0,6 0 0
4307| 0,9 0 0
4308| 1,2 0 0
4309| 1,5 0 0
4310| 1,8 0 0
4311| 2,1 0 0
4312| 2,4 0 0
4313| 2,7 0 0
4314| 3 0 0
4315| 3,299999 0 0
4316| 3,599999 0 0
4317| 3,899999 0 0
4318| 4,2 -4 0
4319| 4,5 -8 0
4320| 4,8 -12 0
4321| 5,1 -16 0
4322| 5,4 -20 0
4323| 5,7 -24 0
4324| 6 -28 0
4325| 6,300001 -32 0
4326| 6,600001 -36 0
4327| 6,900001 -40 0
4328| 7,200001 -43,99999 0
4329| 7,500001 -47,99999 0
4330| 7,800001 -51,99999 0
4331| 7,800001 -55,99999 0
4332| 7,800001 -60 0
4333| 7,800001 -64 0
4334| 7,800001 -68 0
4335| 7,800001 -72 0
4336| 7,800001 -76,00001 0
4337| 7,800001 -80,00001 0
4338| 7,800001 -84,00001 0
4339| 7,800001 -88,00002 0
4340| 8,1 -92,00002 0
4341| 8,4 -96,00002 0
4342| 8,4 -100 0
4343| 0 0 0
4344| 0 0 0
4345| 0 0 0
4346| 0 0 0
4347| 0 0 0
4348| 0 0 0
4349| 0 0 0
4350| 0 0 0
4351| 0 0 0
4352| 0 0 0
4353| 0 0 0
4354| 0 0 0
4355| 0 0 0
4356| 0 0 0
4357| -0,3 0 0
4358| -0,6 0 0
4359| 0 0 0
4360| 0 0 0
4361| 0 0 0
4362| 0 0 0
4363| 0 0 0
4364| 0 0 0
4365| 0 0 0
4366| 0 0 0
4367| 0 0 0
4368| 0 0 0
4369| 0 0 0
4370| 0 -4 0
4371| 0 -8 0
4372| 0 -12 0
4373| 0,3 -16 0
4374| 0,6 -20 0
4375| 0,9 -24 0
4376| 1,2 -24 0
4377| 0 0 0
4378| 0,3 0 0
4379| 0,6 0 0
4380| 0,9 0 0
4381| 1,2 0 0
4382| 1,5 0 0
4383| 1,8 0 0
4384| 2,1 0 0
4385| 2,4 0 0
4386| 2,7 0 0
4387| 3 0 0
4388| 3,299999 0 0
4389| 3,599999 -4 0
4390| 3,899999 -8 0
4391| 4,2 -12 0
4392| 4,5 -16 0
4393| 4,5 -20 0
4394| 4,5 -24 0
4395| 4,5 -28 0
4396| 4,5 -32 0
4397| 4,5 -36 0
4398| 4,5 -40 0
4399| 4,8 -43,99999 0
4400| 5,1 -47,99999 0
4401| 5,4 -51,99999 0
4402| 5,7 -55,99999 0
4403| 6 -60 0
4404| 6,300001 -64 0
4405| 6,600001 -68 0
4406| 6,900001 -72 0
4407| 7,200001 -76,00001 0
4408| 7,500001 -80,00001 0
4409| 7,800001 -84,00001 0
4410| 7,800001 -88,00002 0
4411| 7,800001 -92,00002 0
4412| 7,800001 -96,00002 0
4413| 8,1 -100 0
4414| 8,4 -104 0
4415| 8,7 -108 0
4416| 8,999999 -112 0
4417| 9,299999 -116 0
4418| 9,299999 -120 0
4419| 9,299999 -124 0
4420| 9,299999 -128 0
4421| 9,299999 -132 0
4422| 9,299999 -136 0
4423| 9,299999 -140 0
4424| 9,299999 -144 0
4425| 9,299999 -148 0
4426| 9,299999 -152 0
4427| 9,299999 -156 0
4428| 9,299999 -160 0
4429| 9,299999 -164 0
4430| 9,299999 -168 0
4431| 9,299999 -171,9999 0
4432| 9,299999 -175,9999 0
4433| 9,299999 -179,9999 0
4434| 9,299999 -183,9999 0
4435| 9,299999 -187,9999 0
4436| 9,299999 -191,9999 0
4437| 9,299999 -195,9999 0
4438| 9,299999 -199,9999 0
4439| 9,299999 -203,9999 0
4440| 9,299999 -207,9999 0
4441| 9,299999 -211,9999 0
4442| 0 -215,9999 0
4443| -0,3 -219,9999 0
4444| -0,6 -223,9999 0
4445| -0,9 -227,9999 0
4446| -1,2 -231,9999 0
4447| -1,5 -235,9999 0
4448| -1,8 -239,9999 0
4449| -2,1 -243,9999 0
4450| -2,4 -247,9999 0
4451| -2,7 -251,9999 0
4452| -3 -255,9999 0
4453| -3,299999 -259,9999 0
4454| -3,599999 -263,9999 0
4455| -3,899999 -267,9999 0
4456| -4,2 -271,9998 0
4457| -4,5 -275,9998 0
4458| -4,8 -279,9998 0
4459| -4,8 -283,9998 0
4460| -4,8 -287,9998 0
4461| -4,8 -291,9998 0
4462| -4,8 -295,9998 0
4463| -4,8 -299,9998 0
4464| -4,8 -303,9998 0
4465| -4,8 -307,9998 0
4466| -5,1 -311,9998 0
4467| -5,4 -315,9998 0
4468| -5,7 -319,9998 0
4469| -6 -323,9998 0
4470| -6 -327,9998 0
4471| -6 -331,9998 0
4472| -6 -335,9998 0
4473| -6 -339,9998 0
4474| -6 -343,9998 0
4475| -6 -347,9998 0
4476| -6 -351,9998 0
4477| -6 -355,9998 0
4478| -6 -359,9998 0
4479| -6 -363,9998 0
4480| -6 -367,9998 0
4481| -6 -371,9998 0
4482| -6 -375,9998 0
4483| -6 -379,9998 0
4484| -6 -383,9998 0
4485| -6 -387,9998 0
4486| -6,300001 -391,9998 0
4487| -6,600001 -391,9998 0
4488| -6,900001 -391,9998 0
4489| -7,200001 -391,9998 0
4490| -7,500001 -391,9998 0
4491| 0 0 0
4492| 0 0 0
4493| 0 0 0
4494| 0 0 0
4495| 0 0 0
4496| 0 0 0
4497| 0 0 0
4498| 0 0 0
4499| 0 0 0
4500| 0 0 0
4501| 0 0 0
4502| 0 0 0
4503| 0 0 0
4504| 0 0 0
4505| 0 0 0
4506| 0 0 0
4507| 0 0 0
4508| 0 0 0
4509| 0 0 0
4510| 0 0 0
4511| 0 0 0
4512| 0 0 0
4513| 0 0 0
4514| 0 0 0
4515| 0 0 0
4516| 0 0 0
4517| 0 0 0
4518| 0 0 0
4519| 0 0 0
4520| 0 0 0
4521| 0 0 0
4522| 0 0 0
4523| 0 0 0
4524| 0 0 0
4525| 0 0 0
4526| 0 0 0
4527| 0 0 0
4528| 0 0 0
4529| 0 0 0
4530| 0 0 0
4531| 0 -4 0
4532| 0 -8 0
4533| 0 -12 0
4534| 0 -16 0
4535| 0 -20 0
4536| 0 -24 0
4537| 0 -28 0
4538| 0 -32 0
4539| 0 -36 0
4540| 0 -40 0
4541| 0 -43,99999 0
4542| 0 -47,99999 0
4543| 0 0 0
4544| 0 0 0
4545| 0 0 0
4546| 0 0 0
4547| 0 0 0
4548| 0 0 0
4549| 0 0 0
4550| 0 0 0
4551| 0 0 0
4552| 0 0 0
4553| 0 0 0
4554| 0 0 0
4555| 0 0 0
4556| 0 0 0
4557| 0 0 0
4558| 0 0 0
4559| 0 0 0
4560| -0,3 0 0
4561| -0,6 0 0
4562| -0,9 0 0
4563| -1,2 0 0
4564| -1,5 0 0
4565| -1,8 -4 0
4566| -1,8 -8 0
4567| -1,8 -12 0
4568| -1,8 -16 0
4569| -1,8 -20 0
4570| -1,8 -24 0
4571| -1,8 -28 0
4572| -1,8 -32 0
4573| -1,8 -36 0
4574| -1,8 -40 0
4575| -1,8 -43,99999 0
4576| -1,8 -47,99999 0
4577| -1,8 -51,99999 0
4578| -1,8 -55,99999 0
4579| -1,8 -60 0
4580| -1,8 -64 0
4581| -1,8 -68 0
4582| -1,8 -72 0
4583| -1,8 -76,00001 0
4584| -1,8 -80,00001 0
4585| -1,8 -84,00001 0
4586| -1,8 -88,00002 0
4587| -1,8 -92,00002 0
4588| -1,8 -96,00002 0
4589| -1,8 -100 0
4590| -1,8 -104 0
4591| -1,8 -108 0
4592| -1,8 -112 0
4593| -1,8 -116 0
4594| -1,8 -120 0
4595| -1,8 -124 0
4596| -1,8 -128 0
4597| -1,8 -132 0
4598| -1,8 -136 0
4599| -1,8 -140 0
4600| -1,8 -144 0
4601| -1,8 -148 0
4602| 0 0 0
4603| 0 0 0
4604| 0 0 0
4605| 0 0 0
4606| 0 0 0
4607| 0 0 0
4608| 0 0 0
4609| 0 0 0
4610| 0 0 0
4611| 0 0 0
4612| 0 0 0
4613| 0 0 0
4614| 0 0 0
4615| 0 0 0
4616| 0 0 0
4617| 0 0 0
4618| 0 0 0
4619| 0 0 0
4620| 0 0 0
4621| 0 0 0
4622| 0 0 0
4623| 0 0 0
4624| 0 0 0
4625| 0 0 0
4626| -0,3 0 0
4627| -0,6 -4 0
4628| -0,9 -8 0
4629| -1,2 -12 0
4630| -1,5 -16 0
4631| -1,5 -20 0
4632| -1,5 -24 0
4633| -1,5 -28 0
4634| 0 0 0
4635| 0 0 0
4636| 0 0 0
4637| 0 0 0
4638| 0 0 0
4639| 0 0 0
4640| -0,3 -4 0
4641| -0,6 -8 0
4642| -0,9 -12 0
4643| -1,2 -16 0
4644| -1,5 -20 0
4645| -1,8 -24 0
4646| -2,1 -28 0
4647| -2,4 -32 0
4648| -2,7 -36 0
4649| -3 -40 0
4650| -3,299999 -43,99999 0
4651| -3,599999 -47,99999 0
4652| -3,899999 -51,99999 0
4653| -4,2 -55,99999 0
4654| -4,5 -60 0
4655| -4,8 -64 0
4656| -5,1 -68 0
4657| -5,4 -72 0
4658| -5,7 -76,00001 0
4659| -6 -80,00001 0
4660| -6,300001 -84,00001 0
4661| -6,600001 -88,00002 0
4662| -6,900001 -92,00002 0
4663| -7,200001 -96,00002 0
4664| -7,500001 -100 0
4665| -7,800001 -104 0
4666| -8,1 -108 0
4667| -8,4 -112 0
4668| -8,7 -116 0
4669| -8,999999 -120 0
4670| -9,299999 -124 0
4671| -9,599998 -128 0
4672| -9,899999 -132 0
4673| -10,2 -136 0
4674| -10,5 -140 0
4675| -10,8 -144 0
4676| -11,1 -148 0
4677| -11,4 -152 0
4678| -11,7 -156 0
4679| -12 -160 0
4680| -12,3 -164 0
4681| -12,6 -168 0
4682| -12,9 -171,9999 0
4683| -13,2 -175,9999 0
4684| -13,5 -179,9999 0
4685| -13,79999 -183,9999 0
4686| -14,09999 -187,9999 0
4687| -14,39999 -187,9999 0
4688| -14,69999 -187,9999 0
4689| -14,99999 -187,9999 0
4690| -15,29999 -187,9999 0
4691| -15,59999 -187,9999 0
4692| -15,89999 -187,9999 0
4693| -16,19999 -187,9999 0
4694| -16,49999 -187,9999 0
4695| -16,79999 -187,9999 0
4696| -17,09999 -187,9999 0
4697| -17,39999 -187,9999 0
4698| -17,69999 -187,9999 0
4699| -17,99999 -187,9999 0
4700| -18,29999 -187,9999 0
4701| -18,59999 -187,9999 0
4702| -18,89999 -187,9999 0
4703| -19,19999 -187,9999 0
4704| -19,49999 0 0
4705| -19,79999 4 0
4706| -20,09999 8 0
4707| -20,39999 12 0
4708| -20,69999 16 0
4709| -20,99999 20 0
4710| -21,29999 24 0
4711| -21,59999 28 0
4712| -21,59999 32 0
4713| -21,59999 36 0
4714| -21,59999 40 0
4715| 0 43,99999 0
4716| 0,3 47,99999 0
4717| 0,6 51,99999 0
4718| 0,9 55,99999 0
4719| 0,9 60 0
4720| 0,9 64 0
4721| 0,9 68 0
4722| 0,9 72 0
4723| 0,9 76,00001 0
4724| 0,9 80,00001 0
4725| 0,9 84,00001 0
4726| 0,9 88,00002 0
4727| 0,9 92,00002 0
4728| 0,9 96,00002 0
4729| 0,9 100 0
4730| 0,9 104 0
4731| 0,9 108 0
4732| 0,9 112 0
4733| 0,9 116 0
4734| 0,9 120 0
4735| 0,9 124 0
4736| 0,9 128 0
4737| 0,9 132 0
4738| 0,9 136 0
4739| 0,9 140 0
4740| 0,9 144 0
4741| 0,9 148 0
4742| 0 152 0
4743| -0,3 156 0
4744| -0,6 160 0
4745| -0,9 164 0
4746| -1,2 168 0
4747| -1,2 171,9999 0
4748| -1,2 175,9999 0
4749| -1,2 179,9999 0
4750| -1,2 183,9999 0
4751| -1,2 187,9999 0
4752| -1,2 191,9999 0
4753| 0 0 0
4754| 0 0 0
4755| 0 0 0
4756| 0 0 0
4757| 0 0 0
4758| 0 0 0
4759| 0 0 0
4760| 0 -4 0
4761| 0 -8 0
4762| 0 0 0
4763| 0 0 0
4764| 0 0 0
4765| 0 0 0
4766| 0 0 0
4767| 0 0 0
4768| 0 0 0
4769| 0 0 0
4770| 0 0 0
4771| 0 0 0
4772| 0 0 0
4773| 0 0 0
4774| 0 0 0
4775| 0 0 0
4776| 0 0 0
4777| 0 0 0
4778| 0 0 0
4779| 0 0 0
4780| 0 0 0
4781| 0 0 0
4782| 0 0 0
4783| 0 0 0
4784| 0 0 0
4785| 0 0 0
4786| 0 0 0
4787| 0 0 0
4788| 0 0 0
4789| 0 0 0
4790| 0 0 0
4791| 0 0 0
4792| 0 0 0
4793| 0 0 0
4794| 0 0 0
4795| 0 0 0
4796| 0 0 0
4797| 0 0 0
4798| 0 0 0
4799| 0 0 0
4800| 0 0 0
4801| 0 0 0
4802| 0 0 0
4803| 0 0 0
4804| 0 0 0
4805| 0 0 0
4806| 0 0 0
4807| 0 0 0
4808| 0 0 0
4809| 0 0 0
4810| 0 0 0
4811| 0 0 0
4812| 0 0 0
4813| 0 0 0
4814| 0 0 0
4815| 0 0 0
4816| 0 0 0
4817| 0 0 0
4818| 0 0 0
4819| 0 0 0
4820| 0 0 0
4821| 0 0 0
4822| 0 0 0
4823| 0 0 0
4824| 0 0 0
4825| 0 0 0
4826| 0 0 0
4827| 0 0 0
4828| 0 0 0
4829| 0 0 0
4830| 0 0 0
4831| 0 0 0
4832| 0 0 0
4833| 0 0 0
4834| 0 0 0
4835| 0 0 0
4836| 0 0 0
4837| 0 0 0
4838| 0 0 0
4839| 0 0 0
4840| 0 0 0
4841| 0 0 0
4842| 0 0 0
4843| 0 0 0
4844| 0 0 0
4845| 0 0 0
4846| 0 0 0
4847| 0 0 0
4848| 0 0 0
4849| 0 0 0
4850| 0 0 0
4851| 0 0 0
4852| 0 0 0
4853| 0 0 0
4854| 0 0 0
4855| 0 0 0
4856| 0 0 0
4857| 0 0 0
4858| 0 0 0
4859| 0 0 0
4860| 0 0 0
4861| 0 0 0
4862| 0 0 0
4863| 0 0 0
4864| 0 0 0
4865| 0 0 0
4866| 0 0 0
4867| 0 0 0
4868| 0 0 0
4869| 0 0 0
4870| 0 0 0
4871| 0 0 0

