1| 0 0 0
2| 0 0 0
3| 0 0 0
4| 0 0 0
5| 0 0 0
6| 0 0 0
7| 0 0 0
8| 0 0 0
9| 0 0 0
10| 0 0 0
11| 0 0 0
12| 0 0 0
13| 0 0 0
14| 0 0 0
15| 0 0 0
16| 0 0 0
17| 0 0 0
18| 0 0 0
19| 0 0 0
20| 0 0 0
21| 0 0 0
22| 0 0 0
23| 0 0 0
24| 0 0 0
25| 0 0 0
26| 0 0 0
27| 0 0 0
28| 0 0 0
29| 0 0 0
30| 0 0 0
31| 0 0 0
32| 0 0 0
33| 0 0 0
34| 0 0 0
35| 0 0 0
36| 0 0 0
37| 0 0 0
38| 0 0 0
39| 0 0 0
40| 0 0 0
41| 0 0 0
42| 0 0 0
43| 0 0 0
44| 0 0 0
45| 0 0 0
46| 0 0 0
47| 0 0 0
48| 0 0 0
49| 0 0 0
50| 0 0 0
51| 0 0 0
52| 0 0 0
53| 0 0 0
54| 0 0 0
55| 0 0 0
56| 0 0 0
57| 0 0 0
58| 0 0 0
59| 0 0 0
60| 0 0 0
61| 0 0 0
62| 0 0 0
63| 0 0 0
64| 0 0 0
65| 0 0 0
66| 0 0 0
67| 0 0 0
68| 0 0 0
69| 0 0 0
70| 0 0 0
71| 0 0 0
72| 0 0 0
73| 0 0 0
74| 0 0 0
75| 0 0 0
76| 0 0 0
77| 0 0 0
78| 0 0 0
79| 0 0 0
80| 0 0 0
81| 0 0 0
82| 0 0 0
83| 0 0 0
84| 0 0 0
85| 0 0 0
86| 0 0 0
87| 0 0 0
88| 0 0 0
89| 0 0 0
90| 0 0 0
91| 0 0 0
92| 0 0 0
93| 0 0 0
94| 0 0 0
95| 0 0 0
96| 0 0 0
97| 0 0 0
98| 0 0 0
99| 0 0 0
100| 0 0 0
101| 0 0 0
102| 0 0 0
103| 0 0 0
104| 0 0 0
105| 0 0 0
106| 0 0 0
107| 0 0 0
108| 0 0 0
109| 0 0 0
110| 0 0 0
111| 0 0 0
112| 0 0 0
113| 0 0 0
114| 0 0 0
115| 0 0 0
116| 0 0 0
117| 0 0 0
118| 0 0 0
119| 0 0 0
120| 0 0 0
121| 0 0 0
122| 0 0 0
123| 0 0 0
124| 0 0 0
125| 0 0 0
126| 0 0 0
127| 0 0 0
128| 0 0 0
129| 0 0 0
130| 0 0 0
131| 0 0 0
132| 0 0 0
133| 0 0 0
134| 0 0 0
135| 0 0 0
136| 0 0 0
137| 0 0 0
138| 0 0 0
139| 0 4 0
140| 0 8 0
141| 0 12 0
142| 0 16 0
143| 0 20 0
144| 0 24 0
145| 0 28 0
146| 0 32 0
147| 0 36 0
148| 0 40 0
149| 0 43,99999 0
150| 0 47,99999 0
151| 0 51,99999 0
152| 0 55,99999 0
153| 0 60 0
154| 0 64 0
155| 0 68 0
156| 0 72 0
157| 0 76,00001 0
158| 0 80,00001 0
159| 0 84,00001 0
160| 0 88,00002 0
161| 0 92,00002 0
162| 0 96,00002 0
163| 0 100 0
164| 0 104 0
165| 0 108 0
166| 0 112 0
167| 0 116 0
168| 0 120 0
169| 0 124 0
170| 0 128 0
171| 0 132 0
172| 0 136 0
173| -0,3 140 0
174| -0,6 144 0
175| -0,9 148 0
176| -1,2 152 0
177| -1,5 156 0
178| -1,8 160 0
179| -2,1 164 0
180| -2,4 168 0
181| -2,7 171,9999 0
182| -2,7 175,9999 0
183| -2,7 179,9999 0
184| -2,7 183,9999 0
185| -2,7 187,9999 0
186| -2,7 191,9999 0
187| -2,7 195,9999 0
188| -2,7 199,9999 0
189| -2,7 203,9999 0
190| -2,7 207,9999 0
191| -2,7 211,9999 0
192| -2,7 215,9999 0
193| -2,7 219,9999 0
194| -2,7 223,9999 0
195| -2,7 227,9999 0
196| -2,7 231,9999 0
197| -3 235,9999 0
198| -3,299999 239,9999 0
199| -3,599999 243,9999 0
200| -3,899999 247,9999 0
201| -4,2 251,9999 0
202| -4,5 255,9999 0
203| -4,8 259,9999 0
204| -5,1 263,9999 0
205| -5,4 267,9999 0
206| -5,7 271,9998 0
207| -6 275,9998 0
208| -6,300001 279,9998 0
209| -6,600001 283,9998 0
210| -6,900001 287,9998 0
211| -7,200001 291,9998 0
212| -7,500001 295,9998 0
213| -7,800001 299,9998 0
214| -8,1 303,9998 0
215| -8,1 307,9998 0
216| -8,1 311,9998 0
217| -8,1 315,9998 0
218| -8,1 319,9998 0
219| -8,1 323,9998 0
220| -8,1 327,9998 0
221| -8,1 331,9998 0
222| -8,1 335,9998 0
223| -8,1 339,9998 0
224| -8,1 343,9998 0
225| -8,1 347,9998 0
226| -8,1 351,9998 0
227| -8,1 355,9998 0
228| -8,1 359,9998 0
229| -8,1 363,9998 0
230| -8,1 367,9998 0
231| -8,1 371,9998 0
232| -8,1 375,9998 0
233| -8,1 379,9998 0
234| -8,1 383,9998 0
235| -8,1 387,9998 0
236| -8,1 391,9998 0
237| -8,1 395,9998 0
238| -8,1 399,9997 0
239| -8,1 400 0
240| -8,1 400 0
241| -8,1 400 0
242| -8,1 400 0
243| -8,1 400 0
244| -8,1 400 0
245| -8,1 400 0
246| -8,1 400 0
247| -8,1 400 0
248| -8,1 400 0
249| -8,1 400 0
250| -8,1 400 0
251| -8,1 400 0
252| -8,1 400 0
253| -8,1 400 0
254| -8,1 400 0
255| -8,1 400 0
256| -8,1 400 0
257| -8,1 400 0
258| -8,1 400 0
259| -8,1 400 0
260| -8,1 400 0
261| -8,1 400 0
262| -8,1 400 0
263| -8,1 400 0
264| -8,1 400 0
265| -8,1 400 0
266| -8,1 400 0
267| -8,1 400 0
268| -8,1 400 0
269| -8,1 400 0
270| -8,1 400 0
271| -8,1 400 0
272| -8,1 400 0
273| -8,1 400 0
274| -8,1 400 0
275| -8,1 400 0
276| -8,1 400 0
277| -8,1 400 0
278| -8,1 400 0
279| -8,1 400 0
280| -8,1 400 0
281| -8,1 400 0
282| -8,1 400 0
283| -8,1 400 0
284| -8,1 400 0
285| -8,1 400 0
286| -8,1 400 0
287| -8,1 400 0
288| -8,1 400 0
289| -8,1 400 0
290| -8,1 400 0
291| -8,1 400 0
292| -8,1 400 0
293| -8,1 400 0
294| -8,1 400 0
295| -8,1 400 0
296| -8,1 400 0
297| -8,1 400 0
298| -8,1 400 0
299| 0 400 0
300| 0,3 400 0
301| 0,6 400 0
302| 0,9 400 0
303| 1,2 400 0
304| 1,5 400 0
305| 1,8 400 0
306| 2,1 400 0
307| 2,4 400 0
308| 2,7 400 0
309| 3 400 0
310| 3,299999 400 0
311| 3,599999 400 0
312| 3,899999 400 0
313| 4,2 400 0
314| 4,5 400 0
315| 4,8 400 0
316| 5,1 400 0
317| 5,4 400 0
318| 5,7 400 0
319| 6 400 0
320| 6,300001 400 0
321| 6,600001 400 0
322| 6,900001 400 0
323| 7,200001 400 0
324| 7,500001 400 0
325| 7,800001 400 0
326| 8,1 400 0
327| 8,4 400 0
328| 0 0 0
329| 0 0 0
330| 0 0 0
331| 0 0 0
332| 0 0 0
333| 0 0 0
334| 0 0 0
335| 0 4 0
336| 0 8 0
337| 0 12 0
338| 0 16 0
339| 0 20 0
340| 0 24 0
341| 0 28 0
342| 0 32 0
343| 0 36 0
344| 0 40 0
345| 0 43,99999 0
346| 0 47,99999 0
347| 0 51,99999 0
348| 0 55,99999 0
349| 0 60 0
350| 0 64 0
351| 0 68 0
352| 0 72 0
353| 0 76,00001 0
354| 0 80,00001 0
355| 0 84,00001 0
356| 0 88,00002 0
357| 0 92,00002 0
358| 0 96,00002 0
359| 0 100 0
360| 0 104 0
361| 0 108 0
362| 0 0 0
363| 0 0 0
364| 0 0 0
365| 0 0 0
366| 0 0 0
367| 0 0 0
368| 0 0 0
369| 0 0 0
370| 0,3 0 0
371| 0,6 0 0
372| 0,9 0 0
373| 1,2 0 0
374| 1,5 0 0
375| 1,8 0 0
376| 2,1 0 0
377| 2,4 0 0
378| 2,7 0 0
379| 0 0 0
380| 0 0 0
381| 0 0 0
382| 0 0 0
383| 0 0 0
384| 0 0 0
385| 0 0 0
386| 0 0 0
387| 0 0 0
388| 0 0 0
389| 0 0 0
390| 0 0 0
391| 0 0 0
392| 0 0 0
393| 0,3 0 0
394| 0,6 0 0
395| 0,9 0 0
396| 1,2 0 0
397| 1,5 0 0
398| 1,8 0 0
399| 2,1 0 0
400| 2,4 0 0
401| 2,7 0 0
402| 3 0 0
403| 3,299999 0 0
404| 3,599999 0 0
405| 3,899999 0 0
406| 4,2 0 0
407| 4,5 0 0
408| 4,8 0 0
409| 5,1 0 0
410| 0 0 0
411| 0 0 0
412| 0 0 0
413| 0 0 0
414| 0 0 0
415| 0 0 0
416| 0 0 0
417| 0,3 0 0
418| 0,6 0 0
419| 0,9 0 0
420| 1,2 0 0
421| 1,5 0 0
422| 1,8 0 0
423| 2,1 0 0
424| 2,4 0 0
425| 2,7 0 0
426| 3 0 0
427| 3,299999 0 0
428| 3,599999 0 0
429| 3,899999 0 0
430| 4,2 0 0
431| 4,5 0 0
432| 4,8 0 0
433| 5,1 0 0
434| 5,4 0 0
435| 5,7 0 0
436| 6 0 0
437| 6,300001 0 0
438| 6,600001 0 0
439| 0 0 0
440| 0 0 0
441| 0 0 0
442| 0 0 0
443| 0 0 0
444| 0 0 0
445| 0 0 0
446| 0 0 0
447| 0 0 0
448| 0 0 0
449| 0 0 0
450| 0 0 0
451| 0 0 0
452| 0 0 0
453| 0 0 0
454| 0 0 0
455| 0 0 0
456| 0 0 0
457| 0 0 0
458| 0 0 0
459| 0 0 0
460| 0 0 0
461| 0 0 0
462| 0 0 0
463| 0 0 0
464| 0 0 0
465| 0 0 0
466| 0 0 0
467| 0 0 0
468| 0 0 0
469| 0 0 0
470| 0 0 0
471| 0 0 0
472| 0 0 0
473| 0 0 0
474| 0 0 0
475| 0 0 0
476| 0 0 0
477| 0 0 0
478| 0 0 0
479| 0 0 0
480| 0 0 0
481| 0 0 0
482| 0 0 0
483| 0 0 0
484| 0 0 0
485| 0 0 0
486| 0 0 0
487| 0 0 0
488| 0 0 0
489| 0 0 0
490| 0 0 0
491| 0 0 0
492| 0 0 0
493| 0 0 0
494| 0 0 0
495| 0 0 0
496| 0 0 0
497| 0 0 0
498| 0 0 0
499| 0 0 0
500| 0 0 0
501| 0 0 0
502| 0 0 0
503| 0 0 0
504| 0 0 0
505| 0 0 0
506| 0 0 0
507| 0 0 0
508| 0 0 0
509| 0 0 0
510| 0 0 0
511| 0 0 0
512| 0 0 0
513| 0 0 0
514| 0 0 0
515| 0 0 0
516| 0 0 0
517| 0 0 0
518| 0 0 0
519| 0 0 0
520| 0 0 0
521| 0 0 0
522| 0 0 0
523| 0 0 0
524| 0 0 0
525| 0 0 0
526| 0 0 0
527| 0 0 0
528| 0 0 0
529| 0 0 0
530| 0 0 0
531| 0 0 0
532| 0 0 0
533| 0 0 0
534| 0 0 0
535| 0 0 0
536| 0 0 0
537| 0 0 0
538| 0 0 0
539| 0 0 0
540| 0 0 0
541| 0 0 0
542| 0 0 0
543| 0 0 0
544| 0 0 0
545| 0 0 0
546| 0 0 0
547| 0 0 0
548| 0 0 0
549| 0 0 0
550| 0 0 0
551| 0 0 0
552| 0 0 0
553| 0 0 0
554| 0 0 0
555| 0 0 0
556| 0 0 0
557| 0 0 0
558| 0 0 0
559| 0 0 0
560| 0 0 0
561| 0 0 0
562| 0,3 0 0
563| 0,6 0 0
564| 0,9 0 0
565| 1,2 0 0
566| 1,5 0 0
567| 1,8 0 0
568| 2,1 0 0
569| 2,4 0 0
570| 2,7 0 0
571| 3 0 0
572| 3,299999 0 0
573| 3,599999 0 0
574| 3,899999 0 0
575| 4,2 0 0
576| 4,5 0 0
577| 4,8 0 0
578| 5,1 0 0
579| 5,4 0 0
580| 5,7 0 0
581| 6 0 0
582| 6,300001 0 0
583| 6,600001 0 0
584| 6,900001 0 0
585| 7,200001 0 0
586| 7,500001 0 0
587| 7,800001 0 0
588| 8,1 0 0
589| 8,4 0 0
590| 8,7 0 0
591| 8,999999 0 0
592| 9,299999 0 0
593| 9,599998 0 0
594| 9,899999 0 0
595| 10,2 0 0
596| 10,5 0 0
597| 10,8 0 0
598| 11,1 0 0
599| 0 0 0
600| 0 0 0
601| 0 0 0
602| 0 0 0
603| 0 0 0
604| 0 0 0
605| 0 0 0
606| 0 0 0
607| 0 0 0
608| 0 0 0
609| 0 0 0
610| 0 4 0
611| 0 8 0
612| 0 12 0
613| 0 16 0
614| 0 20 0
615| 0 24 0
616| 0 28 0
617| 0 32 0
618| 0 36 0
619| 0 40 0
620| 0 43,99999 0
621| 0 47,99999 0
622| 0 51,99999 0
623| 0 55,99999 0
624| 0 60 0
625| 0 64 0
626| 0 68 0
627| 0 72 0
628| 0 76,00001 0
629| 0 80,00001 0
630| 0 84,00001 0
631| 0 88,00002 0
632| 0 92,00002 0
633| 0 96,00002 0
634| 0 100 0
635| 0 104 0
636| 0 108 0
637| 0 112 0
638| 0 116 0
639| 0 120 0
640| 0 124 0
641| 0 128 0
642| 0 132 0
643| 0 136 0
644| 0 140 0
645| 0 144 0
646| 0 148 0
647| 0 152 0
648| 0 156 0
649| 0 160 0
650| 0 164 0
651| 0 168 0
652| 0 171,9999 0
653| 0 175,9999 0
654| 0 179,9999 0
655| 0 183,9999 0
656| 0 187,9999 0
657| 0 191,9999 0
658| 0 195,9999 0
659| 0 199,9999 0
660| 0 203,9999 0
661| 0 207,9999 0
662| 0 211,9999 0
663| 0 215,9999 0
664| 0 219,9999 0
665| 0 223,9999 0
666| 0 227,9999 0
667| 0 231,9999 0
668| 0 235,9999 0
669| 0 239,9999 0
670| 0 243,9999 0
671| 0 247,9999 0
672| 0 251,9999 0
673| 0 255,9999 0
674| 0 259,9999 0
675| 0 263,9999 0
676| 0 267,9999 0
677| 0 271,9998 0
678| 0 275,9998 0
679| 0 279,9998 0
680| 0 283,9998 0
681| 0 287,9998 0
682| 0 291,9998 0
683| 0 295,9998 0
684| 0 299,9998 0
685| 0 303,9998 0
686| 0 307,9998 0
687| 0 311,9998 0
688| 0 315,9998 0
689| 0 319,9998 0
690| 0 323,9998 0
691| 0 327,9998 0
692| 0 331,9998 0
693| 0 335,9998 0
694| 0 339,9998 0
695| 0 343,9998 0
696| 0 347,9998 0
697| 0 351,9998 0
698| 0 355,9998 0
699| 0 359,9998 0
700| 0 363,9998 0
701| 0 367,9998 0
702| 0 371,9998 0
703| 0 375,9998 0
704| 0 379,9998 0
705| 0 383,9998 0
706| 0 387,9998 0
707| 0 391,9998 0
708| 0 395,9998 0
709| 0 399,9997 0
710| 0 400 0
711| 0 400 0
712| 0 400 0
713| 0 400 0
714| 0 400 0
715| 0 400 0
716| 0 400 0
717| 0 400 0
718| 0 400 0
719| 0 400 0
720| 0 400 0
721| 0 400 0
722| 0 400 0
723| 0 400 0
724| 0 400 0
725| 0 400 0
726| 0 400 0
727| 0 400 0
728| 0 400 0
729| 0 400 0
730| 0 400 0
731| 0 400 0
732| 0 400 0
733| 0 400 0
734| 0 400 0
735| 0 400 0
736| 0 400 0
737| 0 400 0
738| 0 400 0
739| 0 400 0
740| 0 400 0
741| 0 400 0
742| 0 400 0
743| 0 400 0
744| 0 400 0
745| 0 400 0
746| 0 400 0
747| 0 400 0
748| 0 400 0
749| 0 400 0
750| 0 400 0
751| 0 400 0
752| 0 400 0
753| 0 400 0
754| 0 400 0
755| 0 400 0
756| 0 400 0
757| 0 400 0
758| 0 400 0
759| 0 400 0
760| 0 400 0
761| 0 400 0
762| 0 400 0
763| 0 400 0
764| 0 400 0
765| 0 400 0
766| 0 400 0
767| 0 400 0
768| 0 400 0
769| 0 400 0
770| 0 400 0
771| 0 400 0
772| 0 400 0
773| 0 400 0
774| 0 400 0
775| 0 400 0
776| 0 400 0
777| 0 400 0
778| 0 400 0
779| 0 400 0
780| 0 400 0
781| 0 400 0
782| 0 400 0
783| 0 400 0
784| 0 400 0
785| 0 400 0
786| 0 400 0
787| 0 400 0
788| 0 400 0
789| 0 400 0
790| 0 400 0
791| 0 400 0
792| 0 400 0
793| 0 400 0
794| 0 400 0
795| 0 400 0
796| 0 400 0
797| 0 400 0
798| 0 400 0
799| 0 400 0
800| 0 400 0
801| 0 400 0
802| 0 400 0
803| 0 400 0
804| 0 400 0
805| 0 400 0
806| 0 400 0
807| 0 400 0
808| 0 400 0
809| 0 400 0
810| 0 400 0
811| 0 400 0
812| 0 400 0
813| 0 400 0
814| 0 400 0
815| 0 400 0
816| 0 400 0
817| 0 400 0
818| 0 400 0
819| 0 400 0
820| 0 400 0
821| 0 400 0
822| 0 400 0
823| 0 400 0
824| 0 400 0
825| 0 400 0
826| 0 400 0
827| 0,3 400 0
828| 0,6 400 0
829| 0,9 400 0
830| 1,2 400 0
831| 1,5 400 0
832| 1,8 400 0
833| 2,1 400 0
834| 2,4 400 0
835| 2,7 400 0
836| 3 400 0
837| 3 400 0
838| 3 400 0
839| 3 400 0
840| 3 400 0
841| 3 400 0
842| 3 400 0
843| 3 400 0
844| 3 400 0
845| 3 400 0
846| 3 400 0
847| 3 400 0
848| 3 400 0
849| 3 400 0
850| 3 400 0
851| 3 400 0
852| 3 400 0
853| 3 400 0
854| 3 400 0
855| 3 400 0
856| 3 400 0
857| 3 400 0
858| 3 400 0
859| 3 400 0
860| 3 400 0
861| 3 400 0
862| 3 400 0
863| 3 400 0
864| 3 400 0
865| 3 400 0
866| 3 400 0
867| 3 400 0
868| 3 400 0
869| 3 400 0
870| 3 400 0
871| 3 400 0
872| 3 400 0
873| 3 400 0
874| 3 400 0
875| 3 400 0
876| 3 400 0
877| 3 400 0
878| 3 400 0
879| 3 400 0
880| 3 400 0
881| 3 400 0
882| 3 400 0
883| 3 400 0
884| 3 400 0
885| 3 400 0
886| 3 400 0
887| 3 400 0
888| 3 400 0
889| 3 400 0
890| 3 400 0
891| 3 400 0
892| 3 400 0
893| 3 400 0
894| 3 400 0
895| 3 400 0
896| 3 400 0
897| 0 400 0
898| -0,3 400 0
899| -0,6 400 0
900| -0,9 400 0
901| -1,2 400 0
902| -1,5 400 0
903| -1,8 400 0
904| -2,1 400 0
905| -2,4 400 0
906| -2,7 400 0
907| -3 400 0
908| -3,299999 400 0
909| -3,599999 400 0
910| -3,899999 400 0
911| -4,2 400 0
912| -4,5 400 0
913| -4,8 400 0
914| -5,1 400 0
915| -5,4 400 0
916| -5,7 400 0
917| -6 400 0
918| -6,300001 400 0
919| -6,600001 400 0
920| -6,900001 400 0
921| -7,200001 400 0
922| -7,500001 400 0
923| -7,800001 400 0
924| -8,1 400 0
925| -8,4 400 0
926| -8,7 400 0
927| -8,999999 400 0
928| -9,299999 400 0
929| -9,599998 400 0
930| -9,599998 400 0
931| -9,599998 400 0
932| -9,599998 400 0
933| -9,599998 400 0
934| -9,599998 400 0
935| -9,599998 400 0
936| -9,599998 400 0
937| -9,599998 400 0
938| -9,599998 400 0
939| -9,599998 400 0
940| -9,599998 400 0
941| -9,599998 400 0
942| -9,599998 400 0
943| -9,599998 400 0
944| -9,599998 400 0
945| -9,599998 400 0
946| -9,599998 400 0
947| -9,599998 400 0
948| -9,599998 400 0
949| -9,599998 400 0
950| -9,599998 400 0
951| -9,599998 400 0
952| -9,599998 400 0
953| -9,599998 400 0
954| -9,599998 400 0
955| -9,599998 400 0
956| -9,599998 400 0
957| -9,599998 400 0
958| -9,599998 400 0
959| -9,599998 400 0
960| -9,599998 400 0
961| -9,599998 400 0
962| -9,599998 400 0
963| -9,599998 400 0
964| -9,599998 400 0
965| -9,599998 400 0
966| -9,599998 400 0
967| -9,599998 400 0
968| -9,599998 400 0
969| -9,599998 400 0
970| -9,599998 400 0
971| 0 400 0
972| 0,3 400 0
973| 0,6 400 0
974| 0,9 400 0
975| 1,2 400 0
976| 1,5 400 0
977| 1,8 400 0
978| 2,1 400 0
979| 2,4 400 0
980| 2,7 400 0
981| 3 400 0
982| 3,299999 400 0
983| 3,599999 400 0
984| 3,899999 400 0
985| 4,2 400 0
986| 4,5 400 0
987| 4,8 400 0
988| 5,1 400 0
989| 5,4 400 0
990| 5,7 400 0
991| 6 400 0
992| 6,300001 400 0
993| 6,600001 400 0
994| 6,900001 400 0
995| 7,200001 400 0
996| 7,500001 400 0
997| 7,800001 400 0
998| 8,1 400 0
999| 8,4 400 0
1000| 8,7 400 0
1001| 8,999999 400 0
1002| 9,299999 400 0
1003| 9,599998 400 0
1004| 9,899999 400 0
1005| 10,2 400 0
1006| 10,5 400 0
1007| 10,8 400 0
1008| 11,1 400 0
1009| 11,4 400 0
1010| 11,7 400 0
1011| 12 400 0
1012| 12,3 400 0
1013| 12,6 400 0
1014| 12,9 400 0
1015| 13,2 400 0
1016| 13,5 400 0
1017| 13,79999 400 0
1018| 14,09999 400 0
1019| 14,39999 400 0
1020| 14,69999 400 0
1021| 14,99999 400 0
1022| 15,29999 400 0
1023| 15,59999 400 0
1024| 15,89999 400 0
1025| 16,19999 400 0
1026| 16,49999 400 0
1027| 16,79999 400 0
1028| 17,09999 400 0
1029| 17,09999 400 0
1030| 17,09999 400 0
1031| 17,09999 400 0
1032| 17,09999 400 0
1033| 17,09999 400 0
1034| 17,09999 400 0
1035| 17,09999 400 0
1036| 17,09999 400 0
1037| 17,09999 400 0
1038| 17,09999 400 0
1039| 17,09999 400 0
1040| 17,09999 400 0
1041| 17,09999 400 0
1042| 17,09999 400 0
1043| 17,09999 400 0
1044| 17,09999 400 0
1045| 17,09999 400 0
1046| 17,09999 400 0
1047| 17,09999 400 0
1048| 17,09999 400 0
1049| 17,09999 400 0
1050| 17,39999 400 0
1051| 17,69999 400 0
1052| 17,99999 400 0
1053| 18,29999 400 0
1054| 18,59999 400 0
1055| 18,89999 400 0
1056| 19,19999 400 0
1057| 19,49999 400 0
1058| 19,79999 400 0
1059| 19,79999 400 0
1060| 19,79999 400 0
1061| 19,79999 400 0
1062| 19,79999 400 0
1063| 19,79999 400 0
1064| 19,79999 400 0
1065| 19,79999 400 0
1066| 19,79999 400 0
1067| 19,79999 400 0
1068| 19,79999 400 0
1069| 19,79999 400 0
1070| 0 400 0
1071| -0,3 400 0
1072| -0,6 400 0
1073| -0,9 400 0
1074| -1,2 400 0
1075| -1,5 400 0
1076| -1,8 400 0
1077| -2,1 400 0
1078| -2,4 400 0
1079| -2,7 400 0
1080| -3 400 0
1081| -3,299999 400 0
1082| -3,599999 400 0
1083| -3,899999 400 0
1084| -4,2 400 0
1085| -4,5 400 0
1086| -4,8 400 0
1087| -5,1 400 0
1088| -5,4 400 0
1089| -5,7 400 0
1090| -6 400 0
1091| -6,300001 400 0
1092| -6,600001 400 0
1093| -6,900001 400 0
1094| -7,200001 400 0
1095| -7,500001 400 0
1096| -7,800001 400 0
1097| -8,1 400 0
1098| -8,4 400 0
1099| -8,7 400 0
1100| -8,999999 400 0
1101| -9,299999 400 0
1102| -9,299999 400 0
1103| -9,299999 400 0
1104| -9,299999 400 0
1105| -9,299999 400 0
1106| -9,299999 400 0
1107| -9,299999 400 0
1108| -9,299999 400 0
1109| -9,299999 400 0
1110| -9,299999 400 0
1111| -9,299999 400 0
1112| -9,299999 400 0
1113| -9,299999 400 0
1114| -9,299999 400 0
1115| 0 400 0
1116| 0,3 400 0
1117| 0,6 400 0
1118| 0,9 400 0
1119| 1,2 400 0
1120| 1,5 400 0
1121| 1,8 400 0
1122| 2,1 400 0
1123| 2,4 400 0
1124| 2,7 400 0
1125| 3 400 0
1126| 3,299999 400 0
1127| 3,599999 400 0
1128| 3,899999 400 0
1129| 4,2 400 0
1130| 4,5 400 0
1131| 4,8 400 0
1132| 5,1 400 0
1133| 5,4 400 0
1134| 5,7 400 0
1135| 6 400 0
1136| 6 400 0
1137| 6 400 0
1138| 6 400 0
1139| 6 400 0
1140| 6 400 0
1141| 6 400 0
1142| 6 400 0
1143| 6 400 0
1144| 6 400 0
1145| 6 400 0
1146| 6 400 0
1147| 6 400 0
1148| 6 400 0
1149| 6 400 0
1150| 6 400 0
1151| 6 400 0
1152| 6 400 0
1153| 6 400 0
1154| 6 400 0
1155| 6 400 0
1156| 6 400 0
1157| 0 400 0
1158| -0,3 400 0
1159| -0,6 400 0
1160| -0,9 400 0
1161| -1,2 400 0
1162| -1,5 400 0
1163| -1,8 400 0
1164| -2,1 400 0
1165| -2,4 400 0
1166| -2,7 400 0
1167| -3 400 0
1168| -3,299999 400 0
1169| -3,599999 400 0
1170| -3,899999 400 0
1171| -4,2 400 0
1172| -4,5 400 0
1173| -4,8 400 0
1174| -5,1 400 0
1175| -5,4 400 0
1176| -5,7 400 0
1177| -6 400 0
1178| -6,300001 400 0
1179| -6,600001 400 0
1180| -6,900001 400 0
1181| -7,200001 400 0
1182| -7,500001 400 0
1183| -7,800001 400 0
1184| -8,1 400 0
1185| -8,4 400 0
1186| -8,7 400 0
1187| -8,999999 400 0
1188| -9,299999 400 0
1189| -9,599998 400 0
1190| -9,899999 400 0
1191| -10,2 400 0
1192| -10,5 400 0
1193| -10,8 400 0
1194| -11,1 400 0
1195| -11,4 400 0
1196| -11,7 400 0
1197| -11,7 400 0
1198| -11,7 400 0
1199| -11,7 400 0
1200| -11,7 400 0
1201| -11,7 400 0
1202| -11,7 400 0
1203| -11,7 400 0
1204| -11,7 400 0
1205| -11,7 400 0
1206| -11,7 400 0
1207| -11,7 400 0
1208| -11,7 400 0
1209| -11,7 400 0
1210| -11,7 400 0
1211| -11,7 400 0
1212| -11,7 400 0
1213| -11,7 400 0
1214| -11,7 400 0
1215| -11,7 400 0
1216| -11,7 400 0
1217| -11,7 400 0
1218| -11,7 400 0
1219| -11,7 400 0
1220| -11,7 400 0
1221| -11,7 400 0
1222| -11,7 400 0
1223| -11,7 400 0
1224| -11,7 400 0
1225| -11,7 400 0
1226| -11,7 400 0
1227| -11,7 400 0
1228| -11,7 400 0
1229| -11,7 400 0
1230| -11,7 400 0
1231| -11,7 400 0
1232| -11,7 400 0
1233| -11,7 400 0
1234| -11,7 400 0
1235| -11,7 400 0
1236| -11,7 400 0
1237| -11,7 400 0
1238| -11,7 400 0
1239| -11,7 400 0
1240| -11,7 400 0
1241| -11,7 400 0
1242| -11,7 400 0
1243| -11,7 400 0
1244| -11,7 400 0
1245| -11,7 400 0
1246| -11,7 400 0
1247| -11,7 400 0
1248| -11,7 400 0
1249| -11,7 400 0
1250| -11,7 400 0
1251| -11,7 400 0
1252| -11,7 400 0
1253| -11,7 400 0
1254| -11,7 400 0
1255| -11,7 400 0
1256| -11,7 400 0
1257| -11,7 400 0
1258| -11,7 400 0
1259| -11,7 400 0
1260| -11,7 400 0
1261| -11,7 400 0
1262| -11,7 400 0
1263| -11,7 400 0
1264| -11,7 400 0
1265| -11,7 400 0
1266| -11,7 400 0
1267| -11,7 400 0
1268| -11,7 400 0
1269| -11,7 400 0
1270| -11,7 400 0
1271| -11,7 400 0
1272| -11,7 400 0
1273| -11,7 400 0
1274| -11,7 400 0
1275| -11,7 400 0
1276| -11,7 400 0
1277| -11,7 400 0
1278| -11,7 400 0
1279| 0 0 0
1280| 0 0 0
1281| 0 0 0
1282| 0 0 0
1283| 0 0 0
1284| 0 0 0
1285| 0 0 0
1286| 0 0 0
1287| 0 0 0
1288| 0 0 0
1289| 0 0 0
1290| 0 0 0
1291| 0 0 0
1292| 0 0 0
1293| 0 0 0
1294| 0 0 0
1295| 0 0 0
1296| 0 0 0
1297| 0 0 0
1298| 0 0 0
1299| 0 0 0
1300| 0 0 0
1301| 0 0 0
1302| 0 0 0
1303| 0 0 0
1304| 0 0 0
1305| 0 0 0
1306| 0 0 0
1307| 0 0 0
1308| 0 0 0
1309| 0 0 0
1310| 0 0 0
1311| 0 0 0
1312| 0 0 0
1313| 0 0 0
1314| 0 0 0
1315| 0 0 0
1316| 0 0 0
1317| 0 0 0
1318| 0 0 0
1319| 0 0 0
1320| 0 0 0
1321| 0 0 0
1322| 0 0 0
1323| 0 0 0
1324| 0 0 0
1325| 0 0 0
1326| 0 0 0
1327| 0 0 0
1328| 0 0 0
1329| 0 0 0
1330| 0 0 0
1331| 0 0 0
1332| 0 0 0
1333| 0 0 0
1334| 0 0 0
1335| 0 0 0
1336| 0 0 0
1337| 0 0 0
1338| 0 0 0
1339| 0 0 0
1340| 0 0 0
1341| 0 0 0
1342| 0 0 0
1343| 0 0 0
1344| 0 0 0
1345| 0 0 0
1346| 0 0 0
1347| 0 0 0
1348| 0 0 0
1349| 0 0 0
1350| 0 -4 0
1351| 0 -8 0
1352| 0 -12 0
1353| 0 -16 0
1354| 0 -20 0
1355| 0 -24 0
1356| 0 -28 0
1357| 0 -32 0
1358| 0 -36 0
1359| 0 -40 0
1360| 0 -43,99999 0
1361| 0 -47,99999 0
1362| 0 -51,99999 0
1363| 0 -55,99999 0
1364| 0 -60 0
1365| 0 -64 0
1366| 0 -68 0
1367| 0 -72 0
1368| 0 -76,00001 0
1369| 0 -80,00001 0
1370| 0 -84,00001 0
1371| 0 -88,00002 0
1372| 0 -92,00002 0
1373| 0 -96,00002 0
1374| 0 -100 0
1375| 0 -104 0
1376| 0 -108 0
1377| 0 0 0
1378| 0 0 0
1379| 0 0 0
1380| 0 0 0
1381| 0 0 0
1382| 0 0 0
1383| 0,3 0 0
1384| 0,6 0 0
1385| 0,9 0 0
1386| 1,2 0 0
1387| 1,5 0 0
1388| 1,8 0 0
1389| 2,1 0 0
1390| 2,4 0 0
1391| 2,7 0 0
1392| 3 0 0
1393| 3,299999 0 0
1394| 3,599999 0 0
1395| 3,899999 0 0
1396| 4,2 0 0
1397| 4,5 0 0
1398| 4,8 0 0
1399| 5,1 0 0
1400| 5,4 0 0
1401| 5,7 0 0
1402| 6 0 0
1403| 6,300001 0 0
1404| 6,600001 0 0
1405| 6,900001 0 0
1406| 7,200001 0 0
1407| 7,500001 0 0
1408| 7,800001 0 0
1409| 8,1 0 0
1410| 8,4 0 0
1411| 8,7 0 0
1412| 8,999999 0 0
1413| 9,299999 0 0
1414| 9,599998 0 0
1415| 9,899999 0 0
1416| 10,2 0 0
1417| 10,5 0 0
1418| 10,8 0 0
1419| 11,1 0 0
1420| 11,4 0 0
1421| 11,7 0 0
1422| 12 0 0
1423| 12,3 0 0
1424| 12,6 0 0
1425| 12,9 0 0
1426| 13,2 0 0
1427| 13,5 0 0
1428| 13,79999 0 0
1429| 14,09999 0 0
1430| 14,39999 0 0
1431| 14,69999 0 0
1432| 14,99999 0 0
1433| 15,29999 0 0
1434| 15,59999 0 0
1435| 15,89999 0 0
1436| 16,19999 0 0
1437| 16,49999 0 0
1438| 16,79999 0 0
1439| 17,09999 0 0
1440| 17,39999 0 0
1441| 17,69999 0 0
1442| 17,99999 0 0
1443| 18,29999 0 0
1444| 18,59999 0 0
1445| 18,89999 0 0
1446| 19,19999 0 0
1447| 19,49999 0 0
1448| 19,79999 0 0
1449| 20,09999 0 0
1450| 20,39999 0 0
1451| 20,39999 0 0
1452| 20,39999 4 0
1453| 20,39999 8 0
1454| 20,39999 12 0
1455| 20,39999 16 0
1456| 20,39999 20 0
1457| 20,39999 24 0
1458| 20,39999 28 0
1459| 20,39999 32 0
1460| 20,39999 36 0
1461| 20,39999 40 0
1462| 20,39999 43,99999 0
1463| 20,39999 47,99999 0
1464| 20,39999 51,99999 0
1465| 20,39999 55,99999 0
1466| 20,39999 60 0
1467| 20,39999 64 0
1468| 20,39999 68 0
1469| 20,39999 72 0
1470| 20,39999 76,00001 0
1471| 20,39999 80,00001 0
1472| 20,39999 84,00001 0
1473| 20,39999 88,00002 0
1474| 20,39999 92,00002 0
1475| 20,39999 96,00002 0
1476| 20,39999 100 0
1477| 20,39999 104 0
1478| 20,39999 108 0
1479| 20,39999 112 0
1480| 20,39999 116 0
1481| 0 120 0
1482| -0,3 124 0
1483| -0,6 128 0
1484| -0,9 132 0
1485| -1,2 136 0
1486| -1,5 140 0
1487| -1,8 144 0
1488| -2,1 148 0
1489| -2,4 152 0
1490| -2,7 156 0
1491| -3 160 0
1492| -3,299999 164 0
1493| -3,599999 168 0
1494| -3,899999 171,9999 0
1495| -3,899999 175,9999 0
1496| -3,899999 179,9999 0
1497| -3,899999 183,9999 0
1498| -3,899999 187,9999 0
1499| -3,899999 191,9999 0
1500| -3,899999 195,9999 0
1501| -3,899999 199,9999 0
1502| -3,899999 203,9999 0
1503| -3,899999 207,9999 0
1504| -3,899999 211,9999 0
1505| -3,899999 215,9999 0
1506| -3,899999 219,9999 0
1507| -3,899999 223,9999 0
1508| -3,899999 227,9999 0
1509| -3,899999 231,9999 0
1510| -3,899999 235,9999 0
1511| -3,899999 239,9999 0
1512| -3,899999 243,9999 0
1513| -3,899999 247,9999 0
1514| -3,899999 251,9999 0
1515| -3,899999 255,9999 0
1516| -3,899999 259,9999 0
1517| -3,899999 263,9999 0
1518| -3,899999 267,9999 0
1519| -3,899999 271,9998 0
1520| -3,899999 275,9998 0
1521| -3,899999 279,9998 0
1522| -3,899999 283,9998 0
1523| -3,899999 287,9998 0
1524| -4,2 291,9998 0
1525| -4,5 295,9998 0
1526| -4,8 299,9998 0
1527| -5,1 303,9998 0
1528| -5,4 307,9998 0
1529| -5,7 311,9998 0
1530| -6 315,9998 0
1531| -6,300001 319,9998 0
1532| -6,600001 323,9998 0
1533| -6,900001 327,9998 0
1534| -7,200001 331,9998 0
1535| -7,500001 335,9998 0
1536| -7,800001 339,9998 0
1537| -8,1 343,9998 0
1538| -8,4 347,9998 0
1539| -8,7 351,9998 0
1540| -8,999999 355,9998 0
1541| -9,299999 359,9998 0
1542| -9,599998 363,9998 0
1543| -9,899999 367,9998 0
1544| -10,2 371,9998 0
1545| -10,5 375,9998 0
1546| -10,8 379,9998 0
1547| -11,1 383,9998 0
1548| -11,4 387,9998 0
1549| -11,7 391,9998 0
1550| -12 395,9998 0
1551| -12,3 399,9997 0
1552| -12,6 400 0
1553| -12,9 400 0
1554| -13,2 400 0
1555| -13,5 400 0
1556| -13,79999 400 0
1557| -14,09999 400 0
1558| -14,39999 400 0
1559| -14,69999 400 0
1560| -14,99999 400 0
1561| -15,29999 400 0
1562| -15,59999 400 0
1563| -15,59999 400 0
1564| -15,59999 400 0
1565| -15,59999 400 0
1566| -15,59999 400 0
1567| -15,59999 400 0
1568| -15,59999 400 0
1569| -15,59999 400 0
1570| -15,59999 400 0
1571| -15,59999 400 0
1572| -15,59999 400 0
1573| -15,59999 400 0
1574| -15,59999 400 0
1575| -15,59999 400 0
1576| -15,59999 400 0
1577| -15,59999 400 0
1578| -15,59999 400 0
1579| -15,59999 400 0
1580| -15,59999 400 0
1581| -15,59999 400 0
1582| -15,59999 400 0
1583| -15,59999 400 0
1584| -15,59999 400 0
1585| -15,59999 400 0
1586| -15,59999 400 0
1587| -15,59999 400 0
1588| -15,59999 400 0
1589| -15,59999 400 0
1590| -15,59999 400 0
1591| -15,59999 400 0
1592| -15,59999 400 0
1593| -15,59999 400 0
1594| -15,59999 400 0
1595| -15,59999 400 0
1596| -15,59999 400 0
1597| -15,59999 400 0
1598| -15,59999 400 0
1599| -15,59999 400 0
1600| -15,59999 400 0
1601| -15,59999 400 0
1602| -15,59999 400 0
1603| -15,59999 400 0
1604| -15,59999 400 0
1605| -15,59999 400 0
1606| -15,59999 400 0
1607| -15,59999 400 0
1608| -15,59999 400 0
1609| -15,59999 400 0
1610| -15,59999 400 0
1611| -15,59999 400 0
1612| 0 400 0
1613| 0,3 400 0
1614| 0,6 400 0
1615| 0,9 400 0
1616| 1,2 400 0
1617| 1,5 400 0
1618| 1,8 400 0
1619| 2,1 400 0
1620| 2,4 400 0
1621| 2,7 400 0
1622| 2,7 400 0
1623| 2,7 400 0
1624| 2,7 400 0
1625| 2,7 400 0
1626| 2,7 400 0
1627| 2,7 400 0
1628| 2,7 400 0
1629| 2,7 400 0
1630| 2,7 400 0
1631| 2,7 400 0
1632| 2,7 400 0
1633| 2,7 400 0
1634| 2,7 400 0
1635| 2,7 400 0
1636| 2,7 400 0
1637| 3 400 0
1638| 3,299999 400 0
1639| 3,599999 400 0
1640| 3,899999 400 0
1641| 4,2 400 0
1642| 4,5 400 0
1643| 4,5 400 0
1644| 4,5 400 0
1645| 4,5 400 0
1646| 4,5 400 0
1647| 4,5 400 0
1648| 4,5 400 0
1649| 4,5 400 0
1650| 4,5 400 0
1651| 4,5 400 0
1652| 4,5 400 0
1653| 4,5 400 0
1654| 4,5 400 0
1655| 4,5 400 0
1656| 4,5 400 0
1657| 4,5 400 0
1658| 4,5 400 0
1659| 4,5 400 0
1660| 4,5 400 0
1661| 4,5 400 0
1662| 4,5 400 0
1663| 4,5 400 0
1664| 4,5 400 0
1665| 4,5 400 0
1666| 4,5 400 0
1667| 4,5 400 0
1668| 4,5 400 0
1669| 4,5 400 0
1670| 4,5 400 0
1671| 4,5 400 0
1672| 4,5 400 0
1673| 4,5 400 0
1674| 4,5 400 0
1675| 4,5 400 0
1676| 4,5 400 0
1677| 4,8 400 0
1678| 5,1 400 0
1679| 5,4 400 0
1680| 5,7 400 0
1681| 6 400 0
1682| 6 400 0
1683| 6 400 0
1684| 6 400 0
1685| 6 400 0
1686| 6 400 0
1687| 6 400 0
1688| 6 400 0
1689| 6 400 0
1690| 6 400 0
1691| 6 400 0
1692| 6 400 0
1693| 6 400 0
1694| 6 400 0
1695| 6 400 0
1696| 6 400 0
1697| 6 400 0
1698| 6 400 0
1699| 6 400 0
1700| 6 400 0
1701| 6 400 0
1702| 6 400 0
1703| 6 400 0
1704| 6 400 0
1705| 6 400 0
1706| 6 400 0
1707| 6 400 0
1708| 6 400 0
1709| 6 400 0
1710| 6 400 0
1711| 6 400 0
1712| 6 400 0
1713| 6 400 0
1714| 6 400 0
1715| 6 400 0
1716| 6 400 0
1717| 6 400 0
1718| 6 400 0
1719| 6 400 0
1720| 6 400 0
1721| 6 400 0
1722| 6 400 0
1723| 6 400 0
1724| 6 400 0
1725| 6 400 0
1726| 6 400 0
1727| 6 400 0
1728| 6 400 0
1729| 6 400 0
1730| 6 400 0
1731| 6 400 0
1732| 6 400 0
1733| 6 400 0
1734| 6 400 0
1735| 6 400 0
1736| 6 400 0
1737| 6 400 0
1738| 6 400 0
1739| 6 400 0
1740| 6 400 0
1741| 6 400 0
1742| 6 400 0
1743| 6 400 0
1744| 6 400 0
1745| 6 400 0
1746| 6 400 0
1747| 6 400 0
1748| 6 400 0
1749| 6 400 0
1750| 6 400 0
1751| 6 400 0
1752| 6 400 0
1753| 6 400 0
1754| 6 400 0
1755| 6 400 0
1756| 6 400 0
1757| 6 400 0
1758| 6 400 0
1759| 6 400 0
1760| 6 400 0
1761| 6 400 0
1762| 6 400 0
1763| 6 400 0
1764| 6 400 0
1765| 6 400 0
1766| 6 400 0
1767| 6 400 0
1768| 6 400 0
1769| 6 400 0
1770| 6 400 0
1771| 6 400 0
1772| 6 400 0
1773| 6 400 0
1774| 6 400 0
1775| 6 400 0
1776| 6 400 0
1777| 6 400 0
1778| 6 400 0
1779| 6 400 0
1780| 6 400 0
1781| 0 400 0
1782| -0,3 400 0
1783| -0,6 400 0
1784| -0,9 400 0
1785| -1,2 400 0
1786| -1,5 400 0
1787| -1,8 400 0
1788| -2,1 400 0
1789| -2,4 400 0
1790| -2,7 400 0
1791| -3 400 0
1792| -3,299999 400 0
1793| -3,599999 400 0
1794| -3,899999 400 0
1795| -4,2 400 0
1796| -4,5 400 0
1797| -4,8 400 0
1798| -5,1 400 0
1799| -5,4 400 0
1800| -5,7 400 0
1801| -6 400 0
1802| -6,300001 400 0
1803| -6,600001 400 0
1804| -6,900001 400 0
1805| -7,200001 400 0
1806| -7,500001 400 0
1807| -7,800001 400 0
1808| -8,1 400 0
1809| -8,4 400 0
1810| -8,7 400 0
1811| -8,999999 400 0
1812| -9,299999 400 0
1813| -9,599998 400 0
1814| -9,899999 400 0
1815| -10,2 400 0
1816| -10,5 400 0
1817| -10,5 400 0
1818| -10,5 400 0
1819| -10,5 400 0
1820| -10,5 400 0
1821| -10,5 400 0
1822| -10,5 400 0
1823| -10,5 400 0
1824| -10,5 400 0
1825| -10,5 400 0
1826| -10,5 400 0
1827| -10,5 400 0
1828| -10,5 400 0
1829| -10,5 400 0
1830| -10,5 400 0
1831| -10,5 400 0
1832| -10,5 400 0
1833| -10,5 400 0
1834| -10,5 400 0
1835| -10,5 400 0
1836| -10,5 400 0
1837| -10,5 400 0
1838| -10,5 400 0
1839| -10,5 400 0
1840| -10,5 400 0
1841| -10,5 400 0
1842| -10,5 400 0
1843| -10,5 400 0
1844| -10,5 400 0
1845| -10,5 400 0
1846| -10,5 400 0
1847| -10,5 400 0
1848| -10,5 400 0
1849| -10,5 400 0
1850| -10,5 400 0
1851| -10,5 400 0
1852| -10,5 400 0
1853| -10,5 400 0
1854| -10,5 400 0
1855| -10,5 400 0
1856| -10,5 400 0
1857| -10,5 400 0
1858| -10,5 400 0
1859| -10,5 400 0
1860| -10,5 400 0
1861| -10,5 400 0
1862| -10,5 400 0
1863| -10,5 400 0
1864| -10,5 400 0
1865| -10,5 400 0
1866| -10,5 400 0
1867| -10,5 400 0
1868| -10,5 400 0
1869| -10,5 400 0
1870| -10,5 400 0
1871| -10,5 400 0
1872| -10,5 400 0
1873| -10,5 400 0
1874| -10,5 400 0
1875| -10,5 400 0
1876| -10,5 400 0
1877| -10,5 400 0
1878| -10,5 400 0
1879| -10,5 400 0
1880| -10,5 400 0
1881| -10,5 400 0
1882| -10,5 400 0
1883| -10,5 400 0
1884| -10,5 400 0
1885| -10,5 400 0
1886| -10,5 400 0
1887| -10,5 400 0
1888| -10,5 400 0
1889| -10,5 400 0
1890| -10,5 400 0
1891| -10,5 400 0
1892| -10,5 400 0
1893| -10,5 400 0
1894| -10,5 400 0
1895| -10,5 400 0
1896| -10,5 400 0
1897| -10,5 400 0
1898| -10,5 400 0
1899| -10,5 400 0
1900| -10,5 400 0
1901| -10,5 400 0
1902| -10,5 400 0
1903| -10,5 400 0
1904| -10,5 400 0
1905| -10,5 400 0
1906| -10,5 400 0
1907| -10,5 400 0
1908| -10,5 400 0
1909| -10,5 400 0
1910| -10,5 400 0
1911| -10,5 400 0
1912| -10,5 400 0
1913| -10,5 400 0
1914| -10,5 400 0
1915| -10,5 400 0
1916| -10,5 400 0
1917| -10,5 400 0
1918| -10,5 400 0
1919| -10,5 400 0
1920| -10,5 400 0
1921| -10,5 400 0
1922| -10,5 400 0
1923| -10,5 400 0
1924| -10,5 400 0
1925| -10,5 400 0
1926| -10,5 400 0
1927| -10,5 400 0
1928| -10,5 400 0
1929| -10,5 400 0
1930| -10,5 400 0
1931| -10,5 400 0
1932| -10,5 400 0
1933| -10,5 400 0
1934| -10,5 400 0
1935| -10,5 400 0
1936| -10,5 400 0
1937| -10,5 400 0
1938| -10,5 400 0
1939| -10,5 400 0
1940| -10,5 400 0
1941| -10,5 400 0
1942| -10,5 400 0
1943| -10,5 400 0
1944| -10,5 400 0
1945| -10,5 400 0
1946| -10,5 400 0
1947| -10,5 400 0
1948| -10,5 400 0
1949| -10,5 400 0
1950| -10,5 400 0
1951| -10,5 400 0
1952| -10,5 400 0
1953| -10,5 400 0
1954| -10,5 400 0
1955| -10,5 400 0
1956| -10,5 400 0
1957| -10,5 400 0
1958| -10,5 400 0
1959| -10,5 400 0
1960| -10,5 400 0
1961| -10,5 400 0
1962| -10,5 400 0
1963| -10,5 400 0
1964| -10,5 400 0
1965| -10,5 400 0
1966| -10,5 400 0
1967| -10,5 400 0
1968| -10,5 400 0
1969| -10,5 400 0
1970| -10,5 400 0
1971| -10,5 400 0
1972| -10,5 400 0
1973| -10,5 400 0
1974| -10,5 400 0
1975| -10,5 400 0
1976| -10,5 400 0
1977| -10,5 400 0
1978| -10,5 400 0
1979| -10,5 400 0
1980| -10,5 400 0
1981| -10,5 400 0
1982| -10,5 400 0
1983| -10,5 400 0
1984| -10,5 400 0
1985| -10,5 400 0
1986| -10,5 400 0
1987| -10,5 400 0
1988| -10,5 400 0
1989| -10,5 400 0
1990| -10,5 400 0
1991| -10,5 400 0
1992| -10,5 400 0
1993| -10,5 400 0
1994| -10,5 400 0
1995| -10,5 400 0
1996| -10,5 400 0
1997| -10,5 400 0
1998| -10,5 400 0
1999| -10,5 400 0
2000| -10,5 400 0
2001| 0 400 0
2002| 0,3 400 0
2003| 0,6 400 0
2004| 0,9 400 0
2005| 1,2 400 0
2006| 1,5 400 0
2007| 1,8 400 0
2008| 2,1 400 0
2009| 2,4 400 0
2010| 2,7 400 0
2011| 3 400 0
2012| 3 400 0
2013| 3 400 0
2014| 3 400 0
2015| 3 400 0
2016| 3 400 0
2017| 3 400 0
2018| 3 400 0
2019| 3 400 0
2020| 3 400 0
2021| 3 400 0
2022| 3 400 0
2023| 3 400 0
2024| 3 400 0
2025| 3 400 0
2026| 3 400 0
2027| 3 400 0
2028| 3 400 0
2029| 3 400 0
2030| 3 400 0
2031| 3 400 0
2032| 3 400 0
2033| 3 400 0
2034| 3 400 0
2035| 3 400 0
2036| 3 400 0
2037| 3 400 0
2038| 3 400 0
2039| 3 400 0
2040| 3 400 0
2041| 3 400 0
2042| 3 400 0
2043| 3 400 0
2044| 3 400 0
2045| 3 400 0
2046| 3 400 0
2047| 3 400 0
2048| 3 400 0
2049| 3 400 0
2050| 3 400 0
2051| 3 400 0
2052| 3 400 0
2053| 3 400 0
2054| 3 400 0
2055| 3 400 0
2056| 3 400 0
2057| 3 400 0
2058| 3 400 0
2059| 3 400 0
2060| 3 400 0
2061| 3 400 0
2062| 3 400 0
2063| 3 400 0
2064| 3 400 0
2065| 3 400 0
2066| 3 400 0
2067| 3 400 0
2068| 3 400 0
2069| 3 400 0
2070| 3 400 0
2071| 3 400 0
2072| 3 400 0
2073| 3 400 0
2074| 3 400 0
2075| 3 400 0
2076| 3 400 0
2077| 3 400 0
2078| 3 400 0
2079| 3 400 0
2080| 3 400 0
2081| 3 400 0
2082| 3 400 0
2083| 3 400 0
2084| 3 400 0
2085| 3 400 0
2086| 3 400 0
2087| 3 400 0
2088| 3 400 0
2089| 3 400 0
2090| 3 400 0
2091| 3 400 0
2092| 3 400 0
2093| 3 400 0
2094| 3 400 0
2095| 3 400 0
2096| 3 400 0
2097| 3 400 0
2098| 3 400 0
2099| 3 400 0
2100| 3 400 0
2101| 3 400 0
2102| 3 400 0
2103| 3 400 0
2104| 3 400 0
2105| 3 400 0
2106| 3 400 0
2107| 3 400 0
2108| 3 400 0
2109| 3 400 0
2110| 3 400 0
2111| 3 400 0
2112| 3 400 0
2113| 3 400 0
2114| 3 400 0
2115| 3 400 0
2116| 3 400 0
2117| 3 400 0
2118| 3 400 0
2119| 3 400 0
2120| 3 400 0
2121| 3 400 0
2122| 3 400 0
2123| 3 400 0
2124| 3 400 0
2125| 3 400 0
2126| 3 400 0
2127| 3 400 0
2128| 3 400 0
2129| 3 400 0
2130| 3 400 0
2131| 3 400 0
2132| 3 400 0
2133| 3 400 0
2134| 3 400 0
2135| 3 400 0
2136| 3 400 0
2137| 3 400 0
2138| 3 400 0
2139| 3 400 0
2140| 3 400 0
2141| 3 400 0
2142| 3 400 0
2143| 3 400 0
2144| 3 400 0
2145| 3 400 0
2146| 3 400 0
2147| 3 400 0
2148| 3 400 0
2149| 3 400 0
2150| 3 400 0
2151| 3 400 0
2152| 3 400 0
2153| 3 400 0
2154| 3 400 0
2155| 3 400 0
2156| 3 400 0
2157| 3 400 0
2158| 3 400 0
2159| 3 400 0
2160| 3 400 0
2161| 3 400 0
2162| 3 400 0
2163| 3 400 0
2164| 3 400 0
2165| 3 400 0
2166| 3 400 0
2167| 3 400 0
2168| 3 400 0
2169| 3 400 0
2170| 3 400 0
2171| 3 400 0
2172| 3 400 0
2173| 3 400 0
2174| 3 400 0
2175| 3 400 0
2176| 3 400 0
2177| 3 400 0
2178| 3 400 0
2179| 3 400 0
2180| 3 400 0
2181| 3 400 0
2182| 3 400 0
2183| 3 400 0
2184| 3 400 0
2185| 3 400 0
2186| 3 400 0
2187| 3 400 0
2188| 3 400 0
2189| 3 400 0
2190| 3 400 0
2191| 3 400 0
2192| 3 400 0
2193| 3 400 0
2194| 3 400 0
2195| 3 400 0
2196| 3 400 0
2197| 3 400 0
2198| 3 400 0
2199| 3 400 0
2200| 3 400 0
2201| 3 400 0
2202| 3 400 0
2203| 3 400 0
2204| 3 400 0
2205| 3 400 0
2206| 3 400 0
2207| 3 400 0
2208| 3 400 0
2209| 3 400 0
2210| 3 400 0
2211| 3 400 0
2212| 3 400 0
2213| 3 400 0
2214| 3 400 0
2215| 3 400 0
2216| 3 400 0
2217| 3 400 0
2218| 3 400 0
2219| 3 400 0
2220| 3 400 0
2221| 3 400 0
2222| 3 400 0
2223| 3 400 0
2224| 3 400 0
2225| 3 400 0
2226| 3 400 0
2227| 3 400 0
2228| 3 400 0
2229| 3 400 0
2230| 3 400 0
2231| 3 400 0
2232| 3 400 0
2233| 3 400 0
2234| 3 400 0
2235| 3 400 0
2236| 3 400 0
2237| 3 400 0
2238| 3 400 0
2239| 3 400 0
2240| 3 400 0
2241| 3 400 0
2242| 3 400 0
2243| 3 400 0
2244| 3 400 0
2245| 3 400 0
2246| 3 400 0
2247| 3 400 0
2248| 3 400 0
2249| 3 400 0
2250| 3 400 0
2251| 3 400 0
2252| 3 400 0
2253| 3 400 0
2254| 3 400 0
2255| 3 400 0
2256| 3 400 0
2257| 3 400 0
2258| 3 400 0
2259| 3 400 0
2260| 3 400 0
2261| 3 400 0
2262| 3 400 0
2263| 3 400 0
2264| 3 400 0
2265| 3 400 0
2266| 3 400 0
2267| 3 400 0
2268| 3 400 0
2269| 3 400 0
2270| 3 400 0
2271| 3 400 0
2272| 3 400 0
2273| 3 400 0
2274| 3 400 0
2275| 3 400 0
2276| 3 400 0
2277| 3 400 0
2278| 3 400 0
2279| 3 400 0
2280| 3 400 0
2281| 3 400 0
2282| 3 400 0
2283| 3 400 0
2284| 3 400 0
2285| 3 400 0
2286| 3 400 0
2287| 3 400 0
2288| 3 400 0
2289| 3 400 0
2290| 3 400 0
2291| 3 400 0
2292| 3 400 0
2293| 3 400 0
2294| 3 400 0
2295| 3 400 0
2296| 3 400 0
2297| 3 400 0
2298| 3 400 0
2299| 3 400 0
2300| 3 400 0
2301| 3 400 0
2302| 3 400 0
2303| 3 400 0
2304| 3 400 0
2305| 3 400 0
2306| 3 400 0
2307| 3 400 0
2308| 3 400 0
2309| 3 400 0
2310| 3 400 0
2311| 3 400 0
2312| 3 400 0
2313| 3 400 0
2314| 3 400 0
2315| 3 400 0
2316| 3 400 0
2317| 3 400 0
2318| 3 400 0
2319| 3 400 0
2320| 3 400 0
2321| 3 400 0
2322| 3 400 0
2323| 3 400 0
2324| 3 400 0
2325| 3 400 0
2326| 3 400 0
2327| 3 400 0
2328| 3 400 0
2329| 3 400 0
2330| 3 400 0
2331| 3 400 0
2332| 3 400 0
2333| 3 400 0
2334| 3 400 0
2335| 3 400 0
2336| 3 400 0
2337| 3 400 0
2338| 3 400 0
2339| 3 400 0
2340| 3 400 0
2341| 3 400 0
2342| 3 400 0
2343| 3 400 0
2344| 3 400 0
2345| 3 400 0
2346| 3 400 0
2347| 3 400 0
2348| 3 400 0
2349| 3 400 0
2350| 3 400 0
2351| 3 400 0
2352| 3 400 0
2353| 3 400 0
2354| 3 400 0
2355| 3 400 0
2356| 3 400 0
2357| 3 400 0
2358| 3 400 0
2359| 3 400 0
2360| 3 400 0
2361| 3 400 0
2362| 0 400 0
2363| -0,3 400 0
2364| -0,6 400 0
2365| -0,9 400 0
2366| -1,2 400 0
2367| -1,5 400 0
2368| -1,8 400 0
2369| -2,1 400 0
2370| -2,4 400 0
2371| -2,7 400 0
2372| -3 400 0
2373| -3,299999 400 0
2374| -3,599999 400 0
2375| -3,899999 400 0
2376| -4,2 400 0
2377| -4,5 400 0
2378| -4,8 400 0
2379| -5,1 400 0
2380| -5,4 400 0
2381| -5,7 400 0
2382| -6 400 0
2383| -6,300001 400 0
2384| -6,600001 400 0
2385| -6,900001 400 0
2386| -7,200001 400 0
2387| -7,500001 400 0
2388| -7,800001 400 0
2389| -8,1 400 0
2390| -8,4 400 0
2391| -8,4 400 0
2392| -8,4 400 0
2393| -8,4 400 0
2394| -8,4 400 0
2395| -8,4 400 0
2396| -8,4 400 0
2397| -8,4 400 0
2398| -8,4 400 0
2399| -8,4 400 0
2400| -8,4 400 0
2401| -8,4 400 0
2402| -8,4 400 0
2403| -8,4 400 0
2404| -8,4 400 0
2405| -8,4 400 0
2406| -8,4 400 0
2407| -8,4 400 0
2408| -8,4 400 0
2409| -8,4 400 0
2410| -8,4 400 0
2411| -8,4 400 0
2412| -8,4 400 0
2413| -8,4 400 0
2414| -8,4 400 0
2415| -8,4 400 0
2416| -8,4 400 0
2417| -8,4 400 0
2418| -8,4 400 0
2419| -8,4 400 0
2420| -8,4 400 0
2421| -8,4 400 0
2422| -8,4 400 0
2423| -8,4 400 0
2424| -8,4 400 0
2425| -8,4 400 0
2426| -8,4 400 0
2427| -8,4 400 0
2428| -8,4 400 0
2429| -8,4 400 0
2430| -8,4 400 0
2431| -8,4 400 0
2432| -8,4 400 0
2433| -8,4 400 0
2434| -8,4 400 0
2435| -8,4 400 0
2436| -8,4 400 0
2437| -8,4 400 0
2438| -8,4 400 0
2439| -8,4 400 0
2440| -8,4 400 0
2441| -8,4 400 0
2442| -8,4 400 0
2443| -8,4 400 0
2444| -8,4 400 0
2445| 0 400 0
2446| 0,3 400 0
2447| 0,6 400 0
2448| 0,9 400 0
2449| 1,2 400 0
2450| 1,5 400 0
2451| 1,8 400 0
2452| 2,1 400 0
2453| 2,4 400 0
2454| 2,4 400 0
2455| 2,4 400 0
2456| 2,4 400 0
2457| 2,4 400 0
2458| 2,4 400 0
2459| 2,4 400 0
2460| 2,4 400 0
2461| 2,4 400 0
2462| 2,4 400 0
2463| 2,4 400 0
2464| 2,4 400 0
2465| 2,4 400 0
2466| 2,4 400 0
2467| 2,4 400 0
2468| 2,4 400 0
2469| 2,4 400 0
2470| 2,4 400 0
2471| 2,4 400 0
2472| 2,4 400 0
2473| 2,4 400 0
2474| 2,4 400 0
2475| 2,4 400 0
2476| 2,4 400 0
2477| 2,4 400 0
2478| 2,4 400 0
2479| 2,4 400 0
2480| 2,4 400 0
2481| 2,4 400 0
2482| 2,4 400 0
2483| 2,4 400 0
2484| 2,4 400 0
2485| 2,4 400 0
2486| 2,4 400 0
2487| 2,4 400 0
2488| 2,4 400 0
2489| 2,4 400 0
2490| 2,4 400 0
2491| 2,4 400 0
2492| 2,4 400 0
2493| 2,4 400 0
2494| 2,4 400 0
2495| 2,4 400 0
2496| 2,4 400 0
2497| 2,4 400 0
2498| 2,4 400 0
2499| 2,4 400 0
2500| 2,4 400 0
2501| 2,4 400 0
2502| 2,4 400 0
2503| 2,4 400 0
2504| 2,4 400 0
2505| 2,4 400 0
2506| 2,4 400 0
2507| 2,4 400 0
2508| 2,4 400 0
2509| 2,4 400 0
2510| 2,4 400 0
2511| 2,4 400 0
2512| 2,4 400 0
2513| 2,4 400 0
2514| 2,4 400 0
2515| 2,4 400 0
2516| 2,4 400 0
2517| 2,4 400 0
2518| 2,4 400 0
2519| 2,4 400 0
2520| 2,4 400 0
2521| 2,4 400 0
2522| 2,4 400 0
2523| 2,4 400 0
2524| 2,4 400 0
2525| 2,4 400 0
2526| 2,4 400 0
2527| 2,4 400 0
2528| 2,4 400 0
2529| 2,4 400 0
2530| 2,4 400 0
2531| 2,4 400 0
2532| 2,4 400 0
2533| 2,4 400 0
2534| 2,4 400 0
2535| 2,4 400 0
2536| 2,4 400 0
2537| 2,4 400 0
2538| 2,4 400 0
2539| 2,4 400 0
2540| 2,4 400 0
2541| 2,4 400 0
2542| 2,4 400 0
2543| 2,4 400 0
2544| 2,4 400 0
2545| 2,4 400 0
2546| 2,4 400 0
2547| 2,4 400 0
2548| 2,4 400 0
2549| 2,4 400 0
2550| 2,4 400 0
2551| 2,4 400 0
2552| 2,4 400 0
2553| 2,4 400 0
2554| 2,4 400 0
2555| 2,4 400 0
2556| 2,4 400 0
2557| 2,4 400 0
2558| 2,4 400 0
2559| 2,4 400 0
2560| 2,4 400 0
2561| 2,4 400 0
2562| 2,4 400 0
2563| 2,4 400 0
2564| 2,4 400 0
2565| 2,4 400 0
2566| 2,4 400 0
2567| 2,4 400 0
2568| 2,4 400 0
2569| 2,4 400 0
2570| 2,4 400 0
2571| 2,4 400 0
2572| 2,4 400 0
2573| 2,4 400 0
2574| 2,4 400 0
2575| 2,4 400 0
2576| 2,4 400 0
2577| 2,4 400 0
2578| 2,4 400 0
2579| 2,4 400 0
2580| 2,4 400 0
2581| 2,4 400 0
2582| 2,4 400 0
2583| 2,4 400 0
2584| 2,4 400 0
2585| 2,4 400 0
2586| 2,4 400 0
2587| 2,4 400 0
2588| 2,4 400 0
2589| 2,4 400 0
2590| 2,4 400 0
2591| 2,4 400 0
2592| 2,4 400 0
2593| 2,4 400 0
2594| 2,4 400 0
2595| 2,4 400 0
2596| 2,4 400 0
2597| 2,4 400 0
2598| 2,4 400 0
2599| 2,4 400 0
2600| 2,4 400 0
2601| 2,4 400 0
2602| 2,4 400 0
2603| 2,4 400 0
2604| 2,4 400 0
2605| 2,4 400 0
2606| 2,4 400 0
2607| 2,4 400 0
2608| 2,4 400 0
2609| 2,4 400 0
2610| 2,4 400 0
2611| 2,4 400 0
2612| 2,4 400 0
2613| 2,4 400 0
2614| 2,4 400 0
2615| 2,4 400 0
2616| 2,4 400 0
2617| 2,4 400 0
2618| 2,4 400 0
2619| 2,4 400 0
2620| 2,4 400 0
2621| 2,4 400 0
2622| 2,4 400 0
2623| 2,4 400 0
2624| 2,4 400 0
2625| 2,4 400 0
2626| 2,4 400 0
2627| 0 400 0
2628| -0,3 400 0
2629| -0,6 400 0
2630| -0,9 400 0
2631| -1,2 400 0
2632| -1,5 400 0
2633| -1,8 400 0
2634| -2,1 400 0
2635| -2,4 400 0
2636| -2,7 400 0
2637| -3 400 0
2638| -3,299999 400 0
2639| -3,599999 400 0
2640| -3,899999 400 0
2641| -4,2 400 0
2642| -4,5 400 0
2643| -4,8 400 0
2644| -5,1 400 0
2645| -5,4 400 0
2646| -5,4 400 0
2647| -5,4 400 0
2648| -5,4 400 0
2649| -5,4 400 0
2650| -5,4 400 0
2651| -5,4 400 0
2652| -5,4 400 0
2653| -5,4 400 0
2654| -5,4 400 0
2655| -5,4 400 0
2656| -5,4 400 0
2657| -5,4 400 0
2658| -5,4 400 0
2659| -5,4 400 0
2660| -5,4 400 0
2661| -5,4 400 0
2662| -5,4 400 0
2663| -5,4 400 0
2664| -5,4 400 0
2665| -5,4 400 0
2666| -5,4 400 0
2667| -5,4 400 0
2668| -5,4 400 0
2669| -5,4 400 0
2670| -5,4 400 0
2671| -5,4 400 0
2672| -5,4 400 0
2673| -5,4 400 0
2674| -5,4 400 0
2675| -5,4 400 0
2676| -5,4 400 0
2677| -5,4 400 0
2678| -5,4 400 0
2679| -5,4 400 0
2680| -5,4 400 0
2681| -5,4 400 0
2682| -5,4 400 0
2683| -5,4 400 0
2684| -5,4 400 0
2685| -5,4 400 0
2686| -5,4 400 0
2687| -5,4 400 0
2688| -5,4 400 0
2689| -5,4 400 0
2690| -5,4 400 0
2691| -5,4 400 0
2692| -5,4 400 0
2693| -5,4 400 0
2694| -5,4 400 0
2695| -5,4 400 0
2696| -5,4 400 0
2697| -5,4 400 0
2698| -5,4 400 0
2699| -5,4 400 0
2700| -5,4 400 0
2701| -5,4 400 0
2702| -5,4 400 0
2703| -5,4 400 0
2704| -5,4 400 0
2705| -5,4 400 0
2706| -5,4 400 0
2707| -5,4 400 0
2708| -5,4 400 0
2709| -5,4 400 0
2710| -5,4 400 0
2711| -5,4 400 0
2712| -5,4 400 0
2713| -5,4 400 0
2714| -5,4 400 0
2715| -5,4 400 0
2716| -5,4 400 0
2717| -5,4 400 0
2718| -5,4 400 0
2719| -5,4 400 0
2720| -5,4 400 0
2721| -5,4 400 0
2722| -5,4 400 0
2723| -5,4 400 0
2724| -5,4 400 0
2725| -5,4 400 0
2726| -5,4 400 0
2727| -5,4 400 0
2728| -5,4 400 0
2729| -5,4 400 0
2730| -5,4 400 0
2731| -5,4 400 0
2732| -5,4 400 0
2733| -5,4 400 0
2734| -5,4 400 0
2735| -5,4 400 0
2736| -5,4 400 0
2737| -5,4 400 0
2738| -5,4 400 0
2739| -5,4 400 0
2740| -5,4 400 0
2741| 0 400 0
2742| 0,3 400 0
2743| 0,6 400 0
2744| 0,9 400 0
2745| 1,2 400 0
2746| 1,5 400 0
2747| 1,8 400 0
2748| 2,1 400 0
2749| 2,4 400 0
2750| 2,7 400 0
2751| 3 400 0
2752| 3,299999 400 0
2753| 3,599999 400 0
2754| 3,899999 400 0
2755| 4,2 400 0
2756| 4,5 400 0
2757| 4,5 400 0
2758| 4,5 400 0
2759| 4,5 400 0
2760| 4,5 400 0
2761| 4,5 400 0
2762| 4,5 400 0
2763| 4,5 400 0
2764| 4,5 400 0
2765| 4,5 400 0
2766| 4,5 400 0
2767| 4,5 400 0
2768| 4,5 400 0
2769| 4,5 400 0
2770| 4,5 400 0
2771| 4,5 400 0
2772| 4,5 400 0
2773| 4,5 400 0
2774| 4,5 400 0
2775| 4,5 400 0
2776| 4,5 400 0
2777| 4,5 400 0
2778| 4,5 400 0
2779| 4,5 400 0
2780| 4,5 400 0
2781| 4,5 400 0
2782| 4,5 400 0
2783| 4,5 400 0
2784| 4,5 400 0
2785| 4,5 400 0
2786| 4,5 400 0
2787| 4,5 400 0
2788| 4,5 400 0
2789| 4,5 400 0
2790| 4,5 400 0
2791| 4,5 400 0
2792| 4,5 400 0
2793| 4,5 400 0
2794| 4,5 400 0
2795| 4,5 400 0
2796| 4,5 400 0
2797| 4,5 400 0
2798| 4,5 400 0
2799| 4,5 400 0
2800| 4,5 400 0
2801| 4,5 400 0
2802| 4,5 400 0
2803| 4,5 400 0
2804| 4,5 400 0
2805| 4,5 400 0
2806| 4,5 400 0
2807| 4,5 400 0
2808| 4,5 400 0
2809| 4,5 400 0
2810| 4,5 400 0
2811| 4,5 400 0
2812| 4,5 400 0
2813| 4,5 400 0
2814| 4,5 400 0
2815| 4,5 400 0
2816| 4,5 400 0
2817| 4,5 400 0
2818| 4,5 400 0
2819| 4,5 400 0
2820| 4,5 400 0
2821| 4,5 400 0
2822| 4,5 400 0
2823| 4,5 400 0
2824| 4,5 400 0
2825| 4,5 400 0
2826| 4,5 400 0
2827| 4,5 400 0
2828| 4,5 400 0
2829| 4,5 400 0
2830| 4,5 400 0
2831| 4,5 400 0
2832| 4,5 400 0
2833| 4,5 400 0
2834| 4,5 400 0
2835| 4,5 400 0
2836| 4,5 400 0
2837| 4,5 400 0
2838| 4,5 400 0
2839| 4,5 400 0
2840| 4,5 400 0
2841| 4,5 400 0
2842| 4,5 400 0
2843| 4,5 400 0
2844| 4,5 400 0
2845| 4,5 400 0
2846| 4,5 400 0
2847| 4,5 400 0
2848| 4,5 400 0
2849| 4,5 400 0
2850| 4,5 400 0
2851| 4,5 400 0
2852| 4,5 400 0
2853| 4,5 400 0
2854| 4,5 400 0
2855| 4,5 400 0
2856| 4,5 400 0
2857| 4,5 400 0
2858| 4,5 400 0
2859| 4,5 400 0
2860| 4,5 400 0
2861| 4,5 400 0
2862| 4,5 400 0
2863| 4,5 400 0
2864| 4,5 400 0
2865| 4,5 400 0
2866| 4,5 400 0
2867| 4,5 400 0
2868| 4,5 400 0
2869| 4,5 400 0
2870| 4,5 400 0
2871| 4,5 400 0
2872| 4,5 400 0
2873| 4,5 400 0
2874| 4,5 400 0
2875| 4,5 400 0
2876| 4,5 400 0
2877| 4,5 400 0
2878| 4,5 400 0
2879| 4,5 400 0
2880| 4,5 400 0
2881| 4,5 400 0
2882| 4,5 400 0
2883| 4,5 400 0
2884| 4,5 400 0
2885| 4,5 400 0
2886| 4,5 400 0
2887| 4,5 400 0
2888| 4,5 400 0
2889| 4,5 400 0
2890| 4,5 400 0
2891| 4,5 400 0
2892| 4,5 400 0
2893| 4,5 400 0
2894| 4,5 400 0
2895| 4,5 400 0
2896| 4,5 400 0
2897| 4,5 400 0
2898| 4,5 400 0
2899| 4,5 400 0
2900| 4,5 400 0
2901| 4,5 400 0
2902| 4,5 400 0
2903| 4,5 400 0
2904| 4,5 400 0
2905| 4,5 400 0
2906| 4,5 400 0
2907| 4,5 400 0
2908| 4,5 400 0
2909| 4,5 400 0
2910| 4,5 400 0
2911| 4,5 400 0
2912| 4,5 400 0
2913| 4,5 400 0
2914| 4,5 400 0
2915| 4,5 400 0
2916| 4,5 400 0
2917| 4,5 400 0
2918| 4,5 400 0
2919| 4,5 400 0
2920| 4,5 400 0
2921| 0 400 0
2922| -0,3 400 0
2923| -0,6 400 0
2924| -0,9 400 0
2925| -1,2 400 0
2926| -1,5 400 0
2927| -1,8 400 0
2928| -2,1 400 0
2929| -2,4 400 0
2930| -2,7 400 0
2931| -3 400 0
2932| -3,299999 400 0
2933| -3,599999 400 0
2934| -3,899999 400 0
2935| -4,2 400 0
2936| -4,5 400 0
2937| -4,5 400 0
2938| -4,5 400 0
2939| -4,5 400 0
2940| -4,5 400 0
2941| -4,5 400 0
2942| -4,5 400 0
2943| -4,5 400 0
2944| -4,5 400 0
2945| -4,5 400 0
2946| -4,5 400 0
2947| -4,5 400 0
2948| -4,5 400 0
2949| -4,5 400 0
2950| -4,5 400 0
2951| -4,5 400 0
2952| -4,5 400 0
2953| -4,5 400 0
2954| -4,5 400 0
2955| -4,5 400 0
2956| -4,5 400 0
2957| -4,5 400 0
2958| -4,5 400 0
2959| -4,5 400 0
2960| -4,5 400 0
2961| -4,5 400 0
2962| -4,5 400 0
2963| -4,5 400 0
2964| -4,5 400 0
2965| -4,5 400 0
2966| -4,5 400 0
2967| -4,5 400 0
2968| -4,5 400 0
2969| -4,5 400 0
2970| -4,5 400 0
2971| -4,5 400 0
2972| -4,5 400 0
2973| -4,5 400 0
2974| -4,5 400 0
2975| -4,5 400 0
2976| -4,5 400 0
2977| -4,5 400 0
2978| -4,5 400 0
2979| -4,5 400 0
2980| -4,5 400 0
2981| -4,5 400 0
2982| -4,5 400 0
2983| -4,5 400 0
2984| -4,5 400 0
2985| -4,5 400 0
2986| -4,5 400 0
2987| -4,5 400 0
2988| -4,5 400 0
2989| -4,5 400 0
2990| -4,5 400 0
2991| -4,5 400 0
2992| -4,5 400 0
2993| -4,5 400 0
2994| -4,5 400 0
2995| -4,5 400 0
2996| -4,5 400 0
2997| -4,5 400 0
2998| -4,5 400 0
2999| -4,5 400 0
3000| -4,5 400 0
3001| -4,5 400 0
3002| 0 400 0
3003| 0,3 400 0
3004| 0,6 400 0
3005| 0,9 400 0
3006| 1,2 400 0
3007| 1,5 400 0
3008| 1,8 400 0
3009| 2,1 400 0
3010| 2,4 400 0
3011| 2,7 400 0
3012| 3 400 0
3013| 3,299999 400 0
3014| 3,599999 400 0
3015| 3,899999 400 0
3016| 4,2 400 0
3017| 4,5 400 0
3018| 4,8 400 0
3019| 5,1 400 0
3020| 5,4 400 0
3021| 5,7 400 0
3022| 6 400 0
3023| 6,300001 400 0
3024| 6,600001 400 0
3025| 6,900001 400 0
3026| 7,200001 400 0
3027| 7,500001 400 0
3028| 7,800001 400 0
3029| 8,1 400 0
3030| 8,4 400 0
3031| 8,7 400 0
3032| 8,999999 400 0
3033| 9,299999 400 0
3034| 9,599998 400 0
3035| 9,899999 400 0
3036| 10,2 400 0
3037| 10,5 400 0
3038| 10,8 400 0
3039| 11,1 400 0
3040| 11,4 400 0
3041| 11,7 400 0
3042| 12 400 0
3043| 12,3 400 0
3044| 12,3 400 0
3045| 12,3 400 0
3046| 12,3 400 0
3047| 12,3 400 0
3048| 12,3 400 0
3049| 12,3 400 0
3050| 12,3 400 0
3051| 12,3 400 0
3052| 12,3 400 0
3053| 12,3 400 0
3054| 12,3 400 0
3055| 12,3 400 0
3056| 12,3 400 0
3057| 12,3 400 0
3058| 12,3 400 0
3059| 12,3 400 0
3060| 12,3 400 0
3061| 12,3 400 0
3062| 12,3 400 0
3063| 12,3 400 0
3064| 12,3 400 0
3065| 12,3 400 0
3066| 12,3 400 0
3067| 12,3 400 0
3068| 12,3 400 0
3069| 12,3 400 0
3070| 12,3 400 0
3071| 12,3 400 0
3072| 12,3 400 0
3073| 12,3 400 0
3074| 12,3 400 0
3075| 12,3 400 0
3076| 12,3 400 0
3077| 12,3 400 0
3078| 12,3 400 0
3079| 12,3 400 0
3080| 12,3 400 0
3081| 12,3 400 0
3082| 12,3 400 0
3083| 12,3 400 0
3084| 12,3 400 0
3085| 12,3 400 0
3086| 12,3 400 0
3087| 12,3 400 0
3088| 12,3 400 0
3089| 12,3 400 0
3090| 12,3 400 0
3091| 12,3 400 0
3092| 12,3 400 0
3093| 12,3 400 0
3094| 12,3 400 0
3095| 12,3 400 0
3096| 12,3 400 0
3097| 12,3 400 0
3098| 12,3 400 0
3099| 12,3 400 0
3100| 12,3 400 0
3101| 12,3 400 0
3102| 12,3 400 0
3103| 12,3 400 0
3104| 12,3 400 0
3105| 12,3 400 0
3106| 12,3 400 0
3107| 12,3 400 0
3108| 12,3 400 0
3109| 12,3 400 0
3110| 12,3 400 0
3111| 12,3 400 0
3112| 12,3 400 0
3113| 12,3 400 0
3114| 12,3 400 0
3115| 12,3 400 0
3116| 12,3 400 0
3117| 12,3 400 0
3118| 12,3 400 0
3119| 12,3 400 0
3120| 12,3 400 0
3121| 12,3 400 0
3122| 12,3 400 0
3123| 12,3 400 0
3124| 12,3 400 0
3125| 12,3 400 0
3126| 12,3 400 0
3127| 12,3 400 0
3128| 12,3 400 0
3129| 12,3 400 0
3130| 12,3 400 0
3131| 12,3 400 0
3132| 12,3 400 0
3133| 12,3 400 0
3134| 12,3 400 0
3135| 12,3 400 0
3136| 12,3 400 0
3137| 12,3 400 0
3138| 12,3 400 0
3139| 12,3 400 0
3140| 12,3 400 0
3141| 12,3 400 0
3142| 12,3 400 0
3143| 12,3 400 0
3144| 12,3 400 0
3145| 12,3 400 0
3146| 12,3 400 0
3147| 12,3 400 0
3148| 12,3 400 0
3149| 12,3 400 0
3150| 12,3 400 0
3151| 12,3 400 0
3152| 12,3 400 0
3153| 12,3 400 0
3154| 12,3 400 0
3155| 12,3 400 0
3156| 12,3 400 0
3157| 12,3 400 0
3158| 12,3 400 0
3159| 12,3 400 0
3160| 12,3 400 0
3161| 12,3 400 0
3162| 12,3 400 0
3163| 12,3 400 0
3164| 12,3 400 0
3165| 0 0 0
3166| 0 0 0
3167| 0 0 0
3168| 0 0 0
3169| 0 0 0
3170| 0 0 0
3171| 0 0 0
3172| 0 0 0
3173| 0 0 0
3174| 0 0 0
3175| 0 0 0
3176| 0 0 0
3177| 0 0 0
3178| 0 0 0
3179| 0 0 0
3180| 0 0 0
3181| 0 0 0
3182| 0 0 0
3183| 0 0 0
3184| 0 0 0
3185| 0 0 0
3186| 0 0 0
3187| 0 0 0
3188| 0 0 0
3189| 0 0 0
3190| 0 0 0
3191| 0 0 0
3192| 0 0 0
3193| 0 0 0
3194| 0 0 0
3195| 0 0 0
3196| 0 0 0
3197| 0 0 0
3198| 0 0 0
3199| 0 0 0
3200| 0 0 0
3201| 0 0 0
3202| 0 0 0
3203| 0 0 0
3204| 0 0 0
3205| 0 0 0
3206| 0 0 0
3207| 0 0 0
3208| 0 0 0
3209| 0 0 0
3210| 0 0 0
3211| 0 0 0
3212| 0 0 0
3213| 0 0 0
3214| 0 0 0
3215| 0 0 0
3216| 0 0 0
3217| 0 0 0
3218| 0 0 0
3219| 0 0 0
3220| 0 0 0
3221| 0 0 0
3222| 0 0 0
3223| 0 0 0
3224| 0 0 0
3225| 0 0 0
3226| 0 0 0
3227| 0 0 0
3228| 0 0 0
3229| 0 0 0
3230| 0 0 0
3231| 0 0 0
3232| 0 0 0
3233| 0 0 0
3234| 0 0 0
3235| 0 0 0
3236| 0 0 0
3237| 0 0 0
3238| 0 0 0
3239| 0 0 0
3240| 0 0 0
3241| 0 0 0
3242| 0 0 0
3243| 0 0 0
3244| 0 0 0
3245| 0 0 0
3246| 0 0 0
3247| 0 0 0
3248| 0 0 0
3249| 0 0 0
3250| 0 0 0
3251| 0 0 0
3252| 0 0 0
3253| 0 0 0
3254| 0 0 0
3255| 0 0 0
3256| 0 0 0
3257| 0 0 0
3258| 0 0 0
3259| 0 0 0
3260| 0 0 0
3261| 0 0 0
3262| 0 0 0
3263| 0 0 0
3264| 0 0 0
3265| 0 0 0
3266| 0 0 0
3267| 0 0 0
3268| 0 0 0
3269| 0 0 0
3270| 0 0 0
3271| 0 0 0
3272| 0 0 0
3273| 0 0 0
3274| 0 0 0
3275| 0 0 0
3276| 0 0 0
3277| 0 0 0
3278| 0 0 0
3279| 0 0 0
3280| 0 0 0
3281| 0 0 0
3282| 0 0 0
3283| 0 0 0
3284| 0 0 0
3285| 0 0 0
3286| 0 0 0
3287| 0 0 0
3288| 0 0 0
3289| 0 0 0
3290| 0 0 0
3291| 0 0 0
3292| 0 0 0
3293| 0 0 0
3294| 0 0 0
3295| 0 0 0
3296| 0 0 0
3297| 0 0 0
3298| 0 0 0
3299| 0 0 0
3300| 0 0 0
3301| 0 0 0
3302| 0 0 0
3303| 0 0 0
3304| 0 0 0
3305| 0 0 0
3306| 0 0 0
3307| 0 0 0
3308| 0 0 0
3309| 0 0 0
3310| 0 0 0
3311| 0 0 0
3312| 0 0 0
3313| 0 0 0
3314| 0 0 0
3315| 0 0 0
3316| 0 0 0
3317| 0 0 0
3318| 0 0 0
3319| 0 0 0
3320| 0 0 0
3321| 0 0 0
3322| 0 0 0
3323| 0 0 0
3324| 0 0 0
3325| 0 0 0
3326| 0 0 0
3327| 0 0 0
3328| 0 0 0
3329| 0 0 0
3330| 0 0 0
3331| 0 0 0
3332| 0 0 0
3333| 0 0 0
3334| 0 0 0
3335| 0 0 0
3336| 0 0 0
3337| 0 0 0
3338| 0 0 0
3339| 0 0 0
3340| 0 0 0
3341| 0 0 0
3342| 0 0 0
3343| 0 0 0
3344| 0 0 0
3345| 0 0 0
3346| 0 0 0
3347| 0 0 0
3348| 0 0 0
3349| 0 0 0
3350| 0 0 0
3351| 0 0 0
3352| 0 0 0
3353| 0 0 0
3354| 0 0 0
3355| 0 0 0
3356| 0 0 0
3357| 0 0 0
3358| 0 0 0
3359| 0 0 0
3360| 0 0 0
3361| 0 0 0
3362| 0 0 0
3363| 0 0 0
3364| 0 0 0
3365| 0 0 0
3366| 0 0 0
3367| 0 0 0
3368| 0 0 0
3369| 0 0 0
3370| 0 0 0
3371| 0 0 0
3372| 0 0 0
3373| 0 0 0
3374| 0 0 0
3375| 0 0 0
3376| 0 0 0
3377| 0 0 0
3378| 0 0 0
3379| 0 0 0
3380| 0 0 0
3381| 0 0 0
3382| 0 0 0
3383| 0 0 0
3384| 0 0 0
3385| 0 0 0
3386| 0 0 0
3387| 0 0 0
3388| 0 0 0
3389| 0 0 0
3390| 0 0 0
3391| 0 0 0
3392| 0 0 0
3393| 0 0 0
3394| 0 0 0
3395| 0 0 0
3396| 0 0 0
3397| 0 0 0
3398| 0 0 0
3399| 0 0 0
3400| 0 0 0
3401| 0 0 0
3402| 0 0 0
3403| 0 0 0
3404| 0 0 0
3405| 0 0 0
3406| 0 0 0
3407| 0 0 0
3408| 0 0 0
3409| 0 0 0
3410| 0 0 0
3411| 0 0 0
3412| 0 0 0
3413| 0 0 0
3414| 0 0 0
3415| 0 0 0
3416| 0 0 0
3417| 0 0 0
3418| 0 0 0
3419| 0 0 0
3420| 0 0 0
3421| 0 0 0
3422| 0 0 0
3423| 0 0 0
3424| 0 0 0
3425| 0 0 0
3426| 0 0 0
3427| 0 0 0
3428| 0 0 0
3429| 0 0 0
3430| 0 0 0
3431| 0 0 0
3432| 0 0 0
3433| 0 0 0
3434| 0 0 0
3435| 0 0 0
3436| 0 0 0
3437| 0 0 0
3438| 0 0 0
3439| 0 0 0
3440| 0 0 0
3441| 0 0 0
3442| 0 0 0
3443| 0 0 0
3444| 0 0 0
3445| 0 0 0
3446| 0 0 0
3447| 0 0 0
3448| 0 0 0
3449| 0 0 0
3450| 0 0 0
3451| 0 0 0
3452| 0 0 0
3453| 0 0 0
3454| 0 0 0
3455| 0 0 0
3456| 0 0 0
3457| 0,3 0 0
3458| 0,6 0 0
3459| 0,9 0 0
3460| 1,2 0 0
3461| 1,5 0 0
3462| 1,8 0 0
3463| 2,1 0 0
3464| 2,4 0 0
3465| 2,7 0 0
3466| 3 0 0
3467| 3,299999 0 0
3468| 3,599999 0 0
3469| 3,899999 0 0
3470| 4,2 0 0
3471| 4,5 0 0
3472| 4,8 0 0
3473| 5,1 0 0
3474| 5,4 0 0
3475| 5,7 0 0
3476| 6 0 0
3477| 6,300001 0 0
3478| 6,600001 0 0
3479| 6,900001 0 0
3480| 7,200001 0 0
3481| 7,500001 0 0
3482| 7,800001 0 0
3483| 8,1 0 0
3484| 8,4 0 0
3485| 8,7 0 0
3486| 8,999999 0 0
3487| 9,299999 0 0
3488| 9,599998 0 0
3489| 9,899999 0 0
3490| 10,2 0 0
3491| 10,5 0 0
3492| 10,8 0 0
3493| 11,1 0 0
3494| 11,4 0 0
3495| 11,7 0 0
3496| 12 0 0
3497| 12,3 0 0
3498| 12,6 0 0
3499| 12,9 0 0
3500| 13,2 0 0
3501| 13,5 0 0
3502| 0 0 0
3503| 0 0 0
3504| 0 0 0
3505| 0 0 0
3506| 0 0 0
3507| 0 0 0
3508| 0 0 0
3509| 0 0 0
3510| 0 0 0
3511| 0 0 0
3512| 0 0 0
3513| 0 0 0
3514| 0 0 0
3515| 0 0 0
3516| 0 0 0
3517| 0 0 0
3518| 0 0 0
3519| 0 0 0
3520| 0 0 0
3521| 0 0 0
3522| 0 0 0
3523| 0 0 0
3524| 0 0 0
3525| 0 0 0
3526| 0 0 0
3527| 0 0 0
3528| 0 0 0
3529| 0 0 0
3530| 0 0 0
3531| 0 0 0
3532| 0,3 0 0
3533| 0,6 0 0
3534| 0,9 0 0
3535| 1,2 0 0
3536| 1,5 0 0
3537| 1,8 0 0
3538| 2,1 0 0
3539| 2,4 0 0
3540| 2,7 0 0
3541| 3 0 0
3542| 3,299999 0 0
3543| 3,599999 0 0
3544| 3,899999 0 0
3545| 4,2 0 0
3546| 4,5 0 0
3547| 4,8 0 0
3548| 5,1 0 0
3549| 5,4 0 0
3550| 5,7 0 0
3551| 0 0 0
3552| 0 0 0
3553| 0 0 0
3554| 0 0 0
3555| 0 0 0
3556| 0 0 0
3557| 0 0 0
3558| 0 4 0
3559| 0 8 0
3560| 0 12 0
3561| 0 16 0
3562| 0 20 0
3563| 0 24 0
3564| 0 28 0
3565| 0 32 0
3566| 0 36 0
3567| 0 40 0
3568| 0 43,99999 0
3569| 0 47,99999 0
3570| 0 51,99999 0
3571| 0 55,99999 0
3572| 0 60 0
3573| 0 64 0
3574| 0 68 0
3575| 0 72 0
3576| 0 76,00001 0
3577| 0 80,00001 0
3578| 0 84,00001 0
3579| 0 88,00002 0
3580| 0 92,00002 0
3581| 0 96,00002 0
3582| 0 100 0
3583| 0 104 0
3584| 0 108 0
3585| 0 112 0
3586| 0 116 0
3587| 0 120 0
3588| 0 124 0
3589| 0 128 0
3590| 0 132 0
3591| 0 136 0
3592| 0 140 0
3593| 0 144 0
3594| 0 148 0
3595| 0 152 0
3596| 0 156 0
3597| 0 160 0
3598| 0 164 0
3599| 0,3 168 0
3600| 0,6 171,9999 0
3601| 0,9 175,9999 0
3602| 1,2 179,9999 0
3603| 1,5 183,9999 0
3604| 1,8 187,9999 0
3605| 2,1 191,9999 0
3606| 2,4 195,9999 0
3607| 2,7 199,9999 0
3608| 3 203,9999 0
3609| 3 207,9999 0
3610| 3 211,9999 0
3611| 3 215,9999 0
3612| 3 219,9999 0
3613| 3 223,9999 0
3614| 3 227,9999 0
3615| 3 231,9999 0
3616| 3 235,9999 0
3617| 3 239,9999 0
3618| 3 243,9999 0
3619| 3 247,9999 0
3620| 3 251,9999 0
3621| 3 255,9999 0
3622| 3 259,9999 0
3623| 3 263,9999 0
3624| 3 267,9999 0
3625| 3 271,9998 0
3626| 3 275,9998 0
3627| 3 279,9998 0
3628| 3 283,9998 0
3629| 3 287,9998 0
3630| 3 291,9998 0
3631| 3 295,9998 0
3632| 3 299,9998 0
3633| 3 303,9998 0
3634| 3 307,9998 0
3635| 3 311,9998 0
3636| 3 315,9998 0
3637| 3 319,9998 0
3638| 3 323,9998 0
3639| 3,299999 327,9998 0
3640| 3,599999 331,9998 0
3641| 3,899999 335,9998 0
3642| 4,2 339,9998 0
3643| 4,5 343,9998 0
3644| 4,8 347,9998 0
3645| 5,1 351,9998 0
3646| 5,4 355,9998 0
3647| 5,4 359,9998 0
3648| 5,4 363,9998 0
3649| 5,4 367,9998 0
3650| 5,4 371,9998 0
3651| 5,4 375,9998 0
3652| 5,4 379,9998 0
3653| 5,4 383,9998 0
3654| 5,4 387,9998 0
3655| 5,4 391,9998 0
3656| 5,4 395,9998 0
3657| 5,4 399,9997 0
3658| 5,4 400 0
3659| 5,4 400 0
3660| 5,4 400 0
3661| 5,4 400 0
3662| 5,4 400 0
3663| 5,4 400 0
3664| 5,4 400 0
3665| 5,4 400 0
3666| 5,4 400 0
3667| 5,4 400 0
3668| 5,4 400 0
3669| 5,4 400 0
3670| 5,4 400 0
3671| 5,4 400 0
3672| 5,4 400 0
3673| 5,4 400 0
3674| 5,4 400 0
3675| 5,4 400 0
3676| 5,4 400 0
3677| 5,4 400 0
3678| 5,4 400 0
3679| 5,4 400 0
3680| 5,4 400 0
3681| 5,4 400 0
3682| 5,4 400 0
3683| 5,4 400 0
3684| 0 400 0
3685| -0,3 400 0
3686| -0,6 400 0
3687| -0,9 400 0
3688| -1,2 400 0
3689| -1,5 400 0
3690| -1,8 400 0
3691| -2,1 400 0
3692| -2,4 400 0
3693| -2,7 400 0
3694| -3 400 0
3695| -3,299999 400 0
3696| -3,299999 400 0
3697| -3,299999 400 0
3698| -3,299999 400 0
3699| -3,299999 400 0
3700| -3,299999 400 0
3701| -3,299999 400 0
3702| -3,299999 400 0
3703| -3,299999 400 0
3704| -3,299999 400 0
3705| -3,299999 400 0
3706| -3,299999 400 0
3707| -3,299999 400 0
3708| -3,299999 400 0
3709| -3,299999 400 0
3710| -3,299999 400 0
3711| -3,299999 400 0
3712| -3,299999 400 0
3713| -3,299999 400 0
3714| -3,299999 400 0
3715| -3,299999 400 0
3716| -3,299999 400 0
3717| -3,299999 400 0
3718| -3,299999 400 0
3719| -3,299999 400 0
3720| -3,299999 400 0
3721| -3,299999 400 0
3722| -3,299999 400 0
3723| -3,299999 400 0
3724| -3,299999 400 0
3725| -3,299999 400 0
3726| -3,299999 400 0
3727| -3,299999 400 0
3728| -3,299999 400 0
3729| -3,299999 400 0
3730| -3,299999 400 0
3731| -3,299999 400 0
3732| -3,299999 400 0
3733| -3,299999 400 0
3734| -3,299999 400 0
3735| -3,299999 400 0
3736| -3,299999 400 0
3737| -3,299999 400 0
3738| -3,299999 400 0
3739| -3,299999 400 0
3740| -3,299999 400 0
3741| -3,299999 400 0
3742| -3,299999 400 0
3743| -3,299999 400 0
3744| -3,299999 400 0
3745| -3,299999 400 0
3746| -3,299999 400 0
3747| -3,299999 400 0
3748| -3,299999 400 0
3749| -3,299999 400 0
3750| -3,299999 400 0
3751| -3,299999 400 0
3752| -3,299999 400 0
3753| -3,299999 400 0
3754| -3,299999 400 0
3755| -3,299999 400 0
3756| -3,299999 400 0
3757| -3,299999 400 0
3758| -3,299999 400 0
3759| -3,299999 400 0
3760| -3,299999 400 0
3761| -3,299999 400 0
3762| -3,299999 400 0
3763| -3,299999 400 0
3764| -3,299999 400 0
3765| -3,299999 400 0
3766| -3,299999 400 0
3767| -3,299999 400 0
3768| -3,299999 400 0
3769| -3,299999 400 0
3770| -3,299999 400 0
3771| -3,299999 400 0
3772| -3,299999 400 0
3773| -3,299999 400 0
3774| -3,299999 400 0
3775| -3,299999 400 0
3776| -3,299999 400 0
3777| -3,299999 400 0
3778| -3,299999 400 0
3779| -3,299999 400 0
3780| -3,299999 400 0
3781| -3,299999 400 0
3782| -3,299999 400 0
3783| -3,299999 400 0
3784| -3,299999 400 0
3785| -3,299999 400 0
3786| -3,299999 400 0
3787| -3,299999 400 0
3788| -3,299999 400 0
3789| -3,299999 400 0
3790| -3,299999 400 0
3791| -3,299999 400 0
3792| -3,299999 400 0
3793| -3,299999 400 0
3794| -3,299999 400 0
3795| -3,299999 400 0
3796| -3,299999 400 0
3797| -3,299999 400 0
3798| -3,299999 400 0
3799| -3,299999 400 0
3800| -3,299999 400 0
3801| -3,299999 400 0
3802| -3,299999 400 0
3803| -3,299999 400 0
3804| -3,299999 400 0
3805| -3,299999 400 0
3806| -3,299999 400 0
3807| -3,299999 400 0
3808| -3,299999 400 0
3809| -3,299999 400 0
3810| -3,299999 400 0
3811| -3,299999 400 0
3812| -3,299999 400 0
3813| -3,299999 400 0
3814| -3,299999 400 0
3815| -3,299999 400 0
3816| -3,299999 400 0
3817| -3,299999 400 0
3818| -3,299999 400 0
3819| -3,299999 400 0
3820| -3,299999 400 0
3821| -3,299999 400 0
3822| -3,299999 400 0
3823| -3,299999 400 0
3824| -3,299999 400 0
3825| -3,299999 400 0
3826| -3,299999 400 0
3827| -3,299999 400 0
3828| -3,299999 400 0
3829| -3,299999 400 0
3830| -3,299999 400 0
3831| -3,299999 400 0
3832| -3,299999 400 0
3833| -3,299999 400 0
3834| -3,299999 400 0
3835| -3,299999 400 0
3836| -3,299999 400 0
3837| -3,299999 400 0
3838| -3,299999 400 0
3839| -3,299999 400 0
3840| -3,299999 400 0
3841| -3,299999 400 0
3842| -3,299999 400 0
3843| -3,299999 400 0
3844| -3,299999 400 0
3845| -3,299999 400 0
3846| -3,299999 400 0
3847| -3,299999 400 0
3848| 0 400 0
3849| 0,3 400 0
3850| 0,6 400 0
3851| 0,9 400 0
3852| 1,2 400 0
3853| 1,5 400 0
3854| 1,8 400 0
3855| 2,1 400 0
3856| 2,4 400 0
3857| 2,7 400 0
3858| 3 400 0
3859| 3,299999 400 0
3860| 3,599999 400 0
3861| 3,599999 400 0
3862| 3,599999 400 0
3863| 3,599999 400 0
3864| 3,599999 400 0
3865| 3,599999 400 0
3866| 3,599999 400 0
3867| 3,599999 400 0
3868| 3,599999 400 0
3869| 3,599999 400 0
3870| 3,599999 400 0
3871| 3,599999 400 0
3872| 3,599999 400 0
3873| 3,599999 400 0
3874| 3,599999 400 0
3875| 3,599999 400 0
3876| 3,599999 400 0
3877| 3,599999 400 0
3878| 3,599999 400 0
3879| 3,599999 400 0
3880| 3,599999 400 0
3881| 3,599999 400 0
3882| 3,599999 400 0
3883| 3,599999 400 0
3884| 3,599999 400 0
3885| 3,599999 400 0
3886| 3,599999 400 0
3887| 3,599999 400 0
3888| 3,599999 400 0
3889| 3,599999 400 0
3890| 3,599999 400 0
3891| 3,599999 400 0
3892| 3,599999 400 0
3893| 3,599999 400 0
3894| 3,599999 400 0
3895| 3,599999 400 0
3896| 3,599999 400 0
3897| 3,599999 400 0
3898| 3,599999 400 0
3899| 3,599999 400 0
3900| 3,599999 400 0
3901| 3,599999 400 0
3902| 3,599999 400 0
3903| 3,599999 400 0
3904| 3,599999 400 0
3905| 3,599999 400 0
3906| 3,599999 400 0
3907| 3,599999 400 0
3908| 3,599999 400 0
3909| 3,599999 400 0
3910| 3,599999 400 0
3911| 3,599999 400 0
3912| 3,599999 400 0
3913| 3,599999 400 0
3914| 3,599999 400 0
3915| 3,599999 400 0
3916| 3,599999 400 0
3917| 3,599999 400 0
3918| 3,599999 400 0
3919| 3,599999 400 0
3920| 3,599999 400 0
3921| 3,599999 400 0
3922| 3,599999 400 0
3923| 3,599999 400 0
3924| 3,599999 400 0
3925| 3,599999 400 0
3926| 3,599999 400 0
3927| 3,599999 400 0
3928| 3,599999 400 0
3929| 3,599999 400 0
3930| 3,599999 400 0
3931| 3,599999 400 0
3932| 3,599999 400 0
3933| 3,599999 400 0
3934| 3,599999 400 0
3935| 3,599999 400 0
3936| 3,599999 400 0
3937| 3,599999 400 0
3938| 3,599999 400 0
3939| 3,599999 400 0
3940| 3,599999 400 0
3941| 3,599999 400 0
3942| 3,599999 400 0
3943| 3,599999 400 0
3944| 3,599999 400 0
3945| 3,599999 400 0
3946| 3,599999 400 0
3947| 3,599999 400 0
3948| 3,599999 400 0
3949| 3,599999 400 0
3950| 3,599999 400 0
3951| 3,599999 400 0
3952| 3,599999 400 0
3953| 3,599999 400 0
3954| 3,599999 400 0
3955| 3,599999 400 0
3956| 3,599999 400 0
3957| 3,599999 400 0
3958| 3,599999 400 0
3959| 3,599999 400 0
3960| 3,599999 400 0
3961| 3,599999 400 0
3962| 3,599999 400 0
3963| 3,599999 400 0
3964| 3,599999 400 0
3965| 3,599999 400 0
3966| 3,599999 400 0
3967| 3,599999 400 0
3968| 3,599999 400 0
3969| 3,599999 400 0
3970| 3,599999 400 0
3971| 3,599999 400 0
3972| 3,599999 400 0
3973| 3,599999 400 0
3974| 3,599999 400 0
3975| 3,599999 400 0
3976| 3,599999 400 0
3977| 3,599999 400 0
3978| 3,599999 400 0
3979| 3,599999 400 0
3980| 3,599999 400 0
3981| 3,599999 400 0
3982| 3,599999 400 0
3983| 3,599999 400 0
3984| 3,599999 400 0
3985| 0 400 0
3986| -0,3 400 0
3987| -0,6 400 0
3988| -0,9 400 0
3989| -1,2 400 0
3990| -1,5 400 0
3991| -1,8 400 0
3992| -2,1 400 0
3993| -2,4 400 0
3994| -2,7 400 0
3995| -3 400 0
3996| -3 400 0
3997| -3 400 0
3998| -3 400 0
3999| -3 400 0
4000| -3 400 0
4001| -3 400 0
4002| -3 400 0
4003| -3 400 0
4004| -3 400 0
4005| -3 400 0
4006| -3 400 0
4007| -3 400 0
4008| -3 400 0
4009| -3 400 0
4010| -3 400 0
4011| -3 400 0
4012| -3 400 0
4013| -3 400 0
4014| -3 400 0
4015| -3 400 0
4016| -3 400 0
4017| -3 400 0
4018| -3 400 0
4019| -3 400 0
4020| -3 400 0
4021| -3 400 0
4022| -3 400 0
4023| -3 400 0
4024| -3 400 0
4025| -3 400 0
4026| -3 400 0
4027| -3 400 0
4028| -3 400 0
4029| -3 400 0
4030| -3 400 0
4031| -3 400 0
4032| -3 400 0
4033| -3 400 0
4034| -3 400 0
4035| -3 400 0
4036| -3 400 0
4037| -3 400 0
4038| -3 400 0
4039| -3 400 0
4040| -3 400 0
4041| -3 400 0
4042| -3 400 0
4043| -3 400 0
4044| -3 400 0
4045| -3 400 0
4046| -3 400 0
4047| -3 400 0
4048| -3 400 0
4049| -3 400 0
4050| -3 400 0
4051| -3 400 0
4052| -3 400 0
4053| -3 400 0
4054| -3 400 0
4055| -3 400 0
4056| -3 400 0
4057| -3 400 0
4058| -3 400 0
4059| -3 400 0
4060| -3 400 0
4061| -3 400 0
4062| -3 400 0
4063| -3 400 0
4064| -3 400 0
4065| -3 400 0
4066| -3 400 0
4067| -3 400 0
4068| -3 400 0
4069| -3 400 0
4070| -3 400 0
4071| -3 400 0
4072| -3 400 0
4073| -3 400 0
4074| -3 400 0
4075| -3 400 0
4076| -3 400 0
4077| -3 400 0
4078| -3 400 0
4079| -3 400 0
4080| -3 400 0
4081| -3 400 0
4082| -3 400 0
4083| -3 400 0
4084| -3 400 0
4085| -3 400 0
4086| -3 400 0
4087| -3 400 0
4088| -3 400 0
4089| -3 400 0
4090| -3 400 0
4091| -3 400 0
4092| -3 400 0
4093| -3 400 0
4094| -3 400 0
4095| -3 400 0
4096| -3 400 0
4097| -3 400 0
4098| -3 400 0
4099| -3 400 0
4100| -3 400 0
4101| -3 400 0
4102| -3 400 0
4103| -3 400 0
4104| -3 400 0
4105| -3 400 0
4106| -3 400 0
4107| -3 400 0
4108| -3 400 0
4109| -3 400 0
4110| -3 400 0
4111| -3 400 0
4112| -3 400 0
4113| -3 400 0
4114| -3 400 0
4115| -3 400 0
4116| -3 400 0
4117| -3 400 0
4118| -3 400 0
4119| 0 0 0
4120| 0 0 0
4121| 0 0 0
4122| 0 0 0
4123| 0 0 0
4124| 0 0 0
4125| 0 0 0
4126| 0 0 0
4127| 0 0 0
4128| 0 0 0
4129| 0 0 0
4130| 0 0 0
4131| 0 0 0
4132| 0 0 0
4133| 0 0 0
4134| 0 0 0
4135| 0 0 0
4136| 0 0 0
4137| 0 0 0
4138| 0 0 0
4139| 0 0 0
4140| 0 0 0
4141| 0 0 0
4142| 0 0 0
4143| 0 0 0
4144| 0 0 0
4145| 0 0 0
4146| 0 0 0
4147| 0 0 0
4148| 0 0 0
4149| 0 0 0
4150| 0 0 0
4151| 0 0 0
4152| 0 0 0
4153| 0 0 0
4154| 0 0 0
4155| 0 0 0
4156| 0 0 0
4157| 0 0 0
4158| 0 0 0
4159| 0 0 0
4160| 0 0 0
4161| 0 0 0
4162| 0 0 0
4163| 0 0 0
4164| 0 0 0
4165| 0 0 0
4166| 0 0 0
4167| 0 0 0
4168| 0 0 0
4169| 0 0 0
4170| 0 0 0
4171| 0 0 0
4172| 0 0 0
4173| 0 0 0
4174| 0 0 0
4175| 0 0 0
4176| 0 0 0
4177| 0 0 0
4178| 0 0 0
4179| 0 0 0
4180| 0 0 0
4181| 0 0 0
4182| 0 0 0
4183| 0 0 0
4184| 0 0 0
4185| 0 0 0
4186| 0 0 0
4187| 0 0 0
4188| 0 0 0
4189| 0 0 0
4190| 0 0 0
4191| 0 0 0
4192| 0 0 0
4193| 0 0 0
4194| 0 0 0
4195| 0 0 0
4196| 0 4 0
4197| 0 8 0
4198| 0 12 0
4199| 0 16 0
4200| 0 20 0
4201| 0 24 0
4202| 0 28 0
4203| 0 32 0
4204| 0 36 0
4205| 0 40 0
4206| 0 43,99999 0
4207| 0 47,99999 0
4208| 0 51,99999 0
4209| 0 55,99999 0
4210| 0 60 0
4211| 0 64 0
4212| 0 0 0
4213| 0 0 0
4214| 0 0 0
4215| 0 0 0
4216| 0 0 0
4217| 0 4 0
4218| 0 8 0
4219| 0 12 0
4220| 0 16 0
4221| 0 20 0
4222| 0 24 0
4223| 0 28 0
4224| 0 32 0
4225| 0 36 0
4226| 0 40 0
4227| 0 43,99999 0
4228| 0 47,99999 0
4229| 0 51,99999 0
4230| 0 55,99999 0
4231| 0 60 0
4232| 0 64 0
4233| 0 68 0
4234| 0 72 0
4235| 0 76,00001 0
4236| 0 80,00001 0
4237| 0 84,00001 0
4238| 0 88,00002 0
4239| 0 92,00002 0
4240| 0 96,00002 0
4241| 0 100 0
4242| 0 104 0
4243| 0 108 0
4244| 0 112 0
4245| 0 116 0
4246| 0 0 0
4247| 0 0 0
4248| 0 0 0
4249| 0 0 0
4250| 0 0 0
4251| 0 0 0
4252| 0 0 0
4253| 0 0 0
4254| 0 0 0
4255| 0 0 0
4256| 0 0 0
4257| 0 0 0
4258| 0 0 0
4259| 0 0 0
4260| 0 0 0
4261| 0 0 0
4262| 0 0 0
4263| 0 0 0
4264| 0 0 0
4265| 0 0 0
4266| 0 0 0
4267| 0 0 0
4268| 0 0 0
4269| 0 0 0
4270| 0 0 0
4271| 0 0 0
4272| 0 0 0
4273| 0 0 0
4274| 0 0 0
4275| 0 0 0
4276| 0 0 0
4277| 0 0 0
4278| 0 0 0
4279| 0 0 0
4280| 0 0 0
4281| 0 0 0
4282| 0 0 0
4283| 0 0 0
4284| 0 0 0
4285| 0 0 0
4286| 0 0 0
4287| 0 0 0
4288| 0 0 0
4289| 0 0 0
4290| 0 0 0
4291| 0 0 0
4292| 0 0 0
4293| 0 0 0
4294| 0 0 0
4295| 0 0 0
4296| 0 0 0
4297| 0 0 0
4298| 0 0 0
4299| 0 0 0
4300| 0 0 0
4301| 0 0 0
4302| 0 0 0
4303| 0 0 0
4304| 0 0 0
4305| 0 0 0
4306| 0 0 0
4307| 0 0 0
4308| 0 0 0
4309| 0 0 0
4310| 0 0 0
4311| 0 0 0
4312| 0 0 0
4313| 0 0 0
4314| 0 0 0
4315| 0 0 0
4316| 0 0 0
4317| 0 0 0
4318| 0 0 0
4319| 0 0 0
4320| 0 0 0
4321| 0 0 0
4322| 0 0 0
4323| 0 0 0
4324| 0 0 0
4325| 0 0 0
4326| 0 0 0
4327| 0 0 0
4328| 0 0 0
4329| 0 0 0
4330| 0 0 0
4331| 0 0 0
4332| 0 0 0
4333| 0 0 0
4334| 0 0 0
4335| 0 0 0

