1| 0 0 0
2| 0 0 0
3| 0 0 0
4| 0 0 0
5| 0 0 0
6| 0 0 0
7| 0 0 0
8| 0 0 0
9| 0 0 0
10| 0 0 0
11| 0 0 0
12| 0 0 0
13| 0 0 0
14| 0 4 0
15| 0 8 0
16| 0 12 0
17| 0 16 0
18| 0 20 0
19| 0 24 0
20| 0 28 0
21| 0 32 0
22| 0 36 0
23| 0 40 0
24| 0 43,99999 0
25| 0 47,99999 0
26| 0 51,99999 0
27| 0 55,99999 0
28| 0 60 0
29| 0 64 0
30| 0 68 0
31| 0 72 0
32| 0 76,00001 0
33| 0 80,00001 0
34| 0 84,00001 0
35| 0 88,00002 0
36| 0 92,00002 0
37| 0 96,00002 0
38| 0 100 0
39| 0 104 0
40| 0 108 0
41| 0 112 0
42| 0 116 0
43| 0 120 0
44| 0 124 0
45| 0 128 0
46| 0 132 0
47| 0 136 0
48| 0 140 0
49| 0 144 0
50| 0 148 0
51| 0 152 0
52| 0 156 0
53| 0 160 0
54| 0 164 0
55| 0 168 0
56| 0 171,9999 0
57| 0 175,9999 0
58| 0 179,9999 0
59| 0 183,9999 0
60| 0 187,9999 0
61| 0 191,9999 0
62| 0 195,9999 0
63| 0 199,9999 0
64| 0 203,9999 0
65| 0 207,9999 0
66| 0 211,9999 0
67| 0 215,9999 0
68| 0 219,9999 0
69| 0 223,9999 0
70| 0 227,9999 0
71| 0 231,9999 0
72| 0 235,9999 0
73| 0 239,9999 0
74| 0 243,9999 0
75| 0 247,9999 0
76| 0 251,9999 0
77| 0 255,9999 0
78| 0 259,9999 0
79| 0 263,9999 0
80| 0 267,9999 0
81| 0 271,9998 0
82| 0 275,9998 0
83| 0 279,9998 0
84| 0 283,9998 0
85| 0 287,9998 0
86| 0 291,9998 0
87| 0 295,9998 0
88| 0 299,9998 0
89| 0 303,9998 0
90| 0 307,9998 0
91| 0 311,9998 0
92| 0 315,9998 0
93| 0 319,9998 0
94| 0 323,9998 0
95| 0 327,9998 0
96| 0 331,9998 0
97| 0 335,9998 0
98| 0 339,9998 0
99| 0 343,9998 0
100| 0 347,9998 0
101| 0 351,9998 0
102| 0 355,9998 0
103| 0 359,9998 0
104| 0 363,9998 0
105| 0 367,9998 0
106| 0 371,9998 0
107| 0 375,9998 0
108| 0 379,9998 0
109| 0 383,9998 0
110| 0,3 387,9998 0
111| 0,6 391,9998 0
112| 0,6 395,9998 0
113| 0,6 399,9997 0
114| 0,6 403,9998 0
115| 0,6 400 0
116| 0,6 400 0
117| 0,6 400 0
118| 0,6 400 0
119| 0,6 400 0
120| 0,6 400 0
121| 0,6 400 0
122| 0,6 400 0
123| 0,6 400 0
124| 0,6 400 0
125| 0,9 400 0
126| 1,2 400 0
127| 1,2 400 0
128| 1,2 400 0
129| 1,2 400 0
130| 1,2 400 0
131| 1,2 400 0
132| 1,2 400 0
133| 1,2 400 0
134| 1,2 400 0
135| 1,2 400 0
136| 1,2 400 0
137| 1,2 400 0
138| 1,2 400 0
139| 1,2 400 0
140| 1,2 400 0
141| 1,2 400 0
142| 1,5 400 0
143| 1,5 400 0
144| 1,5 400 0
145| 1,5 400 0
146| 1,5 400 0
147| 1,5 400 0
148| 1,5 400 0
149| 1,5 400 0
150| 1,5 400 0
151| 1,5 400 0
152| 1,5 400 0
153| 1,5 400 0
154| 1,5 400 0
155| 1,5 400 0
156| 1,5 400 0
157| 1,8 400 0
158| 2,1 400 0
159| 2,4 400 0
160| 2,4 400 0
161| 2,4 400 0
162| 2,4 400 0
163| 2,4 400 0
164| 2,4 400 0
165| 2,4 400 0
166| 2,4 400 0
167| 2,4 400 0
168| 2,4 400 0
169| 2,4 400 0
170| 2,4 400 0
171| 2,4 400 0
172| 2,4 400 0
173| 2,4 400 0
174| 2,4 400 0
175| 2,4 400 0
176| 2,4 400 0
177| 2,7 400 0
178| 3 400 0
179| 3,299999 400 0
180| 3,599999 400 0
181| 3,899999 400 0
182| 3,899999 400 0
183| 3,899999 400 0
184| 3,899999 400 0
185| 3,899999 400 0
186| 3,899999 400 0
187| 3,899999 400 0
188| 3,899999 400 0
189| 3,899999 400 0
190| 3,899999 400 0
191| 3,899999 400 0
192| 3,899999 400 0
193| 0 400 0
194| -0,3 400 0
195| -0,6 400 0
196| -0,9 400 0
197| -0,9 400 0
198| -0,9 400 0
199| -0,9 400 0
200| -0,9 400 0
201| -0,9 400 0
202| -0,9 400 0
203| -0,9 400 0
204| -0,9 400 0
205| -0,9 400 0
206| -0,9 400 0
207| -0,9 400 0
208| -0,9 400 0
209| -0,9 400 0
210| -0,9 400 0
211| -0,9 400 0
212| 0 400 0
213| 0,3 400 0
214| 0,6 400 0
215| 0,9 400 0
216| 0,9 400 0
217| 0,9 400 0
218| 1,2 400 0
219| 1,5 400 0
220| 1,8 400 0
221| 2,1 400 0
222| 2,4 400 0
223| 2,4 400 0
224| 2,4 400 0
225| 2,4 400 0
226| 2,4 400 0
227| 2,7 400 0
228| 3 400 0
229| 3 400 0
230| 3 400 0
231| 3 400 0
232| 3 400 0
233| 3 400 0
234| 3 400 0
235| 3,299999 400 0
236| 3,599999 400 0
237| 3,899999 400 0
238| 3,899999 400 0
239| 3,899999 400 0
240| 3,899999 400 0
241| 3,899999 400 0
242| 4,2 400 0
243| 4,5 400 0
244| 4,8 400 0
245| 4,8 400 0
246| 4,8 400 0
247| 4,8 400 0
248| 4,8 400 0
249| 4,8 400 0
250| 4,8 400 0
251| 4,8 400 0
252| 4,8 400 0
253| 4,8 400 0
254| 4,8 400 0
255| 4,8 400 0
256| 4,8 400 0
257| 4,8 400 0
258| 4,8 400 0
259| 4,8 400 0
260| 4,8 400 0
261| 4,8 400 0
262| 4,8 400 0
263| 4,8 400 0
264| 4,8 400 0
265| 4,8 400 0
266| 4,8 400 0
267| 4,8 400 0
268| 4,8 400 0
269| 4,8 400 0
270| 4,8 400 0
271| 4,8 400 0
272| 4,8 400 0
273| 4,8 400 0
274| 4,8 400 0
275| 4,8 400 0
276| 4,8 400 0
277| 4,8 400 0
278| 4,8 400 0
279| 4,8 400 0
280| 4,8 400 0
281| 4,8 400 0
282| 0 400 0
283| -0,3 400 0
284| -0,3 400 0
285| 0 0 0
286| 0 0 0
287| 0 4 0
288| 0 8 0
289| 0 12 0
290| 0 16 0
291| 0 20 0
292| 0 24 0
293| 0 28 0
294| 0 32 0
295| 0 36 0
296| 0 40 0
297| 0 43,99999 0
298| 0 47,99999 0
299| 0 51,99999 0
300| 0 55,99999 0
301| 0 60 0
302| 0 64 0
303| 0 68 0
304| 0 72 0
305| 0 76,00001 0
306| 0 80,00001 0
307| 0 84,00001 0
308| 0 88,00002 0
309| 0 92,00002 0
310| 0 96,00002 0
311| 0 100 0
312| 0 104 0
313| 0 108 0
314| 0 112 0
315| 0 116 0
316| 0 120 0
317| 0 124 0
318| 0 128 0
319| 0 132 0
320| 0 136 0
321| 0 140 0
322| 0 144 0
323| 0 148 0
324| 0 152 0
325| 0 156 0
326| 0 160 0
327| 0 164 0
328| 0 168 0
329| 0 171,9999 0
330| 0 175,9999 0
331| 0 179,9999 0
332| 0 183,9999 0
333| 0 187,9999 0
334| 0 191,9999 0
335| 0 195,9999 0
336| 0 199,9999 0
337| 0 203,9999 0
338| 0 207,9999 0
339| 0 211,9999 0
340| 0 215,9999 0
341| 0 219,9999 0
342| 0 223,9999 0
343| 0 227,9999 0
344| 0 231,9999 0
345| 0 235,9999 0
346| 0 239,9999 0
347| 0 243,9999 0
348| 0 247,9999 0
349| 0 251,9999 0
350| 0 255,9999 0
351| 0 259,9999 0
352| 0 263,9999 0
353| 0 267,9999 0
354| 0 271,9998 0
355| 0 275,9998 0
356| 0 279,9998 0
357| 0 283,9998 0
358| 0 287,9998 0
359| 0 291,9998 0
360| 0 295,9998 0
361| 0 299,9998 0
362| -0,3 303,9998 0
363| -0,6 307,9998 0
364| -0,9 311,9998 0
365| -1,2 315,9998 0
366| -1,5 319,9998 0
367| -1,5 323,9998 0
368| -1,5 327,9998 0
369| -1,5 331,9998 0
370| -1,5 335,9998 0
371| -1,5 339,9998 0
372| -1,5 343,9998 0
373| -1,5 347,9998 0
374| -1,5 351,9998 0
375| -1,5 355,9998 0
376| -1,5 359,9998 0
377| -1,5 363,9998 0
378| -1,5 367,9998 0
379| -1,5 371,9998 0
380| -1,5 375,9998 0
381| -1,5 379,9998 0
382| -1,5 383,9998 0
383| -1,5 387,9998 0
384| -1,5 391,9998 0
385| -1,5 395,9998 0
386| -1,5 399,9997 0
387| -1,5 403,9998 0
388| -1,5 400 0
389| -1,5 400 0
390| -1,5 400 0
391| -1,5 400 0
392| -1,5 400 0
393| -1,5 400 0
394| -1,5 400 0
395| -1,5 400 0
396| -1,5 400 0
397| -1,5 400 0
398| -1,5 400 0
399| -1,5 400 0
400| -1,5 400 0
401| -1,5 400 0
402| -1,5 400 0
403| -1,5 400 0
404| -1,5 400 0
405| -1,5 400 0
406| -1,5 400 0
407| -1,5 400 0
408| -1,5 400 0
409| -1,5 400 0
410| -1,5 400 0
411| -1,5 400 0
412| -1,5 400 0
413| -1,5 400 0
414| -1,5 400 0
415| -1,5 400 0
416| -1,5 400 0
417| -1,5 400 0
418| -1,5 400 0
419| -1,5 400 0
420| -1,5 400 0
421| -1,5 400 0
422| -1,5 400 0
423| -1,5 400 0
424| -1,5 400 0
425| -1,5 400 0
426| -1,5 400 0
427| -1,5 400 0
428| -1,5 400 0
429| -1,5 400 0
430| -1,5 400 0
431| -1,5 400 0
432| -1,5 400 0
433| -1,5 400 0
434| -1,5 400 0
435| -1,5 400 0
436| -1,5 400 0
437| -1,5 400 0
438| -1,5 400 0
439| 0 400 0
440| 0,3 400 0
441| 0,6 400 0
442| 0,6 400 0
443| 0,6 400 0
444| 0,6 400 0
445| 0,6 400 0
446| 0,6 400 0
447| 0,6 400 0
448| 0,6 400 0
449| 0,6 400 0
450| 0,6 400 0
451| 0,6 400 0
452| 0,6 400 0
453| 0,6 400 0
454| 0,6 400 0
455| 0,6 400 0
456| 0,6 400 0
457| 0,6 400 0
458| 0,6 400 0
459| 0,6 400 0
460| 0,6 400 0
461| 0,6 400 0
462| 0,6 400 0
463| 0,6 400 0
464| 0,6 400 0
465| 0,6 400 0
466| 0,6 400 0
467| 0,6 400 0
468| 0,6 400 0
469| 0,6 400 0
470| 0,6 400 0
471| 0,6 400 0
472| 0,6 400 0
473| 0,6 400 0
474| 0,6 400 0
475| 0,6 400 0
476| 0,6 400 0
477| 0,6 400 0
478| 0,6 400 0
479| 0,6 400 0
480| 0,6 400 0
481| 0,6 400 0
482| 0,6 400 0
483| 0,6 400 0
484| 0,6 400 0
485| 0 400 0
486| -0,3 400 0
487| -0,6 400 0
488| -0,6 400 0
489| -0,6 400 0
490| -0,6 400 0
491| -0,6 400 0
492| -0,6 400 0
493| -0,6 400 0
494| -0,6 400 0
495| -0,6 400 0
496| -0,6 400 0
497| -0,6 400 0
498| -0,6 400 0
499| -0,6 400 0
500| -0,6 400 0
501| -0,6 400 0
502| -0,6 400 0
503| -0,6 400 0
504| -0,6 400 0
505| -0,6 400 0
506| -0,6 400 0
507| -0,6 400 0
508| -0,6 400 0
509| -0,6 400 0
510| -0,9 400 0
511| -1,2 400 0
512| -1,5 400 0
513| -1,8 400 0
514| -1,8 400 0
515| -1,8 400 0
516| -1,8 400 0
517| -1,8 400 0
518| -1,8 400 0
519| -1,8 400 0
520| -1,8 400 0
521| -1,8 400 0
522| -1,8 400 0
523| -1,8 400 0
524| -1,8 400 0
525| -1,8 400 0
526| -1,8 400 0
527| -1,8 400 0
528| -1,8 400 0
529| -2,1 400 0
530| -2,4 400 0
531| -2,7 400 0
532| -3 400 0
533| -3,299999 400 0
534| -3,299999 400 0
535| -3,299999 400 0
536| -3,299999 400 0
537| -3,299999 400 0
538| -3,299999 400 0
539| -3,299999 400 0
540| -3,299999 400 0
541| -3,299999 400 0
542| -3,299999 400 0
543| -3,299999 400 0
544| -3,599999 400 0
545| -3,899999 400 0
546| -4,2 400 0
547| -4,2 400 0
548| -4,2 400 0
549| -4,2 400 0
550| -4,2 400 0
551| -4,2 400 0
552| -4,2 400 0
553| -4,2 400 0
554| -4,2 400 0
555| -4,2 400 0
556| -4,2 400 0
557| -4,2 400 0
558| -4,5 400 0
559| -4,8 400 0
560| -5,1 400 0
561| -5,4 400 0
562| -5,4 400 0
563| -5,4 400 0
564| -5,4 400 0
565| -5,4 400 0
566| -5,4 400 0
567| -5,4 400 0
568| -5,4 400 0
569| -5,4 400 0
570| -5,4 400 0
571| -5,4 400 0
572| -5,4 400 0
573| -5,4 400 0
574| -5,4 400 0
575| -5,4 400 0
576| -5,4 400 0
577| -5,4 400 0
578| -5,4 400 0
579| 0 400 0
580| 0,3 400 0
581| 0,3 400 0
582| 0,3 400 0
583| 0,3 400 0
584| 0,3 400 0
585| 0,3 400 0
586| 0,3 400 0
587| 0,3 400 0
588| 0,3 400 0
589| 0,3 400 0
590| 0,3 400 0
591| 0,3 400 0
592| 0,3 400 0
593| 0,3 400 0
594| 0,3 400 0
595| 0,6 400 0
596| 0,9 400 0
597| 1,2 400 0
598| 1,2 400 0
599| 1,2 400 0
600| 1,2 400 0
601| 1,2 400 0
602| 1,2 400 0
603| 1,2 400 0
604| 1,2 400 0
605| 1,2 400 0
606| 1,2 400 0
607| 1,2 400 0
608| 1,2 400 0
609| 1,2 400 0
610| 1,2 400 0
611| 1,2 400 0
612| 1,2 400 0
613| 1,2 400 0
614| 1,2 400 0
615| 1,2 400 0
616| 0 400 0
617| -0,3 400 0
618| -0,6 400 0
619| -0,9 400 0
620| -0,9 400 0
621| -0,9 400 0
622| -0,9 400 0
623| -0,9 400 0
624| -0,9 400 0
625| -0,9 400 0
626| -0,9 400 0
627| -0,9 400 0
628| -0,9 400 0
629| -0,9 400 0
630| -0,9 400 0
631| -0,9 400 0
632| -0,9 400 0
633| -0,9 400 0
634| -0,9 400 0
635| -0,9 400 0
636| -0,9 400 0
637| -0,9 400 0
638| -0,9 400 0
639| -0,9 400 0
640| -0,9 400 0
641| -0,9 400 0
642| -0,9 400 0
643| -0,9 400 0
644| -0,9 400 0
645| -0,9 400 0
646| -0,9 400 0
647| -0,9 400 0
648| -0,9 400 0
649| -0,9 400 0
650| -0,9 400 0
651| -0,9 400 0
652| -0,9 400 0
653| -0,9 400 0
654| -0,9 400 0
655| -0,9 400 0
656| -0,9 400 0
657| -0,9 400 0
658| -0,9 400 0
659| -0,9 400 0
660| -0,9 400 0
661| -0,9 400 0
662| -0,9 400 0
663| -0,9 400 0
664| -0,9 400 0
665| -0,9 400 0
666| -0,9 400 0
667| -0,9 400 0
668| -0,9 400 0
669| -0,9 400 0
670| -0,9 400 0
671| -0,9 400 0
672| -0,9 400 0
673| -0,9 400 0
674| -0,9 400 0
675| -0,9 400 0
676| -0,9 400 0
677| -0,9 400 0
678| -0,9 400 0
679| -0,9 400 0
680| -0,9 400 0
681| -0,9 400 0
682| -0,9 400 0
683| -0,9 400 0
684| -0,9 400 0
685| -0,9 400 0
686| -0,9 400 0
687| -0,9 400 0
688| -0,9 400 0
689| -0,9 400 0
690| -0,9 400 0
691| -0,9 400 0
692| -0,9 400 0
693| -0,9 400 0
694| -0,9 400 0
695| -0,9 400 0
696| -0,9 400 0
697| -0,9 400 0
698| -0,9 400 0
699| -0,9 400 0
700| -0,9 400 0
701| -0,9 400 0
702| -0,9 400 0
703| -0,9 400 0
704| -0,9 400 0
705| -0,9 400 0
706| -0,9 400 0
707| -0,9 400 0
708| -0,9 400 0
709| -0,9 400 0
710| -0,9 400 0
711| -0,9 400 0
712| -0,9 400 0
713| -0,9 400 0
714| -0,9 400 0
715| -0,9 400 0
716| -0,9 400 0
717| -0,9 400 0
718| -0,9 400 0
719| -0,9 400 0
720| -0,9 400 0
721| -0,9 400 0
722| -0,9 400 0
723| -0,9 400 0
724| -0,9 400 0
725| -0,9 400 0
726| -0,9 400 0
727| -0,9 400 0
728| -0,9 400 0
729| 0 400 0
730| 0,3 400 0
731| 0,6 400 0
732| 0,9 400 0
733| 1,2 400 0
734| 1,2 400 0
735| 1,2 400 0
736| 1,2 400 0
737| 1,2 400 0
738| 1,2 400 0
739| 1,2 400 0
740| 1,2 400 0
741| 1,2 400 0
742| 1,2 400 0
743| 1,2 400 0
744| 1,2 400 0
745| 1,5 400 0
746| 1,8 400 0
747| 2,1 400 0
748| 2,4 400 0
749| 2,4 400 0
750| 2,4 400 0
751| 2,4 400 0
752| 2,4 400 0
753| 2,7 400 0
754| 3 400 0
755| 3,299999 400 0
756| 3,299999 400 0
757| 3,299999 400 0
758| 3,299999 400 0
759| 3,299999 400 0
760| 3,299999 400 0
761| 3,299999 400 0
762| 3,299999 400 0
763| 3,299999 400 0
764| 3,299999 400 0
765| 3,299999 400 0
766| 3,299999 400 0
767| 3,599999 400 0
768| 3,899999 400 0
769| 4,2 400 0
770| 4,5 400 0
771| 4,8 400 0
772| 5,1 400 0
773| 5,4 400 0
774| 5,7 400 0
775| 5,7 400 0
776| 5,7 400 0
777| 5,7 400 0
778| 5,7 400 0
779| 5,7 400 0
780| 5,7 400 0
781| 5,7 400 0
782| 5,7 400 0
783| 5,7 400 0
784| 0 400 0
785| -0,3 400 0
786| -0,6 400 0
787| -0,9 400 0
788| -0,9 400 0
789| -0,9 400 0
790| -0,9 400 0
791| -0,9 400 0
792| -0,9 400 0
793| -0,9 400 0
794| -1,2 400 0
795| -1,5 400 0
796| -1,8 400 0
797| -2,1 400 0
798| -2,4 400 0
799| -2,7 400 0
800| -3 400 0
801| -3,299999 400 0
802| -3,599999 400 0
803| -3,899999 400 0
804| -4,2 400 0
805| -4,5 400 0
806| -4,8 400 0
807| -5,1 400 0
808| -5,4 400 0
809| -5,7 400 0
810| -6 400 0
811| -6,300001 400 0
812| -6,600001 400 0
813| -6,900001 400 0
814| -7,200001 400 0
815| -7,500001 400 0
816| -7,800001 400 0
817| -8,1 400 0
818| -8,4 400 0
819| -8,7 400 0
820| -8,999999 400 0
821| -9,299999 400 0
822| -9,599998 400 0
823| -9,899999 400 0
824| -10,2 400 0
825| -10,5 400 0
826| -10,8 400 0
827| -11,1 0 0
828| -11,4 -4 0
829| -11,7 -8 0
830| -12 -12 0
831| -12,3 -16 0
832| -12,6 -20 0
833| -12,9 -24 0
834| -13,2 -28 0
835| -13,5 -32 0
836| -13,79999 -36 0
837| -13,79999 -40 0
838| -13,79999 -43,99999 0
839| -13,79999 -47,99999 0
840| -13,79999 -51,99999 0
841| -13,79999 -55,99999 0
842| -13,79999 -60 0
843| -13,79999 -64 0
844| -13,79999 -68 0
845| -13,79999 -72 0
846| -13,79999 -76,00001 0
847| -13,79999 -80,00001 0
848| -13,79999 -84,00001 0
849| -13,79999 -88,00002 0
850| -13,79999 -92,00002 0
851| -13,79999 -96,00002 0
852| -13,79999 -100 0
853| -13,79999 -104 0
854| -13,79999 -108 0
855| -13,79999 -112 0
856| -13,79999 -116 0
857| -13,79999 -120 0
858| -13,79999 -124 0
859| -13,79999 -128 0
860| -13,79999 -132 0
861| -13,79999 -136 0
862| -13,79999 -140 0
863| -13,79999 -144 0
864| -13,79999 -148 0
865| -13,79999 -152 0
866| -13,79999 -156 0
867| -13,79999 -160 0
868| -13,79999 -164 0
869| -13,79999 -168 0
870| -13,79999 -171,9999 0
871| -13,79999 -175,9999 0
872| 0 -179,9999 0
873| 0,3 -183,9999 0
874| 0,6 -187,9999 0
875| 0,9 -191,9999 0
876| 1,2 -195,9999 0
877| 1,5 -199,9999 0
878| 1,8 -203,9999 0
879| 2,1 -207,9999 0
880| 2,4 -211,9999 0
881| 2,7 -215,9999 0
882| 3 -219,9999 0
883| 3,299999 -223,9999 0
884| 3,599999 -227,9999 0
885| 3,599999 -231,9999 0
886| 3,599999 -235,9999 0
887| 3,599999 -239,9999 0
888| 3,599999 -243,9999 0
889| 3,599999 -247,9999 0
890| 3,599999 -251,9999 0
891| 3,599999 -255,9999 0
892| 3,599999 -259,9999 0
893| 3,599999 -263,9999 0
894| 3,599999 -267,9999 0
895| 3,599999 -271,9998 0
896| 3,899999 -275,9998 0
897| 4,2 -279,9998 0
898| 4,5 -283,9998 0
899| 4,8 -287,9998 0
900| 5,1 -291,9998 0
901| 5,4 -295,9998 0
902| 5,7 -299,9998 0
903| 6 -303,9998 0
904| 6,300001 -307,9998 0
905| 6,600001 -311,9998 0
906| 6,900001 -315,9998 0
907| 7,200001 -319,9998 0
908| 7,500001 -323,9998 0
909| 7,800001 -327,9998 0
910| 8,1 -331,9998 0
911| 8,4 -335,9998 0
912| 8,7 -339,9998 0
913| 8,999999 -343,9998 0
914| 9,299999 -347,9998 0
915| 9,599998 -351,9998 0
916| 9,899999 -355,9998 0
917| 10,2 -359,9998 0
918| 10,5 -363,9998 0
919| 10,8 -367,9998 0
920| 11,1 -371,9998 0
921| 11,4 -375,9998 0
922| 11,7 -379,9998 0
923| 12 -383,9998 0
924| 12,3 -387,9998 0
925| 12,6 -391,9998 0
926| 12,9 -395,9998 0
927| 13,2 -399,9997 0
928| 13,5 -403,9998 0
929| 13,79999 -400 0
930| 14,09999 -400 0
931| 14,39999 -400 0
932| 14,69999 -400 0
933| 14,99999 -400 0
934| 15,29999 -400 0
935| 15,59999 -400 0
936| 15,89999 -400 0
937| 16,19999 -400 0
938| 16,49999 -400 0
939| 16,79999 -400 0
940| 0 0 0
941| 0 0 0
942| 0 0 0
943| 0 4 0
944| -0,3 8 0
945| -0,6 12 0
946| -0,9 16 0
947| -1,2 20 0
948| -1,5 24 0
949| -1,8 28 0
950| -2,1 32 0
951| -2,4 36 0
952| -2,7 40 0
953| -3 43,99999 0
954| -3,299999 47,99999 0
955| -3,599999 51,99999 0
956| -3,899999 55,99999 0
957| -4,2 60 0
958| -4,5 64 0
959| -4,8 68 0
960| -5,1 72 0
961| -5,4 76,00001 0
962| -5,7 80,00001 0
963| -6 84,00001 0
964| -6,300001 88,00002 0
965| -6,600001 92,00002 0
966| -6,900001 96,00002 0
967| -7,200001 100 0
968| -7,500001 104 0
969| -7,800001 108 0
970| -8,1 112 0
971| -8,4 116 0
972| -8,7 120 0
973| -8,999999 124 0
974| -9,299999 128 0
975| -9,599998 132 0
976| -9,899999 136 0
977| -10,2 140 0
978| -10,5 144 0
979| -10,8 148 0
980| -11,1 152 0
981| -11,4 156 0
982| -11,7 160 0
983| -12 164 0
984| -12,3 168 0
985| -12,6 171,9999 0
986| -12,9 175,9999 0
987| -13,2 179,9999 0
988| -13,5 183,9999 0
989| -13,79999 187,9999 0
990| -14,09999 191,9999 0
991| -14,39999 195,9999 0
992| -14,69999 199,9999 0
993| -14,99999 203,9999 0
994| -15,29999 207,9999 0
995| -15,59999 211,9999 0
996| -15,89999 215,9999 0
997| -16,19999 219,9999 0
998| -16,49999 223,9999 0
999| -16,79999 227,9999 0
1000| -17,09999 231,9999 0
1001| -17,39999 235,9999 0
1002| -17,69999 239,9999 0
1003| -17,99999 243,9999 0
1004| -18,29999 247,9999 0
1005| -18,59999 251,9999 0
1006| -18,89999 255,9999 0
1007| -19,19999 259,9999 0
1008| -19,49999 263,9999 0
1009| -19,79999 267,9999 0
1010| -20,09999 271,9998 0
1011| -20,39999 275,9998 0
1012| -20,69999 279,9998 0
1013| -20,99999 283,9998 0
1014| -21,29999 287,9998 0
1015| -21,59999 291,9998 0
1016| -21,89999 295,9998 0
1017| -22,19999 299,9998 0
1018| -22,49999 303,9998 0
1019| -22,79999 307,9998 0
1020| -23,09999 311,9998 0
1021| -23,39999 315,9998 0
1022| -23,69999 319,9998 0
1023| -23,99999 323,9998 0
1024| -24,29999 327,9998 0
1025| -24,59999 331,9998 0
1026| -24,89998 335,9998 0
1027| -25,19999 339,9998 0
1028| -25,49998 343,9998 0
1029| -25,79998 347,9998 0
1030| -26,09998 351,9998 0
1031| -26,39998 355,9998 0
1032| -26,69998 359,9998 0
1033| -26,99998 363,9998 0
1034| -27,29998 367,9998 0
1035| -27,59998 371,9998 0
1036| -27,89998 371,9998 0
1037| -28,19998 371,9998 0
1038| -28,49998 371,9998 0
1039| -28,79998 371,9998 0
1040| -29,09998 371,9998 0
1041| -29,39998 371,9998 0
1042| -29,69998 371,9998 0
1043| -29,99998 371,9998 0
1044| -30,29998 371,9998 0
1045| -30 371,9998 0
1046| -30 371,9998 0
1047| -30 371,9998 0
1048| -30 371,9998 0
1049| -30 371,9998 0
1050| -30 371,9998 0
1051| -30 371,9998 0
1052| -30 371,9998 0
1053| -30 371,9998 0
1054| -30 371,9998 0
1055| -30 371,9998 0
1056| -30 371,9998 0
1057| -30 371,9998 0
1058| -30 371,9998 0
1059| -30 371,9998 0
1060| 0 0 0
1061| 0 0 0
1062| 0 0 0
1063| 0 0 0
1064| 0 0 0
1065| 0 0 0
1066| 0 0 0
1067| 0 0 0
1068| 0 0 0
1069| 0 0 0
1070| 0 0 0
1071| 0 0 0
1072| 0 0 0
1073| 0 0 0
1074| 0 0 0
1075| 0 0 0
1076| 0 0 0
1077| 0 0 0
1078| 0 0 0
1079| -0,3 0 0
1080| -0,6 0 0
1081| -0,9 0 0
1082| -1,2 0 0
1083| -1,5 0 0
1084| -1,8 0 0
1085| -2,1 0 0
1086| -2,4 0 0
1087| -2,7 0 0
1088| -3 0 0
1089| -3,299999 0 0
1090| -3,599999 0 0
1091| -3,899999 0 0
1092| -4,2 0 0
1093| -4,5 0 0
1094| -4,8 0 0
1095| -5,1 0 0
1096| -5,4 0 0
1097| -5,7 0 0
1098| -6 0 0
1099| -6,300001 0 0
1100| -6,600001 0 0
1101| -6,900001 0 0
1102| -7,200001 0 0
1103| -7,500001 0 0
1104| -7,800001 0 0
1105| -8,1 0 0
1106| -8,4 0 0
1107| -8,7 0 0
1108| -8,999999 0 0
1109| -9,299999 0 0
1110| -9,599998 0 0
1111| -9,899999 0 0
1112| -10,2 0 0
1113| -10,5 0 0
1114| -10,8 0 0
1115| -11,1 0 0
1116| 0 0 0
1117| 0 0 0
1118| 0,3 -4 0
1119| 0,6 -8 0
1120| 0,9 -12 0
1121| 1,2 -16 0
1122| 1,5 -20 0
1123| 1,8 -24 0
1124| 2,1 -28 0
1125| 2,4 -32 0
1126| 2,7 -36 0
1127| 3 -40 0
1128| 3,299999 -43,99999 0
1129| 3,599999 -47,99999 0
1130| 3,899999 -51,99999 0
1131| 4,2 -55,99999 0
1132| 4,5 -60 0
1133| 4,8 -64 0
1134| 5,1 -68 0
1135| 5,4 -72 0
1136| 5,7 -76,00001 0
1137| 6 -80,00001 0
1138| 6,300001 -84,00001 0
1139| 6,600001 -88,00002 0
1140| 6,900001 -92,00002 0
1141| 7,200001 -96,00002 0
1142| 7,500001 -100 0
1143| 7,800001 -104 0
1144| 8,1 -108 0
1145| 8,4 -112 0
1146| 8,7 -116 0
1147| 0 0 0
1148| 0 0 0
1149| 0 4 0
1150| 0 8 0
1151| -0,3 12 0
1152| -0,6 16 0
1153| -0,9 20 0
1154| -1,2 24 0
1155| -1,5 28 0
1156| -1,8 32 0
1157| -2,1 36 0
1158| -2,4 40 0
1159| -2,7 43,99999 0
1160| -3 47,99999 0
1161| -3,299999 51,99999 0
1162| -3,599999 55,99999 0
1163| -3,899999 60 0
1164| -4,2 64 0
1165| -4,5 68 0
1166| -4,8 72 0
1167| -5,1 76,00001 0
1168| -5,4 80,00001 0
1169| -5,7 84,00001 0
1170| -6 88,00002 0
1171| -6,300001 92,00002 0
1172| -6,600001 96,00002 0
1173| -6,900001 100 0
1174| -7,200001 104 0
1175| -7,500001 108 0
1176| -7,800001 112 0
1177| -8,1 116 0
1178| -8,4 120 0
1179| -8,7 124 0
1180| -8,999999 128 0
1181| -9,299999 132 0
1182| -9,599998 136 0
1183| -9,899999 140 0
1184| -10,2 144 0
1185| -10,5 148 0
1186| -10,8 152 0
1187| -11,1 156 0
1188| -11,4 160 0
1189| -11,7 164 0
1190| -12 168 0
1191| -12,3 171,9999 0
1192| -12,6 175,9999 0
1193| -12,9 179,9999 0
1194| -13,2 183,9999 0
1195| -13,5 187,9999 0
1196| -13,79999 191,9999 0
1197| -14,09999 195,9999 0
1198| -14,39999 199,9999 0
1199| -14,69999 203,9999 0
1200| -14,99999 207,9999 0
1201| -15,29999 211,9999 0
1202| -15,59999 215,9999 0
1203| -15,89999 219,9999 0
1204| -16,19999 223,9999 0
1205| -16,49999 227,9999 0
1206| -16,79999 231,9999 0
1207| -17,09999 235,9999 0
1208| -17,39999 239,9999 0
1209| -17,69999 243,9999 0
1210| -17,99999 247,9999 0
1211| -18,29999 251,9999 0
1212| -18,59999 255,9999 0
1213| -18,89999 259,9999 0
1214| -19,19999 263,9999 0
1215| -19,49999 267,9999 0
1216| -19,79999 271,9998 0
1217| -20,09999 275,9998 0
1218| -20,39999 279,9998 0
1219| -20,69999 283,9998 0
1220| -20,99999 287,9998 0
1221| -21,29999 291,9998 0
1222| -21,59999 295,9998 0
1223| -21,89999 299,9998 0
1224| -22,19999 303,9998 0
1225| -22,49999 307,9998 0
1226| -22,79999 311,9998 0
1227| -23,09999 315,9998 0
1228| -23,39999 319,9998 0
1229| -23,69999 323,9998 0
1230| -23,99999 327,9998 0
1231| -24,29999 331,9998 0
1232| -24,59999 335,9998 0
1233| -24,89998 339,9998 0
1234| -25,19999 343,9998 0
1235| -25,49998 347,9998 0
1236| -25,79998 351,9998 0
1237| -26,09998 355,9998 0
1238| -26,39998 359,9998 0
1239| -26,69998 363,9998 0
1240| -26,99998 367,9998 0
1241| -27,29998 371,9998 0
1242| -27,59998 375,9998 0
1243| -27,89998 379,9998 0
1244| -28,19998 383,9998 0
1245| -28,49998 387,9998 0
1246| -28,79998 391,9998 0
1247| -28,79998 395,9998 0
1248| -28,79998 399,9997 0
1249| -28,79998 403,9998 0
1250| -28,79998 400 0
1251| -28,79998 400 0
1252| -28,79998 400 0
1253| -28,79998 400 0
1254| -28,79998 400 0
1255| -28,79998 400 0
1256| -28,79998 400 0
1257| 0 400 0
1258| 0,3 400 0
1259| 0,6 400 0
1260| 0,6 400 0
1261| 0,6 400 0
1262| 0,6 400 0
1263| 0,6 400 0
1264| 0,6 400 0
1265| 0,6 400 0
1266| 0,6 400 0
1267| 0,9 400 0
1268| 0,9 400 0
1269| 0,9 400 0
1270| 0,9 400 0
1271| 0,9 400 0
1272| 0,9 400 0
1273| 0,9 400 0
1274| 0,9 400 0
1275| 0,9 400 0
1276| 0,9 400 0
1277| 0,9 400 0
1278| 0,9 400 0
1279| 0,9 400 0
1280| 0,9 400 0
1281| 0,9 400 0
1282| 0,9 400 0
1283| 0 0 0
1284| 0 0 0
1285| 0 0 0
1286| 0 0 0
1287| 0 0 0
1288| 0 0 0
1289| 0 0 0
1290| 0 0 0
1291| 0 0 0
1292| 0 0 0
1293| 0 0 0
1294| 0 0 0
1295| 0 0 0
1296| 0 0 0
1297| 0 0 0
1298| 0 0 0
1299| 0 0 0
1300| 0 0 0
1301| 0 0 0
1302| 0 0 0
1303| 0 0 0
1304| 0 0 0
1305| 0 0 0
1306| -0,3 0 0
1307| -0,6 0 0
1308| -0,9 0 0
1309| 0 0 0
1310| 0 0 0
1311| 0 0 0
1312| 0 0 0
1313| 0 0 0
1314| 0 0 0
1315| 0 0 0
1316| 0 0 0
1317| 0 0 0
1318| 0 0 0
1319| 0 0 0
1320| 0 0 0
1321| 0 0 0
1322| 0 0 0
1323| 0 0 0
1324| 0 0 0
1325| 0 0 0
1326| 0 0 0
1327| 0 0 0
1328| 0 -4 0
1329| 0 -8 0
1330| 0 -12 0
1331| 0 -16 0
1332| 0 -20 0
1333| 0 -24 0
1334| 0 -28 0
1335| 0 -32 0
1336| 0 -36 0
1337| 0 -40 0
1338| 0 -43,99999 0
1339| 0 0 0
1340| 0 0 0
1341| 0 0 0
1342| 0 0 0
1343| 0 0 0
1344| 0 0 0
1345| 0 0 0
1346| 0 0 0
1347| 0 0 0
1348| 0 0 0
1349| 0 0 0
1350| 0 0 0
1351| 0 0 0
1352| 0 0 0
1353| 0 0 0
1354| 0 0 0
1355| 0 0 0
1356| 0 0 0
1357| 0 0 0
1358| 0 0 0
1359| 0 0 0
1360| 0 0 0
1361| 0 0 0
1362| 0 0 0
1363| 0 0 0
1364| 0 0 0
1365| 0 0 0
1366| 0 0 0
1367| 0 0 0
1368| 0 0 0
1369| 0 0 0
1370| 0 0 0
1371| 0 0 0
1372| 0 0 0
1373| 0 0 0
1374| 0 0 0
1375| 0 0 0
1376| 0 0 0
1377| 0 0 0
1378| 0 0 0
1379| 0 0 0
1380| 0 0 0
1381| 0 0 0
1382| 0 0 0
1383| 0 0 0
1384| 0 0 0
1385| 0 0 0
1386| 0 0 0
1387| 0 0 0
1388| 0 0 0
1389| 0 0 0
1390| 0 0 0
1391| 0 0 0
1392| 0 0 0
1393| 0 0 0
1394| 0 0 0
1395| 0 0 0
1396| 0 0 0
1397| 0 0 0
1398| 0 0 0
1399| 0 0 0
1400| 0 0 0
1401| 0 0 0
1402| 0 0 0
1403| 0 0 0
1404| 0 0 0
1405| 0 0 0
1406| 0 0 0
1407| 0 0 0
1408| 0 0 0
1409| 0 0 0
1410| 0 0 0
1411| 0 0 0
1412| 0 -4 0
1413| 0 -8 0
1414| 0 0 0
1415| 0 0 0
1416| 0 0 0
1417| 0 0 0
1418| 0 0 0
1419| 0 0 0
1420| 0 0 0
1421| 0 -4 0
1422| 0 -8 0
1423| 0 -12 0
1424| 0 -16 0
1425| 0 -20 0
1426| 0 -24 0
1427| 0 -28 0
1428| 0 -32 0
1429| 0 -36 0
1430| 0 -40 0
1431| 0 -43,99999 0
1432| 0 -47,99999 0
1433| 0 -51,99999 0
1434| 0 -55,99999 0
1435| 0 -60 0
1436| 0 -64 0
1437| 0 -68 0
1438| 0 -72 0
1439| 0 -76,00001 0
1440| 0 -80,00001 0
1441| 0 -84,00001 0
1442| 0 -88,00002 0
1443| 0 -92,00002 0
1444| 0 -96,00002 0
1445| 0 -100 0
1446| 0 -104 0
1447| 0 -108 0
1448| 0 -112 0
1449| 0 -116 0
1450| 0 -120 0
1451| 0 -124 0
1452| 0 -128 0
1453| 0 -132 0
1454| 0 -136 0
1455| 0 -140 0
1456| 0 -144 0
1457| 0 -148 0
1458| 0 -152 0
1459| 0 -156 0
1460| 0 -160 0
1461| 0 -164 0
1462| 0 -168 0
1463| 0 -171,9999 0
1464| 0 -175,9999 0
1465| 0 -179,9999 0
1466| 0 -183,9999 0
1467| 0 -187,9999 0
1468| 0 -191,9999 0
1469| 0 -195,9999 0
1470| 0 -199,9999 0
1471| 0 -203,9999 0
1472| 0 -207,9999 0
1473| 0 -211,9999 0
1474| 0 -215,9999 0
1475| 0 -219,9999 0
1476| 0 -223,9999 0
1477| 0 -227,9999 0
1478| 0 -231,9999 0
1479| 0 -235,9999 0
1480| 0 -239,9999 0
1481| 0 -243,9999 0
1482| 0 -247,9999 0
1483| 0 -251,9999 0
1484| 0 -255,9999 0
1485| 0 -259,9999 0
1486| 0 -263,9999 0
1487| 0 -267,9999 0
1488| 0 -271,9998 0
1489| 0 -275,9998 0
1490| 0 -279,9998 0
1491| 0 -283,9998 0
1492| 0 -287,9998 0
1493| 0 -291,9998 0
1494| 0 -295,9998 0
1495| 0 -299,9998 0
1496| 0 -303,9998 0
1497| 0 -307,9998 0
1498| 0 -311,9998 0
1499| 0 -315,9998 0
1500| 0 -319,9998 0
1501| 0 -323,9998 0
1502| 0 -327,9998 0
1503| 0 -331,9998 0
1504| 0 -335,9998 0
1505| 0 -339,9998 0
1506| 0 -343,9998 0
1507| 0 -347,9998 0
1508| 0 -351,9998 0
1509| 0 -355,9998 0
1510| 0 -359,9998 0
1511| 0 -363,9998 0
1512| 0 -367,9998 0
1513| 0 0 0
1514| 0 0 0
1515| 0 0 0
1516| 0 0 0
1517| 0 0 0
1518| 0 0 0
1519| 0 0 0
1520| 0 0 0
1521| 0 0 0
1522| 0 0 0
1523| 0 0 0
1524| 0 0 0
1525| 0 0 0
1526| 0 0 0
1527| 0 0 0
1528| 0 0 0
1529| 0 0 0
1530| 0 0 0
1531| 0 4 0
1532| 0 8 0
1533| 0 12 0
1534| 0 16 0
1535| 0 20 0
1536| 0 24 0
1537| 0 28 0
1538| 0 32 0
1539| 0 36 0
1540| 0 40 0
1541| 0 43,99999 0
1542| 0 47,99999 0
1543| 0 51,99999 0
1544| 0 55,99999 0
1545| 0 60 0
1546| 0 64 0
1547| 0 68 0
1548| 0 72 0
1549| 0 76,00001 0
1550| 0 80,00001 0
1551| 0 84,00001 0
1552| 0 88,00002 0
1553| 0 92,00002 0
1554| 0 96,00002 0
1555| 0 100 0
1556| 0 104 0
1557| 0 108 0
1558| 0 112 0
1559| 0 116 0
1560| 0 120 0
1561| 0 124 0
1562| 0 128 0
1563| 0 132 0
1564| 0 136 0
1565| 0 140 0
1566| 0 144 0
1567| 0 148 0
1568| 0 152 0
1569| 0 156 0
1570| 0 160 0
1571| 0 164 0
1572| 0 168 0
1573| 0 171,9999 0
1574| 0 175,9999 0
1575| 0 179,9999 0
1576| 0,3 183,9999 0
1577| 0,6 187,9999 0
1578| 0,9 191,9999 0
1579| 1,2 195,9999 0
1580| 1,5 199,9999 0
1581| 1,8 203,9999 0
1582| 2,1 203,9999 0
1583| 2,4 203,9999 0
1584| 2,7 203,9999 0
1585| 3 203,9999 0
1586| 3,299999 203,9999 0
1587| 3,599999 203,9999 0
1588| 3,899999 203,9999 0
1589| 4,2 203,9999 0
1590| 4,5 203,9999 0
1591| 4,8 203,9999 0
1592| 5,1 203,9999 0
1593| 5,4 203,9999 0
1594| 5,7 203,9999 0
1595| 6 203,9999 0
1596| 6,300001 203,9999 0
1597| 6,600001 203,9999 0
1598| 6,900001 203,9999 0
1599| 7,200001 203,9999 0
1600| 7,500001 203,9999 0
1601| 7,800001 203,9999 0
1602| 8,1 203,9999 0
1603| 8,4 203,9999 0
1604| 8,7 203,9999 0
1605| 8,999999 203,9999 0
1606| 9,299999 203,9999 0
1607| 9,599998 203,9999 0
1608| 9,899999 203,9999 0
1609| 10,2 203,9999 0
1610| 10,5 203,9999 0
1611| 10,8 203,9999 0
1612| 11,1 203,9999 0
1613| 11,4 203,9999 0
1614| 11,7 203,9999 0
1615| 12 203,9999 0
1616| 12,3 203,9999 0
1617| 12,6 203,9999 0
1618| 12,9 203,9999 0
1619| 13,2 203,9999 0
1620| 0 0 0
1621| 0 0 0
1622| 0 0 0
1623| 0 0 0
1624| 0 0 0
1625| 0 0 0
1626| 0 0 0
1627| 0 0 0
1628| 0 0 0
1629| 0 0 0
1630| 0 0 0
1631| 0 0 0
1632| -0,3 0 0
1633| -0,6 0 0
1634| -0,9 0 0
1635| -1,2 0 0
1636| 0 0 0
1637| 0 0 0
1638| 0 0 0
1639| 0 0 0
1640| -0,3 0 0
1641| -0,6 0 0
1642| -0,9 0 0
1643| -1,2 0 0
1644| 0 0 0
1645| 0 0 0
1646| 0 0 0
1647| -0,3 0 0
1648| -0,6 0 0
1649| -0,9 0 0
1650| -1,2 0 0
1651| -1,5 0 0
1652| -1,8 0 0
1653| -2,1 0 0
1654| -2,4 0 0
1655| -2,7 0 0
1656| -3 0 0
1657| -3,299999 0 0
1658| -3,599999 0 0
1659| -3,899999 0 0
1660| -4,2 0 0
1661| -4,5 0 0
1662| -4,8 0 0
1663| -5,1 0 0
1664| -5,4 0 0
1665| -5,7 0 0
1666| -6 0 0
1667| -6,300001 0 0
1668| -6,600001 0 0
1669| -6,900001 0 0
1670| -7,200001 0 0
1671| -7,500001 0 0
1672| -7,800001 0 0
1673| -8,1 0 0
1674| -8,4 0 0
1675| -8,7 0 0
1676| -8,999999 0 0
1677| -9,299999 0 0
1678| -9,599998 0 0
1679| -9,899999 -4 0
1680| -10,2 -8 0
1681| -10,5 -12 0
1682| -10,8 -16 0
1683| -11,1 -20 0
1684| -11,4 -24 0
1685| -11,7 -28 0
1686| -12 -32 0
1687| -12,3 -36 0
1688| -12,6 -40 0
1689| -12,9 -43,99999 0
1690| -13,2 -47,99999 0
1691| -13,5 -51,99999 0
1692| -13,79999 -55,99999 0
1693| -14,09999 -60 0
1694| -14,39999 -64 0
1695| -14,69999 -68 0
1696| -14,99999 -72 0
1697| -15,29999 -76,00001 0
1698| -15,59999 -80,00001 0
1699| -15,89999 -84,00001 0
1700| -16,19999 -88,00002 0
1701| -16,49999 -92,00002 0
1702| -16,79999 -96,00002 0
1703| -17,09999 -100 0
1704| -17,39999 -104 0
1705| -17,69999 -108 0
1706| -17,99999 -112 0
1707| -18,29999 -116 0
1708| -18,59999 -120 0
1709| -18,89999 -124 0
1710| -19,19999 -128 0
1711| -19,49999 -132 0
1712| -19,79999 -136 0
1713| -20,09999 -140 0
1714| -20,39999 -144 0
1715| -20,69999 -148 0
1716| -20,99999 -148 0
1717| -21,29999 -148 0
1718| 0 0 0
1719| 0 0 0
1720| 0 0 0
1721| 0,3 0 0
1722| 0,6 0 0
1723| 0,9 0 0
1724| 1,2 4 0
1725| 1,5 8 0
1726| 1,8 12 0
1727| 2,1 16 0
1728| 2,4 20 0
1729| 2,7 24 0
1730| 3 28 0
1731| 3,299999 32 0
1732| 3,599999 36 0
1733| 3,899999 40 0
1734| 4,2 43,99999 0
1735| 4,5 47,99999 0
1736| 4,8 51,99999 0
1737| 5,1 55,99999 0
1738| 5,4 60 0
1739| 5,7 64 0
1740| 6 68 0
1741| 6,300001 72 0
1742| 6,600001 76,00001 0
1743| 6,900001 80,00001 0
1744| 7,200001 84,00001 0
1745| 7,500001 88,00002 0
1746| 7,800001 92,00002 0
1747| 8,1 96,00002 0
1748| 8,4 100 0
1749| 8,7 104 0
1750| 8,999999 108 0
1751| 9,299999 112 0
1752| 9,599998 116 0
1753| 9,899999 120 0
1754| 9,899999 124 0
1755| 9,899999 128 0
1756| 9,899999 132 0
1757| 9,899999 136 0
1758| 9,899999 140 0
1759| 9,899999 144 0
1760| 9,899999 148 0
1761| 9,899999 152 0
1762| 9,899999 156 0
1763| 9,899999 160 0
1764| 9,899999 164 0
1765| 9,899999 168 0
1766| 9,899999 171,9999 0
1767| 9,899999 175,9999 0
1768| 10,2 179,9999 0
1769| 10,5 183,9999 0
1770| 10,8 187,9999 0
1771| 11,1 191,9999 0
1772| 11,4 195,9999 0
1773| 11,7 199,9999 0
1774| 12 203,9999 0
1775| 12,3 207,9999 0
1776| 12,6 211,9999 0
1777| 12,9 215,9999 0
1778| 13,2 219,9999 0
1779| 13,5 223,9999 0
1780| 13,79999 227,9999 0
1781| 14,09999 231,9999 0
1782| 14,39999 235,9999 0
1783| 14,69999 239,9999 0
1784| 14,99999 243,9999 0
1785| 15,29999 247,9999 0
1786| 15,59999 251,9999 0
1787| 15,89999 255,9999 0
1788| 16,19999 259,9999 0
1789| 16,49999 263,9999 0
1790| 16,79999 267,9999 0
1791| 17,09999 271,9998 0
1792| 17,39999 275,9998 0
1793| 17,69999 279,9998 0
1794| 17,99999 283,9998 0
1795| 18,29999 287,9998 0
1796| 18,59999 291,9998 0
1797| 18,89999 295,9998 0
1798| 19,19999 299,9998 0
1799| 19,49999 303,9998 0
1800| 19,79999 307,9998 0
1801| 20,09999 311,9998 0
1802| 20,39999 315,9998 0
1803| 20,69999 319,9998 0
1804| 20,99999 323,9998 0
1805| 21,29999 327,9998 0
1806| 21,59999 331,9998 0
1807| 21,89999 335,9998 0
1808| 22,19999 339,9998 0
1809| 22,49999 343,9998 0
1810| 22,79999 347,9998 0
1811| 23,09999 351,9998 0
1812| 23,39999 355,9998 0
1813| 23,69999 359,9998 0
1814| 23,99999 363,9998 0
1815| 24,29999 367,9998 0
1816| 24,59999 371,9998 0
1817| 24,89998 375,9998 0
1818| 25,19999 379,9998 0
1819| 25,49998 383,9998 0
1820| 25,79998 387,9998 0
1821| 26,09998 391,9998 0
1822| 26,39998 395,9998 0
1823| 26,69998 399,9997 0
1824| 26,99998 403,9998 0
1825| 27,29998 400 0
1826| 27,59998 400 0
1827| 27,89998 400 0
1828| 28,19998 400 0
1829| 28,49998 400 0
1830| 28,79998 400 0
1831| 29,09998 400 0
1832| 29,39998 400 0
1833| 29,69998 400 0
1834| 29,99998 400 0
1835| 30,29998 400 0
1836| 30 400 0
1837| 30 400 0
1838| 30 400 0
1839| 30 400 0
1840| 30 400 0
1841| 30 400 0
1842| 30 400 0
1843| 30 400 0
1844| 30 400 0
1845| 30 400 0
1846| 30 400 0
1847| 30 400 0
1848| 30 400 0
1849| 30 400 0
1850| 30 400 0
1851| 30 400 0
1852| 30 400 0
1853| 30 400 0
1854| 30 400 0
1855| 30 400 0
1856| 30 400 0
1857| 30 400 0
1858| 30 400 0
1859| 30 400 0
1860| 30 400 0
1861| 30 400 0
1862| 30 400 0
1863| 30 400 0
1864| 30 400 0
1865| 30 400 0
1866| 30 400 0
1867| 30 400 0
1868| 30 400 0
1869| 30 400 0
1870| 30 400 0
1871| 30 400 0
1872| 30 400 0
1873| 30 400 0
1874| 30 400 0
1875| 30 400 0
1876| 30 400 0
1877| 30 400 0
1878| 30 400 0
1879| 30 400 0
1880| 30 400 0
1881| 0 400 0
1882| -0,3 400 0
1883| -0,6 400 0
1884| -0,9 400 0
1885| -1,2 400 0
1886| -1,2 400 0
1887| -1,2 400 0
1888| -1,2 400 0
1889| -1,2 400 0
1890| -1,2 400 0
1891| -1,2 400 0
1892| -1,5 400 0
1893| -1,8 400 0
1894| -1,8 400 0
1895| -1,8 400 0
1896| -1,8 400 0
1897| -1,8 400 0
1898| -1,8 400 0
1899| -1,8 400 0
1900| -1,8 400 0
1901| -1,8 400 0
1902| -1,8 400 0
1903| -1,8 400 0
1904| -1,8 400 0
1905| -1,8 400 0
1906| -1,8 400 0
1907| -1,8 400 0
1908| -1,8 400 0
1909| -1,8 400 0
1910| -1,8 400 0
1911| -1,8 400 0
1912| -1,8 400 0
1913| -1,8 400 0
1914| 0 400 0
1915| 0,3 400 0
1916| 0,6 400 0
1917| 0,6 400 0
1918| 0,6 400 0
1919| 0,6 400 0
1920| 0,6 400 0
1921| 0,6 400 0
1922| 0,6 400 0
1923| 0,6 400 0
1924| 0,6 400 0
1925| 0,6 400 0
1926| 0,6 400 0
1927| 0,6 400 0
1928| 0,9 400 0
1929| 1,2 400 0
1930| 1,5 400 0
1931| 1,8 400 0
1932| 1,8 400 0
1933| 1,8 400 0
1934| 1,8 400 0
1935| 1,8 400 0
1936| 1,8 400 0
1937| 1,8 400 0
1938| 1,8 400 0
1939| 1,8 400 0
1940| 1,8 400 0
1941| 1,8 400 0
1942| 1,8 400 0
1943| 1,8 400 0
1944| 1,8 400 0
1945| 1,8 400 0
1946| 1,8 400 0
1947| 1,8 400 0
1948| 1,8 400 0
1949| 1,8 400 0
1950| 1,8 400 0
1951| 1,8 400 0
1952| 1,8 400 0
1953| 1,8 400 0
1954| 1,8 400 0
1955| 1,8 400 0
1956| 1,8 400 0
1957| 1,8 400 0
1958| 1,8 400 0
1959| 1,8 400 0
1960| 1,8 400 0
1961| 1,8 400 0
1962| 1,8 400 0
1963| 1,8 400 0
1964| 1,8 400 0
1965| 1,8 400 0
1966| 1,8 400 0
1967| 1,8 400 0
1968| 1,8 400 0
1969| 1,8 400 0
1970| 1,8 400 0
1971| 1,8 400 0
1972| 0 400 0
1973| -0,3 400 0
1974| -0,3 400 0
1975| -0,3 400 0
1976| -0,3 400 0
1977| -0,3 400 0
1978| -0,3 400 0
1979| -0,3 400 0
1980| -0,3 400 0
1981| -0,3 400 0
1982| -0,3 400 0
1983| -0,3 400 0
1984| -0,3 400 0
1985| -0,3 400 0
1986| -0,3 400 0
1987| -0,3 400 0
1988| -0,3 400 0
1989| -0,3 400 0
1990| -0,3 400 0
1991| -0,3 400 0
1992| -0,3 400 0
1993| -0,3 400 0
1994| -0,3 400 0
1995| -0,3 400 0
1996| -0,3 400 0
1997| -0,3 400 0
1998| -0,3 400 0
1999| -0,3 400 0
2000| -0,3 400 0
2001| -0,3 400 0
2002| -0,3 400 0
2003| -0,3 400 0
2004| -0,3 400 0
2005| -0,3 400 0
2006| -0,3 400 0
2007| -0,3 400 0
2008| -0,3 400 0
2009| -0,3 400 0
2010| -0,3 400 0
2011| -0,3 400 0
2012| -0,3 400 0
2013| -0,3 400 0
2014| -0,3 400 0
2015| -0,3 400 0
2016| -0,3 400 0
2017| -0,3 400 0
2018| -0,3 400 0
2019| -0,3 400 0
2020| -0,3 400 0
2021| -0,3 400 0
2022| -0,3 400 0
2023| -0,3 400 0
2024| -0,3 400 0
2025| -0,3 400 0
2026| -0,3 400 0
2027| -0,3 400 0
2028| -0,3 400 0
2029| -0,3 400 0
2030| -0,3 400 0
2031| -0,3 400 0
2032| -0,3 400 0
2033| -0,3 400 0
2034| -0,3 400 0
2035| -0,3 400 0
2036| -0,3 400 0
2037| -0,3 400 0
2038| -0,3 400 0
2039| -0,3 400 0
2040| -0,3 400 0
2041| -0,3 400 0
2042| -0,3 400 0
2043| -0,3 400 0
2044| -0,3 400 0
2045| -0,3 400 0
2046| -0,3 400 0
2047| -0,3 400 0
2048| -0,3 400 0
2049| -0,3 400 0
2050| -0,3 400 0
2051| -0,3 400 0
2052| -0,3 400 0
2053| -0,3 400 0
2054| -0,3 400 0
2055| -0,3 400 0
2056| -0,3 400 0
2057| -0,3 400 0
2058| -0,3 400 0
2059| -0,3 400 0
2060| -0,3 400 0
2061| -0,3 400 0
2062| -0,3 400 0
2063| -0,3 400 0
2064| -0,3 400 0
2065| -0,3 400 0
2066| -0,3 400 0
2067| -0,3 400 0
2068| -0,3 400 0
2069| -0,3 400 0
2070| -0,3 400 0
2071| -0,3 400 0
2072| -0,3 400 0
2073| -0,3 400 0
2074| -0,3 400 0
2075| -0,3 400 0
2076| -0,3 400 0
2077| -0,3 400 0
2078| -0,3 400 0
2079| -0,3 400 0
2080| -0,3 400 0
2081| -0,3 400 0
2082| -0,3 400 0
2083| -0,3 400 0
2084| -0,3 400 0
2085| -0,3 400 0
2086| 0 400 0
2087| 0,3 400 0
2088| 0,3 400 0
2089| 0,3 400 0
2090| 0,3 400 0
2091| 0,3 400 0
2092| 0,3 400 0
2093| 0,3 400 0
2094| 0,3 400 0
2095| 0,3 400 0
2096| 0,3 400 0
2097| 0,3 400 0
2098| 0,3 400 0
2099| 0,3 400 0
2100| 0,3 400 0
2101| 0,3 400 0
2102| 0,3 400 0
2103| 0,3 400 0
2104| 0,3 400 0
2105| 0,3 400 0
2106| 0,3 400 0
2107| 0,3 400 0
2108| 0,3 400 0
2109| 0,3 400 0
2110| 0,3 400 0
2111| 0,3 400 0
2112| 0,3 400 0
2113| 0,3 400 0
2114| 0,3 400 0
2115| 0,3 400 0
2116| 0,3 400 0
2117| 0,3 400 0
2118| 0,3 400 0
2119| 0,3 400 0
2120| 0,3 400 0
2121| 0,3 400 0
2122| 0,3 400 0
2123| 0,3 400 0
2124| 0,3 400 0
2125| 0,3 400 0
2126| 0,3 400 0
2127| 0,3 400 0
2128| 0,3 400 0
2129| 0,3 400 0
2130| 0,3 400 0
2131| 0,3 400 0
2132| 0,3 400 0
2133| 0,3 400 0
2134| 0,3 400 0
2135| 0,3 400 0
2136| 0,3 400 0
2137| 0,3 400 0
2138| 0,3 400 0
2139| 0,3 400 0
2140| 0,3 400 0
2141| 0,3 400 0
2142| 0,3 400 0
2143| 0,3 400 0
2144| 0,3 400 0
2145| 0,3 400 0
2146| 0,3 400 0
2147| 0,3 400 0
2148| 0,3 400 0
2149| 0,3 400 0
2150| 0,3 400 0
2151| 0,3 400 0
2152| 0,3 400 0
2153| 0,3 400 0
2154| 0,3 400 0
2155| 0,3 400 0
2156| 0,3 400 0
2157| 0,3 400 0
2158| 0,3 400 0
2159| 0,3 400 0
2160| 0,3 400 0
2161| 0,3 400 0
2162| 0,3 400 0
2163| 0,3 400 0
2164| 0,3 400 0
2165| 0,3 400 0
2166| 0,3 400 0
2167| 0,3 400 0
2168| 0,3 400 0
2169| 0,3 400 0
2170| 0,3 400 0
2171| 0,3 400 0
2172| 0,3 400 0
2173| 0,3 400 0
2174| 0,3 400 0
2175| 0,3 400 0
2176| 0,3 400 0
2177| 0,3 400 0
2178| 0,3 400 0
2179| 0,3 400 0
2180| 0,3 400 0
2181| 0,3 400 0
2182| 0,3 400 0
2183| 0,3 400 0
2184| 0,3 400 0
2185| 0,3 400 0
2186| 0,3 400 0
2187| 0,3 400 0
2188| 0,3 400 0
2189| 0,3 400 0
2190| 0,3 400 0
2191| 0,3 400 0
2192| 0,3 400 0
2193| 0,3 400 0
2194| 0,3 400 0
2195| 0,3 400 0
2196| 0,3 400 0
2197| 0,3 400 0
2198| 0,3 400 0
2199| 0,3 400 0
2200| 0,3 400 0
2201| 0,3 400 0
2202| 0,3 400 0
2203| 0,3 400 0
2204| 0,3 400 0
2205| 0,3 400 0
2206| 0,3 400 0
2207| 0,3 400 0
2208| 0,3 400 0
2209| 0,3 400 0
2210| 0,3 400 0
2211| 0,3 400 0
2212| 0,3 400 0
2213| 0,3 400 0
2214| 0,3 400 0
2215| 0,3 400 0
2216| 0,3 400 0
2217| 0,3 400 0
2218| 0,3 400 0
2219| 0,3 400 0
2220| 0,3 400 0
2221| 0,3 400 0
2222| 0,3 400 0
2223| 0,3 400 0
2224| 0,3 400 0
2225| 0,3 400 0
2226| 0,3 400 0
2227| 0,3 400 0
2228| 0,3 400 0
2229| 0,3 400 0
2230| 0,3 400 0
2231| 0,3 400 0
2232| 0,3 400 0
2233| 0,3 400 0
2234| 0,3 400 0
2235| 0,3 400 0
2236| 0,3 400 0
2237| 0,3 400 0
2238| 0,3 400 0
2239| 0,3 400 0
2240| 0,3 400 0
2241| 0,3 400 0
2242| 0,3 400 0
2243| 0,3 400 0
2244| 0,3 400 0
2245| 0,3 400 0
2246| 0,3 400 0
2247| 0,3 400 0
2248| 0,3 400 0
2249| 0,3 400 0
2250| 0,3 400 0
2251| 0,3 400 0
2252| 0,3 400 0
2253| 0,3 400 0
2254| 0,3 400 0
2255| 0,3 400 0
2256| 0,3 400 0
2257| 0,3 400 0
2258| 0,3 400 0
2259| 0,3 400 0
2260| 0,3 400 0
2261| 0,3 400 0
2262| 0,3 400 0
2263| 0,3 400 0
2264| 0,3 400 0
2265| 0,3 400 0
2266| 0,3 400 0
2267| 0,3 400 0
2268| 0,3 400 0
2269| 0,3 400 0
2270| 0,3 400 0
2271| 0,3 400 0
2272| 0,3 400 0
2273| 0,3 400 0
2274| 0,3 400 0
2275| 0,3 400 0
2276| 0,3 400 0
2277| 0,3 400 0
2278| 0,3 400 0
2279| 0,3 400 0
2280| 0,3 400 0
2281| 0,3 400 0
2282| 0,3 400 0
2283| 0,3 400 0
2284| 0,3 400 0
2285| 0,3 400 0
2286| 0,3 400 0
2287| 0,3 400 0
2288| 0,3 400 0
2289| 0,3 400 0
2290| 0,3 400 0
2291| 0,3 400 0
2292| 0,3 400 0
2293| 0,3 400 0
2294| 0,3 400 0
2295| 0,3 400 0
2296| 0,3 400 0
2297| 0 400 0
2298| -0,3 400 0
2299| -0,6 400 0
2300| -0,9 400 0
2301| -1,2 400 0
2302| -1,2 400 0
2303| -1,2 400 0
2304| -1,2 400 0
2305| -1,2 400 0
2306| -1,2 400 0
2307| -1,2 400 0
2308| -1,2 400 0
2309| -1,2 400 0
2310| -1,2 400 0
2311| -1,2 400 0
2312| -1,2 400 0
2313| -1,2 400 0
2314| -1,2 400 0
2315| -1,2 400 0
2316| -1,2 400 0
2317| -1,2 400 0
2318| -1,2 400 0
2319| -1,2 400 0
2320| -1,2 400 0
2321| -1,2 400 0
2322| -1,2 400 0
2323| -1,2 400 0
2324| -1,2 400 0
2325| -1,2 400 0
2326| -1,2 400 0
2327| -1,2 400 0
2328| -1,2 400 0
2329| -1,2 400 0
2330| -1,2 400 0
2331| -1,2 400 0
2332| -1,2 400 0
2333| -1,2 400 0
2334| -1,2 400 0
2335| -1,2 400 0
2336| -1,2 400 0
2337| -1,2 400 0
2338| -1,2 400 0
2339| -1,2 400 0
2340| -1,2 400 0
2341| -1,2 400 0
2342| -1,2 400 0
2343| -1,2 400 0
2344| -1,2 400 0
2345| -1,2 400 0
2346| -1,2 400 0
2347| -1,2 400 0
2348| -1,2 400 0
2349| -1,2 400 0
2350| 0 400 0
2351| 0,3 400 0
2352| 0,3 400 0
2353| 0,3 400 0
2354| 0,3 400 0
2355| 0,3 400 0
2356| 0,3 400 0
2357| 0,3 400 0
2358| 0,3 400 0
2359| 0,3 400 0
2360| 0,3 400 0
2361| 0,3 400 0
2362| 0,3 400 0
2363| 0,3 400 0
2364| 0,3 400 0
2365| 0,3 400 0
2366| 0,3 400 0
2367| 0,3 400 0
2368| 0,3 400 0
2369| 0,3 400 0
2370| 0,3 400 0
2371| 0,3 400 0
2372| 0,3 400 0
2373| 0,3 400 0
2374| 0,3 400 0
2375| 0,3 400 0
2376| 0,3 400 0
2377| 0,3 400 0
2378| 0,3 400 0
2379| 0,3 400 0
2380| 0,3 400 0
2381| 0,3 400 0
2382| 0,3 400 0
2383| 0,3 400 0
2384| 0,3 400 0
2385| 0,3 400 0
2386| 0,3 400 0
2387| 0,3 400 0
2388| 0,3 400 0
2389| 0,3 400 0
2390| 0,3 400 0
2391| 0,3 400 0
2392| 0 400 0
2393| 0 400 0
2394| 0 400 0
2395| 0 400 0
2396| 0 400 0
2397| 0 400 0
2398| 0 400 0
2399| 0 400 0
2400| 0 400 0
2401| 0 400 0
2402| 0 400 0
2403| 0 400 0
2404| 0 400 0
2405| 0 400 0
2406| 0 400 0
2407| 0 400 0
2408| 0 400 0
2409| 0 400 0
2410| 0 400 0
2411| 0 400 0
2412| 0 400 0
2413| 0 400 0
2414| 0 400 0
2415| 0 400 0
2416| 0 400 0
2417| 0 400 0
2418| 0 400 0
2419| 0 400 0
2420| 0 400 0
2421| 0 400 0
2422| 0 400 0
2423| 0 400 0
2424| 0 400 0
2425| 0 400 0
2426| 0 400 0
2427| 0 400 0
2428| 0 400 0
2429| 0 400 0
2430| 0 400 0
2431| 0 400 0
2432| 0 400 0
2433| 0 400 0
2434| 0 400 0
2435| 0 400 0
2436| 0 400 0
2437| 0 400 0
2438| 0 400 0
2439| 0 400 0
2440| 0 400 0
2441| 0 400 0
2442| 0 400 0
2443| 0 400 0
2444| 0 400 0
2445| 0 400 0
2446| 0 400 0
2447| 0 400 0
2448| 0 400 0
2449| 0 400 0
2450| 0 400 0
2451| 0 400 0
2452| 0 400 0
2453| 0 400 0
2454| 0 400 0
2455| 0 400 0
2456| 0 400 0
2457| 0 400 0
2458| 0 400 0
2459| 0 400 0
2460| 0 400 0
2461| 0 400 0
2462| 0 400 0
2463| 0 400 0
2464| 0 400 0
2465| 0 400 0
2466| 0 400 0
2467| 0 400 0
2468| 0 400 0
2469| 0 400 0
2470| 0 400 0
2471| 0 400 0
2472| 0 400 0
2473| 0 400 0
2474| 0 400 0
2475| 0 400 0
2476| 0 400 0
2477| 0 400 0
2478| 0 400 0
2479| 0 400 0
2480| 0 400 0
2481| 0 400 0
2482| 0 400 0
2483| 0 400 0
2484| 0 400 0
2485| 0 400 0
2486| 0 400 0
2487| 0 400 0
2488| 0 400 0
2489| 0 400 0
2490| 0 400 0
2491| 0 400 0
2492| 0 400 0
2493| 0 400 0
2494| 0 400 0
2495| 0 400 0
2496| 0 400 0
2497| 0 400 0
2498| 0 400 0
2499| 0 400 0
2500| 0 400 0
2501| 0 400 0
2502| 0 400 0
2503| 0 400 0
2504| 0 400 0
2505| 0 400 0
2506| 0 400 0
2507| 0 400 0
2508| 0 400 0
2509| 0 400 0
2510| 0 400 0
2511| 0 400 0
2512| 0 400 0
2513| 0 400 0
2514| 0 400 0
2515| 0 400 0
2516| 0 400 0
2517| 0 400 0
2518| 0 400 0
2519| 0 400 0
2520| 0 400 0
2521| 0 400 0
2522| 0 400 0
2523| 0 400 0
2524| 0 400 0
2525| 0 400 0
2526| 0 400 0
2527| 0 400 0
2528| 0 400 0
2529| 0 400 0
2530| 0 400 0
2531| -0,3 400 0
2532| -0,6 400 0
2533| -0,9 400 0
2534| -1,2 400 0
2535| -1,5 400 0
2536| -1,8 400 0
2537| -1,8 400 0
2538| -1,8 400 0
2539| -1,8 400 0
2540| -1,8 400 0
2541| -1,8 400 0
2542| -1,8 400 0
2543| -1,8 400 0
2544| -1,8 400 0
2545| -1,8 400 0
2546| -1,8 400 0
2547| -1,8 400 0
2548| -1,8 400 0
2549| -1,8 400 0
2550| -1,8 400 0
2551| -1,8 400 0
2552| -1,8 400 0
2553| -1,8 400 0
2554| -1,8 400 0
2555| -1,8 400 0
2556| -1,8 400 0
2557| -1,8 400 0
2558| -1,8 400 0
2559| -1,8 400 0
2560| -1,8 400 0
2561| -1,8 400 0
2562| -1,8 400 0
2563| -1,8 400 0
2564| -1,8 400 0
2565| -1,8 400 0
2566| -1,8 400 0
2567| -1,8 400 0
2568| -1,8 400 0
2569| -1,8 400 0
2570| -1,8 400 0
2571| -1,8 400 0
2572| -1,8 400 0
2573| -1,8 400 0
2574| -1,8 400 0
2575| -1,8 400 0
2576| -1,8 400 0
2577| -1,8 400 0
2578| 0 400 0
2579| 0,3 400 0
2580| 0,3 400 0
2581| 0,3 400 0
2582| 0,3 400 0
2583| 0,3 400 0
2584| 0,3 400 0
2585| 0,3 400 0
2586| 0,3 400 0
2587| 0,3 400 0
2588| 0,3 400 0
2589| 0,3 400 0
2590| 0,3 400 0
2591| 0,3 400 0
2592| 0,3 400 0
2593| 0,3 400 0
2594| 0,3 400 0
2595| 0,3 400 0
2596| 0,3 400 0
2597| 0,3 400 0
2598| 0,3 400 0
2599| 0,3 400 0
2600| 0,3 400 0
2601| 0,3 400 0
2602| 0,3 400 0
2603| 0,3 400 0
2604| 0,3 400 0
2605| 0,3 400 0
2606| 0,3 400 0
2607| 0,3 400 0
2608| 0,3 400 0
2609| 0,3 400 0
2610| 0,3 400 0
2611| 0,3 400 0
2612| 0,3 400 0
2613| 0,3 400 0
2614| 0,3 400 0
2615| 0,3 400 0
2616| 0,3 400 0
2617| 0,3 400 0
2618| 0,3 400 0
2619| 0,3 400 0
2620| 0,3 400 0
2621| 0,3 400 0
2622| 0,3 400 0
2623| 0,3 400 0
2624| 0,3 400 0
2625| 0,3 400 0
2626| 0,3 400 0
2627| 0,3 400 0
2628| 0,3 400 0
2629| 0,3 400 0
2630| 0,3 400 0
2631| 0,3 400 0
2632| 0,3 400 0
2633| 0,3 400 0
2634| 0,3 400 0
2635| 0,3 400 0
2636| 0,3 400 0
2637| 0,3 400 0
2638| 0,3 400 0
2639| 0,3 400 0
2640| 0,3 400 0
2641| 0,3 400 0
2642| 0,3 400 0
2643| 0,3 400 0
2644| 0,3 400 0
2645| 0,3 400 0
2646| 0,3 400 0
2647| 0,3 400 0
2648| 0,3 400 0
2649| 0,3 400 0
2650| 0,3 400 0
2651| 0,3 400 0
2652| 0,3 400 0
2653| 0,3 400 0
2654| 0,3 400 0
2655| 0,3 400 0
2656| 0,3 400 0
2657| 0,3 400 0
2658| 0,3 400 0
2659| 0,3 400 0
2660| 0,3 400 0
2661| 0,3 400 0
2662| 0,3 400 0
2663| 0,3 400 0
2664| 0,3 400 0
2665| 0,3 400 0
2666| 0,3 400 0
2667| 0,3 400 0
2668| 0,3 400 0
2669| 0,3 400 0
2670| 0,3 400 0
2671| 0,3 400 0
2672| 0,3 400 0
2673| 0,3 400 0
2674| 0,3 400 0
2675| 0,3 400 0
2676| 0,3 400 0
2677| 0,3 400 0
2678| 0,3 400 0
2679| 0,3 400 0
2680| 0,3 400 0
2681| 0,3 400 0
2682| 0,3 400 0
2683| 0,3 400 0
2684| 0 400 0
2685| -0,3 400 0
2686| -0,6 400 0
2687| -0,6 400 0
2688| -0,6 400 0
2689| -0,6 400 0
2690| -0,6 400 0
2691| -0,6 400 0
2692| -0,6 400 0
2693| -0,6 400 0
2694| -0,6 400 0
2695| -0,6 400 0
2696| -0,6 400 0
2697| -0,6 400 0
2698| -0,6 400 0
2699| -0,6 400 0
2700| -0,6 400 0
2701| -0,6 400 0
2702| -0,6 400 0
2703| -0,6 400 0
2704| -0,6 400 0
2705| -0,6 400 0
2706| -0,6 400 0
2707| -0,6 400 0
2708| -0,6 400 0
2709| -0,6 400 0
2710| -0,6 400 0
2711| -0,6 400 0
2712| -0,6 400 0
2713| -0,6 400 0
2714| -0,6 400 0
2715| -0,6 400 0
2716| -0,6 400 0
2717| -0,6 400 0
2718| -0,6 400 0
2719| -0,6 400 0
2720| -0,6 400 0
2721| -0,6 400 0
2722| -0,6 400 0
2723| -0,6 400 0
2724| -0,6 400 0
2725| -0,6 400 0
2726| -0,6 400 0
2727| -0,6 400 0
2728| -0,6 400 0
2729| -0,6 400 0
2730| -0,6 400 0
2731| -0,6 400 0
2732| -0,6 400 0
2733| -0,6 400 0
2734| -0,6 400 0
2735| -0,6 400 0
2736| -0,6 400 0
2737| -0,6 400 0
2738| -0,6 400 0
2739| -0,6 400 0
2740| -0,6 400 0
2741| -0,6 400 0
2742| -0,6 400 0
2743| -0,6 400 0
2744| -0,6 400 0
2745| -0,6 400 0
2746| -0,6 400 0
2747| -0,6 400 0
2748| -0,6 400 0
2749| -0,6 400 0
2750| -0,6 400 0
2751| -0,6 400 0
2752| -0,6 400 0
2753| -0,6 400 0
2754| -0,6 400 0
2755| -0,6 400 0
2756| -0,6 400 0
2757| -0,6 400 0
2758| -0,6 400 0
2759| -0,6 400 0
2760| -0,6 400 0
2761| -0,6 400 0
2762| -0,6 400 0
2763| -0,6 400 0
2764| -0,6 400 0
2765| -0,6 400 0
2766| -0,6 400 0
2767| -0,6 400 0
2768| -0,6 400 0
2769| -0,6 400 0
2770| -0,6 400 0
2771| -0,6 400 0
2772| -0,6 400 0
2773| -0,6 400 0
2774| -0,6 400 0
2775| -0,6 400 0
2776| -0,6 400 0
2777| -0,6 400 0
2778| -0,6 400 0
2779| -0,6 400 0
2780| -0,6 400 0
2781| -0,6 400 0
2782| -0,6 400 0
2783| -0,6 400 0
2784| -0,6 400 0
2785| -0,6 400 0
2786| -0,6 400 0
2787| -0,6 400 0
2788| -0,6 400 0
2789| -0,6 400 0
2790| -0,6 400 0
2791| -0,6 400 0
2792| -0,6 400 0
2793| -0,6 400 0
2794| -0,6 400 0
2795| -0,6 400 0
2796| -0,6 400 0
2797| -0,6 400 0
2798| -0,6 400 0
2799| -0,6 400 0
2800| -0,6 400 0
2801| -0,6 400 0
2802| -0,6 400 0
2803| -0,6 400 0
2804| -0,6 400 0
2805| -0,6 400 0
2806| -0,6 400 0
2807| -0,6 400 0
2808| -0,6 400 0
2809| -0,6 400 0
2810| -0,6 400 0
2811| -0,6 400 0
2812| -0,6 400 0
2813| -0,6 400 0
2814| -0,6 400 0
2815| -0,6 400 0
2816| -0,6 400 0
2817| -0,6 400 0
2818| -0,6 400 0
2819| 0 0 0
2820| 0 0 0
2821| 0 0 0
2822| 0 0 0
2823| 0 0 0
2824| 0 0 0
2825| 0 0 0
2826| 0 0 0
2827| 0 0 0
2828| 0 0 0
2829| 0 0 0
2830| 0 0 0
2831| 0 0 0
2832| 0 0 0
2833| 0 0 0
2834| 0 0 0
2835| 0 0 0
2836| 0 0 0
2837| 0 0 0
2838| 0 0 0
2839| 0 0 0
2840| 0 0 0
2841| 0 0 0
2842| 0 0 0
2843| 0 0 0
2844| 0 -4 0
2845| 0 -8 0
2846| 0 -12 0
2847| 0 -16 0
2848| 0 -20 0
2849| 0 -24 0
2850| 0 -28 0
2851| 0 -32 0
2852| 0 -36 0
2853| 0 -40 0
2854| 0 -43,99999 0
2855| 0 -47,99999 0
2856| 0 -51,99999 0
2857| 0 -55,99999 0
2858| 0 -60 0
2859| 0 -64 0
2860| 0 -68 0
2861| 0 -72 0
2862| 0 -76,00001 0
2863| 0 -80,00001 0
2864| 0 -84,00001 0
2865| 0 -88,00002 0
2866| 0 -92,00002 0
2867| 0 -96,00002 0
2868| 0 -100 0
2869| 0 -104 0
2870| 0 -108 0
2871| 0 -112 0
2872| 0 -116 0
2873| 0 -120 0
2874| 0 -124 0
2875| 0 -128 0
2876| 0 -132 0
2877| 0 -136 0
2878| 0 -140 0
2879| 0 -144 0
2880| 0 -148 0
2881| 0 -152 0
2882| 0 -156 0
2883| 0 -160 0
2884| 0 -164 0
2885| 0 -168 0
2886| 0 -171,9999 0
2887| 0 -175,9999 0
2888| 0 -179,9999 0
2889| 0 -183,9999 0
2890| 0 -187,9999 0
2891| 0 -191,9999 0
2892| 0 -195,9999 0
2893| 0 -199,9999 0
2894| 0 -203,9999 30000
2895| 0 -207,9999 30000
2896| 0 -211,9999 30000
2897| 0 -215,9999 30000
2898| 0 -219,9999 30000
2899| 0 -223,9999 30000
2900| 0 -227,9999 30000
2901| 0 -231,9999 30000
2902| 0 -235,9999 30000
2903| 0 -239,9999 30000
2904| 0 -243,9999 30000
2905| 0 -247,9999 30000
2906| 0 -251,9999 30000
2907| 0 -255,9999 30000
2908| 0 -259,9999 30000
2909| 0 -263,9999 30000
2910| 0 -267,9999 30000
2911| 0 -271,9998 30000
2912| 0 -275,9998 30000
2913| 0 -279,9998 30000
2914| 0 -283,9998 30000
2915| 0 -287,9998 30000
2916| 0 -291,9998 30000
2917| 0 -295,9998 30000
2918| 0 -299,9998 30000
2919| 0 -303,9998 30000
2920| 0 -307,9998 30000
2921| 0 -311,9998 30000
2922| 0 -315,9998 30000
2923| 0 -319,9998 30000
2924| 0 -323,9998 30000
2925| 0 -327,9998 30000
2926| 0 -331,9998 30000
2927| 0 -335,9998 30000
2928| 0 -339,9998 30000
2929| 0 -343,9998 30000
2930| 0 -347,9998 30000
2931| 0 -351,9998 30000
2932| 0 -355,9998 30000
2933| 0 -359,9998 30000
2934| 0 -363,9998 30000
2935| 0 -367,9998 30000
2936| 0 -371,9998 30000
2937| 0 -375,9998 30000
2938| 0 -379,9998 30000
2939| 0 -383,9998 30000
2940| 0 -387,9998 30000
2941| 0 -391,9998 30000
2942| 0 -395,9998 30000
2943| 0 -399,9997 30000
2944| 0 -403,9998 30000
2945| 0 -400 30000
2946| 0 -400 30000
2947| 0 -400 30000
2948| 0 -400 30000
2949| 0 -400 30000
2950| 0 -400 30000
2951| 0 -400 30000
2952| 0 -400 30000
2953| 0 -400 30000
2954| 0 -400 30000
2955| 0 -400 30000
2956| 0 -400 30000
2957| 0 -400 30000
2958| 0 -400 30000
2959| 0 -400 30000
2960| 0 -400 30000
2961| 0 -400 30000
2962| 0 -400 30000
2963| 0 -400 30000
2964| 0 -400 30000
2965| 0 -400 30000
2966| 0 -400 30000
2967| 0 -400 30000
2968| 0 -400 30000
2969| 0 -400 30000
2970| 0 -400 30000
2971| 0 -400 30000
2972| 0 0 0
2973| 0 0 0
2974| 0 0 0
2975| 0 0 0
2976| 0 0 0
2977| 0 0 0
2978| 0 0 0
2979| 0 0 0
2980| 0 0 0
2981| 0 0 0
2982| 0 0 0
2983| 0 0 0
2984| 0 0 0
2985| 0 0 0
2986| 0 0 0
2987| 0 0 0
2988| 0 0 0
2989| 0 0 0
2990| 0 0 0
2991| 0 0 0
2992| 0 0 0
2993| 0 0 0
2994| 0 0 0
2995| 0 0 0
2996| 0 0 0
2997| 0 0 0
2998| 0 0 0
2999| 0 0 0
3000| 0 0 0
3001| 0 0 0
3002| 0 0 0
3003| 0 0 0
3004| 0 0 0
3005| 0 0 0
3006| 0 0 0
3007| 0 0 0
3008| 0 0 0
3009| 0 0 0
3010| 0 0 0
3011| 0 0 0
3012| 0 0 0
3013| 0 0 0
3014| 0 0 0
3015| 0 0 0
3016| 0 0 0
3017| 0 0 0
3018| 0 0 0
3019| 0 0 0
3020| 0 0 0
3021| 0 0 0
3022| 0 0 0
3023| 0 0 0
3024| 0 0 0
3025| 0 0 0
3026| 0 0 0
3027| 0 0 0
3028| 0 0 0
3029| 0 0 0
3030| 0 0 0
3031| 0 0 0
3032| 0 0 0
3033| 0 0 0
3034| 0 0 0
3035| 0 0 0
3036| 0 0 0
3037| 0 0 0
3038| 0 0 0
3039| 0 0 0
3040| 0 0 0
3041| 0 0 0
3042| 0 0 0
3043| 0 0 0
3044| 0 0 0
3045| 0 0 0
3046| 0 0 0
3047| 0 0 0
3048| 0 0 0
3049| 0 0 0
3050| 0 0 0
3051| 0 0 0
3052| 0 0 0
3053| 0 0 0
3054| 0 0 0
3055| 0 0 0
3056| 0 0 0
3057| 0 0 0
3058| 0 0 0
3059| 0 0 0
3060| 0 0 0
3061| 0 0 0
3062| 0 0 0
3063| 0 0 0
3064| 0 0 0
3065| 0 0 0
3066| 0 0 0
3067| 0 0 0
3068| 0 0 0
3069| 0 0 0
3070| 0 0 0
3071| 0 0 0
3072| 0 0 0
3073| 0 0 0
3074| 0 0 0
3075| 0 0 0
3076| 0 0 0
3077| 0 0 0
3078| 0 0 0
3079| 0 0 0
3080| 0 0 0
3081| 0 0 0
3082| 0 0 0
3083| 0 0 0
3084| 0 0 0
3085| 0 0 0
3086| 0 0 0
3087| 0 0 0
3088| 0 0 0
3089| 0 0 0
3090| 0 0 0
3091| 0 0 0
3092| 0 0 0
3093| 0 0 0
3094| 0 0 0
3095| 0 0 0
3096| 0 0 0
3097| 0 0 0
3098| 0 0 0
3099| 0 0 0
3100| 0 0 0
3101| 0 0 0
3102| 0 0 0
3103| 0 0 0
3104| 0 0 0
3105| 0 0 0
3106| 0 0 0
3107| 0 0 0
3108| 0 0 0
3109| 0 0 0
3110| 0 0 0
3111| 0 0 0
3112| 0 0 0
3113| 0 0 0
3114| 0 0 0
3115| 0 0 0
3116| 0 0 0
3117| 0 0 0
3118| 0 0 0
3119| 0 0 0
3120| 0 0 0
3121| 0 0 0
3122| 0 0 0
3123| 0 0 0
3124| 0 0 0
3125| 0 0 0
3126| 0 0 0
3127| 0 0 0
3128| 0 0 0
3129| 0 0 0
3130| 0 0 0
3131| 0 0 0
3132| 0 0 0
3133| 0 0 0
3134| 0 0 0
3135| 0 0 0
3136| 0 0 0
3137| 0 0 0
3138| 0 0 0
3139| 0 0 0
3140| 0 0 0
3141| 0 0 0
3142| 0 0 0
3143| 0 0 0
3144| 0 0 0
3145| 0 0 0
3146| 0 0 0
3147| 0 0 0
3148| 0 0 0
3149| 0 0 0
3150| 0 0 0
3151| 0 0 0
3152| 0 0 0
3153| 0 0 0
3154| 0 0 0
3155| 0 0 0
3156| 0 0 0
3157| 0 0 0
3158| 0 0 0
3159| 0 0 0
3160| 0 0 0
3161| 0 0 0
3162| 0 0 0
3163| 0 0 0
3164| 0 0 0
3165| 0 0 0
3166| 0 0 0
3167| 0 0 0
3168| 0 0 0
3169| 0 0 0
3170| 0 0 0
3171| 0 0 0
3172| 0 0 0
3173| 0 0 0
3174| 0 0 0
3175| 0 0 0
3176| 0 0 0
3177| 0 0 0
3178| 0 0 0
3179| 0 0 0
3180| 0 0 0
3181| 0 0 0
3182| 0 0 0
3183| 0 0 0
3184| 0 0 0
3185| 0 0 0
3186| 0 0 0
3187| 0 0 0
3188| 0 0 0
3189| 0 0 0
3190| 0 0 0
3191| 0 0 0
3192| 0 0 0
3193| 0 0 0
3194| 0 0 0
3195| 0 0 0
3196| 0 0 0
3197| 0 0 0
3198| 0 0 0
3199| 0 0 0
3200| 0 0 0
3201| 0 0 0
3202| 0 0 0
3203| 0 0 0
3204| 0 0 0
3205| 0 0 0
3206| 0 0 0

