1| 0 0 0
2| 0 0 0
3| 0 0 0
4| 0 0 0
5| 0 0 0
6| 0 0 0
7| 0 0 0
8| 0 0 0
9| 0 0 0
10| 0 0 0
11| 0 0 0
12| 0 0 0
13| 0 0 0
14| 0 0 0
15| 0 0 0
16| 0 0 0
17| 0 0 0
18| 0 0 0
19| 0 0 0
20| 0 0 0
21| 0 0 0
22| 0 0 0
23| 0 0 0
24| 0 0 0
25| 0 0 0
26| 0 0 0
27| 0 0 0
28| 0 0 0
29| 0 0 0
30| 0 0 0
31| 0 0 0
32| 0 0 0
33| 0 0 0
34| 0 0 0
35| 0 0 0
36| 0 0 0
37| 0 0 0
38| 0 0 0
39| 0 0 0
40| 0 0 0
41| 0 0 0
42| 0 0 0
43| 0 0 0
44| 0 0 0
45| 0 0 0
46| 0 0 0
47| 0 0 0
48| 0 0 0
49| 0 0 0
50| 0 0 0
51| 0 0 0
52| 0 0 0
53| 0 0 0
54| 0 0 0
55| 0 0 0
56| 0 0 0
57| 0 0 0
58| 0 0 0
59| 0 0 0
60| 0 0 0
61| 0 0 0
62| 0 0 0
63| 0 0 0
64| 0 0 0
65| 0 0 0
66| 0 0 0
67| 0 0 0
68| 0 0 0
69| 0 0 0
70| 0 0 0
71| 0 0 0
72| 0 0 0
73| 0 0 0
74| 0 0 0
75| 0 0 0
76| 0 0 0
77| 0 0 0
78| 0 0 0
79| 0 0 0
80| 0 0 0
81| 0 0 0
82| 0 0 0
83| 0 0 0
84| 0 0 0
85| 0 0 0
86| 0 0 0
87| 0 0 0
88| 0 0 0
89| 0 0 0
90| 0 0 0
91| 0 0 0
92| 0 0 0
93| 0 0 0
94| 0 0 0
95| 0 0 0
96| 0 0 0
97| 0 0 0
98| 0 0 0
99| 0 0 0
100| 0 0 0
101| 0 0 0
102| 0 0 0
103| 0 0 0
104| 0 0 0
105| 0 0 0
106| 0 0 0
107| 0 0 0
108| 0 0 0
109| 0 0 0
110| 0 0 0
111| 0 0 0
112| 0 0 0
113| 0 0 0
114| 0 0 0
115| 0 0 0
116| 0 0 0
117| 0 0 0
118| 0 0 0
119| 0 0 0
120| 0 0 0
121| 0 0 0
122| 0 0 0
123| 0 0 0
124| 0 0 0
125| 0 0 0
126| 0 0 0
127| 0 0 0
128| 0 0 0
129| 0 0 0
130| 0 0 0
131| 0 0 0
132| 0 0 0
133| 0 0 0
134| 0 0 0
135| 0 0 0
136| 0 0 0
137| 0 0 0
138| 0 0 0
139| 0 0 0
140| 0 0 0
141| 0 0 0
142| 0 0 0
143| 0 0 0
144| 0 0 0
145| 0 0 0
146| 0 0 0
147| 0 0 0
148| 0 0 0
149| 0 0 0
150| 0 0 0
151| 0 0 0
152| 0 0 0
153| 0 0 0
154| 0 0 0
155| 0 0 0
156| 0 0 0
157| 0 0 0
158| 0 0 0
159| 0 0 0
160| 0 0 0
161| 0 0 0
162| 0 0 0
163| 0 0 0
164| 0 0 0
165| 0 0 0
166| 0 0 0
167| 0 0 0
168| 0 0 0
169| 0 0 0
170| 0 0 0
171| 0 0 0
172| 0 0 0
173| 0 0 0
174| 0 0 0
175| 0 0 0
176| 0 0 0
177| 0 0 0
178| 0 0 0
179| 0 0 0
180| 0 0 0
181| 0 0 0
182| 0 0 0
183| 0 0 0
184| 0 0 0
185| 0 0 0
186| 0 0 0
187| 0 0 0
188| 0 0 0
189| 0 0 0
190| 0 0 0
191| 0 0 0
192| 0 0 0
193| 0 4 0
194| 0 8 0
195| 0 12 0
196| 0 16 0
197| 0 20 0
198| 0 24 0
199| 0 28 0
200| 0 32 0
201| 0 36 0
202| 0 40 0
203| 0 43,99999 0
204| 0 47,99999 0
205| 0 51,99999 0
206| 0 55,99999 0
207| 0 60 0
208| 0 64 0
209| 0 68 0
210| 0 72 0
211| 0 76,00001 0
212| 0 80,00001 0
213| 0 84,00001 0
214| 0 88,00002 0
215| 0 92,00002 0
216| 0 96,00002 0
217| 0 100 0
218| 0 104 0
219| 0 108 0
220| 0 112 0
221| 0 116 0
222| 0 120 0
223| 0 124 0
224| 0 128 0
225| 0 132 0
226| 0 136 0
227| 0 140 0
228| 0 144 0
229| 0 148 0
230| 0 152 0
231| 0 156 0
232| 0 160 0
233| 0 164 0
234| 0 168 0
235| 0 171,9999 0
236| 0 175,9999 0
237| 0 179,9999 0
238| 0 183,9999 0
239| 0 187,9999 0
240| 0 191,9999 0
241| 0 195,9999 0
242| 0 199,9999 0
243| 0 203,9999 0
244| 0 207,9999 0
245| 0 211,9999 0
246| 0 215,9999 0
247| 0 219,9999 0
248| 0 223,9999 0
249| 0 227,9999 0
250| 0 231,9999 0
251| 0 235,9999 0
252| 0 239,9999 0
253| 0 243,9999 0
254| 0 247,9999 0
255| 0 251,9999 0
256| 0 255,9999 0
257| 0 259,9999 0
258| 0 263,9999 0
259| 0 267,9999 0
260| 0 271,9998 0
261| 0 275,9998 0
262| 0 279,9998 0
263| 0 283,9998 0
264| 0 287,9998 0
265| 0 291,9998 0
266| 0 295,9998 0
267| 0 299,9998 0
268| 0 303,9998 0
269| 0 307,9998 0
270| 0 311,9998 0
271| 0 315,9998 0
272| 0 319,9998 0
273| 0 323,9998 0
274| 0 327,9998 0
275| 0 331,9998 0
276| 0 335,9998 0
277| 0 339,9998 0
278| 0 343,9998 0
279| 0 347,9998 0
280| 0 351,9998 0
281| 0 355,9998 0
282| 0 359,9998 0
283| 0 363,9998 0
284| 0 367,9998 0
285| 0 371,9998 0
286| 0 375,9998 0
287| 0 379,9998 0
288| 0 383,9998 0
289| 0 387,9998 0
290| 0 391,9998 0
291| 0 395,9998 0
292| 0 399,9997 0
293| 0 400 0
294| 0 400 0
295| 0 400 0
296| 0 400 0
297| 0 400 0
298| 0 400 0
299| 0 400 0
300| 0 400 0
301| 0 400 0
302| 0 400 0
303| 0 400 0
304| 0 400 0
305| 0 400 0
306| 0 400 0
307| 0 400 0
308| 0 400 0
309| 0 400 0
310| 0 400 0
311| 0 400 0
312| 0 400 0
313| 0 400 0
314| 0 400 0
315| 0 400 0
316| 0 400 0
317| 0 400 0
318| 0 400 0
319| 0 400 0
320| 0 400 0
321| 0 400 0
322| 0 400 0
323| 0 400 0
324| 0 400 0
325| 0 400 0
326| 0 400 0
327| 0 400 0
328| 0 0 0
329| 0 0 0
330| 0 0 0
331| 0 0 0
332| 0 0 0
333| 0 0 0
334| 0 0 0
335| 0 0 0
336| 0 0 0
337| 0 0 0
338| 0 0 0
339| 0 0 0
340| 0 0 0
341| 0 0 0
342| 0 0 0
343| 0 0 0
344| 0 0 0
345| 0 0 0
346| 0 0 0
347| 0 0 0
348| 0 0 0
349| 0 0 0
350| 0 0 0
351| 0 0 0
352| 0 0 0
353| 0 0 0
354| 0 0 0
355| 0 0 0
356| 0 0 0
357| 0 0 0
358| 0 0 0
359| 0 0 0
360| 0 0 0
361| 0 0 0
362| 0 0 0
363| 0 0 0
364| 0 0 0
365| 0 0 0
366| 0 0 0
367| 0 0 0
368| 0 0 0
369| 0 0 0
370| 0 0 0
371| 0 0 0
372| 0 0 0
373| 0,3 0 0
374| 0,6 0 0
375| 0,9 0 0
376| 1,2 0 0
377| 1,5 0 0
378| 1,8 0 0
379| 2,1 0 0
380| 2,4 0 0
381| 2,7 0 0
382| 3 0 0
383| 3,299999 0 0
384| 3,599999 0 0
385| 3,899999 0 0
386| 4,2 0 0
387| 4,5 0 0
388| 4,8 0 0
389| 5,1 0 0
390| 5,4 0 0
391| 5,7 0 0
392| 6 0 0
393| 6,300001 0 0
394| 6,600001 0 0
395| 6,900001 0 0
396| 7,200001 0 0
397| 7,500001 0 0
398| 7,800001 0 0
399| 8,1 0 0
400| 8,4 0 0
401| 8,7 0 0
402| 0 0 0
403| 0 0 0
404| 0 0 0
405| 0 0 0
406| 0 0 0
407| 0 0 0
408| 0 0 0
409| 0 0 0
410| 0 0 0
411| 0 0 0
412| 0 0 0
413| 0 0 0
414| 0 0 0
415| 0 0 0
416| 0 0 0
417| 0 0 0
418| 0 0 0
419| 0 0 0
420| 0 0 0
421| 0 0 0
422| 0 0 0
423| 0 0 0
424| 0 0 0
425| 0 0 0
426| 0 0 0
427| 0 0 0
428| 0 0 0
429| 0 0 0
430| 0 0 0
431| 0 0 0
432| 0 0 0
433| 0 0 0
434| 0 0 0
435| 0 0 0
436| 0 0 0
437| 0 0 0
438| 0 0 0
439| 0 0 0
440| 0 0 0
441| 0 0 0
442| 0 0 0
443| 0 0 0
444| 0 0 0
445| 0 0 0
446| 0 0 0
447| 0 0 0
448| 0 0 0
449| 0 0 0
450| 0 0 0
451| 0 0 0
452| 0 0 0
453| 0 0 0
454| 0 0 0
455| 0 0 0
456| 0 0 0
457| 0 0 0
458| 0 0 0
459| 0 0 0
460| 0 0 0
461| 0 0 0
462| 0 0 0
463| 0 0 0
464| 0 0 0
465| 0 0 0
466| 0 0 0
467| 0 0 0
468| 0 0 0
469| 0 0 0
470| 0 0 0
471| 0 0 0
472| 0 0 0
473| 0 0 0
474| 0 0 0
475| 0 0 0
476| 0 0 0
477| 0 0 0
478| 0 0 0
479| 0 0 0
480| 0 0 0
481| 0 0 0
482| 0 0 0
483| 0 0 0
484| 0 0 0
485| 0 0 0
486| 0 0 0
487| 0 0 0
488| 0 0 0
489| 0 0 0
490| 0 0 0
491| 0 0 0
492| 0 0 0
493| 0 0 0
494| 0 0 0
495| 0 0 0
496| 0 0 0
497| 0 0 0
498| 0 0 0
499| 0 0 0
500| 0 0 0
501| 0 0 0
502| 0 0 0
503| 0 0 0
504| 0 0 0
505| 0 0 0
506| 0 0 0
507| 0 0 0
508| 0 0 0
509| 0 0 0
510| 0,3 0 0
511| 0,6 0 0
512| 0,9 0 0
513| 1,2 0 0
514| 1,5 0 0
515| 1,8 0 0
516| 2,1 0 0
517| 2,4 0 0
518| 2,7 0 0
519| 3 0 0
520| 3,299999 0 0
521| 3,599999 0 0
522| 3,899999 0 0
523| 4,2 0 0
524| 4,5 0 0
525| 4,8 0 0
526| 5,1 0 0
527| 0 0 0
528| 0 0 0
529| 0 0 0
530| 0,3 0 0
531| 0,6 0 0
532| 0,9 0 0
533| 1,2 0 0
534| 1,5 0 0
535| 1,8 0 0
536| 2,1 0 0
537| 2,4 0 0
538| 2,7 0 0
539| 3 0 0
540| 3,299999 0 0
541| 3,599999 0 0
542| 0 0 0
543| 0 0 0
544| 0 0 0
545| 0 0 0
546| 0 0 0
547| 0 0 0
548| 0 0 0
549| 0 0 0
550| 0 0 0
551| 0 0 0
552| 0 0 0
553| 0 0 0
554| 0 0 0
555| 0 0 0
556| 0,3 0 0
557| 0,6 0 0
558| 0,9 0 0
559| 1,2 0 0
560| 1,5 0 0
561| 1,8 0 0
562| 2,1 0 0
563| 2,4 0 0
564| 2,7 0 0
565| 3 0 0
566| 3,299999 0 0
567| 3,599999 0 0
568| 3,899999 0 0
569| 4,2 0 0
570| 4,5 0 0
571| 4,8 0 0
572| 5,1 0 0
573| 5,4 0 0
574| 5,7 0 0
575| 6 0 0
576| 6,300001 0 0
577| 6,600001 0 0
578| 6,900001 0 0
579| 7,200001 0 0
580| 7,500001 0 0
581| 7,800001 0 0
582| 8,1 0 0
583| 8,4 0 0
584| 8,7 0 0
585| 8,999999 0 0
586| 9,299999 0 0
587| 9,599998 0 0
588| 9,899999 0 0
589| 10,2 0 0
590| 10,5 0 0
591| 10,8 0 0
592| 0 0 0
593| 0 0 0
594| 0 0 0
595| 0 0 0
596| 0 0 0
597| 0 0 0
598| 0 0 0
599| 0 0 0
600| 0,3 0 0
601| 0,6 0 0
602| 0,9 0 0
603| 1,2 0 0
604| 1,5 0 0
605| 1,8 0 0
606| 2,1 0 0
607| 2,4 0 0
608| 2,7 0 0
609| 3 0 0
610| 3,299999 0 0
611| 3,599999 0 0
612| 3,899999 0 0
613| 4,2 0 0
614| 4,5 0 0
615| 4,8 0 0
616| 5,1 0 0
617| 5,4 0 0
618| 5,7 0 0
619| 6 0 0
620| 6,300001 0 0
621| 6,600001 0 0
622| 6,900001 0 0
623| 7,200001 0 0
624| 7,500001 0 0
625| 7,800001 0 0
626| 8,1 0 0
627| 8,4 0 0
628| 8,7 0 0
629| 8,999999 0 0
630| 9,299999 0 0
631| 9,599998 0 0
632| 9,899999 0 0
633| 10,2 0 0
634| 10,5 0 0
635| 10,8 0 0
636| 11,1 0 0
637| 11,4 0 0
638| 11,7 0 0
639| 12 0 0
640| 12,3 0 0
641| 12,6 0 0
642| 12,9 0 0
643| 13,2 0 0
644| 13,5 0 0
645| 13,79999 0 0
646| 14,09999 0 0
647| 14,39999 0 0
648| 14,69999 0 0
649| 14,99999 0 0
650| 15,29999 0 0
651| 15,59999 0 0
652| 15,89999 0 0
653| 16,19999 0 0
654| 16,49999 0 0
655| 16,79999 0 0
656| 17,09999 0 0
657| 17,39999 0 0
658| 17,69999 0 0
659| 17,99999 0 0
660| 18,29999 0 0
661| 18,59999 0 0
662| 18,89999 0 0
663| 19,19999 0 0
664| 19,49999 0 0
665| 19,79999 0 0
666| 20,09999 0 0
667| 20,39999 0 0
668| 20,69999 0 0
669| 20,99999 0 0
670| 21,29999 0 0
671| 21,59999 0 0
672| 21,89999 0 0
673| 22,19999 0 0
674| 22,49999 0 0
675| 22,79999 0 0
676| 23,09999 0 0
677| 23,39999 0 0
678| 23,69999 0 0
679| 23,99999 0 0
680| 24,29999 0 0
681| 24,59999 0 0
682| 24,89998 0 0
683| 25,19999 0 0
684| 25,49998 0 0
685| 25,79998 0 0
686| 26,09998 0 0
687| 26,39998 0 0
688| 26,69998 0 0
689| 26,99998 0 0
690| 27,29998 0 0
691| 27,59998 0 0
692| 27,89998 0 0
693| 28,19998 0 0
694| 28,49998 0 0
695| 28,79998 0 0
696| 29,09998 0 0
697| 29,39998 0 0
698| 29,69998 0 0
699| 29,99998 0 0
700| 30 0 0
701| 30 0 0
702| 30 0 0
703| 30 0 0
704| 30 0 0
705| 30 0 0
706| 30 0 0
707| 30 0 0
708| 30 0 0
709| 30 0 0
710| 30 0 0
711| 30 0 0
712| 30 0 0
713| 30 0 0
714| 30 0 0
715| 30 0 0
716| 30 0 0
717| 30 0 0
718| 30 0 0
719| 30 0 0
720| 30 0 0
721| 30 0 0
722| 30 0 0
723| 30 0 0
724| 30 0 0
725| 30 0 0
726| 30 0 0
727| 30 0 0
728| 30 0 0
729| 30 0 0
730| 30 0 0
731| 30 0 0
732| 0 0 0
733| 0 0 0
734| 0 0 0
735| 0 0 0
736| 0 0 0
737| 0 0 0
738| 0 0 0
739| 0 0 0
740| 0 0 0
741| 0 0 0
742| 0 0 0
743| 0 4 0
744| 0 8 0
745| 0 12 0
746| 0 16 0
747| 0 20 0
748| 0 24 0
749| 0 28 0
750| 0 32 0
751| 0 36 0
752| 0 40 0
753| 0 43,99999 0
754| 0 47,99999 0
755| 0 51,99999 0
756| 0 55,99999 0
757| 0 60 0
758| 0 64 0
759| 0 68 0
760| 0 72 0
761| 0 0 0
762| 0 0 0
763| 0 0 0
764| 0,3 0 0
765| 0,6 0 0
766| 0,9 0 0
767| 1,2 0 0
768| 1,5 0 0
769| 1,8 0 0
770| 2,1 0 0
771| 2,4 0 0
772| 2,7 0 0
773| 3 0 0
774| 3,299999 0 0
775| 3,599999 0 0
776| 3,899999 0 0
777| 4,2 0 0
778| 4,5 0 0
779| 0 0 0
780| 0 0 0
781| 0 0 0
782| 0 0 0
783| 0 0 0
784| 0 4 0
785| 0 8 0
786| 0 12 0
787| 0 16 0
788| 0 20 0
789| 0 24 0
790| 0 28 0
791| 0 32 0
792| 0 36 0
793| 0 40 0
794| 0 43,99999 0
795| 0 47,99999 0
796| 0 51,99999 0
797| 0 55,99999 0
798| 0 60 0
799| 0 64 0
800| 0 68 0
801| 0 72 0
802| 0 76,00001 0
803| 0 0 0
804| 0 0 0
805| 0 0 0
806| 0 0 0
807| 0,3 0 0
808| 0,6 0 0
809| 0,9 0 0
810| 1,2 0 0
811| 1,5 0 0
812| 1,8 0 0
813| 2,1 0 0
814| 2,4 0 0
815| 2,7 0 0
816| 3 0 0
817| 3,299999 0 0
818| 3,599999 0 0
819| 0 0 0
820| 0 0 0
821| 0 0 0
822| 0 0 0
823| 0 0 0
824| 0 0 0
825| 0 0 0
826| 0 0 0
827| 0 4 0
828| 0 8 0
829| 0 12 0
830| 0 16 0
831| 0 20 0
832| 0 24 0
833| 0 28 0
834| 0 32 0
835| 0 36 0
836| 0 40 0
837| 0 43,99999 0
838| 0 47,99999 0
839| 0 51,99999 0
840| 0 55,99999 0
841| 0 60 0
842| 0 0 0
843| 0 0 0
844| 0 0 0
845| 0 0 0
846| 0 0 0
847| 0 0 0
848| 0 0 0
849| 0 0 0
850| 0 0 0
851| 0 0 0
852| 0 0 0
853| 0 0 0
854| 0 0 0
855| 0 0 0
856| 0 0 0
857| 0 0 0
858| 0 0 0
859| 0 0 0
860| 0 0 0
861| 0 0 0
862| 0 0 0
863| 0 0 0
864| 0 0 0
865| 0 0 0
866| 0 0 0
867| 0 0 0
868| 0 4 0
869| 0 8 0
870| 0 12 0
871| 0 16 0
872| 0 20 0
873| 0 24 0
874| 0 28 0
875| 0 0 0
876| 0 0 0
877| 0 0 0
878| 0 0 0
879| 0 0 0
880| 0 0 0
881| 0 0 0
882| 0 0 0
883| 0 0 0
884| 0 0 0
885| 0 0 0
886| 0 0 0
887| 0 0 0
888| 0,3 0 0
889| 0,6 0 0
890| 0,9 0 0
891| 1,2 0 0
892| 1,5 0 0
893| 1,8 0 0
894| 2,1 0 0
895| 2,4 0 0
896| 2,7 0 0
897| 3 0 0
898| 3,299999 0 0
899| 3,599999 0 0
900| 3,899999 0 0
901| 4,2 0 0
902| 4,5 0 0
903| 4,8 0 0
904| 5,1 0 0
905| 5,4 0 0
906| 5,7 0 0
907| 6 0 0
908| 6,300001 0 0
909| 6,600001 0 0
910| 6,900001 0 0
911| 7,200001 0 0
912| 7,500001 0 0
913| 7,800001 0 0
914| 8,1 0 0
915| 8,4 0 0
916| 8,7 0 0
917| 8,999999 0 0
918| 9,299999 0 0
919| 9,599998 0 0
920| 9,899999 0 0
921| 10,2 0 0
922| 10,5 0 0
923| 0 0 0
924| 0 0 0
925| 0 0 0
926| 0 0 0
927| 0 0 0
928| 0 0 0
929| 0 0 0
930| 0 0 0
931| 0 0 0
932| 0 0 0
933| 0 0 0
934| 0 0 0
935| 0 0 0
936| 0 0 0
937| 0 0 0
938| 0 0 0
939| 0 0 0
940| 0 0 0
941| 0 0 0
942| 0 0 0
943| 0 0 0
944| 0 0 0
945| 0 0 0
946| 0 0 0
947| 0 0 0
948| 0 0 0
949| 0 0 0
950| 0 0 0
951| 0 0 0
952| 0 0 0
953| 0 0 0
954| 0 0 0
955| 0 0 0
956| 0 0 0
957| 0 0 0
958| 0 0 0
959| 0 0 0
960| 0 0 0
961| 0 0 0
962| 0 0 0
963| 0 0 0
964| 0 0 0
965| 0 0 0
966| 0 0 0
967| 0 0 0
968| 0 0 0
969| 0 0 0
970| 0 0 0
971| 0 0 0
972| 0 0 0
973| 0 0 0
974| 0 0 0
975| 0,3 0 0
976| 0,6 0 0
977| 0,9 0 0
978| 1,2 0 0
979| 1,5 0 0
980| 1,8 0 0
981| 2,1 0 0
982| 2,4 0 0
983| 2,7 0 0
984| 3 0 0
985| 3,299999 0 0
986| 3,599999 0 0
987| 3,899999 0 0
988| 4,2 0 0
989| 4,5 0 0
990| 4,8 0 0
991| 5,1 0 0
992| 5,4 0 0
993| 5,7 0 0
994| 6 0 0
995| 6,300001 0 0
996| 6,600001 0 0
997| 6,900001 0 0
998| 7,200001 0 0
999| 7,500001 0 0
1000| 7,800001 0 0
1001| 8,1 0 0
1002| 8,4 0 0
1003| 8,7 0 0
1004| 8,999999 0 0
1005| 9,299999 0 0
1006| 9,599998 0 0
1007| 9,899999 0 0
1008| 10,2 0 0
1009| 10,5 0 0
1010| 10,8 0 0
1011| 11,1 0 0
1012| 11,4 0 0
1013| 11,7 0 0
1014| 12 0 0
1015| 12,3 0 0
1016| 12,6 0 0
1017| 12,9 0 0
1018| 13,2 0 0
1019| 13,5 0 0
1020| 13,79999 0 0
1021| 14,09999 0 0
1022| 14,39999 0 0
1023| 14,69999 0 0
1024| 14,99999 0 0
1025| 15,29999 0 0
1026| 15,59999 0 0
1027| 15,89999 0 0
1028| 16,19999 0 0
1029| 16,49999 0 0
1030| 16,79999 0 0
1031| 17,09999 0 0
1032| 17,39999 0 0
1033| 17,69999 0 0
1034| 17,99999 0 0
1035| 18,29999 0 0
1036| 18,59999 0 0
1037| 18,89999 0 0
1038| 19,19999 0 0
1039| 19,49999 0 0
1040| 19,79999 0 0
1041| 20,09999 0 0
1042| 20,39999 0 0
1043| 20,69999 0 0
1044| 20,99999 0 0
1045| 21,29999 0 0
1046| 21,59999 0 0
1047| 21,89999 0 0
1048| 22,19999 0 0
1049| 0 0 0
1050| 0 0 0
1051| 0 0 0
1052| 0 0 0
1053| 0 0 0
1054| 0 0 0
1055| 0 0 0
1056| 0 0 0
1057| 0 4 0
1058| 0 8 0
1059| 0 12 0
1060| 0 16 0
1061| 0 20 0
1062| 0 24 0
1063| 0 28 0
1064| 0 32 0
1065| 0 36 0
1066| 0 40 0
1067| 0 43,99999 0
1068| 0 47,99999 0
1069| 0 51,99999 0
1070| 0 55,99999 0
1071| 0 60 0
1072| 0 64 0
1073| 0 68 0
1074| 0 72 0
1075| 0 76,00001 0
1076| 0 80,00001 0
1077| 0 84,00001 0
1078| 0 88,00002 0
1079| 0 92,00002 0
1080| 0 96,00002 0
1081| 0 100 0
1082| 0 104 0
1083| 0 108 0
1084| 0 112 0
1085| 0 116 0
1086| 0 120 0
1087| 0 124 0
1088| 0 128 0
1089| 0 132 0
1090| 0 136 0
1091| 0 140 0
1092| 0 144 0
1093| 0 148 0
1094| 0 152 0
1095| 0 156 0
1096| 0 0 0
1097| 0,3 0 0
1098| 0,6 0 0
1099| 0,9 0 0
1100| 1,2 0 0
1101| 1,5 0 0
1102| 1,8 0 0
1103| 2,1 0 0
1104| 2,4 0 0
1105| 2,7 0 0
1106| 3 0 0
1107| 3,299999 0 0
1108| 3,599999 0 0
1109| 3,899999 0 0
1110| 4,2 0 0
1111| 4,5 0 0
1112| 4,8 0 0
1113| 5,1 0 0
1114| 5,4 0 0
1115| 5,7 0 0
1116| 6 0 0
1117| 6,300001 0 0
1118| 6,600001 0 0
1119| 6,900001 0 0
1120| 7,200001 0 0
1121| 7,500001 0 0
1122| 7,800001 0 0
1123| 8,1 0 0
1124| 8,4 0 0
1125| 8,7 0 0
1126| 8,999999 0 0
1127| 9,299999 0 0
1128| 9,599998 0 0
1129| 9,899999 0 0
1130| 10,2 0 0
1131| 10,5 0 0
1132| 10,8 0 0
1133| 11,1 0 0
1134| 11,4 0 0
1135| 11,7 0 0
1136| 12 0 0
1137| 12,3 0 0
1138| 12,6 0 0
1139| 12,9 0 0
1140| 13,2 0 0
1141| 13,5 0 0
1142| 13,79999 0 0
1143| 14,09999 0 0
1144| 14,39999 0 0
1145| 14,69999 0 0
1146| 14,99999 0 0
1147| 15,29999 0 0
1148| 15,59999 0 0
1149| 15,89999 0 0
1150| 16,19999 0 0
1151| 16,49999 0 0
1152| 16,79999 0 0
1153| 17,09999 0 0
1154| 17,39999 0 0
1155| 17,69999 0 0
1156| 17,99999 0 0
1157| 0 0 0
1158| 0 0 0
1159| 0 0 0
1160| 0 0 0
1161| 0 0 0
1162| 0 0 0
1163| 0 0 0
1164| 0 0 0
1165| 0 0 0
1166| 0 0 0
1167| 0 0 0
1168| 0 0 0
1169| 0 0 0
1170| 0 0 0
1171| 0 4 0
1172| 0 8 0
1173| 0 12 0
1174| 0 16 0
1175| 0 20 0
1176| 0 24 0
1177| 0 28 0
1178| 0 32 0
1179| 0 36 0
1180| 0 40 0
1181| 0 43,99999 0
1182| 0 47,99999 0
1183| 0 51,99999 0
1184| 0 55,99999 0
1185| 0 60 0
1186| 0 64 0
1187| 0 68 0
1188| 0 72 0
1189| 0 76,00001 0
1190| 0 80,00001 0
1191| 0 84,00001 0
1192| 0 88,00002 0
1193| 0 92,00002 0
1194| 0 96,00002 0
1195| 0 100 0
1196| 0 104 0
1197| 0 108 0
1198| 0 112 0
1199| 0 116 0
1200| 0 120 0
1201| 0 124 0
1202| 0 128 0
1203| 0 132 0
1204| 0 136 0
1205| 0 140 0
1206| 0 144 0
1207| 0 148 0
1208| 0 152 0
1209| 0 156 0
1210| 0 160 0
1211| 0 164 0
1212| 0 168 0
1213| 0 171,9999 0
1214| 0 175,9999 0
1215| 0 179,9999 0
1216| 0 183,9999 0
1217| 0 187,9999 0
1218| 0 191,9999 0
1219| 0 195,9999 0
1220| 0 199,9999 0
1221| 0 203,9999 0
1222| 0 207,9999 0
1223| 0 211,9999 0
1224| 0 215,9999 0
1225| 0 219,9999 0
1226| 0 223,9999 0
1227| 0 227,9999 0
1228| 0 231,9999 0
1229| 0 235,9999 0
1230| 0 239,9999 0
1231| 0 243,9999 0
1232| 0 247,9999 0
1233| 0 251,9999 0
1234| 0 255,9999 0
1235| 0 259,9999 0
1236| 0 263,9999 0
1237| 0 267,9999 0
1238| 0 271,9998 0
1239| 0 275,9998 0
1240| 0 279,9998 0
1241| 0 283,9998 0
1242| 0 287,9998 0
1243| 0 291,9998 0
1244| 0 295,9998 0
1245| 0 299,9998 0
1246| 0 303,9998 0
1247| 0 307,9998 0
1248| 0 311,9998 0
1249| 0 315,9998 0
1250| 0 319,9998 0
1251| 0 323,9998 0
1252| 0 327,9998 0
1253| 0 331,9998 0
1254| 0 335,9998 0
1255| 0 339,9998 0
1256| 0 343,9998 0
1257| 0 347,9998 0
1258| 0 351,9998 0
1259| 0 355,9998 0
1260| 0 359,9998 0
1261| 0 363,9998 0
1262| 0 367,9998 0
1263| 0 371,9998 0
1264| 0 375,9998 0
1265| 0 379,9998 0
1266| 0 383,9998 0
1267| 0 387,9998 0
1268| 0 391,9998 0
1269| 0 395,9998 0
1270| 0 399,9997 0
1271| 0 400 0
1272| 0 400 0
1273| 0 400 0
1274| 0 400 0
1275| 0 400 0
1276| 0 400 0
1277| 0 400 0
1278| 0 400 0
1279| 0 400 0
1280| 0 400 0
1281| 0 400 0
1282| 0 400 0
1283| 0 400 0
1284| 0 400 0
1285| 0 400 0
1286| 0 400 0
1287| 0 400 0
1288| 0 400 0
1289| 0 400 0
1290| 0 400 0
1291| 0 400 0
1292| 0 400 0
1293| 0 400 0
1294| 0 400 0
1295| 0 400 0
1296| 0 400 0
1297| 0 400 0
1298| 0 400 0
1299| 0 400 0
1300| 0 400 0
1301| 0 400 0
1302| 0 400 0
1303| 0 400 0
1304| 0 400 0
1305| 0 400 0
1306| 0 400 0
1307| 0 400 0
1308| 0 400 0
1309| 0 400 0
1310| 0 400 0
1311| 0 400 0
1312| 0 400 0
1313| 0 400 0
1314| 0 400 0
1315| 0 400 0
1316| 0 400 0
1317| 0 400 0
1318| 0 400 0
1319| 0 400 0
1320| 0 400 0
1321| 0 400 0
1322| 0 400 0
1323| 0 400 0
1324| 0 400 0
1325| 0 400 0
1326| 0 400 0
1327| 0 400 0
1328| 0 0 0
1329| 0 0 0
1330| 0 0 0
1331| 0 0 0
1332| 0 0 0
1333| 0 4 0
1334| 0 8 0
1335| 0 12 0
1336| 0 16 0
1337| 0 20 0
1338| 0 24 0
1339| 0 28 0
1340| 0 32 0
1341| 0 36 0
1342| 0 40 0
1343| 0 43,99999 0
1344| 0 47,99999 0
1345| 0 51,99999 0
1346| 0 55,99999 0
1347| 0 60 0
1348| 0 64 0
1349| 0 68 0
1350| 0 72 0
1351| 0 76,00001 0
1352| 0 80,00001 0
1353| 0 84,00001 0
1354| 0 88,00002 0
1355| 0 92,00002 0
1356| 0 96,00002 0
1357| 0 100 0
1358| 0 104 0
1359| 0 108 0
1360| 0 112 0
1361| 0 116 0
1362| 0 120 0
1363| 0 124 0
1364| 0 128 0
1365| 0 132 0
1366| 0 136 0
1367| 0 140 0
1368| 0 144 0
1369| 0 148 0
1370| 0 152 0
1371| 0 156 0
1372| 0 0 0
1373| 0 0 0
1374| 0 0 0
1375| 0 0 0
1376| 0 0 0
1377| 0 0 0
1378| 0 0 0
1379| 0 0 0
1380| 0 0 0
1381| 0 0 0
1382| 0 0 0
1383| 0 0 0
1384| 0 0 0
1385| 0 0 0
1386| 0 0 0
1387| 0 0 0
1388| 0 0 0
1389| 0 0 0
1390| 0 0 0
1391| 0 0 0
1392| 0 0 0
1393| 0 0 0
1394| 0 0 0
1395| 0 0 0
1396| 0 0 0
1397| 0 0 0
1398| 0 0 0
1399| 0 0 0
1400| 0 0 0
1401| 0 4 0
1402| 0 8 0
1403| 0 12 0
1404| 0 16 0
1405| 0 20 0
1406| 0 24 0
1407| 0 28 0
1408| 0 32 0
1409| 0 36 0
1410| 0 40 0
1411| 0 43,99999 0
1412| 0 47,99999 0
1413| 0 51,99999 0
1414| 0 55,99999 0
1415| 0 60 0
1416| 0 64 0
1417| 0 68 0
1418| 0 72 0
1419| 0 76,00001 0
1420| 0 80,00001 0
1421| 0 84,00001 0
1422| 0 88,00002 0
1423| 0 92,00002 0
1424| 0 96,00002 0
1425| 0 100 0
1426| 0 104 0
1427| 0 108 0
1428| 0 112 0
1429| 0 116 0
1430| 0 120 0
1431| 0 124 0
1432| 0 128 0
1433| 0 132 0
1434| 0 136 0
1435| 0 140 0
1436| 0 144 0
1437| 0 148 0
1438| 0 152 0
1439| 0 156 0
1440| 0 160 0
1441| 0 164 0
1442| 0 168 0
1443| 0 171,9999 0
1444| 0 175,9999 0
1445| 0 179,9999 0
1446| 0 183,9999 0
1447| 0 187,9999 0
1448| 0 191,9999 0
1449| 0 195,9999 0
1450| 0 199,9999 0
1451| 0 203,9999 0
1452| 0 207,9999 0
1453| 0 211,9999 0
1454| 0 215,9999 0
1455| 0 219,9999 0
1456| 0 223,9999 0
1457| 0 227,9999 0
1458| 0 231,9999 0
1459| 0 235,9999 0
1460| 0 239,9999 0
1461| 0 243,9999 0
1462| 0 247,9999 0
1463| 0 251,9999 0
1464| 0 255,9999 0
1465| 0 259,9999 0
1466| 0 263,9999 0
1467| 0 267,9999 0
1468| 0 271,9998 0
1469| 0 275,9998 0
1470| 0 279,9998 0
1471| 0 283,9998 0
1472| 0 287,9998 0
1473| 0 291,9998 0
1474| 0 295,9998 0
1475| 0 299,9998 0
1476| 0 303,9998 0
1477| 0 307,9998 0
1478| 0 311,9998 0
1479| 0 315,9998 0
1480| 0 319,9998 0
1481| 0 323,9998 0
1482| 0 327,9998 0
1483| 0 331,9998 0
1484| 0 335,9998 0
1485| 0 339,9998 0
1486| 0 343,9998 0
1487| 0 347,9998 0
1488| 0 351,9998 0
1489| 0 355,9998 0
1490| 0 359,9998 0
1491| 0 363,9998 0
1492| 0 367,9998 0
1493| 0 371,9998 0
1494| 0 375,9998 0
1495| 0 379,9998 0
1496| 0 383,9998 0
1497| 0 387,9998 0
1498| 0 391,9998 0
1499| 0 395,9998 0
1500| 0 399,9997 0
1501| 0 400 0
1502| 0 400 0
1503| 0 400 0
1504| 0 400 0
1505| 0 400 0
1506| 0 400 0
1507| 0 400 0
1508| 0 400 0
1509| 0 400 0
1510| 0 400 0
1511| 0 400 0
1512| 0 400 0
1513| 0 400 0
1514| 0 400 0
1515| 0 400 0
1516| 0 400 0
1517| 0 400 0
1518| 0 400 0
1519| 0 400 0
1520| 0 400 0
1521| 0 400 0
1522| 0 400 0
1523| 0 400 0
1524| 0 400 0
1525| 0 400 0
1526| 0 400 0
1527| 0 400 0
1528| 0 400 0
1529| 0 400 0
1530| 0 400 0
1531| 0 400 0
1532| 0 400 0
1533| 0 400 0
1534| 0 400 0
1535| 0 400 0
1536| 0 400 0
1537| 0 400 0
1538| 0 400 0
1539| 0 400 0
1540| 0 400 0
1541| 0 400 0
1542| 0 400 0
1543| 0 400 0
1544| 0 400 0
1545| 0 400 0
1546| 0 400 0
1547| 0 400 0
1548| 0 400 0
1549| 0 400 0
1550| 0 400 0
1551| 0 400 0
1552| 0 400 0
1553| 0 400 0
1554| 0 400 0
1555| 0 400 0
1556| 0 400 0
1557| 0 400 0
1558| 0 400 0
1559| 0 400 0
1560| 0 400 0
1561| 0 400 0
1562| 0 400 0
1563| 0 400 0
1564| 0 400 0
1565| 0 400 0
1566| 0 400 0
1567| 0 400 0
1568| 0 400 0
1569| 0 400 0
1570| 0 400 0
1571| 0 400 0
1572| 0 400 0
1573| 0 400 0
1574| 0 400 0
1575| 0 400 0
1576| 0 400 0
1577| 0 0 0
1578| 0 0 0
1579| 0 0 0
1580| 0 0 0
1581| 0 0 0
1582| 0 0 0
1583| 0 0 0
1584| 0 0 0
1585| 0 0 0
1586| 0 0 0
1587| 0 0 0
1588| 0 0 0
1589| 0 0 0
1590| 0 0 0
1591| 0 0 0
1592| 0 0 0
1593| 0,3 0 0
1594| 0,6 0 0
1595| 0,9 0 0
1596| 1,2 0 0
1597| 1,5 0 0
1598| 1,8 0 0
1599| 2,1 0 0
1600| 2,4 0 0
1601| 2,7 0 0
1602| 3 0 0
1603| 3,299999 0 0
1604| 3,599999 0 0
1605| 3,899999 0 0
1606| 4,2 0 0
1607| 4,5 0 0
1608| 4,8 0 0
1609| 5,1 0 0
1610| 5,4 0 0
1611| 5,7 0 0
1612| 6 0 0
1613| 0 0 0
1614| 0 0 0
1615| 0 0 0
1616| 0 0 0
1617| 0 0 0
1618| 0 0 0
1619| 0 0 0
1620| 0 0 0
1621| 0 0 0
1622| 0 0 0
1623| 0 0 0
1624| 0 0 0
1625| 0 0 0
1626| 0 0 0
1627| 0 0 0
1628| 0 0 0
1629| 0 0 0
1630| 0 0 0
1631| 0 0 0
1632| 0 0 0
1633| 0 0 0
1634| 0 0 0
1635| 0 0 0
1636| 0 0 0
1637| 0 0 0
1638| 0 0 0
1639| 0 0 0
1640| 0 0 0
1641| 0 0 0
1642| 0 0 0
1643| 0 0 0
1644| 0 0 0
1645| 0 0 0
1646| 0 0 0
1647| 0 0 0
1648| 0 0 0
1649| 0 0 0
1650| 0 0 0
1651| 0 0 0
1652| 0 0 0
1653| 0 0 0
1654| 0 0 0
1655| 0 0 0
1656| 0 0 0
1657| 0 0 0
1658| 0 0 0
1659| 0 0 0
1660| 0 0 0
1661| 0 0 0
1662| 0 0 0
1663| 0 0 0
1664| 0 0 0
1665| 0 0 0
1666| 0 0 0
1667| 0 0 0
1668| 0 0 0
1669| 0 0 0
1670| 0 0 0
1671| 0 0 0
1672| 0 0 0
1673| 0 0 0
1674| 0 0 0
1675| 0 0 0
1676| 0 0 0
1677| 0 0 0
1678| 0 0 0
1679| 0 0 0
1680| 0 0 0
1681| 0 0 0
1682| 0 0 0
1683| 0 0 0
1684| 0 0 0
1685| 0 0 0
1686| 0 0 0
1687| 0 0 0
1688| 0 0 0
1689| 0 0 0
1690| 0 0 0
1691| 0 0 0
1692| 0 0 0
1693| 0 0 0
1694| 0 0 0
1695| 0 0 0
1696| 0 0 0
1697| 0 0 0
1698| 0 0 0
1699| 0 0 0
1700| 0 0 0
1701| 0 0 0
1702| 0 0 0
1703| 0 0 0
1704| 0 0 0
1705| 0 0 0
1706| 0 0 0
1707| 0 0 0
1708| 0 0 0
1709| 0 0 0
1710| 0 0 0
1711| 0 0 0
1712| 0 0 0
1713| 0 0 0
1714| 0 0 0
1715| 0 0 0
1716| 0 0 0
1717| 0 0 0
1718| 0 0 0
1719| 0 0 0
1720| 0 0 0
1721| 0 0 0
1722| 0 0 0
1723| 0 0 0
1724| 0 0 0
1725| 0 0 0
1726| 0 0 0
1727| 0 0 0
1728| 0 0 0
1729| 0 0 0
1730| 0 0 0
1731| 0 0 0
1732| 0 0 0
1733| 0 0 0
1734| 0 0 0
1735| 0 0 0
1736| 0 0 0
1737| 0 0 0
1738| 0 0 0
1739| 0 0 0
1740| 0 0 0
1741| 0 0 0
1742| 0 0 0
1743| 0 0 0
1744| 0 4 0
1745| 0 8 0
1746| 0 12 0
1747| 0 16 0
1748| 0 20 0
1749| 0 24 0
1750| 0 28 0
1751| 0 32 0
1752| 0 36 0
1753| 0 40 0
1754| 0 43,99999 0
1755| 0 47,99999 0
1756| 0 51,99999 0
1757| 0 55,99999 0
1758| 0 60 0
1759| 0 64 0
1760| 0 68 0
1761| 0 72 0
1762| 0 76,00001 0
1763| 0 80,00001 0
1764| 0 84,00001 0
1765| 0 88,00002 0
1766| 0 92,00002 0
1767| 0 96,00002 0
1768| 0 100 0
1769| 0 104 0
1770| 0 108 0
1771| 0 112 0
1772| 0 116 0
1773| 0 120 0
1774| 0 124 0
1775| 0 128 0
1776| 0 132 0
1777| 0 136 0
1778| 0 140 0
1779| 0 144 0
1780| 0 148 0
1781| 0 152 0
1782| 0 156 0
1783| 0 160 0
1784| 0 164 0
1785| 0 168 0
1786| 0 171,9999 0
1787| 0 175,9999 0
1788| 0 179,9999 0
1789| 0 183,9999 0
1790| 0 187,9999 0
1791| 0 191,9999 0
1792| 0 195,9999 0
1793| 0 199,9999 0
1794| 0 203,9999 0
1795| 0 207,9999 0
1796| 0 211,9999 0
1797| 0 215,9999 0
1798| 0 219,9999 0
1799| 0 223,9999 0
1800| 0 227,9999 0
1801| 0 231,9999 0
1802| 0 235,9999 0
1803| 0 239,9999 0
1804| 0 243,9999 0
1805| 0 247,9999 0
1806| 0 251,9999 0
1807| 0 255,9999 0
1808| 0 259,9999 0
1809| 0 263,9999 0
1810| 0 267,9999 0
1811| 0 271,9998 0
1812| 0 275,9998 0
1813| 0 279,9998 0
1814| 0 283,9998 0
1815| 0 287,9998 0
1816| 0 291,9998 0
1817| 0 295,9998 0
1818| 0 299,9998 0
1819| 0 303,9998 0
1820| 0 307,9998 0
1821| 0 311,9998 0
1822| 0 315,9998 0
1823| 0 319,9998 0
1824| 0 323,9998 0
1825| 0 327,9998 0
1826| 0 331,9998 0
1827| 0 335,9998 0
1828| 0 339,9998 0
1829| 0 343,9998 0
1830| 0 347,9998 0
1831| 0 351,9998 0
1832| 0 355,9998 0
1833| 0 359,9998 0
1834| 0 363,9998 0
1835| 0 367,9998 0
1836| 0 371,9998 0
1837| 0 375,9998 0
1838| 0 379,9998 0
1839| 0 383,9998 0
1840| 0 387,9998 0
1841| 0 391,9998 0
1842| 0 395,9998 0
1843| 0 399,9997 0
1844| 0 400 0
1845| 0 400 0
1846| 0 400 0
1847| 0 400 0
1848| 0 400 0
1849| 0 400 0
1850| 0 400 0
1851| 0 400 0
1852| 0 400 0
1853| 0 400 0
1854| 0 400 0
1855| 0 400 0
1856| 0 400 0
1857| 0 400 0
1858| 0 400 0
1859| 0 400 0
1860| 0 400 0
1861| 0 400 0
1862| 0 400 0
1863| 0 400 0
1864| 0 400 0
1865| 0 400 0
1866| 0 400 0
1867| 0 400 0
1868| 0 400 0
1869| 0 400 0
1870| 0 400 0
1871| 0 400 0
1872| 0 400 0
1873| 0 400 0
1874| 0 400 0
1875| 0 400 0
1876| 0 400 0
1877| 0 400 0
1878| 0 400 0
1879| 0 400 0
1880| 0 400 0
1881| 0 400 0
1882| 0 400 0
1883| 0 400 0
1884| 0 400 0
1885| 0 400 0
1886| 0 400 0
1887| 0 400 0
1888| 0 400 0
1889| 0 400 0
1890| 0 400 0
1891| 0 400 0
1892| 0 400 0
1893| 0 400 0
1894| 0 400 0
1895| 0 400 0
1896| 0 400 0
1897| 0 400 0
1898| 0 400 0
1899| 0 400 0
1900| 0 400 0
1901| 0 400 0
1902| 0 400 0
1903| 0 400 0
1904| 0 400 0
1905| 0 400 0
1906| 0 400 0
1907| 0 400 0
1908| 0 400 0
1909| 0 400 0
1910| 0 400 0
1911| 0 400 0
1912| 0 400 0
1913| 0 400 0
1914| 0 400 0
1915| 0 400 0
1916| 0 400 0
1917| 0 400 0
1918| 0 400 0
1919| 0 400 0
1920| 0 400 0
1921| 0 400 0
1922| 0 400 0
1923| 0 400 0
1924| 0 400 0
1925| 0 400 0
1926| 0 400 0
1927| 0 400 0
1928| 0 400 0
1929| 0 400 0
1930| 0 400 0
1931| 0 400 0
1932| 0 400 0
1933| 0 400 0
1934| 0 400 0
1935| 0 400 0
1936| 0 400 0
1937| 0 400 0
1938| 0 400 0
1939| 0 400 0
1940| 0 400 0
1941| 0 400 0
1942| 0 400 0
1943| 0 400 0
1944| 0 400 0
1945| 0 400 0
1946| 0 400 0
1947| 0 400 0
1948| 0 400 0
1949| 0 400 0
1950| 0 400 0
1951| 0 400 0
1952| 0 400 0
1953| 0 400 0
1954| 0 400 0
1955| 0 400 0
1956| 0 400 0
1957| 0 400 0
1958| 0 400 0
1959| 0 400 0
1960| 0 400 0
1961| 0 400 0
1962| 0 400 0
1963| 0 400 0
1964| 0 400 0
1965| 0 400 0
1966| 0 400 0
1967| 0 400 0
1968| 0 400 0
1969| 0 400 0
1970| 0 400 0
1971| 0 400 0
1972| 0 400 0
1973| 0 400 0
1974| 0 400 0
1975| 0 400 0
1976| 0 400 0
1977| 0 400 0
1978| 0 400 0
1979| 0 400 0
1980| 0 400 0
1981| 0 400 0
1982| 0 400 0
1983| 0 400 0
1984| 0 400 0
1985| 0 400 0
1986| 0 400 0
1987| 0 400 0
1988| 0 400 0
1989| 0 400 0
1990| 0 400 0
1991| 0 400 0
1992| 0 400 0
1993| 0 400 0
1994| 0 400 0
1995| 0 400 0
1996| 0 400 0
1997| 0 400 0
1998| 0 400 0
1999| 0 400 0
2000| 0 400 0
2001| 0 400 0
2002| 0 400 0
2003| 0 400 0
2004| 0 400 0
2005| 0 400 0
2006| 0 400 0
2007| 0 400 0
2008| 0 400 0
2009| 0 400 0
2010| 0 400 0
2011| 0 400 0
2012| 0 400 0
2013| 0 400 0
2014| 0 400 0
2015| 0 400 0
2016| 0 400 0
2017| 0 400 0
2018| 0 400 0
2019| 0 400 0
2020| 0 400 0
2021| 0 400 0
2022| 0 400 0
2023| 0 400 0
2024| 0 400 0
2025| 0 400 0
2026| 0 400 0
2027| 0 400 0
2028| 0 400 0
2029| 0 400 0
2030| 0 400 0
2031| 0 400 0
2032| 0 400 0
2033| 0 400 0
2034| -0,3 400 0
2035| -0,6 400 0
2036| -0,9 400 0
2037| -1,2 400 0
2038| -1,5 400 0
2039| -1,8 400 0
2040| -2,1 400 0
2041| -2,4 400 0
2042| -2,7 400 0
2043| -3 400 0
2044| -3,299999 400 0
2045| -3,599999 400 0
2046| -3,899999 400 0
2047| -4,2 400 0
2048| -4,5 400 0
2049| -4,8 400 0
2050| -5,1 400 0
2051| -5,4 400 0
2052| -5,7 400 0
2053| -6 400 0
2054| -6,300001 400 0
2055| -6,600001 400 0
2056| -6,900001 400 0
2057| -7,200001 400 0
2058| -7,500001 400 0
2059| -7,800001 400 0
2060| -8,1 400 0
2061| -8,4 400 0
2062| -8,7 400 0
2063| -8,999999 400 0
2064| -9,299999 400 0
2065| -9,599998 400 0
2066| -9,899999 400 0
2067| -10,2 400 0
2068| -10,5 400 0
2069| -10,8 400 0
2070| -11,1 400 0
2071| -11,4 400 0
2072| -11,7 400 0
2073| -12 400 0
2074| -12,3 400 0
2075| -12,6 400 0
2076| -12,9 400 0
2077| -13,2 400 0
2078| -13,5 400 0
2079| -13,79999 400 0
2080| -14,09999 400 0
2081| -14,39999 400 0
2082| -14,69999 400 0
2083| -14,99999 400 0
2084| -15,29999 400 0
2085| -15,59999 400 0
2086| -15,89999 400 0
2087| -16,19999 400 0
2088| -16,49999 400 0
2089| -16,79999 400 0
2090| -17,09999 400 0
2091| -17,39999 400 0
2092| -17,69999 400 0
2093| -17,99999 400 0
2094| 0 0 0
2095| 0 0 0
2096| 0 0 0
2097| 0 0 0
2098| 0 0 0
2099| 0 0 0
2100| 0 0 0
2101| 0,3 0 0
2102| 0,6 0 0
2103| 0,9 0 0
2104| 1,2 0 0
2105| 1,5 0 0
2106| 1,8 0 0
2107| 2,1 0 0
2108| 2,4 0 0
2109| 2,7 0 0
2110| 3 0 0
2111| 3,299999 0 0
2112| 3,599999 0 0
2113| 3,899999 0 0
2114| 4,2 0 0
2115| 4,5 0 0
2116| 4,8 0 0
2117| 5,1 0 0
2118| 5,4 0 0
2119| 5,7 0 0
2120| 6 0 0
2121| 6,300001 0 0
2122| 6,600001 0 0
2123| 6,900001 0 0
2124| 7,200001 0 0
2125| 7,500001 0 0
2126| 7,800001 0 0
2127| 8,1 0 0
2128| 8,4 0 0
2129| 8,7 0 0
2130| 8,999999 0 0
2131| 9,299999 0 0
2132| 9,599998 0 0
2133| 9,899999 0 0
2134| 10,2 0 0
2135| 10,5 0 0
2136| 10,8 0 0
2137| 11,1 0 0
2138| 11,4 0 0
2139| 11,7 0 0
2140| 12 0 0
2141| 12,3 0 0
2142| 12,6 0 0
2143| 12,9 0 0
2144| 13,2 0 0
2145| 13,5 0 0
2146| 13,79999 0 0
2147| 14,09999 0 0
2148| 14,39999 0 0
2149| 14,69999 0 0
2150| 14,99999 0 0
2151| 15,29999 0 0
2152| 15,59999 0 0
2153| 15,89999 0 0
2154| 16,19999 0 0
2155| 16,49999 0 0
2156| 16,79999 0 0
2157| 17,09999 0 0
2158| 17,39999 0 0
2159| 17,69999 0 0
2160| 17,99999 0 0
2161| 18,29999 0 0
2162| 18,59999 0 0
2163| 18,89999 0 0
2164| 19,19999 0 0
2165| 19,49999 0 0
2166| 19,79999 0 0
2167| 20,09999 0 0
2168| 20,39999 0 0
2169| 20,69999 0 0
2170| 20,99999 0 0
2171| 21,29999 0 0
2172| 21,59999 0 0
2173| 21,89999 0 0
2174| 22,19999 0 0
2175| 22,49999 0 0
2176| 22,79999 0 0
2177| 23,09999 0 0
2178| 23,39999 4 0
2179| 23,69999 8 0
2180| 23,99999 12 0
2181| 24,29999 16 0
2182| 24,59999 20 0
2183| 24,89998 24 0
2184| 25,19999 28 0
2185| 25,49998 32 0
2186| 25,79998 36 0
2187| 26,09998 40 0
2188| 26,39998 43,99999 0
2189| 26,69998 47,99999 0
2190| 26,99998 51,99999 0
2191| 27,29998 55,99999 0
2192| 27,59998 60 0
2193| 27,89998 64 0
2194| 28,19998 68 0
2195| 28,49998 72 0
2196| 28,79998 76,00001 0
2197| 29,09998 80,00001 0
2198| 29,39998 84,00001 0
2199| 29,69998 88,00002 0
2200| 29,99998 92,00002 0
2201| 30 96,00002 0
2202| 30 100 0
2203| 30 104 0
2204| 30 108 0
2205| 30 112 0
2206| 30 116 0
2207| 30 120 0
2208| 30 124 0
2209| 30 128 0
2210| 30 132 0
2211| 30 136 0
2212| 30 140 0
2213| 30 144 0
2214| 30 148 0
2215| 30 152 0
2216| 30 156 0
2217| 30 160 0
2218| 30 164 0
2219| 30 168 0
2220| 30 171,9999 0
2221| 30 175,9999 0
2222| 30 179,9999 0
2223| 30 183,9999 0
2224| 30 187,9999 0
2225| 30 191,9999 0
2226| 30 195,9999 0
2227| 30 199,9999 0
2228| 30 203,9999 0
2229| 30 207,9999 0
2230| 30 211,9999 0
2231| 30 215,9999 0
2232| 30 219,9999 0
2233| 30 223,9999 0
2234| 30 227,9999 0
2235| 30 231,9999 0
2236| 30 235,9999 0
2237| 30 239,9999 0
2238| 30 243,9999 0
2239| 30 247,9999 0
2240| 30 251,9999 0
2241| 30 255,9999 0
2242| 30 259,9999 0
2243| 30 263,9999 0
2244| 30 267,9999 0
2245| 30 271,9998 0
2246| 30 275,9998 0
2247| 30 279,9998 0
2248| 30 283,9998 0
2249| 30 287,9998 0
2250| 30 291,9998 0
2251| 30 295,9998 0
2252| 30 299,9998 0
2253| 30 303,9998 0
2254| 30 307,9998 0
2255| 30 311,9998 0
2256| 30 315,9998 0
2257| 30 319,9998 0
2258| 30 323,9998 0
2259| 30 327,9998 0
2260| 30 331,9998 0
2261| 30 335,9998 0
2262| 30 339,9998 0
2263| 30 343,9998 0
2264| 30 347,9998 0
2265| 30 351,9998 0
2266| 30 355,9998 0
2267| 30 359,9998 0
2268| 30 363,9998 0
2269| 30 367,9998 0
2270| 30 371,9998 0
2271| 30 375,9998 0
2272| 30 379,9998 0
2273| 30 383,9998 0
2274| 30 387,9998 0
2275| 30 391,9998 0
2276| 30 395,9998 0
2277| 30 399,9997 0
2278| 30 400 0
2279| 30 400 0
2280| 30 400 0
2281| 30 400 0
2282| 30 400 0
2283| 30 400 0
2284| 30 400 0
2285| 30 400 0
2286| 30 400 0
2287| 30 400 0
2288| 30 400 0
2289| 30 400 0
2290| 30 400 0
2291| 30 400 0
2292| 30 400 0
2293| 30 400 0
2294| 30 400 0
2295| 30 400 0
2296| 30 400 0
2297| 0 0 0
2298| 0 0 0
2299| 0 0 0
2300| 0 0 0
2301| -0,3 0 0
2302| -0,6 0 0
2303| -0,9 0 0
2304| -1,2 0 0
2305| -1,5 0 0
2306| -1,8 0 0
2307| -2,1 0 0
2308| -2,4 4 0
2309| -2,7 8 0
2310| -3 12 0
2311| -3,299999 16 0
2312| -3,599999 20 0
2313| -3,899999 24 0
2314| -4,2 28 0
2315| -4,5 32 0
2316| -4,8 36 0
2317| -5,1 40 0
2318| -5,4 43,99999 0
2319| -5,7 47,99999 0
2320| -6 51,99999 0
2321| -6,300001 55,99999 0
2322| -6,600001 60 0
2323| -6,900001 64 0
2324| -7,200001 68 0
2325| -7,500001 72 0
2326| -7,800001 76,00001 0
2327| -8,1 80,00001 0
2328| -8,4 84,00001 0
2329| -8,7 88,00002 0
2330| -8,999999 92,00002 0
2331| -9,299999 96,00002 0
2332| -9,599998 100 0
2333| -9,899999 104 0
2334| -10,2 108 0
2335| -10,5 112 0
2336| -10,8 116 0
2337| -11,1 120 0
2338| -11,4 124 0
2339| -11,7 128 0
2340| -12 132 0
2341| -12,3 136 0
2342| -12,6 140 0
2343| -12,9 144 0
2344| -13,2 148 0
2345| -13,5 152 0
2346| -13,79999 156 0
2347| -14,09999 160 0
2348| -14,39999 164 0
2349| -14,69999 168 0
2350| -14,99999 171,9999 0
2351| -15,29999 175,9999 0
2352| -15,59999 179,9999 0
2353| -15,89999 183,9999 0
2354| -15,89999 187,9999 0
2355| -15,89999 191,9999 0
2356| -15,89999 195,9999 0
2357| -15,89999 199,9999 0
2358| -15,89999 203,9999 0
2359| -15,89999 207,9999 0
2360| -15,89999 211,9999 0
2361| -15,89999 215,9999 0
2362| -15,89999 219,9999 0
2363| -15,89999 223,9999 0
2364| -15,89999 227,9999 0
2365| -15,89999 231,9999 0
2366| -15,89999 235,9999 0
2367| -15,89999 239,9999 0
2368| -15,89999 243,9999 0
2369| -15,89999 247,9999 0
2370| -15,89999 251,9999 0
2371| -15,89999 255,9999 0
2372| -15,89999 259,9999 0
2373| -15,89999 263,9999 0
2374| -15,89999 267,9999 0
2375| -15,89999 271,9998 0
2376| -15,89999 275,9998 0
2377| -15,89999 279,9998 0
2378| -15,89999 283,9998 0
2379| -15,89999 287,9998 0
2380| -15,89999 291,9998 0
2381| -15,89999 295,9998 0
2382| -15,89999 299,9998 0
2383| -15,89999 303,9998 0
2384| -15,89999 307,9998 0
2385| -15,89999 311,9998 0
2386| -15,89999 315,9998 0
2387| -15,89999 319,9998 0
2388| -15,89999 323,9998 0
2389| -15,89999 327,9998 0
2390| -15,89999 331,9998 0
2391| -15,89999 335,9998 0
2392| -15,89999 339,9998 0
2393| -15,89999 343,9998 0
2394| -15,89999 347,9998 0
2395| -15,89999 351,9998 0
2396| -15,89999 355,9998 0
2397| -15,89999 359,9998 0
2398| -15,89999 363,9998 0
2399| -15,89999 367,9998 0
2400| -15,89999 371,9998 0
2401| -15,89999 375,9998 0
2402| -15,89999 379,9998 0
2403| -15,89999 383,9998 0
2404| -15,89999 387,9998 0
2405| -15,89999 391,9998 0
2406| -15,89999 395,9998 0
2407| -15,89999 399,9997 0
2408| -15,89999 400 0
2409| -15,89999 400 0
2410| -15,89999 400 0
2411| -15,89999 400 0
2412| -15,89999 400 0
2413| -15,89999 400 0
2414| -15,89999 400 0
2415| -15,89999 400 0
2416| -15,89999 400 0
2417| -15,89999 400 0
2418| -15,89999 400 0
2419| -15,89999 400 0
2420| -15,89999 400 0
2421| -15,89999 400 0
2422| -15,89999 400 0
2423| -15,89999 400 0
2424| -15,89999 400 0
2425| -15,89999 400 0
2426| -15,89999 400 0
2427| -15,89999 400 0
2428| -15,89999 400 0
2429| -15,89999 400 0
2430| -15,89999 400 0
2431| -15,89999 400 0
2432| -15,89999 400 0
2433| -15,89999 400 0
2434| -15,89999 400 0
2435| -15,89999 400 0
2436| -15,89999 400 0
2437| -15,89999 400 0
2438| 0 400 0
2439| 0,3 400 0
2440| 0,6 400 0
2441| 0,9 400 0
2442| 1,2 400 0
2443| 1,5 400 0
2444| 1,8 400 0
2445| 2,1 400 0
2446| 2,4 400 0
2447| 2,7 400 0
2448| 3 400 0
2449| 3,299999 400 0
2450| 3,599999 400 0
2451| 3,899999 400 0
2452| 4,2 400 0
2453| 4,5 400 0
2454| 4,8 400 0
2455| 5,1 400 0
2456| 5,4 400 0
2457| 5,7 400 0
2458| 6 400 0
2459| 6,300001 400 0
2460| 6,600001 400 0
2461| 6,900001 400 0
2462| 6,900001 400 0
2463| 6,900001 400 0
2464| 6,900001 400 0
2465| 6,900001 400 0
2466| 6,900001 400 0
2467| 6,900001 400 0
2468| 6,900001 400 0
2469| 6,900001 400 0
2470| 6,900001 400 0
2471| 6,900001 400 0
2472| 6,900001 400 0
2473| 6,900001 400 0
2474| 6,900001 400 0
2475| 6,900001 400 0
2476| 6,900001 400 0
2477| 6,900001 400 0
2478| 6,900001 400 0
2479| 6,900001 400 0
2480| 6,900001 400 0
2481| 6,900001 400 0
2482| 6,900001 400 0
2483| 6,900001 400 0
2484| 6,900001 400 0
2485| 6,900001 400 0
2486| 6,900001 400 0
2487| 6,900001 400 0
2488| 6,900001 400 0
2489| 6,900001 400 0
2490| 6,900001 400 0
2491| 6,900001 400 0
2492| 6,900001 400 0
2493| 6,900001 400 0
2494| 6,900001 400 0
2495| 6,900001 400 0
2496| 6,900001 400 0
2497| 6,900001 400 0
2498| 6,900001 400 0
2499| 6,900001 400 0
2500| 6,900001 400 0
2501| 6,900001 400 0
2502| 6,900001 400 0
2503| 6,900001 400 0
2504| 6,900001 400 0
2505| 6,900001 400 0
2506| 6,900001 400 0
2507| 6,900001 400 0
2508| 6,900001 400 0
2509| 6,900001 400 0
2510| 6,900001 400 0
2511| 6,900001 400 0
2512| 6,900001 400 0
2513| 6,900001 400 0
2514| 6,900001 400 0
2515| 6,900001 400 0
2516| 6,900001 400 0
2517| 6,900001 400 0
2518| 6,900001 400 0
2519| 6,900001 400 0
2520| 6,900001 400 0
2521| 6,900001 400 0
2522| 6,900001 400 0
2523| 6,900001 400 0
2524| 6,900001 400 0
2525| 6,900001 400 0
2526| 6,900001 400 0
2527| 6,900001 400 0
2528| 6,900001 400 0
2529| 6,900001 400 0
2530| 6,900001 400 0
2531| 6,900001 400 0
2532| 6,900001 400 0
2533| 6,900001 400 0
2534| 6,900001 400 0
2535| 6,900001 400 0
2536| 6,900001 400 0
2537| 6,900001 400 0
2538| 6,900001 400 0
2539| 6,900001 400 0
2540| 6,900001 400 0
2541| 6,900001 400 0
2542| 6,900001 400 0
2543| 6,900001 400 0
2544| 6,900001 400 0
2545| 6,900001 400 0
2546| 6,900001 400 0
2547| 6,900001 400 0
2548| 6,900001 400 0
2549| 6,900001 400 0
2550| 6,900001 400 0
2551| 6,900001 400 0
2552| 6,900001 400 0
2553| 6,900001 400 0
2554| 6,900001 400 0
2555| 6,900001 400 0
2556| 6,900001 400 0
2557| 6,900001 400 0
2558| 6,900001 400 0
2559| 6,900001 400 0
2560| 6,900001 400 0
2561| 6,900001 400 0
2562| 6,900001 400 0
2563| 6,900001 400 0
2564| 6,900001 400 0
2565| 6,900001 400 0
2566| 6,900001 400 0
2567| 6,900001 400 0
2568| 6,900001 400 0
2569| 6,900001 400 0
2570| 6,900001 400 0
2571| 6,900001 400 0
2572| 6,900001 400 0
2573| 6,900001 400 0
2574| 6,900001 400 0
2575| 6,900001 400 0
2576| 6,900001 400 0
2577| 6,900001 400 0
2578| 6,900001 400 0
2579| 6,900001 400 0
2580| 6,900001 400 0
2581| 6,900001 400 0
2582| 6,900001 400 0
2583| 6,900001 400 0
2584| 6,900001 400 0
2585| 6,900001 400 0
2586| 6,900001 400 0
2587| 6,900001 400 0
2588| 6,900001 400 0
2589| 6,900001 400 0
2590| 6,900001 400 0
2591| 6,900001 400 0
2592| 6,900001 400 0
2593| 6,900001 400 0
2594| 6,900001 400 0
2595| 6,900001 400 0
2596| 6,900001 400 0
2597| 6,900001 400 0
2598| 6,900001 400 0
2599| 6,900001 400 0
2600| 6,900001 400 0
2601| 6,900001 400 0
2602| 6,900001 400 0
2603| 6,900001 400 0
2604| 6,900001 400 0
2605| 6,900001 400 0
2606| 6,900001 400 0
2607| 0 400 0
2608| -0,3 400 0
2609| -0,6 400 0
2610| -0,9 400 0
2611| -1,2 400 0
2612| -1,5 400 0
2613| -1,8 400 0
2614| -2,1 400 0
2615| -2,4 400 0
2616| -2,7 400 0
2617| -3 400 0
2618| -3,299999 400 0
2619| -3,599999 400 0
2620| -3,899999 400 0
2621| -4,2 400 0
2622| -4,5 400 0
2623| -4,8 400 0
2624| -5,1 400 0
2625| -5,4 400 0
2626| -5,7 400 0
2627| -6 400 0
2628| -6,300001 400 0
2629| -6,300001 400 0
2630| -6,300001 400 0
2631| -6,300001 400 0
2632| -6,300001 400 0
2633| -6,300001 400 0
2634| -6,300001 400 0
2635| -6,300001 400 0
2636| -6,300001 400 0
2637| -6,300001 400 0
2638| -6,300001 400 0
2639| -6,300001 400 0
2640| -6,300001 400 0
2641| -6,300001 400 0
2642| -6,300001 400 0
2643| -6,300001 400 0
2644| -6,300001 400 0
2645| -6,300001 400 0
2646| -6,300001 400 0
2647| -6,300001 400 0
2648| -6,300001 400 0
2649| -6,300001 400 0
2650| -6,300001 400 0
2651| -6,300001 400 0
2652| -6,300001 400 0
2653| -6,300001 400 0
2654| -6,300001 400 0
2655| -6,300001 400 0
2656| -6,300001 400 0
2657| -6,300001 400 0
2658| -6,300001 400 0
2659| -6,300001 400 0
2660| -6,300001 400 0
2661| -6,300001 400 0
2662| -6,300001 400 0
2663| -6,300001 400 0
2664| -6,300001 400 0
2665| -6,300001 400 0
2666| -6,300001 400 0
2667| -6,300001 400 0
2668| -6,300001 400 0
2669| -6,300001 400 0
2670| -6,300001 400 0
2671| -6,300001 400 0
2672| -6,300001 400 0
2673| -6,300001 400 0
2674| -6,300001 400 0
2675| -6,300001 400 0
2676| -6,300001 400 0
2677| -6,300001 400 0
2678| -6,300001 400 0
2679| -6,300001 400 0
2680| -6,300001 400 0
2681| -6,300001 400 0
2682| -6,300001 400 0
2683| -6,300001 400 0
2684| -6,300001 400 0
2685| -6,300001 400 0
2686| -6,300001 400 0
2687| -6,300001 400 0
2688| -6,300001 400 0
2689| -6,300001 400 0
2690| -6,300001 400 0
2691| -6,300001 400 0
2692| -6,300001 400 0
2693| -6,300001 400 0
2694| -6,300001 400 0
2695| -6,300001 400 0
2696| -6,300001 400 0
2697| -6,300001 400 0
2698| -6,300001 400 0
2699| -6,300001 400 0
2700| -6,300001 400 0
2701| -6,300001 400 0
2702| -6,300001 400 0
2703| -6,300001 400 0
2704| -6,300001 400 0
2705| -6,300001 400 0
2706| -6,300001 400 0
2707| -6,300001 400 0
2708| -6,300001 400 0
2709| -6,300001 400 0
2710| -6,300001 400 0
2711| -6,300001 400 0
2712| -6,300001 400 0
2713| -6,300001 400 0
2714| -6,300001 400 0
2715| -6,300001 400 0
2716| -6,300001 400 0
2717| -6,300001 400 0
2718| -6,300001 400 0
2719| -6,300001 400 0
2720| -6,300001 400 0
2721| -6,300001 400 0
2722| -6,300001 400 0
2723| -6,300001 400 0
2724| -6,300001 400 0
2725| -6,300001 400 0
2726| -6,300001 400 0
2727| -6,300001 400 0
2728| -6,300001 400 0
2729| -6,300001 400 0
2730| -6,300001 400 0
2731| -6,300001 400 0
2732| -6,300001 400 0
2733| -6,300001 400 0
2734| -6,300001 400 0
2735| -6,300001 400 0
2736| -6,300001 400 0
2737| -6,300001 400 0
2738| -6,300001 400 0
2739| -6,300001 400 0
2740| -6,300001 400 0
2741| -6,300001 400 0
2742| -6,300001 400 0
2743| -6,300001 400 0
2744| -6,300001 400 0
2745| -6,300001 400 0
2746| -6,300001 400 0
2747| -6,300001 400 0
2748| -6,300001 400 0
2749| -6,300001 400 0
2750| -6,300001 400 0
2751| -6,300001 400 0
2752| -6,300001 400 0
2753| -6,300001 400 0
2754| -6,300001 400 0
2755| -6,300001 400 0
2756| -6,300001 400 0
2757| -6,300001 400 0
2758| -6,300001 400 0
2759| -6,300001 400 0
2760| -6,300001 400 0
2761| -6,300001 400 0
2762| -6,300001 400 0
2763| -6,300001 400 0
2764| -6,300001 400 0
2765| -6,300001 400 0
2766| -6,300001 400 0
2767| -6,300001 400 0
2768| -6,300001 400 0
2769| -6,300001 400 0
2770| -6,300001 400 0
2771| -6,300001 400 0
2772| -6,300001 400 0
2773| -6,300001 400 0
2774| -6,300001 400 0
2775| -6,300001 400 0
2776| -6,300001 400 0
2777| -6,300001 400 0
2778| -6,300001 400 0
2779| -6,300001 400 0
2780| -6,300001 400 0
2781| -6,300001 400 0
2782| -6,300001 400 0
2783| -6,300001 400 0
2784| 0 400 0
2785| 0,3 400 0
2786| 0,6 400 0
2787| 0,9 400 0
2788| 1,2 400 0
2789| 1,5 400 0
2790| 1,8 400 0
2791| 2,1 400 0
2792| 2,4 400 0
2793| 2,7 400 0
2794| 3 400 0
2795| 3,299999 400 0
2796| 3,299999 400 0
2797| 3,299999 400 0
2798| 3,299999 400 0
2799| 3,299999 400 0
2800| 3,299999 400 0
2801| 3,299999 400 0
2802| 3,299999 400 0
2803| 3,299999 400 0
2804| 3,299999 400 0
2805| 3,299999 400 0
2806| 3,299999 400 0
2807| 3,299999 400 0
2808| 3,299999 400 0
2809| 3,299999 400 0
2810| 3,299999 400 0
2811| 3,299999 400 0
2812| 3,299999 400 0
2813| 3,299999 400 0
2814| 3,299999 400 0
2815| 3,299999 400 0
2816| 3,299999 400 0
2817| 3,299999 400 0
2818| 3,299999 400 0
2819| 3,299999 400 0
2820| 3,299999 400 0
2821| 3,299999 400 0
2822| 3,299999 400 0
2823| 3,299999 400 0
2824| 3,299999 400 0
2825| 3,299999 400 0
2826| 3,299999 400 0
2827| 3,299999 400 0
2828| 3,299999 400 0
2829| 3,299999 400 0
2830| 3,299999 400 0
2831| 3,299999 400 0
2832| 3,299999 400 0
2833| 3,299999 400 0
2834| 3,299999 400 0
2835| 3,299999 400 0
2836| 3,299999 400 0
2837| 3,299999 400 0
2838| 3,299999 400 0
2839| 3,299999 400 0
2840| 3,299999 400 0
2841| 3,299999 400 0
2842| 3,299999 400 0
2843| 3,299999 400 0
2844| 3,299999 400 0
2845| 3,299999 400 0
2846| 3,299999 400 0
2847| 3,299999 400 0
2848| 3,299999 400 0
2849| 3,299999 400 0
2850| 3,299999 400 0
2851| 3,299999 400 0
2852| 3,299999 400 0
2853| 3,299999 400 0
2854| 3,299999 400 0
2855| 3,299999 400 0
2856| 3,299999 400 0
2857| 3,299999 400 0
2858| 3,299999 400 0
2859| 3,299999 400 0
2860| 3,299999 400 0
2861| 3,299999 400 0
2862| 3,299999 400 0
2863| 3,299999 400 0
2864| 3,299999 400 0
2865| 3,299999 400 0
2866| 3,299999 400 0
2867| 3,299999 400 0
2868| 3,299999 400 0
2869| 3,299999 400 0
2870| 3,299999 400 0
2871| 3,299999 400 0
2872| 3,299999 400 0
2873| 3,299999 400 0
2874| 3,299999 400 0
2875| 3,299999 400 0
2876| 3,299999 400 0
2877| 3,299999 400 0
2878| 3,299999 400 0
2879| 3,299999 400 0
2880| 3,299999 400 0
2881| 3,299999 400 0
2882| 3,299999 400 0
2883| 3,299999 400 0
2884| 3,299999 400 0
2885| 3,299999 400 0
2886| 3,299999 400 0
2887| 3,299999 400 0
2888| 3,299999 400 0
2889| 3,299999 400 0
2890| 3,299999 400 0
2891| 3,299999 400 0
2892| 3,299999 400 0
2893| 3,299999 400 0
2894| 3,299999 400 0
2895| 3,299999 400 0
2896| 3,299999 400 0
2897| 0 400 0
2898| -0,3 400 0
2899| -0,6 400 0
2900| -0,9 400 0
2901| -1,2 400 0
2902| -1,5 400 0
2903| -1,8 400 0
2904| -2,1 400 0
2905| -2,4 400 0
2906| -2,7 400 0
2907| -3 400 0
2908| -3,299999 400 0
2909| -3,599999 400 0
2910| -3,899999 400 0
2911| -4,2 400 0
2912| -4,5 400 0
2913| -4,8 400 0
2914| -5,1 400 0
2915| -5,4 400 0
2916| -5,7 400 0
2917| -6 400 0
2918| -6,300001 400 0
2919| -6,600001 400 0
2920| -6,900001 400 0
2921| -7,200001 400 0
2922| -7,500001 400 0
2923| -7,800001 400 0
2924| -8,1 400 0
2925| -8,4 400 0
2926| -8,7 400 0
2927| -8,7 400 0
2928| -8,7 400 0
2929| -8,7 400 0
2930| -8,7 400 0
2931| -8,7 400 0
2932| -8,7 400 0
2933| -8,7 400 0
2934| -8,7 400 0
2935| -8,7 400 0
2936| -8,7 400 0
2937| -8,7 400 0
2938| -8,7 400 0
2939| -8,7 400 0
2940| -8,7 400 0
2941| -8,7 400 0
2942| -8,7 400 0
2943| -8,7 400 0
2944| -8,7 400 0
2945| -8,7 400 0
2946| -8,7 400 0
2947| -8,7 400 0
2948| -8,7 400 0
2949| -8,7 400 0
2950| -8,7 400 0
2951| -8,7 400 0
2952| -8,7 400 0
2953| -8,7 400 0
2954| -8,7 400 0
2955| -8,7 400 0
2956| -8,7 400 0
2957| -8,7 400 0
2958| -8,7 400 0
2959| -8,7 400 0
2960| -8,7 400 0
2961| -8,7 400 0
2962| -8,7 400 0
2963| -8,7 400 0
2964| -8,7 400 0
2965| -8,7 400 0
2966| -8,7 400 0
2967| -8,7 400 0
2968| -8,7 400 0
2969| -8,7 400 0
2970| -8,7 400 0
2971| -8,7 400 0
2972| -8,7 400 0
2973| -8,7 400 0
2974| -8,7 400 0
2975| -8,7 400 0
2976| -8,7 400 0
2977| -8,7 400 0
2978| -8,7 400 0
2979| -8,7 400 0
2980| -8,7 400 0
2981| -8,7 400 0
2982| -8,7 400 0
2983| -8,7 400 0
2984| -8,7 400 0
2985| -8,7 400 0
2986| -8,7 400 0
2987| -8,7 400 0
2988| -8,7 400 0
2989| -8,7 400 0
2990| -8,7 400 0
2991| -8,7 400 0
2992| -8,7 400 0
2993| -8,7 400 0
2994| -8,7 400 0
2995| -8,7 400 0
2996| -8,7 400 0
2997| -8,7 400 0
2998| -8,7 400 0
2999| -8,7 400 0
3000| -8,7 400 0
3001| -8,7 400 0
3002| -8,7 400 0
3003| -8,7 400 0
3004| -8,7 400 0
3005| -8,7 400 0
3006| -8,7 400 0
3007| -8,7 400 0
3008| -8,7 400 0
3009| -8,7 400 0
3010| -8,7 400 0
3011| -8,7 400 0
3012| -8,7 400 0
3013| -8,7 400 0
3014| -8,7 400 0
3015| -8,7 400 0
3016| -8,7 400 0
3017| -8,7 400 0
3018| -8,7 400 0
3019| -8,7 400 0
3020| -8,7 400 0
3021| -8,7 400 0
3022| -8,7 400 0
3023| -8,7 400 0
3024| -8,7 400 0
3025| -8,7 400 0
3026| -8,7 400 0
3027| -8,7 400 0
3028| -8,7 400 0
3029| -8,7 400 0
3030| -8,7 400 0
3031| -8,7 400 0
3032| -8,7 400 0
3033| -8,7 400 0
3034| -8,7 400 0
3035| -8,7 400 0
3036| -8,7 400 0
3037| -8,7 400 0
3038| -8,7 400 0
3039| -8,7 400 0
3040| -8,7 400 0
3041| -8,7 400 0
3042| -8,7 400 0
3043| -8,7 400 0
3044| -8,7 400 0
3045| -8,7 400 0
3046| -8,7 400 0
3047| -8,7 400 0
3048| -8,7 400 0
3049| -8,7 400 0
3050| -8,7 400 0
3051| -8,7 400 0
3052| -8,7 400 0
3053| -8,7 400 0
3054| -8,7 400 0
3055| -8,7 400 0
3056| -8,7 400 0
3057| -8,7 400 0
3058| -8,7 400 0
3059| -8,7 400 0
3060| -8,7 400 0
3061| -8,7 400 0
3062| -8,7 400 0
3063| -8,7 400 0
3064| 0 0 0
3065| 0 0 0
3066| 0 0 0
3067| 0 0 0
3068| 0 0 0
3069| 0,3 0 0
3070| 0,6 0 0
3071| 0,9 0 0
3072| 1,2 0 0
3073| 1,5 0 0
3074| 1,8 0 0
3075| 2,1 0 0
3076| 2,4 0 0
3077| 2,7 0 0
3078| 3 0 0
3079| 3,299999 0 0
3080| 3,599999 0 0
3081| 3,899999 0 0
3082| 0 0 0
3083| 0 0 0
3084| 0 0 0
3085| 0 0 0
3086| 0 4 0
3087| 0 8 0
3088| 0 12 0
3089| 0 16 0
3090| 0 20 0
3091| 0 24 0
3092| 0 28 0
3093| 0 32 0
3094| 0 36 0
3095| 0 40 0
3096| 0 43,99999 0
3097| 0 47,99999 0
3098| 0 51,99999 0
3099| 0 55,99999 0
3100| 0 60 0
3101| 0 64 0
3102| 0 68 0
3103| 0 72 0
3104| 0 76,00001 0
3105| 0 80,00001 0
3106| 0 84,00001 0
3107| 0 88,00002 0
3108| 0 92,00002 0
3109| 0 96,00002 0
3110| 0 100 0
3111| 0 104 0
3112| 0 108 0
3113| 0 112 0
3114| 0 116 0
3115| 0 120 0
3116| 0 124 0
3117| 0 0 0
3118| 0 0 0
3119| 0 0 0
3120| 0 4 0
3121| 0 8 0
3122| 0 12 0
3123| 0 16 0
3124| 0 20 0
3125| 0 24 0
3126| 0 28 0
3127| 0 32 0
3128| 0 36 0
3129| 0 40 0
3130| 0 43,99999 0
3131| 0 47,99999 0
3132| 0 51,99999 0
3133| 0 55,99999 0
3134| 0 60 0
3135| 0 64 0
3136| 0 68 0
3137| 0 72 0
3138| 0 76,00001 0
3139| 0 80,00001 0
3140| 0 84,00001 0
3141| 0 88,00002 0
3142| 0 92,00002 0
3143| 0 96,00002 0
3144| 0 100 0
3145| 0 104 0
3146| 0 108 0
3147| 0 112 0
3148| 0 116 0
3149| 0 120 0
3150| 0 124 0
3151| 0 128 0
3152| 0 132 0
3153| 0 136 0
3154| 0 140 0
3155| 0 144 0
3156| 0 148 0
3157| 0 152 0
3158| 0 156 0
3159| 0 160 0
3160| 0 164 0
3161| 0 168 0
3162| 0 171,9999 0
3163| 0 175,9999 0
3164| 0 179,9999 0
3165| 0 183,9999 0
3166| 0 187,9999 0
3167| 0 191,9999 0
3168| -0,3 195,9999 0
3169| -0,6 199,9999 0
3170| -0,9 203,9999 0
3171| -1,2 207,9999 0
3172| -1,5 211,9999 0
3173| -1,8 215,9999 0
3174| -2,1 219,9999 0
3175| -2,4 223,9999 0
3176| -2,7 227,9999 0
3177| -3 231,9999 0
3178| -3 235,9999 0
3179| -3 239,9999 0
3180| -3 243,9999 0
3181| -3 247,9999 0
3182| -3 251,9999 0
3183| -3 255,9999 0
3184| -3 259,9999 0
3185| -3 263,9999 0
3186| -3 267,9999 0
3187| -3 271,9998 0
3188| -3 275,9998 0
3189| -3 279,9998 0
3190| -3 283,9998 0
3191| -3 287,9998 0
3192| -3 291,9998 0
3193| -3 295,9998 0
3194| -3 299,9998 0
3195| -3 303,9998 0
3196| -3 307,9998 0
3197| -3 311,9998 0
3198| -3 315,9998 0
3199| -3 319,9998 0
3200| -3 323,9998 0
3201| -3 327,9998 0
3202| -3 331,9998 0
3203| -3 335,9998 0
3204| -3 339,9998 0
3205| -3 343,9998 0
3206| -3 347,9998 0
3207| -3 351,9998 0
3208| -3 355,9998 0
3209| -3 359,9998 0
3210| -3 363,9998 0
3211| -3 367,9998 0
3212| -3 371,9998 0
3213| -3 375,9998 0
3214| -3 379,9998 0
3215| -3 383,9998 0
3216| -3 387,9998 0
3217| -3 391,9998 0
3218| -3 395,9998 0
3219| -3 399,9997 0
3220| -3 400 0
3221| -3 400 0
3222| -3 400 0
3223| -3 400 0
3224| -3 400 0
3225| -3 400 0
3226| -3 400 0
3227| -3 400 0
3228| -3 400 0
3229| -3 400 0
3230| -3 400 0
3231| -3 400 0
3232| -3 400 0
3233| -3 400 0
3234| -3 400 0
3235| -3 400 0
3236| -3 400 0
3237| -3 400 0
3238| -3 400 0
3239| -3 400 0
3240| -3 400 0
3241| -3 400 0
3242| -3 400 0
3243| -3 400 0
3244| -3 400 0
3245| -3 400 0
3246| -3 400 0
3247| -3 400 0
3248| -3 400 0
3249| -3 400 0
3250| -3 400 0
3251| -3 400 0
3252| -3 400 0
3253| -3 400 0
3254| -3 400 0
3255| -3 400 0
3256| -3 400 0
3257| -3 400 0
3258| -3 400 0
3259| -3 400 0
3260| -3 400 0
3261| -3 400 0
3262| -3 400 0
3263| -3 400 0
3264| -3 400 0
3265| -3 400 0
3266| -3 400 0
3267| -3 400 0
3268| -3 400 0
3269| -3 400 0
3270| -3 400 0
3271| -3 400 0
3272| -3 400 0
3273| -3 400 0
3274| -3 400 0
3275| -3 400 0
3276| -3 400 0
3277| -3 400 0
3278| -3 400 0
3279| -3 400 0
3280| -3 400 0
3281| -3 400 0
3282| -3 400 0
3283| -3 400 0
3284| -3 400 0
3285| -3 400 0
3286| -3 400 0
3287| -3 400 0
3288| -3 400 0
3289| -3 400 0
3290| -3 400 0
3291| -3 400 0
3292| -3 400 0
3293| -3 400 0
3294| -3 400 0
3295| -3 400 0
3296| -3 400 0
3297| -3 400 0
3298| -3 400 0
3299| -3 400 0
3300| -3 400 0
3301| -3 400 0
3302| -3 400 0
3303| -3 400 0
3304| -3 400 0
3305| -3 400 0
3306| -3 400 0
3307| -3 400 0
3308| -3 400 0
3309| -3 400 0
3310| -3 400 0
3311| -3 400 0
3312| -3 400 0
3313| -3 400 0
3314| -3 400 0
3315| -3 400 0
3316| -3 400 0
3317| -3 400 0
3318| -3 400 0
3319| -3 400 0
3320| -3 400 0
3321| -3 400 0
3322| -3 400 0
3323| -3 400 0
3324| -3 400 0
3325| -3 400 0
3326| -3 400 0
3327| -3 400 0
3328| -3 400 0
3329| -3 400 0
3330| -3 400 0
3331| -3 400 0
3332| -3 400 0
3333| -3 400 0
3334| -3 400 0
3335| -3 400 0
3336| -3 400 0
3337| -3 400 0
3338| -3 400 0
3339| -3 400 0
3340| -3 400 0
3341| -3 400 0
3342| -3 400 0
3343| -3 400 0
3344| -3 400 0
3345| -3 400 0
3346| -3 400 0
3347| -3 400 0
3348| -3 400 0
3349| -3 400 0
3350| -3 400 0
3351| -3 400 0
3352| 0 400 0
3353| 0,3 400 0
3354| 0,6 400 0
3355| 0,9 400 0
3356| 1,2 400 0
3357| 1,5 400 0
3358| 1,8 400 0
3359| 2,1 400 0
3360| 2,4 400 0
3361| 2,7 400 0
3362| 3 400 0
3363| 3,299999 400 0
3364| 3,599999 400 0
3365| 3,899999 400 0
3366| 4,2 400 0
3367| 4,5 400 0
3368| 4,8 400 0
3369| 5,1 400 0
3370| 5,4 400 0
3371| 5,7 400 0
3372| 6 400 0
3373| 6,300001 400 0
3374| 6,600001 400 0
3375| 6,900001 400 0
3376| 7,200001 400 0
3377| 7,500001 400 0
3378| 7,800001 400 0
3379| 8,1 400 0
3380| 8,4 400 0
3381| 8,7 400 0
3382| 8,999999 400 0
3383| 9,299999 400 0
3384| 9,599998 400 0
3385| 9,899999 400 0
3386| 10,2 400 0
3387| 10,5 400 0
3388| 10,8 400 0
3389| 11,1 400 0
3390| 11,4 400 0
3391| 11,7 400 0
3392| 12 400 0
3393| 12,3 400 0
3394| 12,6 400 0
3395| 12,9 400 0
3396| 13,2 400 0
3397| 13,5 400 0
3398| 13,5 400 0
3399| 13,5 400 0
3400| 13,5 400 0
3401| 13,5 400 0
3402| 13,5 400 0
3403| 13,5 400 0
3404| 13,5 400 0
3405| 13,5 400 0
3406| 13,5 400 0
3407| 13,5 400 0
3408| 13,5 400 0
3409| 13,5 400 0
3410| 13,5 400 0
3411| 13,5 400 0
3412| 13,5 400 0
3413| 13,5 400 0
3414| 13,5 400 0
3415| 13,5 400 0
3416| 13,5 400 0
3417| 13,5 400 0
3418| 13,5 400 0
3419| 13,5 400 0
3420| 13,5 400 0
3421| 13,5 400 0
3422| 13,79999 400 0
3423| 14,09999 400 0
3424| 14,39999 400 0
3425| 14,69999 400 0
3426| 14,99999 400 0
3427| 15,29999 400 0
3428| 15,59999 400 0
3429| 15,89999 400 0
3430| 16,19999 400 0
3431| 16,49999 400 0
3432| 16,79999 400 0
3433| 17,09999 400 0
3434| 17,39999 400 0
3435| 17,69999 400 0
3436| 17,99999 400 0
3437| 18,29999 400 0
3438| 18,59999 400 0
3439| 18,89999 400 0
3440| 19,19999 400 0
3441| 19,49999 400 0
3442| 19,79999 400 0
3443| 20,09999 400 0
3444| 20,39999 400 0
3445| 20,69999 400 0
3446| 20,99999 400 0
3447| 21,29999 400 0
3448| 21,59999 400 0
3449| 21,89999 400 0
3450| 22,19999 400 0
3451| 22,49999 400 0
3452| 22,79999 400 0
3453| 23,09999 400 0
3454| 23,39999 400 0
3455| 23,69999 400 0
3456| 23,99999 400 0
3457| 24,29999 400 0
3458| 24,59999 400 0
3459| 24,89998 400 0
3460| 25,19999 400 0
3461| 25,49998 400 0
3462| 25,79998 400 0
3463| 26,09998 400 0
3464| 26,39998 400 0
3465| 26,69998 400 0
3466| 26,99998 400 0
3467| 27,29998 400 0
3468| 27,59998 400 0
3469| 27,89998 400 0
3470| 28,19998 400 0
3471| 28,49998 400 0
3472| 28,79998 400 0
3473| 29,09998 400 0
3474| 29,39998 400 0
3475| 29,69998 400 0
3476| 29,99998 400 0
3477| 30 400 0
3478| 30 400 0
3479| 30 400 0
3480| 30 400 0
3481| 30 400 0
3482| 30 400 0
3483| 30 400 0
3484| 30 400 0
3485| 30 400 0
3486| 30 400 0
3487| 30 400 0
3488| 30 400 0
3489| 30 400 0
3490| 30 400 0
3491| 30 400 0
3492| 30 400 0
3493| 30 400 0
3494| 30 400 0
3495| 30 400 0
3496| 30 400 0
3497| 30 400 0
3498| 30 400 0
3499| 30 400 0
3500| 30 400 0
3501| 30 400 0
3502| 30 400 0
3503| 30 400 0
3504| 30 400 0
3505| 30 400 0
3506| 30 400 0
3507| 30 400 0
3508| 30 400 0
3509| 30 400 0
3510| 30 400 0
3511| 30 400 0
3512| 30 400 0
3513| 30 400 0
3514| 30 400 0
3515| 30 400 0
3516| 30 400 0
3517| 30 400 0
3518| 30 400 0
3519| 30 400 0
3520| 30 400 0
3521| 30 400 0
3522| 30 400 0
3523| 30 400 0
3524| 30 400 0
3525| 30 400 0
3526| 30 400 0
3527| 30 400 0
3528| 30 400 0
3529| 30 400 0
3530| 30 400 0
3531| 30 400 0
3532| 30 400 0
3533| 30 400 0
3534| 30 400 0
3535| 30 400 0
3536| 30 400 0
3537| 30 400 0
3538| 30 400 0
3539| 30 400 0
3540| 30 400 0
3541| 30 400 0
3542| 30 400 0
3543| 30 400 0
3544| 30 400 0
3545| 30 400 0
3546| 30 400 0
3547| 0 400 0
3548| -0,3 400 0
3549| -0,6 400 0
3550| -0,9 400 0
3551| -1,2 400 0
3552| -1,5 400 0
3553| -1,8 400 0
3554| -2,1 400 0
3555| -2,4 400 0
3556| -2,7 400 0
3557| -3 400 0
3558| -3,299999 400 0
3559| -3,599999 400 0
3560| -3,899999 400 0
3561| -4,2 400 0
3562| -4,5 400 0
3563| -4,8 400 0
3564| -5,1 400 0
3565| -5,4 400 0
3566| -5,7 400 0
3567| -6 400 0
3568| -6,300001 400 0
3569| -6,600001 400 0
3570| -6,900001 400 0
3571| -7,200001 400 0
3572| -7,500001 400 0
3573| -7,800001 400 0
3574| -8,1 400 0
3575| -8,4 400 0
3576| -8,7 400 0
3577| -8,999999 400 0
3578| -9,299999 400 0
3579| -9,599998 400 0
3580| -9,899999 400 0
3581| -10,2 400 0
3582| -10,5 400 0
3583| -10,8 400 0
3584| -11,1 400 0
3585| -11,4 400 0
3586| -11,7 400 0
3587| -12 400 0
3588| -12,3 400 0
3589| -12,6 400 0
3590| -12,9 400 0
3591| -13,2 400 0
3592| -13,5 400 0
3593| -13,79999 400 0
3594| -14,09999 400 0
3595| -14,39999 400 0
3596| -14,69999 400 0
3597| -14,99999 400 0
3598| -15,29999 400 0
3599| -15,59999 400 0
3600| -15,89999 400 0
3601| -16,19999 400 0
3602| -16,49999 400 0
3603| -16,79999 400 0
3604| -17,09999 400 0
3605| -17,39999 400 0
3606| -17,69999 400 0
3607| -17,99999 400 0
3608| -18,29999 400 0
3609| -18,59999 400 0
3610| -18,89999 400 0
3611| -19,19999 400 0
3612| -19,49999 400 0
3613| -19,79999 400 0
3614| -20,09999 400 0
3615| -20,39999 400 0
3616| -20,69999 400 0
3617| -20,99999 400 0
3618| -21,29999 400 0
3619| -21,59999 400 0
3620| -21,89999 400 0
3621| -22,19999 400 0
3622| -22,49999 400 0
3623| -22,79999 400 0
3624| -23,09999 400 0
3625| -23,39999 400 0
3626| -23,69999 400 0
3627| -23,99999 400 0
3628| -24,29999 400 0
3629| -24,59999 400 0
3630| -24,89998 400 0
3631| -25,19999 400 0
3632| -25,49998 400 0
3633| -25,79998 400 0
3634| -26,09998 400 0
3635| -26,39998 400 0
3636| -26,69998 400 0
3637| -26,99998 400 0
3638| -27,29998 400 0
3639| -27,59998 400 0
3640| -27,89998 400 0
3641| -28,19998 400 0
3642| -28,49998 400 0
3643| -28,79998 400 0
3644| -29,09998 400 0
3645| -29,39998 400 0
3646| -29,69998 400 0
3647| -29,99998 400 0
3648| -30 400 0
3649| -30 400 0
3650| -30 400 0
3651| -30 400 0
3652| -30 400 0
3653| -30 400 0
3654| -30 400 0
3655| -30 400 0
3656| -30 400 0
3657| -30 400 0
3658| -30 400 0
3659| -30 400 0
3660| -30 400 0
3661| -30 400 0
3662| -30 400 0
3663| -30 400 0
3664| -30 400 0
3665| -30 400 0
3666| -30 400 0
3667| -30 400 0
3668| -30 400 0
3669| -30 400 0
3670| -30 400 0
3671| -30 400 0
3672| -30 400 0
3673| -30 400 0
3674| -30 400 0
3675| -30 400 0
3676| -30 400 0
3677| -30 400 0
3678| -30 400 0
3679| -30 400 0
3680| -30 400 0
3681| -30 400 0
3682| -30 400 0
3683| -30 400 0
3684| -30 400 0
3685| -30 400 0
3686| -30 400 0
3687| -30 400 0
3688| -30 400 0
3689| -30 400 0
3690| -30 400 0
3691| -30 400 0
3692| -30 400 0
3693| -30 400 0
3694| -30 400 0
3695| -30 400 0
3696| -30 400 0
3697| -30 400 0
3698| -30 400 0
3699| -30 400 0
3700| -30 400 0
3701| -30 400 0
3702| -30 400 0
3703| -30 400 0
3704| -30 400 0
3705| -30 400 0
3706| -30 400 0
3707| -30 400 0
3708| -30 400 0
3709| -30 400 0
3710| -30 400 0
3711| -30 400 0
3712| -30 400 0
3713| -30 400 0
3714| -30 400 0
3715| -30 400 0
3716| -30 400 0
3717| -30 400 0
3718| -30 400 0
3719| -30 400 0
3720| -30 400 0
3721| -30 400 0
3722| -30 400 0
3723| -30 400 0
3724| -30 400 0
3725| -30 400 0
3726| -30 400 0
3727| -30 400 0
3728| -30 400 0
3729| -30 400 0
3730| -30 400 0
3731| -30 400 0
3732| -30 400 0
3733| -30 400 0
3734| -30 400 0
3735| -30 400 0
3736| -30 400 0
3737| -30 400 0
3738| -30 400 0
3739| -30 400 0
3740| -30 400 0
3741| -30 400 0
3742| -30 400 0
3743| -30 400 0
3744| 0 0 0
3745| 0 0 0
3746| 0 0 0
3747| 0 0 0
3748| 0 0 0
3749| 0 0 0
3750| 0 0 0
3751| 0 0 0
3752| 0 0 0
3753| 0 0 0
3754| 0 0 0
3755| 0 0 0
3756| 0 0 0
3757| 0 0 0
3758| 0 0 0
3759| 0 0 0
3760| 0 0 0
3761| 0 0 0
3762| 0 0 0
3763| 0 0 0
3764| 0 0 0
3765| 0 0 0
3766| 0 0 0
3767| 0 0 0
3768| 0 0 0
3769| 0 0 0
3770| 0 0 0
3771| 0 0 0
3772| 0 4 0
3773| 0 8 0
3774| 0 12 0
3775| 0 16 0
3776| 0 20 0
3777| 0 24 0
3778| 0 28 0
3779| 0 32 0
3780| 0 36 0
3781| 0 40 0
3782| 0 43,99999 0
3783| 0 47,99999 0
3784| 0 51,99999 0
3785| 0 55,99999 0
3786| 0 60 0
3787| 0 64 0
3788| 0 68 0
3789| 0 72 0
3790| 0 76,00001 0
3791| 0 80,00001 0
3792| 0 84,00001 0
3793| 0 88,00002 0
3794| 0 92,00002 0
3795| 0 96,00002 0
3796| 0 100 0
3797| 0 104 0
3798| 0 108 0
3799| 0 112 0
3800| 0 116 0
3801| 0 0 0
3802| 0 0 0
3803| 0 0 0
3804| 0 0 0
3805| 0 0 0
3806| 0 0 0
3807| 0 0 0
3808| 0 0 0
3809| 0 0 0
3810| 0 0 0
3811| 0 0 0
3812| 0 0 0
3813| 0 0 0
3814| 0 0 0
3815| 0 0 0
3816| 0 0 0
3817| 0 0 0
3818| 0 0 0
3819| 0 0 0
3820| 0 0 0
3821| 0 0 0
3822| 0 0 0
3823| 0 0 0
3824| 0 0 0
3825| 0 0 0
3826| 0 0 0
3827| 0 0 0
3828| 0 0 0
3829| 0 0 0
3830| 0 0 0
3831| 0 0 0
3832| 0 0 0
3833| 0 0 0
3834| 0 0 0
3835| 0 0 0
3836| 0 0 0
3837| 0 0 0
3838| 0 0 0
3839| 0 4 0
3840| 0 8 0
3841| 0 12 0
3842| 0 16 0
3843| 0 20 0
3844| 0 24 0
3845| 0 28 0
3846| 0 32 0
3847| 0 36 0
3848| 0 40 0
3849| 0 43,99999 0
3850| 0 47,99999 0
3851| 0 51,99999 0
3852| 0 55,99999 0
3853| 0 60 0
3854| 0 64 0
3855| 0 68 0
3856| 0 72 0
3857| 0 76,00001 0
3858| 0 80,00001 0
3859| 0 84,00001 0
3860| 0 88,00002 0
3861| 0 92,00002 0
3862| 0 96,00002 0
3863| 0 100 0
3864| 0 104 0
3865| 0 108 0
3866| 0 112 0
3867| 0 116 0
3868| 0 120 0
3869| 0 124 0
3870| 0 128 0
3871| 0 132 0
3872| 0 0 0
3873| 0 0 0
3874| 0 0 0
3875| 0 0 0
3876| 0 0 0
3877| 0 0 0
3878| 0 0 0
3879| 0 0 0
3880| 0 0 0
3881| 0 0 0
3882| 0 0 0
3883| 0 0 0
3884| 0 0 0
3885| 0 0 0
3886| 0 0 0
3887| 0 0 0
3888| 0 0 0
3889| 0 0 0
3890| 0 0 0
3891| 0 0 0
3892| 0 0 0
3893| 0 0 0
3894| 0 0 0
3895| 0 0 0
3896| 0 0 0
3897| 0 0 0
3898| 0 0 0
3899| 0 0 0
3900| 0 0 0
3901| 0 0 0
3902| 0 0 0
3903| 0 0 0
3904| 0 0 0
3905| 0 0 0
3906| 0 0 0
3907| 0 0 0
3908| 0 0 0
3909| 0 0 0
3910| 0 0 0
3911| 0 0 0
3912| 0 0 0
3913| 0 0 0
3914| 0 0 0
3915| 0 0 0
3916| 0 0 0
3917| 0 0 0
3918| 0 0 0
3919| 0 0 0
3920| 0 0 0
3921| 0 0 0
3922| 0 0 0
3923| 0 0 0
3924| 0 0 0
3925| 0 0 0
3926| 0 0 0
3927| 0 0 0
3928| 0 0 0
3929| 0 0 0
3930| 0 0 0
3931| 0 0 0
3932| 0 0 0
3933| 0 0 0
3934| 0 4 0
3935| 0 8 0
3936| 0 12 0
3937| 0 16 0
3938| 0 20 0
3939| 0 24 0
3940| 0 28 0
3941| 0 32 0
3942| 0 36 0
3943| 0 40 0
3944| 0 43,99999 0
3945| 0 47,99999 0
3946| 0 51,99999 0
3947| 0 55,99999 0
3948| 0 60 0
3949| 0 64 0
3950| 0 68 0
3951| 0 72 0
3952| 0 76,00001 0
3953| 0 80,00001 0
3954| 0 84,00001 0
3955| 0 88,00002 0
3956| 0 92,00002 0
3957| 0 96,00002 0
3958| 0 100 0
3959| 0 104 0
3960| 0 108 0
3961| 0 112 0
3962| 0 116 0
3963| 0 120 0
3964| 0 124 0
3965| 0 128 0
3966| 0 132 0
3967| 0 136 0
3968| 0 140 0
3969| 0 144 0
3970| 0 148 0
3971| 0 152 0
3972| 0 156 0
3973| 0 160 0
3974| 0 164 0
3975| 0 168 0
3976| 0 171,9999 0
3977| 0 175,9999 0
3978| 0 179,9999 0
3979| 0 183,9999 0
3980| 0 187,9999 0
3981| 0 191,9999 0
3982| 0 195,9999 0
3983| 0 199,9999 0
3984| 0 203,9999 0
3985| 0 207,9999 0
3986| 0 211,9999 0
3987| 0 215,9999 0
3988| 0 219,9999 0
3989| 0 223,9999 0
3990| 0 227,9999 0
3991| 0 231,9999 0
3992| 0 235,9999 0
3993| 0 239,9999 0
3994| 0 243,9999 0
3995| 0 247,9999 0
3996| 0 251,9999 0
3997| 0 255,9999 0
3998| 0 259,9999 0
3999| 0 263,9999 0
4000| 0 267,9999 0
4001| 0 271,9998 0
4002| 0 275,9998 0
4003| 0 279,9998 0
4004| 0 283,9998 0
4005| 0 287,9998 0
4006| 0 291,9998 0
4007| 0 295,9998 0
4008| 0 299,9998 0
4009| 0 303,9998 0
4010| 0 307,9998 0
4011| 0 311,9998 0
4012| 0 315,9998 0
4013| 0 319,9998 0
4014| 0 323,9998 0
4015| 0 327,9998 0
4016| 0 331,9998 0
4017| 0 335,9998 0
4018| 0 339,9998 0
4019| 0 343,9998 0
4020| 0 347,9998 0
4021| 0 351,9998 0
4022| 0 355,9998 0
4023| 0 359,9998 0
4024| 0 363,9998 0
4025| 0 367,9998 0
4026| 0 371,9998 0
4027| 0 375,9998 0
4028| 0 379,9998 0
4029| 0 383,9998 0
4030| 0 387,9998 0
4031| 0 391,9998 0
4032| 0 0 0
4033| 0 0 0
4034| 0 0 0
4035| 0 0 0
4036| 0 0 0
4037| 0 0 0
4038| 0 0 0
4039| 0 0 0
4040| 0 0 0
4041| 0 0 0
4042| 0 0 0
4043| 0 0 0
4044| 0 0 0
4045| 0 0 0
4046| 0 0 0
4047| 0 0 0
4048| 0 0 0
4049| 0 0 0
4050| 0 0 0
4051| 0 0 0
4052| 0 0 0
4053| 0 0 0
4054| 0 0 0
4055| 0 0 0
4056| 0 0 0
4057| 0 0 0
4058| 0 0 0
4059| 0 0 0
4060| 0 0 0
4061| 0 0 0
4062| 0 0 0
4063| 0 0 0
4064| 0 0 0
4065| 0 0 0
4066| 0 0 0
4067| 0 0 0
4068| 0 0 0
4069| 0 0 0
4070| 0 0 0
4071| 0 0 0
4072| 0 0 0
4073| 0 0 0
4074| 0 0 0
4075| 0 0 0
4076| 0 0 0
4077| 0 0 0
4078| 0 0 0
4079| 0 0 0
4080| 0 0 0
4081| 0 0 0
4082| 0 0 0
4083| 0 0 0
4084| 0 0 0
4085| 0 0 0
4086| 0 0 0
4087| 0 0 0
4088| 0 0 0
4089| 0 0 0
4090| 0 0 0
4091| 0 0 0
4092| 0 0 0
4093| 0 0 0
4094| 0 0 0
4095| 0 0 0
4096| 0 0 0
4097| 0 0 0
4098| 0 0 0
4099| 0 0 0
4100| 0 0 0
4101| 0 0 0
4102| 0 0 0
4103| 0 0 0
4104| 0 0 0
4105| 0 0 0
4106| 0 0 0
4107| 0 0 0
4108| 0 0 0
4109| 0 0 0
4110| 0 0 0
4111| 0 0 0
4112| 0 0 0
4113| 0 0 0
4114| 0 0 0
4115| 0 0 0
4116| 0 0 0
4117| 0 0 0
4118| 0 0 0
4119| 0 0 0
4120| 0 0 0
4121| 0 4 0
4122| 0 8 0
4123| 0 12 0
4124| 0 16 0
4125| 0 20 0
4126| 0 24 0
4127| 0 28 0
4128| 0 32 0
4129| 0 36 0
4130| 0 40 0
4131| 0 43,99999 0
4132| 0 47,99999 0
4133| 0 51,99999 0
4134| 0 55,99999 0
4135| 0 60 0
4136| 0 64 0
4137| 0 68 0
4138| 0 72 0
4139| 0 76,00001 0
4140| 0 80,00001 0
4141| 0 84,00001 0
4142| 0 88,00002 0
4143| 0 92,00002 0
4144| 0 96,00002 0
4145| 0 100 0
4146| 0 104 0
4147| 0 108 0
4148| 0 112 0
4149| 0 116 0
4150| 0 120 0
4151| 0 124 0
4152| 0 128 0
4153| 0 132 0
4154| 0 136 0
4155| 0 140 0
4156| 0 144 0
4157| 0 148 0
4158| 0 152 0
4159| 0 156 0
4160| 0 160 0
4161| 0 164 0
4162| 0 168 0
4163| 0 171,9999 0
4164| 0 175,9999 0
4165| 0 179,9999 0
4166| 0 183,9999 0
4167| 0 187,9999 0
4168| 0 191,9999 0
4169| 0 195,9999 0
4170| 0 199,9999 0
4171| 0 203,9999 0
4172| 0 207,9999 0
4173| 0 211,9999 0
4174| 0 215,9999 0
4175| 0 219,9999 0
4176| 0 223,9999 0
4177| 0 227,9999 0
4178| 0 231,9999 0
4179| 0 235,9999 0
4180| 0 239,9999 0
4181| 0 243,9999 0
4182| 0 247,9999 0
4183| 0 251,9999 0
4184| 0 255,9999 0
4185| 0 259,9999 0
4186| 0 263,9999 0
4187| 0 267,9999 0
4188| 0 271,9998 0
4189| 0 275,9998 0
4190| 0 279,9998 0
4191| 0 283,9998 0
4192| 0 287,9998 0
4193| 0 291,9998 0
4194| 0 295,9998 0
4195| 0 299,9998 0
4196| 0 303,9998 0
4197| 0 307,9998 0
4198| 0 311,9998 0
4199| 0 315,9998 0
4200| 0 319,9998 0
4201| 0 323,9998 0
4202| 0 327,9998 0
4203| 0 331,9998 0
4204| 0 335,9998 0
4205| 0 339,9998 0
4206| 0 343,9998 0
4207| 0 347,9998 0
4208| 0 351,9998 0
4209| 0 355,9998 0
4210| 0 359,9998 0
4211| 0 363,9998 0
4212| 0 367,9998 0
4213| 0 371,9998 0
4214| 0 0 0
4215| 0 0 0
4216| 0 0 0
4217| 0 0 0
4218| 0 0 0
4219| 0 0 0
4220| 0 0 0
4221| 0 0 0
4222| 0 0 0
4223| 0 0 0
4224| 0 0 0
4225| 0 0 0
4226| 0 0 0
4227| 0 0 0
4228| 0 0 0
4229| 0 0 0
4230| 0 0 0
4231| 0 0 0
4232| 0 0 0
4233| 0 0 0
4234| 0 0 0
4235| 0 0 0
4236| 0 0 0
4237| 0 0 0
4238| 0 0 0
4239| 0 0 0
4240| 0 0 0
4241| 0 0 0
4242| 0 0 0
4243| 0 0 0
4244| 0 0 0
4245| 0 0 0
4246| 0 0 0
4247| 0 0 0
4248| 0 0 0
4249| 0 0 0
4250| 0 0 0
4251| 0 0 0
4252| 0 0 0
4253| 0 0 0
4254| 0 0 0
4255| 0 0 0
4256| 0 0 0
4257| 0 0 0
4258| 0 0 0
4259| 0 0 0
4260| 0 0 0
4261| 0 0 0
4262| 0 0 0
4263| 0 0 0
4264| 0 0 0
4265| 0 0 0
4266| 0 0 0
4267| 0 0 0
4268| 0 0 0
4269| 0 0 0
4270| 0 0 0
4271| 0 0 0
4272| 0 0 0
4273| 0 0 0
4274| 0 0 0
4275| 0 0 0
4276| 0 0 0
4277| 0 0 0
4278| 0 0 0
4279| 0 0 0
4280| 0 0 0
4281| 0 0 0
4282| 0 0 0
4283| 0 0 0
4284| 0 0 0
4285| 0 0 0
4286| 0 0 0
4287| 0 0 0
4288| 0 0 0
4289| 0 0 0
4290| 0 0 0
4291| 0 0 0
4292| 0 4 0
4293| 0 8 0
4294| 0 12 0
4295| 0 16 0
4296| 0 20 0
4297| 0 24 0
4298| 0 28 0
4299| 0 32 0
4300| 0 36 0
4301| 0 40 0
4302| 0 43,99999 0
4303| 0 47,99999 0
4304| 0 51,99999 0
4305| 0 55,99999 0
4306| 0 60 0
4307| 0 64 0
4308| 0 68 0
4309| 0 72 0
4310| 0 76,00001 0
4311| 0 80,00001 0
4312| 0 84,00001 0
4313| 0 88,00002 0
4314| 0 92,00002 0
4315| 0 96,00002 0
4316| 0 100 0
4317| 0 104 0
4318| 0 108 0
4319| 0 0 0
4320| 0 0 0
4321| 0 0 0
4322| 0 0 0
4323| 0 0 0
4324| 0 0 0
4325| 0 0 0
4326| 0 4 0
4327| 0 8 0
4328| 0 12 0
4329| 0 16 0
4330| 0 20 0
4331| 0 24 0
4332| 0 0 0
4333| 0 0 0
4334| 0 0 0
4335| 0 0 0
4336| 0 0 0
4337| 0 0 0
4338| 0 0 0
4339| 0 0 0
4340| 0 0 0
4341| 0 0 0
4342| 0 0 0
4343| 0 0 0
4344| 0 0 0
4345| 0 0 0
4346| 0 0 0
4347| 0 0 0
4348| 0 0 0
4349| 0 0 0
4350| 0 0 0
4351| 0 0 0
4352| 0 0 0
4353| 0 0 0
4354| 0 0 0
4355| 0 0 0
4356| 0 0 0
4357| 0 0 0
4358| 0 0 0
4359| 0 0 0
4360| 0 0 0
4361| 0 0 0
4362| 0 0 0
4363| 0 0 0
4364| 0 0 0
4365| 0 0 0
4366| 0 0 0
4367| 0 0 0
4368| 0 0 0
4369| 0 0 0
4370| 0 4 0
4371| 0 8 0
4372| 0 12 0
4373| 0 16 0
4374| 0 20 0
4375| 0 24 0
4376| 0 28 0
4377| 0 32 0
4378| 0 36 0
4379| 0 40 0
4380| 0 43,99999 0
4381| 0 47,99999 0
4382| 0 51,99999 0
4383| 0 55,99999 0
4384| 0 60 0
4385| 0 64 0
4386| 0 68 0
4387| 0 72 0
4388| 0 0 0
4389| 0 0 0
4390| 0 0 0
4391| 0 0 0
4392| 0 0 0
4393| 0 0 0
4394| 0 0 0
4395| 0 0 0
4396| 0 0 0
4397| 0 0 0
4398| 0 0 0
4399| 0 0 0
4400| 0 0 0
4401| 0 0 0
4402| 0 0 0
4403| 0 0 0
4404| 0 0 0
4405| 0 0 0
4406| 0 0 0
4407| 0 0 0
4408| 0 0 0
4409| 0 0 0
4410| 0 0 0
4411| 0 0 0
4412| 0 0 0
4413| 0 0 0
4414| 0 0 0
4415| 0 0 0
4416| 0 0 0
4417| 0 0 0
4418| 0 0 0
4419| 0 0 0
4420| 0 0 0
4421| 0 0 0
4422| 0 0 0
4423| 0 0 0
4424| 0 0 0
4425| 0 0 0
4426| 0 4 0
4427| 0 8 0
4428| 0 12 0
4429| 0 16 0
4430| 0 20 0
4431| 0 24 0
4432| 0 28 0
4433| 0 32 0
4434| 0 36 0
4435| 0 40 0
4436| 0 43,99999 0
4437| 0 47,99999 0
4438| 0 51,99999 0
4439| 0 55,99999 0
4440| 0 60 0
4441| 0 64 0
4442| 0 68 0
4443| 0 72 0
4444| 0 0 0
4445| 0 0 0
4446| 0 0 0
4447| 0 0 0
4448| 0 0 0
4449| 0 0 0
4450| 0 0 0
4451| 0 0 0
4452| 0 0 0
4453| 0 0 0
4454| 0 0 0
4455| 0 0 0
4456| 0 0 0
4457| 0 0 0
4458| 0 0 0
4459| 0 0 0
4460| 0 0 0
4461| 0 0 0
4462| 0 0 0
4463| 0 0 0
4464| 0 0 0
4465| 0 0 0
4466| 0 0 0
4467| 0 0 0
4468| 0 0 0
4469| 0 0 0
4470| 0 0 0
4471| 0 0 0
4472| 0 0 0
4473| 0 0 0
4474| 0 0 0
4475| 0 0 0
4476| 0 0 0
4477| 0 0 0
4478| 0 0 0
4479| 0 0 0
4480| 0 0 0
4481| 0 0 0
4482| 0 0 0
4483| 0 0 0
4484| 0 0 0
4485| 0 0 0
4486| 0 0 0
4487| 0 0 0
4488| 0 0 0
4489| 0 0 0
4490| 0 0 0
4491| 0 0 0
4492| 0 0 0
4493| 0 0 0
4494| 0 0 0
4495| 0 0 0
4496| 0 0 0
4497| 0 0 0
4498| 0 0 0
4499| 0 0 0
4500| 0 0 0
4501| 0 0 0
4502| 0 0 0
4503| 0 0 0
4504| 0 0 0
4505| 0 0 0
4506| 0 0 0
4507| 0 0 0
4508| 0 0 0
4509| 0 0 0
4510| 0 0 0
4511| 0 0 0
4512| 0 0 0
4513| 0 0 0
4514| 0 0 0
4515| 0 0 0
4516| 0 0 0
4517| 0 0 0
4518| 0 0 0
4519| 0 0 0
4520| 0 0 0
4521| 0 0 0
4522| 0 0 0
4523| 0 0 0
4524| 0 0 0
4525| 0 0 0
4526| 0 0 0
4527| 0 0 0
4528| 0 0 0
4529| 0 0 0
4530| 0 0 0
4531| 0 0 0
4532| 0 0 0
4533| 0 4 0
4534| 0 8 0
4535| 0 12 0
4536| 0 16 0
4537| 0 20 0
4538| 0 24 0
4539| 0 28 0
4540| 0 32 0
4541| 0 36 0
4542| 0 40 0
4543| 0 43,99999 0
4544| 0 47,99999 0
4545| 0 51,99999 0
4546| 0 55,99999 0
4547| 0 60 0
4548| 0 64 0
4549| 0 68 0
4550| 0 72 0
4551| 0 76,00001 0
4552| 0 80,00001 0
4553| 0 84,00001 0
4554| 0 88,00002 0
4555| 0 92,00002 0
4556| 0 96,00002 0
4557| 0 100 0
4558| 0 104 0
4559| 0 108 0
4560| 0 112 0
4561| 0 116 0
4562| 0 120 0
4563| 0 124 0
4564| 0 0 0
4565| 0 0 0
4566| 0 0 0
4567| 0 0 0
4568| 0 0 0
4569| 0 0 0
4570| 0 0 0
4571| 0 0 0
4572| 0 0 0
4573| 0 0 0
4574| 0 0 0
4575| 0 0 0
4576| 0 0 0
4577| -0,3 0 0
4578| -0,6 0 0
4579| -0,9 0 0
4580| -1,2 0 0
4581| -1,5 0 0
4582| -1,8 0 0
4583| -2,1 0 0
4584| -2,4 0 0
4585| -2,7 0 0
4586| -3 0 0
4587| -3,299999 0 0
4588| -3,599999 0 0
4589| -3,899999 0 0
4590| -4,2 0 0
4591| -4,5 0 0
4592| -4,8 0 0
4593| -5,1 0 0
4594| -5,4 0 0
4595| -5,7 0 0
4596| -6 0 0
4597| -6,300001 0 0
4598| -6,600001 0 0
4599| -6,900001 0 0
4600| -7,200001 0 0
4601| -7,500001 0 0
4602| -7,800001 0 0
4603| -8,1 0 0
4604| -8,4 0 0
4605| -8,7 0 0
4606| -8,999999 0 0
4607| -9,299999 0 0
4608| -9,599998 0 0
4609| -9,899999 0 0
4610| -10,2 0 0
4611| -10,5 0 0
4612| -10,8 0 0
4613| -11,1 0 0
4614| -11,4 0 0
4615| -11,7 0 0
4616| -12 0 0
4617| -12,3 0 0
4618| -12,6 0 0
4619| -12,9 0 0
4620| -13,2 0 0
4621| -13,5 0 0
4622| -13,79999 0 0
4623| -14,09999 0 0
4624| -14,39999 0 0
4625| -14,69999 0 0
4626| -14,99999 0 0
4627| -15,29999 0 0
4628| -15,59999 0 0
4629| -15,89999 0 0
4630| -16,19999 0 0
4631| -16,49999 0 0
4632| 0 0 0
4633| 0 0 0
4634| 0 0 0
4635| 0 0 0
4636| 0 0 0
4637| 0 0 0
4638| 0 0 0
4639| 0 0 0
4640| 0 0 0
4641| 0 0 0
4642| 0 0 0
4643| 0 0 0
4644| 0 0 0
4645| 0 0 0
4646| 0 0 0
4647| 0 0 0
4648| 0 4 0
4649| 0 8 0
4650| 0 12 0
4651| 0 16 0
4652| 0 20 0
4653| 0 24 0
4654| 0 28 0
4655| 0 32 0
4656| 0 36 0
4657| 0 40 0
4658| 0 43,99999 0
4659| 0 47,99999 0
4660| 0 51,99999 0
4661| 0 55,99999 0
4662| 0 60 0
4663| 0 64 0
4664| 0 68 0
4665| 0 72 0
4666| 0 76,00001 0
4667| 0 80,00001 0
4668| 0 84,00001 0
4669| 0 88,00002 0
4670| 0 92,00002 0
4671| 0 96,00002 0
4672| 0 100 0
4673| 0 104 0
4674| 0 108 0
4675| 0 112 0
4676| 0 116 0
4677| 0 120 0
4678| 0 124 0
4679| 0 128 0
4680| 0 132 0
4681| 0 136 0
4682| 0 140 0
4683| 0 144 0
4684| 0 148 0
4685| 0 152 0
4686| 0 156 0
4687| 0 160 0
4688| 0 164 0
4689| 0 168 0
4690| 0 171,9999 0
4691| 0 175,9999 0
4692| 0 179,9999 0
4693| 0 183,9999 0
4694| 0 187,9999 0
4695| 0 191,9999 0
4696| 0 195,9999 0
4697| 0 199,9999 0
4698| 0 203,9999 0
4699| 0 207,9999 0
4700| 0 211,9999 0
4701| 0 215,9999 0
4702| 0 219,9999 0
4703| 0 223,9999 0
4704| 0 227,9999 0
4705| 0 231,9999 0
4706| 0 235,9999 0
4707| 0 0 0
4708| 0 0 0
4709| 0 0 0
4710| 0 0 0
4711| 0 0 0
4712| 0 0 0
4713| 0 0 0
4714| 0 0 0
4715| 0 0 0
4716| 0 0 0
4717| 0 0 0
4718| 0 0 0
4719| 0 0 0
4720| 0 0 0
4721| 0 0 0
4722| 0 0 0
4723| 0 0 0
4724| 0 0 0
4725| 0 0 0
4726| 0 0 0
4727| 0 0 0
4728| -0,3 0 0
4729| -0,6 0 0
4730| -0,9 0 0
4731| -1,2 0 0
4732| -1,5 0 0
4733| -1,8 0 0
4734| -2,1 0 0
4735| -2,4 0 0
4736| -2,7 0 0
4737| -3 0 0
4738| -3,299999 0 0
4739| -3,599999 0 0
4740| -3,899999 0 0
4741| -4,2 0 0
4742| -4,5 0 0
4743| -4,8 0 0
4744| -5,1 0 0
4745| -5,4 0 0
4746| -5,7 0 0
4747| -6 0 0
4748| -6,300001 0 0
4749| -6,600001 0 0
4750| -6,900001 0 0
4751| -7,200001 0 0
4752| -7,500001 0 0
4753| -7,800001 0 0
4754| -8,1 0 0
4755| -8,4 0 0
4756| -8,7 0 0
4757| -8,999999 0 0
4758| -9,299999 0 0
4759| -9,599998 0 0
4760| -9,899999 0 0
4761| -10,2 0 0
4762| -10,5 0 0
4763| -10,8 0 0
4764| -11,1 0 0
4765| -11,4 0 0
4766| -11,7 0 0
4767| -12 0 0
4768| -12,3 0 0
4769| -12,6 0 0
4770| -12,9 0 0
4771| -13,2 0 0
4772| -13,5 0 0
4773| -13,79999 0 0
4774| -14,09999 0 0
4775| -14,39999 0 0
4776| -14,69999 0 0
4777| -14,99999 0 0
4778| 0 0 0
4779| 0 0 0
4780| 0 0 0
4781| 0 0 0
4782| 0 0 0
4783| 0 0 0
4784| 0 0 0
4785| 0 0 0
4786| 0 0 0
4787| 0 0 0
4788| 0 0 0
4789| 0 0 0
4790| 0 0 0
4791| 0 0 0
4792| 0 0 0
4793| 0 0 0
4794| 0 0 0
4795| 0 0 0
4796| 0 0 0
4797| 0 0 0
4798| 0 0 0
4799| 0 0 0
4800| 0 0 0
4801| 0 0 0
4802| 0 0 0
4803| 0 0 0
4804| 0 0 0
4805| 0 0 0
4806| 0 0 0
4807| 0 0 0
4808| 0 0 0
4809| 0 0 0
4810| 0 0 0
4811| 0 0 0
4812| 0 0 0
4813| 0 0 0
4814| 0 0 0
4815| 0 0 0
4816| 0 0 0
4817| 0 0 0
4818| 0 0 0
4819| 0 0 0
4820| 0 0 0
4821| 0 0 0
4822| 0 0 0
4823| 0 0 0
4824| 0 0 0
4825| 0 0 0
4826| 0 0 0
4827| 0 0 0
4828| 0 0 0
4829| 0 0 0
4830| 0 0 0
4831| 0 0 0
4832| 0 0 0
4833| 0 0 0
4834| 0 0 0
4835| 0 0 0
4836| 0 0 0
4837| 0 0 0
4838| 0 0 0
4839| 0 0 0
4840| 0 0 0
4841| 0 0 0
4842| 0 0 0
4843| 0 0 0
4844| 0 0 0
4845| 0 0 0
4846| 0 0 0
4847| 0 0 0
4848| 0 0 0
4849| 0 0 0
4850| 0 0 0
4851| 0 0 0
4852| 0 0 0
4853| 0 0 0
4854| 0 0 0
4855| 0 0 0
4856| 0 0 0
4857| 0 0 0
4858| 0 0 0
4859| 0 0 0
4860| 0 0 0
4861| 0 0 0
4862| 0 0 0
4863| 0 0 0
4864| 0 0 0
4865| 0 0 0
4866| 0 0 0
4867| 0 0 0
4868| 0 0 0
4869| 0 0 0
4870| 0 0 0
4871| 0 0 0
4872| 0 0 0
4873| 0 0 0
4874| 0 0 0
4875| 0 0 0
4876| 0 0 0
4877| 0 0 0
4878| 0 0 0
4879| 0 0 0
4880| 0 0 0
4881| 0 0 0
4882| 0 0 0
4883| 0 0 0
4884| 0 0 0
4885| 0 0 0
4886| 0 0 0
4887| 0 0 0
4888| 0 0 0
4889| 0 0 0
4890| 0 0 0
4891| 0 0 0
4892| 0 0 0
4893| 0 0 0
4894| 0 0 0
4895| 0 0 0
4896| 0 0 0
4897| 0 0 0
4898| 0 0 0
4899| 0 0 0
4900| 0 0 0
4901| 0 0 0
4902| 0 0 0
4903| 0 0 0
4904| 0 0 0
4905| 0 0 0
4906| 0 0 0
4907| 0 0 0
4908| 0 0 0
4909| 0 0 0
4910| 0 0 0
4911| 0 0 0
4912| 0 0 0
4913| 0 0 0
4914| 0 0 0
4915| 0 0 0
4916| 0 0 0
4917| 0 0 0
4918| 0 0 0
4919| 0 0 0
4920| 0 0 0
4921| 0 0 0
4922| 0 0 0
4923| 0 0 0
4924| 0 0 0
4925| 0 0 0
4926| 0 0 0
4927| 0 0 0
4928| 0 0 0
4929| 0 0 0
4930| 0 0 0
4931| 0 0 0
4932| 0 0 0
4933| 0 0 0
4934| 0 0 0
4935| 0 0 0
4936| 0 0 0
4937| 0 0 0
4938| 0 0 0
4939| 0 0 0
4940| 0 0 0
4941| 0 0 0
4942| 0 0 0
4943| 0 0 0
4944| 0 0 0
4945| 0 0 0
4946| 0 0 0
4947| 0 0 0
4948| 0 0 0
4949| 0 0 0
4950| 0 0 0
4951| 0 0 0
4952| 0 0 0
4953| 0 0 0
4954| 0 0 0
4955| 0 0 0
4956| 0 0 0
4957| 0 0 0
4958| 0 0 0
4959| 0 0 0
4960| 0 0 0
4961| 0 0 0
4962| 0 0 0
4963| 0 0 0
4964| 0 0 0
4965| 0 0 0
4966| 0 0 0
4967| 0 0 0
4968| 0 0 0
4969| 0 0 0
4970| 0 0 0
4971| 0 0 0
4972| 0 0 0
4973| 0 0 0
4974| 0 0 0
4975| 0 0 0
4976| 0 0 0
4977| 0 0 0
4978| 0 0 0
4979| 0 0 0
4980| 0 0 0
4981| 0 0 0
4982| 0 0 0
4983| 0 0 0
4984| 0 0 0
4985| 0 0 0
4986| 0 0 0
4987| 0 0 0
4988| 0 0 0
4989| 0 0 0
4990| 0 0 0
4991| 0 0 0
4992| 0 0 0
4993| 0 0 0
4994| 0 0 0
4995| 0 0 0
4996| 0 0 0
4997| 0 0 0
4998| 0 0 0
4999| 0 0 0
5000| 0 0 0
5001| 0 0 0
5002| 0 0 0
5003| 0 0 0
5004| 0 0 0
5005| 0 0 0
5006| 0 0 0
5007| 0 0 0
5008| 0 0 0
5009| 0 0 0
5010| 0 0 0
5011| 0 0 0
5012| 0 0 0
5013| 0 0 0
5014| 0 0 0
5015| 0 0 0
5016| 0 0 0
5017| 0 0 0
5018| 0 0 0
5019| 0 0 0
5020| 0 0 0
5021| 0 0 0
5022| 0 0 0
5023| 0 0 0
5024| 0 0 0
5025| 0 0 0
5026| 0 0 0
5027| 0 0 0
5028| 0 0 0
5029| 0 0 0
5030| 0 0 0
5031| 0 0 0
5032| 0 0 0
5033| 0 0 0
5034| 0 0 0
5035| 0 0 0
5036| 0 0 0
5037| 0 0 0
5038| 0 0 0
5039| 0 0 0
5040| 0 0 0
5041| 0 0 0
5042| 0 0 0
5043| 0 0 0
5044| 0 0 0
5045| 0 0 0
5046| 0 0 0
5047| 0 0 0
5048| 0 0 0
5049| 0 0 0
5050| 0 0 0
5051| 0 0 0
5052| 0 0 0
5053| 0 0 0
5054| 0 0 0
5055| 0 0 0
5056| 0 0 0
5057| 0 0 0
5058| 0 0 0
5059| 0 0 0
5060| 0 0 0
5061| 0 0 0
5062| 0 0 0
5063| 0 0 0
5064| 0 0 0
5065| 0 0 0
5066| 0 0 0
5067| 0 0 0
5068| 0 0 0
5069| 0 0 0
5070| 0 0 0
5071| 0 0 0
5072| 0 0 0
5073| 0 0 0
5074| 0 0 0
5075| 0 0 0
5076| 0 0 0
5077| 0 0 0
5078| 0 0 0
5079| 0 0 0
5080| 0 0 0
5081| 0 0 0
5082| 0 0 0
5083| 0 0 0
5084| 0 0 0
5085| 0 0 0
5086| 0 0 0
5087| 0 0 0
5088| 0 0 0
5089| 0 0 0
5090| 0 0 0
5091| 0 0 0
5092| 0 0 0
5093| 0 0 0
5094| 0 0 0
5095| 0 0 0
5096| 0 0 0
5097| 0 0 0
5098| 0 0 0
5099| 0 0 0
5100| 0 0 0
5101| 0 0 0
5102| 0 0 0
5103| 0 0 0
5104| 0 0 0
5105| 0 0 0
5106| 0 0 0
5107| 0 0 0
5108| 0 0 0
5109| 0 0 0
5110| 0 0 0
5111| 0 0 0
5112| 0 0 0
5113| 0 0 0
5114| 0 0 0
5115| 0 0 0
5116| 0 0 0
5117| 0 0 0
5118| 0 0 0
5119| 0 0 0
5120| 0 0 0
5121| 0 0 0
5122| 0 0 0
5123| 0 0 0
5124| 0 0 0
5125| 0 0 0
5126| 0 0 0
5127| 0 0 0
5128| 0 0 0
5129| 0 0 0
5130| 0 0 0
5131| 0 0 0
5132| 0 0 0
5133| 0 0 0
5134| 0 0 0
5135| 0 0 0
5136| 0 0 0
5137| 0 0 0
5138| 0 0 0
5139| 0 0 0
5140| 0 0 0
5141| 0 0 0
5142| 0 0 0
5143| 0 0 0
5144| 0 0 0
5145| 0 0 0
5146| 0 0 0
5147| 0 0 0
5148| 0 0 0
5149| 0 0 0
5150| 0 0 0
5151| 0 0 0
5152| 0 0 0
5153| 0 0 0
5154| 0 0 0
5155| 0 0 0
5156| 0 0 0
5157| 0 0 0
5158| 0 0 0
5159| 0 0 0
5160| 0 0 0
5161| 0 0 0
5162| 0 0 0
5163| 0 0 0
5164| 0 0 0
5165| 0 0 0
5166| 0 0 0
5167| 0 0 0
5168| 0 0 0
5169| 0 0 0
5170| 0 0 0
5171| 0 0 0
5172| 0 0 0
5173| 0 0 0
5174| 0 0 0
5175| 0 0 0
5176| 0 0 0
5177| 0 0 0
5178| 0 0 0
5179| 0 0 0
5180| 0 0 0
5181| 0 0 0
5182| 0 0 0
5183| 0 0 0
5184| 0 0 0
5185| 0 0 0
5186| 0 0 0
5187| 0 0 0
5188| 0 0 0
5189| 0 0 0
5190| 0 0 0
5191| 0 0 0
5192| 0 0 0
5193| 0 0 0
5194| 0 0 0
5195| 0 0 0
5196| 0 0 0
5197| 0 0 0
5198| 0 0 0
5199| 0 0 0
5200| 0 0 0
5201| 0 0 0
5202| 0 0 0
5203| 0 0 0
5204| 0 0 0
5205| 0 0 0
5206| 0 0 0
5207| 0 0 0
5208| 0 0 0
5209| 0 0 0
5210| 0 0 0
5211| 0 0 0
5212| 0 0 0
5213| 0 0 0
5214| 0 0 0
5215| 0 0 0
5216| 0 0 0
5217| 0 0 0
5218| 0 0 0
5219| 0 0 0
5220| 0 0 0
5221| 0 0 0
5222| 0 0 0
5223| 0 0 0
5224| 0 0 0
5225| 0 0 0
5226| 0 0 0
5227| 0 0 0
5228| 0 0 0
5229| 0 0 0
5230| 0 0 0
5231| 0 0 0
5232| 0 0 0
5233| 0 0 0
5234| 0 0 0
5235| 0 0 0
5236| 0 0 0
5237| 0 0 0
5238| 0 0 0
5239| 0 0 0
5240| 0 0 0
5241| 0 0 0
5242| 0 0 0
5243| 0 0 0
5244| 0 0 0
5245| 0 0 0
5246| 0 0 0
5247| 0 0 0
5248| 0 0 0
5249| 0 0 0
5250| 0 0 0
5251| 0 0 0
5252| 0 0 0
5253| 0 0 0
5254| 0 0 0
5255| 0 0 0
5256| 0 0 0
5257| 0 0 0
5258| 0 0 0
5259| 0 0 0
5260| 0 0 0
5261| 0 0 0
5262| 0 0 0
5263| 0 0 0
5264| 0 0 0
5265| 0 0 0
5266| 0 0 0
5267| 0 0 0
5268| 0 0 0
5269| 0 0 0
5270| 0 0 0
5271| 0 0 0
5272| 0 0 0
5273| 0 0 0
5274| 0 0 0
5275| 0 0 0
5276| 0 0 0
5277| 0 0 0
5278| 0 0 0
5279| 0 0 0
5280| 0 0 0
5281| 0 0 0
5282| 0 0 0
5283| 0 0 0
5284| 0 0 0
5285| 0 0 0
5286| 0 0 0
5287| 0 0 0
5288| 0 0 0
5289| 0 0 0
5290| 0 0 0
5291| 0 0 0
5292| 0 0 0
5293| 0 0 0
5294| 0 0 0
5295| 0 0 0
5296| 0 0 0
5297| 0 0 0
5298| 0 0 0
5299| 0 0 0
5300| 0 0 0
5301| 0 0 0
5302| 0 0 0
5303| 0 0 0
5304| 0 0 0
5305| 0 0 0
5306| 0 0 0
5307| 0 0 0
5308| 0 0 0
5309| 0 0 0
5310| 0 0 0
5311| 0 0 0
5312| 0 0 0
5313| 0 0 0
5314| 0 0 0
5315| 0 0 0
5316| 0 0 0
5317| 0 0 0
5318| 0 0 0
5319| 0 0 0
5320| 0 0 0
5321| 0 0 0
5322| 0 0 0
5323| 0 0 0
5324| 0 0 0
5325| 0 0 0
5326| 0 0 0
5327| 0 0 0
5328| 0 0 0
5329| 0 0 0
5330| 0 0 0
5331| 0 0 0
5332| 0 0 0
5333| 0 0 0
5334| 0 0 0
5335| 0 0 0
5336| 0 0 0
5337| 0 0 0
5338| 0 0 0
5339| 0 0 0
5340| 0 0 0
5341| 0 0 0
5342| 0 0 0
5343| 0 0 0
5344| 0 0 0
5345| 0 0 0
5346| 0 0 0
5347| 0 0 0
5348| 0 0 0
5349| 0 0 0
5350| 0 0 0
5351| 0 0 0
5352| 0 0 0
5353| 0 0 0
5354| 0 0 0
5355| 0 0 0
5356| 0 0 0
5357| 0 0 0
5358| 0 0 0
5359| 0 0 0
5360| 0 0 0
5361| 0 0 0
5362| 0 0 0
5363| 0 0 0
5364| 0 0 0
5365| 0 0 0
5366| 0 0 0
5367| 0 0 0
5368| 0 0 0
5369| 0 0 0
5370| 0 0 0
5371| 0 0 0
5372| 0 0 0
5373| 0 0 0
5374| 0 0 0
5375| 0 0 0
5376| 0 0 0
5377| 0 0 0
5378| 0 0 0
5379| 0 0 0
5380| 0 0 0
5381| 0 0 0
5382| 0 0 0
5383| 0 0 0
5384| 0 0 0
5385| 0 0 0
5386| 0 0 0
5387| 0 0 0
5388| 0 0 0
5389| 0 0 0
5390| 0 0 0
5391| 0 0 0
5392| 0 0 0
5393| 0 0 0
5394| 0 0 0
5395| 0 0 0
5396| 0 0 0
5397| 0 0 0
5398| 0 0 0
5399| 0 0 0
5400| 0 0 0
5401| 0 0 0
5402| 0 0 0
5403| 0 0 0
5404| 0 0 0
5405| 0 0 0
5406| 0 0 0
5407| 0 0 0
5408| 0 0 0
5409| 0 0 0
5410| 0 0 0
5411| 0 0 0
5412| 0 0 0
5413| 0 0 0
5414| 0 0 0
5415| 0 0 0
5416| 0 0 0
5417| 0 0 0
5418| 0 0 0
5419| 0 0 0
5420| 0 0 0
5421| 0 0 0
5422| 0 0 0
5423| 0 0 0
5424| 0 0 0
5425| 0 0 0
5426| 0 0 0
5427| 0 0 0
5428| 0 0 0
5429| 0 0 0
5430| 0 0 0
5431| 0 0 0
5432| 0 0 0
5433| 0 0 0
5434| 0 0 0
5435| 0 0 0
5436| 0 0 0
5437| 0 0 0
5438| 0 0 0
5439| 0 0 0
5440| 0 0 0
5441| 0 0 0
5442| 0 0 0
5443| 0 0 0
5444| 0 0 0
5445| 0 0 0
5446| 0 0 0
5447| 0 0 0
5448| 0 0 0
5449| 0 0 0
5450| 0 0 0
5451| 0 0 0
5452| 0 0 0
5453| 0 0 0
5454| 0 0 0
5455| 0 0 0
5456| 0 0 0
5457| 0 0 0
5458| 0 0 0
5459| 0 0 0
5460| 0 0 0
5461| 0 0 0
5462| 0 0 0
5463| 0 0 0
5464| 0 0 0
5465| 0 0 0
5466| 0 0 0
5467| 0 0 0
5468| 0 0 0
5469| 0 0 0
5470| 0 0 0
5471| 0 0 0
5472| 0 0 0
5473| 0 0 0
5474| 0 0 0
5475| 0 0 0
5476| 0 0 0
5477| 0 0 0
5478| 0 0 0
5479| 0 0 0
5480| 0 0 0
5481| 0 0 0
5482| 0 0 0
5483| 0 0 0
5484| 0 0 0
5485| 0 0 0
5486| 0 0 0
5487| 0 0 0
5488| 0 0 0
5489| 0 0 0
5490| 0 0 0
5491| 0 0 0
5492| 0 0 0
5493| 0 0 0
5494| 0 0 0
5495| 0 0 0
5496| 0 0 0
5497| 0 0 0
5498| 0 0 0
5499| 0 0 0
5500| 0 0 0
5501| 0 0 0
5502| 0 0 0
5503| 0 0 0
5504| 0 0 0
5505| 0 0 0
5506| 0 0 0
5507| 0 0 0
5508| 0 0 0
5509| 0 0 0
5510| 0 0 0
5511| 0 0 0
5512| 0 0 0
5513| 0 0 0
5514| 0 0 0
5515| 0 0 0
5516| 0 0 0
5517| 0 0 0
5518| 0 0 0

