1| 0 0 0
2| 0 0 0
3| 0 0 0
4| 0 0 0
5| 0 0 0
6| 0 0 0
7| 0 0 0
8| 0 0 0
9| 0 0 0
10| 0 0 0
11| 0 0 0
12| 0 0 0
13| 0 0 0
14| 0 0 0
15| 0 0 0
16| 0 0 0
17| 0 0 0
18| 0 0 0
19| 0 0 0
20| 0 0 0
21| 0 0 0
22| 0 0 0
23| 0 0 0
24| 0 0 0
25| 0 0 0
26| 0 0 0
27| 0 0 0
28| 0 0 0
29| 0 0 0
30| 0 0 0
31| 0 0 0
32| 0 0 0
33| 0 0 0
34| 0 0 0
35| 0 0 0
36| 0 0 0
37| 0 0 0
38| 0 0 0
39| 0 0 0
40| 0 0 0
41| 0 0 0
42| 0 0 0
43| 0 0 0
44| 0 0 0
45| 0 0 0
46| 0 0 0
47| 0 0 0
48| 0 0 0
49| 0 0 0
50| 0 0 0
51| 0 0 0
52| 0 0 0
53| 0 0 0
54| 0 0 0
55| 0 0 0
56| 0 0 0
57| 0 0 0
58| 0 0 0
59| 0 0 0
60| 0 0 0
61| 0 0 0
62| 0 0 0
63| 0 0 0
64| 0 0 0
65| 0 0 0
66| 0 0 0
67| 0 0 0
68| 0 0 0
69| 0 0 0
70| 0 0 0
71| 0 0 0
72| 0 0 0
73| 0 0 0
74| 0 0 0
75| 0 0 0
76| 0 0 0
77| 0 0 0
78| 0 0 0
79| 0 0 0
80| 0 0 0
81| 0 0 0
82| 0 0 0
83| 0 0 0
84| 0 0 0
85| 0 0 0
86| 0 0 0
87| 0 0 0
88| 0 0 0
89| 0 0 0
90| 0 0 0
91| 0 0 0
92| 0 0 0
93| 0 0 0
94| 0 0 0
95| 0 0 0
96| 0 0 0
97| 0 0 0
98| 0 0 0
99| 0 0 0
100| 0 0 0
101| 0 0 0
102| 0 0 0
103| 0 0 0
104| 0 0 0
105| 0 0 0
106| 0 0 0
107| 0 0 0
108| 0 0 0
109| 0 0 0
110| 0 0 0
111| 0 0 0
112| 0 0 0
113| 0 0 0
114| 0 0 0
115| 0 0 0
116| 0 0 0
117| 0 0 0
118| 0 0 0
119| 0 0 0
120| 0 0 0
121| 0 0 0
122| 0 0 0
123| 0 0 0
124| 0 0 0
125| 0 0 0
126| 0 0 0
127| 0 0 0
128| 0 0 0
129| 0 0 0
130| 0 0 0
131| 0 0 0
132| 0 0 0
133| 0 0 0
134| 0 0 0
135| 0 0 0
136| 0 0 0
137| 0 0 0
138| 0 0 0
139| 0 0 0
140| 0 0 0
141| 0 0 0
142| 0 0 0
143| 0 0 0
144| 0 0 0
145| 0 0 0
146| 0 0 0
147| 0 0 0
148| 0 0 0
149| 0 0 0
150| 0 0 0
151| 0 0 0
152| 0 0 0
153| 0 4 0
154| 0 8 0
155| 0 12 0
156| 0 16 0
157| 0 20 0
158| 0 24 0
159| 0 28 0
160| 0 32 0
161| 0 36 0
162| 0 40 0
163| 0 43,99999 0
164| 0 47,99999 0
165| 0 51,99999 0
166| 0 55,99999 0
167| 0 60 0
168| 0 64 0
169| 0 68 0
170| 0 72 0
171| 0 76,00001 0
172| 0 80,00001 0
173| 0 84,00001 0
174| 0 88,00002 0
175| 0 92,00002 0
176| 0 96,00002 0
177| 0 100 0
178| 0 104 0
179| 0 108 0
180| 0 112 0
181| 0 116 0
182| 0 120 0
183| 0 124 0
184| 0 128 0
185| 0 132 0
186| 0 136 0
187| 0 140 0
188| 0 144 0
189| 0 148 0
190| 0 152 0
191| 0 156 0
192| 0 160 0
193| 0 164 0
194| 0 168 0
195| 0 171,9999 0
196| 0 175,9999 0
197| 0 179,9999 0
198| 0 183,9999 0
199| 0 187,9999 0
200| 0 191,9999 0
201| 0 195,9999 0
202| 0 199,9999 0
203| 0 203,9999 0
204| 0 207,9999 0
205| 0 211,9999 0
206| 0 215,9999 0
207| 0 219,9999 0
208| 0 223,9999 0
209| 0 227,9999 0
210| 0 231,9999 0
211| 0 235,9999 0
212| 0 239,9999 0
213| 0 243,9999 0
214| 0 247,9999 0
215| 0 251,9999 0
216| 0 255,9999 0
217| 0 259,9999 0
218| 0 263,9999 0
219| 0,3 267,9999 0
220| 0,6 271,9998 0
221| 0,9 275,9998 0
222| 1,2 279,9998 0
223| 1,5 283,9998 0
224| 1,8 287,9998 0
225| 2,1 291,9998 0
226| 2,4 295,9998 0
227| 2,7 299,9998 0
228| 3 303,9998 0
229| 3,299999 307,9998 0
230| 3,299999 311,9998 0
231| 3,299999 315,9998 0
232| 3,299999 319,9998 0
233| 3,299999 323,9998 0
234| 3,299999 327,9998 0
235| 3,299999 331,9998 0
236| 3,299999 335,9998 0
237| 3,299999 339,9998 0
238| 3,299999 343,9998 0
239| 3,299999 347,9998 0
240| 3,299999 351,9998 0
241| 3,299999 355,9998 0
242| 3,299999 359,9998 0
243| 3,299999 363,9998 0
244| 3,299999 367,9998 0
245| 3,299999 371,9998 0
246| 3,299999 375,9998 0
247| 3,299999 379,9998 0
248| 3,299999 383,9998 0
249| 3,299999 387,9998 0
250| 3,299999 391,9998 0
251| 3,299999 395,9998 0
252| 3,299999 399,9997 0
253| 3,299999 400 0
254| 3,299999 400 0
255| 3,299999 400 0
256| 3,299999 400 0
257| 3,299999 400 0
258| 3,299999 400 0
259| 3,299999 400 0
260| 3,299999 400 0
261| 3,299999 400 0
262| 3,299999 400 0
263| 3,299999 400 0
264| 3,299999 400 0
265| 3,299999 400 0
266| 3,299999 400 0
267| 3,299999 400 0
268| 3,299999 400 0
269| 3,299999 400 0
270| 3,299999 400 0
271| 3,299999 400 0
272| 3,299999 400 0
273| 3,299999 400 0
274| 3,299999 400 0
275| 3,299999 400 0
276| 3,299999 400 0
277| 3,299999 400 0
278| 3,299999 400 0
279| 3,299999 400 0
280| 3,299999 400 0
281| 3,299999 400 0
282| 3,299999 400 0
283| 3,299999 400 0
284| 0 0 0
285| 0 0 0
286| 0 0 0
287| 0 0 0
288| 0 0 0
289| 0 0 0
290| 0 0 0
291| 0 0 0
292| 0 0 0
293| 0 0 0
294| 0 0 0
295| 0 0 0
296| 0 0 0
297| 0 0 0
298| 0 0 0
299| 0 0 0
300| 0 0 0
301| 0 0 0
302| 0 4 0
303| 0 8 0
304| 0 12 0
305| 0 16 0
306| 0 20 0
307| 0 24 0
308| 0 28 0
309| 0 32 0
310| 0 36 0
311| 0 40 0
312| 0 43,99999 0
313| 0 47,99999 0
314| 0 51,99999 0
315| 0 55,99999 0
316| 0 60 0
317| 0 64 0
318| 0 0 0
319| 0 0 0
320| 0 0 0
321| 0 0 0
322| 0 0 0
323| 0 0 0
324| 0 0 0
325| 0 0 0
326| 0 0 0
327| 0 0 0
328| 0 0 0
329| 0 0 0
330| 0 0 0
331| 0 0 0
332| 0 0 0
333| 0 0 0
334| 0 0 0
335| 0 0 0
336| 0 0 0
337| 0 0 0
338| 0 0 0
339| 0 0 0
340| 0 0 0
341| -0,3 0 0
342| -0,6 0 0
343| -0,9 0 0
344| -1,2 0 0
345| -1,5 0 0
346| -1,8 0 0
347| -2,1 0 0
348| -2,4 0 0
349| -2,7 0 0
350| -3 0 0
351| -3,299999 0 0
352| -3,599999 0 0
353| -3,899999 0 0
354| 0 0 0
355| 0 0 0
356| 0 0 0
357| 0 0 0
358| 0 0 0
359| 0 0 0
360| 0 0 0
361| 0 0 0
362| 0 0 0
363| 0 0 0
364| 0 0 0
365| 0 0 0
366| 0 0 0
367| 0 0 0
368| 0 4 0
369| 0 8 0
370| 0 12 0
371| 0 16 0
372| 0 20 0
373| 0 24 0
374| 0 28 0
375| 0 32 0
376| 0 36 0
377| 0 40 0
378| 0 43,99999 0
379| 0 47,99999 0
380| 0 51,99999 0
381| 0 55,99999 0
382| 0 60 0
383| 0 64 0
384| 0 68 0
385| 0 72 0
386| 0 76,00001 0
387| 0 80,00001 0
388| 0 84,00001 0
389| 0 88,00002 0
390| 0 92,00002 0
391| 0 96,00002 0
392| 0 100 0
393| 0 104 0
394| 0 0 0
395| 0 0 0
396| 0 0 0
397| 0 0 0
398| 0 0 0
399| 0 0 0
400| 0 0 0
401| 0 0 0
402| 0 0 0
403| 0 0 0
404| 0 0 0
405| 0 0 0
406| 0 0 0
407| 0 0 0
408| 0 4 0
409| 0 8 0
410| 0 12 0
411| 0 16 0
412| 0 0 0
413| 0 0 0
414| -0,3 0 0
415| -0,6 0 0
416| -0,9 0 0
417| -1,2 0 0
418| -1,5 0 0
419| -1,8 0 0
420| -2,1 0 0
421| -2,4 0 0
422| -2,7 0 0
423| -3 0 0
424| -3,299999 0 0
425| -3,599999 0 0
426| -3,899999 0 0
427| -4,2 0 0
428| -4,5 0 0
429| -4,8 0 0
430| -5,1 0 0
431| -5,4 0 0
432| -5,7 0 0
433| -6 0 0
434| -6,300001 0 0
435| -6,600001 0 0
436| -6,900001 0 0
437| -7,200001 0 0
438| -7,500001 0 0
439| -7,800001 0 0
440| -8,1 0 0
441| -8,4 0 0
442| -8,7 0 0
443| -8,999999 0 0
444| -9,299999 0 0
445| -9,599998 0 0
446| -9,899999 0 0
447| -10,2 0 0
448| -10,5 0 0
449| -10,8 0 0
450| -11,1 0 0
451| -11,4 0 0
452| -11,7 0 0
453| -12 0 0
454| -12,3 0 0
455| -12,6 0 0
456| -12,9 0 0
457| -13,2 0 0
458| -13,5 0 0
459| -13,79999 0 0
460| -14,09999 0 0
461| -14,39999 0 0
462| -14,39999 4 0
463| -14,39999 8 0
464| -14,39999 12 0
465| -14,39999 16 0
466| -14,39999 20 0
467| -14,39999 24 0
468| -14,39999 28 0
469| -14,39999 32 0
470| -14,39999 36 0
471| -14,39999 40 0
472| -14,39999 43,99999 0
473| -14,39999 47,99999 0
474| -14,39999 51,99999 0
475| -14,39999 55,99999 0
476| -14,39999 60 0
477| -14,39999 64 0
478| -14,39999 68 0
479| -14,39999 72 0
480| -14,39999 76,00001 0
481| -14,39999 80,00001 0
482| -14,39999 84,00001 0
483| -14,39999 88,00002 0
484| -14,39999 92,00002 0
485| -14,39999 96,00002 0
486| -14,39999 100 0
487| -14,39999 104 0
488| -14,39999 108 0
489| -14,39999 112 0
490| -14,39999 116 0
491| -14,39999 120 0
492| -14,39999 124 0
493| -14,39999 128 0
494| -14,39999 132 0
495| -14,39999 136 0
496| 0 140 0
497| 0,3 144 0
498| 0,6 148 0
499| 0,9 152 0
500| 1,2 156 0
501| 1,5 160 0
502| 1,8 164 0
503| 2,1 168 0
504| 2,4 171,9999 0
505| 2,7 175,9999 0
506| 3 179,9999 0
507| 3 183,9999 0
508| 3 187,9999 0
509| 3 191,9999 0
510| 3 195,9999 0
511| 3 199,9999 0
512| 3 203,9999 0
513| 3 207,9999 0
514| 3 211,9999 0
515| 3 215,9999 0
516| 3 219,9999 0
517| 3 223,9999 0
518| 3 227,9999 0
519| 3 231,9999 0
520| 3 235,9999 0
521| 3 239,9999 0
522| 3 243,9999 0
523| 3 247,9999 0
524| 3 251,9999 0
525| 3 255,9999 0
526| 3 259,9999 0
527| 3 263,9999 0
528| 3 267,9999 0
529| 3 271,9998 0
530| 3 275,9998 0
531| 3 279,9998 0
532| 3 283,9998 0
533| 3 287,9998 0
534| 3 291,9998 0
535| 3 295,9998 0
536| 3 299,9998 0
537| 3 303,9998 0
538| 3 307,9998 0
539| 3 311,9998 0
540| 3 315,9998 0
541| 3 319,9998 0
542| 3 323,9998 0
543| 3 327,9998 0
544| 3 331,9998 0
545| 3 335,9998 0
546| 3 339,9998 0
547| 3 343,9998 0
548| 3 347,9998 0
549| 3 351,9998 0
550| 3 355,9998 0
551| 3 359,9998 0
552| 3 363,9998 0
553| 3 367,9998 0
554| 3 371,9998 0
555| 3 375,9998 0
556| 3 379,9998 0
557| 3 383,9998 0
558| 3 387,9998 0
559| 3 391,9998 0
560| 3 395,9998 0
561| 3 399,9997 0
562| 3 400 0
563| 3 400 0
564| 3 400 0
565| 3 400 0
566| 3 400 0
567| 3 400 0
568| 3 400 0
569| 3 400 0
570| 3 400 0
571| 3 400 0
572| 3 400 0
573| 3 400 0
574| 3 400 0
575| 3 400 0
576| 3 400 0
577| 3 400 0
578| 3 400 0
579| 3 400 0
580| 3 400 0
581| 3 400 0
582| 3 400 0
583| 3 400 0
584| 3 400 0
585| 3 400 0
586| 3 400 0
587| 3 400 0
588| 3 400 0
589| 3 400 0
590| 3 400 0
591| 3 400 0
592| 3 400 0
593| 3 400 0
594| 3 400 0
595| 3 400 0
596| 3 400 0
597| 3 400 0
598| 3 400 0
599| 3 400 0
600| 3 400 0
601| 3 400 0
602| 3 400 0
603| 3 400 0
604| 3 400 0
605| 3 400 0
606| 3 400 0
607| 3 400 0
608| 3 400 0
609| 3 400 0
610| 3 400 0
611| 3 400 0
612| 3 400 0
613| 3 400 0
614| 3 400 0
615| 3 400 0
616| 3 400 0
617| 3 400 0
618| 3 400 0
619| 3 400 0
620| 3 400 0
621| 3 400 0
622| 3 400 0
623| 3 400 0
624| 3 400 0
625| 3 400 0
626| 3 400 0
627| 3 400 0
628| 3 400 0
629| 3 400 0
630| 3 400 0
631| 3 400 0
632| 3 400 0
633| 3 400 0
634| 3 400 0
635| 3 400 0
636| 3 400 0
637| 3 400 0
638| 3 400 0
639| 3 400 0
640| 3 400 0
641| 3 400 0
642| 3 400 0
643| 3 400 0
644| 3 400 0
645| 3 400 0
646| 3 400 0
647| 3 400 0
648| 3 400 0
649| 3 400 0
650| 3 400 0
651| 3 400 0
652| 3 400 0
653| 3 400 0
654| 3 400 0
655| 3 400 0
656| 3 400 0
657| 3 400 0
658| 3 400 0
659| 3 400 0
660| 3 400 0
661| 3 400 0
662| 3 400 0
663| 3 400 0
664| 3 400 0
665| 3 400 0
666| 3 400 0
667| 3 400 0
668| 3 400 0
669| 3 400 0
670| 3 400 0
671| 3 400 0
672| 0 400 0
673| -0,3 400 0
674| -0,6 400 0
675| -0,9 400 0
676| -1,2 400 0
677| -1,5 400 0
678| -1,8 400 0
679| -2,1 400 0
680| -2,4 400 0
681| -2,7 400 0
682| -3 400 0
683| -3,299999 400 0
684| -3,599999 400 0
685| -3,899999 400 0
686| -4,2 400 0
687| -4,2 400 0
688| -4,2 400 0
689| -4,2 400 0
690| -4,2 400 0
691| -4,2 400 0
692| -4,2 400 0
693| -4,2 400 0
694| -4,2 400 0
695| -4,2 400 0
696| -4,2 400 0
697| -4,2 400 0
698| -4,2 400 0
699| -4,2 400 0
700| -4,2 400 0
701| -4,2 400 0
702| -4,2 400 0
703| -4,2 400 0
704| -4,2 400 0
705| -4,2 400 0
706| -4,2 400 0
707| -4,2 400 0
708| -4,2 400 0
709| -4,2 400 0
710| -4,2 400 0
711| -4,2 400 0
712| -4,2 400 0
713| -4,2 400 0
714| -4,2 400 0
715| -4,2 400 0
716| -4,2 400 0
717| -4,2 400 0
718| -4,2 400 0
719| -4,2 400 0
720| -4,2 400 0
721| -4,2 400 0
722| -4,2 400 0
723| -4,2 400 0
724| -4,2 400 0
725| -4,2 400 0
726| -4,2 400 0
727| -4,2 400 0
728| -4,2 400 0
729| -4,2 400 0
730| -4,2 400 0
731| -4,2 400 0
732| -4,2 400 0
733| -4,2 400 0
734| -4,2 400 0
735| -4,2 400 0
736| -4,2 400 0
737| -4,2 400 0
738| -4,2 400 0
739| -4,2 400 0
740| -4,2 400 0
741| -4,2 400 0
742| -4,2 400 0
743| -4,2 400 0
744| -4,2 400 0
745| -4,2 400 0
746| -4,2 400 0
747| -4,2 400 0
748| -4,2 400 0
749| -4,2 400 0
750| -4,2 400 0
751| -4,2 400 0
752| -4,2 400 0
753| -4,2 400 0
754| -4,2 400 0
755| -4,2 400 0
756| -4,2 400 0
757| -4,2 400 0
758| -4,2 400 0
759| -4,2 400 0
760| -4,2 400 0
761| -4,2 400 0
762| -4,2 400 0
763| -4,2 400 0
764| -4,2 400 0
765| -4,2 400 0
766| -4,2 400 0
767| -4,2 400 0
768| -4,2 400 0
769| -4,2 400 0
770| 0 400 0
771| 0,3 400 0
772| 0,6 400 0
773| 0,9 400 0
774| 1,2 400 0
775| 1,5 400 0
776| 1,8 400 0
777| 2,1 400 0
778| 2,4 400 0
779| 2,7 400 0
780| 3 400 0
781| 3,299999 400 0
782| 3,599999 400 0
783| 3,899999 400 0
784| 4,2 400 0
785| 4,5 400 0
786| 4,8 400 0
787| 5,1 400 0
788| 5,4 400 0
789| 5,7 400 0
790| 6 400 0
791| 6,300001 400 0
792| 6,600001 400 0
793| 6,900001 400 0
794| 7,200001 400 0
795| 7,500001 400 0
796| 7,800001 400 0
797| 8,1 400 0
798| 8,4 400 0
799| 8,7 400 0
800| 8,999999 400 0
801| 9,299999 400 0
802| 9,599998 400 0
803| 9,899999 400 0
804| 10,2 400 0
805| 10,5 400 0
806| 10,8 400 0
807| 11,1 400 0
808| 11,4 400 0
809| 11,7 400 0
810| 12 400 0
811| 12,3 400 0
812| 12,6 400 0
813| 12,9 400 0
814| 13,2 400 0
815| 13,2 400 0
816| 13,2 400 0
817| 13,2 400 0
818| 13,2 400 0
819| 13,2 400 0
820| 13,2 400 0
821| 13,2 400 0
822| 13,2 400 0
823| 13,2 400 0
824| 13,2 400 0
825| 13,2 400 0
826| 13,2 400 0
827| 13,2 400 0
828| 13,2 400 0
829| 13,2 400 0
830| 13,2 400 0
831| 13,2 400 0
832| 13,2 400 0
833| 13,2 400 0
834| 13,2 400 0
835| 13,2 400 0
836| 13,2 400 0
837| 13,2 400 0
838| 13,2 400 0
839| 13,2 400 0
840| 13,2 400 0
841| 13,2 400 0
842| 13,2 400 0
843| 13,2 400 0
844| 13,2 400 0
845| 13,2 400 0
846| 13,2 400 0
847| 13,2 400 0
848| 13,2 400 0
849| 13,2 400 0
850| 13,2 400 0
851| 13,2 400 0
852| 13,2 400 0
853| 13,2 400 0
854| 13,2 400 0
855| 13,2 400 0
856| 13,2 400 0
857| 13,2 400 0
858| 13,2 400 0
859| 13,2 400 0
860| 13,2 400 0
861| 13,2 400 0
862| 13,2 400 0
863| 13,2 400 0
864| 13,2 400 0
865| 13,2 400 0
866| 13,2 400 0
867| 13,2 400 0
868| 13,2 400 0
869| 13,2 400 0
870| 13,2 400 0
871| 13,2 400 0
872| 13,2 400 0
873| 13,2 400 0
874| 13,2 400 0
875| 13,2 400 0
876| 13,2 400 0
877| 13,2 400 0
878| 0 400 0
879| -0,3 400 0
880| -0,6 400 0
881| -0,9 400 0
882| -1,2 400 0
883| -1,5 400 0
884| -1,8 400 0
885| -2,1 400 0
886| -2,4 400 0
887| -2,7 400 0
888| -3 400 0
889| -3,299999 400 0
890| -3,599999 400 0
891| -3,899999 400 0
892| -4,2 400 0
893| -4,5 400 0
894| -4,8 400 0
895| -5,1 400 0
896| -5,4 400 0
897| -5,4 400 0
898| -5,4 400 0
899| -5,4 400 0
900| -5,4 400 0
901| -5,4 400 0
902| -5,4 400 0
903| -5,4 400 0
904| -5,4 400 0
905| -5,4 400 0
906| -5,4 400 0
907| -5,4 400 0
908| -5,4 400 0
909| -5,4 400 0
910| -5,4 400 0
911| -5,4 400 0
912| -5,4 400 0
913| -5,4 400 0
914| -5,4 400 0
915| -5,4 400 0
916| -5,4 400 0
917| -5,4 400 0
918| -5,4 400 0
919| -5,4 400 0
920| -5,4 400 0
921| -5,4 400 0
922| -5,4 400 0
923| -5,4 400 0
924| -5,4 400 0
925| -5,4 400 0
926| -5,4 400 0
927| -5,4 400 0
928| -5,4 400 0
929| -5,4 400 0
930| -5,4 400 0
931| -5,4 400 0
932| -5,4 400 0
933| -5,4 400 0
934| -5,4 400 0
935| -5,4 400 0
936| -5,4 400 0
937| -5,4 400 0
938| -5,4 400 0
939| -5,4 400 0
940| -5,4 400 0
941| -5,4 400 0
942| -5,4 400 0
943| -5,4 400 0
944| -5,4 400 0
945| -5,4 400 0
946| -5,4 400 0
947| -5,4 400 0
948| -5,4 400 0
949| -5,4 400 0
950| -5,4 400 0
951| -5,4 400 0
952| -5,4 400 0
953| -5,4 400 0
954| -5,4 400 0
955| -5,4 400 0
956| -5,4 400 0
957| -5,4 400 0
958| -5,4 400 0
959| -5,4 400 0
960| -5,4 400 0
961| -5,4 400 0
962| -5,4 400 0
963| -5,4 400 0
964| -5,4 400 0
965| -5,4 400 0
966| -5,4 400 0
967| -5,4 400 0
968| -5,4 400 0
969| -5,4 400 0
970| -5,4 400 0
971| -5,4 400 0
972| -5,4 400 0
973| 0 400 0
974| 0,3 400 0
975| 0,6 400 0
976| 0,9 400 0
977| 1,2 400 0
978| 1,5 400 0
979| 1,8 400 0
980| 2,1 400 0
981| 2,4 400 0
982| 2,7 400 0
983| 3 400 0
984| 3,299999 400 0
985| 3,599999 400 0
986| 3,899999 400 0
987| 4,2 400 0
988| 4,5 400 0
989| 4,8 400 0
990| 5,1 400 0
991| 5,4 400 0
992| 5,7 400 0
993| 6 400 0
994| 6,300001 400 0
995| 6,600001 400 0
996| 6,900001 400 0
997| 7,200001 400 0
998| 7,500001 400 0
999| 7,800001 400 0
1000| 8,1 400 0
1001| 8,4 400 0
1002| 8,7 400 0
1003| 8,999999 400 0
1004| 8,999999 400 0
1005| 8,999999 400 0
1006| 8,999999 400 0
1007| 8,999999 400 0
1008| 8,999999 400 0
1009| 8,999999 400 0
1010| 8,999999 400 0
1011| 8,999999 400 0
1012| 8,999999 400 0
1013| 8,999999 400 0
1014| 8,999999 400 0
1015| 8,999999 400 0
1016| 8,999999 400 0
1017| 8,999999 400 0
1018| 8,999999 400 0
1019| 8,999999 400 0
1020| 8,999999 400 0
1021| 8,999999 400 0
1022| 8,999999 400 0
1023| 8,999999 400 0
1024| 8,999999 400 0
1025| 8,999999 400 0
1026| 8,999999 400 0
1027| 8,999999 400 0
1028| 8,999999 400 0
1029| 8,999999 400 0
1030| 8,999999 400 0
1031| 8,999999 400 0
1032| 8,999999 400 0
1033| 8,999999 400 0
1034| 8,999999 400 0
1035| 8,999999 400 0
1036| 8,999999 400 0
1037| 8,999999 400 0
1038| 8,999999 400 0
1039| 8,999999 400 0
1040| 8,999999 400 0
1041| 8,999999 400 0
1042| 8,999999 400 0
1043| 8,999999 400 0
1044| 8,999999 400 0
1045| 8,999999 400 0
1046| 8,999999 400 0
1047| 8,999999 400 0
1048| 8,999999 400 0
1049| 8,999999 400 0
1050| 8,999999 400 0
1051| 8,999999 400 0
1052| 8,999999 400 0
1053| 8,999999 400 0
1054| 8,999999 400 0
1055| 8,999999 400 0
1056| 8,999999 400 0
1057| 8,999999 400 0
1058| 8,999999 400 0
1059| 8,999999 400 0
1060| 8,999999 400 0
1061| 8,999999 400 0
1062| 8,999999 400 0
1063| 8,999999 400 0
1064| 8,999999 400 0
1065| 8,999999 400 0
1066| 8,999999 400 0
1067| 8,999999 400 0
1068| 8,999999 400 0
1069| 8,999999 400 0
1070| 8,999999 400 0
1071| 8,999999 400 0
1072| 8,999999 400 0
1073| 8,999999 400 0
1074| 8,999999 400 0
1075| 8,999999 400 0
1076| 8,999999 400 0
1077| 8,999999 400 0
1078| 8,999999 400 0
1079| 8,999999 400 0
1080| 8,999999 400 0
1081| 8,999999 400 0
1082| 8,999999 400 0
1083| 8,999999 400 0
1084| 8,999999 400 0
1085| 8,999999 400 0
1086| 8,999999 400 0
1087| 8,999999 400 0
1088| 8,999999 400 0
1089| 8,999999 400 0
1090| 8,999999 400 0
1091| 8,999999 400 0
1092| 8,999999 400 0
1093| 8,999999 400 0
1094| 8,999999 400 0
1095| 8,999999 400 0
1096| 8,999999 400 0
1097| 8,999999 400 0
1098| 8,999999 400 0
1099| 8,999999 400 0
1100| 8,999999 400 0
1101| 8,999999 400 0
1102| 8,999999 400 0
1103| 8,999999 400 0
1104| 8,999999 400 0
1105| 8,999999 400 0
1106| 8,999999 400 0
1107| 8,999999 400 0
1108| 8,999999 400 0
1109| 8,999999 400 0
1110| 8,999999 400 0
1111| 8,999999 400 0
1112| 8,999999 400 0
1113| 8,999999 400 0
1114| 8,999999 400 0
1115| 8,999999 400 0
1116| 8,999999 400 0
1117| 8,999999 400 0
1118| 0 400 0
1119| -0,3 400 0
1120| -0,6 400 0
1121| -0,9 400 0
1122| -1,2 400 0
1123| -1,5 400 0
1124| -1,8 400 0
1125| -2,1 400 0
1126| -2,4 400 0
1127| -2,7 400 0
1128| -3 400 0
1129| -3,299999 400 0
1130| -3,599999 400 0
1131| -3,899999 400 0
1132| -4,2 400 0
1133| -4,5 400 0
1134| -4,8 400 0
1135| -5,1 400 0
1136| -5,4 400 0
1137| -5,7 400 0
1138| -6 400 0
1139| -6,300001 400 0
1140| -6,600001 400 0
1141| -6,900001 400 0
1142| -7,200001 400 0
1143| -7,500001 400 0
1144| -7,500001 400 0
1145| -7,500001 400 0
1146| -7,500001 400 0
1147| -7,500001 400 0
1148| -7,500001 400 0
1149| -7,500001 400 0
1150| -7,500001 400 0
1151| -7,500001 400 0
1152| -7,500001 400 0
1153| -7,500001 400 0
1154| -7,500001 400 0
1155| -7,500001 400 0
1156| -7,500001 400 0
1157| -7,500001 400 0
1158| -7,500001 400 0
1159| -7,500001 400 0
1160| -7,500001 400 0
1161| -7,500001 400 0
1162| 0 400 0
1163| 0,3 400 0
1164| 0,6 400 0
1165| 0,9 400 0
1166| 1,2 400 0
1167| 1,5 400 0
1168| 1,8 400 0
1169| 2,1 400 0
1170| 2,4 400 0
1171| 2,7 400 0
1172| 2,7 400 0
1173| 2,7 400 0
1174| 2,7 400 0
1175| 2,7 400 0
1176| 2,7 400 0
1177| 2,7 400 0
1178| 2,7 400 0
1179| 2,7 400 0
1180| 2,7 400 0
1181| 2,7 400 0
1182| 2,7 400 0
1183| 2,7 400 0
1184| 2,7 400 0
1185| 2,7 400 0
1186| 2,7 400 0
1187| 2,7 400 0
1188| 2,7 400 0
1189| 2,7 400 0
1190| 2,7 400 0
1191| 2,7 400 0
1192| 2,7 400 0
1193| 2,7 400 0
1194| 2,7 400 0
1195| 2,7 400 0
1196| 2,7 400 0
1197| 2,7 400 0
1198| 2,7 400 0
1199| 2,7 400 0
1200| 2,7 400 0
1201| 2,7 400 0
1202| 2,7 400 0
1203| 2,7 400 0
1204| 2,7 400 0
1205| 2,7 400 0
1206| 2,7 400 0
1207| 2,7 400 0
1208| 2,7 400 0
1209| 2,7 400 0
1210| 2,7 400 0
1211| 2,7 400 0
1212| 2,7 400 0
1213| 2,7 400 0
1214| 2,7 400 0
1215| 2,7 400 0
1216| 0 400 0
1217| -0,3 400 0
1218| -0,6 400 0
1219| -0,9 400 0
1220| -1,2 400 0
1221| -1,5 400 0
1222| -1,8 400 0
1223| -2,1 400 0
1224| -2,1 400 0
1225| -2,1 400 0
1226| -2,1 400 0
1227| -2,1 400 0
1228| -2,1 400 0
1229| -2,1 400 0
1230| -2,1 400 0
1231| -2,1 400 0
1232| -2,1 400 0
1233| -2,1 400 0
1234| -2,1 400 0
1235| -2,1 400 0
1236| -2,1 400 0
1237| -2,1 400 0
1238| -2,1 400 0
1239| -2,1 400 0
1240| -2,1 400 0
1241| -2,1 400 0
1242| -2,1 400 0
1243| -2,1 400 0
1244| -2,1 400 0
1245| -2,1 400 0
1246| -2,1 400 0
1247| -2,1 400 0
1248| -2,1 400 0
1249| -2,1 400 0
1250| -2,1 400 0
1251| -2,1 400 0
1252| -2,1 400 0
1253| -2,1 400 0
1254| -2,1 400 0
1255| -2,1 400 0
1256| -2,1 400 0
1257| -2,1 400 0
1258| -2,1 400 0
1259| -2,1 400 0
1260| -2,1 400 0
1261| -2,1 400 0
1262| -2,1 400 0
1263| -2,1 400 0
1264| -2,1 400 0
1265| -2,1 400 0
1266| -2,1 400 0
1267| -2,1 400 0
1268| -2,1 400 0
1269| -2,1 400 0
1270| -2,1 400 0
1271| -2,1 400 0
1272| -2,1 400 0
1273| -2,1 400 0
1274| -2,1 400 0
1275| -2,1 400 0
1276| -2,1 400 0
1277| -2,1 400 0
1278| -2,1 400 0
1279| -2,1 400 0
1280| -2,1 400 0
1281| -2,1 400 0
1282| -2,1 400 0
1283| 0 400 0
1284| 0,3 400 0
1285| 0,6 400 0
1286| 0,9 400 0
1287| 1,2 400 0
1288| 1,5 400 0
1289| 1,8 400 0
1290| 2,1 400 0
1291| 2,4 400 0
1292| 2,7 400 0
1293| 3 400 0
1294| 3,299999 400 0
1295| 3,599999 400 0
1296| 3,899999 400 0
1297| 4,2 400 0
1298| 4,5 400 0
1299| 4,8 400 0
1300| 5,1 400 0
1301| 5,4 400 0
1302| 5,7 400 0
1303| 6 400 0
1304| 6,300001 400 0
1305| 6,600001 400 0
1306| 6,900001 400 0
1307| 7,200001 400 0
1308| 7,500001 400 0
1309| 7,800001 400 0
1310| 8,1 400 0
1311| 8,4 400 0
1312| 8,7 400 0
1313| 8,999999 400 0
1314| 9,299999 400 0
1315| 9,599998 400 0
1316| 9,899999 400 0
1317| 10,2 400 0
1318| 10,5 400 0
1319| 10,5 400 0
1320| 10,5 400 0
1321| 10,5 400 0
1322| 10,5 400 0
1323| 10,5 400 0
1324| 10,5 400 0
1325| 10,5 400 0
1326| 10,5 400 0
1327| 10,5 400 0
1328| 10,5 400 0
1329| 10,5 400 0
1330| 10,5 400 0
1331| 10,5 400 0
1332| 10,5 400 0
1333| 10,5 400 0
1334| 10,5 400 0
1335| 10,5 400 0
1336| 10,5 400 0
1337| 10,5 400 0
1338| 10,5 400 0
1339| 10,5 400 0
1340| 10,5 400 0
1341| 10,5 400 0
1342| 10,5 400 0
1343| 10,5 400 0
1344| 10,5 400 0
1345| 10,5 400 0
1346| 10,5 400 0
1347| 10,5 400 0
1348| 10,5 400 0
1349| 10,5 400 0
1350| 10,5 400 0
1351| 10,5 400 0
1352| 10,5 400 0
1353| 10,5 400 0
1354| 10,5 400 0
1355| 10,5 400 0
1356| 10,5 400 0
1357| 10,5 400 0
1358| 10,5 400 0
1359| 10,5 400 0
1360| 10,5 400 0
1361| 10,5 400 0
1362| 10,5 400 0
1363| 10,5 400 0
1364| 10,5 400 0
1365| 10,5 400 0
1366| 10,5 400 0
1367| 10,5 400 0
1368| 10,5 400 0
1369| 10,5 400 0
1370| 10,5 400 0
1371| 10,5 400 0
1372| 10,5 400 0
1373| 10,5 400 0
1374| 10,5 400 0
1375| 10,5 400 0
1376| 10,5 400 0
1377| 10,5 400 0
1378| 10,5 400 0
1379| 10,5 400 0
1380| 10,5 400 0
1381| 10,5 400 0
1382| 10,5 400 0
1383| 10,5 400 0
1384| 10,5 400 0
1385| 10,5 400 0
1386| 10,5 400 0
1387| 10,5 400 0
1388| 10,5 400 0
1389| 10,5 400 0
1390| 10,5 400 0
1391| 10,5 400 0
1392| 10,5 400 0
1393| 10,5 400 0
1394| 10,5 400 0
1395| 10,5 400 0
1396| 0 0 0
1397| 0 0 0
1398| 0 0 0
1399| 0 0 0
1400| 0 0 0
1401| 0 0 0
1402| 0 0 0
1403| 0 0 0
1404| 0 0 0
1405| 0 0 0
1406| 0 0 0
1407| 0 4 0
1408| 0 8 0
1409| 0 12 0
1410| 0 16 0
1411| 0 20 0
1412| 0 24 0
1413| 0 28 0
1414| 0 32 0
1415| 0 36 0
1416| 0 40 0
1417| 0 43,99999 0
1418| 0 47,99999 0
1419| 0 51,99999 0
1420| 0 55,99999 0
1421| 0 60 0
1422| 0 64 0
1423| 0 68 0
1424| 0 72 0
1425| 0 76,00001 0
1426| 0 80,00001 0
1427| 0 84,00001 0
1428| 0 88,00002 0
1429| 0 92,00002 0
1430| 0 96,00002 0
1431| 0 100 0
1432| 0 0 0
1433| 0 0 0
1434| 0 0 0
1435| 0 0 0
1436| 0 0 0
1437| 0 0 0
1438| 0 0 0
1439| 0 0 0
1440| 0 0 0
1441| 0 0 0
1442| 0 0 0
1443| 0 0 0
1444| 0 0 0
1445| 0 0 0
1446| 0 0 0
1447| 0 0 0
1448| 0 0 0
1449| 0 0 0
1450| 0 0 0
1451| 0 0 0
1452| 0 0 0
1453| 0 0 0
1454| 0 0 0
1455| 0 0 0
1456| 0 0 0
1457| 0 0 0
1458| 0 0 0
1459| 0 0 0
1460| 0 0 0
1461| 0 0 0
1462| 0 0 0
1463| 0 0 0
1464| 0 0 0
1465| 0 0 0
1466| 0 0 0
1467| 0 0 0
1468| 0 0 0
1469| 0 0 0
1470| 0 0 0
1471| 0 0 0
1472| 0 0 0
1473| 0 0 0
1474| 0 0 0
1475| 0 0 0
1476| 0 0 0
1477| 0 0 0
1478| 0 0 0
1479| 0 0 0
1480| 0 0 0
1481| 0 0 0
1482| 0 0 0
1483| 0 0 0
1484| 0 0 0
1485| 0 0 0
1486| 0 0 0
1487| 0 0 0
1488| 0 0 0
1489| 0 0 0
1490| 0 0 0
1491| 0 0 0
1492| 0 0 0
1493| 0 0 0
1494| 0 0 0
1495| 0 0 0
1496| 0 0 0
1497| 0 0 0
1498| 0 0 0
1499| 0 0 0
1500| 0 0 0
1501| 0 0 0
1502| 0 0 0
1503| 0 0 0
1504| 0 0 0
1505| 0 0 0
1506| 0 0 0
1507| 0 0 0
1508| 0 0 0
1509| 0 0 0
1510| 0 0 0
1511| 0 0 0
1512| 0 0 0
1513| 0 0 0
1514| 0 0 0
1515| 0 0 0
1516| 0 0 0
1517| 0 0 0
1518| 0 0 0
1519| 0 0 0
1520| 0 0 0
1521| 0 0 0
1522| 0 0 0
1523| 0 0 0
1524| 0 0 0
1525| 0 0 0
1526| 0 0 0
1527| 0 0 0
1528| 0 0 0
1529| 0 0 0
1530| 0 0 0
1531| 0 0 0
1532| 0 0 0
1533| 0 0 0
1534| 0 0 0
1535| 0 0 0
1536| 0 0 0
1537| 0 0 0
1538| 0 0 0
1539| 0 0 0
1540| 0 0 0
1541| 0 0 0
1542| 0 0 0
1543| 0 0 0
1544| 0 0 0
1545| 0 0 0
1546| 0 0 0
1547| 0 0 0
1548| 0 0 0
1549| 0 0 0
1550| 0 0 0
1551| 0 0 0
1552| 0 0 0
1553| 0 0 0
1554| 0 0 0
1555| 0 0 0
1556| 0 0 0
1557| 0 0 0
1558| 0 0 0
1559| 0 0 0
1560| 0 0 0
1561| 0 0 0
1562| 0 0 0
1563| 0 0 0
1564| 0 0 0
1565| 0 0 0
1566| 0 0 0
1567| 0 0 0
1568| 0 0 0
1569| 0 0 0
1570| 0 0 0
1571| 0 0 0
1572| 0 0 0
1573| 0 0 0
1574| 0 0 0
1575| 0 0 0
1576| 0 0 0
1577| 0 0 0
1578| 0 0 0
1579| 0 0 0
1580| 0 0 0
1581| 0 0 0
1582| 0 0 0
1583| 0 0 0
1584| 0 0 0
1585| 0 0 0
1586| 0 0 0
1587| 0 0 0
1588| 0 0 0
1589| 0 0 0
1590| 0 0 0
1591| 0 0 0
1592| 0 0 0
1593| 0 0 0
1594| 0 0 0
1595| 0 0 0
1596| 0 0 0
1597| 0 0 0
1598| 0 0 0
1599| 0 0 0
1600| 0 0 0
1601| 0 0 0
1602| 0 0 0
1603| 0 0 0
1604| 0 0 0
1605| 0 0 0
1606| 0 0 0
1607| 0 0 0
1608| 0 0 0
1609| 0 0 0
1610| 0 0 0
1611| 0 0 0
1612| 0 0 0
1613| 0 0 0
1614| 0 0 0
1615| 0 0 0
1616| 0 0 0
1617| 0 0 0
1618| 0 0 0
1619| 0 0 0
1620| 0 0 0
1621| 0 0 0
1622| 0 0 0
1623| 0 0 0
1624| 0 0 0
1625| 0 0 0
1626| 0 0 0
1627| 0 0 0
1628| 0 0 0
1629| 0 0 0
1630| 0 0 0
1631| 0 0 0
1632| 0 0 0
1633| 0 0 0
1634| 0 0 0
1635| 0 0 0
1636| 0 0 0
1637| 0 0 0
1638| 0 0 0
1639| 0 0 0
1640| 0 0 0
1641| 0 0 0
1642| 0 0 0
1643| 0 0 0
1644| 0 0 0
1645| 0 0 0
1646| 0 0 0
1647| 0 0 0
1648| 0 0 0
1649| 0 0 0
1650| 0 0 0
1651| 0 0 0
1652| 0 0 0
1653| 0 0 0
1654| 0 0 0
1655| 0 0 0
1656| 0 0 0
1657| 0 0 0
1658| 0 0 0
1659| 0 0 0
1660| 0 0 0
1661| 0 0 0
1662| 0 0 0
1663| 0 0 0
1664| 0 0 0
1665| 0 0 0
1666| 0 0 0
1667| 0 0 0
1668| 0 0 0
1669| 0 0 0
1670| 0 0 0
1671| 0 0 0
1672| 0 0 0
1673| 0 0 0
1674| 0 0 0
1675| 0 0 0
1676| 0 0 0
1677| 0 0 0
1678| 0 0 0
1679| 0 0 0
1680| 0 0 0
1681| 0 0 0
1682| 0 0 0
1683| 0 0 0
1684| 0 0 0
1685| 0 0 0
1686| 0 0 0
1687| 0 0 0
1688| 0 0 0
1689| 0 0 0
1690| 0 0 0
1691| 0 0 0
1692| 0 0 0
1693| 0 0 0
1694| 0 0 0
1695| 0 0 0
1696| 0 0 0
1697| 0 0 0
1698| 0 0 0
1699| 0 0 0
1700| 0 0 0
1701| 0 0 0
1702| 0 0 0
1703| 0 0 0
1704| 0 4 0
1705| 0 8 0
1706| 0 12 0
1707| 0 16 0
1708| 0 20 0
1709| 0 24 0
1710| 0 28 0
1711| 0 32 0
1712| 0 36 0
1713| 0 40 0
1714| 0 43,99999 0
1715| 0 47,99999 0
1716| 0 51,99999 0
1717| 0 55,99999 0
1718| 0 60 0
1719| 0 64 0
1720| 0 68 0
1721| 0 72 0
1722| 0 76,00001 0
1723| 0 80,00001 0
1724| 0 84,00001 0
1725| 0 88,00002 0
1726| 0 92,00002 0
1727| 0 96,00002 0
1728| 0 100 0
1729| 0 104 0
1730| 0 108 0
1731| 0 112 0
1732| 0 116 0
1733| 0 120 0
1734| 0 124 0
1735| 0 128 0
1736| 0 132 0
1737| 0 136 0
1738| 0 140 0
1739| 0 144 0
1740| 0 148 0
1741| 0 152 0
1742| 0 156 0
1743| 0 160 0
1744| 0 164 0
1745| 0 168 0
1746| 0 171,9999 0
1747| 0 175,9999 0
1748| 0 179,9999 0
1749| 0 183,9999 0
1750| 0 187,9999 0
1751| 0 191,9999 0
1752| 0 195,9999 0
1753| 0 199,9999 0
1754| 0 203,9999 0
1755| 0 207,9999 0
1756| 0 211,9999 0
1757| 0 215,9999 0
1758| 0 219,9999 0
1759| 0 223,9999 0
1760| 0 227,9999 0
1761| 0 231,9999 0
1762| 0 235,9999 0
1763| 0 239,9999 0
1764| 0 243,9999 0
1765| 0 247,9999 0
1766| 0 251,9999 0
1767| 0 255,9999 0
1768| 0 259,9999 0
1769| 0 263,9999 0
1770| 0 267,9999 0
1771| 0 271,9998 0
1772| 0 275,9998 0
1773| 0 279,9998 0
1774| 0 283,9998 0
1775| 0 287,9998 0
1776| 0 291,9998 0
1777| 0 295,9998 0
1778| 0 299,9998 0
1779| 0 303,9998 0
1780| 0 307,9998 0
1781| 0 311,9998 0
1782| 0 315,9998 0
1783| 0 319,9998 0
1784| 0 323,9998 0
1785| 0 327,9998 0
1786| 0 331,9998 0
1787| 0 335,9998 0
1788| 0 339,9998 0
1789| 0 343,9998 0
1790| 0 347,9998 0
1791| 0 351,9998 0
1792| 0 355,9998 0
1793| 0 359,9998 0
1794| 0 363,9998 0
1795| 0 367,9998 0
1796| 0 371,9998 0
1797| 0 375,9998 0
1798| 0 379,9998 0
1799| 0 383,9998 0
1800| 0 387,9998 0
1801| 0 391,9998 0
1802| 0 395,9998 0
1803| 0 399,9997 0
1804| 0 400 0
1805| 0 400 0
1806| 0 400 0
1807| 0 400 0
1808| 0 400 0
1809| 0 400 0
1810| 0 400 0
1811| 0 400 0
1812| 0 400 0
1813| 0 400 0
1814| 0 400 0
1815| 0 400 0
1816| 0 400 0
1817| 0 400 0
1818| 0 400 0
1819| 0 400 0
1820| 0 400 0
1821| 0 400 0
1822| 0 400 0
1823| 0 400 0
1824| 0 400 0
1825| 0 400 0
1826| 0 400 0
1827| 0 400 0
1828| 0 400 0
1829| 0 400 0
1830| 0 400 0
1831| 0 400 0
1832| 0 400 0
1833| 0 400 0
1834| 0 400 0
1835| 0 400 0
1836| 0 400 0
1837| 0 400 0
1838| 0 400 0
1839| 0 400 0
1840| 0 400 0
1841| 0 400 0
1842| 0 400 0
1843| 0 400 0
1844| 0 400 0
1845| 0 400 0
1846| 0 400 0
1847| 0 400 0
1848| 0,3 400 0
1849| 0,6 400 0
1850| 0,9 400 0
1851| 1,2 400 0
1852| 1,5 400 0
1853| 1,8 400 0
1854| 2,1 400 0
1855| 2,4 400 0
1856| 2,7 400 0
1857| 3 400 0
1858| 3,299999 400 0
1859| 3,599999 400 0
1860| 3,899999 400 0
1861| 4,2 400 0
1862| 4,2 400 0
1863| 4,2 400 0
1864| 4,2 400 0
1865| 4,2 400 0
1866| 4,2 400 0
1867| 4,2 400 0
1868| 4,2 400 0
1869| 4,2 400 0
1870| 4,2 400 0
1871| 4,2 400 0
1872| 4,2 400 0
1873| 4,2 400 0
1874| 4,2 400 0
1875| 4,2 400 0
1876| 4,2 400 0
1877| 4,2 400 0
1878| 4,2 400 0
1879| 4,2 400 0
1880| 4,2 400 0
1881| 4,2 400 0
1882| 4,2 400 0
1883| 4,2 400 0
1884| 4,2 400 0
1885| 4,2 400 0
1886| 4,2 400 0
1887| 4,2 400 0
1888| 4,2 400 0
1889| 4,2 400 0
1890| 4,2 400 0
1891| 4,2 400 0
1892| 4,2 400 0
1893| 4,2 400 0
1894| 4,2 400 0
1895| 4,2 400 0
1896| 4,2 400 0
1897| 4,2 400 0
1898| 4,2 400 0
1899| 4,2 400 0
1900| 4,2 400 0
1901| 4,2 400 0
1902| 4,2 400 0
1903| 4,2 400 0
1904| 4,2 400 0
1905| 4,2 400 0
1906| 4,2 400 0
1907| 4,2 400 0
1908| 4,2 400 0
1909| 4,2 400 0
1910| 4,2 400 0
1911| 4,2 400 0
1912| 4,2 400 0
1913| 4,2 400 0
1914| 4,2 400 0
1915| 4,2 400 0
1916| 4,2 400 0
1917| 4,2 400 0
1918| 4,2 400 0
1919| 4,2 400 0
1920| 4,2 400 0
1921| 4,2 400 0
1922| 4,2 400 0
1923| 4,2 400 0
1924| 4,2 400 0
1925| 4,2 400 0
1926| 4,2 400 0
1927| 0 0 0
1928| 0 0 0
1929| 0 0 0
1930| 0 0 0
1931| 0 0 0
1932| 0 0 0
1933| 0 0 0
1934| 0 0 0
1935| 0 0 0
1936| 0 0 0
1937| 0 0 0
1938| 0 0 0
1939| 0 0 0
1940| 0 0 0
1941| 0 0 0
1942| 0 0 0
1943| 0 0 0
1944| 0 0 0
1945| 0 0 0
1946| 0 0 0
1947| 0 0 0
1948| 0 0 0
1949| 0 0 0
1950| 0 0 0
1951| 0 0 0
1952| 0 0 0
1953| 0 0 0
1954| 0 0 0
1955| 0 4 0
1956| 0 8 0
1957| 0 12 0
1958| 0 16 0
1959| 0 20 0
1960| 0 24 0
1961| 0 28 0
1962| 0 32 0
1963| 0 36 0
1964| 0 40 0
1965| 0 43,99999 0
1966| 0 47,99999 0
1967| 0 51,99999 0
1968| 0 55,99999 0
1969| 0 60 0
1970| 0 64 0
1971| 0 68 0
1972| 0 72 0
1973| 0 76,00001 0
1974| 0 80,00001 0
1975| 0 84,00001 0
1976| 0 88,00002 0
1977| 0 92,00002 0
1978| 0 96,00002 0
1979| 0 100 0
1980| 0 104 0
1981| 0 108 0
1982| 0 112 0
1983| 0 116 0
1984| 0 120 0
1985| 0 124 0
1986| 0 128 0
1987| 0 132 0
1988| 0 136 0
1989| 0 140 0
1990| 0 144 0
1991| 0 148 0
1992| 0 152 0
1993| 0 156 0
1994| 0 160 0
1995| 0 164 0
1996| 0 168 0
1997| 0 171,9999 0
1998| 0 175,9999 0
1999| 0 179,9999 0
2000| 0 183,9999 0
2001| 0 187,9999 0
2002| 0 191,9999 0
2003| 0 195,9999 0
2004| 0 199,9999 0
2005| 0 203,9999 0
2006| 0 207,9999 0
2007| 0 211,9999 0
2008| 0 215,9999 0
2009| 0 219,9999 0
2010| 0 223,9999 0
2011| 0 227,9999 0
2012| 0 231,9999 0
2013| 0 235,9999 0
2014| 0 239,9999 0
2015| 0 243,9999 0
2016| 0 247,9999 0
2017| 0 251,9999 0
2018| 0 255,9999 0
2019| 0 259,9999 0
2020| 0 263,9999 0
2021| 0 267,9999 0
2022| 0 271,9998 0
2023| 0 275,9998 0
2024| 0 279,9998 0
2025| 0 283,9998 0
2026| 0 287,9998 0
2027| 0 291,9998 0
2028| 0 295,9998 0
2029| 0 299,9998 0
2030| 0 303,9998 0
2031| 0 307,9998 0
2032| 0 311,9998 0
2033| 0 315,9998 0
2034| 0 319,9998 0
2035| 0 323,9998 0
2036| 0 327,9998 0
2037| 0 331,9998 0
2038| 0 335,9998 0
2039| 0 339,9998 0
2040| 0 343,9998 0
2041| 0 347,9998 0
2042| 0 351,9998 0
2043| 0 355,9998 0
2044| 0 359,9998 0
2045| 0 363,9998 0
2046| 0 367,9998 0
2047| 0 371,9998 0
2048| 0 375,9998 0
2049| 0 379,9998 0
2050| 0 383,9998 0
2051| 0 387,9998 0
2052| 0 391,9998 0
2053| 0 395,9998 0
2054| 0 399,9997 0
2055| 0 400 0
2056| 0 400 0
2057| 0 400 0
2058| 0 400 0
2059| 0 400 0
2060| 0 400 0
2061| 0 400 0
2062| 0 400 0
2063| 0 400 0
2064| 0 400 0
2065| 0 400 0
2066| 0 400 0
2067| 0 400 0
2068| 0 400 0
2069| 0 400 0
2070| 0 400 0
2071| 0 400 0
2072| 0 400 0
2073| 0 400 0
2074| 0 400 0
2075| 0 400 0
2076| 0 400 0
2077| 0 400 0
2078| 0 400 0
2079| 0 400 0
2080| 0 400 0
2081| 0 400 0
2082| 0 400 0
2083| 0 400 0
2084| 0 400 0
2085| 0 400 0
2086| 0 400 0
2087| 0 400 0
2088| 0 400 0
2089| 0 400 0
2090| 0 400 0
2091| 0 400 0
2092| 0 400 0
2093| 0 400 0
2094| 0 400 0
2095| 0 400 0
2096| 0 400 0
2097| 0 400 0
2098| 0 400 0
2099| 0 400 0
2100| 0 400 0
2101| 0 400 0
2102| 0 400 0
2103| 0 400 0
2104| 0 400 0
2105| 0 400 0
2106| 0 400 0
2107| 0 400 0
2108| 0 400 0
2109| 0 400 0
2110| 0 400 0
2111| 0 400 0
2112| 0 400 0
2113| 0 400 0
2114| 0 400 0
2115| 0 400 0
2116| 0 400 0
2117| 0 400 0
2118| 0 400 0
2119| 0 400 0
2120| 0 400 0
2121| 0 400 0
2122| 0 400 0
2123| 0 400 0
2124| 0 400 0
2125| 0 400 0
2126| 0 400 0
2127| 0 400 0
2128| 0 400 0
2129| 0 400 0
2130| 0 400 0
2131| 0 400 0
2132| 0 400 0
2133| 0 400 0
2134| 0 400 0
2135| 0 400 0
2136| 0 400 0
2137| 0 400 0
2138| 0 400 0
2139| 0 400 0
2140| 0 400 0
2141| 0 400 0
2142| 0 400 0
2143| 0 400 0
2144| 0 400 0
2145| 0 400 0
2146| 0 400 0
2147| 0 400 0
2148| 0 400 0
2149| 0 400 0
2150| 0 400 0
2151| 0 400 0
2152| 0 400 0
2153| 0 400 0
2154| 0 400 0
2155| 0 400 0
2156| 0 400 0
2157| 0 400 0
2158| 0 400 0
2159| 0 400 0
2160| 0 400 0
2161| 0 400 0
2162| 0 400 0
2163| 0 400 0
2164| 0 400 0
2165| 0 400 0
2166| 0 400 0
2167| 0 400 0
2168| 0 400 0
2169| 0 400 0
2170| 0 400 0
2171| 0 400 0
2172| 0 400 0
2173| 0 400 0
2174| 0 0 0
2175| 0 0 0
2176| 0 0 0
2177| 0 0 0
2178| 0 0 0
2179| 0 0 0
2180| 0 0 0
2181| 0 0 0
2182| 0 0 0
2183| 0 0 0
2184| 0 0 0
2185| 0 0 0
2186| 0 0 0
2187| 0 0 0
2188| 0 0 0
2189| 0 0 0
2190| 0 0 0
2191| 0 0 0
2192| 0 0 0
2193| 0 0 0
2194| 0 0 0
2195| 0 0 0
2196| 0 0 0
2197| 0 0 0
2198| 0 0 0
2199| 0 0 0
2200| 0 0 0
2201| 0 0 0
2202| 0,3 0 0
2203| 0,6 0 0
2204| 0,9 0 0
2205| 1,2 0 0
2206| 1,5 0 0
2207| 1,8 0 0
2208| 2,1 0 0
2209| 2,4 0 0
2210| 2,7 0 0
2211| 3 0 0
2212| 3,299999 0 0
2213| 3,599999 0 0
2214| 3,899999 0 0
2215| 4,2 0 0
2216| 4,5 0 0
2217| 4,8 0 0
2218| 5,1 0 0
2219| 5,4 0 0
2220| 5,7 0 0
2221| 6 0 0
2222| 6,300001 0 0
2223| 6,600001 0 0
2224| 6,900001 0 0
2225| 7,200001 0 0
2226| 7,500001 0 0
2227| 7,800001 0 0
2228| 8,1 0 0
2229| 8,4 0 0
2230| 8,7 0 0
2231| 8,999999 0 0
2232| 9,299999 0 0
2233| 9,599998 0 0
2234| 9,899999 0 0
2235| 10,2 0 0
2236| 10,5 0 0
2237| 10,8 0 0
2238| 11,1 0 0
2239| 11,4 0 0
2240| 11,7 0 0
2241| 12 0 0
2242| 12,3 0 0
2243| 12,6 0 0
2244| 12,9 0 0
2245| 13,2 0 0
2246| 13,5 0 0
2247| 13,79999 0 0
2248| 14,09999 0 0
2249| 14,39999 0 0
2250| 14,69999 0 0
2251| 14,99999 0 0
2252| 15,29999 0 0
2253| 15,59999 0 0
2254| 15,89999 0 0
2255| 16,19999 0 0
2256| 16,49999 0 0
2257| 16,79999 0 0
2258| 17,09999 0 0
2259| 17,39999 0 0
2260| 17,69999 0 0
2261| 17,99999 0 0
2262| 18,29999 0 0
2263| 18,59999 0 0
2264| 18,89999 0 0
2265| 19,19999 0 0
2266| 19,49999 0 0
2267| 19,79999 0 0
2268| 20,09999 0 0
2269| 20,39999 0 0
2270| 20,69999 0 0
2271| 20,99999 0 0
2272| 21,29999 0 0
2273| 21,59999 0 0
2274| 21,89999 0 0
2275| 22,19999 0 0
2276| 22,49999 0 0
2277| 22,79999 0 0
2278| 23,09999 0 0
2279| 23,39999 0 0
2280| 23,69999 0 0
2281| 23,99999 0 0
2282| 24,29999 0 0
2283| 24,59999 0 0
2284| 24,89998 0 0
2285| 25,19999 0 0
2286| 25,49998 0 0
2287| 25,79998 0 0
2288| 26,09998 0 0
2289| 26,39998 0 0
2290| 26,69998 0 0
2291| 26,99998 0 0
2292| 27,29998 0 0
2293| 27,59998 0 0
2294| 27,89998 0 0
2295| 28,19998 0 0
2296| 28,49998 0 0
2297| 28,79998 0 0
2298| 29,09998 0 0
2299| 29,39998 0 0
2300| 29,69998 0 0
2301| 29,99998 0 0
2302| 30 0 0
2303| 30 0 0
2304| 30 0 0
2305| 30 0 0
2306| 30 0 0
2307| 30 0 0
2308| 30 0 0
2309| 30 0 0
2310| 30 0 0
2311| 30 0 0
2312| 30 0 0
2313| 30 0 0
2314| 30 0 0
2315| 30 0 0
2316| 30 0 0
2317| 30 0 0
2318| 30 0 0
2319| 30 0 0
2320| 30 0 0
2321| 30 0 0
2322| 30 0 0
2323| 30 0 0
2324| 30 0 0
2325| 30 0 0
2326| 30 0 0
2327| 30 0 0
2328| 30 0 0
2329| 30 0 0
2330| 30 0 0
2331| 30 0 0
2332| 30 0 0
2333| 30 0 0
2334| 30 0 0
2335| 30 0 0
2336| 30 0 0
2337| 30 0 0
2338| 30 0 0
2339| 30 0 0
2340| 30 0 0
2341| 30 0 0
2342| 30 0 0
2343| 30 0 0
2344| 30 0 0
2345| 30 0 0
2346| 30 0 0
2347| 30 0 0
2348| 30 0 0
2349| 30 0 0
2350| 30 0 0
2351| 30 0 0
2352| 30 0 0
2353| 30 0 0
2354| 30 0 0
2355| 30 0 0
2356| 30 0 0
2357| 30 0 0
2358| 30 0 0
2359| 30 0 0
2360| 30 0 0
2361| 30 0 0
2362| 30 0 0
2363| 30 0 0
2364| 30 0 0
2365| 30 0 0
2366| 30 0 0
2367| 30 0 0
2368| 30 0 0
2369| 30 0 0
2370| 30 0 0
2371| 30 0 0
2372| 30 0 0
2373| 30 0 0
2374| 30 0 0
2375| 30 0 0
2376| 30 0 0
2377| 30 0 0
2378| 30 0 0
2379| 30 0 0
2380| 30 0 0
2381| 30 0 0
2382| 30 0 0
2383| 30 0 0
2384| 30 0 0
2385| 30 0 0
2386| 30 0 0
2387| 30 0 0
2388| 30 0 0
2389| 30 0 0
2390| 30 0 0
2391| 30 0 0
2392| 30 0 0
2393| 30 0 0
2394| 30 0 0
2395| 30 0 0
2396| 30 0 0
2397| 30 0 0
2398| 30 0 0
2399| 30 0 0
2400| 30 0 0
2401| 30 0 0
2402| 30 0 0
2403| 30 0 0
2404| 30 0 0
2405| 30 0 0
2406| 30 0 0
2407| 0 0 0
2408| 0 0 0
2409| 0 0 0
2410| 0 0 0
2411| 0 4 0
2412| 0 8 0
2413| 0 12 0
2414| 0 16 0
2415| 0 20 0
2416| 0 24 0
2417| 0 28 0
2418| 0 32 0
2419| 0 36 0
2420| 0 40 0
2421| 0 43,99999 0
2422| 0 47,99999 0
2423| 0 51,99999 0
2424| 0 55,99999 0
2425| 0 60 0
2426| 0 64 0
2427| 0 68 0
2428| 0 72 0
2429| 0 76,00001 0
2430| 0 80,00001 0
2431| 0 84,00001 0
2432| 0 88,00002 0
2433| 0 92,00002 0
2434| 0 96,00002 0
2435| 0 100 0
2436| 0 104 0
2437| 0 108 0
2438| 0 112 0
2439| 0 116 0
2440| 0 120 0
2441| 0 124 0
2442| 0 128 0
2443| 0 132 0
2444| 0 136 0
2445| 0 140 0
2446| 0 144 0
2447| 0 148 0
2448| 0 152 0
2449| 0 156 0
2450| 0 160 0
2451| 0 164 0
2452| 0 168 0
2453| 0 171,9999 0
2454| 0 175,9999 0
2455| 0 179,9999 0
2456| 0 183,9999 0
2457| 0 187,9999 0
2458| 0 191,9999 0
2459| 0 195,9999 0
2460| 0 199,9999 0
2461| 0 203,9999 0
2462| 0 207,9999 0
2463| 0 211,9999 0
2464| 0 215,9999 0
2465| 0 219,9999 0
2466| 0 223,9999 0
2467| 0 227,9999 0
2468| 0 231,9999 0
2469| 0 235,9999 0
2470| 0 239,9999 0
2471| 0 243,9999 0
2472| 0 247,9999 0
2473| 0 251,9999 0
2474| 0 255,9999 0
2475| 0 259,9999 0
2476| 0 263,9999 0
2477| 0,3 267,9999 0
2478| 0,6 271,9998 0
2479| 0,9 275,9998 0
2480| 1,2 279,9998 0
2481| 1,5 283,9998 0
2482| 1,8 287,9998 0
2483| 2,1 291,9998 0
2484| 2,4 295,9998 0
2485| 2,7 299,9998 0
2486| 3 303,9998 0
2487| 3 307,9998 0
2488| 3 311,9998 0
2489| 3 315,9998 0
2490| 3 319,9998 0
2491| 3 323,9998 0
2492| 3 327,9998 0
2493| 3 331,9998 0
2494| 3 335,9998 0
2495| 3 339,9998 0
2496| 3 343,9998 0
2497| 3 347,9998 0
2498| 3 351,9998 0
2499| 3 355,9998 0
2500| 3 359,9998 0
2501| 3 363,9998 0
2502| 3 367,9998 0
2503| 3 371,9998 0
2504| 3 375,9998 0
2505| 3,299999 379,9998 0
2506| 3,599999 383,9998 0
2507| 3,899999 387,9998 0
2508| 4,2 391,9998 0
2509| 4,5 395,9998 0
2510| 4,8 399,9997 0
2511| 5,1 400 0
2512| 5,4 400 0
2513| 5,7 400 0
2514| 6 400 0
2515| 6,300001 400 0
2516| 6,300001 400 0
2517| 6,300001 400 0
2518| 6,300001 400 0
2519| 6,300001 400 0
2520| 6,300001 400 0
2521| 6,300001 400 0
2522| 6,300001 400 0
2523| 6,300001 400 0
2524| 6,300001 400 0
2525| 6,300001 400 0
2526| 6,300001 400 0
2527| 6,300001 400 0
2528| 6,300001 400 0
2529| 6,300001 400 0
2530| 6,300001 400 0
2531| 6,300001 400 0
2532| 6,300001 400 0
2533| 6,300001 400 0
2534| 6,300001 400 0
2535| 6,300001 400 0
2536| 6,300001 400 0
2537| 6,300001 400 0
2538| 6,300001 400 0
2539| 6,300001 400 0
2540| 6,300001 400 0
2541| 6,300001 400 0
2542| 6,300001 400 0
2543| 6,300001 400 0
2544| 0 400 0
2545| -0,3 400 0
2546| -0,6 400 0
2547| -0,9 400 0
2548| -1,2 400 0
2549| -1,5 400 0
2550| -1,8 400 0
2551| -2,1 400 0
2552| -2,4 400 0
2553| -2,7 400 0
2554| -3 400 0
2555| -3,299999 400 0
2556| -3,599999 400 0
2557| -3,899999 400 0
2558| -4,2 400 0
2559| -4,5 400 0
2560| -4,8 400 0
2561| -5,1 400 0
2562| -5,4 400 0
2563| -5,7 400 0
2564| -6 400 0
2565| -6,300001 400 0
2566| -6,600001 400 0
2567| -6,900001 400 0
2568| -7,200001 400 0
2569| -7,500001 400 0
2570| -7,800001 400 0
2571| -8,1 400 0
2572| -8,4 400 0
2573| -8,7 400 0
2574| -8,999999 400 0
2575| -9,299999 400 0
2576| -9,599998 400 0
2577| -9,899999 400 0
2578| -10,2 400 0
2579| -10,5 400 0
2580| -10,8 400 0
2581| -11,1 400 0
2582| -11,4 400 0
2583| -11,7 400 0
2584| -12 400 0
2585| -12 400 0
2586| -12 400 0
2587| -12 400 0
2588| -12 400 0
2589| -12 400 0
2590| -12 400 0
2591| -12 400 0
2592| -12 400 0
2593| -12 400 0
2594| -12 400 0
2595| -12 400 0
2596| -12 400 0
2597| -12 400 0
2598| -12 400 0
2599| -12 400 0
2600| -12 400 0
2601| -12 400 0
2602| -12 400 0
2603| -12 400 0
2604| -12 400 0
2605| -12 400 0
2606| -12 400 0
2607| -12 400 0
2608| -12 400 0
2609| -12 400 0
2610| -12 400 0
2611| -12 400 0
2612| -12 400 0
2613| -12 400 0
2614| -12 400 0
2615| -12 400 0
2616| -12 400 0
2617| -12 400 0
2618| -12 400 0
2619| -12 400 0
2620| -12 400 0
2621| -12 400 0
2622| -12 400 0
2623| -12 400 0
2624| -12 400 0
2625| -12 400 0
2626| -12 400 0
2627| -12 400 0
2628| -12 400 0
2629| -12 400 0
2630| -12 400 0
2631| -12 400 0
2632| -12 400 0
2633| -12 400 0
2634| -12 400 0
2635| -12 400 0
2636| -12 400 0
2637| -12 400 0
2638| -12 400 0
2639| -12 400 0
2640| -12 400 0
2641| -12 400 0
2642| -12 400 0
2643| 0 400 0
2644| 0,3 400 0
2645| 0,6 400 0
2646| 0,9 400 0
2647| 1,2 400 0
2648| 1,5 400 0
2649| 1,8 400 0
2650| 2,1 400 0
2651| 2,4 400 0
2652| 2,7 400 0
2653| 3 400 0
2654| 3,299999 400 0
2655| 3,599999 400 0
2656| 3,899999 400 0
2657| 4,2 400 0
2658| 4,5 400 0
2659| 4,8 400 0
2660| 4,8 400 0
2661| 4,8 400 0
2662| 4,8 400 0
2663| 4,8 400 0
2664| 4,8 400 0
2665| 4,8 400 0
2666| 4,8 400 0
2667| 4,8 400 0
2668| 4,8 400 0
2669| 4,8 400 0
2670| 4,8 400 0
2671| 4,8 400 0
2672| 4,8 400 0
2673| 4,8 400 0
2674| 4,8 400 0
2675| 4,8 400 0
2676| 4,8 400 0
2677| 4,8 400 0
2678| 4,8 400 0
2679| 4,8 400 0
2680| 4,8 400 0
2681| 4,8 400 0
2682| 4,8 400 0
2683| 4,8 400 0
2684| 4,8 400 0
2685| 4,8 400 0
2686| 4,8 400 0
2687| 4,8 400 0
2688| 4,8 400 0
2689| 4,8 400 0
2690| 4,8 400 0
2691| 4,8 400 0
2692| 4,8 400 0
2693| 4,8 400 0
2694| 4,8 400 0
2695| 4,8 400 0
2696| 4,8 400 0
2697| 4,8 400 0
2698| 4,8 400 0
2699| 4,8 400 0
2700| 4,8 400 0
2701| 4,8 400 0
2702| 4,8 400 0
2703| 4,8 400 0
2704| 4,8 400 0
2705| 4,8 400 0
2706| 4,8 400 0
2707| 4,8 400 0
2708| 4,8 400 0
2709| 4,8 400 0
2710| 4,8 400 0
2711| 4,8 400 0
2712| 4,8 400 0
2713| 4,8 400 0
2714| 4,8 400 0
2715| 4,8 400 0
2716| 4,8 400 0
2717| 4,8 400 0
2718| 4,8 400 0
2719| 4,8 400 0
2720| 4,8 400 0
2721| 4,8 400 0
2722| 4,8 400 0
2723| 4,8 400 0
2724| 4,8 400 0
2725| 4,8 400 0
2726| 4,8 400 0
2727| 4,8 400 0
2728| 4,8 400 0
2729| 4,8 400 0
2730| 4,8 400 0
2731| 4,8 400 0
2732| 4,8 400 0
2733| 4,8 400 0
2734| 4,8 400 0
2735| 4,8 400 0
2736| 4,8 400 0
2737| 4,8 400 0
2738| 4,8 400 0
2739| 4,8 400 0
2740| 4,8 400 0
2741| 4,8 400 0
2742| 4,8 400 0
2743| 4,8 400 0
2744| 4,8 400 0
2745| 4,8 400 0
2746| 4,8 400 0
2747| 4,8 400 0
2748| 4,8 400 0
2749| 4,8 400 0
2750| 4,8 400 0
2751| 4,8 400 0
2752| 4,8 400 0
2753| 0 400 0
2754| -0,3 400 0
2755| -0,6 400 0
2756| -0,9 400 0
2757| -1,2 400 0
2758| -1,5 400 0
2759| -1,8 400 0
2760| -2,1 400 0
2761| -2,4 400 0
2762| -2,7 400 0
2763| -3 400 0
2764| -3,299999 400 0
2765| -3,599999 400 0
2766| -3,899999 400 0
2767| -4,2 400 0
2768| -4,5 400 0
2769| -4,8 400 0
2770| -5,1 400 0
2771| -5,4 400 0
2772| -5,7 400 0
2773| -6 400 0
2774| -6,300001 400 0
2775| -6,600001 400 0
2776| -6,900001 400 0
2777| -7,200001 400 0
2778| -7,500001 400 0
2779| -7,800001 400 0
2780| -8,1 400 0
2781| -8,4 400 0
2782| -8,7 400 0
2783| -8,999999 400 0
2784| -9,299999 400 0
2785| -9,599998 400 0
2786| -9,899999 400 0
2787| -10,2 400 0
2788| -10,5 400 0
2789| -10,5 400 0
2790| -10,5 400 0
2791| -10,5 400 0
2792| -10,5 400 0
2793| -10,5 400 0
2794| -10,5 400 0
2795| -10,5 400 0
2796| -10,5 400 0
2797| -10,5 400 0
2798| -10,5 400 0
2799| -10,5 400 0
2800| -10,5 400 0
2801| -10,5 400 0
2802| 0 400 0
2803| 0,3 400 0
2804| 0,6 400 0
2805| 0,9 400 0
2806| 1,2 400 0
2807| 1,5 400 0
2808| 1,5 400 0
2809| 1,5 400 0
2810| 1,5 400 0
2811| 1,5 400 0
2812| 1,5 400 0
2813| 1,5 400 0
2814| 1,5 400 0
2815| 1,5 400 0
2816| 1,5 400 0
2817| 1,5 400 0
2818| 1,5 400 0
2819| 1,5 400 0
2820| 1,5 400 0
2821| 1,5 400 0
2822| 1,5 400 0
2823| 1,5 400 0
2824| 1,5 400 0
2825| 1,5 400 0
2826| 1,5 400 0
2827| 1,5 400 0
2828| 1,5 400 0
2829| 1,5 400 0
2830| 1,5 400 0
2831| 1,5 400 0
2832| 1,5 400 0
2833| 1,5 400 0
2834| 1,5 400 0
2835| 1,5 400 0
2836| 1,5 400 0
2837| 1,5 400 0
2838| 1,5 400 0
2839| 1,5 400 0
2840| 1,5 400 0
2841| 1,5 400 0
2842| 1,5 400 0
2843| 1,5 400 0
2844| 1,5 400 0
2845| 1,5 400 0
2846| 1,5 400 0
2847| 1,5 400 0
2848| 1,5 400 0
2849| 1,5 400 0
2850| 1,5 400 0
2851| 1,5 400 0
2852| 1,5 400 0
2853| 1,5 400 0
2854| 1,5 400 0
2855| 1,5 400 0
2856| 1,5 400 0
2857| 1,5 400 0
2858| 1,5 400 0
2859| 1,5 400 0
2860| 1,5 400 0
2861| 1,5 400 0
2862| 1,5 400 0
2863| 1,5 400 0
2864| 1,5 400 0
2865| 1,5 400 0
2866| 1,5 400 0
2867| 1,5 400 0
2868| 1,5 400 0
2869| 1,5 400 0
2870| 1,5 400 0
2871| 1,5 400 0
2872| 1,5 400 0
2873| 1,5 400 0
2874| 1,5 400 0
2875| 1,5 400 0
2876| 1,5 400 0
2877| 1,5 400 0
2878| 1,5 400 0
2879| 1,5 400 0
2880| 1,5 400 0
2881| 1,5 400 0
2882| 1,5 400 0
2883| 1,5 400 0
2884| 1,5 400 0
2885| 1,5 400 0
2886| 1,5 400 0
2887| 1,5 400 0
2888| 1,5 400 0
2889| 1,5 400 0
2890| 1,5 400 0
2891| 1,5 400 0
2892| 1,5 400 0
2893| 1,5 400 0
2894| 1,5 400 0
2895| 1,5 400 0
2896| 1,5 400 0
2897| 1,5 400 0
2898| 1,5 400 0
2899| 1,5 400 0
2900| 1,5 400 0
2901| 1,5 400 0
2902| 1,5 400 0
2903| 1,5 400 0
2904| 1,5 400 0
2905| 1,5 400 0
2906| 1,5 400 0
2907| 1,5 400 0
2908| 1,5 400 0
2909| 1,5 400 0
2910| 1,5 400 0
2911| 1,5 400 0
2912| 1,5 400 0
2913| 1,5 400 0
2914| 1,5 400 0
2915| 1,5 400 0
2916| 1,5 400 0
2917| 1,5 400 0
2918| 1,5 400 0
2919| 1,5 400 0
2920| 1,5 400 0
2921| 1,5 400 0
2922| 1,5 400 0
2923| 1,5 400 0
2924| 1,5 400 0
2925| 1,5 400 0
2926| 1,5 400 0
2927| 1,5 400 0
2928| 1,5 400 0
2929| 1,5 400 0
2930| 1,5 400 0
2931| 1,5 400 0
2932| 1,5 400 0
2933| 1,5 400 0
2934| 1,5 400 0
2935| 1,5 400 0
2936| 1,5 400 0
2937| 1,5 400 0
2938| 1,5 400 0
2939| 1,5 400 0
2940| 1,5 400 0
2941| 1,5 400 0
2942| 1,5 400 0
2943| 1,5 400 0
2944| 1,5 400 0
2945| 1,5 400 0
2946| 1,5 400 0
2947| 1,5 400 0
2948| 1,5 400 0
2949| 1,5 400 0
2950| 1,5 400 0
2951| 1,5 400 0
2952| 1,5 400 0
2953| 1,5 400 0
2954| 1,5 400 0
2955| 1,5 400 0
2956| 1,5 400 0
2957| 1,5 400 0
2958| 1,5 400 0
2959| 1,5 400 0
2960| 1,5 400 0
2961| 1,5 400 0
2962| 1,5 400 0
2963| 1,5 400 0
2964| 1,5 400 0
2965| 1,5 400 0
2966| 1,5 400 0
2967| 1,5 400 0
2968| 1,5 400 0
2969| 1,5 400 0
2970| 1,5 400 0
2971| 1,5 400 0
2972| 1,5 400 0
2973| 1,5 400 0
2974| 1,5 400 0
2975| 1,5 400 0
2976| 1,5 400 0
2977| 1,5 400 0
2978| 1,5 400 0
2979| 1,5 400 0
2980| 1,5 400 0
2981| 1,5 400 0
2982| 1,5 400 0
2983| 1,5 400 0
2984| 1,5 400 0
2985| 1,5 400 0
2986| 1,5 400 0
2987| 1,5 400 0
2988| 1,5 400 0
2989| 1,5 400 0
2990| 1,5 400 0
2991| 1,5 400 0
2992| 1,5 400 0
2993| 1,5 400 0
2994| 1,5 400 0
2995| 1,5 400 0
2996| 1,5 400 0
2997| 1,5 400 0
2998| 1,5 400 0
2999| 1,5 400 0
3000| 1,5 400 0
3001| 1,5 400 0
3002| 1,5 400 0
3003| 1,5 400 0
3004| 1,5 400 0
3005| 1,5 400 0
3006| 1,5 400 0
3007| 1,5 400 0
3008| 1,5 400 0
3009| 1,5 400 0
3010| 1,5 400 0
3011| 1,5 400 0
3012| 1,5 400 0
3013| 1,5 400 0
3014| 1,5 400 0
3015| 1,5 400 0
3016| 1,5 400 0
3017| 1,5 400 0
3018| 1,5 400 0
3019| 1,5 400 0
3020| 1,5 400 0
3021| 1,5 400 0
3022| 1,5 400 0
3023| 1,5 400 0
3024| 1,5 400 0
3025| 1,5 400 0
3026| 1,5 400 0
3027| 1,5 400 0
3028| 1,5 400 0
3029| 1,5 400 0
3030| 1,5 400 0
3031| 1,5 400 0
3032| 1,5 400 0
3033| 1,5 400 0
3034| 1,5 400 0
3035| 1,5 400 0
3036| 1,5 400 0
3037| 1,5 400 0
3038| 1,5 400 0
3039| 1,5 400 0
3040| 1,5 400 0
3041| 1,5 400 0
3042| 1,5 400 0
3043| 1,5 400 0
3044| 1,5 400 0
3045| 1,5 400 0
3046| 1,5 400 0
3047| 1,5 400 0
3048| 1,5 400 0
3049| 1,5 400 0
3050| 1,5 400 0
3051| 1,5 400 0
3052| 1,5 400 0
3053| 1,5 400 0
3054| 1,5 400 0
3055| 1,5 400 0
3056| 1,5 400 0
3057| 1,5 400 0
3058| 1,5 400 0
3059| 1,5 400 0
3060| 1,5 400 0
3061| 1,5 400 0
3062| 1,5 400 0
3063| 1,5 400 0
3064| 1,5 400 0
3065| 1,5 400 0
3066| 1,5 400 0
3067| 1,5 400 0
3068| 1,5 400 0
3069| 1,5 400 0
3070| 1,5 400 0
3071| 1,5 400 0
3072| 1,5 400 0
3073| 1,5 400 0
3074| 1,5 400 0
3075| 1,5 400 0
3076| 1,5 400 0
3077| 1,5 400 0
3078| 1,5 400 0
3079| 1,5 400 0
3080| 1,5 400 0
3081| 1,5 400 0
3082| 1,5 400 0
3083| 1,5 400 0
3084| 1,5 400 0
3085| 1,5 400 0
3086| 1,5 400 0
3087| 1,5 400 0
3088| 1,5 400 0
3089| 1,5 400 0
3090| 1,5 400 0
3091| 1,5 400 0
3092| 1,5 400 0
3093| 1,5 400 0
3094| 1,5 400 0
3095| 1,5 400 0
3096| 1,5 400 0
3097| 1,5 400 0
3098| 1,5 400 0
3099| 1,5 400 0
3100| 1,5 400 0
3101| 1,5 400 0
3102| 1,5 400 0
3103| 1,5 400 0
3104| 1,5 400 0
3105| 1,5 400 0
3106| 1,5 400 0
3107| 1,5 400 0
3108| 1,5 400 0
3109| 1,5 400 0
3110| 1,5 400 0
3111| 1,5 400 0
3112| 1,5 400 0
3113| 1,5 400 0
3114| 1,5 400 0
3115| 1,5 400 0
3116| 1,5 400 0
3117| 1,5 400 0
3118| 1,5 400 0
3119| 1,5 400 0
3120| 1,5 400 0
3121| 1,5 400 0
3122| 0 400 0
3123| -0,3 400 0
3124| -0,6 400 0
3125| -0,9 400 0
3126| -1,2 400 0
3127| -1,5 400 0
3128| -1,8 400 0
3129| -2,1 400 0
3130| -2,4 400 0
3131| -2,7 400 0
3132| -3 400 0
3133| -3,299999 400 0
3134| -3,599999 400 0
3135| -3,899999 400 0
3136| -4,2 400 0
3137| -4,5 400 0
3138| -4,8 400 0
3139| -5,1 400 0
3140| -5,4 400 0
3141| -5,7 400 0
3142| -6 400 0
3143| -6,300001 400 0
3144| -6,600001 400 0
3145| -6,900001 400 0
3146| -7,200001 400 0
3147| -7,500001 400 0
3148| -7,800001 400 0
3149| -8,1 400 0
3150| -8,1 400 0
3151| -8,1 400 0
3152| -8,1 400 0
3153| -8,1 400 0
3154| -8,1 400 0
3155| -8,1 400 0
3156| -8,1 400 0
3157| -8,1 400 0
3158| -8,1 400 0
3159| -8,1 400 0
3160| -8,1 400 0
3161| -8,1 400 0
3162| -8,1 400 0
3163| -8,1 400 0
3164| -8,1 400 0
3165| -8,1 400 0
3166| -8,1 400 0
3167| -8,1 400 0
3168| -8,1 400 0
3169| -8,1 400 0
3170| -8,1 400 0
3171| -8,1 400 0
3172| -8,1 400 0
3173| -8,1 400 0
3174| -8,1 400 0
3175| -8,1 400 0
3176| -8,1 400 0
3177| -8,1 400 0
3178| -8,1 400 0
3179| -8,1 400 0
3180| -8,1 400 0
3181| -8,1 400 0
3182| -8,1 400 0
3183| -8,1 400 0
3184| -8,1 400 0
3185| -8,1 400 0
3186| -8,1 400 0
3187| -8,1 400 0
3188| -8,1 400 0
3189| -8,1 400 0
3190| -8,1 400 0
3191| -8,1 400 0
3192| -8,1 400 0
3193| -8,1 400 0
3194| -8,1 400 0
3195| -8,1 400 0
3196| -8,1 400 0
3197| -8,1 400 0
3198| -8,1 400 0
3199| -8,1 400 0
3200| -8,1 400 0
3201| -8,1 400 0
3202| -8,1 400 0
3203| -8,1 400 0
3204| -8,1 400 0
3205| -8,1 400 0
3206| -8,1 400 0
3207| -8,1 400 0
3208| -8,1 400 0
3209| -8,1 400 0
3210| -8,1 400 0
3211| -8,1 400 0
3212| -8,1 400 0
3213| -8,1 400 0
3214| -8,1 400 0
3215| -8,1 400 0
3216| -8,1 400 0
3217| -8,1 400 0
3218| -8,1 400 0
3219| -8,1 400 0
3220| -8,1 400 0
3221| -8,1 400 0
3222| -8,1 400 0
3223| -8,1 400 0
3224| -8,1 400 0
3225| -8,1 400 0
3226| -8,1 400 0
3227| -8,1 400 0
3228| -8,1 400 0
3229| -8,1 400 0
3230| -8,1 400 0
3231| -8,1 400 0
3232| -8,1 400 0
3233| -8,1 400 0
3234| -8,1 400 0
3235| -8,1 400 0
3236| -8,1 400 0
3237| -8,1 400 0
3238| -8,1 400 0
3239| -8,1 400 0
3240| -8,1 400 0
3241| -8,1 400 0
3242| -8,1 400 0
3243| -8,1 400 0
3244| -8,1 400 0
3245| -8,1 400 0
3246| -8,1 400 0
3247| -8,1 400 0
3248| -8,1 400 0
3249| -8,1 400 0
3250| -8,1 400 0
3251| -8,1 400 0
3252| -8,1 400 0
3253| -8,1 400 0
3254| -8,1 400 0
3255| -8,1 400 0
3256| -8,1 400 0
3257| -8,1 400 0
3258| -8,1 400 0
3259| -8,1 400 0
3260| -8,1 400 0
3261| -8,1 400 0
3262| 0 400 0
3263| 0,3 400 0
3264| 0,6 400 0
3265| 0,9 400 0
3266| 1,2 400 0
3267| 1,2 400 0
3268| 1,2 400 0
3269| 1,2 400 0
3270| 1,2 400 0
3271| 1,2 400 0
3272| 1,2 400 0
3273| 1,2 400 0
3274| 1,2 400 0
3275| 1,2 400 0
3276| 1,2 400 0
3277| 1,2 400 0
3278| 1,2 400 0
3279| 1,2 400 0
3280| 1,2 400 0
3281| 1,2 400 0
3282| 1,2 400 0
3283| 1,2 400 0
3284| 1,2 400 0
3285| 1,2 400 0
3286| 1,2 400 0
3287| 1,2 400 0
3288| 1,2 400 0
3289| 1,2 400 0
3290| 1,2 400 0
3291| 1,2 400 0
3292| 1,2 400 0
3293| 1,2 400 0
3294| 1,2 400 0
3295| 1,2 400 0
3296| 1,2 400 0
3297| 1,2 400 0
3298| 1,2 400 0
3299| 1,2 400 0
3300| 1,2 400 0
3301| 1,2 400 0
3302| 1,2 400 0
3303| 1,2 400 0
3304| 1,2 400 0
3305| 1,2 400 0
3306| 1,2 400 0
3307| 1,2 400 0
3308| 1,2 400 0
3309| 1,2 400 0
3310| 1,2 400 0
3311| 1,2 400 0
3312| 1,2 400 0
3313| 1,2 400 0
3314| 1,2 400 0
3315| 1,2 400 0
3316| 1,2 400 0
3317| 1,2 400 0
3318| 1,2 400 0
3319| 1,2 400 0
3320| 1,2 400 0
3321| 1,2 400 0
3322| 1,2 400 0
3323| 1,2 400 0
3324| 1,2 400 0
3325| 1,2 400 0
3326| 1,2 400 0
3327| 1,2 400 0
3328| 1,2 400 0
3329| 1,2 400 0
3330| 1,2 400 0
3331| 1,2 400 0
3332| 1,2 400 0
3333| 1,2 400 0
3334| 1,2 400 0
3335| 1,2 400 0
3336| 1,2 400 0
3337| 1,2 400 0
3338| 1,2 400 0
3339| 1,2 400 0
3340| 1,2 400 0
3341| 1,2 400 0
3342| 1,2 400 0
3343| 1,2 400 0
3344| 1,2 400 0
3345| 1,2 400 0
3346| 1,2 400 0
3347| 1,2 400 0
3348| 1,2 400 0
3349| 1,2 400 0
3350| 1,2 400 0
3351| 1,2 400 0
3352| 1,2 400 0
3353| 1,2 400 0
3354| 1,2 400 0
3355| 1,2 400 0
3356| 1,2 400 0
3357| 1,2 400 0
3358| 1,2 400 0
3359| 1,2 400 0
3360| 1,2 400 0
3361| 1,2 400 0
3362| 1,2 400 0
3363| 1,2 400 0
3364| 1,2 400 0
3365| 1,2 400 0
3366| 1,2 400 0
3367| 1,2 400 0
3368| 1,2 400 0
3369| 1,2 400 0
3370| 1,2 400 0
3371| 1,2 400 0
3372| 1,2 400 0
3373| 1,2 400 0
3374| 1,2 400 0
3375| 1,2 400 0
3376| 1,2 400 0
3377| 1,2 400 0
3378| 1,2 400 0
3379| 1,2 400 0
3380| 1,2 400 0
3381| 1,2 400 0
3382| 1,2 400 0
3383| 1,2 400 0
3384| 1,2 400 0
3385| 1,2 400 0
3386| 1,2 400 0
3387| 1,2 400 0
3388| 1,2 400 0
3389| 1,2 400 0
3390| 1,2 400 0
3391| 1,2 400 0
3392| 1,2 400 0
3393| 1,2 400 0
3394| 1,2 400 0
3395| 1,2 400 0
3396| 1,2 400 0
3397| 1,2 400 0
3398| 1,2 400 0
3399| 1,2 400 0
3400| 1,2 400 0
3401| 1,2 400 0
3402| 1,2 400 0
3403| 1,2 400 0
3404| 1,2 400 0
3405| 1,2 400 0
3406| 1,2 400 0
3407| 1,2 400 0
3408| 1,2 400 0
3409| 1,2 400 0
3410| 1,2 400 0
3411| 1,2 400 0
3412| 1,2 400 0
3413| 1,2 400 0
3414| 1,2 400 0
3415| 1,2 400 0
3416| 1,2 400 0
3417| 1,2 400 0
3418| 1,2 400 0
3419| 1,2 400 0
3420| 1,2 400 0
3421| 1,2 400 0
3422| 1,2 400 0
3423| 1,2 400 0
3424| 1,2 400 0
3425| 1,2 400 0
3426| 1,2 400 0
3427| 1,2 400 0
3428| 1,2 400 0
3429| 1,2 400 0
3430| 1,2 400 0
3431| 1,2 400 0
3432| 1,2 400 0
3433| 1,2 400 0
3434| 1,2 400 0
3435| 1,2 400 0
3436| 1,2 400 0
3437| 1,2 400 0
3438| 1,2 400 0
3439| 1,2 400 0
3440| 1,2 400 0
3441| 1,2 400 0
3442| 1,2 400 0
3443| 1,2 400 0
3444| 1,2 400 0
3445| 1,2 400 0
3446| 1,2 400 0
3447| 1,2 400 0
3448| 1,2 400 0
3449| 1,2 400 0
3450| 1,2 400 0
3451| 1,2 400 0
3452| 1,2 400 0
3453| 1,2 400 0
3454| 1,2 400 0
3455| 1,2 400 0
3456| 1,2 400 0
3457| 1,2 400 0
3458| 1,2 400 0
3459| 1,2 400 0
3460| 1,2 400 0
3461| 1,2 400 0
3462| 1,2 400 0
3463| 1,2 400 0
3464| 1,2 400 0
3465| 1,2 400 0
3466| 1,2 400 0
3467| 1,2 400 0
3468| 1,2 400 0
3469| 1,2 400 0
3470| 1,2 400 0
3471| 1,2 400 0
3472| 1,2 400 0
3473| 1,2 400 0
3474| 1,2 400 0
3475| 1,2 400 0
3476| 1,2 400 0
3477| 1,2 400 0
3478| 1,2 400 0
3479| 1,2 400 0
3480| 1,2 400 0
3481| 1,2 400 0
3482| 1,2 400 0
3483| 1,2 400 0
3484| 1,2 400 0
3485| 1,2 400 0
3486| 1,2 400 0
3487| 1,2 400 0
3488| 1,2 400 0
3489| 1,2 400 0
3490| 1,2 400 0
3491| 1,2 400 0
3492| 1,2 400 0
3493| 1,2 400 0
3494| 1,2 400 0
3495| 1,2 400 0
3496| 1,2 400 0
3497| 1,2 400 0
3498| 1,2 400 0
3499| 1,2 400 0
3500| 1,2 400 0
3501| 1,2 400 0
3502| 1,2 400 0
3503| 1,2 400 0
3504| 1,2 400 0
3505| 1,2 400 0
3506| 1,2 400 0
3507| 1,2 400 0
3508| 1,2 400 0
3509| 1,2 400 0
3510| 1,2 400 0
3511| 1,2 400 0
3512| 1,2 400 0
3513| 1,2 400 0
3514| 1,2 400 0
3515| 1,2 400 0
3516| 1,2 400 0
3517| 1,2 400 0
3518| 1,2 400 0
3519| 1,2 400 0
3520| 1,2 400 0
3521| 1,2 400 0
3522| 1,2 400 0
3523| 1,2 400 0
3524| 1,2 400 0
3525| 1,2 400 0
3526| 1,2 400 0
3527| 1,2 400 0
3528| 1,2 400 0
3529| 1,2 400 0
3530| 1,2 400 0
3531| 1,2 400 0
3532| 1,2 400 0
3533| 1,2 400 0
3534| 1,2 400 0
3535| 1,2 400 0
3536| 1,2 400 0
3537| 1,2 400 0
3538| 1,2 400 0
3539| 1,2 400 0
3540| 1,2 400 0
3541| 1,2 400 0
3542| 1,2 400 0
3543| 1,2 400 0
3544| 1,2 400 0
3545| 1,2 400 0
3546| 1,2 400 0
3547| 1,2 400 0
3548| 1,2 400 0
3549| 1,2 400 0
3550| 1,2 400 0
3551| 1,2 400 0
3552| 1,2 400 0
3553| 1,2 400 0
3554| 1,2 400 0
3555| 1,2 400 0
3556| 1,2 400 0
3557| 1,2 400 0
3558| 1,2 400 0
3559| 1,2 400 0
3560| 1,2 400 0
3561| 1,2 400 0
3562| 1,2 400 0
3563| 1,2 400 0
3564| 1,2 400 0
3565| 1,2 400 0
3566| 1,2 400 0
3567| 1,2 400 0
3568| 1,2 400 0
3569| 1,2 400 0
3570| 1,2 400 0
3571| 1,2 400 0
3572| 1,2 400 0
3573| 1,2 400 0
3574| 1,2 400 0
3575| 1,2 400 0
3576| 1,2 400 0
3577| 1,2 400 0
3578| 1,2 400 0
3579| 1,2 400 0
3580| 1,2 400 0
3581| 1,2 400 0
3582| 1,2 400 0
3583| 1,2 400 0
3584| 1,2 400 0
3585| 1,2 400 0
3586| 1,2 400 0
3587| 1,2 400 0
3588| 1,2 400 0
3589| 1,2 400 0
3590| 1,2 400 0
3591| 1,2 400 0
3592| 1,2 400 0
3593| 1,2 400 0
3594| 1,2 400 0
3595| 1,2 400 0
3596| 1,2 400 0
3597| 1,2 400 0
3598| 1,2 400 0
3599| 1,2 400 0
3600| 1,2 400 0
3601| 1,2 400 0
3602| 1,2 400 0
3603| 1,2 400 0
3604| 1,2 400 0
3605| 1,2 400 0
3606| 1,2 400 0
3607| 1,2 400 0
3608| 1,2 400 0
3609| 1,2 400 0
3610| 1,2 400 0
3611| 1,2 400 0
3612| 1,2 400 0
3613| 1,2 400 0
3614| 1,2 400 0
3615| 1,2 400 0
3616| 1,2 400 0
3617| 1,2 400 0
3618| 1,2 400 0
3619| 1,2 400 0
3620| 1,2 400 0
3621| 1,2 400 0
3622| 1,2 400 0
3623| 1,2 400 0
3624| 1,2 400 0
3625| 1,2 400 0
3626| 1,2 400 0
3627| 1,2 400 0
3628| 1,2 400 0
3629| 1,2 400 0
3630| 1,2 400 0
3631| 1,2 400 0
3632| 1,2 400 0
3633| 1,2 400 0
3634| 1,2 400 0
3635| 1,2 400 0
3636| 1,2 400 0
3637| 1,2 400 0
3638| 1,2 400 0
3639| 1,2 400 0
3640| 1,2 400 0
3641| 1,2 400 0
3642| 1,2 400 0
3643| 1,2 400 0
3644| 1,2 400 0
3645| 1,2 400 0
3646| 1,2 400 0
3647| 1,2 400 0
3648| 1,2 400 0
3649| 1,2 400 0
3650| 1,2 400 0
3651| 1,2 400 0
3652| 1,2 400 0
3653| 1,2 400 0
3654| 1,2 400 0
3655| 1,2 400 0
3656| 1,2 400 0
3657| 1,2 400 0
3658| 1,2 400 0
3659| 1,2 400 0
3660| 1,2 400 0
3661| 1,2 400 0
3662| 1,2 400 0
3663| 1,2 400 0
3664| 1,2 400 0
3665| 1,2 400 0
3666| 1,2 400 0
3667| 1,2 400 0
3668| 1,2 400 0
3669| 1,2 400 0
3670| 1,2 400 0
3671| 1,2 400 0
3672| 1,2 400 0
3673| 1,2 400 0
3674| 1,2 400 0
3675| 1,2 400 0
3676| 1,2 400 0
3677| 1,2 400 0
3678| 1,2 400 0
3679| 1,2 400 0
3680| 1,2 400 0
3681| 1,2 400 0
3682| 1,2 400 0
3683| 1,2 400 0
3684| 1,2 400 0
3685| 1,2 400 0
3686| 1,2 400 0
3687| 1,2 400 0
3688| 1,2 400 0
3689| 1,2 400 0
3690| 1,2 400 0
3691| 1,2 400 0
3692| 1,2 400 0
3693| 1,2 400 0
3694| 1,2 400 0
3695| 1,2 400 0
3696| 1,2 400 0
3697| 1,2 400 0
3698| 1,2 400 0
3699| 1,2 400 0
3700| 1,2 400 0
3701| 1,2 400 0
3702| 1,2 400 0
3703| 1,2 400 0
3704| 1,2 400 0
3705| 1,2 400 0
3706| 1,2 400 0
3707| 1,2 400 0
3708| 1,2 400 0
3709| 1,2 400 0
3710| 1,2 400 0
3711| 1,2 400 0
3712| 1,2 400 0
3713| 1,2 400 0
3714| 1,2 400 0
3715| 1,2 400 0
3716| 1,2 400 0
3717| 1,2 400 0
3718| 1,2 400 0
3719| 0 400 0
3720| -0,3 400 0
3721| -0,6 400 0
3722| -0,9 400 0
3723| -1,2 400 0
3724| -1,5 400 0
3725| -1,8 400 0
3726| -2,1 400 0
3727| -2,4 400 0
3728| -2,7 400 0
3729| -3 400 0
3730| -3,299999 400 0
3731| -3,599999 400 0
3732| -3,599999 400 0
3733| -3,599999 400 0
3734| -3,599999 400 0
3735| -3,599999 400 0
3736| -3,599999 400 0
3737| -3,599999 400 0
3738| -3,599999 400 0
3739| -3,599999 400 0
3740| -3,599999 400 0
3741| -3,599999 400 0
3742| -3,599999 400 0
3743| -3,599999 400 0
3744| -3,599999 400 0
3745| -3,599999 400 0
3746| -3,599999 400 0
3747| -3,599999 400 0
3748| -3,599999 400 0
3749| -3,599999 400 0
3750| -3,599999 400 0
3751| -3,599999 400 0
3752| -3,599999 400 0
3753| -3,599999 400 0
3754| -3,599999 400 0
3755| -3,599999 400 0
3756| -3,599999 400 0
3757| -3,599999 400 0
3758| -3,599999 400 0
3759| -3,599999 400 0
3760| -3,599999 400 0
3761| -3,599999 400 0
3762| -3,599999 400 0
3763| -3,599999 400 0
3764| -3,599999 400 0
3765| -3,599999 400 0
3766| -3,599999 400 0
3767| -3,599999 400 0
3768| -3,599999 400 0
3769| -3,599999 400 0
3770| -3,599999 400 0
3771| -3,599999 400 0
3772| -3,599999 400 0
3773| -3,599999 400 0
3774| -3,599999 400 0
3775| -3,599999 400 0
3776| -3,599999 400 0
3777| -3,599999 400 0
3778| -3,599999 400 0
3779| -3,599999 400 0
3780| -3,599999 400 0
3781| -3,599999 400 0
3782| -3,599999 400 0
3783| -3,599999 400 0
3784| -3,599999 400 0
3785| -3,599999 400 0
3786| -3,599999 400 0
3787| -3,599999 400 0
3788| -3,599999 400 0
3789| -3,599999 400 0
3790| -3,599999 400 0
3791| -3,599999 400 0
3792| -3,599999 400 0
3793| -3,599999 400 0
3794| -3,599999 400 0
3795| -3,599999 400 0
3796| -3,599999 400 0
3797| -3,599999 400 0
3798| -3,599999 400 0
3799| -3,599999 400 0
3800| -3,599999 400 0
3801| -3,599999 400 0
3802| -3,599999 400 0
3803| -3,599999 400 0
3804| -3,599999 400 0
3805| -3,599999 400 0
3806| -3,599999 400 0
3807| -3,599999 400 0
3808| -3,599999 400 0
3809| -3,599999 400 0
3810| -3,599999 400 0
3811| -3,599999 400 0
3812| -3,599999 400 0
3813| -3,599999 400 0
3814| -3,599999 400 0
3815| -3,599999 400 0
3816| -3,599999 400 0
3817| -3,599999 400 0
3818| -3,599999 400 0
3819| -3,599999 400 0
3820| -3,599999 400 0
3821| -3,599999 400 0
3822| -3,599999 400 0
3823| -3,599999 400 0
3824| -3,599999 400 0
3825| -3,599999 400 0
3826| -3,599999 400 0
3827| -3,599999 400 0
3828| -3,599999 400 0
3829| -3,599999 400 0
3830| -3,599999 400 0
3831| -3,599999 400 0
3832| -3,599999 400 0
3833| -3,599999 400 0
3834| -3,599999 400 0
3835| -3,599999 400 0
3836| -3,599999 400 0
3837| -3,599999 400 0
3838| -3,599999 400 0
3839| -3,599999 400 0
3840| -3,599999 400 0
3841| -3,599999 400 0
3842| -3,599999 400 0
3843| -3,599999 400 0
3844| -3,599999 400 0
3845| -3,599999 400 0
3846| -3,599999 400 0
3847| -3,599999 400 0
3848| -3,599999 400 0
3849| -3,599999 400 0
3850| -3,599999 400 0
3851| -3,599999 400 0
3852| 0 0 0
3853| 0 0 0
3854| 0 0 0
3855| 0 0 0
3856| 0 0 0
3857| 0 0 0
3858| 0 0 0
3859| 0 0 0
3860| 0 0 0
3861| 0 0 0
3862| 0 0 0
3863| 0 0 0
3864| 0 0 0
3865| 0 0 0
3866| 0 0 0
3867| 0 0 0
3868| 0 0 0
3869| 0 0 0
3870| 0 0 0
3871| 0 0 0
3872| 0 0 0
3873| 0 0 0
3874| 0 0 0
3875| 0 0 0
3876| 0 0 0
3877| 0 0 0
3878| 0 0 0
3879| 0 0 0
3880| 0 0 0
3881| 0 0 0
3882| 0 0 0
3883| 0 0 0
3884| 0 0 0
3885| 0 0 0
3886| 0 0 0
3887| 0 0 0
3888| 0 0 0
3889| 0 0 0
3890| 0 0 0
3891| 0 0 0
3892| 0 0 0
3893| 0 0 0
3894| 0 0 0
3895| 0 0 0
3896| 0 0 0
3897| 0 0 0
3898| 0 0 0
3899| 0 0 0
3900| 0 0 0
3901| 0 0 0
3902| 0 0 0
3903| 0 0 0
3904| 0 0 0
3905| 0 0 0
3906| 0 0 0
3907| 0 0 0
3908| 0 0 0
3909| 0 0 0
3910| 0 0 0
3911| 0 0 0
3912| 0 0 0
3913| 0 0 0
3914| 0 0 0
3915| 0 0 0
3916| 0 0 0
3917| 0 0 0
3918| 0 0 0
3919| 0 0 0
3920| 0 0 0
3921| 0 0 0
3922| 0 0 0
3923| 0 0 0
3924| 0 0 0
3925| 0 4 0
3926| 0 8 0
3927| 0 12 0
3928| 0 16 0
3929| 0,3 20 0
3930| 0,6 24 0
3931| 0,9 28 0
3932| 1,2 32 0
3933| 1,5 36 0
3934| 1,8 40 0
3935| 2,1 43,99999 0
3936| 2,4 47,99999 0
3937| 2,7 51,99999 0
3938| 3 55,99999 0
3939| 3,299999 60 0
3940| 3,599999 64 0
3941| 3,899999 68 0
3942| 4,2 72 0
3943| 4,5 76,00001 0
3944| 4,8 80,00001 0
3945| 5,1 84,00001 0
3946| 5,4 88,00002 0
3947| 5,7 92,00002 0
3948| 6 96,00002 0
3949| 6,300001 100 0
3950| 6,600001 104 0
3951| 6,900001 108 0
3952| 7,200001 112 0
3953| 7,500001 116 0
3954| 7,800001 120 0
3955| 8,1 124 0
3956| 8,4 128 0
3957| 8,4 132 0
3958| 8,4 136 0
3959| 8,4 140 0
3960| 8,4 144 0
3961| 8,4 148 0
3962| 8,4 152 0
3963| 8,4 156 0
3964| 8,4 160 0
3965| 8,4 164 0
3966| 8,4 168 0
3967| 0 0 0
3968| 0 0 0
3969| 0 0 0
3970| 0 0 0
3971| 0 0 0
3972| 0 0 0
3973| 0 0 0
3974| 0 0 0
3975| 0 0 0
3976| 0 0 0
3977| 0 0 0
3978| 0 0 0
3979| 0 0 0
3980| 0 0 0
3981| 0 0 0
3982| 0 0 0
3983| 0 0 0
3984| 0 0 0
3985| 0 0 0
3986| 0 0 0
3987| 0 0 0
3988| 0 0 0
3989| 0 0 0
3990| 0 0 0
3991| 0 0 0
3992| 0 0 0
3993| 0 0 0
3994| 0 0 0
3995| 0 0 0
3996| 0 0 0
3997| 0 0 0
3998| 0 0 0
3999| 0 0 0
4000| 0 0 0
4001| 0 0 0
4002| 0 0 0
4003| 0 0 0
4004| 0 0 0
4005| 0 0 0
4006| 0 0 0
4007| 0 0 0
4008| 0 0 0
4009| 0 0 0
4010| 0 0 0
4011| 0 0 0
4012| 0 0 0
4013| 0 0 0
4014| 0 0 0
4015| 0 0 0
4016| 0 0 0
4017| 0 0 0
4018| 0 0 0
4019| 0 0 0
4020| 0 0 0
4021| 0 0 0
4022| 0 0 0
4023| 0 0 0
4024| 0 0 0
4025| 0 0 0
4026| 0 0 0
4027| 0 0 0
4028| 0 0 0
4029| 0 0 0
4030| 0 0 0
4031| 0 0 0
4032| 0 0 0
4033| 0 0 0
4034| 0 0 0
4035| 0 0 0
4036| 0 0 0
4037| 0 0 0
4038| 0 0 0
4039| 0 0 0
4040| 0 0 0
4041| 0 0 0
4042| 0 0 0
4043| 0 0 0
4044| 0 0 0
4045| 0 0 0
4046| 0 0 0
4047| 0 0 0
4048| 0 0 0
4049| 0 0 0
4050| 0 0 0
4051| 0 0 0
4052| 0 0 0
4053| 0 0 0
4054| 0 0 0
4055| 0 0 0
4056| 0 0 0
4057| 0 0 0
4058| 0 0 0
4059| 0 0 0
4060| 0 0 0
4061| 0 0 0
4062| 0 0 0
4063| 0 0 0
4064| 0 0 0
4065| 0 0 0
4066| 0 0 0
4067| 0 0 0
4068| 0 0 0
4069| 0 0 0
4070| 0 0 0
4071| 0 0 0
4072| 0 0 0
4073| 0 0 0
4074| 0 0 0
4075| 0 0 0
4076| 0 0 0
4077| 0 0 0
4078| 0 0 0
4079| 0 0 0
4080| 0 0 0
4081| 0 0 0
4082| 0 0 0
4083| 0 0 0
4084| 0 0 0
4085| 0 0 0
4086| 0 0 0
4087| 0 0 0
4088| 0 0 0
4089| 0 0 0
4090| 0 0 0
4091| 0 0 0
4092| 0 0 0
4093| 0 0 0
4094| 0 0 0
4095| 0 0 0
4096| 0 0 0
4097| 0 0 0
4098| 0 0 0
4099| 0 0 0
4100| 0 0 0
4101| 0 0 0
4102| 0 0 0
4103| 0 0 0
4104| 0 0 0
4105| 0 0 0
4106| 0 0 0
4107| 0 0 0
4108| 0 0 0
4109| 0 0 0
4110| 0 0 0
4111| 0 0 0
4112| 0 0 0
4113| 0 0 0
4114| 0 0 0
4115| 0 0 0
4116| 0 0 0
4117| 0 0 0
4118| 0 0 0
4119| 0 0 0
4120| 0 0 0
4121| 0 0 0
4122| 0 0 0
4123| 0 0 0
4124| 0 0 0
4125| 0 0 0
4126| 0 0 0
4127| 0 0 0
4128| 0 0 0
4129| 0 0 0
4130| 0 0 0
4131| 0 0 0
4132| 0 0 0
4133| 0 0 0
4134| 0 0 0
4135| 0 0 0
4136| 0 0 0
4137| 0 0 0
4138| 0 0 0
4139| 0 0 0
4140| 0 0 0
4141| 0 0 0
4142| 0 0 0
4143| 0 0 0
4144| 0 0 0
4145| 0 0 0
4146| 0 0 0
4147| 0 0 0
4148| 0 0 0
4149| 0 0 0
4150| 0 0 0
4151| 0 0 0
4152| 0 0 0
4153| 0 0 0
4154| 0 0 0
4155| 0 0 0
4156| 0 0 0
4157| 0 0 0
4158| 0 0 0
4159| 0 0 0
4160| 0 0 0
4161| 0 0 0
4162| 0 0 0
4163| 0 0 0
4164| 0 0 0
4165| 0 0 0
4166| 0 0 0
4167| 0 0 0
4168| 0 0 0
4169| 0 0 0
4170| 0 0 0
4171| 0 0 0
4172| 0 0 0
4173| 0 0 0
4174| 0 0 0
4175| 0 0 0
4176| 0 0 0
4177| 0 0 0
4178| 0 0 0
4179| 0 0 0
4180| 0 0 0
4181| 0 0 0
4182| 0 0 0
4183| 0 0 0
4184| 0 0 0
4185| 0 0 0
4186| 0 0 0
4187| 0 0 0
4188| 0 0 0
4189| 0 0 0
4190| 0 0 0
4191| 0 0 0
4192| 0 0 0
4193| 0 0 0
4194| 0 0 0
4195| 0 0 0
4196| 0 0 0
4197| 0 0 0
4198| 0 0 0
4199| 0 0 0
4200| 0 0 0
4201| 0 0 0
4202| 0 0 0
4203| 0 0 0
4204| 0 0 0
4205| 0 0 0
4206| 0 0 0
4207| 0 0 0
4208| 0 0 0
4209| 0 0 0
4210| 0 0 0
4211| 0 0 0
4212| 0 0 0
4213| 0 0 0
4214| 0 0 0
4215| 0 0 0
4216| 0 0 0
4217| 0 0 0
4218| 0 0 0
4219| 0 0 0
4220| 0 0 0
4221| 0 0 0
4222| 0 0 0
4223| 0 0 0
4224| 0 0 0
4225| 0 0 0
4226| 0 0 0
4227| 0 0 0
4228| 0 0 0
4229| 0 0 0
4230| 0 0 0
4231| 0 0 0
4232| 0 0 0
4233| 0 0 0
4234| 0 0 0
4235| 0 0 0
4236| 0 0 0
4237| 0 0 0
4238| 0 0 0
4239| 0 0 0
4240| 0 0 0
4241| 0 0 0
4242| 0 0 0
4243| 0 0 0
4244| 0 0 0
4245| 0 0 0
4246| 0 0 0
4247| 0 0 0
4248| 0 0 0
4249| 0 0 0
4250| 0 0 0
4251| 0 0 0
4252| 0 0 0
4253| 0 0 0
4254| 0 0 0
4255| 0 0 0
4256| 0 0 0
4257| 0 0 0
4258| 0 0 0
4259| 0 0 0
4260| 0 0 0
4261| 0 0 0
4262| 0 0 0
4263| 0 0 0
4264| 0 0 0
4265| 0 0 0
4266| 0 0 0
4267| 0 0 0
4268| 0 0 0
4269| 0 0 0
4270| 0 0 0
4271| 0 0 0
4272| 0 0 0
4273| 0 0 0
4274| 0 0 0
4275| 0 0 0
4276| 0 0 0
4277| 0 0 0
4278| 0 0 0
4279| 0 0 0
4280| 0 0 0
4281| 0 0 0
4282| 0 0 0
4283| 0 0 0
4284| 0 0 0
4285| 0 0 0
4286| 0 0 0
4287| 0 0 0
4288| 0 0 0
4289| 0 0 0
4290| 0 0 0
4291| 0 0 0
4292| 0 0 0
4293| 0 0 0
4294| 0 0 0
4295| 0 0 0
4296| 0 0 0
4297| 0 0 0
4298| 0 0 0
4299| 0 0 0
4300| 0 0 0
4301| 0 0 0
4302| 0 0 0
4303| 0 0 0
4304| 0 0 0
4305| 0 0 0
4306| 0 0 0
4307| 0 0 0
4308| 0 0 0
4309| 0 0 0
4310| 0 0 0
4311| 0 0 0
4312| 0 0 0
4313| 0 0 0
4314| 0 0 0
4315| 0 0 0
4316| 0 0 0
4317| 0 0 0
4318| 0 0 0
4319| 0 0 0
4320| 0 0 0
4321| 0 0 0
4322| 0 0 0
4323| 0 0 0
4324| 0 0 0
4325| 0 0 0
4326| 0 0 0
4327| 0 0 0
4328| 0 0 0
4329| 0 0 0
4330| 0 0 0
4331| 0 0 0
4332| 0 0 0
4333| 0 0 0
4334| 0 0 0
4335| 0 0 0
4336| 0 0 0
4337| 0,3 0 0
4338| 0,6 0 0
4339| 0,9 0 0
4340| 1,2 0 0
4341| 1,5 0 0
4342| 1,8 0 0
4343| 2,1 0 0
4344| 2,4 0 0
4345| 2,7 0 0
4346| 3 0 0
4347| 3,299999 0 0
4348| 3,599999 0 0
4349| 3,899999 0 0
4350| 4,2 0 0
4351| 4,5 0 0
4352| 4,8 0 0
4353| 5,1 0 0
4354| 5,4 0 0
4355| 5,7 0 0
4356| 6 0 0
4357| 6,300001 0 0
4358| 6,600001 0 0
4359| 6,900001 0 0
4360| 7,200001 0 0
4361| 7,500001 0 0
4362| 7,800001 0 0
4363| 8,1 0 0
4364| 8,4 0 0
4365| 8,7 0 0
4366| 8,999999 0 0
4367| 9,299999 0 0
4368| 9,599998 0 0
4369| 9,899999 0 0
4370| 10,2 0 0
4371| 10,5 0 0
4372| 10,8 0 0
4373| 11,1 0 0
4374| 11,4 0 0
4375| 11,7 0 0
4376| 12 0 0
4377| 12,3 0 0
4378| 12,6 0 0
4379| 12,9 0 0
4380| 13,2 0 0
4381| 13,5 0 0
4382| 13,79999 0 0
4383| 14,09999 0 0
4384| 14,39999 0 0
4385| 0 0 0
4386| 0 0 0
4387| 0 0 0
4388| 0 0 0
4389| 0 0 0
4390| 0 0 0
4391| 0 0 0
4392| 0 0 0
4393| 0 0 0
4394| 0 0 0
4395| 0 0 0
4396| 0 0 0
4397| 0 0 0
4398| 0 0 0
4399| 0 0 0
4400| 0 0 0
4401| 0 0 0
4402| 0 0 0
4403| 0 0 0
4404| 0 0 0
4405| 0 0 0
4406| 0 0 0
4407| 0 0 0
4408| 0 0 0
4409| 0 0 0
4410| 0 0 0
4411| 0 0 0
4412| 0 0 0
4413| 0 0 0
4414| 0 0 0
4415| 0 0 0
4416| 0 0 0
4417| 0 0 0
4418| 0 0 0
4419| 0 0 0
4420| 0 0 0
4421| 0 0 0
4422| 0 0 0
4423| 0 0 0
4424| 0 0 0
4425| 0 0 0
4426| 0 0 0
4427| 0 0 0
4428| 0 0 0
4429| 0 0 0
4430| 0 0 0
4431| 0 0 0
4432| 0 0 0
4433| 0 0 0
4434| 0 0 0
4435| 0 0 0
4436| 0 0 0
4437| 0 0 0
4438| 0 0 0
4439| 0 0 0
4440| 0 0 0
4441| 0 0 0
4442| 0 0 0
4443| 0 0 0
4444| 0 0 0
4445| 0 0 0
4446| 0 0 0
4447| 0,3 0 0
4448| 0,6 0 0
4449| 0,9 0 0
4450| 1,2 0 0
4451| 1,5 0 0
4452| 1,8 0 0
4453| 2,1 0 0
4454| 2,4 0 0
4455| 2,7 0 0
4456| 3 0 0
4457| 3,299999 0 0
4458| 3,599999 0 0
4459| 3,899999 0 0
4460| 4,2 0 0
4461| 4,5 0 0
4462| 4,8 0 0
4463| 5,1 0 0
4464| 5,4 0 0
4465| 5,7 0 0
4466| 6 0 0
4467| 6,300001 0 0
4468| 6,600001 0 0
4469| 6,900001 0 0
4470| 7,200001 0 0
4471| 7,500001 0 0
4472| 7,800001 0 0
4473| 0 0 0
4474| 0 0 0
4475| 0 0 0
4476| 0 0 0
4477| 0 0 0
4478| 0 0 0
4479| 0 0 0
4480| 0 4 0
4481| 0 8 0
4482| 0 12 0
4483| 0 16 0
4484| 0 20 0
4485| 0 24 0
4486| 0 28 0
4487| 0 32 0
4488| 0 36 0
4489| 0 40 0
4490| 0 43,99999 0
4491| 0 47,99999 0
4492| 0 51,99999 0
4493| 0 55,99999 0
4494| 0 60 0
4495| 0 64 0
4496| 0 68 0
4497| 0 72 0
4498| 0 76,00001 0
4499| 0 80,00001 0
4500| 0 84,00001 0
4501| 0 88,00002 0
4502| 0 92,00002 0
4503| 0 96,00002 0
4504| 0 100 0
4505| 0 104 0
4506| 0 108 0
4507| 0 112 0
4508| 0 116 0
4509| 0 120 0
4510| 0 124 0
4511| 0 128 0
4512| 0 132 0
4513| 0 136 0
4514| 0 140 0
4515| 0 144 0
4516| 0 148 0
4517| 0 152 0
4518| 0 156 0
4519| 0 160 0
4520| 0 164 0
4521| 0 168 0
4522| 0 171,9999 0
4523| 0 175,9999 0
4524| 0 179,9999 0
4525| 0 183,9999 0
4526| 0 187,9999 0
4527| 0 191,9999 0
4528| 0 195,9999 0
4529| 0 199,9999 0
4530| 0 203,9999 0
4531| 0 207,9999 0
4532| 0 211,9999 0
4533| 0 215,9999 0
4534| 0 219,9999 0
4535| 0 223,9999 0
4536| 0 227,9999 0
4537| 0 231,9999 0
4538| 0 235,9999 0
4539| 0 239,9999 0
4540| 0 243,9999 0
4541| 0 247,9999 0
4542| 0 251,9999 0
4543| 0 255,9999 0
4544| 0 259,9999 0
4545| 0 263,9999 0
4546| 0 267,9999 0
4547| 0 271,9998 0
4548| 0 275,9998 0
4549| 0 279,9998 0
4550| 0 283,9998 0
4551| 0 287,9998 0
4552| 0 291,9998 0
4553| 0 295,9998 0
4554| 0 299,9998 0
4555| 0 303,9998 0
4556| 0 307,9998 0
4557| 0 311,9998 0
4558| 0 315,9998 0
4559| 0 319,9998 0
4560| 0 323,9998 0
4561| 0 327,9998 0
4562| 0,3 331,9998 0
4563| 0,6 335,9998 0
4564| 0,9 339,9998 0
4565| 1,2 343,9998 0
4566| 1,5 347,9998 0
4567| 1,8 351,9998 0
4568| 2,1 355,9998 0
4569| 2,4 359,9998 0
4570| 2,7 363,9998 0
4571| 3 367,9998 0
4572| 3,299999 371,9998 0
4573| 3,599999 375,9998 0
4574| 3,899999 379,9998 0
4575| 4,2 383,9998 0
4576| 4,5 383,9998 0
4577| 4,8 383,9998 0
4578| 5,1 387,9998 0
4579| 5,4 391,9998 0
4580| 5,7 395,9998 0
4581| 6 399,9997 0
4582| 6,300001 400 0
4583| 6,600001 400 0
4584| 6,900001 400 0
4585| 7,200001 400 0
4586| 7,500001 400 0
4587| 7,800001 400 0
4588| 8,1 400 0
4589| 8,4 400 0
4590| 8,7 400 0
4591| 8,999999 400 0
4592| 9,299999 400 0
4593| 9,599998 400 0
4594| 9,899999 400 0
4595| 9,899999 400 0
4596| 9,899999 400 0
4597| 9,899999 400 0
4598| 9,899999 400 0
4599| 9,899999 400 0
4600| 9,899999 400 0
4601| 9,899999 400 0
4602| 0 0 0
4603| 0 0 0
4604| 0 0 0
4605| 0 0 0
4606| 0 0 0
4607| 0 0 0
4608| 0 0 0
4609| 0 0 0
4610| 0 0 0
4611| 0 0 0
4612| 0 0 0
4613| 0 0 0
4614| 0 0 0
4615| 0 0 0
4616| 0 0 0
4617| 0 0 0
4618| 0 0 0
4619| 0 0 0
4620| 0 0 0
4621| 0 0 0
4622| 0 0 0
4623| 0 4 0
4624| 0 8 0
4625| 0 12 0
4626| 0 16 0
4627| 0 20 0
4628| 0 24 0
4629| 0 28 0
4630| 0 32 0
4631| 0 36 0
4632| 0 40 0
4633| 0 43,99999 0
4634| 0 47,99999 0
4635| 0 51,99999 0
4636| 0 55,99999 0
4637| 0 60 0
4638| 0 64 0
4639| 0 68 0
4640| 0 72 0
4641| 0 76,00001 0
4642| 0 80,00001 0
4643| 0 84,00001 0
4644| 0 88,00002 0
4645| 0 92,00002 0
4646| 0 96,00002 0
4647| 0 100 0
4648| 0 104 0
4649| 0 108 0
4650| 0 112 0
4651| 0 116 0
4652| 0 120 0
4653| 0 124 0
4654| 0 128 0
4655| 0,3 132 0
4656| 0,6 136 0
4657| 0,9 140 0
4658| 1,2 144 0
4659| 1,5 148 0
4660| 1,8 152 0
4661| 2,1 156 0
4662| 2,4 160 0
4663| 2,7 164 0
4664| 3 168 0
4665| 3,299999 171,9999 0
4666| 3,599999 175,9999 0
4667| 3,899999 179,9999 0
4668| 4,2 183,9999 0
4669| 4,2 187,9999 0
4670| 4,2 191,9999 0
4671| 4,2 195,9999 0
4672| 4,2 199,9999 0
4673| 4,2 203,9999 0
4674| 4,2 207,9999 0
4675| 4,2 211,9999 0
4676| 4,2 215,9999 0
4677| 4,2 219,9999 0
4678| 4,2 223,9999 0
4679| 4,2 227,9999 0
4680| 4,2 231,9999 0
4681| 4,2 235,9999 0
4682| 4,2 239,9999 0
4683| 4,2 243,9999 0
4684| 4,2 247,9999 0
4685| 4,2 251,9999 0
4686| 4,2 255,9999 0
4687| 4,2 259,9999 0
4688| 4,2 263,9999 0
4689| 4,2 267,9999 0
4690| 4,2 271,9998 0
4691| 4,2 275,9998 0
4692| 4,2 279,9998 0
4693| 4,2 283,9998 0
4694| 4,2 287,9998 0
4695| 4,2 291,9998 0
4696| 4,2 295,9998 0
4697| 4,2 299,9998 0
4698| 4,2 303,9998 0
4699| 4,2 307,9998 0
4700| 4,2 311,9998 0
4701| 4,2 315,9998 0
4702| 4,2 319,9998 0
4703| 4,2 323,9998 0
4704| 4,2 327,9998 0
4705| 4,2 331,9998 0
4706| 4,2 335,9998 0
4707| 0 0 0
4708| 0 0 0
4709| 0 0 0
4710| 0 0 0
4711| 0 0 0
4712| 0 0 0
4713| 0 0 0
4714| 0 0 0
4715| 0 0 0
4716| 0 0 0
4717| 0 0 0
4718| 0 0 0
4719| 0 0 0
4720| 0 0 0
4721| 0 0 0
4722| 0 0 0
4723| 0 0 0
4724| 0 0 0
4725| 0 0 0
4726| 0 0 0
4727| 0 0 0
4728| 0 0 0
4729| 0 0 0
4730| 0 0 0
4731| 0 0 0
4732| 0 0 0
4733| 0 0 0
4734| 0 4 0
4735| 0 8 0
4736| 0 12 0
4737| 0 16 0
4738| 0 20 0
4739| 0 24 0
4740| 0 28 0
4741| 0 32 0
4742| 0 36 0
4743| 0 40 0
4744| 0 43,99999 0
4745| 0 47,99999 0
4746| 0 51,99999 0
4747| 0 55,99999 0
4748| 0 60 0
4749| 0 64 0
4750| 0 68 0
4751| 0 72 0
4752| 0 76,00001 0
4753| 0 80,00001 0
4754| 0 84,00001 0
4755| 0 88,00002 0
4756| 0 92,00002 0
4757| 0 96,00002 0
4758| 0 100 0
4759| 0 104 0
4760| 0 108 0
4761| 0 112 0
4762| 0 116 0
4763| 0 120 0
4764| 0 124 0
4765| 0 128 0
4766| 0 132 0
4767| 0 136 0
4768| 0 140 0
4769| 0 144 0
4770| 0 148 0
4771| 0 152 0
4772| 0 156 0
4773| 0 160 0
4774| 0 164 0
4775| 0 168 0
4776| 0 0 0
4777| 0 0 0
4778| 0 0 0
4779| 0 0 0
4780| 0 0 0
4781| 0 0 0
4782| 0 0 0
4783| 0 0 0
4784| 0 0 0
4785| 0 0 0
4786| 0 0 0
4787| 0 0 0
4788| 0 0 0
4789| 0 0 0
4790| 0 0 0
4791| 0 0 0
4792| 0 0 0
4793| 0 0 0
4794| 0 0 0
4795| 0 0 0
4796| 0 0 0
4797| 0 0 0
4798| 0 0 0
4799| 0 0 0
4800| 0 0 0
4801| 0 0 0
4802| 0 0 0
4803| 0 0 0
4804| 0 0 0
4805| 0 0 0
4806| 0 0 0
4807| 0 0 0
4808| 0 0 0
4809| 0 0 0
4810| 0 0 0
4811| 0 0 0
4812| 0 0 0
4813| 0 0 0
4814| 0 0 0
4815| 0 0 0
4816| 0 0 0
4817| 0 0 0
4818| 0 0 0
4819| 0 0 0
4820| 0 0 0
4821| 0 0 0
4822| 0 0 0
4823| 0 0 0
4824| 0 0 0
4825| 0,3 0 0
4826| 0,6 0 0
4827| 0,9 0 0
4828| 1,2 0 0
4829| 1,5 0 0
4830| 1,8 0 0
4831| 2,1 0 0
4832| 2,4 0 0
4833| 2,7 0 0
4834| 3 0 0
4835| 3,299999 0 0
4836| 0 0 0
4837| 0 0 0
4838| 0 0 0
4839| 0 0 0
4840| 0 0 0
4841| 0 0 0
4842| 0 0 0
4843| 0 0 0
4844| 0 0 0
4845| 0 0 0
4846| 0 0 0
4847| 0 0 0
4848| 0 0 0
4849| 0 0 0
4850| 0 0 0
4851| 0 0 0
4852| 0 0 0
4853| 0 0 0
4854| 0 0 0
4855| 0 0 0
4856| 0 0 0
4857| 0 0 0
4858| 0 0 0
4859| 0 0 0
4860| 0 0 0
4861| 0 0 0
4862| 0 0 0
4863| 0 0 0
4864| 0 0 0
4865| 0 0 0
4866| 0 0 0
4867| 0 0 0
4868| 0 0 0
4869| 0,3 0 0
4870| 0,6 0 0
4871| 0,9 0 0
4872| 1,2 0 0
4873| 1,5 0 0
4874| 1,8 0 0
4875| 2,1 0 0
4876| 2,4 0 0
4877| 2,7 0 0
4878| 3 0 0
4879| 3,299999 0 0
4880| 3,599999 0 0
4881| 0 0 0
4882| 0 0 0
4883| 0 0 0
4884| 0 0 0
4885| 0 0 0
4886| 0 0 0
4887| 0 0 0
4888| 0 0 0
4889| 0 0 0
4890| 0 0 0
4891| 0 0 0
4892| 0 0 0
4893| 0 0 0
4894| 0 0 0
4895| 0 0 0
4896| 0 0 0
4897| 0 0 0
4898| 0 0 0
4899| 0 0 0
4900| 0 0 0
4901| 0 0 0
4902| 0 0 0
4903| 0 0 0
4904| 0 0 0
4905| 0 0 0
4906| 0 0 0
4907| 0 0 0
4908| 0 0 0
4909| 0 0 0
4910| 0 0 0
4911| 0 0 0
4912| 0 0 0
4913| 0 0 0
4914| 0 0 0
4915| 0 0 0
4916| 0 0 0
4917| 0 0 0
4918| 0 0 0
4919| 0 0 0
4920| 0 0 0
4921| 0 0 0
4922| 0 0 0
4923| 0 0 0
4924| 0 0 0
4925| 0 0 0
4926| 0 0 0
4927| 0 0 0
4928| 0 0 0
4929| 0 0 0
4930| 0 0 0
4931| 0 0 0
4932| 0 0 0
4933| 0 0 0
4934| 0 0 0
4935| 0 0 0
4936| 0 0 0
4937| 0 0 0
4938| 0 0 0
4939| 0 0 0
4940| 0 0 0
4941| 0 0 0
4942| 0 0 0
4943| 0 0 0
4944| 0 0 0
4945| 0 0 0
4946| 0 0 0
4947| 0 0 0
4948| 0 0 0
4949| 0 0 0
4950| 0 0 0
4951| 0 0 0
4952| 0 0 0
4953| 0 0 0
4954| 0 0 0
4955| 0 0 0
4956| 0 0 0
4957| 0 0 0
4958| 0 0 0
4959| 0 0 0
4960| 0 0 0
4961| 0 0 0
4962| 0 0 0
4963| 0 0 0
4964| 0 0 0
4965| 0 0 0
4966| 0 0 0
4967| 0 0 0
4968| 0 0 0
4969| 0 0 0
4970| 0 0 0
4971| 0 0 0
4972| 0 0 0
4973| 0 0 0
4974| 0 0 0
4975| 0 0 0
4976| 0 0 0
4977| 0 0 0
4978| 0 0 0
4979| 0 0 0
4980| 0 0 0
4981| 0 0 0
4982| 0 0 0
4983| 0 0 0
4984| 0 0 0
4985| 0 0 0
4986| 0 0 0
4987| 0 0 0
4988| 0 0 0
4989| 0 0 0
4990| 0 0 0
4991| 0 0 0
4992| 0 0 0
4993| 0 0 0
4994| 0 0 0
4995| 0 0 0
4996| 0 0 0
4997| 0 0 0
4998| 0 0 0
4999| 0 0 0
5000| 0 0 0
5001| 0 0 0
5002| 0 0 0
5003| 0 0 0
5004| 0 0 0
5005| 0 0 0
5006| 0 0 0
5007| 0 0 0
5008| 0 0 0
5009| 0 0 0
5010| 0 0 0
5011| 0 0 0
5012| 0 0 0
5013| 0 0 0
5014| 0 0 0
5015| 0 0 0
5016| 0 0 0
5017| 0 0 0
5018| 0 0 0
5019| 0 0 0
5020| 0 0 0
5021| 0 0 0
5022| 0 0 0
5023| 0 0 0
5024| 0 0 0
5025| 0 0 0
5026| 0 0 0
5027| 0 0 0
5028| 0 0 0
5029| 0 0 0
5030| 0 0 0
5031| 0 0 0
5032| 0 0 0
5033| 0 0 0
5034| 0 0 0
5035| 0 0 0
5036| 0 0 0
5037| 0 0 0
5038| 0 0 0
5039| 0 0 0
5040| 0 0 0
5041| 0 0 0
5042| 0 0 0
5043| 0 0 0
5044| 0 0 0
5045| 0 0 0
5046| 0 0 0
5047| 0 0 0
5048| 0 0 0
5049| 0 0 0
5050| 0 0 0
5051| 0 0 0
5052| 0 0 0
5053| 0 0 0
5054| 0 0 0
5055| 0 0 0
5056| 0 0 0
5057| 0 0 0
5058| 0 0 0
5059| 0 0 0
5060| 0 0 0
5061| 0 0 0
5062| 0 0 0
5063| 0 0 0
5064| 0 0 0
5065| 0 0 0
5066| 0 0 0
5067| 0 0 0
5068| 0 0 0
5069| 0 0 0
5070| 0 0 0
5071| 0 0 0
5072| 0 0 0
5073| 0,3 0 0
5074| 0,6 0 0
5075| 0,9 0 0
5076| 1,2 0 0
5077| 1,5 0 0
5078| 1,8 0 0
5079| 2,1 0 0
5080| 2,4 0 0
5081| 2,7 0 0
5082| 3 0 0
5083| 3,299999 0 0
5084| 3,599999 0 0
5085| 3,899999 0 0
5086| 4,2 0 0
5087| 0 0 0
5088| 0 0 0
5089| 0 0 0
5090| 0 0 0
5091| 0 0 0
5092| 0 0 0
5093| 0 0 0
5094| 0 0 0
5095| 0 0 0
5096| 0 0 0
5097| 0 0 0
5098| 0 0 0
5099| 0 0 0
5100| 0 0 0
5101| 0 0 0
5102| 0 0 0
5103| 0 0 0
5104| 0 0 0
5105| 0 0 0
5106| 0 0 0
5107| 0 0 0
5108| 0,3 0 0
5109| 0,6 0 0
5110| 0,9 0 0
5111| 1,2 0 0
5112| 1,5 0 0
5113| 1,8 0 0
5114| 2,1 0 0
5115| 2,4 0 0
5116| 2,7 0 0
5117| 3 0 0
5118| 3,299999 0 0
5119| 3,599999 0 0
5120| 3,899999 0 0
5121| 0 0 0
5122| 0 0 0
5123| 0 0 0
5124| 0 0 0
5125| 0 0 0
5126| 0 0 0
5127| 0 0 0
5128| 0 0 0
5129| 0 0 0
5130| 0 0 0
5131| 0 0 0
5132| 0,3 0 0
5133| 0,6 0 0
5134| 0,9 0 0
5135| 1,2 0 0
5136| 1,5 0 0
5137| 1,8 0 0
5138| 2,1 0 0
5139| 2,4 0 0
5140| 2,7 0 0
5141| 3 0 0
5142| 3,299999 0 0
5143| 3,599999 0 0
5144| 3,899999 0 0
5145| 4,2 0 0
5146| 0 0 0
5147| 0 0 0
5148| 0 0 0
5149| 0 0 0
5150| 0 0 0
5151| 0,3 0 0
5152| 0,6 0 0
5153| 0,9 0 0
5154| 1,2 0 0
5155| 1,5 0 0
5156| 1,8 0 0
5157| 2,1 0 0
5158| 2,4 0 0
5159| 2,7 0 0
5160| 3 0 0
5161| 3,299999 0 0
5162| 0 0 0
5163| 0 0 0
5164| 0 0 0
5165| 0 0 0
5166| 0 0 0
5167| 0 0 0
5168| 0 0 0
5169| 0 0 0
5170| 0 0 0
5171| 0 0 0
5172| 0 0 0
5173| 0 0 0
5174| 0 0 0
5175| 0 0 0
5176| 0 0 0
5177| 0 0 0
5178| 0 0 0
5179| 0 0 0
5180| 0 0 0
5181| 0 0 0
5182| 0 0 0
5183| 0 0 0
5184| 0 0 0
5185| 0 0 0
5186| 0 0 0
5187| 0 0 0
5188| 0 0 0
5189| 0 0 0
5190| 0 0 0
5191| 0 0 0
5192| 0 0 0
5193| 0 0 0
5194| 0 0 0
5195| 0 0 0
5196| 0 0 0
5197| 0 0 0
5198| 0 0 0
5199| 0 0 0
5200| 0 0 0
5201| 0 0 0
5202| 0 0 0
5203| 0 0 0
5204| 0 0 0
5205| 0 0 0
5206| 0 0 0
5207| 0 0 0
5208| 0 0 0
5209| 0 0 0
5210| 0 0 0
5211| 0 0 0
5212| 0 0 0
5213| 0 0 0
5214| 0 0 0
5215| 0 0 0
5216| 0 0 0
5217| 0 0 0
5218| 0 0 0
5219| 0 0 0
5220| 0 0 0
5221| 0 0 0
5222| 0 0 0
5223| 0 0 0
5224| 0 0 0
5225| 0 0 0
5226| 0 0 0
5227| 0 0 0
5228| 0 0 0
5229| 0 0 0
5230| 0 0 0
5231| 0 0 0
5232| 0 0 0
5233| 0 0 0
5234| 0 0 0
5235| 0 0 0
5236| 0 0 0
5237| 0 0 0
5238| 0 0 0
5239| 0 0 0
5240| 0 0 0
5241| 0 0 0
5242| 0 0 0
5243| 0 0 0
5244| 0 0 0
5245| 0 0 0
5246| 0 0 0
5247| 0 0 0
5248| 0 0 0
5249| 0 0 0
5250| 0 0 0
5251| 0 0 0
5252| 0 0 0
5253| 0 0 0
5254| 0 0 0
5255| 0 0 0
5256| 0 0 0
5257| 0 0 0
5258| 0 0 0
5259| 0 0 0
5260| 0 0 0
5261| 0 0 0
5262| 0 0 0
5263| 0 0 0
5264| 0 0 0
5265| 0 0 0
5266| 0 0 0
5267| 0 0 0
5268| 0 0 0
5269| 0 0 0
5270| 0 0 0
5271| 0 0 0
5272| 0 0 0
5273| 0 0 0
5274| 0 0 0
5275| 0 0 0
5276| 0 0 0
5277| 0 0 0
5278| 0 0 0
5279| 0 0 0
5280| 0 0 0
5281| 0 0 0
5282| 0 0 0
5283| 0 0 0
5284| 0 0 0
5285| 0 0 0
5286| 0 0 0
5287| 0 0 0
5288| 0 0 0
5289| 0 0 0
5290| 0 0 0
5291| 0 0 0
5292| 0 0 0
5293| 0 0 0
5294| 0 0 0
5295| 0 0 0
5296| 0 0 0
5297| 0 0 0
5298| 0 0 0
5299| 0 0 0
5300| 0 0 0
5301| 0 0 0
5302| 0 0 0
5303| 0 0 0
5304| 0 0 0
5305| 0 0 0
5306| 0 0 0
5307| 0 0 0
5308| 0 0 0
5309| 0 0 0
5310| 0 0 0
5311| 0 0 0
5312| 0 0 0
5313| 0 0 0
5314| 0 0 0
5315| 0 0 0
5316| 0 0 0
5317| 0 0 0
5318| 0 0 0
5319| 0 0 0
5320| 0 0 0
5321| 0 0 0
5322| 0 0 0
5323| 0 0 0
5324| 0 0 0
5325| 0 0 0
5326| 0 0 0
5327| 0 0 0
5328| 0 0 0
5329| 0 0 0
5330| 0 0 0
5331| 0 0 0
5332| 0 0 0
5333| 0 0 0
5334| 0 0 0
5335| 0 0 0
5336| 0 0 0
5337| 0 0 0
5338| 0 0 0
5339| 0 0 0
5340| 0 0 0
5341| 0 0 0
5342| 0 0 0
5343| 0 0 0
5344| 0 0 0
5345| 0 0 0
5346| 0 0 0
5347| 0 0 0
5348| 0 0 0
5349| 0 0 0
5350| 0 0 0
5351| 0 0 0
5352| 0 0 0
5353| 0 0 0
5354| 0 0 0
5355| 0 0 0
5356| 0 0 0
5357| 0 0 0
5358| 0 0 0
5359| 0 0 0
5360| 0 0 0
5361| 0 0 0
5362| 0 0 0
5363| 0 0 0
5364| 0 0 0
5365| 0 0 0
5366| 0 0 0
5367| 0 0 0
5368| 0 0 0
5369| 0 0 0
5370| 0 0 0
5371| 0 0 0
5372| 0 0 0
5373| 0 0 0
5374| 0 0 0
5375| 0 0 0
5376| 0 0 0
5377| 0 0 0
5378| 0 0 0
5379| 0 0 0
5380| 0 0 0
5381| 0 0 0
5382| 0 0 0
5383| 0 0 0
5384| 0 0 0
5385| 0 0 0
5386| 0 0 0
5387| 0 0 0
5388| 0 0 0
5389| 0 0 0
5390| 0 0 0
5391| 0 0 0
5392| 0 0 0
5393| 0 0 0
5394| 0 0 0
5395| 0 0 0
5396| 0 0 0
5397| 0 0 0
5398| 0 0 0
5399| 0 0 0
5400| 0 0 0
5401| 0 0 0
5402| 0 0 0
5403| 0 0 0
5404| 0 0 0
5405| 0 0 0
5406| 0 0 0
5407| 0 0 0
5408| 0 0 0
5409| 0 0 0
5410| 0 0 0
5411| 0 0 0
5412| 0 0 0
5413| 0 0 0
5414| 0 0 0
5415| 0 0 0
5416| 0 0 0
5417| 0 0 0
5418| 0 0 0
5419| 0 0 0
5420| 0 0 0
5421| 0 0 0
5422| 0 0 0
5423| 0 0 0
5424| 0 0 0
5425| 0 0 0
5426| 0 0 0
5427| 0 0 0
5428| 0 0 0
5429| 0 0 0
5430| 0 0 0
5431| 0 0 0
5432| 0 0 0
5433| 0 0 0
5434| 0 0 0
5435| 0 0 0
5436| 0 0 0
5437| 0 0 0
5438| 0 0 0
5439| 0 0 0
5440| 0 0 0
5441| 0 0 0
5442| 0 0 0
5443| 0 0 0
5444| 0 0 0
5445| 0 0 0
5446| 0 0 0
5447| 0 0 0
5448| 0 0 0
5449| 0 0 0
5450| 0 0 0
5451| 0 0 0
5452| 0 0 0
5453| 0 0 0
5454| 0 0 0
5455| 0 0 0
5456| 0 0 0
5457| 0 0 0
5458| 0 0 0
5459| 0 0 0
5460| 0 0 0
5461| 0 0 0
5462| 0 0 0
5463| 0 0 0
5464| 0 0 0
5465| 0 0 0
5466| 0 0 0
5467| 0 0 0
5468| 0 0 0
5469| 0 0 0
5470| 0 0 0
5471| 0 0 0
5472| 0 0 0
5473| 0 0 0
5474| 0 0 0
5475| 0 0 0
5476| 0 0 0
5477| 0 0 0
5478| 0 0 0
5479| 0 0 0
5480| 0 0 0
5481| 0 0 0
5482| 0 0 0
5483| 0 0 0
5484| 0 0 0
5485| 0 0 0
5486| 0 0 0
5487| 0 0 0
5488| 0 0 0
5489| 0 0 0
5490| 0 0 0
5491| 0 0 0
5492| 0 0 0
5493| 0 0 0
5494| 0 0 0
5495| 0 0 0
5496| 0 0 0
5497| 0 0 0
5498| 0 0 0
5499| 0 0 0
5500| 0 0 0
5501| 0 0 0
5502| 0 0 0
5503| 0 0 0
5504| 0 0 0
5505| 0 0 0
5506| 0 0 0
5507| 0 0 0
5508| 0 0 0
5509| 0 0 0
5510| 0 0 0
5511| 0 0 0
5512| 0 0 0
5513| 0 0 0
5514| 0 0 0
5515| 0 0 0
5516| 0 0 0
5517| 0 0 0
5518| 0 0 0
5519| 0 0 0
5520| 0 0 0
5521| 0 0 0
5522| 0 0 0
5523| 0 0 0
5524| 0 0 0
5525| 0 0 0
5526| 0 0 0
5527| 0 0 0
5528| 0 0 0
5529| 0 0 0
5530| 0 0 0
5531| 0 0 0
5532| 0 0 0
5533| 0 0 0
5534| 0 0 0
5535| 0 0 0
5536| 0 0 0
5537| 0 0 0
5538| 0 0 0
5539| 0 0 0
5540| 0 0 0
5541| 0 0 0
5542| 0 0 0
5543| 0 0 0
5544| 0 0 0
5545| 0 0 0
5546| 0 0 0
5547| 0 0 0
5548| 0 0 0
5549| 0 0 0
5550| 0 0 0
5551| 0 0 0
5552| 0 0 0
5553| 0 0 0
5554| 0 0 0
5555| 0 0 0
5556| 0 0 0
5557| 0 0 0
5558| 0 0 0
5559| 0 0 0
5560| 0 0 0
5561| 0 0 0
5562| 0 0 0
5563| 0 0 0
5564| 0 0 0
5565| 0 0 0
5566| 0 0 0
5567| 0 0 0
5568| 0 0 0
5569| 0 0 0
5570| 0 0 0
5571| 0 0 0
5572| 0 0 0
5573| 0 0 0
5574| 0 0 0
5575| 0 0 0
5576| 0 0 0
5577| 0 0 0
5578| 0 0 0
5579| 0 0 0
5580| 0 0 0
5581| 0 0 0
5582| 0 0 0
5583| 0 0 0
5584| 0 0 0
5585| 0 0 0
5586| 0 0 0
5587| 0 0 0
5588| 0 0 0
5589| 0 0 0
5590| 0 0 0
5591| 0 0 0
5592| 0 0 0
5593| 0 0 0
5594| 0 0 0
5595| 0 0 0
5596| 0 0 0
5597| 0 0 0
5598| 0 0 0
5599| 0 0 0
5600| 0 0 0
5601| 0 0 0
5602| 0 0 0
5603| 0 0 0
5604| 0 0 0
5605| 0 0 0
5606| 0 0 0
5607| 0 0 0
5608| 0 0 0
5609| 0 0 0
5610| 0 0 0
5611| 0 0 0
5612| 0 0 0
5613| 0 0 0
5614| 0 0 0
5615| 0 0 0
5616| 0 0 0
5617| 0 0 0
5618| 0 0 0
5619| 0 0 0
5620| 0 0 0
5621| 0 0 0
5622| 0 0 0
5623| 0 0 0
5624| 0 0 0
5625| 0 0 0
5626| 0 0 0
5627| 0 0 0
5628| 0 0 0
5629| 0 0 0
5630| 0 0 0
5631| 0 0 0
5632| 0 0 0
5633| 0 0 0
5634| 0 0 0
5635| 0 0 0
5636| 0 0 0
5637| 0 0 0
5638| 0 0 0
5639| 0 0 0
5640| 0 0 0
5641| 0 0 0
5642| 0 0 0
5643| 0 0 0
5644| 0 0 0
5645| 0 0 0
5646| 0 0 0
5647| 0 0 0
5648| 0 0 0
5649| 0 0 0
5650| 0 0 0
5651| 0 0 0
5652| 0 0 0
5653| 0 0 0
5654| 0 0 0
5655| 0 0 0
5656| 0 0 0
5657| 0 0 0
5658| 0 0 0
5659| 0 0 0
5660| 0 0 0
5661| 0 0 0
5662| 0 0 0
5663| 0 0 0
5664| 0 0 0
5665| 0 0 0
5666| 0 0 0
5667| 0 0 0
5668| 0 0 0
5669| 0 0 0
5670| 0 0 0
5671| 0 0 0
5672| 0 0 0
5673| 0 0 0
5674| 0 0 0
5675| 0 0 0
5676| 0 0 0
5677| 0 0 0
5678| 0 0 0
5679| 0 0 0
5680| 0 0 0
5681| 0 0 0
5682| 0 0 0
5683| 0 0 0
5684| 0 0 0
5685| 0 0 0
5686| 0 0 0
5687| 0 0 0
5688| 0 0 0
5689| 0 0 0
5690| 0 0 0
5691| 0 0 0
5692| 0 0 0
5693| 0 0 0
5694| 0 0 0
5695| 0 0 0
5696| 0 0 0
5697| 0 0 0
5698| 0 0 0
5699| 0 0 0
5700| 0 0 0
5701| 0 0 0
5702| 0 0 0
5703| 0 0 0
5704| 0 0 0
5705| 0 0 0
5706| 0 0 0
5707| 0 0 0
5708| 0 0 0
5709| 0 0 0
5710| 0 0 0
5711| 0 0 0
5712| 0 0 0
5713| 0 0 0
5714| 0 0 0
5715| 0 0 0
5716| 0 0 0
5717| 0 0 0
5718| 0 0 0
5719| 0 0 0
5720| 0 0 0
5721| 0 0 0
5722| 0 0 0
5723| 0 0 0
5724| 0 0 0
5725| 0 0 0
5726| 0 0 0
5727| 0 0 0
5728| 0 0 0
5729| 0 0 0
5730| 0 0 0
5731| 0 0 0
5732| 0 0 0
5733| 0 0 0
5734| 0 0 0
5735| 0 0 0
5736| 0 0 0
5737| 0 0 0
5738| 0 0 0
5739| 0 0 0
5740| 0 0 0
5741| 0 0 0
5742| 0 0 0
5743| 0 0 0
5744| 0 0 0
5745| 0 0 0
5746| 0 0 0
5747| 0 0 0
5748| 0 0 0
5749| 0 0 0
5750| 0 0 0
5751| 0 0 0
5752| 0 0 0
5753| 0 0 0
5754| 0 0 0
5755| 0 0 0
5756| 0 0 0
5757| 0 0 0
5758| 0 0 0
5759| 0 0 0
5760| 0 0 0
5761| 0 0 0
5762| 0 0 0
5763| 0 0 0
5764| 0 0 0
5765| 0 0 0
5766| 0 0 0
5767| 0 0 0
5768| 0 0 0
5769| 0 0 0
5770| 0 0 0
5771| 0 0 0
5772| 0 0 0
5773| 0 0 0
5774| 0 0 0
5775| 0 0 0
5776| 0 0 0
5777| 0 0 0
5778| 0 0 0
5779| 0 0 0
5780| 0 0 0
5781| 0 0 0
5782| 0 0 0
5783| 0 0 0
5784| 0 0 0
5785| 0 0 0
5786| 0 0 0
5787| 0 0 0
5788| 0 0 0
5789| 0 0 0
5790| 0 0 0
5791| 0 0 0
5792| 0 0 0
5793| 0 0 0
5794| 0 0 0
5795| 0 0 0
5796| 0 0 0
5797| 0 0 0
5798| 0 0 0
5799| 0 0 0
5800| 0 0 0
5801| 0 0 0
5802| 0 0 0
5803| 0 0 0
5804| 0 0 0
5805| 0 0 0
5806| 0 0 0
5807| 0 0 0
5808| 0 0 0
5809| 0 0 0
5810| 0 0 0
5811| 0 0 0
5812| 0 0 0
5813| 0 0 0
5814| 0 0 0
5815| 0 0 0
5816| 0 0 0
5817| 0 0 0
5818| 0 0 0
5819| 0 0 0
5820| 0 0 0
5821| 0 0 0
5822| 0 0 0
5823| 0 0 0
5824| 0 0 0
5825| 0 0 0
5826| 0 0 0
5827| 0 0 0
5828| 0 0 0
5829| 0 0 0
5830| 0 0 0
5831| 0 0 0
5832| 0 0 0
5833| 0 0 0
5834| 0 0 0
5835| 0 0 0
5836| 0 0 0
5837| 0 0 0
5838| 0 0 0
5839| 0 0 0
5840| 0 0 0
5841| 0 0 0
5842| 0 0 0
5843| 0 0 0
5844| 0 0 0
5845| 0 0 0
5846| 0 0 0
5847| 0 0 0
5848| 0 0 0
5849| 0 0 0
5850| 0 0 0
5851| 0 0 0
5852| 0 0 0
5853| 0 0 0
5854| 0 0 0
5855| 0 0 0
5856| 0 0 0
5857| 0 0 0
5858| 0 0 0
5859| 0 0 0
5860| 0 0 0
5861| 0 0 0
5862| 0 0 0
5863| 0 0 0
5864| 0 0 0
5865| 0 0 0
5866| 0 0 0
5867| 0 0 0
5868| 0 0 0
5869| 0 0 0
5870| 0 0 0
5871| 0 0 0
5872| 0 0 0
5873| 0 0 0
5874| 0 0 0
5875| 0 0 0
5876| 0 0 0
5877| 0 0 0
5878| 0 0 0
5879| 0 0 0
5880| 0 0 0
5881| 0 0 0
5882| 0 0 0
5883| 0 0 0
5884| 0 0 0
5885| 0 0 0
5886| 0 0 0
5887| 0 0 0
5888| 0 0 0
5889| 0 0 0
5890| 0 0 0
5891| 0 0 0
5892| 0 0 0
5893| 0 0 0
5894| 0 0 0
5895| 0 0 0
5896| 0 0 0
5897| 0 0 0
5898| 0 0 0
5899| 0 0 0
5900| 0 0 0
5901| 0 0 0
5902| 0 0 0
5903| 0 0 0
5904| 0 0 0
5905| 0 0 0
5906| 0 0 0
5907| 0 0 0
5908| 0 0 0
5909| 0 0 0
5910| 0 0 0
5911| 0 0 0
5912| 0 0 0
5913| 0 0 0
5914| 0 0 0
5915| 0 0 0
5916| 0 0 0
5917| 0 0 0
5918| 0 0 0
5919| 0 0 0
5920| 0 0 0
5921| 0 0 0
5922| 0 0 0
5923| 0 0 0
5924| 0 0 0
5925| 0 0 0
5926| 0 0 0
5927| 0 0 0
5928| 0 0 0
5929| 0 0 0
5930| 0 0 0
5931| 0 0 0
5932| 0 0 0
5933| 0 0 0
5934| 0 0 0
5935| 0 0 0
5936| 0 0 0
5937| 0 0 0
5938| 0 0 0
5939| 0 0 0
5940| 0 0 0
5941| 0 0 0
5942| 0 0 0
5943| 0 0 0
5944| 0 0 0
5945| 0 0 0
5946| 0 0 0
5947| 0 0 0
5948| 0 0 0
5949| 0 0 0
5950| 0 0 0
5951| 0 0 0
5952| 0 0 0
5953| 0 0 0
5954| 0 0 0
5955| 0 0 0
5956| 0 0 0
5957| 0 0 0
5958| 0 0 0
5959| 0 0 0
5960| 0 0 0
5961| 0 0 0
5962| 0 0 0
5963| 0 0 0
5964| 0 0 0
5965| 0 0 0
5966| 0 0 0
5967| 0 0 0
5968| 0 0 0
5969| 0 0 0
5970| 0 0 0
5971| 0 0 0
5972| 0 0 0
5973| 0 0 0
5974| 0 0 0
5975| 0 0 0
5976| 0 0 0
5977| 0 0 0
5978| 0 0 0
5979| 0 0 0
5980| 0 0 0
5981| 0 0 0
5982| 0 0 0
5983| 0 0 0
5984| 0 0 0
5985| 0 0 0
5986| 0 0 0
5987| 0 0 0
5988| 0 0 0
5989| 0 0 0
5990| 0 0 0
5991| 0 0 0
5992| 0 0 0
5993| 0 0 0
5994| 0 0 0
5995| 0 0 0
5996| 0 0 0
5997| 0 0 0
5998| 0 0 0
5999| 0 0 0
6000| 0 0 0
6001| 0 0 0
6002| 0 0 0
6003| 0 0 0
6004| 0 0 0
6005| 0 0 0
6006| 0 0 0
6007| 0 0 0
6008| 0 0 0
6009| 0 0 0
6010| 0 0 0
6011| 0 0 0
6012| 0 0 0
6013| 0 0 0
6014| 0 0 0
6015| 0 0 0
6016| 0 0 0
6017| 0 0 0
6018| 0 0 0
6019| 0 0 0
6020| 0 0 0
6021| 0 0 0
6022| 0 0 0
6023| 0 0 0
6024| 0 0 0
6025| 0 0 0
6026| 0 0 0
6027| 0 0 0
6028| 0 0 0
6029| 0 0 0
6030| 0 0 0
6031| 0 0 0
6032| 0 0 0
6033| 0 0 0
6034| 0 0 0
6035| 0 0 0
6036| 0 0 0
6037| 0 0 0
6038| 0 0 0
6039| 0 0 0
6040| 0 0 0
6041| 0 0 0
6042| 0 0 0
6043| 0 0 0
6044| 0 0 0
6045| 0 0 0
6046| 0 0 0
6047| 0 0 0
6048| 0 0 0
6049| 0 0 0
6050| 0 0 0
6051| 0 0 0
6052| 0 0 0
6053| 0 0 0
6054| 0 0 0
6055| 0 0 0
6056| 0 0 0
6057| 0 0 0
6058| 0 0 0
6059| 0 0 0
6060| 0 0 0
6061| 0 0 0
6062| 0 0 0
6063| 0 0 0
6064| 0 0 0
6065| 0 0 0
6066| 0 0 0
6067| 0 0 0
6068| 0 0 0
6069| 0 0 0
6070| 0 0 0
6071| 0 0 0
6072| 0 0 0
6073| 0 0 0
6074| 0 0 0
6075| 0 0 0
6076| 0 0 0
6077| 0 0 0
6078| 0 0 0
6079| 0 0 0
6080| 0 0 0
6081| 0 0 0
6082| 0 0 0
6083| 0 0 0
6084| 0 0 0
6085| 0 0 0
6086| 0 0 0
6087| 0 0 0
6088| 0 0 0
6089| 0 0 0
6090| 0 0 0
6091| 0 0 0
6092| 0 0 0
6093| 0 0 0
6094| 0 0 0
6095| 0 0 0
6096| 0 0 0
6097| 0 0 0
6098| 0 0 0
6099| 0 0 0
6100| 0 0 0
6101| 0 0 0
6102| 0 0 0
6103| 0 0 0
6104| 0 0 0
6105| 0 0 0
6106| 0 0 0
6107| 0 0 0
6108| 0 0 0
6109| 0 0 0
6110| 0 0 0
6111| 0 0 0
6112| 0 0 0
6113| 0 0 0
6114| 0 0 0
6115| 0 0 0
6116| 0 0 0
6117| 0 0 0
6118| 0 0 0
6119| 0 0 0
6120| 0 0 0
6121| 0 0 0
6122| 0 0 0
6123| 0 0 0
6124| 0 0 0
6125| 0 0 0
6126| 0 0 0
6127| 0 0 0
6128| 0 0 0
6129| 0 0 0
6130| 0 0 0
6131| 0 0 0
6132| 0 0 0
6133| 0 0 0
6134| 0 0 0
6135| 0 0 0
6136| 0 0 0
6137| 0 0 0
6138| 0 0 0
6139| 0 0 0
6140| 0 0 0
6141| 0 0 0
6142| 0 0 0
6143| 0 0 0
6144| 0 0 0
6145| 0 0 0
6146| 0 0 0
6147| 0 0 0
6148| 0 0 0
6149| 0 0 0
6150| 0 0 0
6151| 0 0 0
6152| 0 0 0
6153| 0 0 0
6154| 0 0 0
6155| 0 0 0
6156| 0 0 0
6157| 0 0 0
6158| 0 0 0
6159| 0 0 0
6160| 0 0 0
6161| 0 0 0
6162| 0 0 0
6163| 0 0 0
6164| 0 0 0
6165| 0 0 0
6166| 0 0 0
6167| 0 0 0
6168| 0 0 0
6169| 0 0 0
6170| 0 0 0
6171| 0 0 0
6172| 0 0 0
6173| 0 0 0
6174| 0 0 0
6175| 0 0 0
6176| 0 0 0
6177| 0 0 0
6178| 0 0 0
6179| 0 0 0
6180| 0 0 0
6181| 0 0 0
6182| 0 0 0
6183| 0 0 0
6184| 0 0 0
6185| 0 0 0
6186| 0 0 0
6187| 0 0 0
6188| 0 0 0
6189| 0 0 0
6190| 0 0 0
6191| 0 0 0
6192| 0 0 0
6193| 0 0 0
6194| 0 0 0
6195| 0 0 0
6196| 0 0 0
6197| 0 0 0
6198| 0 0 0
6199| 0 0 0
6200| 0 0 0
6201| 0 0 0
6202| 0 0 0
6203| 0 0 0
6204| 0 0 0
6205| 0 0 0
6206| 0 0 0
6207| 0 0 0
6208| 0 0 0
6209| 0 0 0
6210| 0 0 0
6211| 0 0 0
6212| 0 0 0
6213| 0 0 0
6214| 0 0 0
6215| 0 0 0
6216| 0 0 0
6217| 0 0 0
6218| 0 0 0
6219| 0 0 0
6220| 0 0 0
6221| 0 0 0
6222| 0 0 0
6223| 0 0 0
6224| 0 0 0
6225| 0 0 0
6226| 0 0 0
6227| 0 0 0
6228| 0 0 0
6229| 0 0 0
6230| 0 0 0
6231| 0 0 0
6232| 0 0 0
6233| 0 0 0
6234| 0 0 0
6235| 0 0 0
6236| 0 0 0
6237| 0 0 0
6238| 0 0 0
6239| 0 0 0
6240| 0 0 0
6241| 0 0 0
6242| 0 0 0
6243| 0 0 0
6244| 0 0 0
6245| 0 0 0
6246| 0 0 0
6247| 0 0 0
6248| 0 0 0
6249| 0 0 0
6250| 0 0 0
6251| 0 0 0
6252| 0 0 0
6253| 0 0 0
6254| 0 0 0
6255| 0 0 0
6256| 0 0 0
6257| 0 0 0
6258| 0 0 0
6259| 0 0 0
6260| 0 0 0
6261| 0 0 0
6262| 0 0 0
6263| 0 0 0
6264| 0 0 0
6265| 0 0 0

