1| 0 0 0
2| 0 0 0
3| 0 0 0
4| 0 0 0
5| 0 0 0
6| 0 0 0
7| 0 0 0
8| 0 0 0
9| 0 0 0
10| 0 0 0
11| 0 4 0
12| 0 8 0
13| 0 12 0
14| 0 16 0
15| 0 20 0
16| 0 24 0
17| 0 28 0
18| 0 32 0
19| 0 36 0
20| 0 40 0
21| 0 43,99999 0
22| 0 47,99999 0
23| 0 51,99999 0
24| 0 55,99999 0
25| 0 60 0
26| 0 64 0
27| 0 68 0
28| 0 72 0
29| 0 76,00001 0
30| 0 80,00001 0
31| 0 84,00001 0
32| 0 88,00002 0
33| 0 0 0
34| 0 0 0
35| 0 0 0
36| 0 0 0
37| 0 0 0
38| 0 0 0
39| 0 0 0
40| 0 0 0
41| 0 0 0
42| 0 0 0
43| 0 0 0
44| 0 0 0
45| 0 0 0
46| 0 0 0
47| 0 0 0
48| 0 0 0
49| 0 0 0
50| 0 0 0
51| 0 0 0
52| 0 0 0
53| 0 4 0
54| 0 8 0
55| 0 12 0
56| 0 16 0
57| 0 20 0
58| 0 24 0
59| 0 28 0
60| 0 32 0
61| 0 36 0
62| 0 40 0
63| 0 43,99999 0
64| 0 47,99999 0
65| 0 51,99999 0
66| 0 55,99999 0
67| 0 60 0
68| 0 64 0
69| 0 68 0
70| 0 72 0
71| 0 76,00001 0
72| 0 80,00001 0
73| 0 84,00001 0
74| 0 88,00002 0
75| -0,3 92,00002 0
76| -0,6 96,00002 0
77| -0,9 100 0
78| -1,2 104 0
79| -1,5 108 0
80| -1,8 112 0
81| -2,1 116 0
82| -2,4 120 0
83| -2,7 124 0
84| -3 128 0
85| -3,299999 132 0
86| -3,599999 136 0
87| -3,899999 140 0
88| -4,2 144 0
89| -4,5 148 0
90| -4,8 152 0
91| -5,1 156 0
92| -5,4 160 0
93| -5,7 164 0
94| -6 168 0
95| -6,300001 171,9999 0
96| -6,600001 175,9999 0
97| -6,900001 179,9999 0
98| -7,200001 183,9999 0
99| -7,500001 187,9999 0
100| -7,800001 191,9999 0
101| -8,1 195,9999 0
102| -8,1 199,9999 0
103| -8,1 203,9999 0
104| -8,1 207,9999 0
105| -8,1 211,9999 0
106| -8,1 215,9999 0
107| -8,1 219,9999 0
108| -8,1 223,9999 0
109| -8,1 227,9999 0
110| -8,1 231,9999 0
111| -8,1 235,9999 0
112| -8,1 239,9999 0
113| -8,1 243,9999 0
114| -8,1 247,9999 0
115| -8,1 251,9999 0
116| -8,1 255,9999 0
117| -8,1 259,9999 0
118| -8,1 263,9999 0
119| -8,1 267,9999 0
120| -8,1 271,9998 0
121| -8,1 275,9998 0
122| -8,1 279,9998 0
123| -8,1 283,9998 0
124| -8,1 287,9998 0
125| -8,1 291,9998 0
126| -8,1 295,9998 0
127| -8,1 299,9998 0
128| -8,1 303,9998 0
129| -8,1 307,9998 0
130| -8,1 311,9998 0
131| -8,1 315,9998 0
132| -8,1 319,9998 0
133| -8,1 323,9998 0
134| -8,1 327,9998 0
135| -8,1 331,9998 0
136| -8,1 335,9998 0
137| -8,1 339,9998 0
138| -8,1 343,9998 0
139| -8,1 347,9998 0
140| -8,1 351,9998 0
141| -8,1 355,9998 0
142| -8,1 359,9998 0
143| -8,1 363,9998 0
144| -8,1 367,9998 0
145| -8,1 371,9998 0
146| -8,1 375,9998 0
147| 0 379,9998 0
148| 0,3 383,9998 0
149| 0,6 387,9998 0
150| 0,6 391,9998 0
151| 0,6 395,9998 0
152| 0,6 399,9997 0
153| 0,6 403,9998 0
154| 0,6 400 0
155| 0,6 400 0
156| 0,6 400 0
157| 0,6 400 0
158| 0,6 400 0
159| 0,6 400 0
160| 0,6 400 0
161| 0,6 400 0
162| 0,6 400 0
163| 0,6 400 0
164| 0,6 400 0
165| 0,6 400 0
166| 0,6 400 0
167| 0,6 400 0
168| 0,6 400 0
169| 0,6 400 0
170| 0,6 400 0
171| 0,6 400 0
172| 0,6 400 0
173| 0,6 400 0
174| 0,6 400 0
175| 0,6 400 0
176| 0,9 400 0
177| 1,2 400 0
178| 1,5 400 0
179| 1,5 400 0
180| 1,5 400 0
181| 1,5 400 0
182| 1,5 400 0
183| 1,5 400 0
184| 1,5 400 0
185| 1,5 400 0
186| 1,5 400 0
187| 1,5 400 0
188| 1,5 400 0
189| 1,5 400 0
190| 1,5 400 0
191| 1,5 400 0
192| 1,8 400 0
193| 2,1 400 0
194| 2,4 400 0
195| 2,7 400 0
196| 3 400 0
197| 3,299999 400 0
198| 3,599999 400 0
199| 3,899999 400 0
200| 4,2 400 0
201| 4,5 400 0
202| 4,8 400 0
203| 5,1 400 0
204| 5,4 400 0
205| 5,4 400 0
206| 5,4 400 0
207| 5,4 400 0
208| 5,4 400 0
209| 5,4 400 0
210| 5,7 400 0
211| 6 400 0
212| 6,300001 400 0
213| 6,600001 400 0
214| 6,900001 400 0
215| 6,900001 400 0
216| 6,900001 400 0
217| 6,900001 400 0
218| 7,200001 400 0
219| 7,500001 400 0
220| 7,800001 400 0
221| 8,1 400 0
222| 8,4 400 0
223| 8,4 400 0
224| 8,4 400 0
225| 8,4 400 0
226| 8,4 400 0
227| 8,7 400 0
228| 8,999999 400 0
229| 9,299999 400 0
230| 9,599998 400 0
231| 9,599998 400 0
232| 9,599998 400 0
233| 9,599998 400 0
234| 9,599998 400 0
235| 9,599998 400 0
236| 9,599998 400 0
237| 9,599998 400 0
238| 9,899999 400 0
239| 10,2 400 0
240| 10,5 400 0
241| 10,8 400 0
242| 11,1 400 0
243| 11,4 400 0
244| 11,7 400 0
245| 12 400 0
246| 12,3 400 0
247| 12,6 400 0
248| 12,9 400 0
249| 13,2 400 0
250| 13,2 400 0
251| 13,2 400 0
252| 13,2 400 0
253| 13,2 400 0
254| 13,2 400 0
255| 13,2 400 0
256| 13,2 400 0
257| 13,2 400 0
258| 13,2 400 0
259| 13,2 400 0
260| 13,5 400 0
261| 13,79999 400 0
262| 14,09999 400 0
263| 14,39999 400 0
264| 14,69999 400 0
265| 14,99999 400 0
266| 15,29999 400 0
267| 15,59999 400 0
268| 15,89999 400 0
269| 15,89999 400 0
270| 15,89999 400 0
271| 15,89999 400 0
272| 15,89999 400 0
273| 15,89999 400 0
274| 15,89999 400 0
275| 15,89999 400 0
276| 15,89999 400 0
277| 15,89999 400 0
278| 15,89999 400 0
279| 15,89999 400 0
280| 15,89999 400 0
281| 15,89999 400 0
282| 15,89999 400 0
283| 15,89999 400 0
284| 15,89999 400 0
285| 15,89999 400 0
286| 0 400 0
287| -0,3 400 0
288| -0,6 400 0
289| -0,6 400 0
290| -0,6 400 0
291| -0,6 400 0
292| -0,6 400 0
293| -0,6 400 0
294| -0,6 400 0
295| -0,6 400 0
296| -0,6 400 0
297| -0,6 400 0
298| -0,6 400 0
299| -0,6 400 0
300| -0,6 400 0
301| -0,9 400 0
302| -1,2 400 0
303| -1,5 400 0
304| -1,8 400 0
305| -1,8 400 0
306| -1,8 400 0
307| -1,8 400 0
308| -1,8 400 0
309| -1,8 400 0
310| -1,8 400 0
311| -1,8 400 0
312| -1,8 400 0
313| -1,8 400 0
314| -1,8 400 0
315| -1,8 400 0
316| -1,8 400 0
317| -1,8 400 0
318| -1,8 400 0
319| -1,8 400 0
320| -1,8 400 0
321| -1,8 400 0
322| -1,8 400 0
323| -1,8 400 0
324| -1,8 400 0
325| -1,8 400 0
326| -1,8 400 0
327| -1,8 400 0
328| -1,8 400 0
329| -1,8 400 0
330| -1,8 400 0
331| -1,8 400 0
332| -1,8 400 0
333| -1,8 400 0
334| -1,8 400 0
335| -1,8 400 0
336| -1,8 400 0
337| -1,8 400 0
338| -1,8 400 0
339| -1,8 400 0
340| -1,8 400 0
341| -1,8 400 0
342| -1,8 400 0
343| -1,8 400 0
344| -1,8 400 0
345| -1,8 400 0
346| -1,8 400 0
347| -1,8 400 0
348| -1,8 400 0
349| -1,8 400 0
350| -1,8 400 0
351| -1,8 400 0
352| -1,8 400 0
353| -1,8 400 0
354| -1,8 400 0
355| -1,8 400 0
356| -1,8 400 0
357| -1,8 400 0
358| -1,8 400 0
359| -1,8 400 0
360| -1,8 400 0
361| -1,8 400 0
362| -1,8 400 0
363| -1,8 400 0
364| -1,8 400 0
365| -1,8 400 0
366| -1,8 400 0
367| -1,8 400 0
368| -1,8 400 0
369| -1,8 400 0
370| -1,8 400 0
371| -1,8 400 0
372| -1,8 400 0
373| -1,8 400 0
374| -1,8 400 0
375| -1,8 400 0
376| -1,8 400 0
377| -1,8 400 0
378| -1,8 400 0
379| -1,8 400 0
380| -1,8 400 0
381| -1,8 400 0
382| -1,8 400 0
383| -1,8 400 0
384| -1,8 400 0
385| -1,8 400 0
386| -1,8 400 0
387| -1,8 400 0
388| -1,8 400 0
389| -1,8 400 0
390| -1,8 400 0
391| -1,8 400 0
392| -1,8 400 0
393| -1,8 400 0
394| -1,8 400 0
395| -1,8 400 0
396| -1,8 400 0
397| -1,8 400 0
398| -1,8 400 0
399| -1,8 400 0
400| -1,8 400 0
401| 0 0 0
402| 0 0 0
403| 0 0 0
404| 0 0 0
405| 0 4 0
406| 0 8 0
407| 0 12 0
408| 0 16 0
409| 0 20 0
410| 0 24 0
411| 0 28 0
412| 0 32 0
413| 0 36 0
414| 0 40 0
415| 0 43,99999 0
416| 0,3 47,99999 0
417| 0,6 51,99999 0
418| 0,9 55,99999 0
419| 0,9 60 0
420| 0,9 64 0
421| 0,9 68 0
422| 0,9 72 0
423| 0,9 76,00001 0
424| 0,9 80,00001 0
425| 0,9 84,00001 0
426| 0,9 88,00002 0
427| 0,9 92,00002 0
428| 1,2 96,00002 0
429| 1,5 100 0
430| 1,5 104 0
431| 1,5 108 0
432| 1,5 112 0
433| 1,5 116 0
434| 1,5 120 0
435| 1,5 124 0
436| 1,5 128 0
437| 1,5 132 0
438| 1,5 136 0
439| 1,5 140 0
440| 1,5 144 0
441| 1,5 148 0
442| 1,5 152 0
443| 1,5 156 0
444| 1,5 160 0
445| 1,5 164 0
446| 1,5 168 0
447| 1,5 171,9999 0
448| 1,5 175,9999 0
449| 1,5 179,9999 0
450| 1,5 183,9999 0
451| 1,5 187,9999 0
452| 1,5 191,9999 0
453| 1,5 195,9999 0
454| 1,5 199,9999 0
455| 1,5 203,9999 0
456| 1,5 207,9999 0
457| 1,5 211,9999 0
458| 1,5 215,9999 0
459| 1,5 219,9999 0
460| 1,5 223,9999 0
461| 1,5 227,9999 0
462| 1,5 231,9999 0
463| 1,5 235,9999 0
464| 1,5 239,9999 0
465| 1,5 243,9999 0
466| 0 247,9999 0
467| -0,3 251,9999 0
468| -0,3 255,9999 0
469| -0,3 259,9999 0
470| -0,3 263,9999 0
471| -0,3 267,9999 0
472| -0,3 271,9998 0
473| -0,3 275,9998 0
474| -0,3 279,9998 0
475| -0,3 283,9998 0
476| -0,3 287,9998 0
477| -0,3 291,9998 0
478| -0,3 295,9998 0
479| -0,3 299,9998 0
480| -0,3 303,9998 0
481| -0,3 307,9998 0
482| -0,3 311,9998 0
483| -0,3 315,9998 0
484| -0,3 319,9998 0
485| -0,3 323,9998 0
486| -0,3 327,9998 0
487| -0,3 331,9998 0
488| -0,3 335,9998 0
489| -0,3 339,9998 0
490| -0,3 343,9998 0
491| -0,3 347,9998 0
492| -0,3 351,9998 0
493| -0,3 355,9998 0
494| -0,3 359,9998 0
495| -0,3 363,9998 0
496| -0,3 367,9998 0
497| -0,3 371,9998 0
498| -0,3 375,9998 0
499| -0,3 379,9998 0
500| -0,3 383,9998 0
501| -0,3 387,9998 0
502| -0,3 391,9998 0
503| -0,3 395,9998 0
504| -0,3 399,9997 0
505| -0,3 403,9998 0
506| -0,3 400 0
507| -0,3 400 0
508| -0,3 400 0
509| -0,3 400 0
510| -0,3 400 0
511| -0,3 400 0
512| -0,3 400 0
513| -0,3 400 0
514| -0,3 400 0
515| -0,3 400 0
516| -0,3 400 0
517| -0,3 400 0
518| -0,3 400 0
519| -0,3 400 0
520| -0,3 400 0
521| -0,3 400 0
522| -0,3 400 0
523| -0,3 400 0
524| -0,3 400 0
525| -0,3 400 0
526| -0,3 400 0
527| -0,3 400 0
528| -0,3 400 0
529| -0,3 400 0
530| -0,3 400 0
531| -0,3 400 0
532| -0,3 400 0
533| -0,3 400 0
534| -0,3 400 0
535| -0,3 400 0
536| -0,3 400 0
537| -0,3 400 0
538| -0,3 400 0
539| -0,3 400 0
540| -0,3 400 0
541| -0,3 400 0
542| -0,3 400 0
543| -0,3 400 0
544| -0,3 400 0
545| -0,3 400 0
546| -0,3 400 0
547| -0,3 400 0
548| -0,3 400 0
549| -0,3 400 0
550| -0,3 400 0
551| -0,3 400 0
552| -0,3 400 0
553| -0,3 400 0
554| -0,3 400 0
555| -0,3 400 0
556| -0,3 400 0
557| -0,3 400 0
558| -0,3 400 0
559| -0,3 400 0
560| -0,3 400 0
561| -0,3 400 0
562| -0,3 400 0
563| -0,3 400 0
564| -0,3 400 0
565| -0,3 400 0
566| -0,3 400 0
567| -0,3 400 0
568| -0,3 400 0
569| -0,3 400 0
570| -0,3 400 0
571| -0,3 400 0
572| -0,3 400 0
573| -0,3 400 0
574| -0,3 400 0
575| -0,3 400 0
576| -0,3 400 0
577| -0,3 400 0
578| -0,3 400 0
579| -0,3 400 0
580| -0,3 400 0
581| -0,3 400 0
582| -0,3 400 0
583| -0,3 400 0
584| -0,3 400 0
585| -0,3 400 0
586| -0,3 400 0
587| -0,3 400 0
588| -0,3 400 0
589| -0,3 400 0
590| -0,3 400 0
591| -0,3 400 0
592| -0,3 400 0
593| -0,3 400 0
594| -0,3 400 0
595| -0,3 400 0
596| -0,3 400 0
597| -0,3 400 0
598| -0,3 400 0
599| -0,3 400 0
600| -0,3 400 0
601| -0,3 400 0
602| -0,3 400 0
603| -0,3 400 0
604| -0,3 400 0
605| -0,3 400 0
606| -0,3 400 0
607| -0,3 400 0
608| -0,3 400 0
609| -0,3 400 0
610| -0,3 400 0
611| -0,3 400 0
612| -0,3 400 0
613| -0,3 400 0
614| -0,3 400 0
615| -0,3 400 0
616| -0,3 400 0
617| -0,3 400 0
618| -0,3 400 0
619| -0,3 400 0
620| -0,3 400 0
621| -0,6 400 0
622| -0,9 400 0
623| -0,9 400 0
624| -0,9 400 0
625| -0,9 400 0
626| -0,9 400 0
627| -0,9 400 0
628| -0,9 400 0
629| -0,9 400 0
630| -0,9 400 0
631| -0,9 400 0
632| -0,9 400 0
633| -0,9 400 0
634| -0,9 400 0
635| -0,9 400 0
636| -0,9 400 0
637| -0,9 400 0
638| -0,9 400 0
639| -0,9 400 0
640| -0,9 400 0
641| -0,9 400 0
642| -0,9 400 0
643| -0,9 400 0
644| -0,9 400 0
645| -0,9 400 0
646| -0,9 400 0
647| -0,9 400 0
648| -0,9 400 0
649| -0,9 400 0
650| -0,9 400 0
651| -0,9 400 0
652| -0,9 400 0
653| -1,2 400 0
654| -1,5 400 0
655| -1,8 400 0
656| -2,1 400 0
657| -2,4 400 0
658| -2,7 400 0
659| -3 400 0
660| -3,299999 400 0
661| -3,599999 400 0
662| -3,899999 400 0
663| -4,2 400 0
664| -4,5 400 0
665| -4,8 400 0
666| -5,1 400 0
667| -5,4 400 0
668| -5,7 400 0
669| -6 400 0
670| -6,300001 400 0
671| -6,600001 400 0
672| -6,900001 400 0
673| -7,200001 400 0
674| -7,500001 400 0
675| -7,800001 400 0
676| -8,1 400 0
677| -8,4 400 0
678| -8,7 400 0
679| -8,999999 400 0
680| -9,299999 400 0
681| -9,599998 400 0
682| -9,899999 400 0
683| -10,2 400 0
684| -10,5 400 0
685| -10,8 400 0
686| -11,1 400 0
687| -11,4 400 0
688| -11,7 400 0
689| -12 400 0
690| -12,3 400 0
691| -12,6 400 0
692| -12,9 400 0
693| -13,2 400 0
694| -13,5 400 0
695| -13,79999 400 0
696| -14,09999 400 0
697| -14,39999 400 0
698| -14,69999 400 0
699| -14,99999 400 0
700| -15,29999 400 0
701| -15,59999 400 0
702| -15,89999 400 0
703| -16,19999 400 0
704| -16,49999 400 0
705| -16,79999 400 0
706| -17,09999 400 0
707| -17,39999 400 0
708| -17,69999 400 0
709| -17,99999 400 0
710| -18,29999 400 0
711| -18,59999 400 0
712| -18,89999 400 0
713| -19,19999 400 0
714| -19,49999 400 0
715| -19,79999 400 0
716| -20,09999 400 0
717| -20,39999 400 0
718| -20,69999 400 0
719| -20,99999 400 0
720| -21,29999 400 0
721| -21,59999 400 0
722| -21,89999 400 0
723| -22,19999 400 0
724| -22,49999 400 0
725| -22,79999 400 0
726| -23,09999 400 0
727| -23,39999 400 0
728| -23,69999 400 0
729| -23,99999 400 0
730| -24,29999 400 0
731| -24,59999 400 0
732| -24,89998 400 0
733| -25,19999 400 0
734| -25,49998 400 0
735| -25,79998 400 0
736| -26,09998 400 0
737| -26,39998 400 0
738| -26,69998 400 0
739| -26,99998 400 0
740| -27,29998 400 0
741| -27,59998 400 0
742| -27,89998 400 0
743| -28,19998 400 0
744| -28,49998 400 0
745| -28,79998 400 0
746| -29,09998 400 0
747| -29,39998 400 0
748| -29,69998 400 0
749| -29,99998 400 0
750| -30,29998 400 0
751| -30 400 0
752| -30 400 0
753| -30 400 0
754| -30 400 0
755| -30 400 0
756| -30 400 0
757| -30 400 0
758| -30 400 0
759| -30 400 0
760| -30 400 0
761| -30 400 0
762| -30 400 0
763| -30 400 0
764| -30 400 0
765| -30 400 0
766| -30 400 0
767| -30 400 0
768| -30 400 0
769| -30 400 0
770| -30 400 0
771| -30 400 0
772| -30 400 0
773| -30 400 0
774| -30 400 0
775| -30 400 0
776| -30 400 0
777| -30 400 0
778| -30 400 0
779| -30 400 0
780| -30 400 0
781| -30 400 0
782| -30 400 0
783| -30 400 0
784| -30 400 0
785| -30 400 0
786| -30 400 0
787| -30 0 0
788| -30 -4 0
789| -30 -8 0
790| -30 -12 0
791| -30 -16 0
792| -30 -20 30000
793| -30 -24 30000
794| -30 -28 30000
795| -30 -32 30000
796| -30 -36 30000
797| -30 -40 30000
798| -30 -43,99999 30000
799| -30 -47,99999 30000
800| -30 -51,99999 30000
801| -30 -55,99999 30000
802| -30 -60 30000
803| -30 -64 30000
804| -30 -68 30000
805| -30 -72 30000
806| -30 -76,00001 30000
807| -30 -80,00001 30000
808| -30 -84,00001 30000
809| -30 -88,00002 30000
810| -30 -92,00002 30000
811| -30 -96,00002 30000
812| -30 -100 30000
813| -30 -104 30000
814| -30 -108 30000
815| -30 -112 30000
816| -30 -116 30000
817| -30 -120 30000
818| -30 -124 30000
819| -30 -128 30000
820| -30 -132 30000
821| -30 -136 30000
822| -30 -140 30000
823| -30 -144 30000
824| -30 -148 30000
825| -30 -152 30000
826| -30 -156 30000
827| -30 -160 30000
828| -30 -164 30000
829| -30 -168 30000
830| -30 -171,9999 30000
831| -30 -175,9999 30000
832| -30 -179,9999 30000
833| -30 -183,9999 30000
834| -30 -187,9999 30000
835| -30 -191,9999 30000
836| -30 -195,9999 30000
837| -30 -199,9999 30000
838| -30 -203,9999 30000
839| -30 -207,9999 30000
840| -30 -211,9999 30000
841| -30 -215,9999 30000
842| -30 -219,9999 30000
843| -30 -223,9999 30000
844| -30 -227,9999 30000
845| -30 -231,9999 30000
846| -30 -235,9999 30000
847| -30 -239,9999 30000
848| -30 -243,9999 30000
849| -30 -247,9999 30000
850| -30 -251,9999 30000
851| -30 -255,9999 30000
852| -30 -259,9999 30000
853| -30 -263,9999 30000
854| -30 -267,9999 30000
855| -30 -271,9998 30000
856| -30 -275,9998 30000
857| -30 -279,9998 30000
858| -30 -283,9998 30000
859| -30 -287,9998 30000
860| -30 -291,9998 30000
861| -30 -295,9998 30000
862| -30 -299,9998 30000
863| -30 -303,9998 30000
864| -30 -307,9998 30000
865| -30 -311,9998 30000
866| -30 -315,9998 30000
867| -30 -319,9998 30000
868| -30 -323,9998 30000
869| -30 -327,9998 30000
870| -30 -331,9998 30000
871| -30 -335,9998 30000
872| -30 -339,9998 0
873| 0 -343,9998 0
874| 0,3 -347,9998 0
875| 0,6 -351,9998 0
876| 0,9 -355,9998 0
877| 1,2 -359,9998 0
878| 1,5 -363,9998 0
879| 1,8 -367,9998 0
880| 2,1 -371,9998 0
881| 2,4 -375,9998 0
882| 2,7 -379,9998 0
883| 3 -383,9998 0
884| 3,299999 -387,9998 0
885| 3,599999 -391,9998 0
886| 3,899999 -395,9998 0
887| 4,2 -399,9997 0
888| 4,5 -403,9998 0
889| 4,8 -400 0
890| 5,1 -400 0
891| 5,4 -400 0
892| 5,7 -400 0
893| 6 -400 0
894| 6,300001 -400 0
895| 6,600001 -400 0
896| 6,900001 -400 0
897| 7,200001 -400 0
898| 7,500001 -400 0
899| 7,800001 -400 0
900| 8,1 -400 0
901| 8,4 -400 0
902| 8,7 -400 0
903| 8,999999 -400 0
904| 9,299999 -400 0
905| 9,599998 -400 0
906| 9,899999 -400 0
907| 10,2 -400 0
908| 10,5 -400 0
909| 10,8 -400 0
910| 11,1 -400 0
911| 11,4 0 0
912| 11,4 4 0
913| 0 8 0
914| -0,3 12 0
915| -0,6 16 0
916| -0,9 20 0
917| -1,2 24 0
918| -1,5 28 0
919| -1,8 32 0
920| -2,1 36 0
921| -2,4 40 0
922| -2,7 43,99999 0
923| -3 47,99999 0
924| -3,299999 51,99999 0
925| -3,599999 55,99999 0
926| -3,899999 60 0
927| -4,2 64 0
928| -4,5 68 0
929| -4,8 72 0
930| -5,1 76,00001 0
931| -5,4 80,00001 0
932| -5,7 84,00001 0
933| -6 88,00002 0
934| -6,300001 92,00002 0
935| -6,600001 96,00002 0
936| -6,900001 100 0
937| -7,200001 104 0
938| -7,500001 108 0
939| -7,800001 112 30000
940| -8,1 116 30000
941| -8,4 120 30000
942| -8,7 124 30000
943| -8,999999 128 30000
944| -9,299999 132 30000
945| -9,599998 136 30000
946| -9,899999 140 30000
947| -10,2 144 30000
948| -10,5 148 30000
949| -10,8 152 30000
950| -11,1 156 30000
951| -11,4 160 30000
952| -11,7 164 30000
953| -12 168 30000
954| -12,3 171,9999 30000
955| -12,6 175,9999 30000
956| -12,9 179,9999 30000
957| -13,2 183,9999 30000
958| -13,5 187,9999 30000
959| -13,79999 191,9999 30000
960| -14,09999 195,9999 30000
961| -14,39999 199,9999 30000
962| -14,69999 203,9999 30000
963| -14,99999 207,9999 30000
964| -15,29999 211,9999 30000
965| -15,59999 215,9999 30000
966| -15,89999 219,9999 30000
967| -16,19999 223,9999 30000
968| -16,49999 227,9999 30000
969| -16,79999 231,9999 0
970| -17,09999 235,9999 0
971| -17,39999 239,9999 0
972| -17,69999 243,9999 0
973| -17,99999 247,9999 0
974| -18,29999 251,9999 0
975| -18,59999 255,9999 0
976| -18,89999 259,9999 0
977| -19,19999 263,9999 0
978| -19,49999 267,9999 0
979| -19,79999 271,9998 0
980| -20,09999 275,9998 0
981| -20,39999 279,9998 0
982| -20,69999 283,9998 0
983| -20,99999 287,9998 0
984| -21,29999 291,9998 0
985| -21,59999 295,9998 0
986| -21,89999 299,9998 0
987| -22,19999 303,9998 0
988| -22,49999 307,9998 0
989| -22,79999 311,9998 0
990| -23,09999 315,9998 0
991| -23,39999 319,9998 0
992| -23,69999 323,9998 0
993| -23,99999 327,9998 0
994| -24,29999 331,9998 0
995| -24,29999 335,9998 0
996| -24,29999 339,9998 0
997| -24,29999 343,9998 0
998| -24,29999 347,9998 0
999| -24,29999 351,9998 0
1000| -24,29999 355,9998 0
1001| -24,29999 359,9998 0
1002| -24,29999 363,9998 0
1003| -24,29999 367,9998 0
1004| -24,29999 371,9998 0
1005| -24,29999 375,9998 0
1006| -24,29999 379,9998 0
1007| -24,29999 383,9998 0
1008| -24,29999 387,9998 0
1009| -24,29999 391,9998 0
1010| -24,29999 395,9998 0
1011| 0 399,9997 0
1012| 0,3 403,9998 0
1013| 0,3 400 0
1014| 0,3 400 0
1015| 0,3 400 0
1016| 0,3 400 0
1017| 0,3 400 0
1018| 0,3 400 0
1019| 0,3 400 0
1020| 0,3 400 0
1021| 0,3 400 0
1022| 0,3 400 0
1023| 0,3 400 0
1024| 0,3 400 0
1025| 0,3 400 0
1026| 0,3 400 0
1027| 0,3 400 0
1028| 0,3 400 0
1029| 0,3 400 0
1030| 0,3 400 0
1031| 0,3 400 0
1032| 0,3 400 0
1033| 0,3 400 0
1034| 0,3 400 0
1035| 0,3 400 0
1036| 0,3 400 0
1037| 0,3 400 0
1038| 0,3 400 0
1039| 0,3 400 0
1040| 0,3 400 0
1041| 0,3 400 0
1042| 0,3 400 0
1043| 0,3 400 0
1044| 0,3 400 0
1045| 0,3 400 0
1046| 0,3 400 0
1047| 0,3 400 0
1048| 0,3 400 0
1049| 0,3 400 0
1050| 0,3 400 0
1051| 0,3 400 0
1052| 0,3 400 0
1053| 0,3 400 0
1054| 0,3 400 0
1055| 0,3 400 0
1056| 0,3 400 0
1057| 0,6 400 0
1058| 0,9 400 0
1059| 1,2 400 0
1060| 1,2 400 0
1061| 1,2 400 0
1062| 1,2 400 0
1063| 1,2 400 0
1064| 1,2 400 0
1065| 1,2 400 0
1066| 1,2 400 0
1067| 1,2 400 0
1068| 1,2 400 0
1069| 1,2 400 0
1070| 1,2 400 0
1071| 1,2 400 0
1072| 1,2 400 0
1073| 1,2 400 0
1074| 1,2 400 0
1075| 1,2 400 0
1076| 1,2 400 0
1077| 1,2 400 0
1078| 1,2 400 0
1079| 1,2 400 0
1080| 1,2 400 0
1081| 1,2 400 0
1082| 1,2 400 0
1083| 1,2 400 0
1084| 1,2 400 0
1085| 1,2 400 0
1086| 1,2 400 0
1087| 1,2 400 0
1088| 1,2 400 0
1089| 1,2 400 0
1090| 1,2 400 0
1091| 1,2 400 0
1092| 1,2 400 0
1093| 1,2 400 0
1094| 1,2 400 0
1095| 1,2 400 0
1096| 1,2 400 0
1097| 1,2 400 0
1098| 1,2 400 0
1099| 1,2 400 0
1100| 1,2 400 0
1101| 1,2 400 0
1102| 1,2 400 0
1103| 1,2 400 0
1104| 1,2 400 0
1105| 1,2 400 0
1106| 1,2 400 0
1107| 1,2 400 0
1108| 1,2 400 0
1109| 1,2 400 0
1110| 1,2 400 0
1111| 1,2 400 0
1112| 1,2 400 0
1113| 1,2 400 0
1114| 1,2 400 0
1115| 1,2 400 0
1116| 1,5 400 0
1117| 1,8 400 0
1118| 1,8 400 0
1119| 1,8 400 0
1120| 1,8 400 0
1121| 1,8 400 0
1122| 1,8 400 0
1123| 1,8 400 0
1124| 1,8 400 0
1125| 1,8 400 0
1126| 1,8 400 0
1127| 1,8 400 0
1128| 1,8 400 0
1129| 2,1 400 0
1130| 2,1 400 0
1131| 2,1 400 0
1132| 2,1 400 0
1133| 2,1 400 0
1134| 2,1 400 0
1135| 2,1 400 0
1136| 2,1 400 0
1137| 2,1 400 0
1138| 2,1 400 0
1139| 2,1 400 0
1140| 2,1 400 0
1141| 2,1 400 0
1142| 2,1 400 0
1143| 2,1 400 0
1144| 2,1 400 0
1145| 2,1 400 0
1146| 2,1 400 0
1147| 2,1 400 0
1148| 2,1 400 0
1149| 2,1 400 0
1150| 2,1 400 0
1151| 2,1 400 0
1152| 2,1 400 0
1153| 2,1 400 0
1154| 2,1 400 0
1155| 2,1 400 0
1156| 2,1 400 0
1157| 2,1 400 0
1158| 2,1 400 0
1159| 2,1 400 0
1160| 2,1 400 0
1161| 2,1 400 0
1162| 2,1 400 0
1163| 2,1 400 0
1164| 2,1 400 0
1165| 2,1 400 0
1166| 2,1 400 0
1167| 2,1 400 0
1168| 2,1 400 0
1169| 2,1 400 0
1170| 2,1 400 0
1171| 2,1 400 0
1172| 2,1 400 0
1173| 2,1 400 0
1174| 2,1 400 0
1175| 2,1 400 0
1176| 2,1 400 0
1177| 2,4 400 0
1178| 2,7 400 0
1179| 2,7 400 0
1180| 2,7 400 0
1181| 2,7 400 0
1182| 2,7 400 0
1183| 2,7 400 0
1184| 2,7 400 0
1185| 2,7 400 0
1186| 2,7 400 0
1187| 2,7 400 0
1188| 2,7 400 0
1189| 2,7 400 0
1190| 2,7 400 0
1191| 2,7 400 0
1192| 2,7 400 0
1193| 2,7 400 0
1194| 2,7 400 0
1195| 2,7 400 0
1196| 2,7 400 0
1197| 2,7 400 0
1198| 2,7 400 0
1199| 2,7 400 0
1200| 2,7 400 0
1201| 2,7 400 0
1202| 2,7 400 0
1203| 2,7 400 0
1204| 2,7 400 0
1205| 2,7 400 0
1206| 3 400 0
1207| 3 400 0
1208| 3 400 0
1209| 3 400 0
1210| 3 400 0
1211| 3 400 0
1212| 3 400 0
1213| 3 400 0
1214| 3 400 0
1215| 3 400 0
1216| 3 400 0
1217| 3 400 0
1218| 3 400 0
1219| 3 400 0
1220| 3 400 0
1221| 3 400 0
1222| 3 400 0
1223| 3 400 0
1224| 3 400 0
1225| 3 400 0
1226| 3 400 0
1227| 3 400 0
1228| 3 400 0
1229| 3 400 0
1230| 3 400 0
1231| 3 400 0
1232| 3 400 0
1233| 3 400 0
1234| 3 400 0
1235| 3 400 0
1236| 3 400 0
1237| 3 400 0
1238| 3 400 0
1239| 3 400 0
1240| 3 400 0
1241| 0 400 0
1242| -0,3 400 0
1243| -0,3 400 0
1244| -0,3 400 0
1245| -0,3 400 0
1246| -0,3 400 0
1247| -0,3 400 0
1248| -0,3 400 0
1249| -0,3 400 0
1250| -0,3 400 0
1251| -0,3 400 0
1252| -0,3 400 0
1253| -0,3 400 0
1254| -0,3 400 0
1255| -0,3 400 0
1256| -0,3 400 0
1257| -0,3 400 0
1258| -0,3 400 0
1259| -0,3 400 0
1260| -0,3 400 0
1261| -0,3 400 0
1262| -0,3 400 0
1263| -0,3 400 0
1264| -0,3 400 0
1265| -0,3 400 0
1266| -0,3 400 0
1267| -0,3 400 0
1268| -0,3 400 0
1269| -0,3 400 0
1270| -0,3 400 0
1271| -0,3 400 0
1272| -0,3 400 0
1273| -0,3 400 0
1274| -0,3 400 0
1275| -0,3 400 0
1276| -0,3 400 0
1277| -0,3 400 0
1278| -0,3 400 0
1279| 0 400 0
1280| 0,3 400 0
1281| 0,3 400 0
1282| 0,3 400 0
1283| 0,3 400 0
1284| 0,3 400 0
1285| 0,3 400 0
1286| 0,3 400 0
1287| 0,3 400 0
1288| 0,3 400 0
1289| 0,3 400 0
1290| 0,3 400 0
1291| 0,3 400 0
1292| 0,3 400 0
1293| 0,3 400 0
1294| 0,3 400 0
1295| 0,3 400 0
1296| 0,3 400 0
1297| 0,6 400 0
1298| 0,6 400 0
1299| 0,6 400 0
1300| 0,6 400 0
1301| 0,6 400 0
1302| 0,6 400 0
1303| 0,6 400 0
1304| 0,6 400 0
1305| 0,6 400 0
1306| 0,6 400 0
1307| 0,6 400 0
1308| 0,6 400 0
1309| 0,6 400 0
1310| 0,6 400 0
1311| 0,6 400 0
1312| 0,6 400 0
1313| 0,6 400 0
1314| 0,6 400 0
1315| 0,6 400 0
1316| 0,6 400 0
1317| 0,6 400 0
1318| 0,6 400 0
1319| 0,6 400 0
1320| 0,6 400 0
1321| 0,6 400 0
1322| 0,6 400 0
1323| 0,6 400 0
1324| 0,6 400 0
1325| 0,6 400 0
1326| 0,6 400 0
1327| 0,6 400 0
1328| 0,6 400 0
1329| 0,6 400 0
1330| 0,6 400 0
1331| 0,6 400 0
1332| 0,6 400 0
1333| 0,6 400 0
1334| 0,6 400 0
1335| 0,6 400 0
1336| 0,6 400 0
1337| 0,6 400 0
1338| 0,6 400 0
1339| 0,6 400 0
1340| 0,6 400 0
1341| 0,6 400 0
1342| 0,6 400 0
1343| 0,9 400 0
1344| 1,2 400 0
1345| 1,5 400 0
1346| 1,5 400 0
1347| 1,5 400 0
1348| 1,5 400 0
1349| 1,5 400 0
1350| 1,5 400 0
1351| 1,5 400 0
1352| 1,5 400 0
1353| 1,5 400 0
1354| 1,5 400 0
1355| 1,5 400 0
1356| 1,5 400 0
1357| 1,5 400 0
1358| 1,5 400 0
1359| 1,5 400 0
1360| 1,5 400 0
1361| 1,5 400 0
1362| 1,5 400 0
1363| 1,5 400 0
1364| 1,5 400 0
1365| 1,5 400 0
1366| 1,5 400 0
1367| 1,5 400 0
1368| 1,5 400 0
1369| 1,5 400 0
1370| 1,5 400 0
1371| 1,5 400 0
1372| 1,5 400 0
1373| 1,5 400 0
1374| 1,5 400 0
1375| 1,5 400 0
1376| 1,5 400 0
1377| 1,5 400 0
1378| 1,5 400 0
1379| 1,5 400 0
1380| 1,5 400 0
1381| 1,5 400 0
1382| 1,5 400 0
1383| 1,5 400 0
1384| 1,5 400 0
1385| 1,5 400 0
1386| 1,5 400 0
1387| 1,5 400 0
1388| 1,5 400 0
1389| 1,5 400 0
1390| 1,5 400 0
1391| 1,5 400 0
1392| 1,5 400 0
1393| 1,5 400 0
1394| 1,5 400 0
1395| 1,5 400 0
1396| 1,5 400 0
1397| 1,5 400 0
1398| 1,5 400 0
1399| 1,5 400 0
1400| 1,5 400 0
1401| 1,5 400 0
1402| 1,5 400 0
1403| 1,5 400 0
1404| 1,5 400 0
1405| 1,5 400 0
1406| 1,5 400 0
1407| 1,5 400 0
1408| 1,5 400 0
1409| 1,5 400 0
1410| 1,5 400 0
1411| 1,5 400 0
1412| 1,5 400 0
1413| 1,5 400 0
1414| 1,5 400 0
1415| 1,5 400 0
1416| 1,5 400 0
1417| 0 400 0
1418| -0,3 400 0
1419| -0,6 400 0
1420| -0,6 400 0
1421| -0,6 400 0
1422| -0,6 400 0
1423| -0,6 400 0
1424| -0,6 400 0
1425| -0,6 400 0
1426| -0,6 400 0
1427| -0,6 400 0
1428| -0,6 400 0
1429| -0,6 400 0
1430| -0,6 400 0
1431| -0,6 400 0
1432| -0,6 400 0
1433| -0,6 400 0
1434| -0,6 400 0
1435| -0,6 400 0
1436| -0,6 400 0
1437| -0,6 400 0
1438| -0,6 400 0
1439| -0,6 400 0
1440| -0,6 400 0
1441| -0,6 400 0
1442| -0,6 400 0
1443| -0,6 400 0
1444| -0,6 400 0
1445| -0,6 400 0
1446| -0,6 400 0
1447| -0,6 400 0
1448| -0,6 400 0
1449| -0,6 400 0
1450| -0,6 400 0
1451| -0,6 400 0
1452| -0,6 400 0
1453| -0,6 400 0
1454| -0,6 400 0
1455| -0,6 400 0
1456| -0,6 400 0
1457| -0,6 400 0
1458| -0,6 400 0
1459| -0,9 400 0
1460| -1,2 400 0
1461| -1,2 400 0
1462| -1,2 400 0
1463| -1,2 400 0
1464| -1,2 400 0
1465| -1,2 400 0
1466| -1,2 400 0
1467| -1,2 400 0
1468| -1,2 400 0
1469| -1,2 400 0
1470| -1,2 400 0
1471| -1,2 400 0
1472| -1,2 400 0
1473| -1,2 400 0
1474| -1,2 400 0
1475| -1,2 400 0
1476| -1,2 400 0
1477| -1,5 400 0
1478| -1,8 400 0
1479| -2,1 400 0
1480| -2,4 400 0
1481| -2,7 400 0
1482| -2,7 400 0
1483| -2,7 400 0
1484| -2,7 400 0
1485| -2,7 400 0
1486| -2,7 400 0
1487| -2,7 400 0
1488| -2,7 400 0
1489| -2,7 400 0
1490| -2,7 400 0
1491| -2,7 400 0
1492| -2,7 400 0
1493| -2,7 400 0
1494| -2,7 400 0
1495| -2,7 400 0
1496| -2,7 400 0
1497| -2,7 400 0
1498| -2,7 400 0
1499| -2,7 400 0
1500| -2,7 400 0
1501| -2,7 400 0
1502| -2,7 400 0
1503| -2,7 400 0
1504| -2,7 400 0
1505| -2,7 400 0
1506| -2,7 400 0
1507| -2,7 400 0
1508| -2,7 400 0
1509| -2,7 400 0
1510| -2,7 400 0
1511| -2,7 400 0
1512| -2,7 400 0
1513| -2,7 400 0
1514| -2,7 400 0
1515| -2,7 400 0
1516| -2,7 400 0
1517| -2,7 400 0
1518| -2,7 400 0
1519| -2,7 400 0
1520| -2,7 400 0
1521| -2,7 400 0
1522| -2,7 400 0
1523| -2,7 400 0
1524| -2,7 400 0
1525| -2,7 400 0
1526| -2,7 400 0
1527| -2,7 400 0
1528| -2,7 400 0
1529| -2,7 400 0
1530| -2,7 400 0
1531| -2,7 400 0
1532| -2,7 400 0
1533| -2,7 400 0
1534| -2,7 400 0
1535| -2,7 400 0
1536| -2,7 400 0
1537| -2,7 400 0
1538| -2,7 400 0
1539| -2,7 400 0
1540| -2,7 400 0
1541| -2,7 400 0
1542| -2,7 400 0
1543| -2,7 400 0
1544| 0 400 0
1545| 0,3 400 0
1546| 0,6 400 0
1547| 0,6 400 0
1548| 0,6 400 0
1549| 0,6 400 0
1550| 0,6 400 0
1551| 0,6 400 0
1552| 0,6 400 0
1553| 0,6 400 0
1554| 0,6 400 0
1555| 0,6 400 0
1556| 0,6 400 0
1557| 0,6 400 0
1558| 0,6 400 0
1559| 0,6 400 0
1560| 0,6 400 0
1561| 0,6 400 0
1562| 0,6 400 0
1563| 0,6 400 0
1564| 0,6 400 0
1565| 0,6 400 0
1566| 0,6 400 0
1567| 0,6 400 0
1568| 0,6 400 0
1569| 0,6 400 0
1570| 0,6 400 0
1571| 0,6 400 0
1572| 0,6 400 0
1573| 0,6 400 0
1574| 0,6 400 0
1575| 0,6 400 0
1576| 0,6 400 0
1577| 0,6 400 0
1578| 0,6 400 0
1579| 0,6 400 0
1580| 0,6 400 0
1581| 0,6 400 0
1582| 0,6 400 0
1583| 0,6 400 0
1584| 0,6 400 0
1585| 0,6 400 0
1586| 0,6 400 0
1587| 0,6 400 0
1588| 0,6 400 0
1589| 0,6 400 0
1590| 0,6 400 0
1591| 0,6 400 0
1592| 0,6 400 0
1593| 0,6 400 0
1594| 0,6 400 0
1595| 0,6 400 0
1596| 0,6 400 0
1597| 0,6 400 0
1598| 0,6 400 0
1599| 0,6 400 0
1600| 0,6 400 0
1601| 0,6 400 0
1602| 0,6 400 0
1603| 0,6 400 0
1604| 0,6 400 0
1605| 0,6 400 0
1606| 0,6 400 0
1607| 0,6 400 0
1608| 0,6 400 0
1609| 0,6 400 0
1610| 0,6 400 0
1611| 0,6 400 0
1612| 0,6 400 0
1613| 0,6 400 0
1614| 0,6 400 0
1615| 0,6 400 0
1616| 0,6 400 0
1617| 0,6 400 0
1618| 0,6 400 0
1619| 0,6 400 0
1620| 0,6 400 0
1621| 0,6 400 0
1622| 0,6 400 0
1623| 0,6 400 0
1624| 0,6 400 0
1625| 0,6 400 0
1626| 0,6 400 0
1627| 0,6 400 0
1628| 0,6 400 0
1629| 0,6 400 0
1630| 0,6 400 0
1631| 0,6 400 0
1632| 0,6 400 0
1633| 0,6 400 0
1634| 0,6 400 0
1635| 0,6 400 0
1636| 0,6 400 0
1637| 0,6 400 0
1638| 0,6 400 0
1639| 0,9 400 0
1640| 1,2 400 0
1641| 1,5 400 0
1642| 1,8 400 0
1643| 2,1 400 0
1644| 2,4 400 0
1645| 2,4 400 0
1646| 2,4 400 0
1647| 2,4 400 0
1648| 2,4 400 0
1649| 2,4 400 0
1650| 2,4 400 0
1651| 2,4 400 0
1652| 2,4 400 0
1653| 2,4 400 0
1654| 2,4 400 0
1655| 2,4 400 0
1656| 2,4 400 0
1657| 2,4 400 0
1658| 2,4 400 0
1659| 2,7 400 0
1660| 3 400 0
1661| 3,299999 400 0
1662| 3,599999 400 0
1663| 3,899999 400 0
1664| 4,2 400 0
1665| 4,5 400 0
1666| 4,5 400 0
1667| 4,5 400 0
1668| 4,5 400 0
1669| 4,5 400 0
1670| 4,5 400 0
1671| 4,5 400 0
1672| 4,5 400 0
1673| 4,5 400 0
1674| 4,5 400 0
1675| 4,5 400 0
1676| 4,5 400 0
1677| 4,5 400 0
1678| 4,5 400 0
1679| 4,5 400 0
1680| 4,5 400 0
1681| 4,5 400 0
1682| 4,5 400 0
1683| 4,5 400 0
1684| 4,5 400 0
1685| 4,5 400 0
1686| 4,5 400 0
1687| 4,8 400 0
1688| 5,1 400 0
1689| 5,4 400 0
1690| 5,7 400 0
1691| 6 400 0
1692| 6,300001 400 0
1693| 6,300001 400 0
1694| 6,300001 400 0
1695| 6,300001 400 0
1696| 6,300001 400 0
1697| 6,300001 400 0
1698| 6,300001 400 0
1699| 6,300001 400 0
1700| 6,300001 400 0
1701| 6,300001 400 0
1702| 6,300001 400 0
1703| 6,300001 400 0
1704| 6,300001 400 0
1705| 6,300001 400 0
1706| 6,300001 400 0
1707| 6,300001 400 0
1708| 6,300001 400 0
1709| 6,300001 400 0
1710| 6,300001 400 0
1711| 6,300001 400 0
1712| 6,300001 400 0
1713| 6,300001 400 0
1714| 6,300001 400 0
1715| 6,300001 400 0
1716| 6,300001 400 0
1717| 6,300001 400 0
1718| 6,300001 400 0
1719| 6,300001 400 0
1720| 6,300001 400 0
1721| 6,300001 400 0
1722| 6,300001 400 0
1723| 6,300001 400 0
1724| 6,300001 400 0
1725| 6,300001 400 0
1726| 6,300001 400 0
1727| 6,300001 400 0
1728| 6,300001 400 0
1729| 6,300001 400 0
1730| 6,300001 400 0
1731| 6,300001 400 0
1732| 6,300001 400 0
1733| 6,300001 400 0
1734| 6,300001 400 0
1735| 6,300001 400 0
1736| 6,300001 400 0
1737| 6,300001 400 0
1738| 6,300001 400 0
1739| 6,300001 400 0
1740| 6,300001 400 0
1741| 0 400 0
1742| -0,3 400 0
1743| -0,6 400 0
1744| -0,9 400 0
1745| -1,2 400 0
1746| -1,5 400 0
1747| -1,5 400 0
1748| -1,5 400 0
1749| -1,5 400 0
1750| -1,5 400 0
1751| -1,5 400 0
1752| -1,5 400 0
1753| -1,5 400 0
1754| -1,5 400 0
1755| -1,5 400 0
1756| -1,5 400 0
1757| -1,8 400 0
1758| -2,1 400 0
1759| -2,4 400 0
1760| -2,7 400 0
1761| -3 400 0
1762| -3 400 0
1763| -3 400 0
1764| -3 400 0
1765| -3 400 0
1766| -3 400 0
1767| -3 400 0
1768| -3 400 0
1769| -3 400 0
1770| -3 400 0
1771| -3 400 0
1772| -3 400 0
1773| -3 400 0
1774| -3 400 0
1775| -3 400 0
1776| -3 400 0
1777| -3 400 0
1778| -3 400 0
1779| -3 400 0
1780| -3 400 0
1781| -3 400 0
1782| -3 400 0
1783| -3 400 0
1784| 0 400 0
1785| 0,3 400 0
1786| 0,6 400 0
1787| 0,9 400 0
1788| 0,9 400 0
1789| 0,9 400 0
1790| 0,9 400 0
1791| 0,9 400 0
1792| 0,9 400 0
1793| 0,9 400 0
1794| 0,9 400 0
1795| 0,9 400 0
1796| 0,9 400 0
1797| 0,9 400 0
1798| 0,9 400 0
1799| 0,9 400 0
1800| 0,9 400 0
1801| 0,9 400 0
1802| 0,9 400 0
1803| 0,9 400 0
1804| 0,9 400 0
1805| 0,9 400 0
1806| 0,9 400 0
1807| 0,9 400 0
1808| 0,9 400 0
1809| 0,9 400 0
1810| 0,9 400 0
1811| 0,9 400 0
1812| 0,9 400 0
1813| 0,9 400 0
1814| 0,9 400 0
1815| 0,9 400 0
1816| 0,9 400 0
1817| 0,9 400 0
1818| 0,9 400 0
1819| 0,9 400 0
1820| 0,9 400 0
1821| 0,9 400 0
1822| 0,9 400 0
1823| 0,9 400 0
1824| 0,9 400 0
1825| 0,9 400 0
1826| 0,9 400 0
1827| 0,9 400 0
1828| 0,9 400 0
1829| 0 400 0
1830| -0,3 400 0
1831| -0,6 400 0
1832| -0,6 400 0
1833| -0,6 400 0
1834| -0,6 400 0
1835| -0,6 400 0
1836| -0,6 400 0
1837| -0,6 400 0
1838| -0,6 400 0
1839| -0,6 400 0
1840| -0,6 400 0
1841| -0,6 400 0
1842| -0,6 400 0
1843| -0,6 400 0
1844| -0,6 400 0
1845| -0,6 400 0
1846| -0,6 400 0
1847| -0,6 400 0
1848| -0,6 400 0
1849| -0,6 400 0
1850| -0,6 400 0
1851| -0,6 400 0
1852| -0,6 400 0
1853| -0,6 400 0
1854| -0,6 400 0
1855| -0,6 400 0
1856| -0,6 400 0
1857| -0,6 400 0
1858| -0,6 400 0
1859| -0,6 400 0
1860| -0,6 400 0
1861| -0,6 400 0
1862| -0,6 400 0
1863| -0,6 400 0
1864| -0,6 400 0
1865| -0,6 400 0
1866| -0,6 400 0
1867| -0,6 400 0
1868| -0,6 400 0
1869| -0,6 400 0
1870| -0,6 400 0
1871| -0,6 400 0
1872| -0,6 400 0
1873| -0,6 400 0
1874| -0,6 400 0
1875| -0,6 400 0
1876| -0,6 400 0
1877| -0,6 400 0
1878| -0,6 400 0
1879| -0,6 400 0
1880| -0,6 400 0
1881| -0,6 400 0
1882| -0,6 400 0
1883| -0,6 400 0
1884| -0,6 400 0
1885| -0,6 400 0
1886| -0,6 400 0
1887| -0,6 400 0
1888| -0,6 400 0
1889| -0,6 400 0
1890| -0,6 400 0
1891| -0,6 400 0
1892| -0,6 400 0
1893| -0,6 400 0
1894| -0,6 400 0
1895| -0,6 400 0
1896| -0,6 400 0
1897| -0,6 400 0
1898| -0,6 400 0
1899| -0,6 400 0
1900| -0,6 400 0
1901| -0,6 400 0
1902| -0,6 400 0
1903| -0,6 400 0
1904| -0,6 400 0
1905| -0,6 400 0
1906| -0,6 400 0
1907| -0,6 400 0
1908| -0,6 400 0
1909| 0 400 0
1910| 0,3 400 0
1911| 0,6 400 0
1912| 0,9 400 0
1913| 0,9 400 0
1914| 0,9 400 0
1915| 0,9 400 0
1916| 0,9 400 0
1917| 0,9 400 0
1918| 0,9 400 0
1919| 0,9 400 0
1920| 0,9 400 0
1921| 0,9 400 0
1922| 0,9 400 0
1923| 0,9 400 0
1924| 0,9 400 0
1925| 0,9 400 0
1926| 0,9 400 0
1927| 0,9 400 0
1928| 0,9 400 0
1929| 0,9 400 0
1930| 0,9 400 0
1931| 0,9 400 0
1932| 0,9 400 0
1933| 0,9 400 0
1934| 0,9 400 0
1935| 0,9 400 0
1936| 0,9 400 0
1937| 0,9 400 0
1938| 0,9 400 0
1939| 0,9 400 0
1940| 0,9 400 0
1941| 0,9 400 0
1942| 0,9 400 0
1943| 0,9 400 0
1944| 0,9 400 0
1945| 0,9 400 0
1946| 0,9 400 0
1947| 0,9 400 0
1948| 0,9 400 0
1949| 0,9 400 0
1950| 0,9 400 0
1951| 0,9 400 0
1952| 0,9 400 0
1953| 0,9 400 0
1954| 0,9 400 0
1955| 0,9 400 0
1956| 0,9 400 0
1957| 0,9 400 0
1958| 0,9 400 0
1959| 0,9 400 0
1960| 0,9 400 0
1961| 0,9 400 0
1962| 0,9 400 0
1963| 0,9 400 0
1964| 0,9 400 0
1965| 0,9 400 0
1966| 0,9 400 0
1967| 0,9 400 0
1968| 0,9 400 0
1969| 0,9 400 0
1970| 0,9 400 0
1971| 0,9 400 0
1972| 0,9 400 0
1973| 0,9 400 0
1974| 0,9 400 0
1975| 0,9 400 0
1976| 0,9 400 0
1977| 0,9 400 0
1978| 0,9 400 0
1979| 0,9 400 0
1980| 0,9 400 0
1981| 0,9 400 0
1982| 0,9 400 0
1983| 0,9 400 0
1984| 0,9 400 0
1985| 0,9 400 0
1986| 0,9 400 0
1987| 0,9 400 0
1988| 0,9 400 0
1989| 0,9 400 0
1990| 0,9 400 0
1991| 0,9 400 0
1992| 0,9 400 0
1993| 0,9 400 0
1994| 0,9 400 0
1995| 0,9 400 0
1996| 0,9 400 0
1997| 0,9 400 0
1998| 0,9 400 0
1999| 0,9 400 0
2000| 0,9 400 0
2001| 0,9 400 0
2002| 0,9 400 0
2003| 0,9 400 0
2004| 0,9 400 0
2005| 0,9 400 0
2006| 0,9 400 0
2007| 0,9 400 0
2008| 0,9 400 0
2009| 0,9 400 0
2010| 0,9 400 0
2011| 0,9 400 0
2012| 0,9 400 0
2013| 0,9 400 0
2014| 0,9 400 0
2015| 0,9 400 0
2016| 0,9 400 0
2017| 0,9 400 0
2018| 0,9 400 0
2019| 0,9 400 0
2020| 0,9 400 0
2021| 0,9 400 0
2022| 0,9 400 0
2023| 0,9 400 0
2024| 0,9 400 0
2025| 0,9 400 0
2026| 0,9 400 0
2027| 0,9 400 0
2028| 0,9 400 0
2029| 0,9 400 0
2030| 0,9 400 0
2031| 0,9 400 0
2032| 0,9 400 0
2033| 0,9 400 0
2034| 0,9 400 0
2035| 0,9 400 0
2036| 0,9 400 0
2037| 0,9 400 0
2038| 0,9 400 0
2039| 0,9 400 0
2040| 0,9 400 0
2041| 0,9 400 0
2042| 0,9 400 0
2043| 0,9 400 0
2044| 0,9 400 0
2045| 0,9 400 0
2046| 0,9 400 0
2047| 0,9 400 0
2048| 0,9 400 0
2049| 0,9 400 0
2050| 0,9 400 0
2051| 0,9 400 0
2052| 0,9 400 0
2053| 0,9 400 0
2054| 0,9 400 0
2055| 0,9 400 0
2056| 0,9 400 0
2057| 0,9 400 0
2058| 0,9 400 0
2059| 0,9 400 0
2060| 0,9 400 0
2061| 0,9 400 0
2062| 0,9 400 0
2063| 0,9 400 0
2064| 0,9 400 0
2065| 0,9 400 0
2066| 0,9 400 0
2067| 0,9 400 0
2068| 0,9 400 0
2069| 0,9 400 0
2070| 0,9 400 0
2071| 0,9 400 0
2072| 0,9 400 0
2073| 0,9 400 0
2074| 0,9 400 0
2075| 0,9 400 0
2076| 0,9 400 0
2077| 0,9 400 0
2078| 0,9 400 0
2079| 0,9 400 0
2080| 0,9 400 0
2081| 0,9 400 0
2082| 0,9 400 0
2083| 0,9 400 0
2084| 0,9 400 0
2085| 0,9 400 0
2086| 0,9 400 0
2087| 0,9 400 0
2088| 0,9 400 0
2089| 0,9 400 0
2090| 0,9 400 0
2091| 0,9 400 0
2092| 0,9 400 0
2093| 0,9 400 0
2094| 0,9 400 0
2095| 0,9 400 0
2096| 0,9 400 0
2097| 0,9 400 0
2098| 0,9 400 0
2099| 0,9 400 0
2100| 0,9 400 0
2101| 0,9 400 0
2102| 0,9 400 0
2103| 0,9 400 0
2104| 0,9 400 0
2105| 0,9 400 0
2106| 0,9 400 0
2107| 0,9 400 0
2108| 0,9 400 0
2109| 0,9 400 0
2110| 0,9 400 0
2111| 0,9 400 0
2112| 0,9 400 0
2113| 0,9 400 0
2114| 0,9 400 0
2115| 0,9 400 0
2116| 0,9 400 0
2117| 0,9 400 0
2118| 0,9 400 0
2119| 0,9 400 0
2120| 0,9 400 0
2121| 0,9 400 0
2122| 0,9 400 0
2123| 0,9 400 0
2124| 0,9 400 0
2125| 0,9 400 0
2126| 0,9 400 0
2127| 0 400 0
2128| -0,3 400 0
2129| -0,6 400 0
2130| -0,9 400 0
2131| -0,9 400 0
2132| -0,9 400 0
2133| -0,9 400 0
2134| -0,9 400 0
2135| -0,9 400 0
2136| -0,9 400 0
2137| -0,9 400 0
2138| -0,9 400 0
2139| -0,9 400 0
2140| -0,9 400 0
2141| -0,9 400 0
2142| -0,9 400 0
2143| -0,9 400 0
2144| -0,9 400 0
2145| -0,9 400 0
2146| -0,9 400 0
2147| 0 0 0
2148| 0 0 0
2149| 0 0 0
2150| 0 0 0
2151| 0 0 0
2152| 0 0 0
2153| 0 0 0
2154| 0 0 0
2155| 0 0 0
2156| 0 0 0
2157| -0,3 0 0
2158| -0,6 0 0
2159| -0,9 0 0
2160| -1,2 0 0
2161| -1,5 0 0
2162| -1,8 0 0
2163| 0 0 0
2164| 0 0 0
2165| 0 0 0
2166| 0 0 0
2167| 0 0 0
2168| 0 0 0
2169| 0 0 0
2170| 0 0 0
2171| 0 0 0
2172| 0 0 0
2173| 0 0 0
2174| 0 0 0
2175| 0 0 0
2176| 0 0 0
2177| 0 0 0
2178| 0 0 0
2179| 0 0 0
2180| 0 0 0
2181| 0 0 0
2182| 0 0 0
2183| 0 0 0
2184| 0 0 0
2185| 0 0 0
2186| -0,3 0 0
2187| -0,6 0 0
2188| 0 0 0
2189| 0 0 0
2190| 0 0 0
2191| 0 0 0
2192| 0 0 0
2193| 0 4 0
2194| 0 8 0
2195| 0 12 0
2196| 0 0 0
2197| 0 0 0
2198| 0 0 0
2199| 0 0 0
2200| 0 0 0
2201| 0 0 0
2202| 0 0 0
2203| 0 0 0
2204| 0 0 0
2205| 0 0 0
2206| 0 0 0
2207| 0 0 0
2208| 0 0 0
2209| -0,3 0 0
2210| -0,6 0 0
2211| -0,9 0 0
2212| 0 0 0
2213| 0 0 0
2214| 0 0 0
2215| 0 0 0
2216| 0 0 0
2217| 0 0 0
2218| 0 0 0
2219| 0 0 0
2220| 0 0 0
2221| 0 0 0
2222| 0 0 0
2223| 0 0 0
2224| 0 0 0
2225| 0 0 0
2226| 0 0 0
2227| 0 0 0
2228| 0 0 0
2229| 0 0 0
2230| 0 0 0
2231| 0 0 0
2232| 0 0 0
2233| 0 0 0
2234| 0 0 0
2235| 0 0 0
2236| 0 0 0
2237| 0 0 0
2238| 0 0 0
2239| 0 0 0
2240| 0 0 0
2241| 0 0 0
2242| 0 0 0
2243| 0 0 0
2244| 0 0 0
2245| 0 0 0
2246| -0,3 0 0
2247| -0,6 0 0
2248| -0,9 0 0
2249| 0 0 0
2250| 0 0 0
2251| 0 0 0
2252| 0 0 0
2253| 0 0 0
2254| 0 0 0
2255| 0 0 0
2256| 0 0 0
2257| 0 0 0
2258| 0 0 0
2259| 0 0 0
2260| 0 0 0
2261| 0 0 0
2262| 0 0 0
2263| 0 0 0
2264| 0 0 0
2265| 0 0 0
2266| 0 0 0
2267| -0,3 0 0
2268| -0,6 0 0
2269| -0,9 0 0
2270| -1,2 0 0
2271| 0 0 0
2272| 0 0 0
2273| 0 0 0
2274| 0 0 0
2275| 0 0 0
2276| 0 0 0
2277| 0 0 0
2278| 0 0 0
2279| 0 0 0
2280| 0 0 0
2281| 0 0 0
2282| 0 0 0
2283| 0 0 0
2284| 0 0 0
2285| 0 0 0
2286| -0,3 0 0
2287| 0 0 0
2288| 0 0 0
2289| 0 0 0
2290| 0 0 0
2291| 0 0 0
2292| 0 0 0
2293| 0 0 0
2294| 0 0 0
2295| 0 0 0
2296| 0 0 0
2297| -0,3 0 0
2298| -0,6 0 0
2299| -0,9 0 0
2300| -1,2 0 0
2301| -1,5 0 0
2302| -1,8 0 0
2303| -2,1 0 0
2304| -2,4 0 0
2305| -2,7 0 30000
2306| -3 0 30000
2307| -3,299999 0 30000
2308| 0 0 30000
2309| 0 0 30000
2310| 0 0 30000
2311| 0 0 30000
2312| 0 0 0
2313| 0 0 0
2314| 0 0 0
2315| 0 0 0
2316| 0 0 0

