1| 0 0 0
2| 0 0 0
3| 0 0 0
4| 0 0 0
5| 0 0 0
6| 0 0 0
7| 0 0 0
8| 0 0 0
9| 0 0 0
10| 0 0 0
11| 0 0 0
12| 0 0 0
13| 0 0 0
14| 0 4 0
15| 0 8 0
16| 0 12 0
17| 0 16 0
18| 0 20 0
19| 0 24 0
20| 0 28 0
21| 0 32 0
22| 0 36 0
23| 0 40 0
24| 0 43,99999 0
25| 0 47,99999 0
26| 0 51,99999 0
27| 0 55,99999 0
28| 0 60 0
29| 0 64 0
30| 0 68 0
31| 0,3 72 0
32| 0,6 76,00001 0
33| 0,6 80,00001 0
34| 0,6 84,00001 0
35| 0,6 88,00002 0
36| 0,6 92,00002 0
37| 0,9 96,00002 0
38| 1,2 100 0
39| 1,5 104 0
40| 1,8 108 0
41| 2,1 112 0
42| 2,4 116 0
43| 2,7 120 0
44| 3 124 0
45| 3,299999 128 0
46| 3,599999 132 0
47| 3,899999 136 0
48| 4,2 140 0
49| 4,5 144 0
50| 4,8 148 0
51| 5,1 152 0
52| 5,4 156 0
53| 5,7 160 0
54| 6 164 0
55| 6,300001 168 0
56| 6,600001 171,9999 0
57| 6,900001 175,9999 0
58| 7,200001 179,9999 0
59| 7,500001 183,9999 0
60| 7,800001 187,9999 0
61| 8,1 191,9999 0
62| 8,4 195,9999 0
63| 8,7 199,9999 0
64| 8,999999 203,9999 0
65| 9,299999 207,9999 0
66| 9,599998 211,9999 0
67| 9,899999 215,9999 0
68| 10,2 219,9999 0
69| 10,5 223,9999 0
70| 10,8 227,9999 0
71| 10,8 231,9999 0
72| 10,8 235,9999 0
73| 10,8 239,9999 0
74| 10,8 243,9999 0
75| 10,8 247,9999 0
76| 10,8 251,9999 0
77| 10,8 255,9999 0
78| 10,8 259,9999 0
79| 10,8 263,9999 0
80| 10,8 267,9999 0
81| 10,8 271,9998 0
82| 10,8 275,9998 0
83| 10,8 279,9998 0
84| 10,8 283,9998 0
85| 10,8 287,9998 0
86| 10,8 291,9998 0
87| 10,8 295,9998 0
88| 10,8 299,9998 0
89| 10,8 303,9998 0
90| 10,8 307,9998 0
91| 10,8 311,9998 0
92| 10,8 315,9998 0
93| 10,8 319,9998 0
94| 10,8 323,9998 0
95| 10,8 327,9998 0
96| 10,8 331,9998 0
97| 10,8 335,9998 0
98| 10,8 339,9998 0
99| 10,8 343,9998 0
100| 10,8 347,9998 0
101| 10,8 351,9998 0
102| 10,8 355,9998 0
103| 10,8 359,9998 0
104| 10,8 363,9998 0
105| 10,8 367,9998 0
106| 10,8 371,9998 0
107| 10,8 375,9998 0
108| 10,8 379,9998 0
109| 10,8 383,9998 0
110| 10,8 387,9998 0
111| 10,8 391,9998 0
112| 10,8 395,9998 0
113| 10,8 399,9997 0
114| 10,8 403,9998 0
115| 10,8 400 0
116| 10,8 400 0
117| 10,8 400 0
118| 10,8 400 0
119| 10,8 400 0
120| 10,8 400 0
121| 10,8 400 0
122| 10,8 400 0
123| 10,8 400 0
124| 10,8 400 0
125| 10,8 400 0
126| 10,8 400 0
127| 0 400 0
128| -0,3 400 0
129| -0,6 400 0
130| -0,6 400 0
131| -0,6 400 0
132| -0,6 400 0
133| -0,6 400 0
134| -0,6 400 0
135| -0,6 400 0
136| -0,6 400 0
137| -0,9 400 0
138| -1,2 400 0
139| -1,5 400 0
140| -1,8 400 0
141| -2,1 400 0
142| -2,1 400 0
143| -2,1 400 0
144| -2,1 400 0
145| -2,1 400 0
146| -2,1 400 0
147| -2,1 400 0
148| -2,1 400 0
149| -2,1 400 0
150| -2,1 400 0
151| -2,1 400 0
152| -2,1 400 0
153| -2,1 400 0
154| -2,1 400 0
155| -2,1 400 0
156| -2,1 400 0
157| -2,1 400 0
158| -2,1 400 0
159| -2,1 400 0
160| -2,1 400 0
161| -2,1 400 0
162| -2,1 400 0
163| -2,1 400 0
164| -2,1 400 0
165| -2,1 400 0
166| -2,1 400 0
167| -2,1 400 0
168| -2,1 400 0
169| -2,1 400 0
170| -2,1 400 0
171| -2,1 400 0
172| -2,1 400 0
173| -2,1 400 0
174| -2,1 400 0
175| -2,4 400 0
176| -2,7 400 0
177| -3 400 0
178| -3 400 0
179| -3 400 0
180| -3 400 0
181| -3 400 0
182| -3 400 0
183| -3,299999 400 0
184| -3,599999 400 0
185| -3,899999 400 0
186| -4,2 400 0
187| -4,5 400 0
188| -4,8 400 0
189| -5,1 400 0
190| -5,4 400 0
191| -5,7 400 0
192| -6 400 0
193| -6,300001 400 0
194| -6,600001 400 0
195| -6,900001 400 0
196| -7,200001 400 0
197| -7,500001 400 0
198| -7,800001 400 0
199| -8,1 400 0
200| -8,4 400 0
201| -8,7 400 0
202| -8,999999 400 0
203| -9,299999 400 0
204| -9,599998 400 0
205| -9,899999 400 0
206| -10,2 400 0
207| -10,5 400 0
208| -10,8 400 0
209| -11,1 400 0
210| -11,4 400 0
211| -11,7 400 0
212| -12 400 0
213| -12,3 400 0
214| -12,6 400 0
215| -12,9 400 0
216| -13,2 400 0
217| -13,5 400 0
218| -13,79999 400 0
219| -14,09999 400 0
220| -14,39999 400 0
221| -14,69999 400 0
222| -14,99999 400 0
223| -15,29999 400 0
224| -15,59999 400 0
225| -15,89999 400 0
226| -16,19999 400 0
227| -16,49999 400 0
228| -16,79999 400 0
229| -17,09999 400 0
230| -17,39999 400 0
231| -17,69999 400 0
232| -17,99999 400 0
233| -18,29999 400 0
234| -18,59999 400 0
235| -18,89999 400 0
236| -19,19999 400 0
237| -19,49999 400 0
238| -19,79999 400 0
239| -19,79999 400 0
240| -19,79999 400 0
241| -19,79999 400 0
242| -19,79999 400 0
243| -19,79999 400 0
244| -19,79999 400 0
245| -19,79999 400 0
246| -19,79999 400 0
247| -19,79999 400 0
248| -19,79999 400 0
249| -19,79999 400 0
250| 0 400 0
251| 0,3 400 0
252| 0,6 400 0
253| 0,6 400 0
254| 0,6 400 0
255| 0,6 400 0
256| 0,6 400 0
257| 0,6 400 0
258| 0,6 400 0
259| 0,6 400 0
260| 0,6 400 0
261| 0,6 400 0
262| 0,6 400 0
263| 0,6 400 0
264| 0,6 400 0
265| 0 400 0
266| -0,3 400 0
267| -0,6 400 0
268| -0,9 400 0
269| -0,9 400 0
270| -0,9 400 0
271| -0,9 400 0
272| -0,9 400 0
273| -0,9 400 0
274| -0,9 400 0
275| -0,9 400 0
276| -0,9 400 0
277| -0,9 400 0
278| -0,9 400 0
279| -0,9 400 0
280| -0,9 400 0
281| -0,9 400 0
282| -0,9 400 0
283| -0,9 400 0
284| -0,9 400 0
285| -0,9 400 0
286| -0,9 400 0
287| -0,9 400 0
288| -0,9 400 0
289| -0,9 400 0
290| -1,2 400 0
291| -1,5 400 0
292| -1,5 400 0
293| -1,5 400 0
294| -1,5 400 0
295| -1,5 400 0
296| -1,5 400 0
297| -1,5 400 0
298| -1,5 400 0
299| -1,5 400 0
300| -1,5 400 0
301| -1,5 400 0
302| -1,5 400 0
303| -1,5 400 0
304| -1,5 400 0
305| -1,5 400 0
306| -1,5 400 0
307| 0 400 0
308| 0 400 0
309| 0 400 0
310| 0 400 0
311| 0 400 0
312| 0 400 0
313| 0 400 0
314| 0 400 0
315| 0 400 0
316| 0 400 0
317| 0 400 0
318| 0 400 0
319| 0 400 0
320| 0 400 0
321| 0 400 0
322| 0 400 0
323| 0 400 0
324| 0 400 0
325| 0 400 0
326| 0 400 0
327| 0 400 0
328| 0 400 0
329| 0 400 0
330| 0 400 0
331| 0 400 0
332| 0 400 0
333| 0 400 0
334| 0 400 0
335| 0 400 0
336| 0 400 0
337| 0,3 400 0
338| 0,6 400 0
339| 0,6 400 0
340| 0,6 400 0
341| 0,6 400 0
342| 0,6 400 0
343| 0,6 400 0
344| 0,6 400 0
345| 0,6 400 0
346| 0,6 400 0
347| 0,6 400 0
348| 0,6 400 0
349| 0,6 400 0
350| 0,6 400 0
351| 0,6 400 0
352| 0,6 400 0
353| 0,6 400 0
354| 0,6 400 0
355| 0,6 400 0
356| 0,6 400 0
357| 0,6 400 0
358| 0,6 400 0
359| 0,6 400 0
360| 0,6 400 0
361| 0,6 400 0
362| 0,6 400 0
363| 0,6 400 0
364| 0,6 400 0
365| 0,6 400 0
366| 0,6 400 0
367| 0,6 400 0
368| 0,6 400 0
369| 0,6 400 0
370| 0,6 400 0
371| 0,6 400 0
372| 0,6 400 0
373| 0,6 400 0
374| 0,6 400 0
375| 0,6 400 0
376| 0,6 400 0
377| 0,6 400 0
378| 0,6 400 0
379| 0,6 400 0
380| 0,6 400 0
381| 0,6 400 0
382| 0,6 400 0
383| 0,6 400 0
384| 0,6 400 0
385| 0,6 400 0
386| 0,6 400 0
387| 0,6 400 0
388| 0,6 400 0
389| 0,6 400 0
390| 0,6 400 0
391| 0,6 400 0
392| 0,6 400 0
393| 0,6 400 0
394| 0,6 400 0
395| 0,6 400 0
396| 0,6 400 0
397| 0,6 400 0
398| 0,6 400 0
399| 0,6 400 0
400| 0,6 400 0
401| 0,6 400 0
402| 0,6 400 0
403| 0,6 400 0
404| 0,6 400 0
405| 0,6 400 0
406| 0,6 400 0
407| 0,6 400 0
408| 0,6 400 0
409| 0,6 400 0
410| 0,6 400 0
411| 0,6 400 0
412| 0,6 400 0
413| 0,6 400 0
414| 0,6 400 0
415| 0,6 400 0
416| 0,6 400 0
417| 0,6 400 0
418| 0,6 400 0
419| 0,6 400 0
420| 0,6 400 0
421| 0,6 400 0
422| 0,6 400 0
423| 0,6 400 0
424| 0,6 400 0
425| 0,6 400 0
426| 0,6 400 0
427| 0,6 400 0
428| 0,6 400 0
429| 0,6 400 0
430| 0,6 400 0
431| 0,6 400 0
432| 0,6 400 0
433| 0,6 400 0
434| 0,6 400 0
435| 0,6 400 0
436| 0,6 400 0
437| 0,6 400 0
438| 0,6 400 0
439| 0,6 400 0
440| 0,6 400 0
441| 0,6 400 0
442| 0,6 400 0
443| 0,6 400 0
444| 0,6 400 0
445| 0,6 400 0
446| 0,6 400 0
447| 0,6 400 0
448| 0,6 400 0
449| 0,6 400 0
450| 0,6 400 0
451| 0,6 400 0
452| 0,6 400 0
453| 0,6 400 0
454| 0,6 400 0
455| 0,6 400 0
456| 0,6 400 0
457| 0,6 400 0
458| 0,6 400 0
459| 0,6 400 0
460| 0,6 400 0
461| 0,6 400 0
462| 0,6 400 0
463| 0,6 400 0
464| 0,6 400 0
465| 0,6 400 0
466| 0,6 400 0
467| 0,6 400 0
468| 0,6 400 0
469| 0,9 400 0
470| 1,2 400 0
471| 1,5 400 0
472| 1,5 400 0
473| 1,5 400 0
474| 1,5 400 0
475| 1,5 400 0
476| 1,5 400 0
477| 1,5 400 0
478| 1,5 400 0
479| 1,5 400 0
480| 1,5 400 0
481| 1,5 400 0
482| 1,5 400 0
483| 1,5 400 0
484| 1,8 400 0
485| 2,1 400 0
486| 2,1 400 0
487| 2,1 400 0
488| 2,1 400 0
489| 2,1 400 0
490| 2,1 400 0
491| 2,1 400 0
492| 2,1 400 0
493| 2,1 400 0
494| 2,1 400 0
495| 2,1 400 0
496| 2,1 400 0
497| 2,1 400 0
498| 2,1 400 0
499| 2,4 400 0
500| 2,4 400 0
501| 2,4 400 0
502| 2,4 400 0
503| 2,4 400 0
504| 2,4 400 0
505| 2,4 400 0
506| 2,4 400 0
507| 2,4 400 0
508| 2,4 400 0
509| 2,4 400 0
510| 2,4 400 0
511| 2,4 400 0
512| 2,4 400 0
513| 2,4 400 0
514| 2,4 400 0
515| 2,4 400 0
516| 2,4 400 0
517| 2,4 400 0
518| 2,4 400 0
519| 2,4 400 0
520| 2,4 400 0
521| 2,4 400 0
522| 2,4 400 0
523| 2,4 400 0
524| 2,4 400 0
525| 2,4 400 0
526| 2,4 400 0
527| 2,4 400 0
528| 2,4 400 0
529| 2,4 400 0
530| 2,4 400 0
531| 2,4 400 0
532| 2,4 400 0
533| 2,4 400 0
534| 2,4 400 0
535| 2,4 400 0
536| 2,4 400 0
537| 2,4 400 0
538| 2,4 400 0
539| 2,4 400 0
540| 2,4 400 0
541| 2,4 400 0
542| 2,4 400 0
543| 2,4 400 0
544| 2,4 400 0
545| 2,4 400 0
546| 2,4 400 0
547| 2,4 400 0
548| 2,4 400 0
549| 2,4 400 0
550| 2,4 400 0
551| 2,4 400 0
552| 2,4 400 0
553| 2,4 400 0
554| 2,4 400 0
555| 2,4 400 0
556| 2,4 400 0
557| 2,4 400 0
558| 2,4 400 0
559| 2,4 400 0
560| 2,4 400 0
561| 2,4 400 0
562| 2,4 400 0
563| 2,4 400 0
564| 2,4 400 0
565| 2,4 400 0
566| 2,4 400 0
567| 2,4 400 0
568| 2,4 400 0
569| 2,4 400 0
570| 2,4 400 0
571| 2,4 400 0
572| 2,4 400 0
573| 2,4 400 0
574| 2,4 400 0
575| 2,4 400 0
576| 2,4 400 0
577| 2,4 400 0
578| 2,4 400 0
579| 2,4 400 0
580| 2,4 400 0
581| 2,4 400 0
582| 2,4 400 0
583| 2,4 400 0
584| 2,4 400 0
585| 2,4 400 0
586| 2,4 400 0
587| 2,4 400 0
588| 2,4 400 0
589| 2,4 400 0
590| 2,4 400 0
591| 2,4 400 0
592| 2,4 400 0
593| 2,4 400 0
594| 2,4 400 0
595| 2,4 400 0
596| 2,4 400 0
597| 2,4 400 0
598| 2,4 400 0
599| 2,4 400 0
600| 2,4 400 0
601| 2,4 400 0
602| 2,4 400 0
603| 2,4 400 0
604| 2,4 400 0
605| 2,4 400 0
606| 2,4 400 0
607| 2,4 400 0
608| 2,4 400 0
609| 2,4 400 0
610| 2,4 400 0
611| 2,4 400 0
612| 2,4 400 0
613| 2,4 400 0
614| 2,4 400 0
615| 2,4 400 0
616| 2,4 400 0
617| 2,4 400 0
618| 2,4 400 0
619| 2,4 400 0
620| 2,4 400 0
621| 2,4 400 0
622| 2,4 400 0
623| 2,4 400 0
624| 2,4 400 0
625| 2,4 400 0
626| 2,4 400 0
627| 2,4 400 0
628| 2,4 400 0
629| 2,4 400 0
630| 2,4 400 0
631| 2,4 400 0
632| 2,4 400 0
633| 2,4 400 0
634| 2,4 400 0
635| 2,4 400 0
636| 2,4 400 0
637| 2,4 400 0
638| 2,4 400 0
639| 2,4 400 0
640| 2,4 400 0
641| 2,4 400 0
642| 2,4 400 0
643| 2,4 400 0
644| 2,4 400 0
645| 2,4 400 0
646| 2,4 400 0
647| 2,4 400 0
648| 2,4 400 0
649| 2,4 400 0
650| 2,4 400 0
651| 2,4 400 0
652| 2,4 400 0
653| 2,4 400 0
654| 2,4 400 0
655| 2,4 400 0
656| 2,4 400 0
657| 2,4 400 0
658| 2,4 400 0
659| 2,4 400 0
660| 2,4 400 0
661| 2,4 400 0
662| 2,4 400 0
663| 2,4 400 0
664| 2,4 400 0
665| 2,4 400 0
666| 2,4 400 0
667| 2,4 400 0
668| 2,4 400 0
669| 2,4 400 0
670| 2,4 400 0
671| 2,4 400 0
672| 2,4 400 0
673| 2,4 400 0
674| 2,4 400 0
675| 2,4 400 0
676| 2,4 400 0
677| 2,4 400 0
678| 2,4 400 0
679| 2,4 400 0
680| 2,4 400 0
681| 2,4 400 0
682| 2,4 400 0
683| 2,4 400 0
684| 2,4 400 0
685| 2,4 400 0
686| 2,4 400 0
687| 2,4 400 0
688| 2,4 400 0
689| 2,4 400 0
690| 2,4 400 0
691| 2,4 400 0
692| 2,4 400 0
693| 2,4 400 0
694| 2,4 400 0
695| 2,4 400 0
696| 2,4 400 0
697| 2,4 400 0
698| 2,4 400 0
699| 2,4 400 0
700| 2,4 400 0
701| 2,4 400 0
702| 2,4 400 0
703| 2,4 400 0
704| 0 400 0
705| -0,3 400 0
706| -0,6 400 0
707| -0,6 400 0
708| -0,6 400 0
709| -0,6 400 0
710| -0,6 400 0
711| -0,6 400 0
712| -0,6 400 0
713| -0,6 400 0
714| -0,6 400 0
715| -0,6 400 0
716| -0,6 400 0
717| -0,6 400 0
718| -0,6 400 0
719| -0,6 400 0
720| -0,6 400 0
721| -0,6 400 0
722| -0,6 400 0
723| -0,6 400 0
724| -0,6 400 0
725| -0,6 400 0
726| -0,6 400 0
727| -0,6 400 0
728| -0,6 400 0
729| -0,6 400 0
730| -0,6 400 0
731| -0,6 400 0
732| -0,6 400 0
733| -0,6 400 0
734| -0,6 400 0
735| -0,6 400 0
736| -0,6 400 0
737| -0,6 400 0
738| -0,6 400 0
739| -0,6 400 0
740| -0,6 400 0
741| -0,6 400 0
742| -0,6 400 0
743| -0,6 400 0
744| -0,6 400 0
745| -0,6 400 0
746| -0,6 400 0
747| -0,6 400 0
748| -0,6 400 0
749| -0,6 400 0
750| -0,6 400 0
751| -0,6 400 0
752| -0,6 400 0
753| -0,6 400 0
754| -0,6 400 0
755| -0,6 400 0
756| -0,6 400 0
757| -0,6 400 0
758| -0,6 400 0
759| -0,6 400 0
760| -0,6 400 0
761| -0,6 400 0
762| -0,6 400 0
763| -0,6 400 0
764| -0,6 400 0
765| -0,6 400 0
766| -0,6 400 0
767| -0,6 400 0
768| -0,6 400 0
769| -0,6 400 0
770| -0,6 400 0
771| -0,6 400 0
772| -0,6 400 0
773| -0,6 400 0
774| -0,6 400 0
775| -0,6 400 0
776| -0,6 400 0
777| -0,6 400 0
778| -0,6 400 0
779| -0,6 400 0
780| -0,6 400 0
781| -0,6 400 0
782| -0,6 400 0
783| -0,6 400 0
784| -0,6 400 0
785| -0,6 400 0
786| -0,6 400 0
787| -0,6 400 0
788| -0,6 400 0
789| -0,6 400 0
790| -0,6 400 0
791| -0,6 400 0
792| -0,6 400 0
793| -0,6 400 0
794| -0,6 400 0
795| -0,6 400 0
796| -0,6 400 0
797| -0,6 400 0
798| -0,6 400 0
799| -0,6 400 0
800| -0,6 400 0
801| -0,6 400 0
802| -0,6 400 0
803| -0,6 400 0
804| -0,6 400 0
805| -0,6 400 0
806| -0,6 400 0
807| -0,6 400 0
808| -0,6 400 0
809| -0,6 400 0
810| -0,6 400 0
811| -0,6 400 0
812| -0,6 400 0
813| -0,6 400 0
814| -0,6 400 0
815| -0,6 400 0
816| -0,6 400 0
817| -0,6 400 0
818| -0,6 400 0
819| -0,6 400 0
820| -0,6 400 0
821| -0,6 400 0
822| -0,6 400 0
823| -0,6 400 0
824| -0,6 400 0
825| -0,6 400 0
826| -0,6 400 0
827| -0,6 400 0
828| -0,6 400 0
829| -0,6 400 0
830| -0,6 400 0
831| -0,6 400 0
832| -0,6 400 0
833| -0,6 400 0
834| -0,6 400 0
835| -0,6 400 0
836| -0,6 400 0
837| -0,6 400 0
838| -0,6 400 0
839| -0,6 400 0
840| -0,6 400 0
841| -0,6 400 0
842| -0,6 400 0
843| -0,6 400 0
844| -0,6 400 0
845| -0,6 400 0
846| -0,6 400 0
847| -0,6 400 0
848| -0,6 400 0
849| -0,6 400 0
850| -0,6 400 0
851| -0,6 400 0
852| -0,6 400 0
853| -0,6 400 0
854| -0,6 400 0
855| -0,6 400 0
856| -0,6 400 0
857| -0,6 400 0
858| -0,6 400 0
859| -0,6 400 0
860| -0,6 400 0
861| -0,6 400 0
862| -0,6 400 0
863| -0,6 400 0
864| -0,6 400 0
865| -0,6 400 0
866| -0,6 400 0
867| -0,6 400 0
868| -0,6 400 0
869| -0,6 400 0
870| -0,6 400 0
871| -0,6 400 0
872| -0,6 400 0
873| -0,6 400 0
874| -0,6 400 0
875| -0,6 400 0
876| -0,6 400 0
877| -0,6 400 0
878| -0,6 400 0
879| -0,6 400 0
880| -0,6 400 0
881| -0,6 400 0
882| -0,6 400 0
883| -0,6 400 0
884| -0,6 400 0
885| -0,6 400 0
886| -0,6 400 0
887| -0,6 400 0
888| -0,6 400 0
889| -0,6 400 0
890| -0,6 400 0
891| -0,6 400 0
892| -0,6 400 0
893| -0,6 400 0
894| -0,6 400 0
895| -0,6 400 0
896| -0,6 400 0
897| -0,6 400 0
898| -0,6 400 0
899| -0,6 400 0
900| -0,6 400 0
901| -0,6 400 0
902| -0,6 400 0
903| -0,6 400 0
904| -0,6 400 0
905| -0,6 400 0
906| -0,6 400 0
907| -0,6 400 0
908| -0,6 400 0
909| -0,6 400 0
910| -0,6 400 0
911| -0,6 400 0
912| 0 400 0
913| 0,3 400 0
914| 0,6 400 0
915| 0,9 400 0
916| 0,9 400 0
917| 0,9 400 0
918| 0,9 400 0
919| 0,9 400 0
920| 0,9 400 0
921| 0,9 400 0
922| 0,9 400 0
923| 0,9 400 0
924| 0,9 400 0
925| 0,9 400 0
926| 0,9 400 0
927| 0,9 400 0
928| 0,9 400 0
929| 0,9 400 0
930| 0,9 400 0
931| 0,9 400 0
932| 0,9 400 0
933| 0,9 400 0
934| 0,9 400 0
935| 0,9 400 0
936| 0,9 400 0
937| 0,9 400 0
938| 0,9 400 0
939| 0,9 400 0
940| 0,9 400 0
941| 0,9 400 0
942| 0,9 400 0
943| 0,9 400 0
944| 0,9 400 0
945| 0,9 400 0
946| 0,9 400 0
947| 0,9 400 0
948| 0,9 400 0
949| 0,9 400 0
950| 0,9 400 0
951| 0,9 400 0
952| 0,9 400 0
953| 0,9 400 0
954| 0,9 400 0
955| 0,9 400 0
956| 0,9 400 0
957| 0,9 400 0
958| 0,9 400 0
959| 0,9 400 0
960| 0,9 400 0
961| 0,9 400 0
962| 0,9 400 0
963| 0,9 400 0
964| 0,9 400 0
965| 0,9 400 0
966| 0,9 400 0
967| 0,9 400 0
968| 0,9 400 0
969| 0,9 400 0
970| 0,9 400 0
971| 0,9 400 0
972| 0,9 400 0
973| 0,9 400 0
974| 0,9 400 0
975| 0,9 400 0
976| 0,9 400 0
977| 0,9 400 0
978| 0,9 400 0
979| 0,9 400 0
980| 0,9 400 0
981| 0,9 400 0
982| 0,9 400 0
983| 0,9 400 0
984| 0,9 400 0
985| 0,9 400 0
986| 0,9 400 0
987| 0,9 400 0
988| 0,9 400 0
989| 0,9 400 0
990| 0,9 400 0
991| 0,9 400 0
992| 0,9 400 0
993| 0,9 400 0
994| 0,9 400 0
995| 0,9 400 0
996| 0,9 400 0
997| 0,9 400 0
998| 0,9 400 0
999| 0,9 400 0
1000| 0,9 400 0
1001| 0,9 400 0
1002| 0,9 400 0
1003| 0,9 400 0
1004| 0,9 400 0
1005| 0,9 400 0
1006| 0,9 400 0
1007| 0,9 400 0
1008| 0,9 400 0
1009| 0,9 400 0
1010| 0,9 400 0
1011| 0,9 400 0
1012| 0,9 400 0
1013| 0,9 400 0
1014| 0,9 400 0
1015| 0,9 400 0
1016| 0,9 400 0
1017| 0,9 400 0
1018| 0,9 400 0
1019| 0,9 400 0
1020| 0,9 400 0
1021| 0,9 400 0
1022| 0,9 400 0
1023| 0,9 400 0
1024| 0,9 400 0
1025| 0,9 400 0
1026| 0,9 400 0
1027| 0,9 400 0
1028| 0,9 400 0
1029| 0,9 400 0
1030| 0,9 400 0
1031| 0,9 400 0
1032| 0,9 400 0
1033| 0,9 400 0
1034| 0,9 400 0
1035| 0,9 400 0
1036| 0,9 400 0
1037| 0,9 400 0
1038| 0,9 400 0
1039| 0,9 400 0
1040| 0,9 400 0
1041| 0,9 400 0
1042| 0,9 400 0
1043| 0,9 400 0
1044| 0,9 400 0
1045| 0,9 400 0
1046| 0,9 400 0
1047| 0,9 400 0
1048| 0,9 400 0
1049| 0,9 400 0
1050| 0,9 400 0
1051| 0,9 400 0
1052| 0,9 400 0
1053| 0,9 400 0
1054| 0,9 400 0
1055| 0,9 400 0
1056| 0,9 400 0
1057| 0,9 400 0
1058| 0,9 400 0
1059| 0,9 400 0
1060| 0,9 400 0
1061| 0,9 400 0
1062| 0,9 400 0
1063| 0,9 400 0
1064| 0,9 400 0
1065| 0,9 400 0
1066| 1,2 400 0
1067| 1,5 400 0
1068| 1,8 400 0
1069| 2,1 400 0
1070| 2,4 400 0
1071| 2,7 400 0
1072| 2,7 400 0
1073| 2,7 400 0
1074| 2,7 400 0
1075| 2,7 400 0
1076| 2,7 400 0
1077| 3 400 0
1078| 3,299999 400 0
1079| 3,599999 400 0
1080| 3,899999 400 0
1081| 4,2 400 0
1082| 4,2 400 0
1083| 4,2 400 0
1084| 4,2 400 0
1085| 4,2 400 0
1086| 4,2 400 0
1087| 4,2 400 0
1088| 4,2 400 0
1089| 4,2 400 0
1090| 4,2 400 0
1091| 4,2 400 0
1092| 4,2 400 0
1093| 4,2 400 0
1094| 4,2 400 0
1095| 4,2 400 0
1096| 4,2 400 0
1097| 4,2 400 0
1098| 4,2 400 0
1099| 4,2 400 0
1100| 4,2 400 0
1101| 4,2 400 0
1102| 4,2 400 0
1103| 4,2 400 0
1104| 4,2 400 0
1105| 4,2 400 0
1106| 4,2 400 0
1107| 4,2 400 0
1108| 4,2 400 0
1109| 4,2 400 0
1110| 4,2 400 0
1111| 4,2 400 0
1112| 4,2 400 0
1113| 4,2 400 0
1114| 4,2 400 0
1115| 4,2 400 0
1116| 4,2 400 0
1117| 4,2 400 0
1118| 4,2 400 0
1119| 4,2 400 0
1120| 4,2 400 0
1121| 4,2 400 0
1122| 4,2 400 0
1123| 4,2 400 0
1124| 4,2 400 0
1125| 4,2 400 0
1126| 4,2 400 0
1127| 4,2 400 0
1128| 4,2 400 0
1129| 4,2 400 0
1130| 4,2 400 0
1131| 4,2 400 0
1132| 4,2 400 0
1133| 4,2 400 0
1134| 4,2 400 0
1135| 4,2 400 0
1136| 4,2 400 0
1137| 4,2 400 0
1138| 4,2 400 0
1139| 4,2 400 0
1140| 4,2 400 0
1141| 4,2 400 0
1142| 4,2 400 0
1143| 4,2 400 0
1144| 4,2 400 0
1145| 4,2 400 0
1146| 4,2 400 0
1147| 4,2 400 0
1148| 4,2 400 0
1149| 4,2 400 0
1150| 4,2 400 0
1151| 4,2 400 0
1152| 4,2 400 0
1153| 4,2 400 0
1154| 4,2 400 0
1155| 0 400 0
1156| -0,3 400 0
1157| -0,6 400 0
1158| -0,9 400 0
1159| -1,2 400 0
1160| -1,5 400 0
1161| -1,5 400 0
1162| -1,5 400 0
1163| -1,5 400 0
1164| -1,5 400 0
1165| -1,5 400 0
1166| -1,5 400 0
1167| -1,8 400 0
1168| -2,1 400 0
1169| -2,4 400 0
1170| -2,7 400 0
1171| -3 400 0
1172| -3 400 0
1173| -3 400 0
1174| -3 400 0
1175| -3 400 0
1176| -3 400 0
1177| -3 400 0
1178| -3 400 0
1179| -3 400 0
1180| -3 400 0
1181| -3 400 0
1182| -3 400 0
1183| -3 400 0
1184| -3 400 0
1185| -3 400 0
1186| -3 400 0
1187| -3 400 0
1188| -3 400 0
1189| -3 400 0
1190| -3 400 0
1191| -3 400 0
1192| -3 400 0
1193| -3 400 0
1194| -3 400 0
1195| -3 400 0
1196| -3 400 0
1197| 0 400 0
1198| 0,3 400 0
1199| 0,6 400 0
1200| 0,9 400 0
1201| 0,9 400 0
1202| 0,9 400 0
1203| 0,9 400 0
1204| 0,9 400 0
1205| 0,9 400 0
1206| 0,9 400 0
1207| 0,9 400 0
1208| 0,9 400 0
1209| 0,9 400 0
1210| 0,9 400 0
1211| 0,9 400 0
1212| 0,9 400 0
1213| 0,9 400 0
1214| 0,9 400 0
1215| 0,9 400 0
1216| 0,9 400 0
1217| 0,9 400 0
1218| 0,9 400 0
1219| 0,9 400 0
1220| 0,9 400 0
1221| 0,9 400 0
1222| 0,9 400 0
1223| 0,9 400 0
1224| 0,9 400 0
1225| 0,9 400 0
1226| 0,9 400 0
1227| 0 400 0
1228| -0,3 400 0
1229| -0,6 400 0
1230| -0,9 400 0
1231| -0,9 400 0
1232| -0,9 400 0
1233| -0,9 400 0
1234| -0,9 400 0
1235| -0,9 400 0
1236| -0,9 400 0
1237| -0,9 400 0
1238| -0,9 400 0
1239| -0,9 400 0
1240| -0,9 400 0
1241| -0,9 400 0
1242| -0,9 400 0
1243| -0,9 400 0
1244| -0,9 400 0
1245| -0,9 400 0
1246| -0,9 400 0
1247| -0,9 400 0
1248| -0,9 400 0
1249| -0,9 400 0
1250| -0,9 400 0
1251| -0,9 400 0
1252| -0,9 400 0
1253| -0,9 400 0
1254| -0,9 400 0
1255| -0,9 400 0
1256| -0,9 400 0
1257| -0,9 400 0
1258| -1,2 400 0
1259| -1,5 400 0
1260| -1,8 400 0
1261| -2,1 400 0
1262| -2,4 400 0
1263| -2,7 400 0
1264| -2,7 400 0
1265| -2,7 400 0
1266| -2,7 400 0
1267| -2,7 400 0
1268| -2,7 400 0
1269| -2,7 400 0
1270| -2,7 400 0
1271| -2,7 400 0
1272| -2,7 400 0
1273| -2,7 400 0
1274| -2,7 400 0
1275| -2,7 400 0
1276| -2,7 400 0
1277| -2,7 400 0
1278| -2,7 400 0
1279| -2,7 400 0
1280| -2,7 400 0
1281| -2,7 400 0
1282| -2,7 400 0
1283| -2,7 400 0
1284| -2,7 400 0
1285| -2,7 400 0
1286| -2,7 400 0
1287| -2,7 400 0
1288| -2,7 400 0
1289| -2,7 400 0
1290| -2,7 400 0
1291| -2,7 400 0
1292| -2,7 400 0
1293| -2,7 400 0
1294| -2,7 400 0
1295| -2,7 400 0
1296| -2,7 400 0
1297| -2,7 400 0
1298| -2,7 400 0
1299| -2,7 400 0
1300| -2,7 400 0
1301| -2,7 400 0
1302| -2,7 400 0
1303| -2,7 400 0
1304| -2,7 400 0
1305| -2,7 400 0
1306| -2,7 400 0
1307| -2,7 400 0
1308| -2,7 400 0
1309| -2,7 400 0
1310| -2,7 400 0
1311| -2,7 400 0
1312| -2,7 400 0
1313| -2,7 400 0
1314| -2,7 400 0
1315| -2,7 400 0
1316| -2,7 400 0
1317| -2,7 400 0
1318| -2,7 400 0
1319| -2,7 400 0
1320| -2,7 400 0
1321| -2,7 400 0
1322| -2,7 400 0
1323| -2,7 400 0
1324| -2,7 400 0
1325| -2,7 400 0
1326| -2,7 400 0
1327| -2,7 400 0
1328| -2,7 400 0
1329| -2,7 400 0
1330| -2,7 400 0
1331| -2,7 400 0
1332| -2,7 400 0
1333| -2,7 400 0
1334| -2,7 400 0
1335| -2,7 400 0
1336| -2,7 400 0
1337| -2,7 400 0
1338| -2,7 400 0
1339| -2,7 400 0
1340| -2,7 400 0
1341| -2,7 400 0
1342| -2,7 400 0
1343| -2,7 400 0
1344| -2,7 400 0
1345| -2,7 400 0
1346| -2,7 400 0
1347| -2,7 400 0
1348| -2,7 400 0
1349| -2,7 400 0
1350| -2,7 400 0
1351| -2,7 400 0
1352| -2,7 400 0
1353| -2,7 400 0
1354| -2,7 400 0
1355| -2,7 400 0
1356| -2,7 400 0
1357| -2,7 400 0
1358| -2,7 400 0
1359| -2,7 400 0
1360| -2,7 400 0
1361| -2,7 400 0
1362| -2,7 400 0
1363| -2,7 400 0
1364| -2,7 400 0
1365| -2,7 400 0
1366| -2,7 400 0
1367| -2,7 400 0
1368| -2,7 400 0
1369| -2,7 400 0
1370| -2,7 400 0
1371| -2,7 400 0
1372| -2,7 400 0
1373| -2,7 400 0
1374| -2,7 400 0
1375| -2,7 400 0
1376| -2,7 400 0
1377| -2,7 400 0
1378| -2,7 400 0
1379| -2,7 400 0
1380| -2,7 400 0
1381| -2,7 400 0
1382| -2,7 400 0
1383| -2,7 400 0
1384| -2,7 400 0
1385| -2,7 400 0
1386| -2,7 400 0
1387| -2,7 400 0
1388| -2,7 400 0
1389| -2,7 400 0
1390| -2,7 400 0
1391| -2,7 400 0
1392| -2,7 400 0
1393| -2,7 400 0
1394| -2,7 400 0
1395| -2,7 400 0
1396| -2,7 400 0
1397| -2,7 400 0
1398| -2,7 400 0
1399| -2,7 400 0
1400| -2,7 400 0
1401| -2,7 400 0
1402| -2,7 400 0
1403| -2,7 400 0
1404| -2,7 400 0
1405| -2,7 400 0
1406| -2,7 400 0
1407| -2,7 400 0
1408| -2,7 400 0
1409| -2,7 400 0
1410| -2,7 400 0
1411| -2,7 400 0
1412| -2,7 400 0
1413| -2,7 400 0
1414| -2,7 400 0
1415| -2,7 400 0
1416| -2,7 400 0
1417| -2,7 400 0
1418| -2,7 400 0
1419| -2,7 400 0
1420| -2,7 400 0
1421| -2,7 400 0
1422| -2,7 400 0
1423| -2,7 400 0
1424| -2,7 400 0
1425| -2,7 400 0
1426| -2,7 400 0
1427| -2,7 400 0
1428| -2,7 400 0
1429| -2,7 400 0
1430| -2,7 400 0
1431| -2,7 400 0
1432| -2,7 400 0
1433| -2,7 400 0
1434| -2,7 400 0
1435| -2,7 400 0
1436| -2,7 400 0
1437| -2,7 400 0
1438| -2,7 400 0
1439| 0 400 0
1440| 0,3 400 0
1441| 0,6 400 0
1442| 0,9 400 0
1443| 1,2 400 0
1444| 1,2 400 0
1445| 1,2 400 0
1446| 1,2 400 0
1447| 1,2 400 0
1448| 1,2 400 0
1449| 1,2 400 0
1450| 1,2 400 0
1451| 1,2 400 0
1452| 1,2 400 0
1453| 1,2 400 0
1454| 1,2 400 0
1455| 1,2 400 0
1456| 1,2 400 0
1457| 1,2 400 0
1458| 1,2 400 0
1459| 1,2 400 0
1460| 1,5 400 0
1461| 1,8 400 0
1462| 1,8 400 0
1463| 1,8 400 0
1464| 1,8 400 0
1465| 1,8 400 0
1466| 1,8 400 0
1467| 1,8 400 0
1468| 1,8 400 0
1469| 1,8 400 0
1470| 1,8 400 0
1471| 1,8 400 0
1472| 1,8 400 0
1473| 1,8 400 0
1474| 1,8 400 0
1475| 1,8 400 0
1476| 1,8 400 0
1477| 1,8 400 0
1478| 1,8 400 0
1479| 1,8 400 0
1480| 1,8 400 0
1481| 1,8 400 0
1482| 1,8 400 0
1483| 1,8 400 0
1484| 1,8 400 0
1485| 1,8 400 0
1486| 1,8 400 0
1487| 1,8 400 0
1488| 1,8 400 0
1489| 1,8 400 0
1490| 1,8 400 0
1491| 1,8 400 0
1492| 1,8 400 0
1493| 1,8 400 0
1494| 1,8 400 0
1495| 1,8 400 0
1496| 1,8 400 0
1497| 1,8 400 0
1498| 1,8 400 0
1499| 1,8 400 0
1500| 1,8 400 0
1501| 1,8 400 0
1502| 1,8 400 0
1503| 1,8 400 0
1504| 1,8 400 0
1505| 1,8 400 0
1506| 1,8 400 0
1507| 1,8 400 0
1508| 0 400 0
1509| -0,3 400 0
1510| -0,6 400 0
1511| -0,6 400 0
1512| -0,6 400 0
1513| -0,6 400 0
1514| -0,6 400 0
1515| -0,6 400 0
1516| -0,6 400 0
1517| -0,6 400 0
1518| -0,6 400 0
1519| -0,6 400 0
1520| -0,6 400 0
1521| -0,6 400 0
1522| -0,6 400 0
1523| -0,6 400 0
1524| -0,6 400 0
1525| -0,6 400 0
1526| -0,6 400 0
1527| -0,6 400 0
1528| -0,6 400 0
1529| -0,6 400 0
1530| -0,6 400 0
1531| -0,6 400 0
1532| -0,6 400 0
1533| -0,6 400 0
1534| -0,6 400 0
1535| -0,6 400 0
1536| -0,6 400 0
1537| -0,6 400 0
1538| -0,6 400 0
1539| -0,6 400 0
1540| -0,6 400 0
1541| -0,6 400 0
1542| -0,6 400 0
1543| -0,6 400 0
1544| -0,6 400 0
1545| -0,6 400 0
1546| -0,6 400 0
1547| -0,6 400 0
1548| -0,6 400 0
1549| -0,6 400 0
1550| -0,6 400 0
1551| -0,6 400 0
1552| -0,6 400 0
1553| -0,6 400 0
1554| -0,6 400 0
1555| -0,6 400 0
1556| -0,6 400 0
1557| -0,6 400 0
1558| 0 400 0
1559| 0,3 400 0
1560| 0,6 400 0
1561| 0,6 400 0
1562| 0,6 400 0
1563| 0,6 400 0
1564| 0,6 400 0
1565| 0,6 400 0
1566| 0,6 400 0
1567| 0,6 400 0
1568| 0,6 400 0
1569| 0,6 400 0
1570| 0,6 400 0
1571| 0,6 400 0
1572| 0,6 400 0
1573| 0,6 400 0
1574| 0,6 400 0
1575| 0,6 400 0
1576| 0,6 400 0
1577| 0,6 400 0
1578| 0,6 400 0
1579| 0,6 400 0
1580| 0,6 400 0
1581| 0,6 400 0
1582| 0,6 400 0
1583| 0,6 400 0
1584| 0,6 400 0
1585| 0,6 400 0
1586| 0,6 400 0
1587| 0,6 400 0
1588| 0,6 400 0
1589| 0,6 400 0
1590| 0,6 400 0
1591| 0,6 400 0
1592| 0,6 400 0
1593| 0,6 400 0
1594| 0,6 400 0
1595| 0,6 400 0
1596| 0,6 400 0
1597| 0,6 400 0
1598| 0,6 400 0
1599| 0,6 400 0
1600| 0,6 400 0
1601| 0,6 400 0
1602| 0,6 400 0
1603| 0,6 400 0
1604| 0,6 400 0
1605| 0,6 400 0
1606| 0,6 400 0
1607| 0,6 400 0
1608| 0,6 400 0
1609| 0,6 400 0
1610| 0,6 400 0
1611| 0,6 400 0
1612| 0,6 400 0
1613| 0,6 400 0
1614| 0,6 400 0
1615| 0,6 400 0
1616| 0,6 400 0
1617| 0,6 400 0
1618| 0,6 400 0
1619| 0,6 400 0
1620| 0,6 400 0
1621| 0,6 400 0
1622| 0,6 400 0
1623| 0,6 400 0
1624| 0,6 400 0
1625| 0,6 400 0
1626| 0,6 400 0
1627| 0,6 400 0
1628| 0,6 400 0
1629| 0,6 400 0
1630| 0,6 400 0
1631| 0,6 400 0
1632| 0,6 400 0
1633| 0,6 400 0
1634| 0,6 400 0
1635| 0,6 400 0
1636| 0,6 400 0
1637| 0,6 400 0
1638| 0,6 400 0
1639| 0,6 400 0
1640| 0,6 400 0
1641| 0,6 400 0
1642| 0,6 400 0
1643| 0,6 400 0
1644| 0,6 400 0
1645| 0,6 400 0
1646| 0,6 400 0
1647| 0,6 400 0
1648| 0,6 400 0
1649| 0,6 400 0
1650| 0,6 400 0
1651| 0,6 400 0
1652| 0,6 400 0
1653| 0,9 400 0
1654| 0,9 400 0
1655| 0,9 400 0
1656| 0,9 400 0
1657| 0,9 400 0
1658| 0,9 400 0
1659| 0,9 400 0
1660| 0,9 400 0
1661| 0,9 400 0
1662| 0,9 400 0
1663| 0,9 400 0
1664| 0,9 400 0
1665| 0,9 400 0
1666| 0,9 400 0
1667| 0,9 400 0
1668| 0,9 400 0
1669| 0,9 400 0
1670| 0,9 400 0
1671| 0,9 400 0
1672| 0,9 400 0
1673| 0,9 400 0
1674| 0,9 400 0
1675| 0,9 400 0
1676| 0,9 400 0
1677| 0,9 400 0
1678| 0,9 400 0
1679| 0,9 400 0
1680| 0,9 400 0
1681| 0,9 400 0
1682| 0,9 400 0
1683| 0,9 400 0
1684| 0,9 400 0
1685| 0,9 400 0
1686| 0,9 400 0
1687| 0,9 400 0
1688| 0,9 400 0
1689| 0,9 400 0
1690| 0,9 400 0
1691| 0,9 400 0
1692| 0,9 400 0
1693| 0,9 400 0
1694| 0,9 400 0
1695| 0,9 400 0
1696| 0,9 400 0
1697| 0,9 400 0
1698| 0,9 400 0
1699| 0,9 400 0
1700| 0,9 400 0
1701| 0,9 400 0
1702| 0,9 400 0
1703| 0,9 400 0
1704| 0,9 400 0
1705| 0,9 400 0
1706| 0,9 400 0
1707| 0,9 400 0
1708| 0,9 400 0
1709| 0,9 400 0
1710| 0,9 400 0
1711| 0,9 400 0
1712| 0,9 400 0
1713| 0,9 400 0
1714| 0,9 400 0
1715| 0,9 400 0
1716| 0,9 400 0
1717| 0,9 400 0
1718| 0,9 400 0
1719| 0,9 400 0
1720| 0,9 400 0
1721| 0,9 400 0
1722| 0,9 400 0
1723| 0,9 400 0
1724| 0,9 400 0
1725| 0,9 400 0
1726| 0,9 400 0
1727| 0,9 400 0
1728| 0,9 400 0
1729| 0,9 400 0
1730| 0,9 400 0
1731| 0,9 400 0
1732| 0,9 400 0
1733| 0,9 400 0
1734| 0,9 400 0
1735| 0,9 400 0
1736| 0,9 400 0
1737| 0,9 400 0
1738| 0,9 400 0
1739| 0,9 400 0
1740| 0,9 400 0
1741| 0,9 400 0
1742| 0,9 400 0
1743| 0,9 400 0
1744| 0,9 400 0
1745| 0,9 400 0
1746| 0,9 400 0
1747| 0,9 400 0
1748| 0,9 400 0
1749| 0,9 400 0
1750| 0,9 400 0
1751| 0,9 400 0
1752| 0,9 400 0
1753| 0,9 400 0
1754| 0,9 400 0
1755| 0,9 400 0
1756| 0,9 400 0
1757| 0,9 400 0
1758| 0,9 400 0
1759| 0,9 400 0
1760| 0,9 400 0
1761| 0,9 400 0
1762| 0,9 400 0
1763| 0,9 400 0
1764| 0,9 400 0
1765| 0,9 400 0
1766| 0,9 400 0
1767| 0,9 400 0
1768| 0,9 400 0
1769| 0,9 400 0
1770| 0,9 400 0
1771| 0,9 400 0
1772| 0,9 400 0
1773| 0,9 400 0
1774| 0,9 400 0
1775| 0,9 400 0
1776| 0,9 400 0
1777| 0,9 400 0
1778| 0,9 400 0
1779| 0,9 400 0
1780| 0,9 400 0
1781| 0,9 400 0
1782| 0,9 400 0
1783| 0,9 400 0
1784| 0,9 400 0
1785| 0,9 400 0
1786| 0,9 400 0
1787| 0,9 400 0
1788| 0,9 400 0
1789| 0,9 400 0
1790| 0,9 400 0
1791| 0,9 400 0
1792| 0,9 400 0
1793| 0,9 400 0
1794| 0,9 400 0
1795| 0,9 400 0
1796| 0,9 400 0
1797| 0,9 400 0
1798| 0,9 400 0
1799| 0,9 400 0
1800| 0,9 400 0
1801| 0,9 400 0
1802| 0,9 400 0
1803| 0,9 400 0
1804| 0,9 400 0
1805| 0,9 400 0
1806| 0,9 400 0
1807| 1,2 400 0
1808| 1,5 400 0
1809| 1,8 400 0
1810| 2,1 400 0
1811| 2,4 400 0
1812| 2,4 400 0
1813| 2,4 400 0
1814| 2,4 400 0
1815| 2,4 400 0
1816| 2,4 400 0
1817| 2,4 400 0
1818| 2,4 400 0
1819| 2,4 400 0
1820| 2,4 400 0
1821| 2,4 400 0
1822| 2,4 400 0
1823| 2,4 400 0
1824| 2,4 400 0
1825| 2,4 400 0
1826| 2,4 400 0
1827| 2,4 400 0
1828| 2,4 400 0
1829| 2,4 400 0
1830| 2,4 400 0
1831| 2,4 400 0
1832| 2,4 400 0
1833| 2,4 400 0
1834| 2,4 400 0
1835| 2,4 400 0
1836| 2,4 400 0
1837| 2,4 400 0
1838| 2,4 400 0
1839| 2,4 400 0
1840| 0 400 0
1841| -0,3 400 0
1842| -0,6 400 0
1843| -0,9 400 0
1844| -1,2 400 0
1845| -1,2 400 0
1846| -1,2 400 0
1847| -1,2 400 0
1848| -1,2 400 0
1849| -1,2 400 0
1850| -1,2 400 0
1851| -1,2 400 0
1852| -1,2 400 0
1853| -1,2 400 0
1854| -1,2 400 0
1855| -1,2 400 0
1856| -1,2 400 0
1857| -1,2 400 0
1858| -1,2 400 0
1859| -1,2 400 0
1860| -1,2 400 0
1861| -1,2 400 0
1862| -1,2 400 0
1863| -1,2 400 0
1864| -1,2 400 0
1865| -1,2 400 0
1866| -1,2 400 0
1867| -1,2 400 0
1868| -1,2 400 0
1869| -1,2 400 0
1870| -1,2 400 0
1871| -1,2 400 0
1872| -1,2 400 0
1873| -1,2 400 0
1874| -1,2 400 0
1875| -1,2 400 0
1876| -1,2 400 0
1877| -1,2 400 0
1878| -1,2 400 0
1879| -1,2 400 0
1880| -1,2 400 0
1881| -1,2 400 0
1882| -1,2 400 0
1883| -1,2 400 0
1884| -1,2 400 0
1885| 0 400 0
1886| 0,3 400 0
1887| 0,3 400 0
1888| 0,3 400 0
1889| 0,3 400 0
1890| 0,3 400 0
1891| 0,3 400 0
1892| 0,3 400 0
1893| 0,3 400 0
1894| 0,3 400 0
1895| 0,3 400 0
1896| 0,3 400 0
1897| 0,3 400 0
1898| 0,3 400 0
1899| 0,3 400 0
1900| 0,3 400 0
1901| 0,3 400 0
1902| 0,3 400 0
1903| 0,3 400 0
1904| 0,3 400 0
1905| 0,3 400 0
1906| 0,3 400 0
1907| 0,3 400 0
1908| 0,3 400 0
1909| 0,3 400 0
1910| 0,3 400 0
1911| 0,3 400 0
1912| 0,3 400 0
1913| 0,3 400 0
1914| 0,3 400 0
1915| 0,3 400 0
1916| 0,3 400 0
1917| 0,3 400 0
1918| 0,3 400 0
1919| 0,3 400 0
1920| 0,3 400 0
1921| 0,3 400 0
1922| 0,3 400 0
1923| 0,3 400 0
1924| 0,3 400 0
1925| 0,3 400 0
1926| 0,3 400 0
1927| 0,3 400 0
1928| 0,3 400 0
1929| 0,3 400 0
1930| 0,3 400 0
1931| 0,3 400 0
1932| 0,3 400 0
1933| 0,3 400 0
1934| 0,3 400 0
1935| 0,3 400 0
1936| 0,3 400 0
1937| 0,3 400 0
1938| 0,3 400 0
1939| 0,3 400 0
1940| 0,3 400 0
1941| 0,3 400 0
1942| 0,3 400 0
1943| 0,3 400 0
1944| 0,3 400 0
1945| 0,3 400 0
1946| 0,3 400 0
1947| 0,3 400 0
1948| 0,3 400 0
1949| 0,6 400 0
1950| 0,9 400 0
1951| 1,2 400 0
1952| 1,5 400 0
1953| 1,5 400 0
1954| 1,5 400 0
1955| 1,5 400 0
1956| 1,5 400 0
1957| 1,5 400 0
1958| 1,5 400 0
1959| 1,5 400 0
1960| 1,5 400 0
1961| 1,5 400 0
1962| 1,5 400 0
1963| 1,5 400 0
1964| 1,5 400 0
1965| 1,5 400 0
1966| 1,5 400 0
1967| 1,8 400 0
1968| 2,1 400 0
1969| 2,4 400 0
1970| 2,4 400 0
1971| 2,4 400 0
1972| 2,4 400 0
1973| 2,4 400 0
1974| 2,4 400 0
1975| 2,4 400 0
1976| 2,4 400 0
1977| 2,4 400 0
1978| 2,4 400 0
1979| 2,4 400 0
1980| 2,4 400 0
1981| 2,4 400 0
1982| 2,4 400 0
1983| 2,4 400 0
1984| 2,4 400 0
1985| 2,4 400 0
1986| 2,4 400 0
1987| 2,4 400 0
1988| 2,4 400 0
1989| 2,4 400 0
1990| 2,4 400 0
1991| 2,4 400 0
1992| 2,4 400 0
1993| 2,4 400 0
1994| 2,4 400 0
1995| 2,4 400 0
1996| 2,4 400 0
1997| 2,4 400 0
1998| 2,4 400 0
1999| 2,4 400 0
2000| 2,4 400 0
2001| 2,4 400 0
2002| 2,4 400 0
2003| 2,4 400 0
2004| 2,4 400 0
2005| 2,4 400 0
2006| 2,4 400 0
2007| 2,4 400 0
2008| 2,4 400 0
2009| 2,4 400 0
2010| 2,4 400 0
2011| 2,4 400 0
2012| 2,4 400 0
2013| 2,4 400 0
2014| 2,4 400 0
2015| 0 400 0
2016| -0,3 400 0
2017| -0,6 400 0
2018| -0,9 400 0
2019| -0,9 400 0
2020| -0,9 400 0
2021| -0,9 400 0
2022| -0,9 400 0
2023| -0,9 400 0
2024| -0,9 400 0
2025| -0,9 400 0
2026| -0,9 400 0
2027| -0,9 400 0
2028| -0,9 400 0
2029| -0,9 400 0
2030| -0,9 400 0
2031| -0,9 400 0
2032| -0,9 400 0
2033| -0,9 400 0
2034| -0,9 400 0
2035| -0,9 400 0
2036| -0,9 400 0
2037| -0,9 400 0
2038| -0,9 400 0
2039| -0,9 400 0
2040| -0,9 400 0
2041| -0,9 400 0
2042| -0,9 400 0
2043| -0,9 400 0
2044| -0,9 400 0
2045| -0,9 400 0
2046| -0,9 400 0
2047| -0,9 400 0
2048| -0,9 400 0
2049| -0,9 400 0
2050| -0,9 400 0
2051| -0,9 400 0
2052| -0,9 400 0
2053| -0,9 400 0
2054| -0,9 400 0
2055| -0,9 400 0
2056| -0,9 400 0
2057| -0,9 400 0
2058| -0,9 400 0
2059| -0,9 400 0
2060| -0,9 400 0
2061| -0,9 400 0
2062| -0,9 400 0
2063| -0,9 400 0
2064| -0,9 400 0
2065| -0,9 400 0
2066| -0,9 400 0
2067| -0,9 400 0
2068| -0,9 400 0
2069| -0,9 400 0
2070| -0,9 400 0
2071| -0,9 400 0
2072| -0,9 400 0
2073| -0,9 400 0
2074| -0,9 400 0
2075| -0,9 400 0
2076| -0,9 400 0
2077| -0,9 400 0
2078| -0,9 400 0
2079| -0,9 400 0
2080| -0,9 400 0
2081| -0,9 400 0
2082| -0,9 400 0
2083| -0,9 400 0
2084| -0,9 400 0
2085| -0,9 400 0
2086| -0,9 400 0
2087| -0,9 400 0
2088| -0,9 400 0
2089| -0,9 400 0
2090| -0,9 400 0
2091| -0,9 400 0
2092| -0,9 400 0
2093| -0,9 400 0
2094| -0,9 400 0
2095| -0,9 400 0
2096| -0,9 400 0
2097| -0,9 400 0
2098| -0,9 400 0
2099| -0,9 400 0
2100| -0,9 400 0
2101| -0,9 400 0
2102| -0,9 400 0
2103| -0,9 400 0
2104| -0,9 400 0
2105| -0,9 400 0
2106| -0,9 400 0
2107| -0,9 400 0
2108| -0,9 400 0
2109| -0,9 400 0
2110| -0,9 400 0
2111| -0,9 400 0
2112| 0 400 0
2113| 0,3 400 0
2114| 0,6 400 0
2115| 0,9 400 0
2116| 1,2 400 0
2117| 1,2 400 0
2118| 1,2 400 0
2119| 1,2 400 0
2120| 1,2 400 0
2121| 1,2 400 0
2122| 1,2 400 0
2123| 1,2 400 0
2124| 1,2 400 0
2125| 1,2 400 0
2126| 1,2 400 0
2127| 1,2 400 0
2128| 1,2 400 0
2129| 1,2 400 0
2130| 1,2 400 0
2131| 1,2 400 0
2132| 1,2 400 0
2133| 1,2 400 0
2134| 1,2 400 0
2135| 1,2 400 0
2136| 1,2 400 0
2137| 1,2 400 0
2138| 1,2 400 0
2139| 1,2 400 0
2140| 1,2 400 0
2141| 1,2 400 0
2142| 1,2 400 0
2143| 1,2 400 0
2144| 1,2 400 0
2145| 1,2 400 0
2146| 1,2 400 0
2147| 1,2 400 0
2148| 1,2 400 0
2149| 1,2 400 0
2150| 1,2 400 0
2151| 1,2 400 0
2152| 0 400 0
2153| -0,3 400 0
2154| -0,6 400 0
2155| -0,6 400 0
2156| -0,6 400 0
2157| -0,6 400 0
2158| -0,6 400 0
2159| -0,6 400 0
2160| -0,6 400 0
2161| -0,6 400 0
2162| -0,6 400 0
2163| -0,6 400 0
2164| -0,6 400 0
2165| -0,6 400 0
2166| -0,6 400 0
2167| -0,6 400 0
2168| -0,6 400 0
2169| -0,6 400 0
2170| -0,6 400 0
2171| -0,6 400 0
2172| -0,6 400 0
2173| 0 400 0
2174| 0,3 400 0
2175| 0,6 400 0
2176| 0,6 400 0
2177| 0,6 400 0
2178| 0,6 400 0
2179| 0,6 400 0
2180| 0,6 400 0
2181| 0,6 400 0
2182| 0,6 400 0
2183| 0,6 400 0
2184| 0,6 400 0
2185| 0,6 400 0
2186| 0,6 400 0
2187| 0,6 400 0
2188| 0,6 400 0
2189| 0,6 400 0
2190| 0,6 400 0
2191| 0,6 400 0
2192| 0,6 400 0
2193| 0,6 400 0
2194| 0,6 400 0
2195| 0,6 400 0
2196| 0,6 400 0
2197| 0,6 400 0
2198| 0,6 400 0
2199| 0,6 400 0
2200| 0,6 400 0
2201| 0,6 400 0
2202| 0,6 400 0
2203| 0,6 400 0
2204| 0,6 400 0
2205| 0,6 400 0
2206| 0,6 400 0
2207| 0,6 400 0
2208| 0,6 400 0
2209| 0,6 400 0
2210| 0,9 400 0
2211| 1,2 400 0
2212| 1,5 400 0
2213| 1,8 400 0
2214| 2,1 400 0
2215| 2,4 400 0
2216| 2,7 400 0
2217| 2,7 400 0
2218| 2,7 400 0
2219| 2,7 400 0
2220| 2,7 400 0
2221| 2,7 400 0
2222| 2,7 400 0
2223| 2,7 400 0
2224| 2,7 400 0
2225| 2,7 400 0
2226| 2,7 400 0
2227| 2,7 400 0
2228| 3 400 0
2229| 3,299999 400 0
2230| 3,599999 400 0
2231| 3,899999 400 0
2232| 4,2 400 0
2233| 4,5 400 0
2234| 4,8 400 0
2235| 4,8 400 0
2236| 4,8 400 0
2237| 4,8 400 0
2238| 4,8 400 0
2239| 4,8 400 0
2240| 4,8 400 0
2241| 4,8 400 0
2242| 4,8 400 0
2243| 4,8 400 0
2244| 4,8 400 0
2245| 4,8 400 0
2246| 4,8 400 0
2247| 4,8 400 0
2248| 4,8 400 0
2249| 4,8 400 0
2250| 4,8 400 0
2251| 4,8 400 0
2252| 4,8 400 0
2253| 4,8 400 0
2254| 0 400 0
2255| 0 400 0
2256| 0 400 0
2257| 0 400 0
2258| 0 400 0
2259| 0 400 0
2260| 0 400 0
2261| 0 400 0
2262| 0 400 0
2263| 0 400 0
2264| 0,3 400 0
2265| 0,6 400 0
2266| 0,9 400 0
2267| 1,2 400 0
2268| 1,5 400 0
2269| 1,5 400 0
2270| 1,5 400 0
2271| 1,5 400 0
2272| 1,5 400 0
2273| 1,8 400 0
2274| 2,1 400 0
2275| 2,4 400 0
2276| 2,7 400 0
2277| 2,7 400 0
2278| 2,7 400 0
2279| 2,7 400 0
2280| 2,7 400 0
2281| 2,7 400 0
2282| 2,7 400 0
2283| 2,7 400 0
2284| 2,7 400 0
2285| 2,7 400 0
2286| 2,7 400 0
2287| 3 400 0
2288| 3,299999 400 0
2289| 3,599999 400 0
2290| 3,899999 400 0
2291| 4,2 400 0
2292| 4,5 400 0
2293| 4,8 400 0
2294| 5,1 400 0
2295| 5,4 400 0
2296| 5,7 400 0
2297| 6 400 0
2298| 6,300001 400 0
2299| 6,600001 400 0
2300| 6,600001 400 0
2301| 6,600001 400 0
2302| 6,600001 400 0
2303| 6,600001 400 0
2304| 6,600001 400 0
2305| 6,600001 400 0
2306| 6,600001 400 0
2307| 6,600001 400 0
2308| 6,600001 400 0
2309| 6,600001 400 0
2310| 6,600001 400 0
2311| 6,600001 400 0
2312| 6,600001 400 0
2313| 6,600001 400 0
2314| 6,600001 400 0
2315| 6,600001 400 0
2316| 0 400 0
2317| -0,3 400 0
2318| -0,6 400 0
2319| -0,9 400 0
2320| -1,2 400 0
2321| -1,5 400 0
2322| -1,8 400 0
2323| -2,1 400 0
2324| -2,4 400 0
2325| -2,7 400 0
2326| -3 400 0
2327| -3 400 0
2328| -3 400 0
2329| -3 400 0
2330| -3 400 0
2331| -3 400 0
2332| -3 400 0
2333| -3 400 0
2334| -3 400 0
2335| -3 400 0
2336| -3 400 0
2337| -3 400 0
2338| -3 400 0
2339| -3 400 0
2340| -3 400 0
2341| -3 400 0
2342| -3 400 0
2343| -3 400 0
2344| -3 400 0
2345| -3 400 0
2346| -3 400 0
2347| -3 400 0
2348| -3 400 0
2349| -3 400 0
2350| -3 400 0
2351| -3 400 0
2352| -3 400 0
2353| -3 400 0
2354| -3 400 0
2355| -3 400 0
2356| -3 400 0
2357| -3 400 0
2358| -3 400 0
2359| -3 400 0
2360| 0 400 0
2361| 0 400 0
2362| 0 400 0
2363| 0 400 0
2364| 0 400 0
2365| 0 400 0
2366| 0 400 0
2367| 0 400 0
2368| 0 400 0
2369| 0 400 0
2370| 0 400 0
2371| 0 400 0
2372| 0 400 0
2373| 0 400 0
2374| 0 400 0
2375| 0 400 0
2376| 0 400 0
2377| 0 400 0
2378| 0 400 0
2379| 0 400 0
2380| 0 400 0
2381| 0 400 0
2382| 0 400 0
2383| 0 400 0
2384| 0 400 0
2385| 0 400 0
2386| 0 400 0
2387| 0 400 0
2388| 0 400 0
2389| 0 400 0
2390| 0 400 0
2391| 0 400 0
2392| 0 400 0
2393| 0 400 0
2394| 0 400 0
2395| 0 400 0
2396| 0 400 0
2397| 0 400 0
2398| 0 400 0
2399| 0 400 0
2400| 0 400 0
2401| 0 400 0
2402| 0 400 0
2403| 0 400 0
2404| 0 400 0
2405| 0 400 0
2406| 0 400 0
2407| 0 400 0
2408| 0 400 0
2409| 0 400 0
2410| 0 400 0
2411| 0 400 0
2412| 0 400 0
2413| 0 400 0
2414| 0 400 0
2415| 0 400 0
2416| 0 400 0
2417| 0 400 0
2418| 0 400 0
2419| 0 400 0
2420| 0 400 0
2421| 0 400 0
2422| 0 400 0
2423| 0 400 0
2424| 0 400 0
2425| 0 400 0
2426| 0 400 0
2427| 0 400 0
2428| 0 400 0
2429| 0 400 0
2430| 0 400 0
2431| 0 400 0
2432| 0 400 0
2433| 0 400 0
2434| 0 400 0
2435| 0 400 0
2436| 0 400 0
2437| 0 400 0
2438| 0 400 0
2439| 0 400 0
2440| 0 400 0
2441| 0 400 0
2442| 0 400 0
2443| 0 400 0
2444| 0 400 0
2445| 0 400 0
2446| 0 400 0
2447| 0 400 0
2448| 0 400 0
2449| 0 400 0
2450| 0 400 0
2451| 0 400 0
2452| 0 400 0
2453| 0 400 0
2454| 0 400 0
2455| 0 400 0
2456| 0 0 0

