1| 0 0 0
2| 0 0 0
3| 0 0 0
4| 0 0 0
5| 0 0 0
6| 0 0 0
7| 0 0 0
8| 0 0 0
9| 0 0 0
10| 0 0 0
11| 0 0 0
12| 0 0 0
13| 0 0 0
14| 0 0 0
15| 0 0 0
16| 0 0 0
17| 0 0 0
18| 0 0 0
19| 0 0 0
20| 0 0 0
21| 0 0 0
22| 0 0 0
23| 0 0 0
24| 0 0 0
25| 0 0 0
26| 0 0 0
27| 0 -4 0
28| 0,3 -8 0
29| 0,6 -12 0
30| 0,9 -16 0
31| 1,2 -20 0
32| 1,5 -24 0
33| 1,8 -28 0
34| 2,1 -32 0
35| 2,4 -36 0
36| 2,7 -40 0
37| 3 -43,99999 0
38| 3,299999 -47,99999 0
39| 3,599999 -51,99999 0
40| 3,899999 -55,99999 0
41| 4,2 -60 0
42| 4,5 -64 0
43| 4,8 -68 0
44| 5,1 -72 0
45| 5,4 -76,00001 0
46| 5,7 -80,00001 0
47| 6 -84,00001 0
48| 6,300001 -88,00002 0
49| 6,600001 -92,00002 0
50| 6,900001 -96,00002 0
51| 7,200001 -100 0
52| 7,500001 -104 0
53| 7,800001 -108 0
54| 8,1 -112 0
55| 8,4 -116 0
56| 8,7 -120 0
57| 8,999999 -124 0
58| 9,299999 -128 0
59| 9,599998 -132 0
60| 9,899999 -136 0
61| 10,2 -140 0
62| 10,5 -144 0
63| 10,8 -148 0
64| 11,1 -152 0
65| 11,4 -156 0
66| 11,7 -160 0
67| 12 -164 0
68| 12,3 -168 0
69| 12,6 -171,9999 0
70| 12,9 -175,9999 0
71| 13,2 -179,9999 0
72| 13,5 -183,9999 0
73| 13,79999 -187,9999 0
74| 14,09999 -191,9999 0
75| 14,39999 -195,9999 0
76| 14,69999 -199,9999 0
77| 14,99999 -203,9999 0
78| 15,29999 -207,9999 0
79| 15,59999 -211,9999 0
80| 15,89999 -215,9999 0
81| 16,19999 -219,9999 0
82| 16,49999 -223,9999 0
83| 16,79999 -227,9999 0
84| 17,09999 -231,9999 0
85| 17,39999 -235,9999 0
86| 17,69999 -239,9999 0
87| 17,99999 -243,9999 0
88| 18,29999 -247,9999 0
89| 18,59999 -251,9999 0
90| 18,89999 -255,9999 0
91| 19,19999 -259,9999 0
92| 19,49999 -263,9999 0
93| 19,79999 -267,9999 0
94| 20,09999 -271,9998 0
95| 20,39999 -275,9998 0
96| 20,69999 -279,9998 0
97| 20,99999 -283,9998 0
98| 21,29999 -287,9998 0
99| 21,59999 -291,9998 0
100| 21,89999 -295,9998 0
101| 22,19999 -299,9998 0
102| 22,49999 -303,9998 0
103| 22,79999 -307,9998 0
104| 23,09999 -311,9998 0
105| 23,39999 -315,9998 0
106| 23,69999 -319,9998 0
107| 23,99999 -323,9998 0
108| 24,29999 -327,9998 0
109| 24,59999 -331,9998 0
110| 24,89998 -335,9998 0
111| 25,19999 -339,9998 0
112| 25,49998 -343,9998 0
113| 25,79998 -347,9998 0
114| 26,09998 -347,9998 0
115| 26,39998 -347,9998 0
116| 26,69998 -347,9998 0
117| 26,99998 -347,9998 0
118| 27,29998 0 0
119| 27,29998 4 0
120| 27,29998 8 0
121| 0 12 0
122| -0,3 16 0
123| -0,6 20 0
124| -0,9 24 0
125| -1,2 28 0
126| -1,5 32 0
127| -1,8 36 0
128| -2,1 40 0
129| -2,4 43,99999 0
130| -2,7 47,99999 0
131| -3 51,99999 0
132| -3,299999 55,99999 0
133| -3,599999 60 0
134| -3,899999 64 0
135| -4,2 68 0
136| -4,5 72 0
137| -4,8 76,00001 0
138| -5,1 80,00001 0
139| -5,4 84,00001 0
140| -5,7 88,00002 0
141| -6 92,00002 0
142| -6,300001 96,00002 0
143| -6,600001 100 0
144| -6,900001 104 0
145| -7,200001 108 0
146| -7,500001 112 0
147| -7,800001 116 0
148| -8,1 120 0
149| -8,4 124 0
150| -8,7 128 0
151| -8,999999 132 0
152| -9,299999 136 0
153| -9,599998 140 0
154| -9,899999 144 0
155| -10,2 148 0
156| -10,5 152 0
157| -10,8 156 0
158| -11,1 160 0
159| -11,4 164 0
160| -11,7 168 0
161| -12 171,9999 0
162| -12,3 175,9999 0
163| -12,6 179,9999 0
164| -12,9 183,9999 0
165| -13,2 187,9999 0
166| -13,5 191,9999 0
167| -13,79999 195,9999 0
168| -14,09999 199,9999 0
169| -14,39999 203,9999 0
170| -14,69999 207,9999 0
171| -14,99999 211,9999 0
172| -15,29999 215,9999 0
173| -15,59999 219,9999 0
174| -15,89999 223,9999 0
175| -16,19999 227,9999 0
176| -16,49999 231,9999 0
177| -16,79999 235,9999 0
178| -17,09999 239,9999 0
179| -17,39999 243,9999 0
180| -17,69999 247,9999 0
181| -17,99999 251,9999 0
182| -18,29999 255,9999 0
183| -18,59999 259,9999 0
184| -18,89999 263,9999 0
185| -19,19999 267,9999 0
186| -19,49999 271,9998 0
187| -19,79999 275,9998 0
188| -20,09999 279,9998 0
189| -20,39999 283,9998 0
190| 0 287,9998 0
191| 0,3 291,9998 0
192| 0,6 295,9998 0
193| 0,9 299,9998 0
194| 1,2 303,9998 0
195| 1,5 307,9998 0
196| 1,8 311,9998 0
197| 2,1 315,9998 0
198| 2,4 319,9998 0
199| 2,7 323,9998 0
200| 3 327,9998 0
201| 3,299999 331,9998 0
202| 3,599999 335,9998 0
203| 3,899999 339,9998 0
204| 4,2 343,9998 0
205| 4,5 347,9998 0
206| 4,5 351,9998 0
207| 4,5 355,9998 0
208| 4,5 359,9998 0
209| 0 363,9998 0
210| -0,3 367,9998 0
211| -0,6 371,9998 0
212| -0,9 375,9998 0
213| -1,2 379,9998 0
214| -1,5 383,9998 0
215| -1,8 387,9998 0
216| -2,1 391,9998 0
217| -2,4 395,9998 0
218| -2,7 399,9997 0
219| -3 403,9998 0
220| -3,299999 400 0
221| -3,599999 400 0
222| -3,899999 400 0
223| -4,2 400 0
224| -4,5 400 0
225| -4,8 400 0
226| -5,1 400 0
227| -5,4 400 0
228| -5,7 400 0
229| -6 400 0
230| -6,300001 400 0
231| -6,600001 400 0
232| -6,900001 400 0
233| -7,200001 400 0
234| -7,500001 400 0
235| -7,800001 400 0
236| -8,1 400 0
237| -8,4 400 0
238| -8,7 400 0
239| -8,999999 400 0
240| -9,299999 400 0
241| -9,599998 400 0
242| -9,899999 400 0
243| -10,2 400 0
244| -10,5 400 0
245| -10,8 400 0
246| -11,1 400 0
247| -11,4 400 0
248| -11,7 400 0
249| -12 400 0
250| -12,3 400 0
251| -12,6 400 0
252| -12,9 400 0
253| -13,2 400 0
254| -13,5 400 0
255| -13,79999 400 0
256| -14,09999 400 0
257| -14,39999 400 0
258| -14,69999 400 0
259| -14,99999 400 0
260| -15,29999 400 0
261| -15,59999 400 0
262| -15,59999 400 0
263| -15,59999 400 0
264| -15,59999 400 0
265| -15,59999 400 0
266| -15,59999 400 0
267| -15,59999 400 0
268| -15,59999 400 0
269| -15,59999 400 0
270| -15,59999 400 0
271| -15,59999 400 0
272| -15,59999 400 0
273| -15,59999 400 0
274| -15,59999 400 0
275| -15,59999 400 0
276| -15,59999 400 0
277| -15,59999 400 0
278| -15,59999 400 0
279| -15,59999 400 0
280| -15,59999 400 0
281| -15,59999 400 0
282| -15,59999 400 0
283| 0 400 0
284| 0,3 400 0
285| 0,6 400 0
286| 0,9 400 0
287| 1,2 400 0
288| 1,2 400 0
289| 1,2 400 0
290| 1,2 400 0
291| 1,2 400 0
292| 1,2 400 0
293| 1,2 400 0
294| 1,2 400 0
295| 1,2 400 0
296| 1,2 400 0
297| 1,2 400 0
298| 1,2 400 0
299| 1,2 400 0
300| 1,2 400 0
301| 1,2 400 0
302| 1,2 400 0
303| 1,2 400 0
304| 1,2 400 0
305| 1,2 400 0
306| 1,2 400 0
307| 1,2 400 0
308| 1,2 400 0
309| 1,2 400 0
310| 1,2 400 0
311| 1,2 400 0
312| 1,2 400 0
313| 1,2 400 0
314| 1,2 400 0
315| 1,2 400 0
316| 1,2 400 0
317| 1,2 400 0
318| 1,2 400 0
319| 1,2 400 0
320| 1,2 400 0
321| 1,2 400 0
322| 1,2 400 0
323| 1,2 400 0
324| 1,2 400 0
325| 1,2 400 0
326| 1,2 400 0
327| 1,2 400 0
328| 1,2 400 0
329| 1,2 400 0
330| 1,2 400 0
331| 1,2 400 0
332| 1,2 400 0
333| 1,2 400 0
334| 1,2 400 0
335| 1,2 400 0
336| 1,2 400 0
337| 1,2 400 0
338| 1,2 400 0
339| 1,2 400 0
340| 1,2 400 0
341| 1,2 400 0
342| 1,2 400 0
343| 1,2 400 0
344| 1,2 400 0
345| 1,2 400 0
346| 1,2 400 0
347| 1,2 400 0
348| 1,2 400 0
349| 1,2 400 0
350| 1,2 400 0
351| 1,2 400 0
352| 1,2 400 0
353| 1,2 400 0
354| 1,2 400 0
355| 1,2 400 0
356| 1,2 400 0
357| 1,2 400 0
358| 1,2 400 0
359| 1,2 400 0
360| 1,2 400 0
361| 1,2 400 0
362| 1,2 400 0
363| 1,2 400 0
364| 1,2 400 0
365| 1,2 400 0
366| 1,2 400 0
367| 1,2 400 0
368| 1,2 400 0
369| 1,2 400 0
370| 1,2 400 0
371| 1,2 400 0
372| 1,2 400 0
373| 1,2 400 0
374| 1,2 400 0
375| 1,2 400 0
376| 1,2 400 0
377| 1,2 400 0
378| 1,2 400 0
379| 1,2 400 0
380| 1,2 400 0
381| 1,2 400 0
382| 1,2 400 0
383| 1,2 400 0
384| 1,2 400 0
385| 1,2 400 0
386| 1,2 400 0
387| 1,2 400 0
388| 1,2 400 0
389| 1,2 400 0
390| 1,2 400 0
391| 1,2 400 0
392| 1,2 400 0
393| 1,2 400 0
394| 1,2 400 0
395| 1,2 400 0
396| 1,2 400 0
397| 1,2 400 0
398| 1,2 400 0
399| 1,2 400 0
400| 1,2 400 0
401| 1,2 400 0
402| 1,2 400 0
403| 1,2 400 0
404| 1,2 400 0
405| 1,2 400 0
406| 1,2 400 0
407| 1,2 400 0
408| 1,2 400 0
409| 1,2 400 0
410| 1,2 400 0
411| 1,2 400 0
412| 1,2 400 0
413| 1,2 400 0
414| 1,2 400 0
415| 1,2 400 0
416| 1,2 400 0
417| 1,2 400 0
418| 1,2 400 0
419| 1,2 400 0
420| 1,2 400 0
421| 1,2 400 0
422| 1,2 400 0
423| 1,2 400 0
424| 1,2 400 0
425| 1,2 400 0
426| 1,2 400 0
427| 1,2 400 0
428| 1,2 400 0
429| 1,2 400 0
430| 1,2 400 0
431| 1,2 400 0
432| 1,2 400 0
433| 1,2 400 0
434| 1,2 400 0
435| 1,2 400 0
436| 1,2 400 0
437| 1,2 400 0
438| 1,2 400 0
439| 1,2 400 0
440| 1,2 400 0
441| 1,2 400 0
442| 1,2 400 0
443| 1,2 400 0
444| 1,2 400 0
445| 1,2 400 0
446| 1,2 400 0
447| 1,2 400 0
448| 1,2 400 0
449| 1,2 400 0
450| 1,2 400 0
451| 1,2 400 0
452| 1,5 400 0
453| 1,8 400 0
454| 2,1 400 0
455| 2,4 400 0
456| 2,7 400 0
457| 2,7 400 0
458| 2,7 400 0
459| 2,7 400 0
460| 2,7 400 0
461| 2,7 400 0
462| 2,7 400 0
463| 2,7 400 0
464| 2,7 400 0
465| 2,7 400 0
466| 2,7 400 0
467| 2,7 400 0
468| 2,7 400 0
469| 3 400 0
470| 3,299999 400 0
471| 3,599999 400 0
472| 3,599999 400 0
473| 3,599999 400 0
474| 3,599999 400 0
475| 3,599999 400 0
476| 3,599999 400 0
477| 3,599999 400 0
478| 3,599999 400 0
479| 3,599999 400 0
480| 3,599999 400 0
481| 3,599999 400 0
482| 3,599999 400 0
483| 3,599999 400 0
484| 3,599999 400 0
485| 3,599999 400 0
486| 3,599999 400 0
487| 3,599999 400 0
488| 3,599999 400 0
489| 3,599999 400 0
490| 3,599999 400 0
491| 3,599999 400 0
492| 3,599999 400 0
493| 3,599999 400 0
494| 3,599999 400 0
495| 3,599999 400 0
496| 3,599999 400 0
497| 3,599999 400 0
498| 3,599999 400 0
499| 3,599999 400 0
500| 3,599999 400 0
501| 3,599999 400 0
502| 3,599999 400 0
503| 3,599999 400 0
504| 3,599999 400 0
505| 3,599999 400 0
506| 3,599999 400 0
507| 3,599999 400 0
508| 3,599999 400 0
509| 3,599999 400 0
510| 3,599999 400 0
511| 3,599999 400 0
512| 0 400 0
513| -0,3 400 0
514| -0,6 400 0
515| -0,9 400 0
516| -1,2 400 0
517| -1,2 400 0
518| -1,2 400 0
519| -1,2 400 0
520| -1,2 400 0
521| -1,2 400 0
522| -1,5 400 0
523| -1,8 400 0
524| -2,1 400 0
525| -2,4 400 0
526| -2,7 400 0
527| -3 400 0
528| -3,299999 400 0
529| -3,299999 400 0
530| -3,299999 400 0
531| -3,299999 400 0
532| -3,299999 400 0
533| -3,299999 400 0
534| -3,299999 400 0
535| -3,299999 400 0
536| -3,299999 400 0
537| -3,299999 400 0
538| -3,299999 400 0
539| -3,299999 400 0
540| -3,299999 400 0
541| -3,299999 400 0
542| -3,299999 400 0
543| -3,299999 400 0
544| -3,299999 400 0
545| -3,299999 400 0
546| -3,299999 400 0
547| -3,299999 400 0
548| -3,299999 400 0
549| -3,299999 400 0
550| -3,299999 400 0
551| -3,299999 400 0
552| -3,299999 400 0
553| -3,299999 400 0
554| -3,299999 400 0
555| -3,299999 400 0
556| -3,299999 400 0
557| -3,299999 400 0
558| -3,299999 400 0
559| -3,299999 400 0
560| -3,299999 400 0
561| -3,299999 400 0
562| -3,299999 400 0
563| -3,299999 400 0
564| -3,299999 400 0
565| -3,299999 400 0
566| -3,299999 400 0
567| 0 400 0
568| 0,3 400 0
569| 0,3 400 0
570| 0,3 400 0
571| 0,3 400 0
572| 0,3 400 0
573| 0,3 400 0
574| 0,3 400 0
575| 0,3 400 0
576| 0,3 400 0
577| 0,3 400 0
578| 0,3 400 0
579| 0,3 400 0
580| 0,3 400 0
581| 0,3 400 0
582| 0,3 400 0
583| 0,3 400 0
584| 0,3 400 0
585| 0,3 400 0
586| 0,3 400 0
587| 0,3 400 0
588| 0,3 400 0
589| 0,3 400 0
590| 0,3 400 0
591| 0,3 400 0
592| 0,3 400 0
593| 0,3 400 0
594| 0,3 400 0
595| 0,3 400 0
596| 0,3 400 0
597| 0,3 400 0
598| 0,3 400 0
599| 0,3 400 0
600| 0,3 400 0
601| 0,3 400 0
602| 0,3 400 0
603| 0,3 400 0
604| 0,3 400 0
605| 0,3 400 0
606| 0,3 400 0
607| 0,3 400 0
608| 0,3 400 0
609| 0,3 400 0
610| 0,3 400 0
611| 0,3 400 0
612| 0,3 400 0
613| 0,3 400 0
614| 0,3 400 0
615| 0,3 400 0
616| 0,3 400 0
617| 0,3 400 0
618| 0,3 400 0
619| 0,3 400 0
620| 0,3 400 0
621| 0,3 400 0
622| 0,3 400 0
623| 0,3 400 0
624| 0,3 400 0
625| 0,3 400 0
626| 0,3 400 0
627| 0,3 400 0
628| 0,6 400 0
629| 0,9 400 0
630| 1,2 400 0
631| 1,5 400 0
632| 1,8 400 0
633| 2,1 400 0
634| 2,4 400 0
635| 2,7 400 0
636| 3 400 0
637| 3 400 0
638| 3 400 0
639| 3 400 0
640| 3 400 0
641| 3 400 0
642| 3 400 0
643| 3 400 0
644| 3 400 0
645| 3 400 0
646| 3,299999 400 0
647| 3,599999 400 0
648| 3,899999 400 0
649| 4,2 400 0
650| 4,5 400 0
651| 4,8 400 0
652| 4,8 400 0
653| 4,8 400 0
654| 4,8 400 0
655| 4,8 400 0
656| 4,8 400 0
657| 4,8 400 0
658| 4,8 400 0
659| 4,8 400 0
660| 4,8 400 0
661| 4,8 400 0
662| 4,8 400 0
663| 4,8 400 0
664| 4,8 400 0
665| 4,8 400 0
666| 4,8 400 0
667| 5,1 400 0
668| 5,4 400 0
669| 5,7 400 0
670| 5,7 400 0
671| 5,7 400 0
672| 5,7 400 0
673| 5,7 400 0
674| 5,7 400 0
675| 5,7 400 0
676| 5,7 400 0
677| 5,7 400 0
678| 6 400 0
679| 6 400 0
680| 6 400 0
681| 6 400 0
682| 6 400 0
683| 6 400 0
684| 6 400 0
685| 6 400 0
686| 6 400 0
687| 6 400 0
688| 6 400 0
689| 6 400 0
690| 6 400 0
691| 6 400 0
692| 6 400 0
693| 6 400 0
694| 6 400 0
695| 6 400 0
696| 6 400 0
697| 6 400 0
698| 6 400 0
699| 6 400 0
700| 6 400 0
701| 6 400 0
702| 6 400 0
703| 6 400 0
704| 6 400 0
705| 6 400 0
706| 6 400 0
707| 6 400 0
708| 6 400 0
709| 6 400 0
710| 6 400 0
711| 6 400 0
712| 6 400 0
713| 6 400 0
714| 6 400 0
715| 6 400 0
716| 6 400 0
717| 6 400 0
718| 6 400 0
719| 6 400 0
720| 6 400 0
721| 6 400 0
722| 6 400 0
723| 6 400 0
724| 6 400 0
725| 6 400 0
726| 6 400 0
727| 6 400 0
728| 6 400 0
729| 6 400 0
730| 6 400 0
731| 6 400 0
732| 6 400 0
733| 6 400 0
734| 6 400 0
735| 6 400 0
736| 6 400 0
737| 6 400 0
738| 6 400 0
739| 6 400 0
740| 6 400 0
741| 6 400 0
742| 6 400 0
743| 6 400 0
744| 6 400 0
745| 6 400 0
746| 6 400 0
747| 0 400 0
748| -0,3 400 0
749| -0,6 400 0
750| -0,9 400 0
751| -1,2 400 0
752| -1,5 400 0
753| -1,8 400 0
754| -1,8 400 0
755| -1,8 400 0
756| -1,8 400 0
757| -1,8 400 0
758| -1,8 400 0
759| -1,8 400 0
760| -1,8 400 0
761| -1,8 400 0
762| -1,8 400 0
763| -1,8 400 0
764| -1,8 400 0
765| -1,8 400 0
766| -1,8 400 0
767| -1,8 400 0
768| -1,8 400 0
769| -1,8 400 0
770| -1,8 400 0
771| -1,8 400 0
772| -1,8 400 0
773| -1,8 400 0
774| -1,8 400 0
775| -1,8 400 0
776| -2,1 400 0
777| -2,1 400 0
778| -2,1 400 0
779| -2,1 400 0
780| -2,1 400 0
781| -2,1 400 0
782| -2,1 400 0
783| -2,1 400 0
784| -2,1 400 0
785| -2,1 400 0
786| -2,1 400 0
787| -2,1 400 0
788| -2,1 400 0
789| -2,1 400 0
790| -2,1 400 0
791| -2,1 400 0
792| -2,1 400 0
793| -2,1 400 0
794| -2,1 400 0
795| -2,1 400 0
796| -2,1 400 0
797| -2,1 400 0
798| -2,1 400 0
799| -2,4 400 0
800| -2,7 400 0
801| -3 400 0
802| -3,299999 400 0
803| -3,599999 400 0
804| -3,599999 400 0
805| -3,599999 400 0
806| -3,599999 400 0
807| -3,599999 400 0
808| -3,599999 400 0
809| -3,599999 400 0
810| -3,599999 400 0
811| -3,599999 400 0
812| -3,599999 400 0
813| -3,899999 400 0
814| -4,2 400 0
815| -4,5 400 0
816| -4,5 400 0
817| -4,5 400 0
818| -4,5 400 0
819| -4,5 400 0
820| -4,5 400 0
821| -4,8 400 0
822| -5,1 400 0
823| -5,4 400 0
824| -5,7 400 0
825| -6 400 0
826| -6 400 0
827| -6 400 0
828| -6 400 0
829| -6 400 0
830| -6 400 0
831| -6 400 0
832| -6 400 0
833| -6 400 0
834| -6 400 0
835| -6 400 0
836| -6 400 0
837| -6 400 0
838| -6 400 0
839| -6 400 0
840| -6 400 0
841| -6,300001 400 0
842| -6,600001 400 0
843| -6,900001 400 0
844| -6,900001 400 0
845| -6,900001 400 0
846| -6,900001 400 0
847| -6,900001 400 0
848| -6,900001 400 0
849| -6,900001 400 0
850| -6,900001 400 0
851| -6,900001 400 0
852| -6,900001 400 0
853| -6,900001 400 0
854| -6,900001 400 0
855| -7,200001 400 0
856| -7,500001 400 0
857| -7,500001 400 0
858| -7,500001 400 0
859| -7,500001 400 0
860| -7,500001 400 0
861| -7,500001 400 0
862| -7,500001 400 0
863| -7,500001 400 0
864| -7,500001 400 0
865| -7,500001 400 0
866| -7,500001 400 0
867| -7,500001 400 0
868| -7,500001 400 0
869| -7,500001 400 0
870| -7,500001 400 0
871| -7,500001 400 0
872| -7,500001 400 0
873| -7,500001 400 0
874| -7,500001 400 0
875| -7,500001 400 0
876| 0 400 0
877| 0,3 400 0
878| 0,3 400 0
879| 0,3 400 0
880| 0,3 400 0
881| 0,3 400 0
882| 0,3 400 0
883| 0,3 400 0
884| 0,3 400 0
885| 0,3 400 0
886| 0,3 400 0
887| 0,6 400 0
888| 0,9 400 0
889| 1,2 400 0
890| 1,5 400 0
891| 1,5 400 0
892| 1,5 400 0
893| 1,5 400 0
894| 1,5 400 0
895| 1,5 400 0
896| 1,8 400 0
897| 2,1 400 0
898| 2,1 400 0
899| 2,1 400 0
900| 2,1 400 0
901| 2,1 400 0
902| 2,1 400 0
903| 2,1 400 0
904| 2,4 400 0
905| 2,7 400 0
906| 3 400 0
907| 3 400 0
908| 3 400 0
909| 3 400 0
910| 3 400 0
911| 3 400 0
912| 3 400 0
913| 3 400 0
914| 3,299999 400 0
915| 3,599999 400 0
916| 3,899999 400 0
917| 3,899999 400 0
918| 3,899999 400 0
919| 3,899999 400 0
920| 3,899999 400 0
921| 3,899999 400 0
922| 4,2 400 0
923| 4,5 400 0
924| 4,8 400 0
925| 5,1 400 0
926| 5,1 400 0
927| 5,1 400 0
928| 5,1 400 0
929| 5,1 400 0
930| 5,1 400 0
931| 5,1 400 0
932| 5,1 400 0
933| 5,4 400 0
934| 5,7 400 0
935| 6 400 0
936| 6 400 0
937| 6 400 0
938| 6 400 0
939| 6 400 0
940| 6 400 0
941| 6 400 0
942| 6 400 0
943| 6 400 0
944| 6,300001 400 0
945| 6,600001 400 0
946| 6,900001 400 0
947| 6,900001 400 0
948| 6,900001 400 0
949| 6,900001 400 0
950| 6,900001 400 0
951| 6,900001 400 0
952| 6,900001 400 0
953| 6,900001 400 0
954| 6,900001 400 0
955| 6,900001 400 0
956| 6,900001 400 0
957| 6,900001 400 0
958| 6,900001 400 0
959| 6,900001 400 0
960| 6,900001 400 0
961| 6,900001 400 0
962| 7,200001 400 0
963| 7,500001 400 0
964| 7,500001 400 0
965| 7,500001 400 0
966| 7,500001 400 0
967| 7,500001 400 0
968| 7,500001 400 0
969| 7,500001 400 0
970| 7,500001 400 0
971| 0 400 0
972| -0,3 400 0
973| -0,6 400 0
974| -0,6 400 0
975| -0,6 400 0
976| -0,6 400 0
977| -0,6 400 0
978| -0,6 400 0
979| -0,6 400 0
980| -0,9 400 0
981| -1,2 400 0
982| -1,5 400 0
983| -1,8 400 0
984| -2,1 400 0
985| -2,1 400 0
986| -2,1 400 0
987| -2,1 400 0
988| -2,1 400 0
989| -2,4 400 0
990| -2,7 400 0
991| -3 400 0
992| -3,299999 400 0
993| -3,299999 400 0
994| -3,299999 400 0
995| -3,299999 400 0
996| -3,299999 400 0
997| -3,299999 400 0
998| -3,599999 400 0
999| -3,899999 400 0
1000| -4,2 400 0
1001| -4,2 400 0
1002| -4,2 400 0
1003| -4,2 400 0
1004| -4,2 400 0
1005| -4,2 400 0
1006| -4,2 400 0
1007| -4,2 400 0
1008| -4,2 400 0
1009| -4,2 400 0
1010| -4,2 400 0
1011| -4,5 400 0
1012| -4,5 400 0
1013| -4,5 400 0
1014| -4,5 400 0
1015| -4,5 400 0
1016| -4,5 400 0
1017| -4,5 400 0
1018| -4,8 400 0
1019| -5,1 400 0
1020| -5,4 400 0
1021| -5,4 400 0
1022| -5,4 400 0
1023| -5,4 400 0
1024| -5,4 400 0
1025| -5,4 400 0
1026| -5,4 400 0
1027| -5,4 400 0
1028| -5,4 400 0
1029| -5,7 400 0
1030| -6 400 0
1031| -6 400 0
1032| -6 400 0
1033| -6 400 0
1034| -6 400 0
1035| -6 400 0
1036| -6 400 0
1037| -6 400 0
1038| -6 400 0
1039| -6 400 0
1040| -6 400 0
1041| -6 400 0
1042| -6 400 0
1043| -6 400 0
1044| -6 400 0
1045| -6 400 0
1046| -6 400 0
1047| -6 400 0
1048| -6 400 0
1049| -6 400 0
1050| -6 400 0
1051| -6 400 0
1052| -6 400 0
1053| -6 400 0
1054| -6 400 0
1055| -6 400 0
1056| -6 400 0
1057| -6 400 0
1058| -6 400 0
1059| -6 400 0
1060| -6 400 0
1061| -6 400 0
1062| -6 400 0
1063| -6 400 0
1064| -6 400 0
1065| -6 400 0
1066| -6 400 0
1067| -6 400 0
1068| -6 400 0
1069| -6 400 0
1070| 0 400 0
1071| 0,3 400 0
1072| 0,6 400 0
1073| 0,9 400 0
1074| 1,2 400 0
1075| 1,5 400 0
1076| 1,5 400 0
1077| 1,5 400 0
1078| 1,5 400 0
1079| 1,5 400 0
1080| 1,5 400 0
1081| 1,8 400 0
1082| 1,8 400 0
1083| 1,8 400 0
1084| 1,8 400 0
1085| 1,8 400 0
1086| 1,8 400 0
1087| 2,1 400 0
1088| 2,4 400 0
1089| 2,4 400 0
1090| 2,4 400 0
1091| 2,4 400 0
1092| 2,4 400 0
1093| 2,4 400 0
1094| 2,4 400 0
1095| 2,4 400 0
1096| 2,4 400 0
1097| 2,4 400 0
1098| 2,4 400 0
1099| 2,4 400 0
1100| 2,4 400 0
1101| 2,4 400 0
1102| 2,4 400 0
1103| 2,4 400 0
1104| 2,7 400 0
1105| 2,7 400 0
1106| 2,7 400 0
1107| 2,7 400 0
1108| 2,7 400 0
1109| 2,7 400 0
1110| 2,7 400 0
1111| 2,7 400 0
1112| 3 400 0
1113| 3,299999 400 0
1114| 3,599999 400 0
1115| 3,899999 400 0
1116| 3,899999 400 0
1117| 3,899999 400 0
1118| 3,899999 400 0
1119| 3,899999 400 0
1120| 3,899999 400 0
1121| 4,2 400 0
1122| 4,5 400 0
1123| 4,8 400 0
1124| 4,8 400 0
1125| 4,8 400 0
1126| 4,8 400 0
1127| 5,1 400 0
1128| 5,4 400 0
1129| 5,7 400 0
1130| 6 400 0
1131| 6,300001 400 0
1132| 6,300001 400 0
1133| 6,300001 400 0
1134| 6,300001 400 0
1135| 6,300001 400 0
1136| 6,300001 400 0
1137| 6,300001 400 0
1138| 6,300001 400 0
1139| 6,300001 400 0
1140| 6,300001 400 0
1141| 6,300001 400 0
1142| 6,300001 400 0
1143| 6,300001 400 0
1144| 6,300001 400 0
1145| 6,300001 400 0
1146| 6,300001 400 0
1147| 6,300001 400 0
1148| 6,300001 400 0
1149| 6,300001 400 0
1150| 6,300001 400 0
1151| 6,300001 400 0
1152| 6,300001 400 0
1153| 6,300001 400 0
1154| 6,300001 400 0
1155| 6,300001 400 0
1156| 6,300001 400 0
1157| 6,300001 400 0
1158| 6,300001 400 0
1159| 6,300001 400 0
1160| 6,300001 400 0
1161| 6,300001 400 0
1162| 6,300001 400 0
1163| 6,300001 400 0
1164| 6,300001 400 0
1165| 6,300001 400 0
1166| 6,300001 400 0
1167| 6,300001 400 0
1168| 6,300001 400 0
1169| 6,300001 400 0
1170| 0 400 0
1171| -0,3 400 0
1172| -0,6 400 0
1173| -0,6 400 0
1174| -0,6 400 0
1175| -0,6 400 0
1176| -0,6 400 0
1177| -0,6 400 0
1178| -0,6 400 0
1179| -0,6 400 0
1180| -0,6 400 0
1181| -0,6 400 0
1182| -0,6 400 0
1183| -0,6 400 0
1184| -0,6 400 0
1185| -0,6 400 0
1186| -0,6 400 0
1187| -0,6 400 0
1188| -0,6 400 0
1189| -0,6 400 0
1190| -0,6 400 0
1191| -0,6 400 0
1192| -0,6 400 0
1193| -0,6 400 0
1194| -0,6 400 0
1195| -0,6 400 0
1196| -0,6 400 0
1197| -0,6 400 0
1198| -0,6 400 0
1199| -0,6 400 0
1200| -0,6 400 0
1201| -0,6 400 0
1202| -0,6 400 0
1203| -0,6 400 0
1204| -0,6 400 0
1205| -0,6 400 0
1206| -0,6 400 0
1207| -0,6 400 0
1208| -0,6 400 0
1209| -0,6 400 0
1210| -0,6 400 0
1211| -0,6 400 0
1212| -0,6 400 0
1213| -0,6 400 0
1214| -0,6 400 0
1215| -0,6 400 0
1216| -0,6 400 0
1217| -0,6 400 0
1218| -0,6 400 0
1219| -0,6 400 0
1220| 0 400 0
1221| 0,3 400 0
1222| 0,3 400 0
1223| 0,3 400 0
1224| 0,3 400 0
1225| 0,3 400 0
1226| 0,3 400 0
1227| 0,3 400 0
1228| 0,3 400 0
1229| 0,3 400 0
1230| 0,3 400 0
1231| 0,3 400 0
1232| 0,3 400 0
1233| 0,3 400 0
1234| 0,3 400 0
1235| 0,3 400 0
1236| 0,3 400 0
1237| 0,3 400 0
1238| 0,3 400 0
1239| 0,3 400 0
1240| 0,3 400 0
1241| 0,3 400 0
1242| 0,6 400 0
1243| 0,9 400 0
1244| 0,9 400 0
1245| 0,9 400 0
1246| 0,9 400 0
1247| 0,9 400 0
1248| 0,9 400 0
1249| 0,9 400 0
1250| 0,9 400 0
1251| 0,9 400 0
1252| 0,9 400 0
1253| 0,9 400 0
1254| 0,9 400 0
1255| 0,9 400 0
1256| 0,9 400 0
1257| 0,9 400 0
1258| 0,9 400 0
1259| 0,9 400 0
1260| 0,9 400 0
1261| 0,9 400 0
1262| 0,9 400 0
1263| 0,9 400 0
1264| 0,9 400 0
1265| 0,9 400 0
1266| 0,9 400 0
1267| 0,9 400 0
1268| 0,9 400 0
1269| 0,9 400 0
1270| 1,2 400 0
1271| 1,5 400 0
1272| 1,5 400 0
1273| 1,5 400 0
1274| 1,5 400 0
1275| 1,5 400 0
1276| 1,5 400 0
1277| 1,5 400 0
1278| 1,5 400 0
1279| 1,5 400 0
1280| 1,5 400 0
1281| 1,5 400 0
1282| 1,8 400 0
1283| 2,1 400 0
1284| 2,4 400 0
1285| 2,4 400 0
1286| 2,4 400 0
1287| 2,4 400 0
1288| 2,4 400 0
1289| 2,7 400 0
1290| 2,7 400 0
1291| 2,7 400 0
1292| 2,7 400 0
1293| 2,7 400 0
1294| 2,7 400 0
1295| 2,7 400 0
1296| 2,7 400 0
1297| 2,7 400 0
1298| 2,7 400 0
1299| 2,7 400 0
1300| 2,7 400 0
1301| 2,7 400 0
1302| 2,7 400 0
1303| 2,7 400 0
1304| 2,7 400 0
1305| 2,7 400 0
1306| 2,7 400 0
1307| 2,7 400 0
1308| 2,7 400 0
1309| 2,7 400 0
1310| 2,7 400 0
1311| 2,7 400 0
1312| 2,7 400 0
1313| 2,7 400 0
1314| 2,7 400 0
1315| 2,7 400 0
1316| 2,7 400 0
1317| 2,7 400 0
1318| 2,7 400 0
1319| 2,7 400 0
1320| 2,7 400 0
1321| 2,7 400 0
1322| 2,7 400 0
1323| 2,7 400 0
1324| 2,7 400 0
1325| 2,7 400 0
1326| 2,7 400 0
1327| 2,7 400 0
1328| 2,7 400 0
1329| 2,7 400 0
1330| 2,7 400 0
1331| 2,7 400 0
1332| 2,7 400 0
1333| 2,7 400 0
1334| 2,7 400 0
1335| 2,7 400 0
1336| 2,7 400 0
1337| 2,7 400 0
1338| 2,7 400 0
1339| 2,7 400 0
1340| 2,7 400 0
1341| 2,7 400 0
1342| 2,7 400 0
1343| 2,7 400 0
1344| 2,7 400 0
1345| 2,7 400 0
1346| 2,7 400 0
1347| 2,7 400 0
1348| 2,7 400 0
1349| 2,7 400 0
1350| 0 400 0
1351| -0,3 400 0
1352| -0,3 400 0
1353| -0,3 400 0
1354| -0,3 400 0
1355| -0,3 400 0
1356| -0,3 400 0
1357| -0,3 400 0
1358| -0,3 400 0
1359| -0,3 400 0
1360| -0,3 400 0
1361| -0,3 400 0
1362| -0,3 400 0
1363| -0,3 400 0
1364| -0,3 400 0
1365| -0,3 400 0
1366| -0,3 400 0
1367| 0 400 0
1368| 0,3 400 0
1369| 0,3 400 0
1370| 0,3 400 0
1371| 0,3 400 0
1372| 0,3 400 0
1373| 0,3 400 0
1374| 0,3 400 0
1375| 0,3 400 0
1376| 0,3 400 0
1377| 0,3 400 0
1378| 0,3 400 0
1379| 0,3 400 0
1380| 0,3 400 0
1381| 0,3 400 0
1382| 0,3 400 0
1383| 0,3 400 0
1384| 0,3 400 0
1385| 0,3 400 0
1386| 0,3 400 0
1387| 0,3 400 0
1388| 0,3 400 0
1389| 0,3 400 0
1390| 0,3 400 0
1391| 0,3 400 0
1392| 0,6 400 0
1393| 0,9 400 0
1394| 1,2 400 0
1395| 1,5 400 0
1396| 1,8 400 0
1397| 1,8 400 0
1398| 1,8 400 0
1399| 1,8 400 0
1400| 1,8 400 0
1401| 1,8 400 0
1402| 1,8 400 0
1403| 1,8 400 0
1404| 1,8 400 0
1405| 1,8 400 0
1406| 1,8 400 0
1407| 1,8 400 0
1408| 2,1 400 0
1409| 2,4 400 0
1410| 2,7 400 0
1411| 3 400 0
1412| 3 400 0
1413| 3 400 0
1414| 3 400 0
1415| 3 400 0
1416| 3 400 0
1417| 3 400 0
1418| 3 400 0
1419| 3 400 0
1420| 3 400 0
1421| 3 400 0
1422| 3 400 0
1423| 3 400 0
1424| 3 400 0
1425| 3 400 0
1426| 3 400 0
1427| 3 400 0
1428| 3 400 0
1429| 3 400 0
1430| 3 400 0
1431| 3 400 0
1432| 3 400 0
1433| 3 400 0
1434| 3 400 0
1435| 3 400 0
1436| 3 400 0
1437| 3 400 0
1438| 3 400 0
1439| 3 400 0
1440| 3 400 0
1441| 3 400 0
1442| 0 400 0
1443| -0,3 400 0
1444| -0,6 400 0
1445| -0,6 400 0
1446| -0,6 400 0
1447| -0,6 400 0
1448| -0,6 400 0
1449| -0,6 400 0
1450| -0,6 400 0
1451| -0,6 400 0
1452| -0,6 400 0
1453| -0,6 400 0
1454| -0,6 400 0
1455| -0,6 400 0
1456| -0,6 400 0
1457| -0,6 400 0
1458| -0,6 400 0
1459| -0,6 400 0
1460| -0,6 400 0
1461| -0,6 400 0
1462| -0,6 400 0
1463| -0,6 400 0
1464| -0,6 400 0
1465| -0,6 400 0
1466| -0,6 400 0
1467| -0,6 400 0
1468| -0,6 400 0
1469| -0,6 400 0
1470| -0,6 400 0
1471| -0,6 400 0
1472| -0,6 400 0
1473| -0,6 400 0
1474| -0,6 400 0
1475| -0,6 400 0
1476| -0,6 400 0
1477| -0,6 400 0
1478| -0,6 400 0
1479| 0 400 0
1480| 0,3 400 0
1481| 0,6 400 0
1482| 0,6 400 0
1483| 0,6 400 0
1484| 0,6 400 0
1485| 0,6 400 0
1486| 0,6 400 0
1487| 0,6 400 0
1488| 0,6 400 0
1489| 0,6 400 0
1490| 0,6 400 0
1491| 0,6 400 0
1492| 0,6 400 0
1493| 0,6 400 0
1494| 0,6 400 0
1495| 0,6 400 0
1496| 0,6 400 0
1497| 0,6 400 0
1498| 0,6 400 0
1499| 0,6 400 0
1500| 0,6 400 0
1501| 0,6 400 0
1502| 0,6 400 0
1503| 0,6 400 0
1504| 0,6 400 0
1505| 0,6 400 0
1506| 0,6 400 0
1507| 0,6 400 0
1508| 0,6 400 0
1509| 0,6 400 0
1510| 0,6 400 0
1511| 0,6 400 0
1512| 0,6 400 0
1513| 0,6 400 0
1514| 0,6 400 0
1515| 0,6 400 0
1516| 0,6 400 0
1517| 0,6 400 0
1518| 0,6 400 0
1519| 0,6 400 0
1520| 0,6 400 0
1521| 0,6 400 0
1522| 0,6 400 0
1523| 0,6 400 0
1524| 0,6 400 0
1525| 0,6 400 0
1526| 0,6 400 0
1527| 0,6 400 0
1528| 0,6 400 0
1529| 0,6 400 0
1530| 0,6 400 0
1531| 0,6 400 0
1532| 0,6 400 0
1533| 0,6 400 0
1534| 0,6 400 0
1535| 0,6 400 0
1536| 0,6 400 0
1537| 0,6 400 0
1538| 0,6 400 0
1539| 0,6 400 0
1540| 0,6 400 0
1541| 0,6 400 0
1542| 0,6 400 0
1543| 0,6 400 0
1544| 0,6 400 0
1545| 0,6 400 0
1546| 0,6 400 0
1547| 0,6 400 0
1548| 0,6 400 0
1549| 0,6 400 0
1550| 0,6 400 0
1551| 0,6 400 0
1552| 0,6 400 0
1553| 0,6 400 0
1554| 0,6 400 0
1555| 0,6 400 0
1556| 0,6 400 0
1557| 0,6 400 0
1558| 0,6 400 0
1559| 0,6 400 0
1560| 0,6 400 0
1561| 0,6 400 0
1562| 0,6 400 0
1563| 0,6 400 0
1564| 0,6 400 0
1565| 0,6 400 0
1566| 0,6 400 0
1567| 0,6 400 0
1568| 0,6 400 0
1569| 0,6 400 0
1570| 0,6 400 0
1571| 0,6 400 0
1572| 0,6 400 0
1573| 0,6 400 0
1574| 0,6 400 0
1575| 0,6 400 0
1576| 0,6 400 0
1577| 0,6 400 0
1578| 0,6 400 0
1579| 0,6 400 0
1580| 0,6 400 0
1581| 0,6 400 0
1582| 0,6 400 0
1583| 0,6 400 0
1584| 0,6 400 0
1585| 0,6 400 0
1586| 0,6 400 0
1587| 0,6 400 0
1588| 0,6 400 0
1589| 0,6 400 0
1590| 0,6 400 0
1591| 0,6 400 0
1592| 0,6 400 0
1593| 0,6 400 0
1594| 0,6 400 0
1595| 0,6 400 0
1596| 0,6 400 0
1597| 0,6 400 0
1598| 0,6 400 0
1599| 0,6 400 0
1600| 0,6 400 0
1601| 0,6 400 0
1602| 0,6 400 0
1603| 0,6 400 0
1604| 0,6 400 0
1605| 0,6 400 0
1606| 0,6 400 0
1607| 0,6 400 0
1608| 0,6 400 0
1609| 0,6 400 0
1610| 0,6 400 0
1611| 0,6 400 0
1612| 0,6 400 0
1613| 0,6 400 0
1614| 0,6 400 0
1615| 0,6 400 0
1616| 0,6 400 0
1617| 0,6 400 0
1618| 0,6 400 0
1619| 0,6 400 0
1620| 0,6 400 0
1621| 0,6 400 0
1622| 0,6 400 0
1623| 0,6 400 0
1624| 0,6 400 0
1625| 0,6 400 0
1626| 0,6 400 0
1627| 0 400 0
1628| -0,3 400 0
1629| -0,6 400 0
1630| -0,9 400 0
1631| -0,9 400 0
1632| -0,9 400 0
1633| -0,9 400 0
1634| -0,9 400 0
1635| -0,9 400 0
1636| -0,9 400 0
1637| -0,9 400 0
1638| -0,9 400 0
1639| -0,9 400 0
1640| -0,9 400 0
1641| -0,9 400 0
1642| -0,9 400 0
1643| -0,9 400 0
1644| -0,9 400 0
1645| -0,9 400 0
1646| -0,9 400 0
1647| -0,9 400 0
1648| -0,9 400 0
1649| -0,9 400 0
1650| -0,9 400 0
1651| -0,9 400 0
1652| -0,9 400 0
1653| -0,9 400 0
1654| -0,9 400 0
1655| -0,9 400 0
1656| -0,9 400 0
1657| -0,9 400 0
1658| -0,9 400 0
1659| -0,9 400 0
1660| -0,9 400 0
1661| -0,9 400 0
1662| -0,9 400 0
1663| -0,9 400 0
1664| -0,9 400 0
1665| -0,9 400 0
1666| -0,9 400 0
1667| -0,9 400 0
1668| -0,9 400 0
1669| -0,9 400 0
1670| -0,9 400 0
1671| -0,9 400 0
1672| -0,9 400 0
1673| -0,9 400 0
1674| -0,9 400 0
1675| -0,9 400 0
1676| -0,9 400 0
1677| -0,9 400 0
1678| -0,9 400 0
1679| -0,9 400 0
1680| -0,9 400 0
1681| -0,9 400 0
1682| -0,9 400 0
1683| -0,9 400 0
1684| -0,9 400 0
1685| -0,9 400 0
1686| -0,9 400 0
1687| -0,9 400 0
1688| -0,9 400 0
1689| -0,9 400 0
1690| -0,9 400 0
1691| -0,9 400 0
1692| -0,9 400 0
1693| -0,9 400 0
1694| -0,9 400 0
1695| -0,9 400 0
1696| -0,9 400 0
1697| -0,9 400 0
1698| -0,9 400 0
1699| -0,9 400 0
1700| -0,9 400 0
1701| 0 400 0
1702| 0,3 400 0
1703| 0,6 400 0
1704| 0,6 400 0
1705| 0,6 400 0
1706| 0,6 400 0
1707| 0,6 400 0
1708| 0,6 400 0
1709| 0,6 400 0
1710| 0,6 400 0
1711| 0,6 400 0
1712| 0,6 400 0
1713| 0,6 400 0
1714| 0,6 400 0
1715| 0,6 400 0
1716| 0,6 400 0
1717| 0,6 400 0
1718| 0,6 400 0
1719| 0,6 400 0
1720| 0,6 400 0
1721| 0,6 400 0
1722| 0,6 400 0
1723| 0,6 400 0
1724| 0,6 400 0
1725| 0,6 400 0
1726| 0,6 400 0
1727| 0,6 400 0
1728| 0,6 400 0
1729| 0,6 400 0
1730| 0,6 400 0
1731| 0,6 400 0
1732| 0,6 400 0
1733| 0,6 400 0
1734| 0,6 400 0
1735| 0,6 400 0
1736| 0,6 400 0
1737| 0,6 400 0
1738| 0,6 400 0
1739| 0,6 400 0
1740| 0,6 400 0
1741| 0,6 400 0
1742| 0,6 400 0
1743| 0,6 400 0
1744| 0,6 400 0
1745| 0,6 400 0
1746| 0,6 400 0
1747| 0,6 400 0
1748| 0,6 400 0
1749| 0,6 400 0
1750| 0,6 400 0
1751| 0,6 400 0
1752| 0,6 400 0
1753| 0,6 400 0
1754| 0,6 400 0
1755| 0,6 400 0
1756| 0,6 400 0
1757| 0,6 400 0
1758| 0,6 400 0
1759| 0,6 400 0
1760| 0,6 400 0
1761| 0,6 400 0
1762| 0,6 400 0
1763| 0,6 400 0
1764| 0,6 400 0
1765| 0,6 400 0
1766| 0,6 400 0
1767| 0,6 400 0
1768| 0,6 400 0
1769| 0,6 400 0
1770| 0,6 400 0
1771| 0,6 400 0
1772| 0,6 400 0
1773| 0,6 400 0
1774| 0,6 400 0
1775| 0,6 400 0
1776| 0,6 400 0
1777| 0,6 400 0
1778| 0,6 400 0
1779| 0,6 400 0
1780| 0,6 400 0
1781| 0,6 400 0
1782| 0,6 400 0
1783| 0,6 400 0
1784| 0,6 400 0
1785| 0,6 400 0
1786| 0,6 400 0
1787| 0,6 400 0
1788| 0,6 400 0
1789| 0,6 400 0
1790| 0,6 400 0
1791| 0,6 400 0
1792| 0,6 400 0
1793| 0,6 400 0
1794| 0,6 400 0
1795| 0,6 400 0
1796| 0,6 400 0
1797| 0,6 400 0
1798| 0,6 400 0
1799| 0,6 400 0
1800| 0,6 400 0
1801| 0,6 400 0
1802| 0,6 400 0
1803| 0,6 400 0
1804| 0,6 400 0
1805| 0,6 400 0
1806| 0,6 400 0
1807| 0,6 400 0
1808| 0,6 400 0
1809| 0,6 400 0
1810| 0,6 400 0
1811| 0,6 400 0
1812| 0,6 400 0
1813| 0,6 400 0
1814| 0,6 400 0
1815| 0,6 400 0
1816| 0,6 400 0
1817| 0,6 400 0
1818| 0,6 400 0
1819| 0,6 400 0
1820| 0,6 400 0
1821| 0,6 400 0
1822| 0,6 400 0
1823| 0,6 400 0
1824| 0,6 400 0
1825| 0,6 400 0
1826| 0,6 400 0
1827| 0,6 400 0
1828| 0,6 400 0
1829| 0,6 400 0
1830| 0,6 400 0
1831| 0,6 400 0
1832| 0,6 400 0
1833| 0,6 400 0
1834| 0,6 400 0
1835| 0,6 400 0
1836| 0,6 400 0
1837| 0,6 400 0
1838| 0,6 400 0
1839| 0,6 400 0
1840| 0,6 400 0
1841| 0,6 400 0
1842| 0,6 400 0
1843| 0,6 400 0
1844| 0,6 400 0
1845| 0,6 400 0
1846| 0 400 0
1847| -0,3 400 0
1848| -0,3 400 0
1849| -0,3 400 0
1850| -0,3 400 0
1851| -0,3 400 0
1852| -0,3 400 0
1853| -0,3 400 0
1854| -0,3 400 0
1855| -0,3 400 0
1856| -0,3 400 0
1857| -0,3 400 0
1858| -0,3 400 0
1859| -0,3 400 0
1860| -0,3 400 0
1861| -0,3 400 0
1862| -0,3 400 0
1863| -0,3 400 0
1864| -0,3 400 0
1865| -0,3 400 0
1866| -0,3 400 0
1867| -0,3 400 0
1868| -0,3 400 0
1869| -0,3 400 0
1870| -0,3 400 0
1871| -0,3 400 0
1872| -0,3 400 0
1873| -0,3 400 0
1874| -0,3 400 0
1875| -0,3 400 0
1876| -0,3 400 0
1877| -0,3 400 0
1878| -0,3 400 0
1879| -0,3 400 0
1880| -0,3 400 0
1881| -0,3 400 0
1882| -0,3 400 0
1883| -0,3 400 0
1884| -0,3 400 0
1885| -0,3 400 0
1886| -0,3 400 0
1887| -0,3 400 0
1888| -0,3 400 0
1889| -0,3 400 0
1890| -0,3 400 0
1891| -0,3 400 0
1892| -0,3 400 0
1893| -0,3 400 0
1894| -0,3 400 0
1895| -0,3 400 0
1896| -0,3 400 0
1897| -0,3 400 0
1898| -0,3 400 0
1899| -0,3 400 0
1900| -0,3 400 0
1901| -0,3 400 0
1902| -0,3 400 0
1903| -0,3 400 0
1904| -0,3 400 0
1905| -0,3 400 0
1906| -0,3 400 0
1907| -0,3 400 0
1908| -0,3 400 0
1909| -0,3 400 0
1910| -0,3 400 0
1911| -0,3 400 0
1912| -0,3 400 0
1913| -0,3 400 0
1914| -0,3 400 0
1915| -0,3 400 0
1916| -0,3 400 0
1917| -0,3 400 0
1918| -0,3 400 0
1919| -0,3 400 0
1920| -0,3 400 0
1921| -0,3 400 0
1922| -0,3 400 0
1923| -0,3 400 0
1924| -0,3 400 0
1925| -0,3 400 0
1926| -0,3 400 0
1927| -0,3 400 0
1928| -0,3 400 0
1929| -0,3 400 0
1930| -0,3 400 0
1931| -0,3 400 0
1932| -0,3 400 0
1933| -0,3 400 0
1934| -0,3 400 0
1935| -0,3 400 0
1936| -0,3 400 0
1937| -0,3 400 0
1938| -0,3 400 0
1939| -0,3 400 0
1940| -0,3 400 0
1941| -0,3 400 0
1942| -0,3 400 0
1943| -0,3 400 0
1944| -0,3 400 0
1945| -0,3 400 0
1946| -0,3 400 0
1947| -0,3 400 0
1948| -0,3 400 0
1949| -0,3 400 0
1950| -0,3 400 0
1951| -0,3 400 0
1952| -0,3 400 0
1953| -0,3 400 0
1954| -0,3 400 0
1955| -0,3 400 0
1956| -0,3 400 0
1957| -0,3 400 0
1958| -0,3 400 0
1959| -0,3 400 0
1960| -0,3 400 0
1961| -0,3 400 0
1962| -0,3 400 0
1963| -0,3 400 0
1964| -0,3 400 0
1965| -0,3 400 0
1966| -0,3 400 0
1967| -0,3 400 0
1968| -0,3 400 0
1969| -0,3 400 0
1970| -0,3 400 0
1971| -0,3 400 0
1972| -0,3 400 0
1973| -0,3 400 0
1974| -0,3 400 0
1975| -0,3 400 0
1976| -0,3 400 0
1977| -0,3 400 0
1978| -0,3 400 0
1979| -0,3 400 0
1980| -0,3 400 0
1981| -0,3 400 0
1982| -0,3 400 0
1983| -0,3 400 0
1984| -0,3 400 0
1985| -0,3 400 0
1986| -0,3 400 0
1987| -0,3 400 0
1988| -0,3 400 0
1989| -0,3 400 0
1990| -0,3 400 0
1991| -0,3 400 0
1992| -0,3 400 0
1993| -0,3 400 0
1994| -0,3 400 0
1995| -0,3 400 0
1996| -0,3 400 0
1997| -0,3 400 0
1998| -0,3 400 0
1999| -0,3 400 0
2000| -0,3 400 0
2001| -0,3 400 0
2002| -0,3 400 0
2003| -0,3 400 0
2004| -0,3 400 0
2005| -0,3 400 0
2006| -0,3 400 0
2007| -0,3 400 0
2008| -0,3 400 0
2009| -0,3 400 0
2010| -0,3 400 0
2011| -0,3 400 0
2012| -0,3 400 0
2013| -0,3 400 0
2014| -0,3 400 0
2015| -0,3 400 0
2016| -0,3 400 0
2017| -0,3 400 0
2018| -0,3 400 0
2019| -0,3 400 0
2020| -0,3 400 0
2021| -0,3 400 0
2022| -0,3 400 0
2023| -0,3 400 0
2024| -0,3 400 0
2025| -0,3 400 0
2026| -0,3 400 0
2027| -0,3 400 0
2028| -0,3 400 0
2029| -0,3 400 0
2030| -0,3 400 0
2031| -0,3 400 0
2032| -0,3 400 0
2033| -0,3 400 0
2034| -0,3 400 0
2035| -0,3 400 0
2036| -0,3 400 0
2037| -0,3 400 0
2038| -0,3 400 0
2039| -0,3 400 0
2040| -0,3 400 0
2041| -0,3 400 0
2042| -0,3 400 0
2043| -0,3 400 0
2044| -0,3 400 0
2045| -0,3 400 0
2046| -0,3 400 0
2047| -0,3 400 0
2048| -0,3 400 0
2049| -0,3 400 0
2050| -0,3 400 0
2051| -0,3 400 0
2052| -0,3 400 0
2053| -0,3 400 0
2054| -0,3 400 0
2055| -0,3 400 0
2056| -0,3 400 0
2057| -0,3 400 0
2058| -0,3 400 0
2059| -0,3 400 0
2060| -0,3 400 0
2061| -0,3 400 0
2062| -0,3 400 0
2063| -0,3 400 0
2064| -0,3 400 0
2065| -0,3 400 0
2066| -0,3 400 0
2067| -0,3 400 0
2068| -0,3 400 0
2069| -0,3 400 0
2070| -0,3 400 0
2071| -0,3 400 0
2072| -0,3 400 0
2073| -0,3 400 0
2074| -0,3 400 0
2075| -0,3 400 0
2076| -0,3 400 0
2077| -0,3 400 0
2078| -0,3 400 0
2079| -0,3 400 0
2080| -0,3 400 0
2081| -0,3 400 0
2082| -0,3 400 0
2083| -0,3 400 0
2084| -0,3 400 0
2085| -0,3 400 0
2086| -0,3 400 0
2087| -0,3 400 0
2088| -0,3 400 0
2089| -0,3 400 0
2090| -0,3 400 0
2091| -0,3 400 0
2092| -0,3 400 0
2093| -0,3 400 0
2094| -0,3 400 0
2095| -0,3 400 0
2096| -0,3 400 0
2097| -0,3 400 0
2098| -0,3 400 0
2099| -0,3 400 0
2100| -0,3 400 0
2101| -0,3 400 0
2102| -0,3 400 0
2103| -0,3 400 0
2104| -0,3 400 0
2105| -0,3 400 0
2106| -0,3 400 0
2107| -0,3 400 0
2108| -0,3 400 0
2109| -0,3 400 0
2110| -0,3 400 0
2111| -0,3 400 0
2112| -0,3 400 0
2113| -0,3 400 0
2114| -0,3 400 0
2115| -0,3 400 0
2116| -0,3 400 0
2117| -0,3 400 0
2118| -0,3 400 0
2119| -0,3 400 0
2120| -0,3 400 0
2121| -0,3 400 0
2122| -0,3 400 0
2123| -0,3 400 0
2124| -0,3 400 0
2125| -0,3 400 0
2126| -0,3 400 0
2127| -0,3 400 0
2128| -0,3 400 0
2129| -0,3 400 0
2130| -0,3 400 0
2131| -0,3 400 0
2132| -0,3 400 0
2133| -0,3 400 0
2134| -0,3 400 0
2135| -0,3 400 0
2136| -0,3 400 0
2137| -0,3 400 0
2138| -0,3 400 0
2139| -0,3 400 0
2140| -0,3 400 0
2141| -0,3 400 0
2142| -0,3 400 0
2143| -0,3 400 0
2144| -0,3 400 0
2145| -0,3 400 0
2146| -0,3 400 0
2147| -0,3 400 0
2148| -0,3 400 0
2149| -0,3 400 0
2150| -0,3 400 0
2151| -0,3 400 0
2152| -0,3 400 0
2153| -0,3 400 0
2154| -0,3 400 0
2155| -0,3 400 0
2156| -0,3 400 0
2157| -0,3 400 0
2158| -0,3 400 0
2159| -0,3 400 0
2160| -0,3 400 0
2161| -0,3 400 0
2162| -0,3 400 0
2163| -0,3 400 0
2164| -0,3 400 0
2165| -0,3 400 0
2166| -0,3 400 0
2167| -0,3 400 0
2168| -0,3 400 0
2169| -0,3 400 0
2170| -0,3 400 0
2171| -0,3 400 0
2172| -0,3 400 0
2173| -0,3 400 0
2174| -0,3 400 0
2175| -0,3 400 0
2176| -0,3 400 0
2177| -0,3 400 0
2178| -0,3 400 0
2179| -0,3 400 0
2180| -0,3 400 0
2181| -0,3 400 0
2182| -0,3 400 0
2183| -0,3 400 0
2184| -0,3 400 0
2185| -0,3 400 0
2186| -0,3 400 0
2187| -0,3 400 0
2188| -0,3 400 0
2189| -0,3 400 0
2190| -0,3 400 0
2191| -0,3 400 0
2192| -0,3 400 0
2193| -0,3 400 0
2194| -0,3 400 0
2195| -0,3 400 0
2196| -0,3 400 0
2197| -0,3 400 0
2198| -0,3 400 0
2199| -0,3 400 0
2200| -0,3 400 0
2201| -0,3 400 0
2202| -0,3 400 0
2203| 0 400 0
2204| 0,3 400 0
2205| 0,6 400 0
2206| 0,9 400 0
2207| 0,9 400 0
2208| 0,9 400 0
2209| 0,9 400 0
2210| 0,9 400 0
2211| 0,9 400 0
2212| 1,2 400 0
2213| 1,5 400 0
2214| 1,5 400 0
2215| 1,5 400 0
2216| 1,5 400 0
2217| 1,5 400 0
2218| 1,5 400 0
2219| 1,5 400 0
2220| 1,5 400 0
2221| 1,5 400 0
2222| 1,5 400 0
2223| 1,5 400 0
2224| 1,5 400 0
2225| 1,5 400 0
2226| 1,5 400 0
2227| 1,5 400 0
2228| 1,5 400 0
2229| 1,5 400 0
2230| 1,5 400 0
2231| 1,5 400 0
2232| 1,5 400 0
2233| 1,5 400 0
2234| 1,5 400 0
2235| 1,5 400 0
2236| 1,5 400 0
2237| 1,5 400 0
2238| 1,5 400 0
2239| 1,5 400 0
2240| 1,5 400 0
2241| 1,5 400 0
2242| 1,5 400 0
2243| 1,5 400 0
2244| 1,5 400 0
2245| 1,5 400 0
2246| 1,5 400 0
2247| 1,5 400 0
2248| 1,5 400 0
2249| 1,5 400 0
2250| 1,5 400 0
2251| 1,5 400 0
2252| 1,5 400 0
2253| 1,5 400 0
2254| 1,5 400 0
2255| 1,5 400 0
2256| 1,5 400 0
2257| 1,5 400 0
2258| 1,5 400 0
2259| 1,5 400 0
2260| 1,5 400 0
2261| 1,5 400 0
2262| 1,5 400 0
2263| 1,5 400 0
2264| 1,5 400 0
2265| 1,5 400 0
2266| 1,5 400 0
2267| 1,5 400 0
2268| 1,5 400 0
2269| 1,5 400 0
2270| 1,5 400 0
2271| 1,5 400 0
2272| 1,5 400 0
2273| 1,5 400 0
2274| 1,5 400 0
2275| 1,5 400 0
2276| 1,5 400 0
2277| 1,5 400 0
2278| 1,5 400 0
2279| 1,5 400 0
2280| 1,5 400 0
2281| 1,5 400 0
2282| 1,8 400 0
2283| 2,1 400 0
2284| 2,4 400 0
2285| 2,7 400 0
2286| 3 400 0
2287| 3 400 0
2288| 3 400 0
2289| 3 400 0
2290| 3 400 0
2291| 3 400 0
2292| 3 400 0
2293| 3 400 0
2294| 3 400 0
2295| 3 400 0
2296| 3 400 0
2297| 3 400 0
2298| 3 400 0
2299| 3 400 0
2300| 3 400 0
2301| 3 400 0
2302| 3 400 0
2303| 3 400 0
2304| 3 400 0
2305| 3 400 0
2306| 3 400 0
2307| 3 400 0
2308| 3 400 0
2309| 3 400 0
2310| 3 400 0
2311| 3 400 0
2312| 3 400 0
2313| 3 400 0
2314| 3 400 0
2315| 3 400 0
2316| 3 400 0
2317| 3 400 0
2318| 3 400 0
2319| 3 400 0
2320| 3 400 0
2321| 3 400 0
2322| 3 400 0
2323| 3 400 0
2324| 3 400 0
2325| 3 400 0
2326| 3 400 0
2327| 3 400 0
2328| 3 400 0
2329| 3 400 0
2330| 3 400 0
2331| 3 400 0
2332| 3 400 0
2333| 3 400 0
2334| 3 400 0
2335| 3 400 0
2336| 3 400 0
2337| 3 400 0
2338| 3 400 0
2339| 3 400 0
2340| 3 400 0
2341| 3 400 0
2342| 3 400 0
2343| 3 400 0
2344| 3 400 0
2345| 3 400 0
2346| 3 400 0
2347| 3 400 0
2348| 3 400 0
2349| 3 400 0
2350| 3 400 0
2351| 3 400 0
2352| 3 400 0
2353| 3 400 0
2354| 3 400 0
2355| 3 400 0
2356| 3 400 0
2357| 3 400 0
2358| 3 400 0
2359| 3 400 0
2360| 3 400 0
2361| 3 400 0
2362| 3 400 0
2363| 3 400 0
2364| 3 400 0
2365| 3 400 0
2366| 3 400 0
2367| 3 400 0
2368| 3 400 0
2369| 3 400 0
2370| 3 400 0
2371| 3 400 0
2372| 3 400 0
2373| 3 400 0
2374| 3 400 0
2375| 3 400 0
2376| 3 400 0
2377| 3 400 0
2378| 3 400 0
2379| 3 400 0
2380| 3 400 0
2381| 3 400 0
2382| 3 400 0
2383| 3 400 0
2384| 3 400 0
2385| 3 400 0
2386| 0 400 0
2387| 0 400 0
2388| 0 400 0
2389| 0 400 0
2390| 0 400 0
2391| 0 400 0
2392| 0 400 0
2393| 0 400 0
2394| 0 400 0
2395| 0 400 0
2396| 0 400 0
2397| 0 400 0
2398| 0 400 0
2399| 0 400 0
2400| 0 400 0
2401| 0 400 0
2402| 0 400 0
2403| 0 400 0
2404| 0 400 0
2405| 0 400 0
2406| 0 400 0
2407| 0 400 0
2408| 0 400 0
2409| 0 400 0
2410| 0 400 0
2411| 0 400 0
2412| 0 400 0
2413| 0 400 0
2414| 0 400 0
2415| 0 400 0
2416| 0 400 0
2417| 0 400 0
2418| 0 400 0
2419| 0 400 0
2420| 0 400 0
2421| 0 400 0
2422| 0 400 0
2423| 0 400 0
2424| 0 400 0
2425| 0 400 0
2426| 0 400 0
2427| 0 400 0
2428| 0 400 0
2429| 0 400 0
2430| 0 400 0
2431| 0 400 0
2432| 0 400 0
2433| 0 400 0
2434| 0 400 0
2435| 0 400 0
2436| 0 400 0
2437| 0 400 0
2438| 0 400 0
2439| 0 400 0
2440| 0 400 0
2441| 0 400 0
2442| 0 400 0
2443| 0 400 0
2444| 0 400 0
2445| 0 400 0
2446| 0 400 0
2447| 0 400 0
2448| 0 400 0
2449| 0 400 0
2450| 0 400 0
2451| 0 400 0
2452| 0 400 0
2453| 0 400 0
2454| 0 400 0
2455| 0 400 0
2456| 0 400 0
2457| 0 400 0
2458| 0 400 0
2459| 0 400 0
2460| 0 400 0
2461| 0 400 0
2462| 0 400 0
2463| 0 400 0
2464| 0 400 0
2465| 0 400 0
2466| 0 400 0
2467| 0 400 0
2468| 0 400 0
2469| 0 400 0
2470| 0 400 0
2471| 0 400 0
2472| 0 400 0
2473| 0 400 0
2474| 0 400 0
2475| 0 400 0
2476| 0 400 0
2477| 0 400 0
2478| 0 400 0
2479| 0 400 0
2480| 0 400 0
2481| 0 400 0
2482| 0 400 0
2483| 0 400 0
2484| 0 400 0
2485| 0 400 0
2486| 0 400 0
2487| 0 400 0
2488| 0 400 0
2489| 0 400 0
2490| 0 400 0
2491| 0 400 0
2492| 0 400 0
2493| 0 400 0
2494| 0 400 0
2495| 0 400 0
2496| 0 400 0
2497| 0 400 0
2498| 0 400 0
2499| 0 400 0
2500| 0 400 0
2501| 0 400 0
2502| 0 400 0
2503| 0 400 0
2504| 0 400 0
2505| 0 400 0
2506| 0 400 0
2507| 0 400 0
2508| 0 400 0
2509| 0 400 0
2510| 0 400 0
2511| 0 400 0
2512| 0 400 0
2513| 0 400 0
2514| 0 400 0
2515| 0 400 0
2516| 0 400 0
2517| 0 400 0
2518| 0 400 0
2519| 0 400 0
2520| 0 400 0
2521| 0 400 0
2522| 0 400 0
2523| 0 400 0
2524| 0 400 0
2525| 0 400 0
2526| 0 400 0
2527| 0 400 0
2528| 0 400 0
2529| 0 400 0
2530| 0 400 0
2531| 0 400 0
2532| 0 400 0
2533| 0 400 0
2534| 0 400 0
2535| 0 400 0
2536| 0 400 0
2537| 0 400 0
2538| 0 400 0
2539| 0 400 0
2540| 0 400 0
2541| 0 400 0
2542| 0 400 0
2543| 0 400 0
2544| 0 400 0
2545| 0 400 0
2546| 0 400 0
2547| 0 400 0
2548| 0 400 0
2549| 0 400 0
2550| 0 400 0
2551| 0 400 0
2552| 0 400 0
2553| 0 400 0
2554| 0 400 0
2555| 0 400 0
2556| 0 400 0
2557| 0 400 0
2558| 0 400 0
2559| 0 400 0
2560| 0 400 0
2561| 0 400 0
2562| 0 400 0
2563| 0 400 0
2564| 0 400 0
2565| 0 400 0
2566| 0 400 0
2567| 0 400 0
2568| 0 400 0
2569| 0 400 0
2570| 0 400 0
2571| 0 400 0
2572| 0 400 0
2573| 0 400 0
2574| 0 400 0
2575| 0 400 0
2576| 0 400 0
2577| 0 400 0
2578| 0 400 0
2579| 0 400 0
2580| 0 400 0
2581| 0 400 0
2582| 0 400 0
2583| 0 400 0
2584| 0 400 0
2585| 0 400 0
2586| 0 400 0
2587| 0 400 0
2588| 0 400 0
2589| 0 400 0
2590| 0 400 0
2591| 0 400 0
2592| 0 400 0
2593| 0 400 0
2594| 0 400 0
2595| 0 400 0
2596| 0 400 0
2597| 0 400 0
2598| 0 400 0
2599| 0 400 0
2600| 0 400 0
2601| 0 400 0
2602| 0 400 0
2603| 0 400 0
2604| 0 400 0
2605| 0 400 0
2606| 0 400 0
2607| 0 400 0
2608| 0 400 0
2609| 0 400 0

