1| 0 0 0
2| 0 0 0
3| 0 0 0
4| 0 0 0
5| 0 0 0
6| 0 0 0
7| 0 0 0
8| 0 0 0
9| 0 0 0
10| 0 0 0
11| 0 0 0
12| 0 0 0
13| 0 0 0
14| 0 0 0
15| 0 0 0
16| 0 0 0
17| 0 0 0
18| 0 0 0
19| 0 0 0
20| 0 0 0
21| 0 0 0
22| 0 0 0
23| 0 0 0
24| 0 0 0
25| 0 0 0
26| 0 0 0
27| 0 0 0
28| 0 0 0
29| 0 0 0
30| 0 0 0
31| 0 0 0
32| 0 0 0
33| 0 0 0
34| 0 0 0
35| 0 0 0
36| 0 0 0
37| 0 0 0
38| 0 0 0
39| 0 0 0
40| 0 0 0
41| 0 0 0
42| 0 0 0
43| 0 4 0
44| 0 8 0
45| 0 12 0
46| 0 16 0
47| 0 20 0
48| 0 24 0
49| 0 28 0
50| 0 32 0
51| 0 36 0
52| 0 40 0
53| 0 43,99999 0
54| 0 47,99999 0
55| 0 51,99999 0
56| 0 55,99999 0
57| 0 60 0
58| 0 64 0
59| 0 68 0
60| 0 72 0
61| 0 76,00001 0
62| 0 80,00001 0
63| 0 84,00001 0
64| 0 88,00002 0
65| 0 92,00002 0
66| 0 96,00002 0
67| 0 100 0
68| 0 104 0
69| 0 108 0
70| 0 112 0
71| 0 116 0
72| 0 120 0
73| 0 124 0
74| 0 128 0
75| 0 132 0
76| 0 136 0
77| 0 140 0
78| 0 144 0
79| 0 148 0
80| 0 152 0
81| 0 156 0
82| 0 160 0
83| 0 164 0
84| 0 168 0
85| 0 171,9999 0
86| 0 175,9999 0
87| 0 179,9999 0
88| 0 183,9999 0
89| 0 187,9999 0
90| 0 191,9999 0
91| 0 195,9999 0
92| 0 199,9999 0
93| 0 203,9999 0
94| 0 207,9999 0
95| 0 211,9999 0
96| 0 215,9999 0
97| 0 219,9999 0
98| 0 223,9999 0
99| 0 227,9999 0
100| 0 231,9999 0
101| 0 235,9999 0
102| 0 239,9999 0
103| 0 243,9999 0
104| 0 247,9999 0
105| 0 251,9999 0
106| 0 255,9999 0
107| 0 259,9999 0
108| 0 263,9999 0
109| 0 267,9999 0
110| 0 271,9998 0
111| 0 275,9998 0
112| 0 279,9998 0
113| 0 283,9998 0
114| 0 287,9998 0
115| 0 291,9998 0
116| 0 295,9998 0
117| 0 299,9998 0
118| 0 303,9998 0
119| 0 307,9998 0
120| 0 311,9998 0
121| 0 315,9998 0
122| 0 319,9998 0
123| 0 323,9998 0
124| 0 327,9998 0
125| 0 331,9998 0
126| 0 335,9998 0
127| 0 339,9998 0
128| 0 343,9998 0
129| 0 347,9998 0
130| 0 351,9998 0
131| 0 355,9998 0
132| 0 359,9998 0
133| 0 363,9998 0
134| 0 367,9998 0
135| 0 371,9998 0
136| 0 375,9998 0
137| 0 379,9998 0
138| 0 383,9998 0
139| 0 387,9998 0
140| 0 391,9998 0
141| 0 395,9998 0
142| 0 399,9997 0
143| 0 403,9998 0
144| 0 400 0
145| 0 400 0
146| 0 400 0
147| 0 400 0
148| 0 400 0
149| 0 400 0
150| 0 400 0
151| 0 400 0
152| 0 400 0
153| 0 400 0
154| 0 400 0
155| 0 400 0
156| 0 400 0
157| 0 400 0
158| 0 400 0
159| 0 400 0
160| 0 400 0
161| 0 400 0
162| 0 400 0
163| 0 400 0
164| 0 400 0
165| 0 400 0
166| 0 400 0
167| 0 400 0
168| 0 400 0
169| 0 400 0
170| 0 400 0
171| 0 400 0
172| 0 400 0
173| 0 400 0
174| 0 400 0
175| 0 400 0
176| 0 400 0
177| 0 400 0
178| 0 400 0
179| 0 400 0
180| 0 400 0
181| 0 400 0
182| 0 400 0
183| 0 400 0
184| 0 400 0
185| 0 400 0
186| 0 400 0
187| 0 400 0
188| 0 400 0
189| 0 400 0
190| 0 400 0
191| 0 400 0
192| 0 400 0
193| 0 400 0
194| 0 400 0
195| 0 400 0
196| 0 400 0
197| 0 400 0
198| 0 400 0
199| 0 400 0
200| 0,3 400 0
201| 0,6 400 0
202| 0,9 400 0
203| 0,9 400 0
204| 0,9 400 0
205| 0,9 400 0
206| 0,9 400 0
207| 0,9 400 0
208| 0,9 400 0
209| 0,9 400 0
210| 0,9 400 0
211| 0,9 400 0
212| 1,2 400 0
213| 1,5 400 0
214| 1,8 400 0
215| 2,1 400 0
216| 2,4 400 0
217| 2,7 400 0
218| 3 400 0
219| 3,299999 400 0
220| 3,599999 400 0
221| 3,899999 400 0
222| 4,2 400 0
223| 4,5 400 0
224| 4,8 400 0
225| 5,1 400 0
226| 5,4 400 0
227| 5,7 400 0
228| 6 400 0
229| 6,300001 400 0
230| 6,600001 400 0
231| 6,900001 400 0
232| 7,200001 400 0
233| 7,500001 400 0
234| 7,800001 400 0
235| 8,1 400 0
236| 8,4 400 0
237| 8,7 400 0
238| 8,999999 400 0
239| 9,299999 400 0
240| 9,599998 400 0
241| 9,899999 400 0
242| 10,2 400 0
243| 10,5 400 0
244| 10,8 400 0
245| 11,1 400 0
246| 11,4 400 0
247| 11,7 400 0
248| 12 400 0
249| 12,3 400 0
250| 12,6 400 0
251| 12,9 400 0
252| 13,2 400 0
253| 13,5 400 0
254| 13,79999 400 0
255| 14,09999 400 0
256| 14,39999 400 0
257| 14,39999 400 0
258| 14,39999 400 0
259| 14,39999 400 0
260| 14,39999 400 0
261| 14,39999 400 0
262| 14,39999 400 0
263| 14,39999 400 0
264| 14,39999 400 0
265| 14,39999 400 0
266| 14,39999 400 0
267| 14,69999 400 0
268| 14,69999 400 0
269| 14,69999 400 0
270| 14,69999 400 0
271| 14,69999 400 0
272| 14,69999 400 0
273| 14,69999 400 0
274| 14,69999 400 0
275| 14,69999 400 0
276| 14,69999 400 0
277| 14,69999 400 0
278| 14,69999 400 0
279| 14,69999 400 0
280| 14,69999 400 0
281| 14,69999 400 0
282| 0 400 0
283| -0,3 400 0
284| -0,3 400 0
285| -0,3 400 0
286| -0,3 400 0
287| -0,3 400 0
288| -0,3 400 0
289| -0,3 400 0
290| -0,3 400 0
291| -0,3 400 0
292| -0,3 400 0
293| -0,6 400 0
294| -0,9 400 0
295| -1,2 400 0
296| -1,5 400 0
297| -1,8 400 0
298| -2,1 400 0
299| -2,4 400 0
300| -2,7 400 0
301| -3 400 0
302| -3 400 0
303| -3 400 0
304| -3 400 0
305| -3 400 0
306| -3 400 0
307| -3 400 0
308| -3 400 0
309| -3 400 0
310| -3 400 0
311| -3 400 0
312| -3 400 0
313| -3 400 0
314| -3 400 0
315| -3 400 0
316| -3 400 0
317| -3 400 0
318| -3 400 0
319| -3 400 0
320| -3 400 0
321| -3 400 0
322| -3 400 0
323| -3 400 0
324| -3 400 0
325| -3 400 0
326| -3 400 0
327| -3 400 0
328| -3 400 0
329| -3 400 0
330| 0 400 0
331| 0,3 400 0
332| 0,6 400 0
333| 0,9 400 0
334| 1,2 400 0
335| 1,2 400 0
336| 1,2 400 0
337| 1,2 400 0
338| 1,2 400 0
339| 1,2 400 0
340| 1,2 400 0
341| 1,2 400 0
342| 1,2 400 0
343| 1,2 400 0
344| 1,2 400 0
345| 1,2 400 0
346| 1,2 400 0
347| 1,2 400 0
348| 1,2 400 0
349| 1,2 400 0
350| 1,2 400 0
351| 1,2 400 0
352| 1,2 400 0
353| 1,2 400 0
354| 1,2 400 0
355| 1,2 400 0
356| 1,2 400 0
357| 1,2 400 0
358| 1,2 400 0
359| 1,2 400 0
360| 1,2 400 0
361| 1,2 400 0
362| 1,2 400 0
363| 1,2 400 0
364| 1,2 400 0
365| 1,2 400 0
366| 1,2 400 0
367| 1,2 400 0
368| 1,2 400 0
369| 1,2 400 0
370| 1,2 400 0
371| 1,2 400 0
372| 0 400 0
373| 0 400 0
374| 0 400 0
375| 0 400 0
376| 0 400 0
377| 0 400 0
378| 0 400 0
379| 0 400 0
380| 0 400 0
381| 0 400 0
382| 0 400 0
383| 0 400 0
384| 0 400 0
385| 0 400 0
386| 0 400 0
387| 0 400 0
388| 0 400 0
389| 0 400 0
390| 0 400 0
391| 0 400 0
392| 0 400 0
393| 0 400 0
394| -0,3 400 0
395| -0,6 400 0
396| -0,9 400 0
397| -0,9 400 0
398| -0,9 400 0
399| -0,9 400 0
400| -0,9 400 0
401| -0,9 400 0
402| -0,9 400 0
403| -0,9 400 0
404| -0,9 400 0
405| -0,9 400 0
406| -0,9 400 0
407| -0,9 400 0
408| -1,2 400 0
409| -1,5 400 0
410| 0 0 0
411| 0 0 0
412| 0 0 0
413| 0 0 0
414| 0 0 0
415| 0 0 0
416| 0 4 0
417| 0 8 0
418| 0 12 0
419| 0 16 0
420| 0 20 0
421| 0 24 0
422| 0 28 0
423| 0 32 0
424| 0 36 0
425| 0 40 0
426| 0 43,99999 0
427| -0,3 47,99999 0
428| -0,6 51,99999 0
429| -0,9 55,99999 0
430| -1,2 60 0
431| -1,5 64 0
432| -1,5 68 0
433| -1,5 72 0
434| -1,5 76,00001 0
435| -1,5 80,00001 0
436| -1,5 84,00001 0
437| -1,5 88,00002 0
438| -1,5 92,00002 0
439| -1,5 96,00002 0
440| -1,5 100 0
441| -1,5 104 0
442| -1,5 108 0
443| -1,5 112 0
444| -1,5 116 0
445| 0 120 0
446| 0 124 0
447| 0 128 0
448| 0 132 0
449| 0 136 0
450| 0 140 0
451| 0 144 0
452| 0 148 0
453| 0 152 0
454| 0 156 0
455| 0 160 0
456| 0 164 0
457| 0 168 0
458| 0 171,9999 0
459| 0 175,9999 0
460| 0 179,9999 0
461| 0 183,9999 0
462| 0 187,9999 0
463| 0 191,9999 0
464| 0 195,9999 0
465| -0,3 199,9999 0
466| -0,6 203,9999 0
467| -0,6 207,9999 0
468| -0,6 211,9999 0
469| -0,6 215,9999 0
470| -0,6 219,9999 0
471| -0,6 223,9999 0
472| -0,6 227,9999 0
473| -0,6 231,9999 0
474| -0,6 235,9999 0
475| -0,6 239,9999 0
476| -0,6 243,9999 0
477| -0,6 247,9999 0
478| -0,6 251,9999 0
479| -0,6 255,9999 0
480| -0,6 259,9999 0
481| -0,6 263,9999 0
482| -0,6 267,9999 0
483| -0,6 271,9998 0
484| -0,6 275,9998 0
485| -0,6 279,9998 0
486| -0,6 283,9998 0
487| -0,6 287,9998 0
488| -0,6 291,9998 0
489| -0,6 295,9998 0
490| -0,6 299,9998 0
491| -0,6 303,9998 0
492| -0,6 307,9998 0
493| -0,6 311,9998 0
494| -0,6 315,9998 0
495| -0,6 319,9998 0
496| -0,6 323,9998 0
497| -0,6 327,9998 0
498| -0,6 331,9998 0
499| -0,6 335,9998 0
500| -0,6 339,9998 0
501| -0,6 343,9998 0
502| -0,6 347,9998 0
503| -0,6 351,9998 0
504| -0,6 355,9998 0
505| -0,9 359,9998 0
506| -1,2 363,9998 0
507| -1,5 367,9998 0
508| -1,8 371,9998 0
509| -2,1 375,9998 0
510| -2,4 379,9998 0
511| -2,7 383,9998 0
512| -3 383,9998 0
513| -3,299999 383,9998 0
514| -3,599999 383,9998 0
515| -3,899999 383,9998 0
516| -4,2 383,9998 0
517| -4,5 383,9998 0
518| 0 0 0
519| 0 0 0
520| 0 0 0
521| 0 0 0
522| 0 0 0
523| -0,3 0 0
524| -0,6 0 0
525| -0,9 0 0
526| -1,2 0 0
527| -1,5 0 0
528| -1,8 0 0
529| -2,1 0 0
530| -2,4 0 0
531| -2,7 0 0
532| -3 0 0
533| -3,299999 0 0
534| -3,599999 0 0
535| -3,899999 0 0
536| -4,2 0 0
537| -4,5 0 0
538| -4,8 0 0
539| 0 0 0
540| 0 0 0
541| 0 0 0
542| 0 0 0
543| 0 0 0
544| 0 0 0
545| 0 0 0
546| 0 0 0
547| 0 0 0
548| 0 -4 0
549| 0 -8 0
550| 0 -12 0
551| 0 -16 0
552| 0 -20 0
553| 0 -24 0
554| 0 -28 0
555| 0 -32 0
556| 0 -36 0
557| 0 -40 0
558| 0 -43,99999 0
559| 0 -47,99999 0
560| 0 -51,99999 0
561| -0,3 -55,99999 0
562| -0,6 -60 0
563| -0,9 -64 0
564| -1,2 -68 0
565| -1,5 -72 0
566| -1,8 -76,00001 0
567| -1,8 -80,00001 0
568| -1,8 -84,00001 0
569| -1,8 -88,00002 0
570| -1,8 -92,00002 0
571| -1,8 -96,00002 0
572| -1,8 -100 0
573| -1,8 -104 0
574| -1,8 -108 30000
575| -1,8 -112 30000
576| -1,8 -116 30000
577| -1,8 -120 30000
578| -1,8 -124 30000
579| -1,8 -128 30000
580| -1,8 -132 30000
581| -1,8 -136 30000
582| -1,8 -140 30000
583| -1,8 -144 30000
584| -1,8 -148 30000
585| -1,8 -152 30000
586| -1,8 -156 30000
587| -1,8 -160 30000
588| -1,8 -164 30000
589| -1,8 -168 30000
590| -1,8 -171,9999 30000
591| -1,8 -175,9999 30000
592| -1,8 -179,9999 30000
593| -1,8 -183,9999 30000
594| -1,8 -187,9999 30000
595| -1,8 -191,9999 30000
596| -1,8 -195,9999 30000
597| -1,8 -199,9999 30000
598| -1,8 -203,9999 30000
599| -1,8 -207,9999 30000
600| -1,8 -211,9999 30000
601| -1,8 -215,9999 30000
602| -1,8 -219,9999 30000
603| -1,8 -223,9999 30000
604| -1,8 -227,9999 30000
605| -1,8 -231,9999 30000
606| -1,8 -235,9999 30000
607| -1,8 -239,9999 30000
608| -1,8 -243,9999 30000
609| -1,8 -247,9999 30000
610| -1,8 -251,9999 30000
611| -1,8 -255,9999 30000
612| -1,8 -259,9999 30000
613| -1,8 -263,9999 30000
614| -1,8 -267,9999 30000
615| -1,8 -271,9998 30000
616| -1,8 -275,9998 30000
617| -1,8 -279,9998 30000
618| -1,8 -283,9998 30000
619| -1,8 -287,9998 30000
620| -1,8 -291,9998 30000
621| -1,8 -295,9998 30000
622| -1,8 -299,9998 30000
623| -1,8 -303,9998 30000
624| -1,8 -307,9998 30000
625| -1,8 -311,9998 30000
626| -1,8 -315,9998 30000
627| -1,8 -319,9998 30000
628| -1,8 -323,9998 30000
629| -1,8 -327,9998 30000
630| -1,8 -331,9998 30000
631| -1,8 -335,9998 30000
632| -1,8 -339,9998 30000
633| -1,8 -343,9998 30000
634| -1,8 -347,9998 30000
635| -1,8 -351,9998 30000
636| -1,8 -355,9998 30000
637| -1,8 -359,9998 30000
638| -1,8 -363,9998 30000
639| -1,8 -367,9998 30000
640| -1,8 -371,9998 30000
641| -1,8 -375,9998 30000
642| -1,8 -379,9998 30000
643| -1,8 -383,9998 30000
644| -1,8 -387,9998 30000
645| -1,8 -391,9998 30000
646| -1,8 -395,9998 30000
647| -1,8 -399,9997 30000
648| -1,8 -403,9998 30000
649| -1,8 -400 30000
650| -1,8 -400 30000
651| -1,8 -400 30000
652| -1,8 -400 30000
653| -1,8 -400 30000
654| -1,8 -400 0
655| -1,8 -400 0
656| -1,8 -400 0
657| 0 -400 0
658| 0,3 -400 0
659| 0,6 -400 0
660| 0,9 -400 0
661| 1,2 -400 0
662| 1,5 -400 0
663| 1,8 -400 0
664| 2,1 -400 0
665| 2,4 -400 0
666| 2,7 -400 0
667| 3 -400 0
668| 3,299999 -400 0
669| 3,599999 -400 0
670| 3,899999 -400 0
671| 4,2 -400 0
672| 4,5 -400 0
673| 4,8 -400 0
674| 5,1 -400 0
675| 5,4 -400 0
676| 5,7 -400 0
677| 6 -400 0
678| 6,300001 -400 0
679| 6,600001 -400 0
680| 6,900001 -400 0
681| 7,200001 -400 0
682| 7,500001 -400 0
683| 7,800001 -400 0
684| 8,1 -400 0
685| 8,4 -400 0
686| 8,7 -400 0
687| 8,999999 -400 0
688| 9,299999 -400 0
689| 9,599998 -400 0
690| 9,899999 -400 0
691| 10,2 -400 0
692| 10,5 -400 0
693| 10,8 -400 0
694| 11,1 -400 0
695| 11,4 -400 0
696| 11,7 -400 0
697| 12 -400 0
698| 12,3 -400 0
699| 12,6 -400 0
700| 12,9 -400 0
701| 13,2 -400 0
702| 13,5 -400 0
703| 13,79999 -400 0
704| 14,09999 -400 0
705| 14,39999 -400 0
706| 14,69999 -400 0
707| 14,99999 -400 0
708| 15,29999 -400 0
709| 15,59999 -400 0
710| 15,89999 -400 0
711| 16,19999 -400 0
712| 16,49999 -400 0
713| 16,79999 -400 0
714| 17,09999 -400 0
715| 17,39999 -400 0
716| 17,69999 -400 0
717| 17,99999 -400 0
718| 18,29999 -400 0
719| 18,59999 -400 0
720| 18,89999 -400 0
721| 19,19999 -400 0
722| 19,49999 -400 0
723| 19,79999 -400 0
724| 20,09999 -400 0
725| 20,39999 -400 0
726| 20,69999 -400 0
727| 20,99999 -400 0
728| 21,29999 -400 0
729| 21,59999 -400 0
730| 21,89999 -400 0
731| 22,19999 -400 0
732| 22,49999 -400 0
733| 22,79999 -400 0
734| 23,09999 -400 0
735| 23,39999 -400 0
736| 23,69999 -400 0
737| 23,99999 -400 0
738| 24,29999 -400 0
739| 24,59999 -400 0
740| 24,89998 -400 0
741| 25,19999 -400 0
742| 25,49998 -400 0
743| 25,79998 -400 0
744| 26,09998 -400 0
745| 26,39998 -400 0
746| 26,69998 -400 0
747| 26,99998 -400 0
748| 27,29998 -400 0
749| 27,59998 -400 0
750| 27,89998 -400 0
751| 28,19998 -400 0
752| 28,49998 -400 0
753| 28,79998 -400 0
754| 29,09998 -400 0
755| 29,39998 -400 0
756| 29,69998 -400 0
757| 29,99998 -400 0
758| 30,29998 -400 0
759| 30 -400 0
760| 30 -400 0
761| 30 -400 0
762| 30 -400 0
763| 30 -400 0
764| 30 -400 0
765| 30 -400 30000
766| 30 -400 30000
767| 30 -400 30000
768| 30 -400 30000
769| 30 -400 30000
770| 30 -400 30000
771| 0 0 30000
772| 0 0 30000
773| 0 0 30000
774| 0 0 30000
775| 0 0 30000
776| 0 0 30000
777| 0 0 30000
778| 0 0 30000
779| 0 0 30000
780| 0 0 30000
781| 0 0 30000
782| 0 0 30000
783| 0 0 30000
784| 0 0 30000
785| 0 0 30000
786| 0 0 30000
787| 0 0 30000
788| 0 0 30000
789| 0 0 30000
790| 0 0 30000
791| 0 0 30000
792| 0 0 30000
793| 0 0 30000
794| 0 0 30000
795| 0 0 30000
796| 0 0 30000
797| 0 0 30000
798| 0 0 30000
799| 0 0 30000
800| 0 0 30000
801| 0 0 30000
802| 0 0 30000
803| 0 0 30000
804| 0 0 0
805| 0 4 0
806| 0 8 0
807| 0 12 0
808| 0 16 0
809| 0 20 0
810| 0 24 0
811| 0 28 0
812| 0 32 0
813| 0 36 0
814| 0 40 0
815| 0 43,99999 0
816| 0 47,99999 0
817| 0 51,99999 0
818| 0 55,99999 0
819| 0 60 0
820| 0 64 0
821| 0 68 0
822| 0 72 0
823| 0 76,00001 0
824| 0 80,00001 0
825| 0 84,00001 0
826| 0 88,00002 0
827| 0 92,00002 0
828| 0 96,00002 0
829| 0 100 0
830| 0 104 0
831| 0 108 0
832| 0 112 0
833| 0 116 0
834| 0 120 0
835| 0 124 0
836| 0 128 0
837| 0 132 0
838| 0 136 0
839| 0 140 0
840| 0 144 0
841| 0 148 0
842| 0 152 0
843| 0 156 0
844| 0 160 0
845| -0,3 164 0
846| -0,6 168 0
847| -0,9 171,9999 0
848| -0,9 175,9999 0
849| -0,9 179,9999 0
850| -0,9 183,9999 0
851| -0,9 187,9999 0
852| -0,9 191,9999 0
853| -0,9 195,9999 0
854| -0,9 199,9999 0
855| -0,9 203,9999 0
856| -0,9 207,9999 0
857| -1,2 211,9999 0
858| -1,5 215,9999 0
859| -1,8 219,9999 0
860| -2,1 223,9999 0
861| -2,4 227,9999 0
862| -2,4 231,9999 0
863| -2,4 235,9999 0
864| -2,4 239,9999 0
865| -2,4 243,9999 0
866| -2,4 247,9999 0
867| -2,4 251,9999 0
868| -2,4 255,9999 0
869| -2,4 259,9999 0
870| -2,4 263,9999 0
871| -2,7 267,9999 0
872| -3 271,9998 0
873| -3,299999 275,9998 0
874| -3,299999 279,9998 0
875| -3,299999 283,9998 0
876| -3,299999 287,9998 0
877| -3,299999 291,9998 0
878| -3,299999 295,9998 0
879| -3,299999 299,9998 0
880| -3,299999 303,9998 0
881| -3,299999 307,9998 0
882| -3,299999 311,9998 0
883| -3,299999 315,9998 0
884| -3,299999 319,9998 0
885| -3,299999 323,9998 0
886| -3,299999 327,9998 0
887| -3,299999 331,9998 0
888| -3,299999 335,9998 0
889| -3,299999 339,9998 0
890| -3,299999 343,9998 0
891| -3,599999 347,9998 0
892| -3,899999 351,9998 0
893| -4,2 355,9998 0
894| -4,2 359,9998 0
895| -4,2 363,9998 0
896| -4,2 367,9998 0
897| -4,2 371,9998 0
898| -4,2 375,9998 0
899| -4,2 379,9998 0
900| -4,2 383,9998 0
901| -4,2 387,9998 0
902| -4,2 391,9998 0
903| -4,2 395,9998 0
904| -4,2 399,9997 0
905| -4,2 403,9998 0
906| -4,2 400 0
907| -4,2 400 0
908| -4,2 400 0
909| -4,2 400 0
910| -4,2 400 0
911| -4,2 400 0
912| -4,2 400 0
913| -4,2 400 0
914| -4,2 400 0
915| -4,2 400 0
916| -4,2 400 0
917| -4,2 400 0
918| -4,2 400 0
919| -4,2 400 0
920| -4,2 400 0
921| -4,2 400 0
922| -4,2 400 0
923| -4,2 400 0
924| -4,2 400 0
925| -4,2 400 0
926| -4,2 400 0
927| -4,2 400 0
928| -4,2 400 0
929| -4,2 400 0
930| -4,2 400 0
931| -4,2 400 0
932| -4,2 400 0
933| -4,2 400 0
934| -4,2 400 0
935| -4,2 400 0
936| -4,2 400 0
937| 0 400 0
938| 0,3 400 0
939| 0,3 400 0
940| 0,3 400 0
941| 0,3 400 0
942| 0,3 400 0
943| 0,3 400 0
944| 0,3 400 0
945| 0,3 400 0
946| 0,3 400 0
947| 0,3 400 0
948| 0,3 400 0
949| 0,3 400 0
950| 0,3 400 0
951| 0,3 400 0
952| 0,3 400 0
953| 0,3 400 0
954| 0,3 400 0
955| 0,3 400 0
956| 0,3 400 0
957| 0,3 400 0
958| 0,3 400 0
959| 0,3 400 0
960| 0,3 400 0
961| 0,3 400 0
962| 0,3 400 0
963| 0,3 400 0
964| 0,3 400 0
965| 0,3 400 0
966| 0,3 400 0
967| 0,3 400 0
968| 0,3 400 0
969| 0,3 400 0
970| 0,3 400 0
971| 0,3 400 0
972| 0,3 400 0
973| 0,3 400 0
974| 0,3 400 0
975| 0,3 400 0
976| 0,3 400 0
977| 0,3 400 0
978| 0,3 400 0
979| 0,3 400 0
980| 0,3 400 0
981| 0,3 400 0
982| 0,3 400 0
983| 0,3 400 0
984| 0,3 400 0
985| 0,3 400 0
986| 0,3 400 0
987| 0,3 400 0
988| 0,3 400 0
989| 0,3 400 0
990| 0,3 400 0
991| 0,3 400 0
992| 0,3 400 0
993| 0,3 400 0
994| 0,3 400 0
995| 0,3 400 0
996| 0,3 400 0
997| 0,3 400 0
998| 0,3 400 0
999| 0,3 400 0
1000| 0,3 400 0
1001| 0,3 400 0
1002| 0,3 400 0
1003| 0,3 400 0
1004| 0,3 400 0
1005| 0,3 400 0
1006| 0,3 400 0
1007| 0,3 400 0
1008| 0,6 400 0
1009| 0,9 400 0
1010| 0,9 400 0
1011| 0,9 400 0
1012| 0,9 400 0
1013| 0,9 400 0
1014| 0,9 400 0
1015| 0,9 400 0
1016| 0,9 400 0
1017| 0,9 400 0
1018| 0,9 400 0
1019| 0,9 400 0
1020| 0,9 400 0
1021| 0,9 400 0
1022| 0,9 400 0
1023| 0,9 400 0
1024| 0,9 400 0
1025| 0,9 400 0
1026| 0,9 400 0
1027| 0,9 400 0
1028| 0,9 400 0
1029| 0,9 400 0
1030| 0,9 400 0
1031| 0,9 400 0
1032| 0,9 400 0
1033| 0,9 400 0
1034| 0,9 400 0
1035| 0,9 400 0
1036| 0,9 400 0
1037| 0,9 400 0
1038| 0,9 400 0
1039| 0,9 400 0
1040| 0,9 400 0
1041| 0,9 400 0
1042| 0,9 400 0
1043| 0,9 400 0
1044| 0,9 400 0
1045| 0,9 400 0
1046| 0,9 400 0
1047| 0,9 400 0
1048| 0,9 400 0
1049| 0,9 400 0
1050| 0,9 400 0
1051| 0,9 400 0
1052| 0,9 400 0
1053| 0,9 400 0
1054| 0,9 400 0
1055| 0,9 400 0
1056| 0,9 400 0
1057| 0,9 400 0
1058| 0,9 400 0
1059| 0,9 400 0
1060| 0,9 400 0
1061| 0,9 400 0
1062| 0,9 400 0
1063| 0,9 400 0
1064| 0,9 400 0
1065| 0,9 400 0
1066| 0,9 400 0
1067| 0,9 400 0
1068| 0,9 400 0
1069| 0,9 400 0
1070| 0,9 400 0
1071| 0,9 400 0
1072| 0,9 400 0
1073| 0,9 400 0
1074| 0,9 400 0
1075| 0,9 400 0
1076| 0,9 400 0
1077| 0,9 400 0
1078| 0,9 400 0
1079| 0,9 400 0
1080| 0,9 400 0
1081| 0,9 400 0
1082| 0,9 400 0
1083| 0,9 400 0
1084| 0,9 400 0
1085| 0,9 400 0
1086| 0,9 400 0
1087| 0,9 400 0
1088| 0,9 400 0
1089| 0,9 400 0
1090| 0,9 400 0
1091| 0,9 400 0
1092| 0,9 400 0
1093| 0,9 400 0
1094| 0,9 400 0
1095| 0,9 400 0
1096| 0,9 400 0
1097| 1,2 400 0
1098| 1,5 400 0
1099| 1,8 400 0
1100| 2,1 400 0
1101| 2,1 400 0
1102| 2,1 400 0
1103| 2,1 400 0
1104| 2,1 400 0
1105| 2,1 400 0
1106| 2,1 400 0
1107| 2,1 400 0
1108| 2,1 400 0
1109| 2,1 400 0
1110| 2,1 400 0
1111| 2,1 400 0
1112| 2,1 400 0
1113| 2,1 400 0
1114| 2,1 400 0
1115| 2,1 400 0
1116| 2,1 400 0
1117| 2,1 400 0
1118| 2,1 400 0
1119| 2,1 400 0
1120| 2,1 400 0
1121| 2,1 400 0
1122| 0 400 0
1123| -0,3 400 0
1124| -0,6 400 0
1125| -0,9 400 0
1126| -0,9 400 0
1127| -0,9 400 0
1128| -0,9 400 0
1129| -0,9 400 0
1130| -0,9 400 0
1131| -0,9 400 0
1132| -0,9 400 0
1133| -0,9 400 0
1134| -0,9 400 0
1135| -0,9 400 0
1136| -0,9 400 0
1137| -0,9 400 0
1138| -0,9 400 0
1139| -0,9 400 0
1140| -0,9 400 0
1141| -0,9 400 0
1142| -0,9 400 0
1143| -0,9 400 0
1144| -0,9 400 0
1145| -0,9 400 0
1146| -0,9 400 0
1147| -0,9 400 0
1148| -0,9 400 0
1149| -0,9 400 0
1150| -0,9 400 0
1151| -0,9 400 0
1152| -0,9 400 0
1153| -0,9 400 0
1154| -0,9 400 0
1155| -0,9 400 0
1156| -0,9 400 0
1157| -0,9 400 0
1158| -0,9 400 0
1159| -0,9 400 0
1160| -0,9 400 0
1161| -0,9 400 0
1162| -0,9 400 0
1163| -0,9 400 0
1164| -0,9 400 0
1165| -0,9 400 0
1166| -0,9 400 0
1167| -1,2 400 0
1168| -1,5 400 0
1169| -1,8 400 0
1170| -2,1 400 0
1171| -2,1 400 0
1172| -2,1 400 0
1173| -2,1 400 0
1174| -2,1 400 0
1175| -2,1 400 0
1176| -2,1 400 0
1177| -2,1 400 0
1178| -2,1 400 0
1179| -2,1 400 0
1180| -2,1 400 0
1181| -2,1 400 0
1182| -2,1 400 0
1183| -2,1 400 0
1184| -2,1 400 0
1185| -2,1 400 0
1186| -2,1 400 0
1187| -2,1 400 0
1188| -2,1 400 0
1189| -2,1 400 0
1190| -2,1 400 0
1191| -2,1 400 0
1192| -2,1 400 0
1193| -2,1 400 0
1194| -2,1 400 0
1195| -2,1 400 0
1196| -2,1 400 0
1197| -2,1 400 0
1198| -2,1 400 0
1199| -2,1 400 0
1200| -2,1 400 0
1201| -2,1 400 0
1202| -2,1 400 0
1203| -2,1 400 0
1204| -2,1 400 0
1205| -2,1 400 0
1206| -2,1 400 0
1207| -2,1 400 0
1208| -2,1 400 0
1209| -2,1 400 0
1210| -2,1 400 0
1211| 0 400 0
1212| 0 400 0
1213| 0 400 0
1214| 0 400 0
1215| 0 400 0
1216| 0 400 0
1217| 0 400 0
1218| 0 400 0
1219| 0 400 0
1220| 0 400 0
1221| 0 400 0
1222| 0 400 0
1223| 0 400 0
1224| 0 400 0
1225| 0 400 0
1226| 0 400 0
1227| 0,3 400 0
1228| 0,6 400 0
1229| 0,6 400 0
1230| 0,6 400 0
1231| 0,6 400 0
1232| 0,6 400 0
1233| 0,6 400 0
1234| 0,6 400 0
1235| 0,6 400 0
1236| 0,6 400 0
1237| 0,6 400 0
1238| 0,6 400 0
1239| 0,6 400 0
1240| 0,6 400 0
1241| 0,6 400 0
1242| 0,6 400 0
1243| 0,6 400 0
1244| 0,6 400 0
1245| 0,6 400 0
1246| 0,6 400 0
1247| 0,6 400 0
1248| 0,6 400 0
1249| 0,6 400 0
1250| 0,6 400 0
1251| 0,6 400 0
1252| 0,6 400 0
1253| 0,6 400 0
1254| 0,6 400 0
1255| 0,6 400 0
1256| 0,6 400 0
1257| 0,6 400 0
1258| 0,6 400 0
1259| 0,6 400 0
1260| 0 400 0
1261| -0,3 400 0
1262| -0,3 400 0
1263| -0,3 400 0
1264| -0,3 400 0
1265| -0,3 400 0
1266| -0,3 400 0
1267| -0,3 400 0
1268| -0,3 400 0
1269| -0,3 400 0
1270| -0,3 400 0
1271| -0,3 400 0
1272| -0,3 400 0
1273| -0,3 400 0
1274| -0,3 400 0
1275| -0,3 400 0
1276| -0,3 400 0
1277| -0,3 400 0
1278| -0,3 400 0
1279| -0,3 400 0
1280| -0,6 400 0
1281| -0,9 400 0
1282| -1,2 400 0
1283| -1,5 400 0
1284| -1,5 400 0
1285| -1,5 400 0
1286| -1,5 400 0
1287| -1,5 400 0
1288| -1,5 400 0
1289| -1,5 400 0
1290| -1,5 400 0
1291| -1,5 400 0
1292| -1,5 400 0
1293| -1,5 400 0
1294| -1,5 400 0
1295| -1,5 400 0
1296| -1,5 400 0
1297| -1,5 400 0
1298| -1,5 400 0
1299| -1,5 400 0
1300| -1,5 400 0
1301| -1,8 400 0
1302| -1,8 400 0
1303| -1,8 400 0
1304| -1,8 400 0
1305| -1,8 400 0
1306| -1,8 400 0
1307| -1,8 400 0
1308| -1,8 400 0
1309| -1,8 400 0
1310| -1,8 400 0
1311| -1,8 400 0
1312| -1,8 400 0
1313| -1,8 400 0
1314| -1,8 400 0
1315| -1,8 400 0
1316| -1,8 400 0
1317| -1,8 400 0
1318| -1,8 400 0
1319| -1,8 400 0
1320| -1,8 400 0
1321| -1,8 400 0
1322| -1,8 400 0
1323| -1,8 400 0
1324| -1,8 400 0
1325| -1,8 400 0
1326| -1,8 400 0
1327| -1,8 400 0
1328| -1,8 400 0
1329| -1,8 400 0
1330| -1,8 400 0
1331| -1,8 400 0
1332| -1,8 400 0
1333| -1,8 400 0
1334| -1,8 400 0
1335| -1,8 400 0
1336| -1,8 400 0
1337| -1,8 400 0
1338| -1,8 400 0
1339| -1,8 400 0
1340| -1,8 400 0
1341| -1,8 400 0
1342| -1,8 400 0
1343| -1,8 400 0
1344| -1,8 400 0
1345| -1,8 400 0
1346| -1,8 400 0
1347| -1,8 400 0
1348| -1,8 400 0
1349| -1,8 400 0
1350| -1,8 400 0
1351| -1,8 400 0
1352| -1,8 400 0
1353| -1,8 400 0
1354| -1,8 400 0
1355| -1,8 400 0
1356| -1,8 400 0
1357| -1,8 400 0
1358| -1,8 400 0
1359| -1,8 400 0
1360| -1,8 400 0
1361| -1,8 400 0
1362| -1,8 400 0
1363| -1,8 400 0
1364| -1,8 400 0
1365| -1,8 400 0
1366| -1,8 400 0
1367| -1,8 400 0
1368| -1,8 400 0
1369| -1,8 400 0
1370| -1,8 400 0
1371| -1,8 400 0
1372| -1,8 400 0
1373| -1,8 400 0
1374| -1,8 400 0
1375| -1,8 400 0
1376| -1,8 400 0
1377| -1,8 400 0
1378| -1,8 400 0
1379| -1,8 400 0
1380| 0 400 0
1381| 0,3 400 0
1382| 0,6 400 0
1383| 0,6 400 0
1384| 0,6 400 0
1385| 0,6 400 0
1386| 0,6 400 0
1387| 0,6 400 0
1388| 0,6 400 0
1389| 0,6 400 0
1390| 0,9 400 0
1391| 1,2 400 0
1392| 1,2 400 0
1393| 1,2 400 0
1394| 1,2 400 0
1395| 1,2 400 0
1396| 1,2 400 0
1397| 1,2 400 0
1398| 1,2 400 0
1399| 1,2 400 0
1400| 1,2 400 0
1401| 1,2 400 0
1402| 1,2 400 0
1403| 1,2 400 0
1404| 1,2 400 0
1405| 1,2 400 0
1406| 1,2 400 0
1407| 1,2 400 0
1408| 1,2 400 0
1409| 1,2 400 0
1410| 1,2 400 0
1411| 1,2 400 0
1412| 1,2 400 0
1413| 1,2 400 0
1414| 1,2 400 0
1415| 1,2 400 0
1416| 1,2 400 0
1417| 1,2 400 0
1418| 1,2 400 0
1419| 1,2 400 0
1420| 1,2 400 0
1421| 1,2 400 0
1422| 0 0 0
1423| 0 0 0
1424| 0 0 0
1425| 0 0 0
1426| 0 4 0
1427| 0 0 0
1428| 0 0 0
1429| 0 0 0
1430| 0 0 0
1431| 0 0 0
1432| 0 0 0
1433| 0 0 0
1434| 0 0 0
1435| 0,3 0 0
1436| 0,6 0 0
1437| 0,9 0 0
1438| 1,2 0 0
1439| 1,5 0 0
1440| 1,8 0 0
1441| 2,1 0 0
1442| 2,4 0 0
1443| 2,7 0 0
1444| 3 0 0
1445| 3,299999 4 0
1446| 3,599999 8 0
1447| 3,899999 12 0
1448| 4,2 16 0
1449| 4,5 20 0
1450| 4,8 24 0
1451| 5,1 28 0
1452| 5,4 32 0
1453| 5,7 36 0
1454| 6 40 0
1455| 6,300001 43,99999 0
1456| 6,600001 47,99999 0
1457| 6,900001 51,99999 0
1458| 6,900001 55,99999 0
1459| 6,900001 60 0
1460| 6,900001 64 0
1461| 6,900001 68 0
1462| 6,900001 72 0
1463| 6,900001 76,00001 0
1464| 6,900001 80,00001 0
1465| 6,900001 84,00001 0
1466| 6,900001 88,00002 0
1467| 6,900001 92,00002 0
1468| 6,900001 96,00002 0
1469| 6,900001 100 0
1470| 6,900001 104 0
1471| 6,900001 108 0
1472| 6,900001 112 0
1473| 6,900001 116 0
1474| 6,900001 120 0
1475| 6,900001 124 0
1476| 6,900001 128 0
1477| 6,900001 132 0
1478| 6,900001 136 0
1479| 6,900001 140 0
1480| 6,900001 144 0
1481| 6,900001 148 0
1482| 6,900001 152 0
1483| 6,900001 156 0
1484| 0 160 0
1485| -0,3 164 0
1486| -0,6 168 0
1487| -0,6 171,9999 0
1488| -0,6 175,9999 0
1489| -0,6 179,9999 0
1490| -0,6 183,9999 0
1491| -0,6 187,9999 0
1492| -0,6 191,9999 0
1493| -0,6 195,9999 0
1494| -0,6 199,9999 0
1495| -0,6 203,9999 0
1496| -0,6 207,9999 0
1497| -0,6 211,9999 0
1498| -0,6 215,9999 0
1499| -0,6 219,9999 0
1500| -0,6 223,9999 0
1501| -0,6 227,9999 0
1502| 0 231,9999 0
1503| 0,3 235,9999 0
1504| 0,6 239,9999 0
1505| 0,9 243,9999 0
1506| 0,9 247,9999 0
1507| 0,9 251,9999 0
1508| 0,9 255,9999 0
1509| 0,9 259,9999 0
1510| 0,9 263,9999 0
1511| 0,9 267,9999 0
1512| 0,9 271,9998 0
1513| 0,9 275,9998 0
1514| 0,9 279,9998 0
1515| 0,9 283,9998 0
1516| 0,9 287,9998 0
1517| 0,9 291,9998 0
1518| 0,9 295,9998 0
1519| 1,2 299,9998 0
1520| 1,5 303,9998 0
1521| 1,8 307,9998 0
1522| 2,1 311,9998 0
1523| 2,1 315,9998 0
1524| 2,1 319,9998 0
1525| 2,1 323,9998 0
1526| 2,1 327,9998 0
1527| 2,1 331,9998 0
1528| 2,1 335,9998 0
1529| 2,1 339,9998 0
1530| 2,1 343,9998 0
1531| 2,1 347,9998 0
1532| 2,1 351,9998 0
1533| 2,1 355,9998 0
1534| 2,1 359,9998 0
1535| 2,1 363,9998 0
1536| 0 0 0
1537| 0 0 0
1538| 0 0 0
1539| 0 0 0
1540| 0 0 0
1541| 0,3 0 0
1542| 0,6 0 0
1543| 0,9 0 0
1544| 1,2 0 0
1545| 1,5 0 0
1546| 0 0 0
1547| 0 0 0
1548| 0 0 0
1549| 0 0 0
1550| 0 0 0
1551| 0,3 0 0
1552| 0,6 0 0
1553| 0,9 0 0
1554| 0 0 0
1555| 0 0 0
1556| 0 0 0
1557| 0 0 0
1558| 0 0 0
1559| 0 0 0
1560| 0 0 0
1561| 0,3 0 0
1562| 0,6 0 0
1563| 0,9 0 0
1564| 0 0 0
1565| 0 0 0
1566| 0 0 0
1567| 0 0 0
1568| 0,3 0 0
1569| 0,6 0 0
1570| 0,9 0 0
1571| 1,2 0 0
1572| 0 0 0
1573| 0 0 0
1574| 0 0 0
1575| 0 0 0
1576| 0 0 0
1577| 0,3 0 0
1578| 0,6 0 0
1579| 0,9 0 0
1580| 1,2 0 0
1581| 1,5 0 0
1582| 1,8 0 0
1583| 0 0 0
1584| 0,3 0 0
1585| 0,6 0 0
1586| 0,9 0 0
1587| 1,2 0 0
1588| 1,5 0 0
1589| 0 0 0
1590| 0 0 0
1591| 0 0 0
1592| 0,3 0 0
1593| 0,6 0 0
1594| 0,9 0 0
1595| 1,2 0 0
1596| 1,5 0 0
1597| 1,8 0 0
1598| 0 0 0
1599| 0 0 0
1600| 0 0 0
1601| 0 0 0
1602| 0,3 0 0
1603| 0,6 0 0
1604| 0,9 0 0
1605| 1,2 0 0
1606| 1,5 0 0
1607| 1,8 0 0
1608| 0 0 0
1609| 0 0 0
1610| 0 0 0
1611| 0 0 0
1612| 0 0 0
1613| 0,3 0 0
1614| 0,6 0 0
1615| 0,9 0 0
1616| 1,2 0 0
1617| 1,5 0 0
1618| 1,8 0 0
1619| 2,1 0 0
1620| 2,4 0 0
1621| 2,7 0 0
1622| 3 0 0
1623| 3,299999 0 0
1624| 3,599999 0 0
1625| 3,899999 0 0
1626| 4,2 0 0
1627| 4,5 0 0
1628| 4,8 0 0
1629| 5,1 0 0
1630| 5,4 0 0
1631| 5,7 0 0
1632| 6 0 0
1633| 6,300001 0 0
1634| 6,600001 0 0
1635| 6,900001 0 0
1636| 7,200001 0 0
1637| 0 0 0
1638| 0 0 0
1639| 0 0 0
1640| 0 0 0
1641| 0 0 0
1642| 0 0 0
1643| 0 0 0
1644| 0 0 0
1645| 0 0 0
1646| 0 0 0
1647| 0 0 0
1648| 0 0 0
1649| 0 0 0
1650| 0 0 0
1651| 0 0 0
1652| 0 0 0
1653| 0 0 0
1654| 0 0 0
1655| 0 0 0
1656| 0 0 0
1657| 0,3 0 0
1658| 0,6 0 0
1659| 0,9 0 0
1660| 1,2 0 0
1661| 1,5 0 0
1662| 1,8 0 0
1663| 2,1 0 0
1664| 2,4 0 0
1665| 2,7 0 0
1666| 3 0 0
1667| 3,299999 0 0
1668| 3,599999 0 0
1669| 3,899999 0 0
1670| 4,2 0 0
1671| 4,5 0 0
1672| 4,8 0 0
1673| 0 0 0
1674| 0 0 0
1675| 0 0 0
1676| 0 0 0
1677| 0 0 0
1678| 0 0 0
1679| 0 0 0
1680| 0 0 0
1681| 0 0 0
1682| 0 0 0
1683| 0 0 0
1684| 0 0 0
1685| 0,3 0 0
1686| 0,6 0 0
1687| 0,9 0 0
1688| 1,2 0 0
1689| 1,5 0 0
1690| 1,8 0 0
1691| 2,1 0 0
1692| 0 0 0
1693| 0 0 0
1694| 0 0 0
1695| 0 0 0
1696| 0 0 0
1697| 0,3 0 0
1698| 0,6 0 0
1699| 0,9 0 0
1700| 1,2 0 0
1701| 1,5 0 0
1702| 0 0 0
1703| 0 0 0
1704| 0 4 0
1705| 0 8 0
1706| 0 12 0
1707| 0 16 0
1708| 0 20 0
1709| 0 24 0
1710| 0 28 0
1711| 0,3 32 0
1712| 0,6 36 0
1713| 0,9 40 0
1714| 1,2 43,99999 0
1715| 1,2 47,99999 0
1716| 1,2 51,99999 0
1717| 1,2 55,99999 0
1718| 1,5 60 0
1719| 1,5 64 0
1720| 1,5 68 0
1721| 1,5 72 0
1722| 1,5 76,00001 0
1723| 1,5 80,00001 0
1724| 1,5 84,00001 0
1725| 1,5 88,00002 0
1726| 1,5 92,00002 0
1727| 1,5 96,00002 0
1728| 1,5 100 0
1729| 1,5 104 0
1730| 1,5 108 0
1731| 1,5 112 0
1732| 1,5 116 0
1733| 1,5 120 0
1734| 1,5 124 0
1735| 1,5 128 0
1736| 1,5 132 0
1737| 1,5 136 0
1738| 1,5 140 0
1739| 1,5 144 0
1740| 1,5 148 0
1741| 1,5 152 0
1742| 1,5 156 0
1743| 1,5 160 0
1744| 1,5 164 0
1745| 1,5 168 0
1746| 1,5 171,9999 0
1747| 1,5 175,9999 0
1748| 1,5 179,9999 0
1749| 1,5 183,9999 0
1750| 0 0 0
1751| 0 0 0
1752| 0 0 0
1753| 0 0 0
1754| 0 0 0
1755| 0 0 0
1756| 0 0 0
1757| 0 0 0
1758| 0 0 0
1759| 0 0 0
1760| 0 0 0
1761| 0 0 0
1762| 0 0 0
1763| 0 0 0
1764| 0 0 0
1765| 0 0 0
1766| 0 0 0
1767| 0 0 0
1768| 0 0 0
1769| 0 0 0
1770| 0 0 0
1771| 0 0 0
1772| 0 0 0
1773| 0 0 0
1774| 0 0 0
1775| 0 0 0
1776| 0 0 0
1777| 0 0 0
1778| 0 0 0
1779| 0 0 0
1780| 0 0 0
1781| 0 0 0
1782| 0 0 0
1783| 0 0 0
1784| 0 0 0
1785| 0 0 0
1786| 0 0 0
1787| 0 0 0
1788| 0 0 0
1789| 0 0 0
1790| 0 0 0
1791| 0 0 0
1792| 0 0 0
1793| 0 0 0
1794| 0 0 0
1795| 0 0 0
1796| 0 0 0
1797| 0 0 0
1798| 0 0 0
1799| 0 0 0
1800| 0 0 0
1801| 0 0 0
1802| 0 0 0
1803| 0 0 0
1804| 0 0 0
1805| 0 0 0
1806| 0 0 0
1807| 0 0 0
1808| 0 0 0
1809| 0 0 0
1810| 0 0 0
1811| 0 0 0
1812| 0 0 0
1813| 0 0 0
1814| 0 0 0
1815| 0 0 0
1816| 0 0 0
1817| 0 0 0
1818| 0 0 0
1819| 0 0 0
1820| 0 0 0
1821| 0 0 0
1822| 0 0 0
1823| 0 0 0
1824| 0 0 0
1825| 0 0 0
1826| 0 0 0
1827| 0 0 0
1828| 0 0 0
1829| 0 0 0
1830| 0 0 0
1831| 0 0 0
1832| 0 0 0
1833| 0 0 0
1834| 0 0 0
1835| 0 0 0
1836| 0 0 0
1837| 0 0 0
1838| 0 0 0
1839| 0 0 0
1840| 0 0 0
1841| 0 0 0
1842| 0 0 0
1843| 0 0 0
1844| 0 0 0
1845| 0 0 0
1846| 0 0 0
1847| 0 0 0
1848| 0 0 0
1849| 0 0 0
1850| 0 0 0
1851| 0 0 0
1852| 0 0 0
1853| 0 0 0
1854| 0 0 0
1855| 0 0 0
1856| 0 0 0
1857| 0 0 0
1858| 0 0 0
1859| 0 0 0
1860| 0 0 0
1861| 0 0 0
1862| 0 0 0
1863| 0 0 0
1864| 0 0 0
1865| 0 0 0
1866| 0 0 0
1867| 0 0 0
1868| 0 0 0
1869| 0 0 0
1870| 0 0 0
1871| 0 0 0
1872| 0 0 0
1873| 0 0 0
1874| 0 0 0
1875| 0 0 0
1876| 0 0 0
1877| 0 0 0
1878| 0 0 0
1879| 0 0 0
1880| 0 0 0
1881| 0 0 0
1882| 0 0 0
1883| 0 0 0
1884| 0 0 0
1885| 0 0 0
1886| 0 0 0
1887| 0 0 0
1888| 0 0 0
1889| 0 0 0
1890| 0 0 0
1891| 0 0 0
1892| 0 0 0
1893| 0 0 0
1894| 0 0 0
1895| 0 0 0
1896| 0 0 0
1897| 0 0 0
1898| 0 0 0
1899| 0 0 0
1900| 0 0 0
1901| 0 0 0
1902| 0 0 0
1903| 0 0 0
1904| 0 0 0
1905| 0 0 0
1906| 0 0 0
1907| 0 0 0
1908| 0 0 0
1909| 0 0 0
1910| 0 0 0
1911| 0 0 0
1912| 0 0 0
1913| 0 0 0
1914| 0 0 0
1915| 0 0 0
1916| 0 0 0
1917| 0 0 0
1918| 0 0 0
1919| 0 0 0
1920| 0 0 0
1921| 0 0 0
1922| 0 0 0
1923| 0 0 0
1924| 0 0 0
1925| 0 0 0
1926| 0 0 0
1927| 0 0 0
1928| 0 0 0
1929| 0 0 0
1930| 0 0 0
1931| 0 0 0
1932| 0 0 0
1933| 0 0 0
1934| 0 0 0
1935| 0 0 0
1936| 0 0 0
1937| 0 0 0
1938| 0 0 0
1939| 0 0 0
1940| 0 0 0
1941| 0 0 0
1942| 0 0 0
1943| 0 0 0
1944| 0 0 0
1945| 0 0 0
1946| 0 0 0
1947| 0 0 0
1948| 0 0 0
1949| 0 0 0
1950| 0 0 0
1951| 0 0 0
1952| 0 0 0
1953| 0 0 0
1954| 0 0 0
1955| 0 0 0
1956| 0 0 0
1957| 0 0 0
1958| 0 0 0
1959| 0 0 0
1960| 0 0 0
1961| 0 0 0
1962| 0 0 0
1963| 0 0 0
1964| 0 0 0
1965| 0 0 0
1966| 0 0 0
1967| 0 0 0
1968| 0 0 0
1969| 0 0 0
1970| 0 0 0
1971| 0 0 0
1972| 0 0 0
1973| 0 0 0
1974| 0 0 0
1975| 0 0 0
1976| 0 0 0
1977| 0 0 0
1978| 0 0 0
1979| 0 0 0
1980| 0 0 0
1981| 0 0 0
1982| 0 0 0
1983| 0 0 0
1984| 0 0 0
1985| 0 0 0
1986| 0 0 0
1987| 0 0 0
1988| 0 0 0
1989| 0 0 0
1990| 0 0 0
1991| 0 0 0
1992| 0 0 0
1993| 0 0 0
1994| 0 0 0
1995| 0 0 0
1996| 0 0 0
1997| 0 0 0
1998| 0 0 0
1999| 0 0 0
2000| 0 0 0
2001| 0 0 0
2002| 0 0 0
2003| 0 0 0
2004| 0 0 0
2005| 0 0 0
2006| 0 0 0
2007| 0 0 0
2008| 0 0 0
2009| 0 0 0
2010| 0 0 0
2011| 0 0 0
2012| 0 0 0
2013| 0 0 0
2014| 0 0 0
2015| 0 0 0
2016| 0 0 0
2017| 0 0 0
2018| 0 0 0
2019| 0 0 0
2020| 0 0 0
2021| 0 0 0
2022| 0 0 0
2023| 0 0 0
2024| 0 0 0
2025| 0 0 0
2026| 0 0 0
2027| 0 0 0
2028| 0 0 0
2029| 0 0 0
2030| 0 0 0
2031| 0 0 0
2032| 0 0 0
2033| 0 0 0
2034| 0 0 0
2035| 0 0 0
2036| 0 0 0
2037| 0 0 0
2038| 0 0 0
2039| 0 0 0
2040| 0 0 0
2041| 0 0 0
2042| 0 0 0
2043| 0 0 0
2044| 0 0 0
2045| 0 0 0
2046| 0 0 0
2047| 0 0 0
2048| 0 0 0
2049| 0 0 0
2050| 0 0 0
2051| 0 0 0
2052| 0 0 0
2053| 0 0 0
2054| 0 0 0
2055| 0 0 0
2056| 0 0 0
2057| 0 0 0
2058| 0 0 0
2059| 0 0 0
2060| 0 0 0
2061| 0 0 0
2062| 0 0 0
2063| 0 0 0
2064| 0 0 0
2065| 0 0 0
2066| 0 0 0
2067| 0 0 0
2068| 0 0 0
2069| 0 0 0
2070| 0 0 0
2071| 0 0 0
2072| 0 0 0
2073| 0 0 0
2074| 0 0 0
2075| 0 0 0
2076| 0 0 0
2077| 0 0 0
2078| 0 0 0
2079| 0 0 0
2080| 0 0 0
2081| 0 0 0
2082| 0 0 0
2083| 0 0 0
2084| 0 0 0
2085| 0 0 0
2086| 0 0 0
2087| 0 0 0
2088| 0 0 0
2089| 0 0 0
2090| 0 0 0
2091| 0 0 0
2092| 0 0 0
2093| 0 0 0
2094| 0 0 0
2095| 0 0 0
2096| 0 0 0
2097| 0 0 0
2098| 0 0 0
2099| 0 0 0
2100| 0 0 0
2101| 0 0 0
2102| 0 0 0
2103| 0 0 0
2104| 0 0 0
2105| 0 0 0
2106| 0 0 0
2107| 0 0 0
2108| 0 0 0
2109| 0 0 0
2110| 0 0 0
2111| 0 0 0
2112| 0 0 0
2113| 0 0 0
2114| 0 0 0
2115| 0 0 0
2116| 0 0 0
2117| 0 0 0
2118| 0 0 0
2119| 0 0 0
2120| 0 0 0
2121| 0 0 0
2122| 0 0 0
2123| 0 0 0
2124| 0 0 0
2125| 0 0 0
2126| 0 0 0
2127| 0 0 0
2128| 0 0 0
2129| 0 0 0
2130| 0 0 0
2131| 0 0 0
2132| 0 0 0
2133| 0 0 0
2134| 0 0 0
2135| 0 0 0
2136| 0 0 0
2137| 0 0 0
2138| 0 0 0
2139| 0 0 0
2140| 0 0 0
2141| 0 0 0
2142| 0 0 0
2143| 0 0 0
2144| 0 0 0
2145| 0 0 0
2146| 0 0 0
2147| 0 0 0
2148| 0 0 0
2149| 0 0 0
2150| 0 0 0
2151| 0 0 0
2152| 0 0 0
2153| 0 0 0
2154| 0 0 0
2155| 0 0 0
2156| 0 0 0
2157| 0 0 0
2158| 0 0 0
2159| 0 0 0
2160| 0 0 0
2161| 0 0 0
2162| 0 0 0
2163| 0 0 0
2164| 0 0 0
2165| 0 0 0
2166| 0 0 0
2167| 0 0 0
2168| 0 0 0
2169| 0 0 0
2170| 0 0 0
2171| 0 0 0
2172| 0 0 0
2173| 0 0 0
2174| 0 0 0
2175| 0 0 0
2176| 0 0 0
2177| 0 0 0
2178| 0 0 0
2179| 0 0 0
2180| 0 0 0
2181| 0 0 0
2182| 0 0 0
2183| 0 0 0
2184| 0 0 0
2185| 0 0 0
2186| 0 0 0
2187| 0 0 0
2188| 0 0 0
2189| 0 0 0
2190| 0 0 0
2191| 0 0 0
2192| 0 0 0
2193| 0 0 0
2194| 0 0 0
2195| 0 0 0
2196| 0 0 0
2197| 0 0 0
2198| 0 0 0
2199| 0 0 0
2200| 0 0 0
2201| 0 0 0
2202| 0 0 0
2203| 0 0 0
2204| 0 0 0
2205| 0 0 0
2206| 0 0 0
2207| 0 0 0
2208| 0 0 0
2209| 0 0 0
2210| 0 0 0
2211| 0 0 0
2212| 0 0 0
2213| 0 0 0
2214| 0 0 0
2215| 0 0 0
2216| 0 0 0
2217| 0 0 0
2218| 0 0 0
2219| 0 0 0
2220| 0 0 0
2221| 0 0 0
2222| 0 0 0
2223| 0 0 0
2224| 0 0 0

