1| 0 0 0
2| 0 0 0
3| 0 0 0
4| 0 0 0
5| 0 0 0
6| 0 0 0
7| 0 0 0
8| 0 0 0
9| 0 0 0
10| 0 0 0
11| 0 0 0
12| 0 0 0
13| 0 0 0
14| 0 0 0
15| 0 0 0
16| 0 0 0
17| 0 0 0
18| 0 0 0
19| 0 0 0
20| 0 0 0
21| 0 0 0
22| 0 0 0
23| 0 0 0
24| 0 0 0
25| 0 0 0
26| 0 0 0
27| 0 0 0
28| 0 0 0
29| 0 0 0
30| 0 0 0
31| 0 0 0
32| 0 0 0
33| 0 0 0
34| 0 0 0
35| 0 0 0
36| 0 0 0
37| 0 0 0
38| 0 0 0
39| 0 0 0
40| 0 0 0
41| 0 0 0
42| 0 0 0
43| 0 0 0
44| 0 0 0
45| 0 0 0
46| 0 0 0
47| 0 0 0
48| 0 0 0
49| 0 0 0
50| 0 0 0
51| 0 0 0
52| 0 0 0
53| 0 0 0
54| 0 0 0
55| 0 0 0
56| 0 0 0
57| 0 0 0
58| 0 0 0
59| 0 0 0
60| 0 0 0
61| 0 0 0
62| 0 0 0
63| 0 0 0
64| 0 0 0
65| 0 0 0
66| 0 0 0
67| 0 0 0
68| 0 0 0
69| 0 0 0
70| 0 0 0
71| 0 0 0
72| 0 0 0
73| 0 0 0
74| 0 0 0
75| 0 0 0
76| 0 0 0
77| 0 0 0
78| 0 0 0
79| 0 0 0
80| 0 0 0
81| 0 0 0
82| 0 0 0
83| 0 0 0
84| 0 0 0
85| 0 0 0
86| 0 0 0
87| 0 0 0
88| 0 0 0
89| 0 0 0
90| 0 0 0
91| 0 0 0
92| 0 0 0
93| 0 0 0
94| 0 0 0
95| 0 0 0
96| 0 0 0
97| 0 0 0
98| 0 0 0
99| 0 4 0
100| 0 8 0
101| 0 12 0
102| 0 16 0
103| -0,3 20 0
104| -0,6 24 0
105| -0,9 28 0
106| -1,2 32 0
107| -1,5 36 0
108| -1,8 40 0
109| -2,1 43,99999 0
110| -2,4 47,99999 0
111| -2,7 51,99999 0
112| -3 55,99999 0
113| -3,299999 60 0
114| -3,599999 64 0
115| -3,899999 68 0
116| -4,2 72 0
117| -4,5 76,00001 0
118| -4,8 80,00001 0
119| -5,1 84,00001 0
120| -5,4 88,00002 0
121| -5,7 92,00002 0
122| -6 96,00002 0
123| -6,300001 100 0
124| -6,600001 104 0
125| -6,900001 108 0
126| -7,200001 112 0
127| -7,500001 116 0
128| -7,800001 120 0
129| -8,1 124 0
130| -8,4 128 0
131| -8,7 132 0
132| -8,999999 136 0
133| -9,299999 140 0
134| -9,599998 144 0
135| -9,899999 148 0
136| -10,2 152 0
137| -10,5 156 0
138| -10,8 160 0
139| -11,1 164 0
140| -11,4 168 0
141| -11,7 171,9999 0
142| -12 175,9999 0
143| -12,3 179,9999 0
144| -12,6 183,9999 0
145| -12,9 187,9999 0
146| -12,9 191,9999 0
147| -12,9 195,9999 0
148| -12,9 199,9999 0
149| -12,9 203,9999 0
150| -12,9 207,9999 0
151| -12,9 211,9999 0
152| -12,9 215,9999 0
153| -12,9 219,9999 0
154| -12,9 223,9999 0
155| -12,9 227,9999 0
156| -12,9 231,9999 0
157| -12,9 235,9999 0
158| -12,9 239,9999 0
159| -12,9 243,9999 0
160| -12,9 247,9999 0
161| -12,9 251,9999 0
162| -12,9 255,9999 0
163| -12,9 259,9999 0
164| -12,9 263,9999 0
165| -12,9 267,9999 0
166| -12,9 271,9998 0
167| -12,9 275,9998 0
168| -12,9 279,9998 0
169| -12,9 283,9998 0
170| -12,9 287,9998 0
171| -12,9 291,9998 0
172| -12,9 295,9998 0
173| -12,9 299,9998 0
174| -12,9 303,9998 0
175| -12,9 307,9998 0
176| -12,9 311,9998 0
177| -12,9 315,9998 0
178| -12,9 319,9998 0
179| -12,9 323,9998 0
180| 0 327,9998 0
181| 0,3 331,9998 0
182| 0,3 335,9998 0
183| 0,3 339,9998 0
184| 0,3 343,9998 0
185| 0,3 347,9998 0
186| 0,3 351,9998 0
187| 0,3 355,9998 0
188| 0,3 359,9998 0
189| 0,3 363,9998 0
190| 0,3 367,9998 0
191| 0,3 371,9998 0
192| 0,3 375,9998 0
193| 0,3 379,9998 0
194| 0,3 383,9998 0
195| 0,3 387,9998 0
196| 0,3 391,9998 0
197| 0,3 395,9998 0
198| 0,3 399,9997 0
199| 0,3 403,9998 0
200| 0,3 400 0
201| 0,3 400 0
202| 0,3 400 0
203| 0,3 400 0
204| 0,3 400 0
205| 0,3 400 0
206| 0,3 400 0
207| 0,3 400 0
208| 0,3 400 0
209| 0,3 400 0
210| 0,3 400 0
211| 0,3 400 0
212| 0,3 400 0
213| 0,3 400 0
214| 0,3 400 0
215| 0,3 400 0
216| 0,3 400 0
217| 0,6 400 0
218| 0,9 400 0
219| 1,2 400 0
220| 1,5 400 0
221| 1,8 400 0
222| 1,8 400 0
223| 1,8 400 0
224| 1,8 400 0
225| 1,8 400 0
226| 2,1 400 0
227| 2,4 400 0
228| 2,7 400 0
229| 3 400 0
230| 3,299999 400 0
231| 3,599999 400 0
232| 3,899999 400 0
233| 4,2 400 0
234| 4,5 400 0
235| 4,8 400 0
236| 5,1 400 0
237| 5,4 400 0
238| 5,7 400 0
239| 6 400 0
240| 6,300001 400 0
241| 6,600001 400 0
242| 6,900001 400 0
243| 7,200001 400 0
244| 7,500001 400 0
245| 7,800001 400 0
246| 8,1 400 0
247| 8,4 400 0
248| 8,7 400 0
249| 8,999999 400 0
250| 9,299999 400 0
251| 9,299999 400 0
252| 9,299999 400 0
253| 9,299999 400 0
254| 9,299999 400 0
255| 9,299999 400 0
256| 9,299999 400 0
257| 9,299999 400 0
258| 9,299999 400 0
259| 9,299999 400 0
260| 9,299999 400 0
261| 9,299999 400 0
262| 9,299999 400 0
263| 9,299999 400 0
264| 9,299999 400 0
265| 9,299999 400 0
266| 9,299999 400 0
267| 9,299999 400 0
268| 9,599998 400 0
269| 9,899999 400 0
270| 10,2 400 0
271| 10,5 400 0
272| 10,8 400 0
273| 11,1 400 0
274| 11,1 400 0
275| 11,1 400 0
276| 11,1 400 0
277| 11,1 400 0
278| 11,1 400 0
279| 11,1 400 0
280| 11,1 400 0
281| 11,1 400 0
282| 0 400 0
283| -0,3 400 0
284| -0,6 400 0
285| -0,9 400 0
286| -1,2 400 0
287| -1,5 400 0
288| -1,8 400 0
289| -2,1 400 0
290| -2,4 400 0
291| -2,4 400 0
292| -2,4 400 0
293| -2,4 400 0
294| -2,4 400 0
295| -2,4 400 0
296| -2,4 400 0
297| -2,4 400 0
298| -2,4 400 0
299| -2,4 400 0
300| -2,4 400 0
301| -2,4 400 0
302| -2,4 400 0
303| -2,4 400 0
304| -2,4 400 0
305| -2,4 400 0
306| -2,4 400 0
307| -2,4 400 0
308| -2,4 400 0
309| -2,4 400 0
310| -2,4 400 0
311| 0 400 0
312| 0,3 400 0
313| 0,6 400 0
314| 0,6 400 0
315| 0,6 400 0
316| 0,6 400 0
317| 0,6 400 0
318| 0,6 400 0
319| 0,6 400 0
320| 0,6 400 0
321| 0,6 400 0
322| 0,6 400 0
323| 0,9 400 0
324| 1,2 400 0
325| 1,5 400 0
326| 1,8 400 0
327| 1,8 400 0
328| 1,8 400 0
329| 1,8 400 0
330| 1,8 400 0
331| 1,8 400 0
332| 1,8 400 0
333| 1,8 400 0
334| 2,1 400 0
335| 2,4 400 0
336| 2,7 400 0
337| 3 400 0
338| 3,299999 400 0
339| 3,599999 400 0
340| 3,899999 400 0
341| 4,2 400 0
342| 4,2 400 0
343| 4,2 400 0
344| 4,2 400 0
345| 4,2 400 0
346| 4,2 400 0
347| 4,2 400 0
348| 4,2 400 0
349| 4,5 400 0
350| 4,8 400 0
351| 5,1 400 0
352| 5,4 400 0
353| 5,7 400 0
354| 6 400 0
355| 6,300001 400 0
356| 6,600001 400 0
357| 6,600001 400 0
358| 6,600001 400 0
359| 6,600001 400 0
360| 6,600001 400 0
361| 6,600001 400 0
362| 6,600001 400 0
363| 6,600001 400 0
364| 6,600001 400 0
365| 6,600001 400 0
366| 6,600001 400 0
367| 6,600001 400 0
368| 6,600001 400 0
369| 6,600001 400 0
370| 0 400 0
371| -0,3 400 0
372| -0,3 400 0
373| -0,3 400 0
374| -0,3 400 0
375| -0,3 400 0
376| -0,3 400 0
377| -0,3 400 0
378| -0,3 400 0
379| -0,3 400 0
380| -0,3 400 0
381| -0,3 400 0
382| -0,3 400 0
383| -0,3 400 0
384| -0,6 400 0
385| -0,9 400 0
386| -1,2 400 0
387| -1,5 400 0
388| -1,8 400 0
389| -1,8 400 0
390| -1,8 400 0
391| -1,8 400 0
392| -1,8 400 0
393| -1,8 400 0
394| -1,8 400 0
395| -1,8 400 0
396| -1,8 400 0
397| -1,8 400 0
398| -1,8 400 0
399| -1,8 400 0
400| -1,8 400 0
401| -1,8 400 0
402| -1,8 400 0
403| -1,8 400 0
404| -1,8 400 0
405| -1,8 400 0
406| -1,8 400 0
407| -2,1 400 0
408| -2,4 400 0
409| -2,7 400 0
410| -3 400 0
411| -3,299999 400 0
412| -3,599999 400 0
413| -3,599999 400 0
414| -3,599999 400 0
415| -3,599999 400 0
416| -3,599999 400 0
417| -3,599999 400 0
418| -3,599999 400 0
419| -3,599999 400 0
420| -3,599999 400 0
421| -3,599999 400 0
422| -3,599999 400 0
423| -3,599999 400 0
424| -3,599999 400 0
425| -3,599999 400 0
426| -3,599999 400 0
427| -3,599999 400 0
428| -3,599999 400 0
429| -3,599999 400 0
430| -3,599999 400 0
431| -3,599999 400 0
432| -3,599999 400 0
433| -3,599999 400 0
434| -3,599999 400 0
435| -3,599999 400 0
436| -3,599999 400 0
437| -3,599999 400 0
438| -3,599999 400 0
439| -3,599999 400 0
440| -3,599999 400 0
441| -3,599999 400 0
442| -3,599999 400 0
443| -3,599999 400 0
444| -3,599999 400 0
445| -3,599999 400 0
446| -3,599999 400 0
447| -3,599999 400 0
448| -3,599999 400 0
449| -3,599999 400 0
450| -3,599999 400 0
451| -3,599999 400 0
452| -3,599999 400 0
453| -3,599999 400 0
454| -3,599999 400 0
455| -3,599999 400 0
456| -3,599999 400 0
457| 0 400 0
458| 0,3 400 0
459| 0,6 400 0
460| 0,9 400 0
461| 0,9 400 0
462| 0,9 400 0
463| 0,9 400 0
464| 0,9 400 0
465| 0,9 400 0
466| 0,9 400 0
467| 0,9 400 0
468| 0,9 400 0
469| 0,9 400 0
470| 0,9 400 0
471| 0,9 400 0
472| 0,9 400 0
473| 0,9 400 0
474| 0,9 400 0
475| 0,9 400 0
476| 0,9 400 0
477| 0,9 400 0
478| 0,9 400 0
479| 0,9 400 0
480| 0,9 400 0
481| 0,9 400 0
482| 0,9 400 0
483| 0,9 400 0
484| 0,9 400 0
485| 0,9 400 0
486| 0,9 400 0
487| 0,9 400 0
488| 0,9 400 0
489| 0,9 400 0
490| 0,9 400 0
491| 0,9 400 0
492| 0,9 400 0
493| 0,9 400 0
494| 0,9 400 0
495| 0,9 400 0
496| 0,9 400 0
497| 0,9 400 0
498| 0,9 400 0
499| 0,9 400 0
500| 0,9 400 0
501| 0,9 400 0
502| 0,9 400 0
503| 0,9 400 0
504| 0,9 400 0
505| 0,9 400 0
506| 0,9 400 0
507| 0,9 400 0
508| 0,9 400 0
509| 0,9 400 0
510| 0,9 400 0
511| 0,9 400 0
512| 0,9 400 0
513| 0,9 400 0
514| 0,9 400 0
515| 0,9 400 0
516| 0,9 400 0
517| 0 400 0
518| -0,3 400 0
519| -0,3 400 0
520| -0,3 400 0
521| -0,3 400 0
522| -0,3 400 0
523| -0,3 400 0
524| -0,3 400 0
525| -0,3 400 0
526| -0,3 400 0
527| -0,3 400 0
528| -0,3 400 0
529| -0,3 400 0
530| -0,3 400 0
531| -0,3 400 0
532| -0,3 400 0
533| -0,3 400 0
534| -0,3 400 0
535| -0,3 400 0
536| -0,3 400 0
537| -0,3 400 0
538| -0,3 400 0
539| -0,3 400 0
540| -0,6 400 0
541| -0,9 400 0
542| -1,2 400 0
543| -1,2 400 0
544| -1,2 400 0
545| -1,2 400 0
546| -1,2 400 0
547| -1,2 400 0
548| -1,2 400 0
549| -1,2 400 0
550| -1,2 400 0
551| -1,2 400 0
552| -1,2 400 0
553| -1,2 400 0
554| -1,2 400 0
555| -1,2 400 0
556| -1,2 400 0
557| -1,2 400 0
558| -1,2 400 0
559| -1,5 400 0
560| -1,8 400 0
561| -2,1 400 0
562| -2,1 400 0
563| -2,1 400 0
564| -2,1 400 0
565| -2,1 400 0
566| -2,1 400 0
567| -2,1 400 0
568| -2,1 400 0
569| -2,1 400 0
570| -2,1 400 0
571| -2,1 400 0
572| -2,1 400 0
573| -2,1 400 0
574| -2,1 400 0
575| -2,1 400 0
576| -2,1 400 0
577| -2,1 400 0
578| -2,1 400 0
579| -2,1 400 0
580| -2,1 400 0
581| -2,1 400 0
582| -2,1 400 0
583| -2,1 400 0
584| -2,1 400 0
585| -2,1 400 0
586| -2,1 400 0
587| -2,1 400 0
588| -2,1 400 0
589| -2,1 400 0
590| -2,1 400 0
591| -2,1 400 0
592| -2,1 400 0
593| -2,1 400 0
594| -2,1 400 0
595| -2,1 400 0
596| -2,1 400 0
597| -2,1 400 0
598| -2,1 400 0
599| -2,1 400 0
600| -2,1 400 0
601| -2,1 400 0
602| -2,1 400 0
603| -2,1 400 0
604| -2,1 400 0
605| -2,1 400 0
606| -2,1 400 0
607| -2,1 400 0
608| -2,1 400 0
609| -2,1 400 0
610| -2,1 400 0
611| -2,1 400 0
612| -2,1 400 0
613| -2,1 400 0
614| -2,1 400 0
615| -2,1 400 0
616| -2,1 400 0
617| -2,1 400 0
618| -2,1 400 0
619| -2,1 400 0
620| -2,1 400 0
621| -2,1 400 0
622| -2,1 400 0
623| -2,1 400 0
624| -2,1 400 0
625| -2,1 400 0
626| -2,1 400 0
627| -2,1 400 0
628| -2,1 400 0
629| -2,1 400 0
630| -2,1 400 0
631| -2,1 400 0
632| -2,1 400 0
633| -2,1 400 0
634| -2,1 400 0
635| -2,1 400 0
636| -2,1 400 0
637| -2,1 400 0
638| -2,1 400 0
639| -2,1 400 0
640| -2,1 400 0
641| -2,1 400 0
642| -2,1 400 0
643| 0 400 0
644| 0,3 400 0
645| 0,6 400 0
646| 0,9 400 0
647| 0,9 400 0
648| 0,9 400 0
649| 0,9 400 0
650| 0,9 400 0
651| 0,9 400 0
652| 0,9 400 0
653| 0,9 400 0
654| 0,9 400 0
655| 0,9 400 0
656| 0,9 400 0
657| 0,9 400 0
658| 0,9 400 0
659| 0,9 400 0
660| 0,9 400 0
661| 0,9 400 0
662| 0,9 400 0
663| 0,9 400 0
664| 0,9 400 0
665| 0,9 400 0
666| 0 400 0
667| -0,3 400 0
668| -0,3 400 0
669| -0,3 400 0
670| -0,3 400 0
671| -0,3 400 0
672| -0,3 400 0
673| -0,3 400 0
674| -0,3 400 0
675| -0,3 400 0
676| -0,3 400 0
677| -0,3 400 0
678| -0,3 400 0
679| -0,3 400 0
680| -0,3 400 0
681| -0,3 400 0
682| -0,3 400 0
683| -0,3 400 0
684| -0,3 400 0
685| -0,3 400 0
686| -0,3 400 0
687| -0,3 400 0
688| -0,3 400 0
689| -0,3 400 0
690| -0,3 400 0
691| -0,3 400 0
692| -0,3 400 0
693| -0,3 400 0
694| -0,3 400 0
695| -0,3 400 0
696| -0,3 400 0
697| -0,3 400 0
698| -0,3 400 0
699| -0,3 400 0
700| -0,3 400 0
701| -0,3 400 0
702| -0,3 400 0
703| -0,3 400 0
704| -0,3 400 0
705| -0,3 400 0
706| -0,3 400 0
707| -0,3 400 0
708| -0,3 400 0
709| -0,3 400 0
710| -0,3 400 0
711| -0,3 400 0
712| -0,3 400 0
713| -0,3 400 0
714| -0,3 400 0
715| -0,3 400 0
716| -0,3 400 0
717| -0,3 400 0
718| -0,3 400 0
719| -0,6 400 0
720| -0,9 400 0
721| -0,9 400 0
722| -0,9 400 0
723| -0,9 400 0
724| -0,9 400 0
725| -0,9 400 0
726| -0,9 400 0
727| -0,9 400 0
728| -0,9 400 0
729| -0,9 400 0
730| -0,9 400 0
731| -0,9 400 0
732| -0,9 400 0
733| -1,2 400 0
734| -1,5 400 0
735| -1,8 400 0
736| -2,1 400 0
737| -2,1 400 0
738| -2,1 400 0
739| -2,1 400 0
740| -2,1 400 0
741| -2,1 400 0
742| -2,1 400 0
743| -2,1 400 0
744| -2,1 400 0
745| -2,1 400 0
746| -2,4 400 0
747| -2,7 400 0
748| -3 400 0
749| -3 400 0
750| -3 400 0
751| -3 400 0
752| -3 400 0
753| -3 400 0
754| -3 400 0
755| -3 400 0
756| -3 400 0
757| -3 400 0
758| -3 400 0
759| -3 400 0
760| -3 400 0
761| -3 400 0
762| -3 400 0
763| -3 400 0
764| -3 400 0
765| -3 400 0
766| -3 400 0
767| -3 400 0
768| -3 400 0
769| -3 400 0
770| -3 400 0
771| -3 400 0
772| -3 400 0
773| -3 400 0
774| -3 400 0
775| 0 400 0
776| 0,3 400 0
777| 0,3 400 0
778| 0,3 400 0
779| 0,3 400 0
780| 0,3 400 0
781| 0,3 400 0
782| 0,3 400 0
783| 0,3 400 0
784| 0,3 400 0
785| 0,3 400 0
786| 0,3 400 0
787| 0,3 400 0
788| 0,3 400 0
789| 0,3 400 0
790| 0,3 400 0
791| 0,3 400 0
792| 0,3 400 0
793| 0,3 400 0
794| 0,3 400 0
795| 0,3 400 0
796| 0,3 400 0
797| 0,3 400 0
798| 0,3 400 0
799| 0,3 400 0
800| 0,3 400 0
801| 0,3 400 0
802| 0,3 400 0
803| 0,3 400 0
804| 0,3 400 0
805| 0,3 400 0
806| 0,3 400 0
807| 0,3 400 0
808| 0,3 400 0
809| 0,3 400 0
810| 0,3 400 0
811| 0,3 400 0
812| 0,3 400 0
813| 0,3 400 0
814| 0 400 0
815| -0,3 400 0
816| -0,6 400 0
817| -0,6 400 0
818| -0,6 400 0
819| -0,6 400 0
820| -0,6 400 0
821| -0,6 400 0
822| -0,6 400 0
823| -0,6 400 0
824| -0,6 400 0
825| -0,6 400 0
826| -0,6 400 0
827| -0,6 400 0
828| -0,6 400 0
829| -0,6 400 0
830| -0,6 400 0
831| -0,6 400 0
832| -0,9 400 0
833| -1,2 400 0
834| -1,5 400 0
835| -1,5 400 0
836| -1,5 400 0
837| -1,5 400 0
838| -1,5 400 0
839| -1,5 400 0
840| -1,5 400 0
841| -1,5 400 0
842| -1,5 400 0
843| -1,5 400 0
844| -1,5 400 0
845| -1,5 400 0
846| -1,5 400 0
847| -1,5 400 0
848| -1,5 400 0
849| -1,8 400 0
850| -2,1 400 0
851| -2,1 400 0
852| -2,1 400 0
853| -2,1 400 0
854| -2,1 400 0
855| -2,1 400 0
856| -2,1 400 0
857| -2,1 400 0
858| -2,1 400 0
859| -2,1 400 0
860| -2,1 400 0
861| -2,1 400 0
862| -2,1 400 0
863| -2,1 400 0
864| -2,1 400 0
865| -2,1 400 0
866| -2,1 400 0
867| -2,1 400 0
868| -2,1 400 0
869| -2,1 400 0
870| -2,1 400 0
871| -2,1 400 0
872| -2,1 400 0
873| -2,1 400 0
874| -2,1 400 0
875| -2,1 400 0
876| -2,1 400 0
877| -2,1 400 0
878| -2,1 400 0
879| -2,1 400 0
880| -2,1 400 0
881| -2,1 400 0
882| -2,1 400 0
883| -2,1 400 0
884| -2,1 400 0
885| -2,1 400 0
886| -2,1 400 0
887| -2,1 400 0
888| -2,1 400 0
889| -2,1 400 0
890| -2,1 400 0
891| -2,1 400 0
892| -2,1 400 0
893| -2,1 400 0
894| -2,1 400 0
895| -2,1 400 0
896| -2,1 400 0
897| -2,4 400 0
898| -2,7 400 0
899| -3 400 0
900| -3,299999 400 0
901| -3,299999 400 0
902| -3,299999 400 0
903| -3,299999 400 0
904| -3,299999 400 0
905| -3,299999 400 0
906| -3,299999 400 0
907| -3,299999 400 0
908| -3,299999 400 0
909| -3,299999 400 0
910| -3,299999 400 0
911| -3,299999 400 0
912| -3,299999 400 0
913| -3,299999 400 0
914| -3,299999 400 0
915| -3,299999 400 0
916| -3,299999 400 0
917| -3,299999 400 0
918| -3,299999 400 0
919| -3,299999 400 0
920| -3,299999 400 0
921| -3,299999 400 0
922| -3,299999 400 0
923| -3,299999 400 0
924| -3,299999 400 0
925| -3,299999 400 0
926| -3,299999 400 0
927| -3,299999 400 0
928| -3,299999 400 0
929| -3,299999 400 0
930| -3,299999 400 0
931| -3,299999 400 0
932| -3,299999 400 0
933| -3,299999 400 0
934| -3,299999 400 0
935| -3,299999 400 0
936| -3,299999 400 0
937| -3,299999 400 0
938| -3,299999 400 0
939| -3,299999 400 0
940| -3,299999 400 0
941| -3,299999 400 0
942| -3,299999 400 0
943| -3,299999 400 0
944| -3,299999 400 0
945| -3,299999 400 0
946| -3,299999 400 0
947| -3,299999 400 0
948| -3,299999 400 0
949| -3,299999 400 0
950| -3,299999 400 0
951| -3,299999 400 0
952| -3,299999 400 0
953| -3,299999 400 0
954| -3,299999 400 0
955| -3,299999 400 0
956| -3,299999 400 0
957| -3,299999 400 0
958| -3,299999 400 0
959| -3,299999 400 0
960| -3,299999 400 0
961| -3,299999 400 0
962| -3,299999 400 0
963| -3,299999 400 0
964| -3,299999 400 0
965| -3,299999 400 0
966| -3,299999 400 0
967| -3,299999 400 0
968| -3,299999 400 0
969| -3,299999 400 0
970| -3,299999 400 0
971| -3,299999 400 0
972| -3,299999 400 0
973| -3,299999 400 0
974| -3,299999 400 0
975| -3,299999 400 0
976| -3,299999 400 0
977| -3,299999 400 0
978| -3,299999 400 0
979| -3,299999 400 0
980| -3,299999 400 0
981| -3,299999 400 0
982| -3,299999 400 0
983| -3,299999 400 0
984| -3,299999 400 0
985| -3,299999 400 0
986| -3,299999 400 0
987| -3,299999 400 0
988| -3,299999 400 0
989| -3,299999 400 0
990| -3,299999 400 0
991| -3,299999 400 0
992| 0 400 0
993| 0,3 400 0
994| 0,6 400 0
995| 0,9 400 0
996| 1,2 400 0
997| 1,2 400 0
998| 1,2 400 0
999| 1,2 400 0
1000| 1,2 400 0
1001| 1,2 400 0
1002| 1,2 400 0
1003| 1,2 400 0
1004| 1,2 400 0
1005| 1,2 400 0
1006| 1,2 400 0
1007| 1,2 400 0
1008| 1,2 400 0
1009| 1,2 400 0
1010| 1,2 400 0
1011| 1,2 400 0
1012| 1,2 400 0
1013| 1,2 400 0
1014| 1,2 400 0
1015| 1,2 400 0
1016| 1,2 400 0
1017| 1,2 400 0
1018| 1,2 400 0
1019| 0 400 0
1020| -0,3 400 0
1021| -0,6 400 0
1022| -0,9 400 0
1023| -0,9 400 0
1024| -0,9 400 0
1025| -0,9 400 0
1026| -0,9 400 0
1027| -0,9 400 0
1028| -0,9 400 0
1029| -0,9 400 0
1030| -0,9 400 0
1031| -0,9 400 0
1032| -0,9 400 0
1033| -0,9 400 0
1034| -0,9 400 0
1035| -0,9 400 0
1036| -0,9 400 0
1037| -0,9 400 0
1038| -0,9 400 0
1039| -0,9 400 0
1040| -0,9 400 0
1041| -0,9 400 0
1042| -0,9 400 0
1043| -0,9 400 0
1044| -0,9 400 0
1045| -0,9 400 0
1046| -0,9 400 0
1047| -1,2 400 0
1048| -1,5 400 0
1049| -1,8 400 0
1050| -2,1 400 0
1051| -2,1 400 0
1052| -2,1 400 0
1053| -2,1 400 0
1054| -2,1 400 0
1055| -2,1 400 0
1056| -2,1 400 0
1057| -2,1 400 0
1058| -2,1 400 0
1059| -2,1 400 0
1060| -2,1 400 0
1061| -2,1 400 0
1062| -2,1 400 0
1063| -2,1 400 0
1064| -2,1 400 0
1065| -2,1 400 0
1066| -2,1 400 0
1067| -2,1 400 0
1068| -2,1 400 0
1069| -2,1 400 0
1070| -2,1 400 0
1071| -2,1 400 0
1072| -2,1 400 0
1073| -2,1 400 0
1074| -2,1 400 0
1075| -2,1 400 0
1076| -2,1 400 0
1077| -2,1 400 0
1078| -2,1 400 0
1079| -2,1 400 0
1080| -2,1 400 0
1081| -2,1 400 0
1082| -2,1 400 0
1083| -2,1 400 0
1084| -2,1 400 0
1085| -2,1 400 0
1086| -2,1 400 0
1087| -2,1 400 0
1088| -2,1 400 0
1089| -2,1 400 0
1090| -2,1 400 0
1091| -2,1 400 0
1092| -2,1 400 0
1093| -2,1 400 0
1094| -2,1 400 0
1095| -2,1 400 0
1096| -2,1 400 0
1097| -2,1 400 0
1098| -2,1 400 0
1099| -2,1 400 0
1100| -2,1 400 0
1101| -2,1 400 0
1102| -2,1 400 0
1103| -2,1 400 0
1104| -2,1 400 0
1105| -2,1 400 0
1106| -2,1 400 0
1107| -2,1 400 0
1108| -2,1 400 0
1109| -2,1 400 0
1110| -2,1 400 0
1111| -2,1 400 0
1112| -2,1 400 0
1113| -2,1 400 0
1114| -2,1 400 0
1115| -2,1 400 0
1116| -2,1 400 0
1117| -2,1 400 0
1118| -2,1 400 0
1119| -2,1 400 0
1120| -2,1 400 0
1121| -2,1 400 0
1122| -2,1 400 0
1123| -2,1 400 0
1124| -2,1 400 0
1125| -2,1 400 0
1126| -2,1 400 0
1127| -2,1 400 0
1128| -2,1 400 0
1129| -2,1 400 0
1130| -2,1 400 0
1131| -2,1 400 0
1132| -2,1 400 0
1133| -2,1 400 0
1134| -2,1 400 0
1135| -2,1 400 0
1136| -2,1 400 0
1137| -2,1 400 0
1138| -2,1 400 0
1139| -2,1 400 0
1140| -2,1 400 0
1141| -2,1 400 0
1142| -2,1 400 0
1143| -2,1 400 0
1144| -2,1 400 0
1145| -2,1 400 0
1146| -2,1 400 0
1147| -2,1 400 0
1148| -2,1 400 0
1149| -2,1 400 0
1150| -2,1 400 0
1151| -2,1 400 0
1152| -2,1 400 0
1153| -2,1 400 0
1154| -2,1 400 0
1155| -2,1 400 0
1156| -2,1 400 0
1157| 0 400 0
1158| 0,3 400 0
1159| 0,6 400 0
1160| 0,9 400 0
1161| 1,2 400 0
1162| 1,5 400 0
1163| 1,5 400 0
1164| 1,5 400 0
1165| 1,5 400 0
1166| 1,5 400 0
1167| 1,5 400 0
1168| 1,5 400 0
1169| 1,5 400 0
1170| 1,5 400 0
1171| 1,5 400 0
1172| 1,5 400 0
1173| 1,5 400 0
1174| 1,5 400 0
1175| 1,5 400 0
1176| 1,5 400 0
1177| 1,5 400 0
1178| 1,5 400 0
1179| 1,5 400 0
1180| 1,5 400 0
1181| 1,5 400 0
1182| 1,5 400 0
1183| 1,5 400 0
1184| 1,5 400 0
1185| 1,5 400 0
1186| 1,5 400 0
1187| 1,5 400 0
1188| 1,5 400 0
1189| 1,5 400 0
1190| 1,5 400 0
1191| 1,5 400 0
1192| 1,5 400 0
1193| 1,5 400 0
1194| 1,5 400 0
1195| 1,5 400 0
1196| 1,5 400 0
1197| 1,5 400 0
1198| 1,5 400 0
1199| 1,5 400 0
1200| 1,5 400 0
1201| 1,5 400 0
1202| 1,5 400 0
1203| 1,5 400 0
1204| 1,5 400 0
1205| 1,5 400 0
1206| 1,5 400 0
1207| 1,5 400 0
1208| 1,5 400 0
1209| 1,5 400 0
1210| 1,5 400 0
1211| 1,5 400 0
1212| 1,5 400 0
1213| 1,5 400 0
1214| 1,5 400 0
1215| 1,5 400 0
1216| 1,5 400 0
1217| 1,5 400 0
1218| 1,5 400 0
1219| 1,5 400 0
1220| 1,5 400 0
1221| 1,5 400 0
1222| 1,5 400 0
1223| 1,5 400 0
1224| 1,5 400 0
1225| 1,5 400 0
1226| 1,5 400 0
1227| 1,5 400 0
1228| 1,5 400 0
1229| 1,5 400 0
1230| 1,5 400 0
1231| 1,5 400 0
1232| 0 400 0
1233| -0,3 400 0
1234| -0,6 400 0
1235| -0,9 400 0
1236| -1,2 400 0
1237| -1,2 400 0
1238| -1,2 400 0
1239| -1,2 400 0
1240| -1,2 400 0
1241| -1,2 400 0
1242| -1,2 400 0
1243| -1,2 400 0
1244| -1,2 400 0
1245| -1,2 400 0
1246| -1,2 400 0
1247| -1,2 400 0
1248| -1,2 400 0
1249| -1,2 400 0
1250| -1,2 400 0
1251| -1,5 400 0
1252| -1,8 400 0
1253| -1,8 400 0
1254| -1,8 400 0
1255| -1,8 400 0
1256| -1,8 400 0
1257| -1,8 400 0
1258| -1,8 400 0
1259| -1,8 400 0
1260| -1,8 400 0
1261| -1,8 400 0
1262| -1,8 400 0
1263| -1,8 400 0
1264| -1,8 400 0
1265| -1,8 400 0
1266| -1,8 400 0
1267| -1,8 400 0
1268| -1,8 400 0
1269| -1,8 400 0
1270| -1,8 400 0
1271| -1,8 400 0
1272| -1,8 400 0
1273| -1,8 400 0
1274| -1,8 400 0
1275| -1,8 400 0
1276| -1,8 400 0
1277| -1,8 400 0
1278| -1,8 400 0
1279| -1,8 400 0
1280| -1,8 400 0
1281| -1,8 400 0
1282| -1,8 400 0
1283| -1,8 400 0
1284| -1,8 400 0
1285| -1,8 400 0
1286| -1,8 400 0
1287| -1,8 400 0
1288| -1,8 400 0
1289| -1,8 400 0
1290| -1,8 400 0
1291| -1,8 400 0
1292| -1,8 400 0
1293| -1,8 400 0
1294| -1,8 400 0
1295| -1,8 400 0
1296| -1,8 400 0
1297| -2,1 400 0
1298| -2,4 400 0
1299| -2,7 400 0
1300| -3 400 0
1301| -3,299999 400 0
1302| -3,299999 400 0
1303| -3,299999 400 0
1304| -3,299999 400 0
1305| -3,299999 400 0
1306| -3,299999 400 0
1307| -3,299999 400 0
1308| -3,299999 400 0
1309| -3,299999 400 0
1310| -3,299999 400 0
1311| -3,299999 400 0
1312| -3,299999 400 0
1313| -3,299999 400 0
1314| -3,299999 400 0
1315| -3,299999 400 0
1316| -3,299999 400 0
1317| -3,299999 400 0
1318| -3,299999 400 0
1319| -3,299999 400 0
1320| -3,299999 400 0
1321| -3,299999 400 0
1322| -3,299999 400 0
1323| -3,299999 400 0
1324| -3,299999 400 0
1325| -3,299999 400 0
1326| -3,299999 400 0
1327| -3,299999 400 0
1328| -3,299999 400 0
1329| -3,299999 400 0
1330| -3,299999 400 0
1331| -3,299999 400 0
1332| -3,299999 400 0
1333| -3,299999 400 0
1334| -3,299999 400 0
1335| -3,299999 400 0
1336| -3,299999 400 0
1337| -3,299999 400 0
1338| -3,299999 400 0
1339| -3,299999 400 0
1340| -3,299999 400 0
1341| -3,299999 400 0
1342| 0 400 0
1343| 0,3 400 0
1344| 0,3 400 0
1345| 0,3 400 0
1346| 0,3 400 0
1347| 0,3 400 0
1348| 0,3 400 0
1349| 0,3 400 0
1350| 0,3 400 0
1351| 0,3 400 0
1352| 0,3 400 0
1353| 0,3 400 0
1354| 0,3 400 0
1355| 0,3 400 0
1356| 0,3 400 0
1357| 0,3 400 0
1358| 0,3 400 0
1359| 0,3 400 0
1360| 0,3 400 0
1361| 0,3 400 0
1362| 0,3 400 0
1363| 0 400 0
1364| -0,3 400 0
1365| -0,6 400 0
1366| -0,9 400 0
1367| -1,2 400 0
1368| -1,5 400 0
1369| -1,5 400 0
1370| -1,5 400 0
1371| -1,5 400 0
1372| -1,5 400 0
1373| 0 0 0
1374| 0 0 0
1375| 0 0 0
1376| 0 0 0
1377| 0 0 0
1378| 0 0 0
1379| 0 0 0
1380| 0 0 0
1381| 0 0 0
1382| 0 0 0
1383| 0 0 0
1384| 0 0 0
1385| 0 0 0
1386| 0 0 0
1387| 0 0 0
1388| 0 0 0
1389| 0 0 0
1390| 0 0 0
1391| 0 0 0
1392| 0 0 0
1393| 0 0 0
1394| 0 0 0
1395| 0 0 0
1396| 0 0 0
1397| 0 0 0
1398| 0 0 0
1399| 0 0 0
1400| 0 0 0
1401| 0 0 0
1402| 0 0 0
1403| 0 0 0
1404| 0 0 0
1405| 0 0 0
1406| 0 0 0
1407| 0 0 0
1408| 0 0 0
1409| 0 0 0
1410| 0 0 0
1411| 0 0 0
1412| 0 0 0
1413| 0 0 0
1414| 0 0 0
1415| 0 0 0
1416| 0 0 0
1417| 0 0 0
1418| 0 0 0
1419| 0 0 0
1420| 0 0 0
1421| 0 0 0
1422| 0 0 0
1423| 0 0 0
1424| 0 0 0
1425| 0 0 0
1426| 0 0 0
1427| 0 0 0
1428| 0 0 0
1429| 0 0 0
1430| 0 0 0
1431| 0 0 0
1432| 0 0 0
1433| 0 0 0
1434| 0 0 0
1435| 0 0 0
1436| 0 0 0
1437| 0 0 0
1438| 0 0 0
1439| 0 0 0
1440| 0 0 0
1441| 0 0 0
1442| 0 0 0
1443| 0 0 0
1444| 0 0 0
1445| 0 0 0
1446| 0 0 0
1447| 0 0 0
1448| 0 0 0
1449| 0 0 0
1450| 0 0 0
1451| 0 0 0
1452| 0 0 0
1453| 0 0 0
1454| 0 0 0
1455| 0 0 0
1456| 0 0 0
1457| 0 0 0
1458| 0 0 0
1459| 0 0 0
1460| 0 0 0
1461| 0 0 0
1462| 0 0 0
1463| 0 0 0
1464| 0 0 0
1465| 0 0 0
1466| 0 0 0
1467| 0 0 0
1468| 0 0 0
1469| 0 0 0
1470| 0 0 0
1471| 0 0 0
1472| 0 0 0
1473| 0 0 0
1474| 0 0 0
1475| 0 0 0
1476| 0 0 0
1477| 0 0 0
1478| 0 0 0
1479| 0 0 0
1480| 0 0 0
1481| 0 0 0
1482| 0 0 0
1483| 0 0 0
1484| 0 0 0
1485| 0 0 0
1486| 0 0 0
1487| 0 0 0
1488| 0 0 0
1489| 0 0 0
1490| 0 0 0
1491| 0 0 0
1492| 0 0 0
1493| 0 0 0
1494| 0 0 0
1495| 0 0 0
1496| 0 0 0
1497| 0 0 0
1498| 0 0 0
1499| 0 0 0
1500| 0 0 0
1501| 0 0 0
1502| 0 0 0
1503| 0 0 0
1504| 0 0 0
1505| 0 0 0
1506| 0 0 0
1507| 0 0 0
1508| 0 0 0
1509| 0 0 0
1510| 0 0 0
1511| 0 0 0
1512| 0 0 0
1513| 0 0 0
1514| 0 0 0
1515| 0 0 0
1516| 0 0 0
1517| 0 0 0
1518| 0 0 0
1519| 0 0 0
1520| 0 0 0
1521| 0 0 0
1522| 0 0 0
1523| 0 0 0
1524| 0 0 0
1525| 0 0 0
1526| 0 0 0
1527| 0 0 0
1528| 0 0 0
1529| 0 0 0
1530| 0 0 0
1531| 0 0 0
1532| 0 0 0
1533| 0 0 0
1534| 0 0 0
1535| 0 0 0
1536| 0 0 0
1537| 0 0 0
1538| 0 0 0
1539| 0 0 0
1540| 0 0 0
1541| 0 0 0
1542| 0 0 0
1543| 0 0 0
1544| 0 0 0
1545| 0 0 0
1546| 0 0 0
1547| 0 0 0
1548| 0 0 0
1549| 0 0 0
1550| 0 0 0
1551| 0 0 0
1552| 0 0 0
1553| 0 0 0
1554| 0 0 0
1555| 0 0 0
1556| 0 0 0
1557| 0 0 0
1558| 0 0 0
1559| 0 0 0
1560| 0 0 0
1561| 0 0 0
1562| 0 0 0
1563| 0 0 0
1564| 0 0 0
1565| 0 0 0
1566| 0 0 0
1567| 0 0 0
1568| 0 0 0
1569| 0 0 0
1570| 0 0 0
1571| 0 0 0
1572| 0 0 0
1573| 0 0 0
1574| 0 0 0
1575| 0 0 0
1576| 0 0 0
1577| 0 0 0
1578| 0 0 0
1579| 0 0 0
1580| 0 0 0
1581| 0 0 0
1582| 0 0 0
1583| 0 0 0
1584| 0 0 0
1585| 0 0 0
1586| 0 0 0
1587| 0 0 0
1588| 0 0 0
1589| 0 0 0
1590| 0 0 0
1591| 0 0 0
1592| 0 0 0
1593| 0 0 0
1594| 0 0 0
1595| 0 0 0
1596| 0 0 0
1597| 0 0 0
1598| 0 0 0
1599| 0 0 0
1600| 0 0 0
1601| 0 0 0
1602| 0 0 0
1603| 0 0 0
1604| 0 0 0
1605| 0 0 0
1606| 0 0 0
1607| 0 0 0
1608| 0 0 0
1609| 0 0 0
1610| 0 0 0
1611| 0 0 0
1612| 0 0 0
1613| 0 0 0
1614| 0 0 0
1615| 0 0 0
1616| 0 0 0
1617| 0 0 0
1618| 0 0 0
1619| 0 0 0
1620| 0 0 0
1621| 0 0 0
1622| 0 0 0
1623| 0 0 0
1624| 0 0 0
1625| 0 0 0
1626| 0 0 0
1627| 0 0 0
1628| 0 0 0
1629| 0 0 0
1630| 0 0 0
1631| 0 0 0
1632| 0 0 0
1633| 0 0 0
1634| 0 0 0
1635| 0 0 0
1636| 0 0 0
1637| 0 0 0
1638| 0 0 0
1639| 0 0 0
1640| 0 0 0
1641| 0 0 0
1642| 0 0 0
1643| 0 0 0
1644| 0 0 0
1645| 0 0 0
1646| 0 0 0
1647| 0 0 0
1648| 0 0 0
1649| 0 0 0
1650| 0 0 0
1651| 0 0 0
1652| 0 0 0
1653| 0 0 0
1654| 0 0 0
1655| 0 0 0
1656| 0 0 0
1657| 0 0 0
1658| 0 0 0
1659| 0 0 0
1660| 0 0 0
1661| 0 0 0
1662| 0 0 0
1663| 0 0 0
1664| 0 0 0
1665| 0 0 0
1666| 0 0 0
1667| 0 0 0
1668| 0 0 0
1669| 0 0 0
1670| 0 0 0
1671| 0 0 0
1672| 0 0 0
1673| 0 0 0
1674| 0 0 0
1675| 0 0 0
1676| 0 0 0
1677| 0 0 0
1678| 0 0 0
1679| 0 0 0
1680| 0 0 0
1681| 0 0 0
1682| 0 0 0
1683| 0 0 0
1684| 0 0 0
1685| 0 0 0
1686| 0 0 0
1687| 0 0 0
1688| 0 0 0
1689| 0 0 0
1690| 0 0 0
1691| 0 0 0
1692| 0 0 0
1693| 0 0 0
1694| 0 0 0
1695| 0 0 0
1696| 0 0 0
1697| 0 0 0
1698| 0 0 0
1699| 0 0 0
1700| 0 0 0
1701| 0 0 0
1702| 0 0 0
1703| 0 0 0
1704| 0 0 0
1705| 0 0 0
1706| 0 0 0
1707| 0 0 0
1708| 0 0 0
1709| 0 0 0
1710| 0 0 0
1711| 0 0 0
1712| 0 0 0
1713| 0 0 0
1714| 0 0 0
1715| 0 0 0
1716| 0 0 0
1717| 0 0 0
1718| 0 0 0
1719| 0 0 0
1720| 0 0 0
1721| 0 0 0
1722| 0 0 0
1723| 0 0 0
1724| 0 0 0
1725| 0 0 0
1726| 0 0 0
1727| 0 0 0
1728| 0 0 0
1729| 0 0 0
1730| 0 0 0
1731| 0 0 0
1732| 0 0 0
1733| 0 0 0
1734| 0 0 0
1735| 0 0 0
1736| 0 0 0
1737| 0 0 0
1738| 0 0 0
1739| 0 0 0
1740| 0 0 0
1741| 0 0 0
1742| 0 0 0
1743| 0 0 0
1744| 0 0 0
1745| 0 0 0
1746| 0 0 0
1747| 0 0 0
1748| 0 0 0
1749| 0 0 0
1750| 0 0 0
1751| 0 0 0
1752| 0 0 0
1753| 0 0 0
1754| 0 0 0
1755| 0 0 0
1756| 0 0 0
1757| 0 0 0
1758| 0 0 0
1759| 0 0 0
1760| 0 0 0
1761| 0 0 0
1762| 0 0 0
1763| 0 0 0
1764| 0 0 0
1765| 0 0 0
1766| 0 0 0
1767| 0 0 0
1768| 0 0 0
1769| 0 0 0
1770| 0 0 0
1771| 0 0 0
1772| 0 0 0
1773| 0 0 0
1774| 0 0 0
1775| 0 0 0
1776| 0 0 0
1777| 0 0 0
1778| 0 0 0
1779| 0 0 0
1780| 0 0 0
1781| 0 0 0
1782| 0 0 0
1783| 0 0 0
1784| 0 0 0
1785| 0 0 0
1786| 0 0 0
1787| 0 0 0
1788| 0 0 0
1789| 0 0 0
1790| 0 0 0
1791| 0 0 0
1792| 0 0 0
1793| 0 0 0
1794| 0 0 0
1795| 0 0 0
1796| 0 0 0
1797| 0 0 0
1798| 0 0 0
1799| 0 0 0
1800| 0 0 0
1801| 0 0 0
1802| 0 0 0
1803| 0 0 0
1804| 0 0 0
1805| 0 0 0
1806| 0 0 0
1807| 0 0 0
1808| 0 0 0
1809| 0 0 0
1810| 0 0 0
1811| 0 0 0
1812| 0 0 0
1813| 0 0 0
1814| 0 0 0
1815| 0 0 0
1816| 0 0 0
1817| 0 0 0
1818| 0 0 0
1819| 0 0 0
1820| 0 0 0
1821| 0 0 0
1822| 0 0 0
1823| 0 0 0
1824| 0 0 0
1825| 0 0 0
1826| 0 0 0
1827| 0 0 0
1828| 0 0 0
1829| 0 0 0
1830| 0 0 0
1831| 0 0 0
1832| 0 0 0
1833| 0 0 0
1834| 0 0 0
1835| 0 0 0
1836| 0 0 0
1837| 0 0 0
1838| 0 0 0
1839| 0 0 0
1840| 0 0 0
1841| 0 0 0
1842| 0 0 0
1843| 0 0 0
1844| 0 0 0
1845| 0 0 0
1846| 0 0 0
1847| 0 0 0
1848| 0 0 0
1849| 0 0 0
1850| 0 0 0
1851| 0 0 0
1852| 0 0 0
1853| 0 0 0
1854| 0 0 0
1855| 0 0 0
1856| 0 0 0
1857| 0 0 0
1858| 0 0 0
1859| 0 0 0
1860| 0 0 0
1861| 0 0 0
1862| 0 0 0
1863| 0 0 0
1864| 0 0 0
1865| 0 0 0
1866| 0 0 0
1867| 0 0 0
1868| 0 0 0
1869| 0 0 0
1870| 0 0 0
1871| 0 0 0
1872| 0 0 0
1873| 0 0 0
1874| 0 0 0
1875| 0 0 0
1876| 0 0 0
1877| 0 0 0
1878| 0 0 0
1879| 0 0 0
1880| 0 0 0
1881| 0 0 0
1882| 0 0 0
1883| 0 0 0
1884| 0 0 0
1885| 0 0 0
1886| 0 0 0
1887| 0 0 0
1888| 0 0 0
1889| 0 0 0
1890| 0 0 0
1891| 0 0 0
1892| 0 0 0
1893| 0 0 0
1894| 0 0 0
1895| 0 0 0
1896| 0 0 0
1897| 0 0 0
1898| 0 0 0
1899| 0 0 0
1900| 0 0 0
1901| 0 0 0
1902| 0 0 0
1903| 0 0 0
1904| 0 0 0
1905| 0 0 0
1906| 0 0 0
1907| 0 0 0
1908| 0 0 0
1909| 0 0 0
1910| 0 0 0
1911| 0 0 0
1912| 0 0 0
1913| 0 0 0
1914| 0 0 0
1915| 0 0 0
1916| 0 0 0
1917| 0 0 0
1918| 0 0 0
1919| 0 0 0
1920| 0 0 0
1921| 0 0 0
1922| 0 0 0
1923| 0 0 0
1924| 0 0 0
1925| 0 0 0
1926| 0 0 0
1927| 0 0 0
1928| 0 0 0
1929| 0 0 0
1930| 0 0 0
1931| 0 0 0
1932| 0 0 0
1933| 0 0 0
1934| 0 0 0
1935| 0 0 0
1936| 0 0 0
1937| 0 0 0
1938| 0 0 0
1939| 0 0 0
1940| 0 0 0
1941| 0 0 0
1942| 0 0 0
1943| 0 0 0
1944| 0 0 0
1945| 0 0 0
1946| 0 0 0
1947| 0 0 0
1948| 0 0 0
1949| 0 0 0
1950| 0 0 0
1951| 0 0 0
1952| 0 0 0
1953| 0 0 0
1954| 0 0 0
1955| 0 0 0

