1| 0 0 0
2| 0 0 0
3| 0 0 0
4| 0 0 0
5| 0 0 0
6| 0 0 0
7| 0 0 0
8| 0 0 0
9| 0 0 0
10| 0 0 0
11| 0 0 0
12| 0 0 0
13| 0 0 0
14| 0 0 0
15| 0 0 0
16| 0 0 0
17| 0 0 0
18| 0 0 0
19| 0 0 0
20| 0 0 0
21| 0 0 0
22| 0 0 0
23| 0 0 0
24| 0 0 0
25| 0 0 0
26| 0 4 0
27| 0 8 0
28| 0 12 0
29| -0,3 16 0
30| -0,6 20 0
31| -0,9 24 0
32| -1,2 28 0
33| -1,5 32 0
34| -1,8 36 0
35| -2,1 40 0
36| -2,4 43,99999 0
37| -2,7 47,99999 0
38| -3 51,99999 0
39| -3,299999 55,99999 0
40| -3,599999 60 0
41| -3,599999 64 0
42| -3,599999 68 0
43| -3,599999 72 0
44| -3,599999 76,00001 0
45| -3,599999 80,00001 0
46| -3,599999 84,00001 0
47| -3,599999 88,00002 0
48| 0 0 0
49| 0 0 0
50| 0 0 0
51| 0 0 0
52| 0 0 0
53| 0 0 0
54| 0 0 0
55| 0 0 0
56| 0 0 0
57| 0 0 0
58| 0 4 0
59| 0 8 0
60| 0 12 0
61| 0 16 0
62| 0 20 0
63| 0 24 0
64| 0 28 0
65| 0 32 0
66| 0 36 0
67| -0,3 40 0
68| -0,6 43,99999 0
69| -0,9 47,99999 0
70| -1,2 51,99999 0
71| -1,5 55,99999 0
72| -1,8 60 0
73| -2,1 64 0
74| -2,4 68 0
75| -2,7 72 0
76| -3 76,00001 0
77| -3,299999 80,00001 0
78| -3,599999 84,00001 0
79| -3,899999 88,00002 0
80| -4,2 92,00002 0
81| -4,5 96,00002 0
82| -4,8 100 0
83| -5,1 104 0
84| -5,1 108 0
85| -5,1 112 0
86| -5,1 116 0
87| -5,1 120 0
88| -5,1 124 0
89| -5,1 128 0
90| 0 0 0
91| 0 0 0
92| 0 0 0
93| 0,3 0 0
94| 0,6 0 0
95| 0,9 0 0
96| 1,2 4 0
97| 1,5 8 0
98| 1,5 12 0
99| 1,5 16 0
100| 1,5 20 0
101| 1,5 24 0
102| 1,5 28 0
103| 1,5 32 0
104| 1,5 36 0
105| 1,5 40 0
106| 1,8 43,99999 0
107| 1,8 47,99999 0
108| 2,1 51,99999 0
109| 2,4 55,99999 0
110| 2,7 60 0
111| 3 64 0
112| 3 68 0
113| 3 72 0
114| 3 76,00001 0
115| 3 80,00001 0
116| 3 84,00001 0
117| 3 88,00002 0
118| 3 92,00002 0
119| 3 96,00002 0
120| 3 100 0
121| 3 104 0
122| 3 108 0
123| 3 112 0
124| 3 116 0
125| 3 120 0
126| 3 124 0
127| 3 128 0
128| 3 132 0
129| 3 136 0
130| 3 140 0
131| 3 144 0
132| 3 148 0
133| 3 152 0
134| 3 156 0
135| 3 160 0
136| 3 164 0
137| 3 168 0
138| 3 171,9999 0
139| 3 175,9999 0
140| 3 179,9999 0
141| 3 183,9999 0
142| 3 187,9999 0
143| 3 191,9999 0
144| 3 195,9999 0
145| 3 199,9999 0
146| 3 203,9999 0
147| 3 207,9999 0
148| 3 211,9999 0
149| 3 215,9999 0
150| 3 219,9999 0
151| 3 223,9999 0
152| 3 227,9999 0
153| 3 231,9999 0
154| 3 235,9999 0
155| 3 239,9999 0
156| 3 243,9999 0
157| 3 247,9999 0
158| 3 251,9999 0
159| 3 255,9999 0
160| 3 259,9999 0
161| 0 263,9999 0
162| 0 267,9999 0
163| 0 271,9998 0
164| 0 275,9998 0
165| 0 279,9998 0
166| 0 283,9998 0
167| 0 287,9998 0
168| 0 291,9998 0
169| 0 295,9998 0
170| 0 299,9998 0
171| 0 303,9998 0
172| 0 307,9998 0
173| 0 311,9998 0
174| 0 315,9998 0
175| 0 319,9998 0
176| 0 323,9998 0
177| 0 327,9998 0
178| 0 331,9998 0
179| 0 335,9998 0
180| 0 339,9998 0
181| 0 343,9998 0
182| 0 347,9998 0
183| 0 351,9998 0
184| 0 355,9998 0
185| 0 359,9998 0
186| 0 363,9998 0
187| 0 367,9998 0
188| 0 371,9998 0
189| 0 375,9998 0
190| 0 379,9998 0
191| 0 383,9998 0
192| 0 387,9998 0
193| 0 0 0
194| 0 0 0
195| 0 0 0
196| 0 0 0
197| 0 0 0
198| 0 0 0
199| 0 4 0
200| 0 8 0
201| 0 12 0
202| 0 0 0
203| 0 0 0
204| 0 0 0
205| 0 0 0
206| 0 0 0
207| 0 0 0
208| 0 4 0
209| 0 8 0
210| 0 12 0
211| 0 0 0
212| 0 0 0
213| 0 0 0
214| 0 0 0
215| 0 0 0
216| 0 0 0
217| 0 0 0
218| 0 0 0
219| 0 0 0
220| 0 4 0
221| 0 8 0
222| 0 0 0
223| 0 0 0
224| 0 0 0
225| 0 4 0
226| 0 8 0
227| 0 12 0
228| 0 0 0
229| 0 0 0
230| 0 0 0
231| 0 0 0
232| 0 0 0
233| 0 0 0
234| 0 0 0
235| 0 4 0
236| 0 8 0
237| 0 12 0
238| 0 16 0
239| 0 0 0
240| 0 0 0
241| 0 0 0
242| 0 0 0
243| 0 0 0
244| 0 4 0
245| 0 8 0
246| 0 12 0
247| 0 16 0
248| 0 0 0
249| 0 0 0
250| 0 0 0
251| 0 0 0
252| 0 0 0
253| 0 4 0
254| 0 8 0
255| 0 12 0
256| 0 16 0
257| 0 0 0
258| 0 0 0
259| 0 0 0
260| 0 0 0
261| 0 0 0
262| 0 0 0
263| 0,3 0 0
264| 0,6 0 0
265| 0,9 0 0
266| 0 0 0
267| 0 0 0
268| 0 0 0
269| 0 4 0
270| 0 8 0
271| 0 12 0
272| 0,3 16 0
273| 0,6 20 0
274| 0,9 24 0
275| 1,2 28 0
276| 1,5 32 0
277| 1,8 32 0
278| 0 0 0
279| 0 0 0
280| 0 0 0
281| 0 4 0
282| 0 8 0
283| 0,3 12 0
284| 0,6 16 0
285| 0,9 20 0
286| 1,2 24 0
287| 1,2 28 0
288| 1,2 32 0
289| 1,2 36 0
290| 1,2 40 0
291| 1,5 40 0
292| 1,8 40 0
293| 2,1 40 0
294| 2,4 40 0
295| 0 0 0
296| 0 0 0
297| 0,3 0 0
298| 0,6 0 0
299| 0,9 0 0
300| 1,2 0 0
301| 1,5 0 0
302| 1,8 4 0
303| 2,1 8 0
304| 2,4 12 0
305| 2,4 16 0
306| 2,4 20 0
307| 2,4 24 0
308| 2,4 28 0
309| 2,4 32 0
310| 2,4 36 0
311| 2,4 40 0
312| 2,4 43,99999 0
313| 2,7 47,99999 0
314| 3 51,99999 0
315| 3,299999 55,99999 0
316| 3,599999 60 0
317| 3,899999 60 0
318| 4,2 60 0
319| 4,5 60 0
320| 0 0 0
321| 0 0 0
322| 0 0 0
323| 0 0 0
324| 0 0 0
325| 0,3 0 0
326| 0,6 0 0
327| 0,9 0 0
328| 1,2 0 0
329| 1,5 0 0
330| 1,5 0 0
331| 1,5 4 0
332| 1,5 8 0
333| 1,5 12 0
334| 1,5 16 0
335| 1,5 20 0
336| 1,5 24 0
337| 1,5 28 0
338| 1,5 32 0
339| 1,5 36 0
340| 1,5 40 0
341| 1,5 43,99999 0
342| 1,5 47,99999 0
343| 1,5 51,99999 0
344| 1,5 55,99999 0
345| 1,5 60 0
346| 1,5 64 0
347| 1,5 68 0
348| 1,5 72 0
349| 1,5 76,00001 0
350| 1,8 80,00001 0
351| 2,1 84,00001 0
352| 2,4 88,00002 0
353| 2,7 92,00002 0
354| 2,7 96,00002 0
355| 2,7 100 0
356| 2,7 104 0
357| 2,7 108 0
358| 2,7 112 0
359| 2,7 116 0
360| 2,7 120 0
361| 2,7 124 0
362| 2,7 128 0
363| 2,7 132 0
364| 2,7 136 0
365| 3 140 0
366| 3,299999 144 0
367| 3,599999 148 0
368| 3,599999 152 0
369| 3,599999 156 0
370| 3,599999 160 0
371| 3,599999 164 0
372| 3,599999 168 0
373| 3,599999 171,9999 0
374| 3,599999 175,9999 0
375| 3,599999 179,9999 0
376| 3,599999 183,9999 0
377| 3,599999 187,9999 0
378| 3,599999 191,9999 0
379| 3,599999 195,9999 0
380| 3,599999 199,9999 0
381| 3,599999 203,9999 0
382| 3,599999 207,9999 0
383| 3,599999 211,9999 0
384| 3,599999 215,9999 0
385| 3,599999 219,9999 0
386| 3,599999 223,9999 0
387| 3,599999 227,9999 0
388| 3,599999 231,9999 0
389| 3,599999 235,9999 0
390| 3,599999 239,9999 0
391| 3,599999 243,9999 0
392| 3,599999 247,9999 0
393| 3,599999 251,9999 0
394| 3,599999 255,9999 0
395| 3,599999 259,9999 0
396| 3,599999 263,9999 0
397| 0 0 0
398| 0 0 0
399| 0 0 0
400| 0 0 0
401| 0 0 0
402| 0 0 0
403| 0,3 0 0
404| 0,6 0 0
405| 0,9 0 0
406| 1,2 0 0
407| 1,5 0 0
408| 1,8 0 0
409| 2,1 4 0
410| 2,4 8 0
411| 2,7 12 0
412| 2,7 16 0
413| 2,7 20 0
414| 2,7 24 0
415| 2,7 28 0
416| 2,7 32 0
417| 2,7 36 0
418| 2,7 40 0
419| 3 43,99999 0
420| 3,299999 47,99999 0
421| 3,599999 51,99999 0
422| 3,899999 55,99999 0
423| 4,2 60 0
424| 4,2 64 0
425| 4,2 68 0
426| 4,2 72 0
427| 4,2 76,00001 0
428| 4,2 80,00001 0
429| 4,2 84,00001 0
430| 4,2 88,00002 0
431| 4,5 92,00002 0
432| 4,8 96,00002 0
433| 5,1 100 0
434| 5,4 104 0
435| 0 0 0
436| 0 0 0
437| 0 4 0
438| 0 8 0
439| 0 12 0
440| 0 16 0
441| 0 20 0
442| 0 24 0
443| 0 28 0
444| 0 32 0
445| 0 36 0
446| 0 40 0
447| 0 43,99999 0
448| 0 47,99999 0
449| 0 51,99999 0
450| 0 55,99999 0
451| 0 60 0
452| 0 64 0
453| -0,3 68 0
454| -0,3 72 0
455| -0,3 76,00001 0
456| -0,3 80,00001 0
457| -0,3 84,00001 0
458| -0,3 88,00002 0
459| -0,3 92,00002 0
460| 0 96,00002 0
461| 0,3 100 0
462| 0,6 104 0
463| 0,9 108 0
464| 1,2 112 0
465| 1,5 116 0
466| 1,5 120 0
467| 1,5 124 0
468| 1,5 128 0
469| 1,5 132 0
470| 1,8 136 0
471| 2,1 140 0
472| 2,4 144 0
473| 2,7 148 0
474| 2,7 152 0
475| 2,7 156 0
476| 2,7 160 0
477| 2,7 164 0
478| 2,7 168 0
479| 2,7 171,9999 0
480| 2,7 175,9999 0
481| 2,7 179,9999 0
482| 2,7 183,9999 0
483| 2,7 187,9999 0
484| 2,7 191,9999 0
485| 2,7 195,9999 0
486| 2,7 199,9999 0
487| 2,7 203,9999 0
488| 2,7 207,9999 0
489| 2,7 211,9999 0
490| 2,7 215,9999 0
491| 2,7 219,9999 0
492| 2,7 223,9999 0
493| 2,7 227,9999 0
494| 2,7 231,9999 0
495| 2,7 235,9999 0
496| 2,7 239,9999 0
497| 0 0 0
498| 0 0 0
499| 0 0 0
500| 0 0 0
501| 0 0 0
502| 0 0 0
503| 0 0 0
504| 0 0 0
505| 0 4 0
506| 0 8 0
507| 0 12 0
508| 0 16 0
509| 0 0 0
510| 0 0 0
511| 0 0 0
512| 0 0 0
513| 0 4 0
514| 0 8 0
515| 0 12 0
516| 0 16 0
517| 0 0 0
518| 0 0 0
519| 0 0 0
520| 0 0 0
521| 0 4 0
522| 0 0 0
523| 0 0 0
524| 0 0 0
525| 0 0 0
526| 0 0 0
527| 0 0 0
528| 0 4 0
529| 0 8 0
530| 0 12 0
531| 0 16 0
532| 0 0 0
533| 0 0 0
534| 0 0 0
535| 0 0 0
536| 0 0 0
537| 0 0 0
538| 0 4 0
539| 0 8 0
540| 0 12 0
541| 0 0 0
542| 0 0 0
543| 0 0 0
544| 0 0 0
545| 0 0 0
546| 0 0 0
547| 0 0 0
548| 0 4 0
549| 0 8 0
550| 0 12 0
551| 0 16 0
552| 0 0 0
553| 0 0 0
554| 0 0 0
555| 0 0 0
556| 0 0 0
557| 0 0 0
558| 0 0 0
559| 0 0 0
560| 0 0 0
561| 0 0 0
562| 0 0 0
563| 0 4 0
564| 0 8 0
565| 0 12 0
566| 0 16 0
567| 0 0 0
568| 0 0 0
569| 0 0 0
570| 0 0 0
571| 0 0 0
572| 0 0 0
573| 0 4 0
574| 0 8 0
575| 0 12 0
576| 0 16 0
577| 0 0 0
578| 0 0 0
579| 0 0 0
580| 0 0 0
581| 0 0 0
582| 0 4 0
583| 0 8 0
584| 0 12 0
585| 0 16 0
586| 0 0 0
587| 0 0 0
588| 0 0 0
589| 0 0 0
590| 0 0 0
591| 0 0 0
592| 0 0 0
593| 0 4 0
594| 0 8 0
595| 0 12 0
596| 0 0 0
597| 0 0 0
598| 0 0 0
599| 0 0 0
600| 0 0 0
601| 0 4 0
602| 0 8 0
603| 0 12 0
604| 0 16 0
605| 0 20 0
606| 0 0 0
607| 0 0 0
608| 0 0 0
609| 0 0 0
610| 0 4 0
611| 0 8 0
612| 0 0 0
613| 0 0 0
614| 0 0 0
615| 0 0 0
616| 0 0 0
617| 0 0 0
618| 0 0 0
619| 0 4 0
620| 0 8 0
621| 0 12 0
622| 0 16 0
623| 0 20 0
624| 0 0 0
625| 0 0 0
626| 0 0 0
627| 0 0 0
628| 0 0 0
629| 0 0 0
630| 0 4 0
631| 0 8 0
632| 0 12 0
633| 0 0 0
634| 0 0 0
635| 0 0 0
636| 0 0 0
637| 0 0 0
638| 0 4 0
639| 0 8 0
640| 0 12 0
641| 0 0 0
642| 0 0 0
643| 0 0 0
644| 0 0 0
645| 0 0 0
646| 0 0 0
647| 0 0 0
648| 0 4 0
649| 0 8 0
650| 0 12 0
651| 0 16 0
652| 0 20 0
653| 0 24 0
654| 0 28 0
655| 0 32 0
656| 0 36 0
657| 0 40 0
658| 0 43,99999 0
659| 0 47,99999 0
660| 0 51,99999 0
661| 0 55,99999 0
662| 0 0 0
663| 0 0 0
664| 0 0 0
665| 0 0 0
666| 0 0 0
667| 0 0 0
668| 0 0 0
669| 0 0 0
670| 0 4 0
671| 0 8 0
672| 0 12 0
673| 0 16 0
674| 0 20 0
675| 0 0 0
676| 0 0 0
677| 0 0 0
678| 0 0 0
679| 0 4 0
680| 0 8 0
681| 0 12 0
682| 0 16 0
683| 0 20 0
684| 0 24 0
685| 0 0 0
686| 0 0 0
687| 0 0 0
688| 0 0 0
689| 0 0 0
690| 0 0 0
691| 0 0 0
692| 0 0 0
693| 0 4 0
694| 0 8 0
695| 0 12 0
696| 0 16 0
697| 0 20 0
698| 0 0 0
699| 0 0 0
700| 0 0 0
701| 0 4 0
702| 0 8 0
703| 0 12 0
704| 0 16 0
705| 0 20 0
706| 0 24 0
707| 0 28 0
708| 0 32 0
709| 0 36 0
710| 0 40 0
711| 0 43,99999 0
712| 0 47,99999 0
713| 0 51,99999 0
714| 0 0 0
715| 0 0 0
716| 0 0 0
717| 0 4 0
718| 0 8 0
719| 0 12 0
720| 0 16 0
721| 0 20 0
722| 0 24 0
723| 0 28 0
724| 0 32 0
725| 0 36 0
726| 0 40 0
727| 0 43,99999 0
728| 0 47,99999 0
729| 0 51,99999 0
730| 0 55,99999 0
731| 0 60 0
732| 0 64 0
733| 0 68 0
734| 0 72 0
735| 0 76,00001 0
736| 0 80,00001 0
737| 0 84,00001 0
738| 0 88,00002 0
739| 0 92,00002 0
740| 0 96,00002 0
741| 0 100 0
742| 0 104 0
743| 0 108 0
744| 0 112 0
745| 0 116 0
746| 0 120 0
747| 0 124 0
748| 0 128 0
749| 0 132 0
750| 0 136 0
751| 0 140 0
752| 0 144 0
753| 0 148 0
754| 0 152 0
755| 0 156 0
756| 0 160 0
757| 0 164 0
758| 0 168 0
759| 0 171,9999 0
760| 0 175,9999 0
761| 0 179,9999 0
762| 0 183,9999 0
763| 0 187,9999 0
764| 0 191,9999 0
765| 0 195,9999 0
766| 0 199,9999 0
767| 0 203,9999 0
768| 0 207,9999 0
769| 0 211,9999 0
770| 0 215,9999 0
771| 0 219,9999 0
772| 0 223,9999 0
773| 0 227,9999 0
774| 0 231,9999 0
775| 0 235,9999 0
776| 0 239,9999 0
777| 0 243,9999 0
778| 0 247,9999 0
779| 0 251,9999 0
780| 0 255,9999 0
781| -0,3 259,9999 0
782| -0,6 263,9999 0
783| -0,9 267,9999 0
784| -1,2 271,9998 0
785| -1,5 275,9998 0
786| -1,8 279,9998 0
787| -1,8 283,9998 0
788| -1,8 287,9998 0
789| -1,8 291,9998 0
790| -1,8 295,9998 0
791| -1,8 299,9998 0
792| -1,8 303,9998 0
793| -1,8 307,9998 0
794| -1,8 311,9998 0
795| -1,8 315,9998 0
796| -1,8 319,9998 0
797| -1,8 323,9998 0
798| -1,8 327,9998 0
799| -1,8 331,9998 0
800| 0 0 0
801| 0 0 0
802| 0 0 0
803| 0 0 0
804| 0 0 0
805| 0 0 0
806| 0 0 0
807| 0 0 0
808| 0 0 0
809| 0 0 0
810| 0 0 0
811| 0 4 0
812| 0 8 0
813| 0 0 0
814| 0 0 0
815| 0 0 0
816| 0 0 0
817| 0 4 0
818| 0 8 0
819| 0 12 0
820| 0 16 0
821| 0 0 0
822| 0 0 0
823| 0 0 0
824| 0 0 0
825| 0 0 0
826| 0 4 0
827| 0 8 0
828| 0 12 0
829| 0 16 0
830| 0 20 0
831| 0 0 0
832| 0 0 0
833| 0 0 0
834| 0 4 0
835| 0 8 0
836| 0 12 0
837| 0 16 0
838| 0 20 0
839| 0 0 0
840| 0 0 0
841| 0 0 0
842| 0 0 0
843| 0 0 0
844| 0 4 0
845| 0 8 0
846| 0 12 0
847| 0 16 0
848| 0 0 0
849| 0 0 0
850| 0 0 0
851| 0 0 0
852| 0 0 0
853| 0 4 0
854| 0 8 0
855| 0 12 0
856| 0 16 0
857| 0 20 0
858| 0 24 0
859| 0 28 0
860| 0 32 0
861| 0 36 0
862| 0 40 0
863| 0 43,99999 0
864| 0 47,99999 0
865| 0 51,99999 0
866| 0 55,99999 0
867| 0,3 60 0
868| 0,3 64 0
869| 0,3 68 0
870| 0,3 72 0
871| 0,3 76,00001 0
872| 0,3 80,00001 0
873| 0,3 84,00001 0
874| 0,3 88,00002 0
875| 0,3 92,00002 0
876| 0,3 96,00002 0
877| 0,3 100 0
878| 0 104 0
879| -0,3 108 0
880| -0,6 112 0
881| -0,9 116 0
882| -1,2 120 0
883| -1,5 124 0
884| -1,8 128 0
885| -2,1 132 0
886| 0 0 0
887| 0 0 0
888| 0 0 0
889| 0 0 0
890| -0,3 0 0
891| -0,6 0 0
892| -0,9 0 0
893| -1,2 0 0
894| -1,5 0 0
895| -1,8 0 0
896| -1,8 0 0
897| -1,8 4 0
898| -1,8 8 0
899| -1,8 12 0
900| 0 0 0
901| 0 0 0
902| 0 0 0
903| 0 0 0
904| 0 4 0
905| 0 8 0
906| 0 12 0
907| 0 16 0
908| 0 0 0
909| 0 0 0
910| 0 0 0
911| 0 0 0
912| 0 4 0
913| 0 8 0
914| 0 12 0
915| 0 0 0
916| 0 0 0
917| 0 0 0
918| 0 0 0
919| 0 0 0
920| 0 0 0
921| 0 4 0
922| 0 8 0
923| 0 12 0
924| 0 16 0
925| 0 20 0
926| 0 0 0
927| 0 0 0
928| 0 0 0
929| 0 4 0
930| 0 8 0
931| 0 12 0
932| -0,3 16 0
933| -0,6 20 0
934| -0,9 24 0
935| -1,2 28 0
936| -1,5 32 0
937| -1,5 36 0
938| -1,5 40 0
939| -1,5 43,99999 0
940| -1,5 47,99999 0
941| -1,5 51,99999 0
942| -1,5 55,99999 0
943| -1,5 60 0
944| -1,8 64 0
945| -2,1 68 0
946| -2,4 72 0
947| -2,4 76,00001 0
948| -2,4 80,00001 0
949| -2,4 84,00001 0
950| -2,4 88,00002 0
951| -2,4 92,00002 0
952| -2,7 96,00002 0
953| -3 100 0
954| -3,299999 104 0
955| -3,599999 108 0
956| -3,899999 112 0
957| -3,899999 116 0
958| -3,899999 120 0
959| -3,899999 124 0
960| -3,899999 128 0
961| -3,899999 132 0
962| -3,899999 136 0
963| -3,899999 140 0
964| -3,899999 144 0
965| -3,899999 148 0
966| -3,899999 152 0
967| -3,899999 156 0
968| -3,899999 160 0
969| -3,899999 164 0
970| -3,899999 168 0
971| 0 0 0
972| 0 0 0
973| 0 0 0
974| 0 0 0
975| 0,3 0 0
976| 0,6 0 0
977| 0,9 0 0
978| 0 0 0
979| 0 0 0
980| 0 0 0
981| 0 0 0
982| 0 4 0
983| 0 8 0
984| 0 12 0
985| 0 16 0
986| 0 20 0
987| 0,3 24 0
988| 0,6 28 0
989| 0,6 32 0
990| 0 0 0
991| 0 0 0
992| 0 0 0
993| 0 0 0
994| 0 0 0
995| 0 0 0
996| 0 0 0
997| 0,3 0 0
998| 0,6 0 0
999| 0,9 0 0
1000| 0 0 0
1001| 0 0 0
1002| 0 0 0
1003| 0 0 0
1004| 0 0 0
1005| 0 0 0
1006| 0 4 0
1007| 0 8 0
1008| 0 12 0
1009| 0 16 0
1010| 0 20 0
1011| 0 24 0
1012| 0,3 28 0
1013| 0,6 32 0
1014| 0,9 36 0
1015| 1,2 40 0
1016| 1,5 43,99999 0
1017| 1,5 47,99999 0
1018| 1,5 51,99999 0
1019| 1,5 55,99999 0
1020| 1,5 60 0
1021| 1,5 64 0
1022| 1,5 68 0
1023| 1,5 72 0
1024| 1,5 76,00001 0
1025| 1,5 80,00001 0
1026| 1,5 84,00001 0
1027| 0 0 0
1028| 0 0 0
1029| 0 0 0
1030| 0 0 0
1031| 0 0 0
1032| 0 0 0
1033| 0 4 0
1034| 0 8 0
1035| 0 12 0
1036| 0 16 0
1037| 0 0 0
1038| 0 0 0
1039| 0 0 0
1040| 0 0 0
1041| 0 0 0
1042| 0 0 0
1043| 0 0 0
1044| 0 0 0
1045| 0 0 0
1046| 0 4 0
1047| 0 8 0
1048| 0 12 0
1049| 0 0 0
1050| 0 0 0
1051| 0 0 0
1052| 0 0 0
1053| 0 0 0
1054| 0 0 0
1055| 0 4 0
1056| 0 8 0
1057| 0 12 0
1058| 0 16 0
1059| 0 0 0
1060| 0 0 0
1061| 0 0 0
1062| 0 0 0
1063| 0 0 0
1064| 0 4 0
1065| 0 8 0
1066| 0 12 0
1067| 0 16 0
1068| 0 20 0
1069| 0 0 0
1070| 0 0 0
1071| 0 0 0
1072| 0 0 0
1073| 0 0 0
1074| 0 0 0
1075| 0 4 0
1076| 0 8 0
1077| 0 0 0
1078| 0 0 0
1079| 0 0 0
1080| 0 0 0
1081| 0 0 0
1082| 0 0 0
1083| 0 4 0
1084| 0 8 0
1085| 0 12 0
1086| 0 16 0
1087| 0 0 0
1088| 0 0 0
1089| 0 0 0
1090| 0 0 0
1091| 0 0 0
1092| 0 0 0
1093| 0 4 0
1094| 0 8 0
1095| 0 12 0
1096| 0 16 0
1097| 0 20 0
1098| 0 0 0
1099| 0 0 0
1100| 0 0 0
1101| 0 0 0
1102| 0 0 0
1103| 0 4 0
1104| 0 8 0
1105| 0 0 0
1106| 0 0 0
1107| 0 0 0
1108| 0 4 0
1109| 0 8 0
1110| 0 12 0
1111| 0 16 0
1112| 0 20 0
1113| 0 24 0
1114| 0 28 0
1115| 0 32 0
1116| 0 36 0
1117| 0 40 0
1118| 0 43,99999 0
1119| 0 47,99999 0
1120| 0 51,99999 0
1121| 0 55,99999 0
1122| 0 60 0
1123| 0 0 0
1124| 0 0 0
1125| 0 0 0
1126| 0 0 0
1127| 0 0 0
1128| 0 0 0
1129| 0 0 0
1130| 0 0 0
1131| 0 0 0
1132| 0 0 0
1133| 0 0 0
1134| 0 0 0
1135| 0 0 0
1136| 0 0 0
1137| 0 4 0
1138| 0 8 0
1139| 0 12 0
1140| 0 16 0
1141| 0 20 0
1142| 0 24 0
1143| 0 28 0
1144| 0 32 0
1145| 0 36 0
1146| 0 40 0
1147| 0 43,99999 0
1148| 0 47,99999 0
1149| 0 51,99999 0
1150| 0 55,99999 0
1151| 0 60 0
1152| 0 64 0
1153| 0 68 0
1154| 0 0 0
1155| 0 0 0
1156| 0 0 0
1157| 0 0 0
1158| 0 0 0
1159| 0 0 0
1160| 0 0 0
1161| 0 0 0
1162| 0 0 0
1163| 0 4 0
1164| 0 8 0
1165| 0 12 0
1166| 0 16 0
1167| 0 20 0
1168| 0 24 0
1169| 0 28 0
1170| 0 32 0
1171| 0 36 0
1172| 0 40 0
1173| 0 43,99999 0
1174| 0 47,99999 0
1175| 0 51,99999 0
1176| 0 55,99999 0
1177| 0 60 0
1178| 0 64 0
1179| 0 68 0
1180| 0 0 0
1181| 0 0 0
1182| 0 0 0
1183| 0 0 0
1184| 0 0 0
1185| 0 0 0
1186| 0 0 0
1187| 0 0 0
1188| -0,3 0 0
1189| -0,6 0 0
1190| -0,9 0 0
1191| -1,2 0 0
1192| -1,5 0 0
1193| -1,8 0 0
1194| -2,1 0 0
1195| -2,4 0 0
1196| -2,7 0 0
1197| -3 0 0
1198| -3,299999 0 0
1199| -3,599999 0 0
1200| -3,899999 0 0
1201| -4,2 0 0
1202| -4,5 0 0
1203| 0 0 0
1204| 0 0 0
1205| 0 0 0
1206| 0 0 0
1207| 0 0 0
1208| 0 0 0
1209| 0 0 0
1210| 0 0 0
1211| 0 0 0
1212| 0 0 0
1213| 0 0 0
1214| 0 0 0
1215| 0 0 0
1216| 0 0 0
1217| 0 0 0
1218| 0 0 0
1219| 0 0 0
1220| 0 0 0
1221| 0 0 0
1222| 0 0 0
1223| 0 0 0
1224| 0 0 0
1225| 0 0 0
1226| 0 0 0
1227| 0 0 0
1228| 0 0 0
1229| 0 0 0
1230| -0,3 0 0
1231| -0,6 0 0
1232| -0,9 0 0
1233| -1,2 0 0
1234| -1,5 0 0
1235| -1,8 0 0
1236| 0 0 0
1237| 0 0 0
1238| 0 0 0
1239| 0 0 0
1240| 0 0 0
1241| 0 0 0
1242| 0 0 0
1243| 0 0 0
1244| 0 0 0
1245| -0,3 0 0
1246| -0,6 0 0
1247| -0,9 0 0
1248| -1,2 0 0
1249| -1,5 0 0
1250| -1,8 0 0
1251| -2,1 0 0
1252| -2,4 0 0
1253| -2,7 0 0
1254| -3 0 0
1255| -3,299999 0 0
1256| -3,599999 0 0
1257| -3,899999 0 0
1258| -4,2 0 0
1259| -4,5 0 0
1260| -4,8 0 0
1261| 0 0 0
1262| 0 0 0
1263| 0 0 0
1264| 0 0 0
1265| 0 0 0
1266| 0 0 0
1267| 0 0 0
1268| 0 0 0
1269| 0 0 0
1270| 0 0 0
1271| 0 0 0
1272| 0 0 0
1273| 0 0 0
1274| 0 0 0
1275| 0 0 0
1276| 0 0 0
1277| -0,3 0 0
1278| -0,6 0 0
1279| -0,9 0 0
1280| -1,2 0 0
1281| -1,5 0 0
1282| -1,8 0 0
1283| -2,1 0 0
1284| -2,4 0 0
1285| -2,7 0 0
1286| -3 0 0
1287| -3,299999 0 0
1288| -3,599999 0 0
1289| -3,899999 0 0
1290| -4,2 0 0
1291| -4,5 0 0
1292| -4,8 0 0
1293| 0 0 0
1294| 0 0 0
1295| 0 0 0
1296| 0 0 0
1297| 0 0 0
1298| 0 0 0
1299| 0 0 0
1300| 0 0 0
1301| 0 0 0
1302| -0,3 0 0
1303| -0,6 0 0
1304| -0,9 0 0
1305| -1,2 0 0
1306| -1,5 0 0
1307| -1,8 0 0
1308| -2,1 0 0
1309| -2,4 0 0
1310| -2,7 0 0
1311| -3 0 0
1312| -3,299999 0 0
1313| -3,599999 0 0
1314| -3,899999 0 0
1315| -4,2 0 0
1316| -4,5 0 0
1317| -4,8 0 0
1318| -5,1 0 0
1319| -5,4 0 0
1320| -5,7 0 0
1321| -6 4 0
1322| -6,300001 8 0
1323| -6,300001 12 0
1324| -6,300001 16 0
1325| 0 0 0
1326| 0 0 0
1327| 0 0 0
1328| 0 0 0
1329| 0 0 0
1330| 0 0 0
1331| 0 0 0
1332| 0 0 0
1333| 0 0 0
1334| 0 4 0
1335| 0 8 0
1336| 0 12 0
1337| 0 16 0
1338| 0 20 0
1339| 0 0 0
1340| 0 0 0
1341| 0 0 0
1342| 0 0 0
1343| 0 4 0
1344| 0 8 0
1345| 0 12 0
1346| 0 16 0
1347| -0,3 20 0
1348| -0,6 24 0
1349| -0,9 28 0
1350| -1,2 32 0
1351| -1,5 36 0
1352| -1,8 40 0
1353| -2,1 43,99999 0
1354| -2,4 47,99999 0
1355| -2,7 51,99999 0
1356| -2,7 55,99999 0
1357| -2,7 60 0
1358| -2,7 64 0
1359| -2,7 68 0
1360| -2,7 72 0
1361| -2,7 76,00001 0
1362| -2,7 80,00001 0
1363| -3 84,00001 0
1364| -3,299999 88,00002 0
1365| -3,599999 92,00002 0
1366| -3,899999 96,00002 0
1367| -3,899999 100 0
1368| -3,899999 104 0
1369| -3,899999 108 0
1370| -3,899999 112 0
1371| -3,899999 116 0
1372| -3,899999 120 0
1373| -3,899999 124 0
1374| -3,899999 128 0
1375| -3,899999 132 0
1376| -3,899999 136 0
1377| -3,899999 140 0
1378| -3,899999 144 0
1379| -3,899999 148 0
1380| -3,899999 152 0
1381| -3,899999 156 0
1382| -4,2 160 0
1383| -4,2 164 0
1384| -4,2 168 0
1385| -4,2 171,9999 0
1386| -4,2 175,9999 0
1387| -4,2 179,9999 0
1388| -4,2 183,9999 0
1389| -4,2 187,9999 0
1390| -4,2 191,9999 0
1391| -4,2 195,9999 0
1392| 0 0 0
1393| 0 0 0
1394| 0 0 0
1395| 0 0 0
1396| 0 0 0
1397| 0 0 0
1398| 0 0 0
1399| 0 4 0
1400| 0 8 0
1401| 0 12 0
1402| 0 16 0
1403| 0 20 0
1404| 0 24 0
1405| 0 28 0
1406| 0 32 0
1407| -0,3 36 0
1408| -0,6 40 0
1409| -0,9 43,99999 0
1410| -0,9 47,99999 0
1411| -0,9 51,99999 0
1412| 0 0 0
1413| 0 0 0
1414| 0 0 0
1415| 0 0 0
1416| 0 0 0
1417| 0 0 0
1418| 0 0 0
1419| 0 0 0
1420| 0 0 0
1421| 0 4 0
1422| 0 8 0
1423| -0,3 12 0
1424| -0,6 16 0
1425| -0,9 20 0
1426| -1,2 24 0
1427| -1,5 28 0
1428| -1,8 32 0
1429| -2,1 32 0
1430| 0 0 0
1431| 0 0 0
1432| 0 0 0
1433| 0 0 0
1434| 0 0 0
1435| 0 0 0
1436| 0 4 0
1437| 0 8 0
1438| 0 12 0
1439| 0 16 0
1440| 0 20 0
1441| 0 24 0
1442| -0,3 28 0
1443| -0,6 32 0
1444| -0,9 36 0
1445| -1,2 40 0
1446| -1,2 43,99999 0
1447| -1,2 47,99999 0
1448| -1,2 51,99999 0
1449| -1,2 55,99999 0
1450| -1,2 60 0
1451| -1,2 64 0
1452| 0 0 0
1453| 0 0 0
1454| 0 0 0
1455| 0 0 0
1456| 0 0 0
1457| 0 0 0
1458| 0 0 0
1459| 0 4 0
1460| 0 8 0
1461| 0 12 0
1462| 0 16 0
1463| 0 20 0
1464| 0 24 0
1465| 0 0 0
1466| 0 0 0
1467| 0 0 0
1468| 0 0 0
1469| 0 4 0
1470| 0 8 0
1471| 0 12 0
1472| 0 16 0
1473| 0 0 0
1474| 0 0 0
1475| 0 0 0
1476| 0 0 0
1477| 0 0 0
1478| 0 0 0
1479| 0 0 0
1480| 0 0 0
1481| 0 0 0
1482| 0 0 0
1483| 0 0 0
1484| 0 0 0
1485| 0 0 0
1486| 0 0 0
1487| 0 0 0
1488| 0 4 0
1489| 0 8 0
1490| 0 12 0
1491| 0 0 0
1492| 0 0 0
1493| 0 0 0
1494| 0 0 0
1495| 0 0 0
1496| 0 0 0
1497| 0 4 0
1498| 0 8 0
1499| 0 12 0
1500| 0 16 0
1501| 0 20 0
1502| 0 0 0
1503| 0 0 0
1504| 0 0 0
1505| 0 0 0
1506| 0 0 0
1507| 0 0 0
1508| 0 4 0
1509| 0 8 0
1510| 0 12 0
1511| 0 0 0
1512| 0 0 0
1513| 0 0 0
1514| 0 0 0
1515| 0 0 0
1516| 0 0 0
1517| 0 4 0
1518| 0 8 0
1519| 0 12 0
1520| 0 16 0
1521| 0 0 0
1522| 0 0 0
1523| 0 0 0
1524| 0 4 0
1525| 0 8 0
1526| 0 12 0
1527| 0 16 0
1528| 0 20 0
1529| 0 0 0
1530| 0 0 0
1531| 0 0 0
1532| 0 0 0
1533| 0 0 0
1534| 0 0 0
1535| 0 0 0
1536| 0 0 0
1537| 0 0 0
1538| 0 0 0
1539| 0 0 0
1540| 0 0 0
1541| 0 0 0
1542| 0 0 0
1543| 0 0 0
1544| 0 0 0
1545| 0 4 0
1546| 0 8 0
1547| 0 12 0
1548| 0 0 0
1549| 0 0 0
1550| 0 0 0
1551| 0 0 0
1552| 0 0 0
1553| 0 0 0
1554| 0 0 0
1555| 0 4 0
1556| 0 8 0
1557| 0 12 0
1558| 0 0 0
1559| 0 0 0
1560| 0 0 0
1561| 0 0 0
1562| 0 0 0
1563| 0 0 0
1564| 0 0 0
1565| 0 0 0
1566| 0 0 0
1567| 0 0 0
1568| 0 0 0
1569| 0 0 0
1570| 0 0 0
1571| 0 0 0
1572| 0 0 0
1573| 0 0 0
1574| 0 0 0
1575| 0 0 0
1576| 0 0 0
1577| 0 0 0
1578| 0 0 0
1579| 0 0 0
1580| 0 0 0
1581| 0 0 0
1582| 0 0 0
1583| 0 0 0
1584| 0 0 0
1585| 0 0 0
1586| 0 0 0
1587| 0 0 0
1588| 0 0 0
1589| 0 0 0
1590| 0 0 0
1591| 0 0 0
1592| 0 0 0
1593| 0 0 0
1594| 0 0 0
1595| 0 0 0
1596| 0 0 0
1597| 0 0 0
1598| 0 0 0
1599| 0 0 0
1600| 0 0 0
1601| 0 0 0
1602| 0 0 0
1603| 0,3 0 0
1604| 0,6 0 0
1605| 0,9 0 0
1606| 1,2 0 0
1607| 1,5 0 0
1608| 1,8 0 0
1609| 2,1 0 0
1610| 2,4 0 0
1611| 2,7 0 0
1612| 0 0 0
1613| 0 0 0
1614| 0 0 0
1615| 0 0 0
1616| 0 0 0
1617| 0,3 0 0
1618| 0,6 0 0
1619| 0,9 0 0
1620| 1,2 0 0
1621| 1,5 0 0
1622| 0 0 0
1623| 0 0 0
1624| 0 0 0
1625| 0 0 0
1626| 0 0 0
1627| 0 0 0
1628| 0 0 0
1629| 0 0 0
1630| 0 0 0
1631| 0,3 0 0
1632| 0,6 0 0
1633| 0,9 0 0
1634| 1,2 0 0
1635| 1,5 0 0
1636| 1,8 0 0
1637| 2,1 0 0
1638| 0 0 0
1639| 0 0 0
1640| 0 0 0
1641| 0 0 0
1642| 0,3 0 0
1643| 0,6 0 0
1644| 0,9 0 0
1645| 1,2 0 0
1646| 1,5 0 0
1647| 1,8 0 0
1648| 0 0 0
1649| 0 0 0
1650| 0 0 0
1651| 0 0 0
1652| 0 0 0
1653| 0 0 0
1654| 0,3 0 0
1655| 0,6 0 0
1656| 0,9 0 0
1657| 1,2 0 0
1658| 1,5 0 0
1659| 1,8 0 0
1660| 2,1 0 0
1661| 0 0 0
1662| 0 0 0
1663| 0 0 0
1664| 0 0 0
1665| 0 0 0
1666| 0 0 0
1667| 0,3 0 0
1668| 0 0 0
1669| 0 0 0
1670| 0 0 0
1671| 0,3 0 0
1672| 0,6 0 0
1673| 0,9 0 0
1674| 1,2 0 0
1675| 1,5 0 0
1676| 0 0 0
1677| 0 0 0
1678| 0 0 0
1679| 0 0 0
1680| 0 0 0
1681| 0 0 0
1682| 0,3 0 0
1683| 0,6 0 0
1684| 0,9 0 0
1685| 1,2 0 0
1686| 1,5 0 0
1687| 0 0 0
1688| 0 0 0
1689| 0 0 0
1690| 0 0 0
1691| 0 0 0
1692| 0 0 0
1693| 0,3 0 0
1694| 0,6 0 0
1695| 0,9 0 0
1696| 1,2 0 0
1697| 1,5 0 0
1698| 1,8 0 0
1699| 0 0 0
1700| 0 0 0
1701| 0 0 0
1702| 0 0 0
1703| 0 0 0
1704| 0,3 0 0
1705| 0,6 0 0
1706| 0,9 0 0
1707| 1,2 0 0
1708| 1,5 0 0
1709| 0 0 0
1710| 0 0 0
1711| 0 0 0
1712| 0 0 0
1713| 0 0 0
1714| 0 0 0
1715| 0 0 0
1716| 0 0 0
1717| 0 0 0
1718| 0 0 0
1719| 0 0 0
1720| 0 0 0
1721| 0 0 0
1722| 0 0 0
1723| 0 0 0
1724| 0 0 0
1725| 0 0 0
1726| 0 0 0
1727| 0 0 0
1728| 0 0 0
1729| 0 0 0
1730| 0 0 0
1731| 0 0 0
1732| 0 0 0
1733| 0 0 0
1734| 0 0 0
1735| 0 0 0
1736| 0 0 0
1737| 0 0 0
1738| 0 0 0
1739| 0 0 0
1740| 0 0 0
1741| 0 0 0
1742| 0 0 0
1743| 0 0 0
1744| 0 0 0
1745| 0 0 0
1746| 0 0 0
1747| 0 0 0
1748| 0 0 0
1749| 0 0 0
1750| 0 0 0
1751| 0 0 0
1752| 0 0 0
1753| 0 0 0
1754| 0 0 0
1755| 0 0 0
1756| 0 0 0
1757| 0 0 0
1758| 0 0 0
1759| 0 0 0
1760| 0 0 0
1761| 0 0 0
1762| 0 0 0
1763| 0 0 0
1764| 0 0 0
1765| 0 0 0
1766| 0 0 0

