1| 0 0 0
2| 0 0 0
3| 0 0 0
4| 0 0 0
5| 0 0 0
6| 0 0 0
7| 0 0 0
8| 0 0 0
9| 0 0 0
10| -0,3 0 0
11| -0,6 0 0
12| -0,9 0 0
13| -1,2 0 0
14| -1,5 0 0
15| -1,8 0 0
16| -2,1 0 0
17| -2,4 4 0
18| -2,7 8 0
19| -3 12 0
20| -3,299999 16 0
21| -3,599999 20 0
22| -3,899999 20 0
23| -4,2 20 0
24| -4,5 20 0
25| 0 0 0
26| 0 0 0
27| -0,3 0 0
28| -0,6 0 0
29| -0,9 0 0
30| -1,2 0 0
31| -1,5 4 0
32| -1,8 8 0
33| -2,1 12 0
34| -2,4 16 0
35| -2,7 20 0
36| -3 24 0
37| -3,299999 28 0
38| -3,599999 32 0
39| -3,899999 36 0
40| -4,2 40 0
41| -4,5 43,99999 0
42| -4,8 47,99999 0
43| -5,1 51,99999 0
44| -5,4 55,99999 0
45| -5,7 60 0
46| -6 64 0
47| -6,300001 68 0
48| -6,600001 72 0
49| -6,900001 76,00001 0
50| -7,200001 80,00001 0
51| -7,500001 84,00001 0
52| -7,800001 88,00002 0
53| -8,1 92,00002 0
54| -8,4 96,00002 0
55| -8,7 100 0
56| -8,999999 104 0
57| -9,299999 108 0
58| -9,599998 112 0
59| -9,899999 116 0
60| -10,2 120 0
61| -10,5 124 0
62| -10,8 128 0
63| -11,1 132 0
64| -11,4 136 0
65| -11,7 140 0
66| -12 144 0
67| -12,3 148 0
68| -12,6 152 0
69| -12,9 156 0
70| -13,2 160 0
71| -13,5 164 0
72| -13,79999 168 0
73| -14,09999 171,9999 0
74| -14,39999 175,9999 0
75| -14,69999 179,9999 0
76| -14,99999 183,9999 0
77| -15,29999 187,9999 0
78| -15,59999 191,9999 0
79| -15,89999 195,9999 0
80| -16,19999 199,9999 0
81| -16,49999 203,9999 0
82| -16,79999 203,9999 0
83| -17,09999 203,9999 0
84| -17,39999 203,9999 0
85| -17,69999 203,9999 0
86| -17,99999 203,9999 0
87| -18,29999 203,9999 0
88| -18,59999 203,9999 0
89| -18,89999 203,9999 0
90| -19,19999 203,9999 0
91| -19,49999 203,9999 0
92| -19,79999 203,9999 0
93| -20,09999 203,9999 0
94| -20,39999 203,9999 0
95| -20,69999 203,9999 0
96| -20,99999 207,9999 0
97| -21,29999 207,9999 0
98| -21,59999 207,9999 0
99| -21,89999 207,9999 0
100| -22,19999 207,9999 0
101| -22,49999 207,9999 0
102| -22,79999 211,9999 0
103| -23,09999 215,9999 0
104| -23,39999 219,9999 0
105| -23,69999 223,9999 0
106| -23,99999 223,9999 0
107| -24,29999 223,9999 0
108| -24,59999 223,9999 0
109| -24,89998 223,9999 0
110| -25,19999 223,9999 0
111| -25,49998 223,9999 0
112| -25,79998 223,9999 0
113| -26,09998 223,9999 0
114| -26,39998 223,9999 0
115| -26,69998 223,9999 0
116| -26,99998 223,9999 0
117| -27,29998 223,9999 0
118| -27,59998 223,9999 0
119| -27,89998 223,9999 0
120| -28,19998 223,9999 0
121| -28,49998 223,9999 0
122| -28,79998 223,9999 0
123| -29,09998 223,9999 0
124| -29,39998 223,9999 0
125| -29,69998 223,9999 0
126| -29,99998 223,9999 0
127| -30,29998 223,9999 0
128| -30 223,9999 0
129| -30 223,9999 0
130| -30 223,9999 0
131| -30 227,9999 0
132| -30 231,9999 0
133| -30 235,9999 0
134| -30 235,9999 0
135| -30 235,9999 0
136| -30 235,9999 0
137| -30 235,9999 0
138| -30 235,9999 0
139| -30 235,9999 0
140| -30 235,9999 0
141| -30 235,9999 0
142| -30 235,9999 0
143| -30 235,9999 0
144| -30 235,9999 0
145| -30 235,9999 0
146| -30 235,9999 0
147| -30 235,9999 0
148| -30 235,9999 0
149| -30 235,9999 0
150| -30 235,9999 0
151| -30 235,9999 0
152| -30 235,9999 0
153| -30 235,9999 0
154| -30 235,9999 0
155| -30 235,9999 0
156| -30 235,9999 0
157| -30 235,9999 0
158| -30 235,9999 0
159| -30 235,9999 0
160| -30 235,9999 0
161| -30 235,9999 0
162| -30 239,9999 0
163| -30 243,9999 0
164| -30 247,9999 0
165| -30 251,9999 0
166| -30 255,9999 0
167| -30 259,9999 0
168| -30 263,9999 0
169| -30 267,9999 0
170| -30 271,9998 0
171| -30 275,9998 0
172| -30 279,9998 0
173| -30 283,9998 0
174| -30 287,9998 0
175| -30 291,9998 0
176| -30 295,9998 0
177| -30 299,9998 0
178| -30 303,9998 0
179| 0 0 0
180| 0 0 0
181| 0,3 0 0
182| 0,6 0 0
183| 0,9 0 0
184| 1,2 0 0
185| 1,5 0 0
186| 1,8 0 0
187| 2,1 0 0
188| 2,4 0 0
189| 2,7 0 0
190| 3 0 0
191| 3,299999 0 0
192| 3,599999 0 0
193| 3,899999 0 0
194| 4,2 0 0
195| 4,5 0 0
196| 4,8 0 0
197| 0 0 0
198| 0 0 0
199| 0 0 0
200| 0 0 0
201| 0 0 0
202| 0 0 0
203| 0 0 0
204| 0 0 0
205| 0 0 0
206| 0 0 0
207| 0 0 0
208| 0 0 0
209| 0,3 0 0
210| 0,6 0 0
211| 0,9 0 0
212| 1,2 0 0
213| 1,5 4 0
214| 1,5 8 0
215| 1,5 12 0
216| 1,5 16 0
217| 1,5 20 0
218| 1,5 24 0
219| 1,5 28 0
220| 1,5 32 0
221| 1,5 36 0
222| 1,8 40 0
223| 2,1 43,99999 0
224| 2,4 47,99999 0
225| 2,4 51,99999 0
226| 2,4 55,99999 0
227| 2,4 60 0
228| 2,4 64 0
229| 2,4 68 0
230| 2,4 72 0
231| 2,4 76,00001 0
232| 2,4 80,00001 0
233| 2,4 84,00001 0
234| 2,4 88,00002 0
235| 2,4 92,00002 0
236| 2,4 96,00002 0
237| 2,4 100 0
238| 2,4 104 0
239| 2,4 108 0
240| 2,7 112 0
241| 3 116 0
242| 3,299999 120 0
243| 3,599999 124 0
244| 3,599999 128 0
245| 3,599999 132 0
246| 3,599999 136 0
247| 3,599999 140 0
248| 3,599999 144 0
249| 3,599999 148 0
250| 3,899999 152 0
251| 4,2 156 0
252| 4,5 160 0
253| 4,8 164 0
254| 5,1 168 0
255| 5,1 171,9999 0
256| 5,1 175,9999 0
257| 5,1 179,9999 0
258| 5,4 183,9999 0
259| 5,7 187,9999 0
260| 6 191,9999 0
261| 6,300001 195,9999 0
262| 6,600001 199,9999 0
263| 6,600001 203,9999 0
264| 6,600001 207,9999 0
265| 6,600001 211,9999 0
266| 6,600001 215,9999 0
267| 6,600001 219,9999 0
268| 6,600001 223,9999 0
269| 6,900001 227,9999 0
270| 7,200001 231,9999 0
271| 7,200001 235,9999 0
272| 7,200001 239,9999 0
273| 7,200001 243,9999 0
274| 7,200001 247,9999 0
275| 7,200001 251,9999 0
276| 0 0 0
277| 0 0 0
278| 0 0 0
279| 0 0 0
280| 0 0 0
281| 0 0 0
282| 0 0 0
283| 0 0 0
284| 0 0 0
285| 0 4 0
286| 0 8 0
287| 0 12 0
288| 0 0 0
289| 0 0 0
290| 0 0 0
291| 0 0 0
292| 0 0 0
293| 0 0 0
294| 0 0 0
295| 0 0 0
296| 0 0 0
297| 0 4 0
298| 0 8 0
299| 0 0 0
300| 0 0 0
301| 0,3 0 0
302| 0,6 0 0
303| 0,9 0 0
304| 1,2 0 0
305| 1,5 0 0
306| 1,8 0 0
307| 1,8 4 0
308| 1,8 8 0
309| 1,8 12 0
310| 1,8 16 0
311| 1,8 20 0
312| 2,1 20 0
313| 2,4 20 0
314| 2,7 20 0
315| 3 20 0
316| 3,299999 20 0
317| 0 0 0
318| 0 0 0
319| 0 0 0
320| 0 0 0
321| 0 0 0
322| 0 4 0
323| 0 8 0
324| 0 12 0
325| 0 16 0
326| 0 20 0
327| 0,3 20 0
328| 0,6 20 0
329| 0,9 20 0
330| 1,2 20 0
331| 1,5 20 0
332| 1,5 24 0
333| 1,5 28 0
334| 1,5 32 0
335| 1,5 36 0
336| 1,5 40 0
337| 1,5 43,99999 0
338| 1,8 47,99999 0
339| 2,1 51,99999 0
340| 2,4 51,99999 0
341| 2,7 51,99999 0
342| 3 51,99999 0
343| 3,299999 51,99999 0
344| 3,599999 51,99999 0
345| 3,899999 51,99999 0
346| 0 0 0
347| 0,3 0 0
348| 0,6 0 0
349| 0,9 0 0
350| 1,2 0 0
351| 1,5 0 0
352| 0 0 0
353| 0 0 0
354| 0 0 0
355| 0 0 0
356| 0 0 0
357| 0,3 0 0
358| 0,6 0 0
359| 0,9 0 0
360| 1,2 0 0
361| 0 0 0
362| 0,3 0 0
363| 0,6 0 0
364| 0,9 0 0
365| 1,2 0 0
366| 0 0 0
367| 0 0 0
368| 0 0 0
369| 0 0 0
370| 0 0 0
371| 0,3 0 0
372| 0,6 0 0
373| 0,9 0 0
374| 1,2 0 0
375| 0 0 0
376| 0 0 0
377| 0 0 0
378| 0,3 0 0
379| 0,6 0 0
380| 0,9 0 0
381| 1,2 0 0
382| 1,5 0 0
383| 1,8 0 0
384| 0 0 0
385| 0 0 0
386| 0 0 0
387| 0 0 0
388| 0,3 0 0
389| 0,6 0 0
390| 0,9 0 0
391| 1,2 0 0
392| 0 0 0
393| 0 0 0
394| 0 0 0
395| 0 0 0
396| 0 0 0
397| 0 0 0
398| 0,3 0 0
399| 0,6 0 0
400| 0,9 0 0
401| 1,2 0 0
402| 1,5 0 0
403| 0 0 0
404| 0 0 0
405| 0 0 0
406| 0 0 0
407| 0,3 0 0
408| 0,6 0 0
409| 0,9 0 0
410| 0 0 0
411| 0 0 0
412| 0 0 0
413| 0 0 0
414| 0 0 0
415| 0 0 0
416| 0 0 0
417| 0 0 0
418| 0 0 0
419| 0 0 0
420| 0 0 0
421| 0 0 0
422| 0 0 0
423| 0 0 0
424| 0 0 0
425| 0 0 0
426| 0,3 0 0
427| 0,6 0 0
428| 0,9 0 0
429| 1,2 0 0
430| 0 0 0
431| 0 0 0
432| 0 0 0
433| 0 0 0
434| 0 0 0
435| 0 0 0
436| 0 4 0
437| 0,3 8 0
438| 0,6 12 0
439| 0,9 16 0
440| 1,2 20 0
441| 1,5 24 0
442| 1,8 28 0
443| 2,1 32 0
444| 2,1 36 0
445| 2,1 40 0
446| 2,1 43,99999 0
447| 2,1 47,99999 0
448| 2,1 51,99999 0
449| 2,4 55,99999 0
450| 2,7 60 0
451| 3 64 0
452| 3 68 0
453| 3 72 0
454| 3 76,00001 0
455| 3 80,00001 0
456| 3 84,00001 0
457| 3,299999 88,00002 0
458| 3,599999 92,00002 0
459| 3,899999 96,00002 0
460| 4,2 100 0
461| 4,2 104 0
462| 4,2 108 0
463| 4,2 112 0
464| 4,2 116 0
465| 4,5 120 0
466| 4,8 124 0
467| 4,8 128 0
468| 4,8 132 0
469| 4,8 136 0
470| 4,8 140 0
471| 4,8 144 0
472| 5,1 148 0
473| 5,4 152 0
474| 5,7 156 0
475| 6 160 0
476| 6 164 0
477| 6 168 0
478| 6 171,9999 0
479| 6,300001 175,9999 0
480| 6,600001 179,9999 0
481| 6,900001 183,9999 0
482| 7,200001 187,9999 0
483| 7,200001 191,9999 0
484| 7,200001 195,9999 0
485| 7,200001 199,9999 0
486| 7,200001 203,9999 0
487| 7,200001 207,9999 0
488| 7,200001 211,9999 0
489| 7,200001 215,9999 0
490| 7,200001 219,9999 0
491| 7,200001 223,9999 0
492| 7,200001 227,9999 0
493| 0 0 0
494| 0 0 0
495| 0 0 0
496| 0 0 0
497| 0 0 0
498| 0 0 0
499| 0 0 0
500| 0 0 0
501| 0 0 0
502| 0 0 0
503| -0,3 0 0
504| -0,6 0 0
505| -0,9 0 0
506| -1,2 0 0
507| -1,5 0 0
508| -1,8 0 0
509| 0 0 0
510| 0 0 0
511| 0 0 0
512| 0 0 0
513| 0 0 0
514| 0,3 0 0
515| 0,6 0 0
516| 0,9 0 0
517| 1,2 0 0
518| 1,5 0 0
519| 0 0 0
520| 0 0 0
521| 0 0 0
522| 0 4 0
523| 0 8 0
524| 0,3 12 0
525| 0,6 16 0
526| 0,9 20 0
527| 1,2 24 0
528| 1,2 28 0
529| 1,2 32 0
530| 1,2 36 0
531| 1,5 40 0
532| 1,8 43,99999 0
533| 2,1 47,99999 0
534| 2,1 51,99999 0
535| 0 0 0
536| 0 0 0
537| 0,3 0 0
538| 0,6 0 0
539| 0,9 0 0
540| 1,2 0 0
541| 0 0 0
542| 0 0 0
543| 0,3 0 0
544| 0,6 0 0
545| 0,9 0 0
546| 1,2 0 0
547| 0 0 0
548| 0 0 0
549| 0 0 0
550| 0 0 0
551| 0 0 0
552| 0,3 0 0
553| 0,6 0 0
554| 0,9 0 0
555| 0 0 0
556| 0 0 0
557| 0 0 0
558| 0 0 0
559| 0,3 0 0
560| 0,6 0 0
561| 0,9 0 0
562| 1,2 0 0
563| 1,5 0 0
564| 0 0 0
565| 0 0 0
566| 0 0 0
567| 0,3 0 0
568| 0,6 0 0
569| 0,9 0 0
570| 1,2 0 0
571| 1,5 0 0
572| 1,8 0 0
573| 0 0 0
574| 0 0 0
575| 0 0 0
576| 0 0 0
577| 0,3 0 0
578| 0,6 0 0
579| 0,9 0 0
580| 0 0 0
581| 0 0 0
582| 0 0 0
583| 0 0 0
584| 0 4 0
585| 0 8 0
586| 0 12 0
587| 0 16 0
588| 0 20 0
589| 0,3 24 0
590| 0,6 28 0
591| 0,9 32 0
592| 1,2 36 0
593| 1,5 40 0
594| 1,5 43,99999 0
595| 1,5 47,99999 0
596| 1,5 51,99999 0
597| 1,5 55,99999 0
598| 1,5 60 0
599| 1,8 60 0
600| 2,1 60 0
601| 0 0 0
602| 0 0 0
603| 0 0 0
604| 0 4 0
605| 0 8 0
606| 0 12 0
607| 0,3 16 0
608| 0,6 20 0
609| 0,9 20 0
610| 1,2 20 0
611| 1,5 20 0
612| 1,5 24 0
613| 1,5 28 0
614| 1,5 32 0
615| 1,5 36 0
616| 1,5 40 0
617| 1,8 43,99999 0
618| 2,1 47,99999 0
619| 2,4 51,99999 0
620| 2,7 51,99999 0
621| 3 51,99999 0
622| 3,299999 51,99999 0
623| 0 0 0
624| 0 0 0
625| 0 0 0
626| 0 4 0
627| 0 8 0
628| 0 12 0
629| 0,3 16 0
630| 0,6 16 0
631| 0,9 16 0
632| 1,2 16 0
633| 1,5 16 0
634| 1,5 20 0
635| 1,5 24 0
636| 1,5 28 0
637| 1,5 32 0
638| 0 36 0
639| -0,3 40 0
640| -0,3 43,99999 0
641| 0 0 0
642| 0 0 0
643| 0 0 0
644| 0,3 0 0
645| 0,6 0 0
646| 0,9 0 0
647| 1,2 0 0
648| 0 0 0
649| 0 0 0
650| 0 4 0
651| 0 8 0
652| 0 12 0
653| 0,3 16 0
654| 0,6 20 0
655| 0,9 24 0
656| 1,2 24 0
657| 0 0 0
658| 0 0 0
659| 0 0 0
660| 0 0 0
661| 0 4 0
662| 0 8 0
663| 0 12 0
664| 0,3 16 0
665| 0,6 20 0
666| 0,9 24 0
667| 1,2 24 0
668| 0 0 0
669| 0 0 0
670| 0 0 0
671| 0 4 0
672| 0 8 0
673| 0 12 0
674| 0 16 0
675| 0 20 0
676| 0 24 0
677| 0 28 0
678| 0,3 32 0
679| 0,3 36 0
680| 0,3 40 0
681| 0,3 43,99999 0
682| 0,3 47,99999 0
683| 0,3 51,99999 0
684| 0,3 55,99999 0
685| 0,3 60 0
686| 0,3 64 0
687| 0,3 68 0
688| 0,3 72 0
689| 0,3 76,00001 0
690| 0,3 80,00001 0
691| 0,6 84,00001 0
692| 0,9 84,00001 0
693| 1,2 84,00001 0
694| 1,5 84,00001 0
695| 1,8 84,00001 0
696| 2,1 84,00001 0
697| 2,4 84,00001 0
698| 2,7 84,00001 0
699| 3 84,00001 0
700| 3 88,00002 0
701| 3 92,00002 0
702| 3 96,00002 0
703| 3 100 0
704| 3 104 0
705| 3 108 0
706| 3,299999 112 0
707| 3,599999 116 0
708| 3,899999 120 0
709| 3,899999 124 0
710| 3,899999 128 0
711| 3,899999 132 0
712| 3,899999 136 0
713| 3,899999 140 0
714| 4,2 144 0
715| 4,5 148 0
716| 4,5 152 0
717| 4,5 156 0
718| 4,5 160 0
719| 4,5 164 0
720| 4,5 168 0
721| 4,5 171,9999 0
722| 4,5 175,9999 0
723| 4,5 179,9999 0
724| 4,5 183,9999 0
725| 4,5 187,9999 0
726| 4,5 191,9999 0
727| 4,5 195,9999 0
728| 4,5 199,9999 0
729| 4,8 203,9999 0
730| 5,1 207,9999 0
731| 5,4 211,9999 0
732| 5,4 215,9999 0
733| 5,4 219,9999 0
734| 5,4 223,9999 0
735| 5,4 227,9999 0
736| 5,4 231,9999 0
737| 5,4 235,9999 0
738| 5,4 239,9999 0
739| 5,4 243,9999 0
740| 0 247,9999 0
741| -0,3 251,9999 0
742| -0,6 255,9999 0
743| -0,9 259,9999 0
744| -0,9 263,9999 0
745| 0 0 0
746| 0 0 0
747| 0 0 0
748| 0 0 0
749| 0 0 0
750| 0 0 0
751| 0 0 0
752| 0 0 0
753| 0 0 0
754| 0 0 0
755| 0 0 0
756| -0,3 0 0
757| -0,6 0 0
758| 0 0 0
759| 0 0 0
760| 0 0 0
761| 0 0 0
762| 0 0 0
763| 0 4 0
764| 0 8 0
765| 0 0 0
766| 0 0 0
767| 0 0 0
768| 0 0 0
769| 0 0 0
770| 0 4 0
771| 0 8 0
772| 0 12 0
773| 0 0 0
774| 0 0 0
775| 0 0 0
776| 0 0 0
777| 0 0 0
778| 0 4 0
779| 0 8 0
780| 0 12 0
781| 0 0 0
782| 0 0 0
783| 0 4 0
784| 0 8 0
785| 0 12 0
786| 0 0 0
787| 0 0 0
788| 0 0 0
789| 0 0 0
790| 0 0 0
791| 0 4 0
792| 0 0 0
793| 0 0 0
794| 0 0 0
795| 0 0 0
796| 0 4 0
797| 0 8 0
798| 0 12 0
799| 0 0 0
800| 0 0 0
801| 0 0 0
802| 0 0 0
803| 0 0 0
804| 0 0 0
805| 0 4 0
806| 0 8 0
807| 0 0 0
808| 0 0 0
809| 0 0 0
810| 0 0 0
811| 0 0 0
812| 0 0 0
813| 0 4 0
814| 0 8 0
815| 0 12 0
816| 0 16 0
817| 0 0 0
818| 0 0 0
819| 0 0 0
820| 0 0 0
821| 0 0 0
822| 0 0 0
823| 0 0 0
824| 0 0 0
825| 0 0 0
826| 0 0 0
827| 0 0 0
828| 0 4 0
829| 0 8 0
830| 0 0 0
831| 0 0 0
832| 0 0 0
833| 0 0 0
834| 0 4 0
835| 0 8 0
836| 0 12 0
837| 0 16 0
838| 0 20 0
839| 0 24 0
840| 0 28 0
841| 0 32 0
842| 0 36 0
843| 0 40 0
844| 0 43,99999 0
845| 0 47,99999 0
846| 0 51,99999 0
847| 0 55,99999 0
848| 0 60 0
849| 0 64 0
850| 0 68 0
851| 0 72 0
852| 0 76,00001 0
853| 0 80,00001 0
854| 0 84,00001 0
855| 0 88,00002 0
856| 0 0 0
857| 0 0 0
858| 0 0 0
859| 0 0 0
860| 0 0 0
861| 0 0 0
862| 0 0 0
863| 0 4 0
864| 0 8 0
865| 0 12 0
866| 0 16 0
867| 0 20 0
868| 0 24 0
869| 0 0 0
870| 0 0 0
871| 0 0 0
872| 0 4 0
873| 0 8 0
874| 0 12 0
875| 0 16 0
876| 0 0 0
877| 0 0 0
878| 0 0 0
879| 0 0 0
880| 0 0 0
881| 0 0 0
882| 0 4 0
883| 0 8 0
884| 0 12 0
885| 0 0 0
886| 0 0 0
887| 0 0 0
888| 0 0 0
889| 0 0 0
890| 0 0 0
891| 0 0 0
892| 0 0 0
893| 0 0 0
894| 0 0 0
895| 0 0 0
896| 0 0 0
897| 0 0 0
898| 0 0 0
899| 0 4 0
900| 0 8 0
901| 0 12 0
902| 0 0 0
903| 0 0 0
904| 0 0 0
905| 0 0 0
906| 0 0 0
907| 0 0 0
908| 0 0 0
909| 0 0 0
910| 0 0 0
911| 0 0 0
912| 0 0 0
913| 0 0 0
914| 0 0 0
915| 0 0 0
916| 0 0 0
917| 0 0 0
918| 0 0 0
919| 0 0 0
920| 0 0 0
921| 0 0 0
922| 0 0 0
923| 0 0 0
924| 0 0 0
925| 0 0 0
926| 0 0 0
927| 0 0 0
928| 0 0 0
929| 0 4 0
930| 0 0 0
931| 0 0 0
932| 0 0 0
933| 0 0 0
934| 0 0 0
935| 0 0 0
936| 0 4 0
937| 0 0 0
938| 0 0 0
939| 0 0 0
940| 0 0 0
941| 0 0 0
942| 0 0 0
943| 0 4 0
944| 0 8 0
945| 0 12 0
946| 0 16 0
947| 0 0 0
948| 0 0 0
949| 0 0 0
950| 0 0 0
951| 0 4 0
952| 0 8 0
953| 0 12 0
954| 0 16 0
955| 0 0 0
956| 0 0 0
957| 0 0 0
958| 0 0 0
959| 0 0 0
960| 0 0 0
961| 0 4 0
962| 0 8 0
963| 0 12 0
964| 0 16 0
965| 0 20 0
966| 0 0 0
967| 0 0 0
968| 0 0 0
969| 0 0 0
970| 0 0 0
971| 0 4 0
972| 0 8 0
973| 0 12 0
974| 0 16 0
975| 0 0 0
976| 0 0 0
977| 0 0 0
978| 0 0 0
979| 0 0 0
980| 0 0 0
981| 0 4 0
982| 0 8 0
983| 0 12 0
984| 0 0 0
985| 0 0 0
986| 0 0 0
987| 0 0 0
988| 0 4 0
989| 0 8 0
990| 0 12 0
991| 0 16 0
992| 0 0 0
993| 0 0 0
994| 0 0 0
995| 0 0 0
996| 0 0 0
997| 0 0 0
998| 0 4 0
999| 0 8 0
1000| 0 12 0
1001| 0 16 0
1002| 0 20 0
1003| 0,3 24 0
1004| 0,6 28 0
1005| 0,9 32 0
1006| 0,9 36 0
1007| 0,9 40 0
1008| 0,9 43,99999 0
1009| 0,9 47,99999 0
1010| 0,9 51,99999 0
1011| 1,2 55,99999 0
1012| 1,5 60 0
1013| 1,8 60 0
1014| 2,1 60 0
1015| 2,4 60 0
1016| 2,7 60 0
1017| 3 60 0
1018| 3,299999 60 0
1019| 3,599999 60 0
1020| 3,899999 60 0
1021| 4,2 60 0
1022| 4,5 60 0
1023| 0 0 0
1024| 0 0 0
1025| 0 0 0
1026| 0 0 0
1027| 0 0 0
1028| 0 0 0
1029| 0,3 0 0
1030| 0,6 0 0
1031| 0,9 0 0
1032| 0 0 0
1033| 0 0 0
1034| 0 0 0
1035| 0 0 0
1036| 0 0 0
1037| 0 0 0
1038| 0 4 0
1039| 0 8 0
1040| 0 12 0
1041| 0 16 0
1042| 0 0 0
1043| 0 0 0
1044| 0 0 0
1045| 0 0 0
1046| 0 0 0
1047| 0 0 0
1048| 0 4 0
1049| 0 8 0
1050| 0 12 0
1051| 0 16 0
1052| 0 0 0
1053| 0 0 0
1054| 0 0 0
1055| 0 0 0
1056| 0 0 0
1057| 0 4 0
1058| 0 8 0
1059| 0 12 0
1060| 0 16 0
1061| 0 0 0
1062| 0 0 0
1063| 0 0 0
1064| 0 0 0
1065| 0 0 0
1066| 0 0 0
1067| 0 0 0
1068| 0 4 0
1069| 0 8 0
1070| 0 12 0
1071| 0 16 0
1072| 0 0 0
1073| 0 0 0
1074| 0 0 0
1075| 0 0 0
1076| 0 0 0
1077| 0 0 0
1078| 0 0 0
1079| 0 0 0
1080| 0 4 0
1081| 0 8 0
1082| 0 12 0
1083| 0 0 0
1084| 0 0 0
1085| 0 0 0
1086| 0 0 0
1087| 0 4 0
1088| 0 8 0
1089| 0 12 0
1090| 0 0 0
1091| 0 0 0
1092| 0 0 0
1093| 0 0 0
1094| 0 0 0
1095| 0 0 0
1096| 0 4 0
1097| 0 8 0
1098| 0 12 0
1099| 0 16 0
1100| 0 20 0
1101| 0 0 0
1102| 0 0 0
1103| 0 0 0
1104| 0 0 0
1105| 0 0 0
1106| 0 0 0
1107| 0 4 0
1108| 0 8 0
1109| 0 12 0
1110| 0 16 0
1111| 0 0 0
1112| 0 0 0
1113| 0 4 0
1114| 0 8 0
1115| 0 12 0
1116| 0 16 0
1117| 0 0 0
1118| 0 0 0
1119| 0 0 0
1120| 0 0 0
1121| 0 4 0
1122| 0 8 0
1123| 0 12 0
1124| 0 0 0
1125| 0 0 0
1126| 0 0 0
1127| 0 0 0
1128| 0 0 0
1129| 0 4 0
1130| 0 8 0
1131| 0 12 0
1132| 0 16 0
1133| 0 0 0
1134| 0 0 0
1135| 0 0 0
1136| 0 0 0
1137| 0 0 0
1138| 0 4 0
1139| 0 8 0
1140| 0 12 0
1141| 0 16 0
1142| 0 20 0
1143| 0 0 0
1144| 0 0 0
1145| 0 0 0
1146| 0 0 0
1147| 0 0 0
1148| 0 4 0
1149| 0 8 0
1150| 0 12 0
1151| 0 16 0
1152| 0 0 0
1153| 0 0 0
1154| 0 0 0
1155| 0 0 0
1156| 0 4 0
1157| 0 8 0
1158| 0 12 0
1159| 0 16 0
1160| 0 0 0
1161| 0 0 0
1162| 0 0 0
1163| 0 0 0
1164| 0 0 0
1165| 0 4 0
1166| 0 8 0
1167| 0 12 0
1168| 0 16 0
1169| 0 0 0
1170| 0 0 0
1171| 0 0 0
1172| 0 0 0
1173| 0 4 0
1174| 0 8 0
1175| 0 12 0
1176| 0 16 0
1177| 0 0 0
1178| 0 0 0
1179| 0 0 0
1180| 0 0 0
1181| 0 0 0
1182| 0 0 0
1183| 0 4 0
1184| 0 8 0
1185| 0 12 0
1186| 0 16 0
1187| 0 20 0
1188| 0 20 0
1189| -0,3 20 0
1190| -0,6 20 0
1191| -0,9 20 0
1192| -1,2 20 0
1193| -1,5 20 0
1194| 0 0 0
1195| 0 0 0
1196| 0 0 0
1197| 0 0 0
1198| 0 0 0
1199| 0 0 0
1200| -0,3 0 0
1201| -0,6 0 0
1202| -0,9 0 0
1203| -1,2 0 0
1204| -1,5 0 0
1205| 0 0 0
1206| 0 0 0
1207| 0 0 0
1208| 0 0 0
1209| -0,3 0 0
1210| -0,6 0 0
1211| -0,9 0 0
1212| 0 0 0
1213| 0 0 0
1214| 0 0 0
1215| 0 0 0
1216| 0 0 0
1217| 0 0 0
1218| 0 0 0
1219| 0 0 0
1220| 0 0 0
1221| 0 0 0
1222| 0 0 0
1223| 0 0 0
1224| 0 0 0
1225| 0 0 0
1226| 0 0 0
1227| 0 0 0
1228| 0 0 0
1229| -0,3 0 0
1230| -0,6 0 0
1231| -0,9 0 0
1232| -1,2 0 0
1233| -1,5 0 0
1234| 0 0 0
1235| 0 0 0
1236| 0 0 0
1237| 0 0 0
1238| 0 0 0
1239| 0 0 0
1240| 0 0 0
1241| 0 0 0
1242| 0 0 0
1243| 0 0 0
1244| -0,3 0 0
1245| -0,6 0 0
1246| -0,9 0 0
1247| -1,2 0 0
1248| -1,5 0 0
1249| 0 0 0
1250| 0 0 0
1251| 0 0 0
1252| 0 0 0
1253| 0 0 0
1254| 0 0 0
1255| 0 0 0
1256| 0 0 0
1257| 0 0 0
1258| 0 0 0
1259| 0 0 0
1260| 0 0 0
1261| 0 0 0
1262| 0 0 0
1263| 0 0 0
1264| 0 0 0
1265| 0 0 0
1266| 0 0 0
1267| 0 0 0
1268| 0 0 0
1269| 0 0 0
1270| 0 4 0
1271| 0 8 0
1272| 0 0 0
1273| 0 0 0
1274| 0 4 0
1275| 0 8 0
1276| 0 12 0
1277| 0 16 0
1278| 0 20 0
1279| 0 24 0
1280| 0 28 0
1281| 0 32 0
1282| 0 36 0
1283| 0 40 0
1284| 0 43,99999 0
1285| 0 47,99999 0
1286| 0 51,99999 0
1287| 0 55,99999 0
1288| 0 0 0
1289| 0 0 0
1290| 0 0 0
1291| 0 0 0
1292| 0 0 0
1293| 0 0 0
1294| 0 0 0
1295| 0 0 0
1296| 0 4 0
1297| 0 8 0
1298| 0 12 0
1299| 0 0 0
1300| 0 0 0
1301| 0 0 0
1302| 0 0 0
1303| 0 0 0
1304| 0 0 0
1305| 0 4 0
1306| 0 8 0
1307| 0 12 0
1308| 0 16 0
1309| 0 20 0
1310| 0 0 0
1311| 0 0 0
1312| 0 0 0
1313| 0 0 0
1314| 0 0 0
1315| 0 0 0
1316| 0 0 0
1317| 0 0 0
1318| 0 4 0
1319| 0 8 0
1320| 0 12 0
1321| 0 0 0
1322| 0 0 0
1323| 0 0 0
1324| 0 0 0
1325| 0 0 0
1326| 0 4 0
1327| 0 8 0
1328| 0 0 0
1329| 0 0 0
1330| 0 0 0
1331| 0 0 0
1332| 0 0 0
1333| 0 0 0
1334| 0 4 0
1335| 0 8 0
1336| 0 12 0
1337| 0 16 0
1338| 0 0 0
1339| 0 0 0
1340| 0 0 0
1341| 0 0 0
1342| 0 0 0
1343| 0 0 0
1344| 0 0 0
1345| 0 0 0
1346| 0 4 0
1347| 0 8 0
1348| 0 0 0
1349| 0 0 0
1350| 0 0 0
1351| 0 0 0
1352| 0 0 0
1353| 0 4 0
1354| 0 8 0
1355| 0 12 0
1356| 0 16 0
1357| 0 0 0
1358| 0 0 0
1359| 0 0 0
1360| 0 0 0
1361| 0 0 0
1362| 0 0 0
1363| 0 4 0
1364| 0 8 0
1365| 0 12 0
1366| 0 0 0
1367| 0 0 0
1368| 0 0 0
1369| 0 0 0
1370| 0 0 0
1371| 0 0 0
1372| 0 0 0
1373| 0 4 0
1374| 0 8 0
1375| 0 12 0
1376| 0 0 0
1377| 0 0 0
1378| 0 0 0
1379| 0 0 0
1380| 0 0 0
1381| 0 0 0
1382| 0 0 0
1383| 0 4 0
1384| 0 8 0
1385| 0 12 0
1386| 0 16 0
1387| -0,3 16 0
1388| -0,6 16 0
1389| -0,9 16 0
1390| -1,2 16 0
1391| -1,5 16 0
1392| -1,8 16 0
1393| -2,1 16 0
1394| -2,1 20 0
1395| -2,1 24 0
1396| -2,1 28 0
1397| -2,1 32 0
1398| 0 0 0
1399| 0 0 0
1400| 0 0 0
1401| 0 0 0
1402| 0 0 0
1403| 0 4 0
1404| 0 8 0
1405| 0 12 0
1406| 0 16 0
1407| 0 20 0
1408| 0 0 0
1409| 0 0 0
1410| 0 4 0
1411| 0 8 0
1412| 0 12 0
1413| 0 16 0
1414| 0 0 0
1415| 0 0 0
1416| 0 0 0
1417| 0 0 0
1418| 0 0 0
1419| 0 0 0
1420| 0 0 0
1421| 0 4 0
1422| 0 8 0
1423| 0 12 0
1424| 0 0 0
1425| 0 0 0
1426| 0 0 0
1427| 0 0 0
1428| 0 0 0
1429| 0 4 0
1430| 0 8 0
1431| 0 12 0
1432| 0 16 0
1433| 0 0 0
1434| 0 0 0
1435| 0 0 0
1436| 0 0 0
1437| 0 0 0
1438| 0 4 0
1439| 0 8 0
1440| 0 12 0
1441| 0 16 0
1442| 0 20 0
1443| 0 24 0
1444| 0 28 0
1445| 0 32 0
1446| 0 36 0
1447| 0 40 0
1448| 0 43,99999 0
1449| 0 47,99999 0
1450| 0 51,99999 0
1451| 0 55,99999 0
1452| 0 60 0
1453| 0 64 0
1454| 0 68 0
1455| 0 72 0
1456| 0 76,00001 0
1457| 0 80,00001 0
1458| 0 84,00001 0
1459| 0 88,00002 0
1460| 0 92,00002 0
1461| 0 96,00002 0
1462| 0 100 0
1463| 0 104 0
1464| 0 108 0
1465| 0 112 0
1466| 0 116 0
1467| 0 120 0
1468| 0 124 0
1469| 0 128 0
1470| 0 132 0
1471| 0 136 0
1472| 0 140 0
1473| 0 144 0
1474| 0 148 0
1475| 0 0 0
1476| 0 0 0
1477| 0 0 0
1478| 0 0 0
1479| 0 0 0
1480| 0 0 0
1481| 0 4 0
1482| 0 8 0
1483| 0 12 0
1484| 0 16 0
1485| 0 20 0
1486| 0 0 0
1487| 0 0 0
1488| 0 0 0
1489| 0 0 0
1490| 0 0 0
1491| 0 0 0
1492| 0 4 0
1493| 0 8 0
1494| 0 12 0
1495| 0 0 0
1496| 0 0 0
1497| 0 0 0
1498| 0 0 0
1499| 0 0 0
1500| 0 0 0
1501| 0 0 0
1502| 0 4 0
1503| 0 8 0
1504| 0 0 0
1505| 0 0 0
1506| 0 0 0
1507| 0 0 0
1508| 0 0 0
1509| 0 0 0
1510| 0 4 0
1511| 0 8 0
1512| 0 12 0
1513| 0 16 0
1514| 0 0 0
1515| 0 0 0
1516| 0 0 0
1517| 0 0 0
1518| 0 0 0
1519| 0 4 0
1520| 0 8 0
1521| 0 12 0
1522| 0 0 0
1523| 0 0 0
1524| 0 0 0
1525| 0 0 0
1526| 0 0 0
1527| 0 0 0
1528| 0 4 0
1529| 0 8 0
1530| 0 12 0
1531| 0 16 0
1532| 0 20 0
1533| 0 0 0
1534| 0 0 0
1535| 0 0 0
1536| 0 0 0
1537| 0 0 0
1538| 0 4 0
1539| 0 8 0
1540| 0 12 0
1541| 0 16 0
1542| 0 0 0
1543| 0 0 0
1544| 0 4 0
1545| 0 8 0
1546| 0 12 0
1547| 0 16 0
1548| 0 20 0
1549| 0 24 0
1550| 0 28 0
1551| 0 32 0
1552| 0 0 0
1553| 0 0 0
1554| 0 0 0
1555| 0 0 0
1556| 0 0 0
1557| 0 0 0
1558| 0 4 0
1559| 0 8 0
1560| 0 0 0
1561| 0 0 0
1562| 0 0 0
1563| -0,3 0 0
1564| -0,6 0 0
1565| -0,9 0 0
1566| -1,2 0 0
1567| -1,5 0 0
1568| -1,8 0 0
1569| -2,1 0 0
1570| -2,4 0 0
1571| -2,7 0 0
1572| -3 0 0
1573| 0 0 0
1574| 0 0 0
1575| 0 0 0
1576| 0 0 0
1577| -0,3 0 0
1578| -0,6 0 0
1579| -0,9 0 0
1580| -1,2 0 0
1581| -1,5 0 0
1582| -1,8 0 0
1583| -2,1 0 0
1584| 0 0 0
1585| 0 0 0
1586| 0 0 0
1587| 0 0 0
1588| 0 0 0
1589| -0,3 0 0
1590| -0,6 0 0
1591| -0,9 0 0
1592| -1,2 0 0
1593| -1,5 0 0
1594| -1,8 0 0
1595| -2,1 0 0
1596| 0 0 0
1597| 0 0 0
1598| 0 0 0
1599| 0 0 0
1600| 0 0 0
1601| 0 0 0
1602| 0 0 0
1603| 0 0 0
1604| -0,3 0 0
1605| -0,6 0 0
1606| -0,9 0 0
1607| -1,2 0 0
1608| -1,5 0 0
1609| 0 0 0
1610| 0 0 0
1611| 0 0 0
1612| 0 0 0
1613| -0,3 0 0
1614| -0,6 0 0
1615| -0,9 0 0
1616| -1,2 0 0
1617| -1,5 0 0
1618| -1,8 0 0
1619| -2,1 0 0
1620| 0 0 0
1621| 0 0 0
1622| -0,3 0 0
1623| -0,6 0 0
1624| -0,9 0 0
1625| -1,2 0 0
1626| -1,5 0 0
1627| -1,8 0 0
1628| -2,1 0 0
1629| -2,4 0 0
1630| -2,7 0 0
1631| -3 0 0
1632| -3,299999 0 0
1633| -3,599999 0 0
1634| -3,899999 0 0
1635| 0 0 0
1636| 0 0 0
1637| 0 0 0
1638| 0 0 0
1639| -0,3 0 0
1640| -0,6 0 0
1641| -0,9 0 0
1642| -1,2 0 0
1643| -1,5 0 0
1644| -1,8 0 0
1645| -2,1 0 0
1646| -2,4 0 0
1647| 0 0 0
1648| 0 0 0
1649| 0 0 0
1650| 0 0 0
1651| 0 0 0
1652| -0,3 0 0
1653| -0,6 0 0
1654| -0,9 0 0
1655| -1,2 0 0
1656| -1,5 0 0
1657| -1,8 0 0
1658| -2,1 0 0
1659| 0 0 0
1660| 0 0 0
1661| 0 0 0
1662| -0,3 0 0
1663| -0,6 0 0
1664| -0,9 0 0
1665| -1,2 0 0
1666| -1,5 0 0
1667| -1,8 0 0
1668| -2,1 0 0
1669| -2,4 0 0
1670| -2,7 0 0
1671| -3 0 0
1672| -3,299999 0 0
1673| -3,599999 0 0
1674| -3,899999 0 0
1675| -4,2 0 0
1676| -4,5 0 0
1677| 0 0 0
1678| -0,3 0 0
1679| -0,6 0 0
1680| -0,9 0 0
1681| -1,2 0 0
1682| -1,5 0 0
1683| -1,8 0 0
1684| -2,1 0 0
1685| -2,4 0 0
1686| -2,7 0 0
1687| 0 0 0
1688| -0,3 0 0
1689| -0,6 0 0
1690| -0,9 0 0
1691| -1,2 0 0
1692| -1,5 0 0
1693| -1,8 0 0
1694| -2,1 0 0
1695| -2,4 0 0
1696| -2,7 0 0
1697| 0 0 0
1698| 0 0 0
1699| -0,3 0 0
1700| -0,6 0 0
1701| -0,9 0 0
1702| -1,2 0 0
1703| -1,5 0 0
1704| -1,8 0 0
1705| -2,1 0 0
1706| -2,4 0 0
1707| -2,7 0 0
1708| -3 0 0
1709| -3,299999 0 0
1710| -3,599999 0 0
1711| -3,899999 0 0
1712| -4,2 0 0
1713| -4,5 0 0
1714| -4,8 0 0
1715| 0 0 0
1716| 0 0 0
1717| 0 0 0
1718| -0,3 0 0
1719| -0,6 0 0
1720| -0,9 0 0
1721| -1,2 0 0
1722| -1,5 0 0
1723| -1,8 0 0
1724| -2,1 0 0
1725| -2,4 0 0
1726| -2,7 0 0
1727| -3 0 0
1728| -3,299999 0 0
1729| -3,599999 0 0
1730| 0 0 0
1731| 0 0 0
1732| 0 0 0
1733| 0 0 0
1734| 0 0 0
1735| -0,3 0 0
1736| -0,6 0 0
1737| -0,9 0 0
1738| -1,2 0 0
1739| -1,5 0 0
1740| -1,8 0 0
1741| -2,1 0 0
1742| -2,4 0 0
1743| -2,7 0 0
1744| 0 0 0
1745| 0 0 0
1746| 0 0 0
1747| 0 0 0
1748| 0 0 0
1749| -0,3 0 0
1750| -0,6 0 0
1751| -0,9 0 0
1752| -1,2 0 0
1753| -1,5 0 0
1754| -1,8 0 0
1755| -2,1 0 0
1756| -2,4 0 0
1757| 0 0 0
1758| 0 0 0
1759| 0 0 0
1760| 0 0 0
1761| -0,3 0 0
1762| -0,6 0 0
1763| -0,9 0 0
1764| -1,2 0 0
1765| -1,5 0 0
1766| -1,8 0 0
1767| -2,1 0 0
1768| 0 0 0
1769| 0 0 0
1770| 0 0 0
1771| 0 0 0
1772| 0 0 0
1773| 0 0 0
1774| 0 0 0
1775| 0 0 0
1776| 0 0 0
1777| 0 0 0
1778| 0 0 0
1779| 0 0 0
1780| 0 0 0
1781| 0 0 0
1782| 0 0 0
1783| 0 0 0
1784| 0 0 0
1785| 0 0 0
1786| 0 0 0
1787| 0 0 0
1788| 0 0 0
1789| 0 0 0
1790| 0 0 0
1791| 0 0 0
1792| 0 0 0
1793| 0 0 0
1794| 0 0 0
1795| 0 0 0
1796| 0 0 0
1797| 0 0 0
1798| 0 0 0
1799| 0 0 0
1800| 0 0 0
1801| 0 0 0
1802| 0 0 0
1803| 0 0 0
1804| 0 0 0
1805| 0 0 0
1806| 0 0 0
1807| 0 0 0
1808| 0 0 0
1809| 0 0 0
1810| 0 0 0
1811| 0 0 0
1812| 0 0 0
1813| 0 0 0
1814| 0 0 0
1815| 0 0 0
1816| 0 0 0
1817| 0 0 0
1818| 0 0 0
1819| 0 0 0
1820| 0 0 0
1821| 0 0 0
1822| 0 0 0
1823| 0 0 0
1824| 0 0 0
1825| 0 0 0
1826| 0 0 0
1827| 0 0 0
1828| 0 0 0
1829| 0 0 0
1830| 0 0 0
1831| 0 0 0
1832| -0,3 0 0
1833| -0,6 0 0
1834| -0,9 0 0
1835| -1,2 0 0
1836| -1,5 0 0
1837| -1,8 0 0
1838| -2,1 0 0
1839| -2,4 0 0
1840| -2,7 0 0
1841| -3 0 0
1842| -3,299999 0 0
1843| -3,599999 0 0
1844| -3,899999 0 0
1845| -4,2 0 0
1846| -4,5 0 0
1847| -4,8 0 0
1848| -5,1 0 0
1849| -5,4 0 0
1850| -5,7 0 0
1851| -6 0 0
1852| -6,300001 0 0
1853| -6,600001 0 0
1854| -6,900001 0 0
1855| -7,200001 0 0
1856| -7,500001 0 0
1857| -7,800001 0 0
1858| -8,1 0 0
1859| -8,4 0 0
1860| -8,7 0 0
1861| -8,999999 0 0
1862| -9,299999 0 0
1863| -9,599998 0 0
1864| -9,899999 0 0
1865| -10,2 0 0
1866| -10,5 0 0
1867| -10,8 0 0
1868| -11,1 0 0
1869| -11,4 0 0
1870| -11,7 0 0
1871| -12 0 0
1872| -12,3 0 0
1873| -12,6 0 0
1874| -12,9 0 0
1875| -13,2 0 0
1876| -13,5 0 0
1877| -13,79999 0 0
1878| -14,09999 0 0
1879| -14,39999 0 0
1880| -14,69999 0 0
1881| -14,99999 0 0
1882| -15,29999 0 0
1883| -15,59999 0 0
1884| -15,89999 0 0
1885| -16,19999 0 0
1886| -16,49999 0 0
1887| -16,79999 0 0
1888| -17,09999 0 0
1889| -17,39999 0 0
1890| -17,69999 0 0
1891| -17,99999 0 0
1892| -18,29999 0 0
1893| -18,59999 0 0
1894| -18,89999 0 0
1895| -19,19999 0 0
1896| -19,49999 0 0
1897| -19,79999 0 0
1898| -20,09999 0 0
1899| -20,39999 0 0
1900| -20,69999 0 0
1901| -20,99999 0 0
1902| -21,29999 0 0
1903| -21,59999 0 0
1904| -21,89999 0 0
1905| -22,19999 0 0
1906| -22,49999 0 0
1907| -22,79999 0 0
1908| -23,09999 0 0
1909| -23,39999 0 0
1910| -23,69999 0 0
1911| -23,99999 0 0
1912| -24,29999 0 0
1913| -24,59999 0 0
1914| -24,89998 0 0
1915| -25,19999 0 0
1916| -25,49998 0 0
1917| -25,79998 0 0
1918| -26,09998 0 0
1919| -26,39998 0 0
1920| -26,69998 0 0
1921| -26,99998 0 0
1922| -27,29998 0 0
1923| -27,59998 0 0
1924| -27,89998 0 0
1925| -28,19998 0 0
1926| -28,49998 0 0
1927| -28,79998 0 0
1928| -29,09998 0 0
1929| -29,39998 0 0
1930| -29,69998 0 0
1931| -29,99998 0 0
1932| -30,29998 0 0
1933| -30 0 0
1934| -30 0 0
1935| -30 0 0
1936| -30 4 0
1937| -30 8 0
1938| -30 12 0
1939| -30 16 0
1940| -30 16 0
1941| -30 16 0
1942| -30 16 0
1943| -30 16 0
1944| -30 16 0
1945| -30 16 0
1946| -30 16 0
1947| -30 16 0
1948| -30 16 0
1949| 0 0 0
1950| 0 0 0
1951| 0 0 0
1952| 0 0 0
1953| 0 0 0
1954| 0 0 0
1955| 0 0 0
1956| 0 0 0
1957| 0 0 0
1958| 0 4 0
1959| 0 8 0
1960| 0 12 0
1961| 0 16 0
1962| -0,3 20 0
1963| -0,6 24 0
1964| -0,9 28 0
1965| -1,2 32 0
1966| -1,5 36 0
1967| -1,8 36 0
1968| -2,1 36 0
1969| -2,4 36 0
1970| -2,7 36 0
1971| -3 36 0
1972| -3,299999 36 0
1973| -3,599999 36 0
1974| -3,899999 36 0
1975| -4,2 36 0
1976| 0 0 0
1977| 0 0 0
1978| 0 4 0
1979| 0 8 0
1980| 0 12 0
1981| 0 16 0
1982| 0 20 0
1983| 0 24 0
1984| 0 28 0
1985| -0,3 32 0
1986| -0,6 36 0
1987| -0,9 40 0
1988| -1,2 40 0
1989| -1,5 40 0
1990| -1,8 40 0
1991| -2,1 40 0
1992| 0 0 0
1993| 0 0 0
1994| 0 0 0
1995| 0 0 0
1996| 0 0 0
1997| 0 0 0
1998| 0 0 0
1999| 0 0 0
2000| 0 4 0
2001| 0 8 0
2002| -0,3 8 0
2003| -0,6 8 0
2004| 0 0 0
2005| 0 0 0
2006| 0 0 0
2007| 0 0 0
2008| 0 0 0
2009| 0 0 0
2010| 0 0 0
2011| 0 0 0
2012| 0 0 0
2013| 0 0 0
2014| 0 0 0
2015| 0 0 0
2016| 0 0 0
2017| 0 0 0
2018| 0 0 0
2019| 0 0 0
2020| 0 0 0
2021| 0 0 0
2022| 0 0 0
2023| -0,3 0 0
2024| -0,6 0 0
2025| -0,9 4 0
2026| -1,2 8 0
2027| -1,5 8 0
2028| -1,8 8 0
2029| -2,1 8 0
2030| -2,4 8 0
2031| -2,7 8 0
2032| -3 8 0
2033| -3,299999 8 0
2034| -3,599999 8 0
2035| -3,899999 8 0
2036| -4,2 8 0
2037| -4,5 8 0
2038| -4,8 8 0
2039| -5,1 8 0
2040| -5,4 8 0
2041| -5,7 8 0
2042| -6 8 0
2043| -6,300001 8 0
2044| -6,600001 8 0
2045| -6,900001 8 0
2046| -7,200001 8 0
2047| -7,500001 8 0
2048| -7,800001 8 0
2049| -8,1 8 0
2050| 0 0 0
2051| 0 0 0
2052| 0 0 0
2053| 0 0 0
2054| 0 0 0
2055| 0 0 0
2056| 0 0 0
2057| 0 0 0
2058| 0 0 0
2059| 0 0 0
2060| 0 0 0
2061| 0 0 0
2062| 0 0 0
2063| 0 0 0
2064| 0 0 0
2065| 0 0 0
2066| 0 0 0
2067| 0 0 0
2068| 0 0 0
2069| 0 0 0
2070| 0 0 0
2071| 0 0 0
2072| 0 0 0
2073| 0 0 0
2074| 0 0 0
2075| 0 0 0
2076| 0 0 0
2077| 0 0 0
2078| 0 0 0
2079| 0 0 0
2080| 0 0 0
2081| 0 0 0
2082| 0 0 0
2083| 0 0 0
2084| 0 0 0
2085| 0 0 0
2086| -0,3 0 0
2087| -0,6 0 0
2088| -0,9 0 0
2089| -1,2 0 0
2090| -1,5 0 0
2091| -1,8 0 0
2092| -2,1 0 0
2093| -2,4 0 0
2094| -2,7 0 0
2095| -3 0 0
2096| -3,299999 0 0
2097| -3,599999 0 0
2098| -3,899999 0 0
2099| -4,2 0 0
2100| 0 0 0
2101| 0 0 0
2102| 0 0 0
2103| 0 0 0
2104| 0 0 0
2105| 0 0 0
2106| 0 0 0
2107| 0 0 0
2108| 0 0 0
2109| 0 0 0

