1| 0 0 0
2| 0 0 0
3| 0 0 0
4| 0 0 0
5| 0 0 0
6| 0 0 0
7| 0 0 0
8| 0 0 0
9| 0 0 0
10| 0 0 0
11| 0 0 0
12| 0 0 0
13| 0 0 0
14| 0 0 0
15| 0 0 0
16| 0 0 0
17| 0 0 0
18| 0 0 0
19| 0 0 0
20| 0 0 0
21| 0 0 0
22| 0 0 0
23| 0 0 0
24| 0 0 0
25| 0 0 0
26| 0 0 0
27| 0 0 0
28| 0 0 0
29| 0 0 0
30| 0 0 0
31| 0 0 0
32| 0 0 0
33| 0 0 0
34| 0 0 0
35| 0 0 0
36| 0 0 0
37| 0 0 0
38| 0 0 0
39| 0 0 0
40| 0 0 0
41| 0 0 0
42| 0 0 0
43| 0 0 0
44| 0 0 0
45| 0 0 0
46| 0 0 0
47| 0 0 0
48| 0 0 0
49| 0 0 0
50| 0 0 0
51| 0 0 0
52| 0 0 0
53| 0 0 0
54| 0 0 0
55| 0 0 0
56| 0 0 0
57| 0 0 0
58| 0 0 0
59| 0 0 0
60| 0 0 0
61| 0 0 0
62| 0 0 0
63| 0 0 0
64| 0 0 0
65| 0 0 0
66| 0 0 0
67| 0 0 0
68| 0 0 0
69| 0 0 0
70| 0 0 0
71| 0 0 0
72| 0 0 0
73| 0 0 0
74| 0 0 0
75| 0 0 0
76| 0 0 0
77| 0 0 0
78| 0 0 0
79| 0 0 0
80| 0 0 0
81| 0 0 0
82| 0 0 0
83| 0 0 0
84| 0 0 0
85| 0 0 0
86| 0 0 0
87| 0 0 0
88| 0 0 0
89| 0 0 0
90| 0 0 0
91| 0 0 0
92| 0 0 0
93| 0 0 0
94| 0 0 0
95| 0 0 0
96| 0 0 0
97| 0 0 0
98| 0 0 0
99| 0 0 0
100| 0 0 0
101| 0 0 0
102| 0 0 0
103| 0 4 0
104| 0 8 0
105| 0 12 0
106| 0 16 0
107| 0 20 0
108| 0 24 0
109| 0 28 0
110| 0 32 0
111| 0 36 0
112| 0 40 0
113| 0 43,99999 0
114| 0 47,99999 0
115| 0 51,99999 0
116| 0 55,99999 0
117| 0 60 0
118| 0 64 0
119| 0 68 0
120| 0 72 0
121| 0 76,00001 0
122| 0 80,00001 0
123| 0 84,00001 0
124| 0 88,00002 0
125| 0 92,00002 0
126| 0 96,00002 0
127| 0 100 0
128| 0 104 0
129| 0 108 0
130| 0 112 0
131| 0 116 0
132| 0 120 0
133| 0 124 0
134| 0 128 0
135| 0 132 0
136| 0 136 0
137| 0 140 0
138| 0 144 0
139| 0 148 0
140| 0 152 0
141| 0 156 0
142| 0 160 0
143| 0 164 0
144| 0 168 0
145| 0 171,9999 0
146| 0 175,9999 0
147| 0 179,9999 0
148| 0 183,9999 0
149| 0 187,9999 0
150| 0 191,9999 0
151| 0 195,9999 0
152| 0 199,9999 0
153| 0 203,9999 0
154| 0 207,9999 0
155| 0 211,9999 0
156| 0 215,9999 0
157| 0 219,9999 0
158| 0 223,9999 0
159| 0 227,9999 0
160| 0 231,9999 0
161| 0 235,9999 0
162| 0 239,9999 0
163| 0 243,9999 0
164| 0 247,9999 0
165| 0 251,9999 0
166| 0 255,9999 0
167| 0 259,9999 0
168| 0 263,9999 0
169| 0 267,9999 0
170| 0,3 271,9998 0
171| 0,6 275,9998 0
172| 0,9 279,9998 0
173| 0,9 283,9998 0
174| 0,9 287,9998 0
175| 0,9 291,9998 0
176| 0,9 295,9998 0
177| 1,2 299,9998 0
178| 1,5 303,9998 0
179| 1,8 307,9998 0
180| 2,1 311,9998 0
181| 2,4 315,9998 0
182| 2,4 319,9998 0
183| 2,4 323,9998 0
184| 2,4 327,9998 0
185| 2,4 331,9998 0
186| 2,4 335,9998 0
187| 2,7 339,9998 0
188| 3 343,9998 0
189| 3 347,9998 0
190| 3 351,9998 0
191| 3 355,9998 0
192| 3,299999 359,9998 0
193| 3,599999 363,9998 0
194| 3,599999 367,9998 0
195| 3,599999 371,9998 0
196| 3,599999 375,9998 0
197| 3,599999 379,9998 0
198| 3,599999 383,9998 0
199| 3,599999 387,9998 0
200| 3,899999 391,9998 0
201| 4,2 395,9998 0
202| 4,5 399,9997 0
203| 4,8 400 0
204| 4,8 400 0
205| 4,8 400 0
206| 4,8 400 0
207| 4,8 400 0
208| 4,8 400 0
209| 4,8 400 0
210| 4,8 400 0
211| 4,8 400 0
212| 4,8 400 0
213| 4,8 400 0
214| 4,8 400 0
215| 4,8 400 0
216| 4,8 400 0
217| 4,8 400 0
218| 4,8 400 0
219| 4,8 400 0
220| 4,8 400 0
221| 4,8 400 0
222| 0 400 0
223| -0,3 400 0
224| -0,6 400 0
225| -0,9 400 0
226| -1,2 400 0
227| -1,5 400 0
228| -1,5 400 0
229| -1,5 400 0
230| -1,5 400 0
231| -1,5 400 0
232| -1,5 400 0
233| -1,5 400 0
234| -1,5 400 0
235| -1,5 400 0
236| -1,5 400 0
237| -1,8 400 0
238| -2,1 400 0
239| -2,4 400 0
240| -2,7 400 0
241| -2,7 400 0
242| -2,7 400 0
243| -2,7 400 0
244| -2,7 400 0
245| -2,7 400 0
246| -2,7 400 0
247| -2,7 400 0
248| -2,7 400 0
249| -2,7 400 0
250| -2,7 400 0
251| -2,7 400 0
252| -2,7 400 0
253| -2,7 400 0
254| -2,7 400 0
255| -2,7 400 0
256| -2,7 400 0
257| -2,7 400 0
258| -2,7 400 0
259| -2,7 400 0
260| -2,7 400 0
261| -2,7 400 0
262| 0 400 0
263| 0,3 400 0
264| 0,6 400 0
265| 0,9 400 0
266| 0,9 400 0
267| 0 0 0
268| 0 0 0
269| 0 0 0
270| 0 0 0
271| 0 0 0
272| 0,3 0 0
273| 0,6 0 0
274| 0,9 0 0
275| 1,2 0 0
276| 1,5 0 0
277| 0 0 0
278| 0 0 0
279| 0 0 0
280| 0 0 0
281| 0 0 0
282| 0 0 0
283| 0,3 0 0
284| 0,6 0 0
285| 0,9 0 0
286| 1,2 0 0
287| 1,5 0 0
288| 1,8 0 0
289| 2,1 0 0
290| 2,4 0 0
291| 2,7 0 0
292| 3 0 0
293| 3,299999 0 0
294| 3,599999 0 0
295| 3,899999 0 0
296| 4,2 0 0
297| 4,5 0 0
298| 4,8 0 0
299| 5,1 0 0
300| 5,4 0 0
301| 5,7 0 0
302| 6 0 0
303| 6,300001 0 0
304| 6,600001 0 0
305| 6,900001 0 0
306| 7,200001 0 0
307| 7,500001 0 0
308| 7,800001 0 0
309| 8,1 0 0
310| 8,4 0 0
311| 8,7 0 0
312| 8,999999 0 0
313| 9,299999 0 0
314| 9,599998 0 0
315| 0 0 0
316| 0 0 0
317| 0 0 0
318| 0 0 0
319| 0 0 0
320| 0 0 0
321| -0,3 0 0
322| -0,6 0 0
323| -0,9 0 0
324| 0 0 0
325| 0 0 0
326| 0 0 0
327| 0 0 0
328| 0 0 0
329| 0 0 0
330| 0 0 0
331| 0 0 0
332| 0 0 0
333| 0 0 0
334| 0 0 0
335| 0 0 0
336| 0 0 0
337| 0,3 0 0
338| 0,6 0 0
339| 0,9 0 0
340| 1,2 0 0
341| 1,5 0 0
342| 1,8 0 0
343| 2,1 0 0
344| 2,4 0 0
345| 2,7 0 0
346| 3 0 0
347| 3,299999 0 0
348| 3,599999 0 0
349| 3,899999 0 0
350| 4,2 0 0
351| 0 0 0
352| 0 0 0
353| 0 0 0
354| 0 0 0
355| 0,3 0 0
356| 0,6 0 0
357| 0,9 0 0
358| 1,2 0 0
359| 1,5 0 0
360| 1,8 0 0
361| 2,1 0 0
362| 2,4 0 0
363| 2,7 0 0
364| 3 0 0
365| 3,299999 0 0
366| 3,599999 0 0
367| 3,899999 0 0
368| 4,2 0 0
369| 4,5 0 0
370| 4,8 0 0
371| 5,1 0 0
372| 5,4 0 0
373| 0 0 0
374| 0 0 0
375| 0 0 0
376| 0 0 0
377| 0,3 0 0
378| 0,6 0 0
379| 0,9 0 0
380| 1,2 0 0
381| 0 0 0
382| 0 0 0
383| 0 0 0
384| 0 0 0
385| 0,3 0 0
386| 0,6 0 0
387| 0,9 0 0
388| 1,2 0 0
389| 1,5 0 0
390| 1,8 0 0
391| 2,1 0 0
392| 2,4 0 0
393| 2,7 0 0
394| 3 0 0
395| 3,299999 0 0
396| 3,599999 0 0
397| 3,899999 0 0
398| 4,2 0 0
399| 4,5 0 0
400| 4,8 0 0
401| 5,1 0 0
402| 5,4 0 0
403| 5,7 0 0
404| 6 0 0
405| 6,300001 0 0
406| 6,600001 0 0
407| 6,900001 0 0
408| 7,200001 0 0
409| 7,500001 0 0
410| 7,800001 0 0
411| 8,1 0 0
412| 8,4 0 0
413| 8,7 0 0
414| 8,999999 0 0
415| 9,299999 0 0
416| 9,599998 0 0
417| 9,899999 0 0
418| 10,2 0 0
419| 10,5 0 0
420| 10,8 0 0
421| 11,1 0 0
422| 11,4 0 0
423| 11,7 0 0
424| 12 0 0
425| 12,3 0 0
426| 0 0 0
427| 0 0 0
428| 0 0 0
429| 0 0 0
430| 0 0 0
431| 0 0 0
432| 0 0 0
433| 0 0 0
434| 0 0 0
435| 0 0 0
436| 0 0 0
437| 0 0 0
438| 0 0 0
439| 0 0 0
440| 0,3 0 0
441| 0,6 0 0
442| 0 0 0
443| 0 0 0
444| 0 0 0
445| 0 0 0
446| 0 0 0
447| 0 0 0
448| 0 0 0
449| 0 0 0
450| 0 0 0
451| 0 0 0
452| 0 0 0
453| 0 0 0
454| 0 0 0
455| 0 0 0
456| 0 0 0
457| 0 0 0
458| 0 4 0
459| 0 8 0
460| 0 12 0
461| 0 16 0
462| 0 20 0
463| -0,3 24 0
464| -0,6 24 0
465| -0,9 24 0
466| -1,2 24 0
467| -1,5 24 0
468| -1,8 24 0
469| -2,1 24 0
470| -2,4 24 0
471| -2,7 24 0
472| 0 0 0
473| 0 0 0
474| 0 0 0
475| 0 0 0
476| 0 0 0
477| 0 0 0
478| 0 0 0
479| 0 0 0
480| 0 0 0
481| 0 0 0
482| -0,3 0 0
483| -0,6 0 0
484| -0,9 0 0
485| 0 0 0
486| 0 0 0
487| 0 0 0
488| -0,3 0 0
489| -0,6 0 0
490| -0,9 0 0
491| -1,2 0 0
492| -1,5 0 0
493| -1,8 0 0
494| -2,1 0 0
495| -2,4 0 0
496| -2,7 0 0
497| -3 0 0
498| -3,299999 -4 0
499| -3,599999 -8 0
500| -3,899999 -12 0
501| -4,2 -16 0
502| -4,5 -20 0
503| -4,8 -24 0
504| -5,1 -28 0
505| -5,4 -32 0
506| -5,7 -36 0
507| -6 -40 0
508| -6,300001 -43,99999 0
509| -6,600001 -47,99999 0
510| -6,900001 -51,99999 0
511| -7,200001 -55,99999 0
512| -7,500001 -60 0
513| -7,800001 -64 0
514| -8,1 -68 0
515| -8,4 -72 0
516| -8,7 -76,00001 0
517| -8,999999 -80,00001 0
518| -9,299999 -84,00001 0
519| -9,599998 -88,00002 0
520| -9,899999 -92,00002 0
521| -10,2 -96,00002 0
522| -10,5 -100 0
523| -10,8 -104 0
524| -11,1 -108 0
525| -11,4 -112 0
526| -11,4 -116 0
527| -11,4 -120 0
528| -11,4 -124 0
529| -11,4 -128 0
530| -11,4 -132 0
531| -11,7 -136 0
532| -12 -140 0
533| -12,3 -144 0
534| -12,6 -148 0
535| -12,9 -152 0
536| -13,2 -156 0
537| -13,5 -156 0
538| -13,79999 -156 0
539| -14,09999 -156 0
540| -14,39999 -156 0
541| -14,69999 -156 0
542| -14,99999 -156 0
543| -15,29999 -156 0
544| -15,59999 -156 0
545| -15,89999 -156 0
546| -16,19999 -156 0
547| -16,49999 -156 0
548| -16,79999 -156 0
549| -17,09999 -156 0
550| -17,39999 -156 0
551| -17,69999 -156 0
552| -17,99999 -156 0
553| -18,29999 -156 0
554| -18,59999 -156 0
555| -18,89999 -156 0
556| -19,19999 -156 0
557| -19,49999 -156 0
558| -19,79999 -156 0
559| -20,09999 -156 0
560| -20,39999 -156 0
561| -20,69999 -156 0
562| -20,99999 -156 0
563| -21,29999 -156 0
564| -21,59999 -156 0
565| -21,89999 -156 0
566| -22,19999 -156 0
567| -22,49999 -156 0
568| -22,79999 -156 0
569| -23,09999 -156 0
570| -23,39999 -156 0
571| -23,69999 -156 0
572| -23,99999 -156 0
573| -24,29999 -156 0
574| -24,59999 -156 0
575| -24,89998 -156 0
576| -25,19999 -156 0
577| -25,49998 -156 0
578| -25,79998 -156 0
579| -26,09998 -156 0
580| -26,39998 -156 0
581| -26,69998 -156 0
582| -26,99998 -156 0
583| -27,29998 -156 0
584| -27,59998 -156 0
585| -27,89998 -156 0
586| -28,19998 -156 0
587| -28,49998 -156 0
588| -28,79998 -156 0
589| -29,09998 -156 0
590| -29,39998 -156 0
591| -29,69998 -156 0
592| -29,99998 -156 0
593| -30 -156 0
594| -30 -156 0
595| -30 -156 0
596| -30 -156 0
597| -30 -156 0
598| -30 -156 0
599| -30 -156 0
600| -30 -156 0
601| -30 0 0
602| -30 4 0
603| -30 8 0
604| -30 8 0
605| -30 8 0
606| -30 8 0
607| -30 8 0
608| -30 8 0
609| -30 8 0
610| -30 8 0
611| -30 8 0
612| -30 8 0
613| -30 8 0
614| -30 12 0
615| -30 16 0
616| -30 20 0
617| -30 24 0
618| -30 24 0
619| -30 24 0
620| -30 24 0
621| -30 24 0
622| -30 24 0
623| -30 24 0
624| -30 24 0
625| -30 28 0
626| -30 32 0
627| -30 36 0
628| -30 40 0
629| -30 43,99999 0
630| -30 43,99999 0
631| -30 43,99999 0
632| -30 43,99999 0
633| -30 43,99999 0
634| -30 43,99999 0
635| -30 43,99999 0
636| -30 43,99999 0
637| -30 43,99999 0
638| -30 43,99999 0
639| -30 43,99999 0
640| -30 43,99999 0
641| -30 43,99999 0
642| -30 43,99999 0
643| -30 43,99999 0
644| -30 43,99999 0
645| -30 43,99999 0
646| -30 43,99999 0
647| -30 43,99999 0
648| -30 43,99999 0
649| -30 43,99999 0
650| -30 43,99999 0
651| -30 43,99999 0
652| -30 43,99999 0
653| -30 43,99999 0
654| -30 43,99999 0
655| -30 47,99999 0
656| -30 51,99999 0
657| -30 55,99999 0
658| -30 60 0
659| -30 64 0
660| -30 68 0
661| -30 72 0
662| 0 0 0
663| 0 0 0
664| 0 0 0
665| 0 0 0
666| 0 0 0
667| 0 0 0
668| 0 0 0
669| 0 0 0
670| 0 0 0
671| 0 0 0
672| 0 0 0
673| 0 0 0
674| 0 0 0
675| 0 0 0
676| 0 0 0
677| 0 0 0
678| 0 0 0
679| 0 0 0
680| 0 0 0
681| 0 0 0
682| 0 0 0
683| 0 0 0
684| 0 0 0
685| 0 0 0
686| 0 0 0
687| 0 0 0
688| 0 0 0
689| 0 0 0
690| 0 0 0
691| 0 0 0
692| 0 0 0
693| 0 0 0
694| 0 0 0
695| 0 0 0
696| 0 0 0
697| 0 0 0
698| 0 0 0
699| 0 0 0
700| 0 0 0
701| 0 0 0
702| 0 0 0
703| 0 0 0
704| 0 0 0
705| 0 0 0
706| 0 0 0
707| 0 0 0
708| 0 0 0
709| 0 0 0
710| 0 0 0
711| 0 0 0
712| 0 0 0
713| 0 0 0
714| 0 0 0
715| 0 0 0
716| 0 0 0
717| 0 0 0
718| 0 0 0
719| 0 0 0
720| 0 0 0
721| 0 0 0
722| 0 0 0
723| 0 0 0
724| 0 0 0
725| 0 0 0
726| 0 0 0
727| 0 0 0
728| 0 0 0
729| 0 0 0
730| 0 0 0
731| 0 0 0
732| 0 0 0
733| 0 0 0
734| 0 0 0
735| 0 0 0
736| 0 0 0
737| 0 0 0
738| 0 0 0
739| 0 0 0
740| 0 0 0
741| 0 0 0
742| 0 0 0
743| 0 0 0
744| 0 4 0
745| 0 8 0
746| -0,3 12 0
747| -0,6 16 0
748| -0,9 20 0
749| -1,2 24 0
750| -1,5 28 0
751| -1,8 32 0
752| -2,1 36 0
753| -2,4 40 0
754| -2,7 43,99999 0
755| -3 47,99999 0
756| -3,299999 51,99999 0
757| -3,599999 55,99999 0
758| -3,899999 60 0
759| -4,2 64 0
760| 0 0 0
761| 0 0 0
762| 0 0 0
763| -0,3 0 0
764| -0,6 0 0
765| -0,9 4 0
766| -1,2 8 0
767| -1,5 12 0
768| -1,8 16 0
769| 0 0 0
770| 0 0 0
771| 0 0 0
772| -0,3 0 0
773| -0,6 4 0
774| -0,9 8 0
775| -1,2 12 0
776| -1,5 16 0
777| -1,8 20 0
778| -2,1 24 0
779| -2,4 28 0
780| -2,7 32 0
781| -2,7 36 0
782| -2,7 40 0
783| -2,7 43,99999 0
784| -3 47,99999 0
785| -3,299999 51,99999 0
786| -3,599999 55,99999 0
787| -3,899999 60 0
788| -3,899999 64 0
789| -3,899999 68 0
790| 0 0 0
791| 0 0 0
792| 0 0 0
793| -0,3 0 0
794| -0,6 0 0
795| -0,9 4 0
796| -1,2 8 0
797| -1,5 12 0
798| -1,5 16 0
799| -1,5 20 0
800| -1,5 24 0
801| -1,5 28 0
802| -1,8 32 0
803| -2,1 36 0
804| -2,4 40 0
805| -2,7 43,99999 0
806| -2,7 47,99999 0
807| -2,7 51,99999 0
808| -2,7 55,99999 0
809| -2,7 60 0
810| -3 64 0
811| -3,299999 68 0
812| -3,299999 72 0
813| 0 0 0
814| 0 0 0
815| 0 0 0
816| 0 0 0
817| 0 0 0
818| 0 0 0
819| 0 0 0
820| 0 0 0
821| 0 0 0
822| 0 0 0
823| 0 0 0
824| 0 0 0
825| 0 0 0
826| 0 0 0
827| -0,3 0 0
828| -0,6 4 0
829| -0,9 8 0
830| -1,2 12 0
831| -1,2 16 0
832| -1,2 20 0
833| -1,2 24 0
834| -1,5 28 0
835| -1,8 32 0
836| -2,1 36 0
837| -2,4 40 0
838| -2,4 43,99999 0
839| -2,4 47,99999 0
840| -2,4 51,99999 0
841| -2,4 55,99999 0
842| -2,4 60 0
843| -2,4 64 0
844| -2,4 68 0
845| -2,4 72 0
846| 0 0 0
847| 0 0 0
848| 0 0 0
849| 0 0 0
850| 0 0 0
851| 0 0 0
852| -0,3 0 0
853| -0,6 0 0
854| -0,9 0 0
855| 0 0 0
856| 0 0 0
857| 0 0 0
858| 0 0 0
859| -0,3 0 0
860| -0,6 4 0
861| -0,9 8 0
862| -0,9 12 0
863| 0 0 0
864| 0 0 0
865| 0 0 0
866| 0 0 0
867| 0 0 0
868| 0 0 0
869| 0 0 0
870| 0 0 0
871| 0 0 0
872| 0 0 0
873| 0 0 0
874| 0 0 0
875| 0 0 0
876| 0 4 0
877| 0 8 0
878| 0 0 0
879| 0 0 0
880| 0 0 0
881| -0,3 0 0
882| -0,6 0 0
883| -0,9 0 0
884| -1,2 0 0
885| -1,5 0 0
886| 0 0 0
887| 0 0 0
888| 0 0 0
889| -0,3 0 0
890| -0,6 0 0
891| -0,9 0 0
892| -1,2 0 0
893| -1,5 0 0
894| 0 0 0
895| 0 0 0
896| 0 0 0
897| 0 0 0
898| -0,3 0 0
899| -0,6 0 0
900| -0,9 0 0
901| -1,2 0 0
902| 0 0 0
903| 0 0 0
904| 0 0 0
905| 0 0 0
906| 0 0 0
907| 0 0 0
908| 0 0 0
909| 0 0 0
910| 0 0 0
911| -0,3 0 0
912| -0,6 0 0
913| -0,9 0 0
914| -1,2 4 0
915| -1,5 8 0
916| -1,8 12 0
917| 0 0 0
918| 0 0 0
919| 0 0 0
920| 0 0 0
921| 0 0 0
922| -0,3 0 0
923| -0,6 0 0
924| -0,9 4 0
925| -1,2 8 0
926| -1,5 12 0
927| 0 0 0
928| 0 0 0
929| 0 0 0
930| 0 0 0
931| 0 0 0
932| 0 0 0
933| 0 0 0
934| 0 0 0
935| 0 0 0
936| 0 0 0
937| 0 0 0
938| 0 0 0
939| -0,3 0 0
940| -0,6 0 0
941| -0,9 0 0
942| -1,2 0 0
943| -1,5 0 0
944| -1,8 0 0
945| 0 0 0
946| 0 0 0
947| 0 0 0
948| 0 0 0
949| 0 0 0
950| 0 0 0
951| 0 0 0
952| 0 0 0
953| 0 0 0
954| 0 0 0
955| 0 0 0
956| 0 0 0
957| 0 0 0
958| 0 0 0
959| 0 0 0
960| 0 0 0
961| 0 0 0
962| -0,3 0 0
963| -0,6 0 0
964| -0,9 0 0
965| -1,2 0 0
966| -1,5 0 0
967| -1,8 0 0
968| 0 0 0
969| 0 0 0
970| -0,3 0 0
971| -0,6 0 0
972| -0,9 0 0
973| -1,2 0 0
974| -1,5 0 0
975| 0 0 0
976| 0 0 0
977| -0,3 0 0
978| -0,6 0 0
979| -0,9 0 0
980| -1,2 0 0
981| -1,5 0 0
982| 0 0 0
983| 0 0 0
984| 0 0 0
985| 0 0 0
986| 0 0 0
987| 0 0 0
988| 0 0 0
989| 0 0 0
990| -0,3 0 0
991| -0,6 0 0
992| -0,9 0 0
993| -1,2 0 0
994| -1,5 0 0
995| -1,8 0 0
996| 0 0 0
997| 0 0 0
998| 0 0 0
999| -0,3 0 0
1000| -0,6 0 0
1001| -0,9 0 0
1002| -1,2 0 0
1003| -1,5 0 0
1004| -1,8 0 0
1005| -2,1 0 0
1006| -2,4 0 0
1007| -2,7 0 0
1008| -3 0 0
1009| -3,299999 0 0
1010| -3,599999 0 0
1011| -3,899999 0 0
1012| -4,2 0 0
1013| -4,5 0 0
1014| -4,8 0 0
1015| -5,1 0 0
1016| -5,4 0 0
1017| -5,7 0 0
1018| -6 0 0
1019| -6,300001 0 0
1020| -6,600001 0 0
1021| -6,900001 0 0
1022| -7,200001 0 0
1023| 0 0 0
1024| 0 0 0
1025| 0 0 0
1026| 0 0 0
1027| -0,3 0 0
1028| -0,6 0 0
1029| -0,9 0 0
1030| -1,2 0 0
1031| 0 0 0
1032| 0 0 0
1033| 0 0 0
1034| 0 0 0
1035| 0 0 0
1036| -0,3 0 0
1037| -0,6 0 0
1038| -0,9 0 0
1039| -1,2 0 0
1040| -1,5 0 0
1041| -1,8 0 0
1042| -2,1 0 0
1043| -2,4 0 0
1044| -2,7 0 0
1045| -3 0 0
1046| -3,299999 0 0
1047| -3,599999 0 0
1048| -3,899999 0 0
1049| -4,2 0 0
1050| 0 0 0
1051| 0 0 0
1052| 0 0 0
1053| 0 0 0
1054| 0 0 0
1055| 0 0 0
1056| -0,3 0 0
1057| -0,6 0 0
1058| -0,9 0 0
1059| 0 0 0
1060| 0 0 0
1061| 0 0 0
1062| 0 0 0
1063| 0 0 0
1064| 0 0 0
1065| -0,3 0 0
1066| -0,6 0 0
1067| -0,9 0 0
1068| -1,2 0 0
1069| -1,5 0 0
1070| -1,8 0 0
1071| -2,1 0 0
1072| -2,4 0 0
1073| -2,7 0 0
1074| -3 4 0
1075| -3,299999 8 0
1076| -3,599999 12 0
1077| -3,899999 16 0
1078| -3,899999 20 0
1079| 0 0 0
1080| 0 0 0
1081| 0 0 0
1082| 0 0 0
1083| 0 0 0
1084| -0,3 0 0
1085| -0,6 0 0
1086| -0,9 0 0
1087| -1,2 0 0
1088| -1,5 4 0
1089| -1,8 8 0
1090| 0 0 0
1091| 0 0 0
1092| 0 0 0
1093| 0 0 0
1094| 0 0 0
1095| 0 0 0
1096| 0 0 0
1097| -0,3 0 0
1098| -0,6 0 0
1099| -0,9 0 0
1100| -1,2 0 0
1101| -1,5 0 0
1102| -1,8 0 0
1103| -2,1 0 0
1104| -2,4 0 0
1105| -2,7 0 0
1106| -3 0 0
1107| -3,299999 0 0
1108| -3,599999 0 0
1109| -3,899999 0 0
1110| -4,2 0 0
1111| -4,5 0 0
1112| -4,8 0 0
1113| -5,1 0 0
1114| -5,4 0 0
1115| -5,7 0 0
1116| -6 0 0
1117| -6,300001 0 0
1118| -6,600001 0 0
1119| -6,900001 0 0
1120| -7,200001 0 0
1121| -7,500001 0 0
1122| -7,800001 0 0
1123| -8,1 0 0
1124| -8,4 0 0
1125| -8,7 0 0
1126| -8,999999 0 0
1127| -9,299999 0 0
1128| 0 0 0
1129| 0 0 0
1130| 0 0 0
1131| 0 0 0
1132| 0 0 0
1133| 0 0 0
1134| -0,3 0 0
1135| -0,6 0 0
1136| -0,9 0 0
1137| -1,2 0 0
1138| -1,5 0 0
1139| -1,8 0 0
1140| -2,1 0 0
1141| -2,4 0 0
1142| -2,7 0 0
1143| -3 0 0
1144| -3,299999 0 0
1145| -3,599999 0 0
1146| -3,899999 0 0
1147| -4,2 0 0
1148| -4,5 0 0
1149| -4,8 0 0
1150| -5,1 0 0
1151| -5,4 0 0
1152| -5,7 0 0
1153| -6 0 0
1154| -6,300001 0 0
1155| -6,600001 0 0
1156| -6,900001 0 0
1157| -7,200001 0 0
1158| -7,500001 0 0
1159| -7,800001 0 0
1160| -8,1 0 0
1161| -8,4 0 0
1162| -8,7 0 0
1163| -8,999999 0 0
1164| -9,299999 0 0
1165| -9,599998 0 0
1166| -9,899999 0 0
1167| -10,2 0 0
1168| -10,5 0 0
1169| -10,8 0 0
1170| 0 0 0
1171| 0 0 0
1172| 0 0 0
1173| 0 0 0
1174| 0 0 0
1175| 0 0 0
1176| 0 0 0
1177| 0 0 0
1178| 0 0 0
1179| 0 0 0
1180| 0 0 0
1181| 0 0 0
1182| 0 0 0
1183| 0 0 0
1184| 0 0 0
1185| 0 0 0
1186| 0 0 0
1187| 0 0 0
1188| 0 0 0
1189| -0,3 0 0
1190| -0,6 0 0
1191| -0,9 0 0
1192| -1,2 0 0
1193| -1,5 0 0
1194| -1,8 0 0
1195| -2,1 0 0
1196| -2,4 0 0
1197| -2,7 0 0
1198| -3 0 0
1199| -3,299999 0 0
1200| -3,599999 0 0
1201| -3,899999 0 0
1202| -4,2 0 0
1203| -4,5 0 0
1204| -4,8 0 0
1205| 0 0 0
1206| 0 0 0
1207| 0 0 0
1208| 0 0 0
1209| 0 0 0
1210| -0,3 0 0
1211| -0,6 0 0
1212| -0,9 0 0
1213| -1,2 0 0
1214| -1,5 0 0
1215| -1,8 0 0
1216| -2,1 0 0
1217| -2,4 0 0
1218| -2,7 0 0
1219| -3 0 0
1220| -3,299999 0 0
1221| -3,599999 0 0
1222| -3,899999 0 0
1223| -4,2 0 0
1224| -4,5 0 0
1225| -4,8 0 0
1226| -5,1 0 0
1227| -5,4 0 0
1228| -5,7 0 0
1229| -6 0 0
1230| -6,300001 0 0
1231| -6,600001 0 0
1232| -6,900001 0 0
1233| 0 0 0
1234| 0 0 0
1235| 0 0 0
1236| 0 0 0
1237| 0 0 0
1238| 0 0 0
1239| 0 0 0
1240| 0 0 0
1241| 0 0 0
1242| 0 0 0
1243| 0,3 0 0
1244| 0,6 0 0
1245| 0,9 0 0
1246| 1,2 0 0
1247| 1,5 0 0
1248| 1,8 0 0
1249| 2,1 0 0
1250| 2,4 0 0
1251| 2,7 0 0
1252| 3 0 0
1253| 3,299999 0 0
1254| 3,599999 0 0
1255| 3,899999 0 0
1256| 4,2 0 0
1257| 4,5 0 0
1258| 4,8 0 0
1259| 5,1 0 0
1260| 5,4 0 0
1261| 5,7 0 0
1262| 0 0 0
1263| 0 0 0
1264| 0 0 0
1265| 0 0 0
1266| 0,3 0 0
1267| 0,6 0 0
1268| 0,9 0 0
1269| 1,2 0 0
1270| 1,5 0 0
1271| 1,8 0 0
1272| 2,1 0 0
1273| 2,4 0 0
1274| 2,7 0 0
1275| 3 0 0
1276| 3,299999 0 0
1277| 3,599999 0 0
1278| 3,899999 0 0
1279| 4,2 0 0
1280| 4,5 0 0
1281| 4,8 0 0
1282| 5,1 0 0
1283| 5,4 0 0
1284| 5,7 0 0
1285| 6 0 0
1286| 6,300001 0 0
1287| 6,600001 0 0
1288| 6,900001 0 0
1289| 0 0 0
1290| 0 0 0
1291| 0 0 0
1292| 0,3 0 0
1293| 0,6 0 0
1294| 0,9 0 0
1295| 1,2 0 0
1296| 1,5 0 0
1297| 1,8 0 0
1298| 2,1 0 0
1299| 2,4 0 0
1300| 2,7 0 0
1301| 3 0 0
1302| 3,299999 0 0
1303| 3,599999 0 0
1304| 3,899999 0 0
1305| 4,2 0 0
1306| 4,5 0 0
1307| 4,8 0 0
1308| 5,1 0 0
1309| 5,4 0 0
1310| 5,7 0 0
1311| 6 0 0
1312| 6,300001 0 0
1313| 6,600001 0 0
1314| 0 0 0
1315| 0 0 0
1316| 0 0 0
1317| 0 0 0
1318| 0,3 0 0
1319| 0,6 0 0
1320| 0,9 0 0
1321| 1,2 0 0
1322| 1,5 0 0
1323| 1,8 0 0
1324| 2,1 0 0
1325| 2,4 0 0
1326| 2,7 0 0
1327| 3 0 0
1328| 3,299999 0 0
1329| 3,599999 0 0
1330| 3,899999 0 0
1331| 4,2 0 0
1332| 4,5 0 0
1333| 4,8 0 0
1334| 5,1 0 0
1335| 5,4 0 0
1336| 5,7 0 0
1337| 6 0 0
1338| 6,300001 0 0
1339| 6,600001 0 0
1340| 6,900001 0 0
1341| 7,200001 0 0
1342| 7,500001 0 0
1343| 7,800001 0 0
1344| 8,1 4 0
1345| 8,4 8 0
1346| 8,7 12 0
1347| 8,999999 16 0
1348| 9,299999 20 0
1349| 9,599998 24 0
1350| 9,899999 28 0
1351| 9,899999 32 0
1352| 9,899999 36 0
1353| 9,899999 40 0
1354| 9,899999 43,99999 0
1355| 9,899999 47,99999 0
1356| 9,899999 51,99999 0
1357| 9,899999 55,99999 0
1358| 9,899999 60 0
1359| 9,899999 64 0
1360| 9,899999 68 0
1361| 9,899999 72 0
1362| 9,899999 76,00001 0
1363| 0 0 0
1364| 0 0 0
1365| 0 0 0
1366| 0 0 0
1367| 0 0 0
1368| 0 0 0
1369| 0 0 0
1370| 0 0 0
1371| 0 0 0
1372| 0 0 0
1373| 0 0 0
1374| 0 0 0
1375| 0 0 0
1376| 0 0 0
1377| 0 0 0
1378| 0,3 0 0
1379| 0,6 0 0
1380| 0,9 0 0
1381| 1,2 0 0
1382| 1,5 0 0
1383| 1,8 0 0
1384| 0 0 0
1385| 0 0 0
1386| 0 0 0
1387| 0 0 0
1388| 0 0 0
1389| 0 0 0
1390| 0 0 0
1391| 0 0 0
1392| 0 0 0
1393| 0 0 0
1394| 0 0 0
1395| 0 0 0
1396| 0 0 0
1397| 0 0 0
1398| 0 0 0
1399| 0 0 0
1400| 0 0 0
1401| 0 0 0
1402| 0 0 0
1403| 0 0 0
1404| 0 0 0
1405| 0 0 0
1406| 0 0 0
1407| 0 0 0
1408| 0 0 0
1409| 0 0 0
1410| 0 0 0
1411| 0 0 0
1412| 0 0 0
1413| 0 0 0
1414| 0 0 0
1415| 0 0 0
1416| 0 0 0
1417| 0 0 0
1418| 0 0 0
1419| 0 0 0
1420| 0 0 0
1421| 0 0 0
1422| 0 0 0
1423| 0 0 0
1424| 0 0 0
1425| 0 0 0
1426| 0 0 0
1427| 0 0 0
1428| 0 0 0
1429| 0 0 0
1430| 0 0 0
1431| 0 0 0
1432| 0 0 0
1433| 0 0 0
1434| 0 0 0
1435| 0 0 0
1436| 0 0 0
1437| 0 0 0
1438| 0 0 0
1439| 0 0 0
1440| 0 0 0
1441| 0 0 0
1442| 0 0 0
1443| 0 0 0
1444| 0 0 0
1445| 0 0 0
1446| 0 0 0
1447| 0 0 0
1448| 0 0 0
1449| 0 0 0
1450| 0 0 0
1451| 0 0 0
1452| 0 0 0
1453| 0 0 0
1454| 0 0 0
1455| 0 0 0
1456| 0 0 0
1457| 0 0 0
1458| 0 0 0
1459| 0 0 0
1460| 0 0 0
1461| 0 0 0
1462| 0 0 0
1463| 0 0 0
1464| 0 0 0
1465| 0 0 0
1466| 0 0 0
1467| 0 0 0
1468| 0 0 0
1469| 0 0 0
1470| 0 0 0
1471| 0 0 0
1472| 0 0 0
1473| 0 0 0
1474| 0 0 0
1475| 0 0 0
1476| 0 0 0
1477| 0 0 0
1478| 0 0 0
1479| 0 0 0
1480| 0 0 0
1481| 0 0 0
1482| 0 0 0
1483| 0 0 0
1484| 0 0 0
1485| 0 0 0
1486| 0 4 0
1487| 0 8 0
1488| 0 12 0
1489| 0 16 0
1490| 0 20 0
1491| 0 24 0
1492| 0 28 0
1493| 0 32 0
1494| 0 36 0
1495| 0 40 0
1496| 0 43,99999 0
1497| 0 47,99999 0
1498| 0 51,99999 0
1499| 0 55,99999 0
1500| 0 60 0
1501| 0 64 0
1502| 0 68 0
1503| 0 72 0
1504| 0 76,00001 0
1505| 0 80,00001 0
1506| 0 84,00001 0
1507| 0 88,00002 0
1508| 0 92,00002 0
1509| 0 96,00002 0
1510| 0 100 0
1511| 0 104 0
1512| 0 108 0
1513| 0 112 0
1514| 0 0 0
1515| 0 0 0
1516| 0 0 0
1517| 0 0 0
1518| 0 0 0
1519| 0 0 0
1520| 0 0 0
1521| 0 0 0
1522| 0 0 0
1523| 0 0 0
1524| 0 0 0
1525| 0 0 0
1526| 0 0 0
1527| 0 0 0
1528| 0 0 0
1529| 0 0 0
1530| 0 0 0
1531| 0 0 0
1532| 0 0 0
1533| 0 0 0
1534| 0 0 0
1535| 0 0 0
1536| 0 0 0
1537| 0 0 0
1538| 0 0 0
1539| 0 0 0
1540| 0 0 0
1541| 0 0 0
1542| 0 0 0
1543| 0 0 0
1544| 0 0 0
1545| 0 0 0
1546| 0 0 0
1547| 0 0 0
1548| 0 0 0
1549| 0 0 0
1550| 0 0 0
1551| 0 0 0
1552| 0 0 0
1553| 0 0 0
1554| 0 0 0
1555| 0 0 0
1556| 0 0 0
1557| 0 0 0
1558| 0 0 0
1559| 0 0 0
1560| 0 0 0
1561| 0 0 0
1562| 0 0 0
1563| 0 0 0
1564| 0 0 0
1565| 0 0 0
1566| 0 0 0
1567| 0 0 0
1568| 0 0 0
1569| 0 0 0
1570| 0 0 0
1571| 0 0 0
1572| 0 0 0
1573| 0 0 0
1574| 0 0 0
1575| 0 0 0
1576| 0 0 0
1577| 0 0 0
1578| 0 0 0
1579| 0,3 0 0
1580| 0,6 0 0
1581| 0,9 0 0
1582| 1,2 0 0
1583| 1,5 0 0
1584| 1,8 0 0
1585| 2,1 0 0
1586| 2,4 0 0
1587| 2,7 0 0
1588| 3 0 0
1589| 3,299999 0 0
1590| 3,599999 0 0
1591| 3,899999 0 0
1592| 4,2 0 0
1593| 4,5 0 0
1594| 4,8 0 0
1595| 5,1 0 0
1596| 5,4 0 0
1597| 5,7 0 0
1598| 6 0 0
1599| 6,300001 0 0
1600| 6,600001 0 0
1601| 6,900001 0 0
1602| 0 0 0
1603| 0 0 0
1604| 0 0 0
1605| 0 0 0
1606| 0 0 0
1607| 0 0 0
1608| 0 0 0
1609| 0 0 0
1610| 0 0 0
1611| 0 0 0
1612| 0 0 0
1613| 0 0 0
1614| 0 0 0
1615| 0 0 0
1616| 0 0 0
1617| 0 0 0
1618| 0 0 0
1619| 0 0 0
1620| 0 0 0
1621| 0 0 0
1622| 0 0 0
1623| 0 0 0
1624| 0 0 0
1625| 0 0 0
1626| 0 0 0
1627| 0 0 0
1628| 0 0 0
1629| 0 0 0
1630| 0 0 0
1631| 0 0 0
1632| 0 0 0
1633| 0 0 0
1634| 0 0 0
1635| 0 0 0
1636| 0 0 0
1637| 0 0 0
1638| 0 0 0
1639| 0 0 0
1640| 0 0 0
1641| 0 0 0
1642| 0 0 0
1643| 0 0 0
1644| 0 0 0
1645| 0 0 0
1646| 0 0 0
1647| 0 0 0
1648| 0 0 0
1649| 0 0 0
1650| 0 0 0
1651| 0 0 0
1652| 0,3 0 0
1653| 0,6 0 0
1654| 0,9 0 0
1655| 1,2 0 0
1656| 1,5 0 0
1657| 1,8 0 0
1658| 2,1 0 0
1659| 2,4 0 0
1660| 2,7 0 0
1661| 3 0 0
1662| 3,299999 0 0
1663| 3,599999 0 0
1664| 3,899999 0 0
1665| 4,2 0 0
1666| 4,5 0 0
1667| 4,8 0 0
1668| 5,1 0 0
1669| 5,4 0 0
1670| 5,7 0 0
1671| 0 0 0
1672| 0 0 0
1673| 0 0 0
1674| 0 0 0
1675| 0 0 0
1676| 0 0 0
1677| 0,3 0 0
1678| 0,6 0 0
1679| 0,9 0 0
1680| 1,2 0 0
1681| 1,5 0 0
1682| 1,8 0 0
1683| 2,1 0 0
1684| 2,4 0 0
1685| 2,7 0 0
1686| 3 0 0
1687| 3,299999 0 0
1688| 3,599999 0 0
1689| 3,899999 0 0
1690| 4,2 0 0
1691| 4,5 0 0
1692| 4,8 0 0
1693| 5,1 0 0
1694| 5,4 0 0
1695| 5,7 0 0
1696| 6 0 0
1697| 6,300001 0 0
1698| 6,600001 0 0
1699| 6,900001 0 0
1700| 7,200001 0 0
1701| 7,500001 0 0
1702| 7,800001 0 0
1703| 8,1 0 0
1704| 8,4 0 0
1705| 8,7 0 0
1706| 0 0 0
1707| 0 0 0
1708| 0 0 0
1709| 0 0 0
1710| 0 0 0
1711| 0,3 0 0
1712| 0,6 0 0
1713| 0 0 0
1714| 0 0 0
1715| 0 0 0
1716| 0 0 0
1717| 0 0 0
1718| 0 0 0
1719| 0 0 0
1720| 0 0 0
1721| 0 0 0
1722| 0 0 0
1723| 0 0 0
1724| 0 0 0
1725| 0 0 0
1726| 0 0 0
1727| 0 0 0
1728| 0 0 0
1729| 0 0 0
1730| 0,3 0 0
1731| 0,6 0 0
1732| 0,9 0 0
1733| 1,2 0 0
1734| 1,5 0 0
1735| 1,8 0 0
1736| 2,1 0 0
1737| 2,4 0 0
1738| 2,7 0 0
1739| 3 0 0
1740| 3,299999 0 0
1741| 3,599999 0 0
1742| 3,899999 0 0
1743| 4,2 0 0
1744| 4,5 0 0
1745| 4,8 0 0
1746| 5,1 0 0
1747| 5,4 0 0
1748| 5,7 0 0
1749| 6 0 0
1750| 6,300001 0 0
1751| 6,600001 0 0
1752| 6,900001 0 0
1753| 7,200001 0 0
1754| 7,500001 0 0
1755| 7,800001 0 0
1756| 8,1 0 0
1757| 8,4 0 0
1758| 8,7 0 0
1759| 8,999999 0 0
1760| 9,299999 0 0
1761| 9,599998 0 0
1762| 9,899999 0 0
1763| 10,2 0 0
1764| 10,5 0 0
1765| 10,8 0 0
1766| 11,1 0 0
1767| 11,4 0 0
1768| 11,7 0 0
1769| 12 0 0
1770| 12,3 0 0
1771| 12,6 0 0
1772| 12,9 0 0
1773| 13,2 0 0
1774| 13,5 0 0
1775| 13,79999 0 0
1776| 0 0 0
1777| 0 0 0
1778| 0 0 0
1779| 0 0 0
1780| 0 0 0
1781| 0 0 0
1782| 0 0 0
1783| 0 0 0
1784| 0 0 0
1785| 0 0 0
1786| 0 0 0
1787| 0 0 0
1788| 0 0 0
1789| 0 0 0
1790| 0 0 0
1791| 0 0 0
1792| 0 0 0
1793| 0 0 0
1794| 0 0 0
1795| 0 0 0
1796| 0 0 0
1797| 0 0 0
1798| 0 0 0
1799| 0 0 0
1800| 0 0 0
1801| 0 0 0
1802| 0 0 0
1803| 0 4 0
1804| 0 8 0
1805| 0 12 0
1806| 0 16 0
1807| 0 20 0
1808| 0 24 0
1809| 0 28 0
1810| 0 32 0
1811| 0,3 36 0
1812| 0,6 40 0
1813| 0,9 43,99999 0
1814| 1,2 47,99999 0
1815| 1,5 51,99999 0
1816| 1,5 55,99999 0
1817| 1,8 60 0
1818| 2,1 64 0
1819| 2,4 68 0
1820| 2,7 72 0
1821| 3 76,00001 0
1822| 3,299999 80,00001 0
1823| 3,599999 84,00001 0
1824| 3,899999 88,00002 0
1825| 4,2 92,00002 0
1826| 4,5 96,00002 0
1827| 4,8 100 0
1828| 5,1 104 0
1829| 5,4 108 0
1830| 5,7 112 0
1831| 6 116 0
1832| 6,300001 120 0
1833| 6,600001 124 0
1834| 6,900001 128 0
1835| 7,200001 132 0
1836| 7,500001 136 0
1837| 7,800001 140 0
1838| 8,1 144 0
1839| 8,4 148 0
1840| 8,7 152 0
1841| 8,999999 156 0
1842| 9,299999 160 0
1843| 9,599998 164 0
1844| 9,899999 168 0
1845| 10,2 171,9999 0
1846| 10,5 175,9999 0
1847| 10,8 179,9999 0
1848| 11,1 183,9999 0
1849| 11,4 187,9999 0
1850| 11,7 191,9999 0
1851| 11,7 195,9999 0
1852| 11,7 199,9999 0
1853| 11,7 203,9999 0
1854| 11,7 207,9999 0
1855| 0 0 0
1856| 0 0 0
1857| 0 0 0
1858| -0,3 0 0
1859| -0,6 0 0
1860| -0,9 0 0
1861| -1,2 0 0
1862| -1,5 0 0
1863| -1,8 0 0
1864| -2,1 0 0
1865| -2,4 0 0
1866| -2,7 0 0
1867| -3 0 0
1868| -3,299999 0 0
1869| -3,599999 0 0
1870| 0 0 0
1871| 0 0 0
1872| 0 0 0
1873| 0 0 0
1874| 0 0 0
1875| 0 0 0
1876| 0 0 0
1877| 0 0 0
1878| 0 0 0
1879| 0 0 0
1880| 0 0 0
1881| 0 0 0
1882| 0 0 0
1883| 0 0 0
1884| 0 0 0
1885| 0 0 0
1886| 0 0 0
1887| 0 0 0
1888| 0 0 0
1889| 0 0 0
1890| 0 0 0
1891| 0 0 0
1892| 0 0 0
1893| 0 0 0
1894| 0 0 0
1895| 0 0 0
1896| 0 0 0
1897| 0 0 0
1898| 0 0 0
1899| 0 0 0
1900| 0 0 0
1901| 0 0 0
1902| 0 0 0
1903| 0 0 0
1904| 0 0 0
1905| 0 0 0
1906| 0 0 0
1907| 0 0 0
1908| 0 0 0
1909| 0 0 0
1910| 0 0 0
1911| 0 0 0
1912| 0 0 0
1913| 0 0 0
1914| 0 0 0
1915| 0 0 0
1916| 0 0 0
1917| 0 0 0
1918| 0 0 0
1919| 0 0 0
1920| 0 0 0
1921| 0 0 0
1922| 0 0 0
1923| 0 0 0
1924| 0 0 0
1925| 0 0 0
1926| 0 0 0
1927| 0 0 0
1928| 0 0 0
1929| 0 0 0
1930| 0 0 0
1931| 0 0 0
1932| 0 0 0
1933| 0 0 0
1934| 0 0 0
1935| 0 0 0
1936| 0 0 0
1937| 0 0 0
1938| 0 0 0
1939| 0 0 0
1940| 0 0 0
1941| 0 0 0
1942| 0 0 0
1943| 0 0 0
1944| 0 0 0
1945| 0 0 0
1946| 0 0 0
1947| 0 0 0
1948| 0 0 0
1949| 0 0 0
1950| 0 0 0
1951| 0 0 0
1952| 0 0 0
1953| 0 0 0
1954| 0 0 0
1955| 0 0 0
1956| 0 0 0
1957| 0 0 0
1958| 0 0 0
1959| 0 0 0
1960| 0 0 0
1961| 0 0 0
1962| 0 0 0
1963| 0 0 0
1964| 0 0 0
1965| 0 0 0
1966| 0 0 0
1967| 0 0 0
1968| 0 0 0
1969| 0 0 0
1970| 0 0 0
1971| 0 0 0
1972| 0 0 0
1973| 0 0 0
1974| 0,3 0 0
1975| 0,6 0 0
1976| 0,9 0 0
1977| 1,2 0 0
1978| 0 0 0
1979| 0 0 0
1980| 0 0 0
1981| 0 0 0
1982| 0 0 0
1983| 0 0 0
1984| 0 0 0
1985| 0 0 0
1986| 0 0 0
1987| 0 0 0
1988| 0 0 0
1989| 0 0 0
1990| 0 0 0
1991| 0 0 0
1992| 0 0 0
1993| 0 0 0
1994| 0 0 0
1995| 0 0 0
1996| 0 0 0
1997| 0 0 0
1998| 0 0 0
1999| 0 0 0
2000| 0 0 0
2001| 0 0 0
2002| 0 0 0
2003| 0 0 0
2004| 0 0 0
2005| 0 0 0
2006| 0 0 0
2007| 0 0 0
2008| 0 0 0
2009| 0 0 0
2010| 0 0 0
2011| 0 0 0
2012| 0 0 0
2013| 0 0 0
2014| 0 0 0
2015| 0 0 0
2016| 0 0 0
2017| 0 0 0
2018| 0 0 0
2019| 0 0 0
2020| 0 0 0
2021| 0 0 0
2022| 0 0 0
2023| 0 0 0
2024| 0 0 0
2025| 0 0 0
2026| 0 0 0
2027| 0 0 0
2028| 0 0 0
2029| 0 0 0
2030| 0 0 0
2031| 0 0 0
2032| 0 0 0
2033| 0 0 0
2034| 0 0 0
2035| 0 0 0
2036| 0 0 0
2037| 0 0 0
2038| 0 0 0
2039| 0 0 0
2040| 0 0 0
2041| 0 0 0
2042| 0 0 0
2043| 0 0 0
2044| 0 0 0
2045| 0 0 0
2046| 0 0 0
2047| 0 0 0
2048| 0 0 0
2049| 0 0 0
2050| 0 0 0
2051| 0 0 0
2052| 0 0 0
2053| 0 0 0
2054| 0 0 0
2055| 0 0 0
2056| 0 0 0
2057| 0 0 0
2058| 0 0 0
2059| 0 0 0
2060| 0 0 0
2061| 0 0 0
2062| 0 0 0
2063| 0 0 0
2064| 0 0 0
2065| 0 0 0
2066| 0 0 0
2067| 0 0 0
2068| 0 0 0
2069| 0 0 0
2070| 0 0 0
2071| 0 0 0
2072| 0 0 0
2073| 0 0 0
2074| 0 0 0
2075| 0 0 0
2076| 0 0 0
2077| 0 0 0
2078| 0 0 0
2079| 0 0 0
2080| 0 0 0
2081| 0 0 0
2082| 0 0 0
2083| 0 0 0
2084| 0 0 0
2085| 0 0 0
2086| 0 0 0
2087| 0 0 0
2088| 0 0 0
2089| 0 0 0
2090| 0 0 0
2091| 0 0 0
2092| 0 0 0
2093| 0 0 0
2094| 0 0 0
2095| 0 0 0
2096| 0 0 0
2097| 0 0 0
2098| 0 0 0
2099| 0 0 0
2100| 0 0 0
2101| 0 0 0
2102| 0 0 0
2103| 0 0 0
2104| 0 0 0
2105| 0 0 0
2106| 0 0 0
2107| 0 0 0
2108| 0 0 0
2109| 0 0 0
2110| 0 0 0
2111| 0 0 0
2112| 0 0 0
2113| 0 0 0
2114| 0 0 0
2115| 0 0 0
2116| 0 0 0
2117| 0 0 0
2118| 0 0 0
2119| 0 0 0
2120| 0 0 0
2121| 0 0 0
2122| 0 0 0
2123| 0 0 0
2124| 0 0 0
2125| 0 0 0
2126| 0 0 0
2127| 0 0 0
2128| 0 0 0
2129| 0 0 0
2130| 0 0 0
2131| 0 0 0
2132| 0 0 0
2133| 0 0 0
2134| 0 0 0
2135| 0 0 0
2136| 0 0 0
2137| 0 0 0
2138| 0 0 0
2139| 0 0 0
2140| 0 0 0
2141| 0 0 0
2142| 0 0 0
2143| 0 0 0
2144| 0 0 0
2145| 0 0 0
2146| 0 0 0
2147| 0 0 0
2148| 0 0 0
2149| 0 0 0
2150| 0 0 0
2151| 0 0 0
2152| 0 0 0
2153| 0 0 0
2154| 0 0 0
2155| 0 0 0
2156| 0 0 0
2157| 0 0 0
2158| 0 0 0
2159| 0 0 0
2160| 0 0 0
2161| 0 0 0
2162| 0 0 0
2163| 0 0 0
2164| 0 0 0
2165| 0 0 0
2166| 0 0 0
2167| 0 0 0
2168| 0 0 0
2169| 0 0 0
2170| 0 0 0
2171| 0 0 0
2172| 0 0 0
2173| 0 0 0
2174| 0 0 0
2175| 0 0 0
2176| 0 0 0
2177| 0 0 0
2178| 0 0 0
2179| 0 0 0
2180| 0 0 0
2181| 0 0 0
2182| 0 0 0
2183| 0 0 0
2184| 0 0 0
2185| 0 0 0
2186| 0 0 0
2187| 0 0 0
2188| 0 0 0
2189| 0 0 0
2190| 0 0 0
2191| 0 0 0
2192| 0 0 0
2193| 0 0 0
2194| 0 0 0
2195| 0 0 0
2196| 0 0 0
2197| 0 0 0
2198| 0 0 0
2199| 0 0 0
2200| 0 0 0
2201| 0 0 0
2202| 0 0 0
2203| 0 0 0
2204| 0 0 0
2205| 0 0 0
2206| 0 0 0
2207| 0 0 0
2208| 0 0 0
2209| 0 0 0
2210| 0 0 0
2211| 0 0 0
2212| 0 0 0
2213| 0 0 0
2214| 0 0 0
2215| 0 0 0
2216| 0 0 0
2217| 0 0 0
2218| 0 0 0
2219| 0 0 0
2220| 0 0 0
2221| 0 0 0
2222| 0 0 0
2223| 0 0 0
2224| 0 0 0
2225| 0 0 0
2226| 0 0 0
2227| 0 0 0
2228| 0 0 0
2229| 0 0 0
2230| 0 0 0
2231| 0 0 0
2232| 0 0 0
2233| 0 0 0
2234| 0 0 0
2235| 0 0 0
2236| 0,3 0 0
2237| 0,6 0 0
2238| 0,9 0 0
2239| 1,2 0 0
2240| 1,5 0 0
2241| 1,8 0 0
2242| 2,1 0 0
2243| 2,4 0 0
2244| 2,7 0 0
2245| 3 0 0
2246| 3,299999 0 0
2247| 3,599999 0 0
2248| 3,899999 0 0
2249| 4,2 0 0
2250| 4,5 0 0
2251| 4,8 0 0
2252| 5,1 0 0
2253| 5,4 0 0
2254| 5,7 0 0
2255| 6 0 0
2256| 6,300001 0 0
2257| 6,600001 0 0
2258| 0 0 0
2259| 0 0 0
2260| 0 0 0
2261| 0 0 0
2262| 0 0 0
2263| 0 0 0
2264| 0 0 0
2265| 0 0 0
2266| 0,3 0 0
2267| 0,6 0 0
2268| 0,9 0 0
2269| 0 0 0
2270| 0 0 0
2271| 0 0 0
2272| 0 0 0
2273| 0 0 0
2274| 0 0 0
2275| 0,3 0 0
2276| 0,6 0 0
2277| 0,9 0 0
2278| 1,2 0 0
2279| 0 0 0
2280| 0 0 0
2281| 0,3 0 0
2282| 0,6 0 0
2283| 0,9 0 0
2284| 1,2 0 0
2285| 1,5 0 0
2286| 1,8 0 0
2287| 2,1 0 0
2288| 2,4 0 0
2289| 2,7 0 0
2290| 3 0 0
2291| 3,299999 0 0
2292| 3,599999 0 0
2293| 3,899999 0 0
2294| 0 0 0
2295| 0 0 0
2296| 0 0 0
2297| 0,3 0 0
2298| 0,6 0 0
2299| 0,9 0 0
2300| 1,2 0 0
2301| 1,5 0 0
2302| 1,8 0 0
2303| 2,1 0 0
2304| 2,4 0 0
2305| 0 0 0
2306| 0 0 0
2307| 0 0 0
2308| 0,3 0 0
2309| 0,6 0 0
2310| 0,9 0 0
2311| 1,2 0 0
2312| 1,5 0 0
2313| 1,8 0 0
2314| 2,1 0 0
2315| 2,4 0 0
2316| 2,7 0 0
2317| 0 0 0
2318| 0 0 0
2319| 0 0 0
2320| 0 0 0
2321| 0 0 0
2322| 0,3 0 0
2323| 0,6 0 0
2324| 0,9 0 0
2325| 1,2 0 0
2326| 1,5 0 0
2327| 1,8 0 0
2328| 0 0 0
2329| 0 0 0
2330| 0 0 0
2331| 0 0 0
2332| 0 0 0
2333| 0 0 0
2334| 0 0 0
2335| 0 0 0
2336| 0 0 0
2337| 0,3 0 0
2338| 0,6 0 0
2339| 0,9 0 0
2340| 1,2 0 0
2341| 1,5 0 0
2342| 1,8 0 0
2343| 2,1 0 0
2344| 2,4 0 0
2345| 2,7 0 0
2346| 3 0 0
2347| 3,299999 0 0
2348| 3,599999 0 0
2349| 3,899999 0 0
2350| 4,2 0 0
2351| 0 0 0
2352| 0 0 0
2353| 0 0 0
2354| 0 0 0
2355| 0 0 0
2356| 0 0 0
2357| 0 0 0
2358| 0 0 0
2359| 0 0 0
2360| 0 0 0
2361| 0 0 0
2362| 0 0 0
2363| 0 0 0
2364| 0 0 0
2365| 0 0 0
2366| 0 0 0
2367| 0 0 0
2368| 0 0 0
2369| 0 0 0
2370| 0 0 0
2371| 0 0 0
2372| 0 0 0
2373| 0 0 0
2374| 0 0 0
2375| 0 0 0
2376| 0 0 0
2377| 0 0 0
2378| 0 0 0
2379| 0 0 0
2380| 0 0 0
2381| 0 0 0
2382| 0 0 0
2383| 0 0 0
2384| 0 0 0
2385| 0 0 0
2386| 0 0 0
2387| 0 0 0
2388| 0,3 0 0
2389| 0,6 0 0
2390| 0,9 0 0
2391| 1,2 0 0
2392| 1,5 0 0
2393| 1,8 0 0
2394| 2,1 0 0
2395| 2,4 0 0
2396| 2,7 0 0
2397| 0 0 0
2398| 0 0 0
2399| 0 0 0
2400| 0 0 0
2401| 0 0 0
2402| 0 0 0
2403| 0 0 0
2404| 0 0 0
2405| 0,3 0 0
2406| 0,6 0 0
2407| 0,9 0 0
2408| 1,2 0 0
2409| 0 0 0
2410| 0 0 0
2411| 0 0 0
2412| 0 0 0
2413| 0,3 0 0
2414| 0,6 0 0
2415| 0,9 0 0
2416| 1,2 0 0
2417| 0 0 0
2418| 0 0 0
2419| 0 0 0
2420| 0 0 0
2421| 0 0 0
2422| 0 0 0
2423| 0 0 0
2424| 0 0 0
2425| 0 0 0
2426| 0 0 0
2427| 0 0 0
2428| 0 0 0
2429| 0 0 0
2430| 0 0 0
2431| 0 0 0
2432| 0 0 0
2433| 0 0 0
2434| 0 0 0
2435| 0 0 0
2436| 0 0 0
2437| 0 0 0
2438| 0 0 0
2439| 0 0 0
2440| 0 0 0
2441| 0 0 0
2442| 0 0 0
2443| 0 0 0
2444| 0 0 0
2445| 0 0 0
2446| 0 0 0
2447| 0 0 0
2448| 0 0 0
2449| 0 0 0
2450| 0 0 0
2451| 0 0 0
2452| 0 0 0
2453| 0 0 0
2454| 0 0 0
2455| 0 0 0
2456| 0 0 0
2457| 0 0 0
2458| 0 0 0
2459| 0 0 0
2460| 0 0 0
2461| 0 0 0
2462| 0,3 0 0
2463| 0,6 0 0
2464| 0,9 0 0
2465| 1,2 0 0
2466| 1,5 0 0
2467| 1,8 0 0
2468| 2,1 0 0
2469| 2,4 0 0
2470| 2,7 0 0
2471| 3 0 0
2472| 3,299999 0 0
2473| 3,599999 0 0
2474| 3,899999 0 0
2475| 4,2 0 0
2476| 4,5 0 0
2477| 4,8 0 0
2478| 5,1 0 0
2479| 5,4 0 0
2480| 5,7 0 0
2481| 6 0 0
2482| 0 0 0
2483| 0 0 0
2484| 0 0 0
2485| 0 0 0
2486| 0 0 0
2487| 0 0 0
2488| 0 0 0
2489| 0 0 0
2490| 0 0 0
2491| 0 0 0
2492| 0 0 0
2493| 0 4 0
2494| 0 8 0
2495| 0 12 0
2496| 0 16 0
2497| 0 20 0
2498| 0 24 0
2499| 0 28 0
2500| 0 32 0
2501| 0 36 0
2502| 0 40 0
2503| 0 43,99999 0
2504| 0 47,99999 0
2505| 0 51,99999 0
2506| 0 55,99999 0
2507| 0 60 0
2508| 0 64 0
2509| 0 68 0
2510| 0 72 0
2511| 0 76,00001 0
2512| 0 80,00001 0
2513| 0 84,00001 0
2514| 0 88,00002 0
2515| 0 92,00002 0
2516| 0 96,00002 0
2517| 0 100 0
2518| 0 104 0
2519| 0 108 0
2520| 0 112 0
2521| 0 116 0
2522| 0 120 0
2523| 0 124 0
2524| 0 128 0
2525| 0 132 0
2526| 0 136 0
2527| 0 140 0
2528| 0 144 0
2529| 0 148 0
2530| 0 152 0
2531| 0 156 0
2532| 0 160 0
2533| 0 164 0
2534| 0 168 0
2535| 0 171,9999 0
2536| 0 175,9999 0
2537| 0 179,9999 0
2538| 0 0 0
2539| 0 0 0
2540| 0 0 0
2541| 0 0 0
2542| 0 0 0
2543| 0 0 0
2544| 0 0 0
2545| 0 0 0
2546| 0 0 0
2547| 0 0 0
2548| 0 0 0
2549| 0 0 0
2550| 0 0 0
2551| 0 0 0
2552| 0 0 0
2553| 0 0 0
2554| 0 0 0
2555| 0 0 0
2556| 0 0 0
2557| 0 0 0
2558| 0 0 0
2559| 0 0 0
2560| 0 0 0
2561| 0 0 0
2562| 0 0 0
2563| 0 0 0
2564| 0 0 0
2565| 0 0 0
2566| 0 0 0
2567| 0 0 0
2568| 0 0 0
2569| 0 0 0
2570| 0 0 0
2571| 0 0 0
2572| 0 0 0
2573| 0 0 0
2574| 0 0 0
2575| 0 0 0
2576| 0 0 0
2577| 0 4 0
2578| 0 8 0
2579| 0 12 0
2580| 0 16 0
2581| 0 20 0
2582| 0 24 0
2583| 0 28 0
2584| 0 32 0
2585| 0 36 0
2586| 0 40 0
2587| 0 43,99999 0
2588| 0 47,99999 0
2589| 0 51,99999 0
2590| 0 55,99999 0
2591| 0 60 0
2592| 0 64 0
2593| 0 68 0
2594| 0 72 0
2595| 0 76,00001 0
2596| 0 80,00001 0
2597| 0 84,00001 0
2598| 0 88,00002 0
2599| 0 92,00002 0
2600| 0 96,00002 0
2601| 0 100 0
2602| 0 104 0
2603| 0 108 0
2604| 0 112 0
2605| 0 116 0
2606| 0 120 0
2607| 0 124 0
2608| 0 128 0
2609| 0 132 0
2610| 0 136 0
2611| 0 140 0
2612| 0 144 0
2613| 0 148 0
2614| 0 152 0
2615| 0 156 0
2616| 0 160 0
2617| 0 164 0
2618| 0 168 0
2619| 0 171,9999 0
2620| 0 175,9999 0
2621| 0 179,9999 0
2622| 0,3 183,9999 0
2623| 0,6 187,9999 0
2624| 0,9 191,9999 0
2625| 1,2 195,9999 0
2626| 1,5 199,9999 0
2627| 1,8 203,9999 0
2628| 2,1 207,9999 0
2629| 2,4 211,9999 0
2630| 2,7 215,9999 0
2631| 3 219,9999 0
2632| 3,299999 223,9999 0
2633| 3,599999 227,9999 0
2634| 3,899999 231,9999 0
2635| 4,2 235,9999 0
2636| 4,5 239,9999 0
2637| 4,8 243,9999 0
2638| 5,1 247,9999 0
2639| 5,4 251,9999 0
2640| 5,7 255,9999 0
2641| 6 259,9999 0
2642| 6,300001 263,9999 0
2643| 6,600001 267,9999 0
2644| 6,900001 271,9998 0
2645| 0 0 0
2646| 0 0 0
2647| 0 0 0
2648| 0 0 0
2649| 0 0 0
2650| 0 0 0
2651| 0 0 0
2652| 0 0 0
2653| 0 0 0
2654| 0 0 0
2655| 0 0 0
2656| 0 0 0
2657| 0 0 0
2658| 0 0 0
2659| 0 0 0
2660| 0 0 0
2661| 0,3 0 0
2662| 0,6 0 0
2663| 0,9 0 0
2664| 1,2 0 0
2665| 1,5 0 0
2666| 1,8 0 0
2667| 2,1 0 0
2668| 2,4 0 0
2669| 2,7 0 0
2670| 3 0 0
2671| 3,299999 0 0
2672| 3,599999 0 0
2673| 0 0 0
2674| 0 0 0
2675| 0 0 0
2676| 0 0 0
2677| 0,3 0 0
2678| 0,6 0 0
2679| 0 0 0
2680| 0 0 0
2681| 0 0 0
2682| 0 0 0
2683| 0 0 0
2684| 0 0 0
2685| 0 0 0
2686| 0 0 0
2687| 0 4 0
2688| 0 8 0
2689| 0,3 12 0
2690| 0,6 16 0
2691| 0,9 20 0
2692| 1,2 24 0
2693| 1,5 28 0
2694| 1,8 32 0
2695| 2,1 36 0
2696| 2,4 40 0
2697| 2,7 43,99999 0
2698| 3 47,99999 0
2699| 3,299999 51,99999 0
2700| 3,599999 55,99999 0
2701| 3,899999 60 0
2702| 4,2 64 0
2703| 4,5 68 0
2704| 4,8 72 0
2705| 5,1 76,00001 0
2706| 5,4 80,00001 0
2707| 5,7 84,00001 0
2708| 6 88,00002 0
2709| 6,300001 92,00002 0
2710| 6,600001 96,00002 0
2711| 6,900001 100 0
2712| 0 0 0
2713| 0 0 0
2714| 0 0 0
2715| 0 0 0
2716| 0 0 0
2717| 0,3 0 0
2718| 0,6 0 0
2719| 0,9 0 0
2720| 1,2 0 0
2721| 1,5 0 0
2722| 0 0 0
2723| 0 0 0
2724| 0 0 0
2725| 0 0 0
2726| 0,3 0 0
2727| 0,6 0 0
2728| 0,9 0 0
2729| 1,2 0 0
2730| 1,5 0 0
2731| 1,8 0 0
2732| 2,1 4 0
2733| 2,4 8 0
2734| 2,7 12 0
2735| 0 0 0
2736| 0 0 0
2737| 0 0 0
2738| 0 0 0
2739| 0 0 0
2740| 0 0 0
2741| 0 0 0
2742| 0 0 0
2743| 0 0 0
2744| 0 0 0
2745| 0 0 0
2746| 0 0 0
2747| 0 0 0
2748| 0 0 0
2749| 0 0 0
2750| 0 0 0
2751| 0 0 0
2752| 0 0 0
2753| 0 0 0
2754| 0 0 0
2755| 0 0 0
2756| 0 0 0
2757| 0 0 0
2758| 0 0 0
2759| 0 0 0
2760| 0 0 0
2761| 0 0 0
2762| 0 0 0
2763| 0 0 0
2764| 0 0 0
2765| 0 0 0
2766| 0 0 0
2767| 0 0 0
2768| 0 0 0
2769| 0 0 0
2770| 0 0 0
2771| 0 0 0
2772| 0 0 0
2773| 0 0 0
2774| 0 0 0
2775| 0 0 0
2776| 0 0 0
2777| 0 0 0
2778| 0 0 0
2779| 0 0 0
2780| 0 0 0
2781| 0 0 0
2782| 0 0 0
2783| 0 0 0
2784| 0 0 0
2785| 0 0 0
2786| 0 0 0
2787| 0 0 0
2788| 0 0 0
2789| 0 0 0
2790| 0 0 0
2791| 0 0 0
2792| 0 0 0
2793| 0 0 0
2794| 0 0 0
2795| 0 0 0
2796| 0 0 0
2797| 0 0 0
2798| 0 0 0
2799| 0 0 0
2800| 0 0 0
2801| 0 0 0
2802| 0 0 0
2803| 0 0 0
2804| 0 0 0
2805| 0 0 0
2806| 0 0 0
2807| 0 0 0
2808| 0 0 0
2809| 0 0 0
2810| 0 0 0
2811| 0 0 0
2812| 0 0 0
2813| 0 0 0
2814| 0 0 0
2815| 0 0 0
2816| 0 0 0
2817| 0 0 0
2818| 0 0 0
2819| 0 0 0
2820| 0 0 0
2821| 0 0 0
2822| 0 0 0
2823| 0 0 0
2824| 0 0 0
2825| 0 0 0
2826| 0 0 0
2827| 0 0 0
2828| 0 0 0
2829| 0 -4 0
2830| 0 -8 0
2831| 0 -12 0
2832| 0 -16 0
2833| 0 -20 0
2834| 0 -24 0
2835| 0 -28 0
2836| 0 -32 0
2837| 0 -36 0
2838| 0 -40 0
2839| 0 -43,99999 0
2840| 0 -47,99999 0
2841| 0 -51,99999 0
2842| 0 -55,99999 0
2843| 0 -60 0
2844| 0 -64 0
2845| 0 -68 0
2846| 0 -72 0
2847| 0 -76,00001 0
2848| 0 -80,00001 0
2849| 0 -84,00001 0
2850| 0 -88,00002 0
2851| 0 -92,00002 0
2852| 0 -96,00002 0
2853| 0 -100 0
2854| 0 -104 0
2855| 0 -108 0
2856| 0 -112 0
2857| 0 -116 0
2858| 0 -120 0
2859| 0 -124 0
2860| 0 -128 0
2861| 0 -132 0
2862| 0 -136 0
2863| 0 -140 0
2864| 0 -144 0
2865| 0 -148 0
2866| 0 -152 0
2867| 0 -156 0
2868| 0 -160 0
2869| 0 -164 0
2870| 0 -168 0
2871| 0 -171,9999 0
2872| 0 -175,9999 0
2873| 0 -179,9999 0
2874| 0 -183,9999 0
2875| 0 -187,9999 0
2876| 0 -191,9999 0
2877| 0 -195,9999 0
2878| 0 -199,9999 0
2879| 0 -203,9999 0
2880| 0 -207,9999 0
2881| 0 -211,9999 0
2882| 0 -215,9999 0
2883| 0 -219,9999 0
2884| 0 -223,9999 0
2885| 0 -227,9999 0
2886| 0 -231,9999 0
2887| 0 -235,9999 0
2888| 0 -239,9999 0
2889| 0 -243,9999 0
2890| 0 -247,9999 0
2891| 0 -251,9999 0
2892| 0 -255,9999 0
2893| 0 -259,9999 0
2894| 0 -263,9999 0
2895| 0 -267,9999 0
2896| 0 -271,9998 0
2897| 0 -275,9998 0
2898| 0 -279,9998 0
2899| 0 -283,9998 0
2900| 0 -287,9998 0
2901| 0 -291,9998 0
2902| 0 -295,9998 0
2903| 0 -299,9998 0
2904| 0 -303,9998 0
2905| 0 -307,9998 0
2906| 0 -311,9998 0
2907| 0 -315,9998 0
2908| 0 -319,9998 0
2909| 0 -323,9998 0
2910| 0 -327,9998 0
2911| 0 -331,9998 0
2912| 0 0 0
2913| 0 0 0
2914| 0 0 0
2915| 0 0 0
2916| 0 0 0
2917| 0 0 0
2918| 0 0 0
2919| 0 0 0
2920| 0 0 0
2921| 0 0 0
2922| 0 0 0
2923| 0 0 0
2924| 0 -4 0
2925| 0 -8 0
2926| 0 -12 0
2927| 0 -16 0
2928| 0 -20 0
2929| 0 -24 0
2930| 0 -28 0
2931| 0 -32 0
2932| 0 -36 0
2933| 0 -40 0
2934| 0 -43,99999 0
2935| 0 -47,99999 0
2936| 0 -51,99999 0
2937| 0 -55,99999 0
2938| 0 -60 0
2939| 0 -64 0
2940| 0 -68 0
2941| 0 -72 0
2942| 0 -76,00001 0
2943| 0 -80,00001 0
2944| 0 -84,00001 0
2945| 0 -88,00002 0
2946| 0 -92,00002 0
2947| 0 -96,00002 0
2948| 0 -100 0
2949| 0 -104 0
2950| 0 -108 0
2951| 0 -112 0
2952| 0 -116 0
2953| 0 -120 0
2954| 0 -124 0
2955| 0 -128 0
2956| 0 -132 0
2957| 0 -136 0
2958| 0 -140 0
2959| 0 -144 0
2960| 0 -148 0
2961| 0 -152 0
2962| 0 -156 0
2963| 0 -160 0
2964| 0 -164 0
2965| 0 0 0
2966| 0 0 0
2967| 0 0 0
2968| 0 0 0
2969| 0 0 0
2970| 0 0 0
2971| 0 0 0
2972| 0 0 0
2973| 0 0 0
2974| 0 0 0
2975| 0 0 0
2976| 0 0 0
2977| 0 0 0
2978| 0 0 0
2979| 0 0 0
2980| 0 0 0
2981| 0 0 0
2982| 0 0 0
2983| 0 0 0
2984| 0 0 0
2985| 0 0 0
2986| 0 0 0
2987| 0 0 0
2988| 0 0 0
2989| 0 0 0
2990| 0 0 0
2991| 0 0 0
2992| 0 0 0
2993| 0 0 0
2994| 0 0 0
2995| 0 0 0
2996| 0 0 0
2997| 0 0 0
2998| 0 0 0
2999| 0 0 0
3000| 0 0 0
3001| 0 0 0
3002| 0 0 0
3003| 0 0 0
3004| 0 0 0
3005| 0 0 0
3006| 0 0 0
3007| 0 0 0
3008| 0 0 0
3009| 0 0 0
3010| 0 0 0
3011| 0 0 0
3012| 0 0 0
3013| 0 0 0
3014| 0 0 0
3015| 0 0 0
3016| 0 0 0
3017| 0 0 0
3018| 0 0 0
3019| 0 0 0
3020| 0 0 0
3021| 0 0 0
3022| 0 0 0
3023| 0 0 0
3024| 0 0 0
3025| 0 0 0
3026| 0 0 0
3027| 0 0 0
3028| 0 0 0
3029| 0 0 0
3030| 0 0 0
3031| 0 0 0
3032| 0 0 0
3033| 0 0 0
3034| 0 0 0
3035| 0 0 0
3036| 0 0 0
3037| 0 0 0
3038| 0 0 0
3039| 0 0 0
3040| 0 0 0
3041| 0 0 0
3042| 0 0 0
3043| 0 0 0
3044| 0 0 0
3045| 0 0 0
3046| 0 0 0
3047| 0 0 0
3048| 0 0 0
3049| 0 0 0
3050| 0 0 0
3051| 0 0 0
3052| 0 0 0
3053| 0 0 0
3054| 0 0 0
3055| 0 0 0
3056| 0 0 0
3057| 0 0 0
3058| 0 0 0
3059| 0 0 0
3060| 0 0 0
3061| 0 0 0
3062| 0 0 0
3063| 0 0 0
3064| 0 0 0
3065| 0 0 0
3066| 0 0 0
3067| 0 0 0
3068| 0 0 0
3069| 0 0 0
3070| 0 0 0
3071| 0 0 0
3072| 0 0 0
3073| 0 0 0
3074| 0 0 0
3075| 0 0 0
3076| 0 0 0
3077| 0 0 0
3078| 0 0 0
3079| 0 0 0
3080| 0 0 0
3081| 0 0 0
3082| 0 0 0
3083| 0 0 0
3084| 0 0 0
3085| 0 0 0
3086| 0 0 0
3087| 0 0 0
3088| 0 0 0
3089| 0 0 0
3090| 0 0 0
3091| 0 0 0
3092| 0 0 0
3093| 0 0 0
3094| 0 0 0
3095| 0 0 0
3096| 0 0 0
3097| 0 0 0
3098| 0 0 0
3099| 0 0 0
3100| 0 0 0
3101| 0 0 0
3102| 0 0 0
3103| 0 0 0
3104| 0 0 0
3105| 0 0 0
3106| 0 0 0
3107| 0 0 0
3108| 0 0 0
3109| 0 0 0
3110| 0 0 0
3111| 0 0 0
3112| 0 0 0
3113| 0 0 0
3114| 0 0 0
3115| 0 0 0
3116| 0 0 0
3117| 0 0 0
3118| 0 0 0
3119| 0 0 0
3120| 0 0 0
3121| 0 0 0
3122| 0 0 0
3123| 0 0 0
3124| 0 0 0

