1| 0 0 0
2| 0 0 0
3| 0 0 0
4| 0 0 0
5| 0 0 0
6| 0 0 0
7| 0 0 0
8| 0 0 0
9| 0 0 0
10| 0 0 0
11| 0 0 0
12| 0 0 0
13| 0 0 0
14| 0 0 0
15| 0 0 0
16| 0 0 0
17| 0 0 0
18| 0 0 0
19| 0 0 0
20| 0 0 0
21| 0 0 0
22| 0 0 0
23| 0 0 0
24| 0 4 0
25| 0 8 0
26| 0 12 0
27| 0 16 0
28| 0 20 0
29| 0 24 0
30| 0 28 0
31| 0 32 0
32| 0 36 0
33| 0 40 0
34| 0 43,99999 0
35| 0 47,99999 0
36| 0 51,99999 0
37| 0 55,99999 0
38| 0 60 0
39| 0 64 0
40| 0 68 0
41| 0 72 0
42| 0 76,00001 0
43| 0 80,00001 0
44| 0 84,00001 0
45| 0 88,00002 0
46| 0 92,00002 0
47| 0 96,00002 0
48| 0 100 0
49| 0 104 0
50| 0 108 0
51| 0 112 0
52| 0 116 0
53| 0 120 0
54| 0 124 0
55| 0 128 0
56| -0,3 132 0
57| -0,3 136 0
58| -0,3 140 0
59| -0,6 144 0
60| -0,9 148 0
61| -1,2 152 0
62| -1,5 156 0
63| -1,8 160 0
64| -1,8 164 0
65| -1,8 168 0
66| -1,8 171,9999 0
67| -2,1 175,9999 0
68| -2,4 179,9999 0
69| -2,7 183,9999 0
70| -3 187,9999 0
71| -3,299999 191,9999 0
72| -3,599999 195,9999 0
73| -3,899999 199,9999 0
74| -4,2 203,9999 0
75| -4,5 207,9999 0
76| -4,8 211,9999 0
77| -5,1 215,9999 0
78| -5,4 219,9999 0
79| -5,7 223,9999 0
80| -6 227,9999 0
81| -6,300001 231,9999 0
82| -6,600001 235,9999 0
83| -6,900001 239,9999 0
84| -7,200001 243,9999 0
85| -7,200001 247,9999 0
86| -7,200001 251,9999 0
87| -7,200001 255,9999 0
88| -7,200001 259,9999 0
89| -7,200001 263,9999 0
90| -7,200001 267,9999 0
91| -7,200001 271,9998 0
92| -7,200001 275,9998 0
93| -7,500001 279,9998 0
94| -7,800001 283,9998 0
95| -8,1 287,9998 0
96| -8,1 291,9998 0
97| -8,1 295,9998 0
98| -8,1 299,9998 0
99| -8,4 303,9998 0
100| -8,7 307,9998 0
101| -8,999999 311,9998 0
102| -8,999999 315,9998 0
103| -8,999999 319,9998 0
104| -8,999999 323,9998 0
105| -9,299999 327,9998 0
106| -9,599998 331,9998 0
107| -9,599998 335,9998 0
108| -9,599998 339,9998 0
109| -9,599998 343,9998 0
110| -9,599998 347,9998 0
111| -9,899999 351,9998 0
112| -10,2 355,9998 0
113| -10,2 359,9998 0
114| -10,2 363,9998 0
115| -10,2 367,9998 0
116| -10,2 371,9998 0
117| -10,5 375,9998 0
118| -10,5 379,9998 0
119| -10,5 383,9998 0
120| -10,5 387,9998 0
121| -10,5 391,9998 0
122| -10,5 395,9998 0
123| -10,5 399,9997 0
124| -10,5 400 0
125| -10,5 400 0
126| -10,5 400 0
127| -10,5 400 0
128| -10,5 400 0
129| -10,5 400 0
130| -10,5 400 0
131| -10,5 400 0
132| -10,5 400 0
133| -10,5 400 0
134| -10,5 400 0
135| -10,5 400 0
136| -10,5 400 0
137| -10,5 400 0
138| -10,5 400 0
139| 0 400 0
140| 0,3 400 0
141| 0,3 400 0
142| 0,3 400 0
143| 0,3 400 0
144| 0,6 400 0
145| 0,9 400 0
146| 0,9 400 0
147| 0,9 400 0
148| 1,2 400 0
149| 1,5 400 0
150| 1,8 400 0
151| 2,1 400 0
152| 2,4 400 0
153| 2,7 400 0
154| 3 400 0
155| 3,299999 400 0
156| 3,599999 400 0
157| 3,899999 400 0
158| 4,2 400 0
159| 4,5 400 0
160| 4,8 400 0
161| 4,8 400 0
162| 4,8 400 0
163| 4,8 400 0
164| 4,8 400 0
165| 4,8 400 0
166| 4,8 400 0
167| 4,8 400 0
168| 4,8 400 0
169| 4,8 400 0
170| 4,8 400 0
171| 4,8 400 0
172| 4,8 400 0
173| 4,8 400 0
174| 4,8 400 0
175| 4,8 400 0
176| 4,8 400 0
177| 4,8 400 0
178| 4,8 400 0
179| 4,8 400 0
180| 4,8 400 0
181| 4,8 400 0
182| 4,8 400 0
183| 4,8 400 0
184| 4,8 400 0
185| 4,8 400 0
186| 4,8 400 0
187| 4,8 400 0
188| 4,8 400 0
189| 4,8 400 0
190| 4,8 400 0
191| 4,8 400 0
192| 4,8 400 0
193| 4,8 400 0
194| 4,8 400 0
195| 4,8 400 0
196| 4,8 400 0
197| 4,8 400 0
198| 4,8 400 0
199| 4,8 400 0
200| 4,8 400 0
201| 4,8 400 0
202| 4,8 400 0
203| 4,8 400 0
204| 4,8 400 0
205| 4,8 400 0
206| 4,8 400 0
207| 4,8 400 0
208| 4,8 400 0
209| 4,8 400 0
210| 4,8 400 0
211| 4,8 400 0
212| 4,8 400 0
213| 4,8 400 0
214| 4,8 400 0
215| 4,8 400 0
216| 4,8 400 0
217| 0 400 0
218| -0,3 400 0
219| -0,6 400 0
220| -0,6 400 0
221| -0,6 400 0
222| -0,6 400 0
223| -0,9 400 0
224| -1,2 400 0
225| -1,5 400 0
226| -1,5 400 0
227| -1,5 400 0
228| -1,5 400 0
229| -1,5 400 0
230| -1,8 400 0
231| -2,1 400 0
232| -2,4 400 0
233| -2,4 400 0
234| -2,4 400 0
235| -2,4 400 0
236| -2,4 400 0
237| -2,4 400 0
238| -2,4 400 0
239| -2,4 400 0
240| -2,4 400 0
241| -2,4 400 0
242| -2,4 400 0
243| -2,4 400 0
244| -2,4 400 0
245| -2,4 400 0
246| -2,4 400 0
247| -2,4 400 0
248| -2,4 400 0
249| -2,4 400 0
250| -2,4 400 0
251| -2,4 400 0
252| -2,4 400 0
253| -2,4 400 0
254| -2,4 400 0
255| -2,4 400 0
256| -2,4 400 0
257| -2,4 400 0
258| -2,4 400 0
259| -2,4 400 0
260| -2,4 400 0
261| -2,4 400 0
262| -2,4 400 0
263| -2,4 400 0
264| -2,4 400 0
265| -2,4 400 0
266| -2,4 400 0
267| -2,7 400 0
268| -3 400 0
269| -3 400 0
270| -3 400 0
271| -3 400 0
272| -3 400 0
273| -3 400 0
274| -3 400 0
275| -3 400 0
276| -3 400 0
277| -3 400 0
278| -3 400 0
279| -3 400 0
280| -3 400 0
281| -3 400 0
282| -3 400 0
283| -3 400 0
284| -3 400 0
285| -3 400 0
286| -3 400 0
287| -3 400 0
288| -3 400 0
289| -3 400 0
290| -3 400 0
291| -3 400 0
292| -3 400 0
293| -3 400 0
294| -3 400 0
295| -3 400 0
296| -3 400 0
297| -3 400 0
298| -3 400 0
299| -3 400 0
300| -3 400 0
301| -3 400 0
302| -3 400 0
303| -3 400 0
304| -3 400 0
305| -3 400 0
306| -3 400 0
307| -3 400 0
308| -3 400 0
309| -3 400 0
310| -3 400 0
311| -3 400 0
312| 0 400 0
313| 0 400 0
314| 0 400 0
315| 0 400 0
316| 0 400 0
317| 0,3 400 0
318| 0,6 400 0
319| 0,6 400 0
320| 0,6 400 0
321| 0,6 400 0
322| 0,6 400 0
323| 0,6 400 0
324| 0,6 400 0
325| 0,6 400 0
326| 0,6 400 0
327| 0,6 400 0
328| 0,6 400 0
329| 0,6 400 0
330| 0,6 400 0
331| 0,6 400 0
332| 0,6 400 0
333| 0,6 400 0
334| 0,6 400 0
335| 0,6 400 0
336| 0,6 400 0
337| 0,6 400 0
338| 0,6 400 0
339| 0,6 400 0
340| 0,6 400 0
341| 0,6 400 0
342| 0,6 400 0
343| 0,6 400 0
344| 0,6 400 0
345| 0,6 400 0
346| 0,6 400 0
347| 0,6 400 0
348| 0,6 400 0
349| 0,6 400 0
350| 0,6 400 0
351| 0,6 400 0
352| 0,6 400 0
353| 0,6 400 0
354| 0,6 400 0
355| 0,6 400 0
356| 0,6 400 0
357| 0,6 400 0
358| 0,6 400 0
359| 0,6 400 0
360| 0,6 400 0
361| 0,6 400 0
362| 0,6 400 0
363| 0,6 400 0
364| 0,6 400 0
365| 0,6 400 0
366| 0,6 400 0
367| 0,6 400 0
368| 0,6 400 0
369| 0,6 400 0
370| 0,6 400 0
371| 0,6 400 0
372| 0,6 400 0
373| 0,6 400 0
374| 0,6 400 0
375| 0,6 400 0
376| 0,6 400 0
377| 0,6 400 0
378| 0,6 400 0
379| 0,6 400 0
380| 0,6 400 0
381| 0,6 400 0
382| 0,6 400 0
383| 0,6 400 0
384| 0,6 400 0
385| 0,6 400 0
386| 0,6 400 0
387| 0,6 400 0
388| 0,6 400 0
389| 0,6 400 0
390| 0,6 400 0
391| 0,6 400 0
392| 0,6 400 0
393| 0,6 400 0
394| 0,6 400 0
395| 0,6 400 0
396| 0,6 400 0
397| 0,6 400 0
398| 0,6 400 0
399| 0,6 400 0
400| 0,6 400 0
401| 0,6 400 0
402| 0,6 400 0
403| 0,6 400 0
404| 0,6 400 0
405| 0,6 400 0
406| 0,6 400 0
407| 0,6 400 0
408| 0,6 400 0
409| 0,6 400 0
410| 0,6 400 0
411| 0,6 400 0
412| 0,6 400 0
413| 0,6 400 0
414| 0,6 400 0
415| 0,6 400 0
416| 0,6 400 0
417| 0,6 400 0
418| 0,6 400 0
419| 0,6 400 0
420| 0,6 400 0
421| 0,6 400 0
422| 0,6 400 0
423| 0,6 400 0
424| 0,6 400 0
425| 0,6 400 0
426| 0,6 400 0
427| 0,6 400 0
428| 0,6 400 0
429| 0,6 400 0
430| 0,6 400 0
431| 0,6 400 0
432| 0,6 400 0
433| 0,6 400 0
434| 0,6 400 0
435| 0,6 400 0
436| 0,6 400 0
437| 0,6 400 0
438| 0,6 400 0
439| 0,6 400 0
440| 0,6 400 0
441| 0,6 400 0
442| 0,6 400 0
443| 0,6 400 0
444| 0,6 400 0
445| 0,6 400 0
446| 0,6 400 0
447| 0,6 400 0
448| 0,6 400 0
449| 0,6 400 0
450| 0,6 400 0
451| 0,6 400 0
452| 0,6 400 0
453| 0,6 400 0
454| 0,6 400 0
455| 0,6 400 0
456| 0,6 400 0
457| 0,6 400 0
458| 0,6 400 0
459| 0,6 400 0
460| 0,6 400 0
461| 0,6 400 0
462| 0,6 400 0
463| 0,6 400 0
464| 0,6 400 0
465| 0,6 400 0
466| 0,6 400 0
467| 0,6 400 0
468| 0,6 400 0
469| 0,6 400 0
470| 0,6 400 0
471| 0,6 400 0
472| 0,6 400 0
473| 0,6 400 0
474| 0,6 400 0
475| 0,6 400 0
476| 0,6 400 0
477| 0,6 400 0
478| 0,6 400 0
479| 0,6 400 0
480| 0,6 400 0
481| 0,6 400 0
482| 0,6 400 0
483| 0,6 400 0
484| 0,6 400 0
485| 0,6 400 0
486| 0,6 400 0
487| 0,6 400 0
488| 0,6 400 0
489| 0,6 400 0
490| 0,6 400 0
491| 0,6 400 0
492| 0,6 400 0
493| 0,6 400 0
494| 0,6 400 0
495| 0,6 400 0
496| 0,6 400 0
497| 0,6 400 0
498| 0,6 400 0
499| 0,6 400 0
500| 0,6 400 0
501| 0,6 400 0
502| 0,6 400 0
503| 0,6 400 0
504| 0,6 400 0
505| 0,6 400 0
506| 0,6 400 0
507| 0,6 400 0
508| 0,6 400 0
509| 0,6 400 0
510| 0,6 400 0
511| 0,6 400 0
512| 0,6 400 0
513| 0,6 400 0
514| 0,6 400 0
515| 0,6 400 0
516| 0,6 400 0
517| 0,6 400 0
518| 0,6 400 0
519| 0,6 400 0
520| 0,6 400 0
521| 0,9 400 0
522| 1,2 400 0
523| 1,2 400 0
524| 1,2 400 0
525| 1,2 400 0
526| 1,2 400 0
527| 1,2 400 0
528| 1,2 400 0
529| 1,2 400 0
530| 1,2 400 0
531| 1,2 400 0
532| 1,2 400 0
533| 1,2 400 0
534| 1,2 400 0
535| 1,2 400 0
536| 1,2 400 0
537| 1,2 400 0
538| 1,2 400 0
539| 1,2 400 0
540| 1,2 400 0
541| 1,2 400 0
542| 1,2 400 0
543| 1,2 400 0
544| 1,2 400 0
545| 1,2 400 0
546| 1,5 400 0
547| 1,8 400 0
548| 1,8 400 0
549| 1,8 400 0
550| 1,8 400 0
551| 1,8 400 0
552| 1,8 400 0
553| 1,8 400 0
554| 1,8 400 0
555| 1,8 400 0
556| 1,8 400 0
557| 1,8 400 0
558| 1,8 400 0
559| 1,8 400 0
560| 1,8 400 0
561| 1,8 400 0
562| 1,8 400 0
563| 1,8 400 0
564| 1,8 400 0
565| 1,8 400 0
566| 1,8 400 0
567| 1,8 400 0
568| 1,8 400 0
569| 1,8 400 0
570| 1,8 400 0
571| 1,8 400 0
572| 1,8 400 0
573| 1,8 400 0
574| 1,8 400 0
575| 1,8 400 0
576| 1,8 400 0
577| 1,8 400 0
578| 1,8 400 0
579| 1,8 400 0
580| 1,8 400 0
581| 1,8 400 0
582| 1,8 400 0
583| 1,8 400 0
584| 1,8 400 0
585| 1,8 400 0
586| 1,8 400 0
587| 1,8 400 0
588| 1,8 400 0
589| 1,8 400 0
590| 1,8 400 0
591| 1,8 400 0
592| 1,8 400 0
593| 1,8 400 0
594| 1,8 400 0
595| 1,8 400 0
596| 1,8 400 0
597| 1,8 400 0
598| 1,8 400 0
599| 1,8 400 0
600| 1,8 400 0
601| 1,8 400 0
602| 1,8 400 0
603| 1,8 400 0
604| 1,8 400 0
605| 1,8 400 0
606| 1,8 400 0
607| 1,8 400 0
608| 1,8 400 0
609| 1,8 400 0
610| 1,8 400 0
611| 1,8 400 0
612| 1,8 400 0
613| 1,8 400 0
614| 1,8 400 0
615| 1,8 400 0
616| 1,8 400 0
617| 1,8 400 0
618| 1,8 400 0
619| 1,8 400 0
620| 1,8 400 0
621| 1,8 400 0
622| 1,8 400 0
623| 1,8 400 0
624| 1,8 400 0
625| 1,8 400 0
626| 1,8 400 0
627| 1,8 400 0
628| 1,8 400 0
629| 1,8 400 0
630| 1,8 400 0
631| 1,8 400 0
632| 1,8 400 0
633| 1,8 400 0
634| 1,8 400 0
635| 1,8 400 0
636| 1,8 400 0
637| 1,8 400 0
638| 1,8 400 0
639| 1,8 400 0
640| 1,8 400 0
641| 1,8 400 0
642| 0 400 0
643| -0,3 400 0
644| -0,3 400 0
645| -0,3 400 0
646| -0,3 400 0
647| -0,3 400 0
648| -0,3 400 0
649| -0,3 400 0
650| -0,3 400 0
651| -0,3 400 0
652| -0,3 400 0
653| -0,3 400 0
654| -0,3 400 0
655| -0,3 400 0
656| -0,3 400 0
657| -0,6 400 0
658| -0,9 400 0
659| -0,9 400 0
660| -0,9 400 0
661| -0,9 400 0
662| -0,9 400 0
663| -0,9 400 0
664| -0,9 400 0
665| -0,9 400 0
666| -0,9 400 0
667| -0,9 400 0
668| -0,9 400 0
669| -0,9 400 0
670| -0,9 400 0
671| -0,9 400 0
672| -0,9 400 0
673| -0,9 400 0
674| -0,9 400 0
675| -0,9 400 0
676| -0,9 400 0
677| -0,9 400 0
678| -0,9 400 0
679| -0,9 400 0
680| -0,9 400 0
681| -0,9 400 0
682| -0,9 400 0
683| -0,9 400 0
684| -0,9 400 0
685| -0,9 400 0
686| -0,9 400 0
687| -0,9 400 0
688| -0,9 400 0
689| -0,9 400 0
690| -0,9 400 0
691| -0,9 400 0
692| -0,9 400 0
693| -0,9 400 0
694| -0,9 400 0
695| -0,9 400 0
696| -0,9 400 0
697| -0,9 400 0
698| -0,9 400 0
699| -0,9 400 0
700| -0,9 400 0
701| -0,9 400 0
702| -0,9 400 0
703| -0,9 400 0
704| -0,9 400 0
705| -0,9 400 0
706| -0,9 400 0
707| -0,9 400 0
708| -0,9 400 0
709| -0,9 400 0
710| -0,9 400 0
711| -0,9 400 0
712| -0,9 400 0
713| -0,9 400 0
714| -0,9 400 0
715| -0,9 400 0
716| -0,9 400 0
717| -0,9 400 0
718| -0,9 400 0
719| -0,9 400 0
720| -0,9 400 0
721| -0,9 400 0
722| -0,9 400 0
723| -0,9 400 0
724| -0,9 400 0
725| -0,9 400 0
726| -0,9 400 0
727| -0,9 400 0
728| -0,9 400 0
729| -0,9 400 0
730| -0,9 400 0
731| -0,9 400 0
732| -0,9 400 0
733| -0,9 400 0
734| -0,9 400 0
735| -0,9 400 0
736| -0,9 400 0
737| -0,9 400 0
738| -0,9 400 0
739| -0,9 400 0
740| -0,9 400 0
741| -0,9 400 0
742| -0,9 400 0
743| -0,9 400 0
744| -0,9 400 0
745| -0,9 400 0
746| -0,9 400 0
747| -0,9 400 0
748| -0,9 400 0
749| -0,9 400 0
750| -0,9 400 0
751| -0,9 400 0
752| -0,9 400 0
753| -0,9 400 0
754| -0,9 400 0
755| -0,9 400 0
756| -0,9 400 0
757| -0,9 400 0
758| -0,9 400 0
759| -0,9 400 0
760| -0,9 400 0
761| -0,9 400 0
762| -0,9 400 0
763| -0,9 400 0
764| -0,9 400 0
765| -0,9 400 0
766| -0,9 400 0
767| -0,9 400 0
768| -0,9 400 0
769| -0,9 400 0
770| -0,9 400 0
771| -0,9 400 0
772| -0,9 400 0
773| -0,9 400 0
774| -0,9 400 0
775| -0,9 400 0
776| -0,9 400 0
777| -0,9 400 0
778| -0,9 400 0
779| -0,9 400 0
780| -0,9 400 0
781| -0,9 400 0
782| -0,9 400 0
783| -0,9 400 0
784| -0,9 400 0
785| -0,9 400 0
786| -0,9 400 0
787| -0,9 400 0
788| -0,9 400 0
789| -0,9 400 0
790| -0,9 400 0
791| -0,9 400 0
792| -0,9 400 0
793| -0,9 400 0
794| -0,9 400 0
795| -0,9 400 0
796| -0,9 400 0
797| -0,9 400 0
798| -0,9 400 0
799| -0,9 400 0
800| -0,9 400 0
801| -0,9 400 0
802| -0,9 400 0
803| -0,9 400 0
804| -0,9 400 0
805| -0,9 400 0
806| -0,9 400 0
807| -0,9 400 0
808| -0,9 400 0
809| -0,9 400 0
810| -0,9 400 0
811| -0,9 400 0
812| -0,9 400 0
813| -0,9 400 0
814| -0,9 400 0
815| -0,9 400 0
816| -0,9 400 0
817| -0,9 400 0
818| -0,9 400 0
819| -0,9 400 0
820| -0,9 400 0
821| -0,9 400 0
822| -0,9 400 0
823| -0,9 400 0
824| -0,9 400 0
825| -0,9 400 0
826| -0,9 400 0
827| -0,9 400 0
828| -0,9 400 0
829| -0,9 400 0
830| -0,9 400 0
831| -0,9 400 0
832| 0 400 0
833| 0,3 400 0
834| 0,6 400 0
835| 0,6 400 0
836| 0,6 400 0
837| 0,6 400 0
838| 0,6 400 0
839| 0,6 400 0
840| 0,9 400 0
841| 1,2 400 0
842| 1,2 400 0
843| 1,2 400 0
844| 1,2 400 0
845| 1,2 400 0
846| 1,2 400 0
847| 1,2 400 0
848| 1,2 400 0
849| 1,2 400 0
850| 1,2 400 0
851| 1,2 400 0
852| 1,2 400 0
853| 1,2 400 0
854| 1,2 400 0
855| 1,2 400 0
856| 1,2 400 0
857| 1,2 400 0
858| 1,2 400 0
859| 1,2 400 0
860| 1,2 400 0
861| 1,2 400 0
862| 1,2 400 0
863| 1,2 400 0
864| 1,2 400 0
865| 1,2 400 0
866| 1,2 400 0
867| 1,2 400 0
868| 1,2 400 0
869| 1,2 400 0
870| 1,2 400 0
871| 1,2 400 0
872| 1,2 400 0
873| 1,2 400 0
874| 1,2 400 0
875| 1,2 400 0
876| 1,2 400 0
877| 1,2 400 0
878| 1,2 400 0
879| 1,2 400 0
880| 1,2 400 0
881| 1,2 400 0
882| 1,2 400 0
883| 1,2 400 0
884| 1,2 400 0
885| 1,2 400 0
886| 1,2 400 0
887| 1,2 400 0
888| 1,2 400 0
889| 1,2 400 0
890| 1,2 400 0
891| 1,2 400 0
892| 1,2 400 0
893| 1,2 400 0
894| 1,2 400 0
895| 1,2 400 0
896| 1,2 400 0
897| 1,2 400 0
898| 1,2 400 0
899| 1,2 400 0
900| 1,2 400 0
901| 1,2 400 0
902| 1,2 400 0
903| 1,2 400 0
904| 1,2 400 0
905| 1,2 400 0
906| 1,2 400 0
907| 1,2 400 0
908| 1,2 400 0
909| 1,2 400 0
910| 1,2 400 0
911| 1,2 400 0
912| 1,2 400 0
913| 1,2 400 0
914| 1,2 400 0
915| 1,2 400 0
916| 1,2 400 0
917| 1,2 400 0
918| 1,2 400 0
919| 1,2 400 0
920| 1,2 400 0
921| 1,2 400 0
922| 1,2 400 0
923| 1,2 400 0
924| 1,2 400 0
925| 1,2 400 0
926| 1,2 400 0
927| 1,2 400 0
928| 1,2 400 0
929| 1,2 400 0
930| 1,2 400 0
931| 1,2 400 0
932| 1,2 400 0
933| 1,2 400 0
934| 1,2 400 0
935| 1,2 400 0
936| 1,2 400 0
937| 1,2 400 0
938| 1,2 400 0
939| 1,2 400 0
940| 1,2 400 0
941| 1,2 400 0
942| 1,2 400 0
943| 1,2 400 0
944| 1,2 400 0
945| 1,2 400 0
946| 1,2 400 0
947| 1,2 400 0
948| 1,2 400 0
949| 1,2 400 0
950| 1,2 400 0
951| 1,2 400 0
952| 1,2 400 0
953| 1,2 400 0
954| 1,2 400 0
955| 1,2 400 0
956| 1,2 400 0
957| 1,2 400 0
958| 1,2 400 0
959| 1,2 400 0
960| 1,2 400 0
961| 1,2 400 0
962| 1,2 400 0
963| 1,2 400 0
964| 1,2 400 0
965| 1,2 400 0
966| 1,2 400 0
967| 1,2 400 0
968| 1,2 400 0
969| 1,2 400 0
970| 1,2 400 0
971| 1,2 400 0
972| 1,2 400 0
973| 1,2 400 0
974| 1,2 400 0
975| 1,2 400 0
976| 1,2 400 0
977| 1,2 400 0
978| 1,2 400 0
979| 1,2 400 0
980| 1,2 400 0
981| 1,2 400 0
982| 1,2 400 0
983| 1,2 400 0
984| 1,2 400 0
985| 1,2 400 0
986| 1,2 400 0
987| 1,2 400 0
988| 1,2 400 0
989| 1,2 400 0
990| 1,2 400 0
991| 1,2 400 0
992| 1,2 400 0
993| 1,2 400 0
994| 1,2 400 0
995| 1,2 400 0
996| 1,2 400 0
997| 1,2 400 0
998| 1,2 400 0
999| 1,2 400 0
1000| 1,2 400 0
1001| 1,2 400 0
1002| 1,2 400 0
1003| 1,2 400 0
1004| 1,2 400 0
1005| 1,2 400 0
1006| 1,2 400 0
1007| 1,2 400 0
1008| 1,2 400 0
1009| 1,2 400 0
1010| 1,2 400 0
1011| 1,2 400 0
1012| 0 400 0
1013| -0,3 400 0
1014| -0,3 400 0
1015| -0,3 400 0
1016| -0,3 400 0
1017| -0,3 400 0
1018| -0,3 400 0
1019| -0,3 400 0
1020| -0,6 400 0
1021| -0,9 400 0
1022| -0,9 400 0
1023| -0,9 400 0
1024| -0,9 400 0
1025| -0,9 400 0
1026| -0,9 400 0
1027| -0,9 400 0
1028| -0,9 400 0
1029| -0,9 400 0
1030| -0,9 400 0
1031| -0,9 400 0
1032| -0,9 400 0
1033| -0,9 400 0
1034| -0,9 400 0
1035| -1,2 400 0
1036| -1,5 400 0
1037| -1,5 400 0
1038| -1,5 400 0
1039| -1,5 400 0
1040| -1,5 400 0
1041| -1,5 400 0
1042| -1,5 400 0
1043| -1,5 400 0
1044| -1,8 400 0
1045| -2,1 400 0
1046| -2,4 400 0
1047| -2,4 400 0
1048| -2,4 400 0
1049| -2,4 400 0
1050| -2,4 400 0
1051| -2,4 400 0
1052| -2,4 400 0
1053| -2,4 400 0
1054| -2,7 400 0
1055| -3 400 0
1056| -3 400 0
1057| -3 400 0
1058| -3 400 0
1059| -3 400 0
1060| -3 400 0
1061| -3 400 0
1062| -3 400 0
1063| -3 400 0
1064| -3 400 0
1065| -3 400 0
1066| -3 400 0
1067| -3 400 0
1068| -3 400 0
1069| -3 400 0
1070| -3 400 0
1071| -3 400 0
1072| -3 400 0
1073| -3 400 0
1074| -3 400 0
1075| -3 400 0
1076| -3 400 0
1077| -3 400 0
1078| -3 400 0
1079| -3 400 0
1080| -3 400 0
1081| -3 400 0
1082| -3 400 0
1083| -3 400 0
1084| -3 400 0
1085| -3 400 0
1086| -3 400 0
1087| -3 400 0
1088| -3 400 0
1089| -3 400 0
1090| -3 400 0
1091| -3 400 0
1092| -3 400 0
1093| -3 400 0
1094| -3 400 0
1095| -3 400 0
1096| -3 400 0
1097| -3 400 0
1098| -3 400 0
1099| -3 400 0
1100| -3 400 0
1101| -3 400 0
1102| -3 400 0
1103| -3 400 0
1104| -3 400 0
1105| -3 400 0
1106| -3 400 0
1107| -3 400 0
1108| -3 400 0
1109| -3 400 0
1110| -3 400 0
1111| -3 400 0
1112| -3 400 0
1113| -3 400 0
1114| -3 400 0
1115| -3 400 0
1116| -3 400 0
1117| -3 400 0
1118| -3 400 0
1119| -3 400 0
1120| -3,299999 400 0
1121| -3,599999 400 0
1122| -3,599999 400 0
1123| -3,599999 400 0
1124| -3,599999 400 0
1125| -3,599999 400 0
1126| -3,599999 400 0
1127| -3,599999 400 0
1128| -3,599999 400 0
1129| -3,599999 400 0
1130| -3,599999 400 0
1131| -3,599999 400 0
1132| -3,599999 400 0
1133| -3,599999 400 0
1134| -3,599999 400 0
1135| -3,599999 400 0
1136| -3,599999 400 0
1137| -3,599999 400 0
1138| -3,599999 400 0
1139| -3,599999 400 0
1140| -3,599999 400 0
1141| -3,599999 400 0
1142| -3,599999 400 0
1143| -3,599999 400 0
1144| -3,599999 400 0
1145| -3,599999 400 0
1146| -3,599999 400 0
1147| -3,599999 400 0
1148| -3,599999 400 0
1149| -3,599999 400 0
1150| -3,599999 400 0
1151| -3,599999 400 0
1152| -3,599999 400 0
1153| -3,599999 400 0
1154| -3,599999 400 0
1155| -3,599999 400 0
1156| -3,599999 400 0
1157| -3,599999 400 0
1158| -3,599999 400 0
1159| -3,599999 400 0
1160| -3,599999 400 0
1161| -3,599999 400 0
1162| -3,599999 400 0
1163| -3,599999 400 0
1164| -3,599999 400 0
1165| -3,599999 400 0
1166| -3,599999 400 0
1167| -3,599999 400 0
1168| -3,599999 400 0
1169| -3,599999 400 0
1170| -3,599999 400 0
1171| -3,599999 400 0
1172| -3,599999 400 0
1173| -3,599999 400 0
1174| -3,599999 400 0
1175| -3,599999 400 0
1176| -3,599999 400 0
1177| -3,599999 400 0
1178| -3,599999 400 0
1179| -3,599999 400 0
1180| -3,599999 400 0
1181| -3,599999 400 0
1182| -3,599999 400 0
1183| -3,599999 400 0
1184| -3,599999 400 0
1185| -3,599999 400 0
1186| -3,599999 400 0
1187| -3,599999 400 0
1188| -3,599999 400 0
1189| -3,599999 400 0
1190| -3,599999 400 0
1191| -3,599999 400 0
1192| -3,599999 400 0
1193| -3,599999 400 0
1194| -3,599999 400 0
1195| -3,599999 400 0
1196| -3,599999 400 0
1197| -3,599999 400 0
1198| -3,599999 400 0
1199| -3,599999 400 0
1200| -3,599999 400 0
1201| -3,599999 400 0
1202| -3,599999 400 0
1203| -3,599999 400 0
1204| -3,599999 400 0
1205| 0 400 0
1206| 0,3 400 0
1207| 0,3 400 0
1208| 0,3 400 0
1209| 0,3 400 0
1210| 0,6 400 0
1211| 0,9 400 0
1212| 1,2 400 0
1213| 1,2 400 0
1214| 1,2 400 0
1215| 1,2 400 0
1216| 1,2 400 0
1217| 1,5 400 0
1218| 1,8 400 0
1219| 2,1 400 0
1220| 2,4 400 0
1221| 2,7 400 0
1222| 3 400 0
1223| 3,299999 400 0
1224| 3,299999 400 0
1225| 3,299999 400 0
1226| 3,299999 400 0
1227| 3,299999 400 0
1228| 3,299999 400 0
1229| 3,299999 400 0
1230| 3,299999 400 0
1231| 3,299999 400 0
1232| 3,299999 400 0
1233| 3,299999 400 0
1234| 3,299999 400 0
1235| 3,299999 400 0
1236| 3,299999 400 0
1237| 3,299999 400 0
1238| 3,299999 400 0
1239| 3,299999 400 0
1240| 0 400 0
1241| -0,3 400 0
1242| -0,3 400 0
1243| -0,3 400 0
1244| -0,3 400 0
1245| -0,3 400 0
1246| -0,3 400 0
1247| -0,3 400 0
1248| -0,3 400 0
1249| -0,6 400 0
1250| -0,9 400 0
1251| -1,2 400 0
1252| -1,2 400 0
1253| -1,2 400 0
1254| -1,2 400 0
1255| -1,2 400 0
1256| -1,2 400 0
1257| -1,2 400 0
1258| -1,2 400 0
1259| -1,2 400 0
1260| -1,2 400 0
1261| -1,2 400 0
1262| -1,2 400 0
1263| -1,2 400 0
1264| -1,2 400 0
1265| -1,2 400 0
1266| -1,2 400 0
1267| -1,2 400 0
1268| -1,2 400 0
1269| -1,2 400 0
1270| -1,2 400 0
1271| -1,2 400 0
1272| 0 400 0
1273| 0 400 0
1274| 0 400 0
1275| 0 400 0
1276| 0 400 0
1277| 0 400 0
1278| 0 400 0
1279| 0 400 0
1280| 0 400 0
1281| 0 400 0
1282| 0 400 0
1283| 0 400 0
1284| 0 400 0
1285| 0 400 0
1286| 0 400 0
1287| 0 400 0
1288| 0 400 0
1289| 0 400 0
1290| 0 400 0
1291| 0 400 0
1292| 0 400 0
1293| 0 400 0
1294| 0 400 0
1295| 0 400 0
1296| 0 400 0
1297| 0 400 0
1298| 0 400 0
1299| 0 400 0
1300| 0 400 0
1301| 0 400 0
1302| 0 400 0
1303| 0 400 0
1304| 0 400 0
1305| 0 400 0
1306| 0 400 0
1307| 0 400 0
1308| 0 400 0
1309| 0 400 0
1310| 0 400 0
1311| 0 400 0
1312| 0 400 0
1313| 0 400 0
1314| 0 400 0
1315| 0 400 0
1316| 0 400 0
1317| 0 400 0
1318| 0 400 0
1319| 0 400 0
1320| 0 400 0
1321| 0 400 0
1322| 0 400 0
1323| 0 400 0
1324| 0 400 0
1325| 0 400 0
1326| 0 400 0
1327| 0 400 0
1328| 0 400 0
1329| 0 400 0
1330| 0 400 0
1331| 0 400 0
1332| 0 400 0
1333| 0 400 0
1334| 0 400 0
1335| 0 400 0
1336| 0 400 0
1337| 0 400 0
1338| 0 400 0
1339| 0 400 0
1340| 0 400 0
1341| 0 400 0
1342| 0 400 0
1343| 0 400 0
1344| 0 400 0
1345| 0 400 0
1346| 0 400 0
1347| 0 400 0
1348| 0 400 0
1349| 0 400 0
1350| 0 400 0
1351| 0 400 0
1352| 0 400 0
1353| 0 400 0
1354| 0 400 0
1355| 0 400 0
1356| 0 400 0
1357| 0 400 0
1358| 0 400 0
1359| 0 400 0
1360| 0 400 0
1361| 0 400 0
1362| 0 400 0
1363| 0 400 0
1364| 0 400 0
1365| 0 400 0
1366| 0 400 0
1367| 0 400 0
1368| 0 400 0
1369| 0 400 0
1370| 0 400 0
1371| 0 400 0
1372| 0 400 0
1373| 0 400 0
1374| 0 400 0
1375| 0 400 0
1376| 0 400 0
1377| 0 400 0
1378| 0 400 0
1379| 0 400 0
1380| 0 400 0
1381| 0 400 0
1382| 0 400 0
1383| 0 400 0
1384| 0 400 0
1385| 0 400 0
1386| 0 400 0
1387| 0 400 0
1388| 0 400 0
1389| 0 400 0
1390| 0 400 0
1391| 0 400 0
1392| 0 400 0
1393| 0 400 0
1394| 0 400 0
1395| 0 400 0
1396| 0 400 0
1397| 0 400 0
1398| 0 400 0
1399| 0 400 0
1400| 0 400 0
1401| 0 400 0
1402| 0 400 0
1403| 0 400 0
1404| 0 400 0
1405| 0 400 0
1406| 0 400 0
1407| 0 400 0
1408| 0 400 0
1409| 0 400 0
1410| 0 400 0
1411| 0 400 0
1412| 0 400 0
1413| 0 400 0
1414| 0 400 0
1415| 0 400 0
1416| 0 400 0
1417| 0 400 0
1418| 0 400 0
1419| 0 400 0
1420| 0 400 0
1421| 0 400 0
1422| 0 400 0
1423| 0 400 0
1424| 0 400 0
1425| 0 400 0
1426| 0 400 0
1427| 0 400 0
1428| 0 400 0
1429| 0 400 0
1430| 0 400 0
1431| 0 400 0
1432| 0 400 0
1433| 0 400 0
1434| 0 400 0
1435| 0 400 0
1436| 0 400 0
1437| 0 400 0
1438| 0 400 0
1439| 0 400 0
1440| 0 400 0
1441| 0 400 0
1442| 0 400 0
1443| 0 400 0
1444| 0 400 0
1445| 0 400 0
1446| 0 400 0
1447| 0 400 0
1448| 0 400 0
1449| 0 400 0
1450| 0 400 0
1451| 0 400 0
1452| 0 400 0
1453| 0 400 0
1454| 0 400 0
1455| 0 400 0
1456| 0 400 0
1457| 0 400 0
1458| 0 400 0
1459| 0 400 0
1460| 0 400 0
1461| 0 400 0
1462| 0 400 0
1463| 0 400 0
1464| 0 400 0
1465| 0 400 0
1466| 0 400 0
1467| 0 400 0
1468| 0 400 0
1469| 0 400 0
1470| 0 400 0
1471| 0 400 0
1472| 0 400 0
1473| 0 400 0
1474| 0 400 0
1475| 0 400 0
1476| 0 400 0
1477| 0 400 0
1478| 0 400 0
1479| 0 400 0
1480| 0 400 0
1481| 0 400 0
1482| 0 400 0
1483| 0 400 0
1484| 0 400 0
1485| 0 400 0
1486| 0 400 0
1487| 0 400 0
1488| 0 400 0
1489| 0 400 0
1490| 0 400 0
1491| 0 400 0
1492| 0 400 0
1493| 0 400 0
1494| 0 400 0
1495| 0 400 0
1496| 0 400 0
1497| 0 400 0
1498| 0 400 0
1499| 0 400 0
1500| 0 400 0
1501| 0 400 0
1502| 0 400 0
1503| 0 400 0
1504| 0 400 0
1505| 0 400 0
1506| 0 400 0
1507| 0 400 0
1508| 0,3 400 0
1509| 0,6 400 0
1510| 0,6 400 0
1511| 0,6 400 0
1512| 0,6 400 0
1513| 0,6 400 0
1514| 0,6 400 0
1515| 0,6 400 0
1516| 0,6 400 0
1517| 0,9 400 0
1518| 1,2 400 0
1519| 1,2 400 0
1520| 1,2 400 0
1521| 1,2 400 0
1522| 1,2 400 0
1523| 1,2 400 0
1524| 1,2 400 0
1525| 1,2 400 0
1526| 1,2 400 0
1527| 1,2 400 0
1528| 1,2 400 0
1529| 1,2 400 0
1530| 1,2 400 0
1531| 1,2 400 0
1532| 1,2 400 0
1533| 1,2 400 0
1534| 1,2 400 0
1535| 1,2 400 0
1536| 1,2 400 0
1537| 1,2 400 0
1538| 1,2 400 0
1539| 1,2 400 0
1540| 1,2 400 0
1541| 1,2 400 0
1542| 1,2 400 0
1543| 1,2 400 0
1544| 1,2 400 0
1545| 1,2 400 0
1546| 1,2 400 0
1547| 1,2 400 0
1548| 1,2 400 0
1549| 1,2 400 0
1550| 1,2 400 0
1551| 1,2 400 0
1552| 1,2 400 0
1553| 1,2 400 0
1554| 1,2 400 0
1555| 1,2 400 0
1556| 1,2 400 0
1557| 1,2 400 0
1558| 1,2 400 0
1559| 1,2 400 0
1560| 1,2 400 0
1561| 1,2 400 0
1562| 1,2 400 0
1563| 1,2 400 0
1564| 1,2 400 0
1565| 1,2 400 0
1566| 1,2 400 0
1567| 1,2 400 0
1568| 1,2 400 0
1569| 1,2 400 0
1570| 1,2 400 0
1571| 1,2 400 0
1572| 1,2 400 0
1573| 1,2 400 0
1574| 1,2 400 0
1575| 1,2 400 0
1576| 1,2 400 0
1577| 1,2 400 0
1578| 1,2 400 0
1579| 1,2 400 0
1580| 1,2 400 0
1581| 1,2 400 0
1582| 1,2 400 0
1583| 1,2 400 0
1584| 1,2 400 0
1585| 1,2 400 0
1586| 1,2 400 0
1587| 1,2 400 0
1588| 1,2 400 0
1589| 1,2 400 0
1590| 1,2 400 0
1591| 1,2 400 0
1592| 1,2 400 0
1593| 1,2 400 0
1594| 1,2 400 0
1595| 1,2 400 0
1596| 1,2 400 0
1597| 1,2 400 0
1598| 1,2 400 0
1599| 1,2 400 0
1600| 1,2 400 0
1601| 1,2 400 0
1602| 1,2 400 0
1603| 1,2 400 0
1604| 1,2 400 0
1605| 1,2 400 0
1606| 1,2 400 0
1607| 1,2 400 0
1608| 1,2 400 0
1609| 1,2 400 0
1610| 1,2 400 0
1611| 1,2 400 0
1612| 1,2 400 0
1613| 1,2 400 0
1614| 1,2 400 0
1615| 1,2 400 0
1616| 1,2 400 0
1617| 1,2 400 0
1618| 1,2 400 0
1619| 1,2 400 0
1620| 1,2 400 0
1621| 1,2 400 0
1622| 0 0 0
1623| 0 0 0
1624| 0 0 0
1625| 0 0 0
1626| 0 0 0
1627| 0 0 0
1628| 0 0 0
1629| 0 0 0
1630| 0 0 0
1631| 0 0 0
1632| 0 0 0
1633| 0 0 0
1634| 0 0 0
1635| 0 0 0
1636| 0 0 0
1637| 0 0 0
1638| 0 0 0
1639| 0 0 0
1640| 0 0 0
1641| 0 0 0
1642| 0 0 0
1643| 0 0 0
1644| 0 0 0
1645| 0 0 0
1646| 0 0 0
1647| 0 0 0
1648| 0 0 0
1649| 0 0 0
1650| 0 0 0
1651| 0 0 0
1652| 0 0 0
1653| 0 0 0
1654| 0 0 0
1655| 0 0 0
1656| 0 0 0
1657| 0 0 0
1658| 0 0 0
1659| 0 0 0
1660| 0 0 0
1661| 0 0 0
1662| 0 0 0
1663| 0 0 0
1664| 0 0 0
1665| 0 0 0
1666| 0 0 0
1667| 0 0 0
1668| 0 0 0
1669| 0 0 0
1670| 0 0 0
1671| 0 0 0
1672| 0 0 0
1673| 0 0 0
1674| 0 0 0
1675| 0 0 0
1676| 0 0 0
1677| 0 0 0
1678| 0 0 0
1679| 0 0 0
1680| 0 0 0
1681| 0 0 0
1682| 0 0 0
1683| 0 0 0
1684| 0 0 0
1685| 0 0 0
1686| 0 0 0
1687| 0 0 0
1688| 0 0 0
1689| 0 0 0
1690| 0 0 0
1691| 0 0 0
1692| 0 0 0
1693| 0 0 0
1694| 0 0 0
1695| 0 0 0
1696| 0 0 0
1697| 0 0 0
1698| 0 0 0

