1| 0 0 0
2| 0 0 0
3| 0 0 0
4| 0 0 0
5| 0 0 0
6| 0 4 0
7| 0 8 0
8| 0 12 0
9| 0 16 0
10| 0 20 0
11| 0 24 0
12| 0 28 0
13| 0 32 0
14| 0 36 0
15| 0 40 0
16| 0 43,99999 0
17| 0 47,99999 0
18| 0 51,99999 0
19| 0 55,99999 0
20| 0 60 0
21| 0 64 0
22| 0 68 0
23| 0 72 0
24| 0 76,00001 0
25| 0 80,00001 0
26| 0 84,00001 0
27| 0 88,00002 0
28| 0 92,00002 0
29| 0 96,00002 0
30| 0 100 0
31| 0 104 0
32| 0 108 0
33| 0 112 0
34| 0 116 0
35| 0 120 0
36| 0 124 0
37| 0 128 0
38| 0 132 0
39| 0 136 0
40| 0 140 0
41| 0 144 0
42| 0 148 0
43| 0 152 0
44| 0 156 0
45| 0 160 0
46| 0 164 0
47| 0 168 0
48| 0 171,9999 0
49| 0 175,9999 0
50| 0 179,9999 0
51| 0 183,9999 0
52| 0 187,9999 0
53| 0 191,9999 0
54| 0 195,9999 0
55| 0 199,9999 0
56| 0 203,9999 0
57| 0 207,9999 0
58| 0 211,9999 0
59| 0 215,9999 0
60| 0 219,9999 0
61| 0 223,9999 0
62| 0 227,9999 0
63| 0 231,9999 0
64| 0 235,9999 0
65| 0 239,9999 0
66| 0 243,9999 0
67| 0 247,9999 0
68| 0 251,9999 0
69| 0 255,9999 0
70| 0,3 259,9999 0
71| 0,6 263,9999 0
72| 0,6 267,9999 0
73| 0,6 271,9998 0
74| 0,6 275,9998 0
75| 0,6 279,9998 0
76| 0,6 283,9998 0
77| 0,9 287,9998 0
78| 1,2 291,9998 0
79| 1,5 295,9998 0
80| 1,8 299,9998 0
81| 2,1 303,9998 0
82| 2,4 307,9998 0
83| 2,7 311,9998 0
84| 3 315,9998 0
85| 3,299999 319,9998 0
86| 3,599999 323,9998 0
87| 3,899999 327,9998 0
88| 4,2 331,9998 0
89| 4,5 335,9998 0
90| 4,8 339,9998 0
91| 5,1 343,9998 0
92| 5,1 347,9998 0
93| 5,1 351,9998 0
94| 5,1 355,9998 0
95| 5,1 359,9998 0
96| 5,4 363,9998 0
97| 5,7 367,9998 0
98| 5,7 371,9998 0
99| 5,7 375,9998 0
100| 5,7 379,9998 0
101| 5,7 383,9998 0
102| 6 387,9998 0
103| 6,300001 391,9998 0
104| 6,300001 395,9998 0
105| 6,300001 399,9997 0
106| 6,300001 400 0
107| 6,300001 400 0
108| 6,300001 400 0
109| 6,300001 400 0
110| 6,300001 400 0
111| 6,300001 400 0
112| 6,300001 400 0
113| 6,300001 400 0
114| 6,300001 400 0
115| 6,300001 400 0
116| 6,300001 400 0
117| 6,300001 400 0
118| 6,300001 400 0
119| 6,300001 400 0
120| 6,300001 400 0
121| 6,300001 400 0
122| 6,300001 400 0
123| 6,300001 400 0
124| 6,300001 400 0
125| 6,300001 400 0
126| 6,300001 400 0
127| 6,300001 400 0
128| 6,300001 400 0
129| 6,300001 400 0
130| 6,300001 400 0
131| 6,300001 400 0
132| 6,300001 400 0
133| 6,300001 400 0
134| 6,300001 400 0
135| 0 400 0
136| -0,3 400 0
137| -0,6 400 0
138| -0,6 400 0
139| -0,6 400 0
140| -0,6 400 0
141| -0,6 400 0
142| -0,9 400 0
143| -1,2 400 0
144| -1,5 400 0
145| -1,8 400 0
146| -2,1 400 0
147| -2,4 400 0
148| -2,7 400 0
149| -3 400 0
150| -3,299999 400 0
151| -3,299999 400 0
152| -3,299999 400 0
153| -3,599999 400 0
154| -3,899999 400 0
155| -4,2 400 0
156| -4,5 400 0
157| -4,5 400 0
158| -4,5 400 0
159| -4,5 400 0
160| -4,8 400 0
161| -5,1 400 0
162| -5,1 400 0
163| -5,1 400 0
164| -5,1 400 0
165| -5,1 400 0
166| -5,1 400 0
167| -5,1 400 0
168| -5,1 400 0
169| -5,1 400 0
170| -5,1 400 0
171| -5,1 400 0
172| -5,1 400 0
173| -5,1 400 0
174| -5,1 400 0
175| -5,1 400 0
176| -5,1 400 0
177| -5,1 400 0
178| -5,1 400 0
179| -5,1 400 0
180| -5,1 400 0
181| -5,1 400 0
182| -5,1 400 0
183| -5,1 400 0
184| -5,1 400 0
185| -5,1 400 0
186| 0 400 0
187| 0,3 400 0
188| 0,6 400 0
189| 0,9 400 0
190| 1,2 400 0
191| 1,5 400 0
192| 1,8 400 0
193| 2,1 400 0
194| 2,1 400 0
195| 2,1 400 0
196| 2,1 400 0
197| 2,4 400 0
198| 2,7 400 0
199| 2,7 400 0
200| 0 0 0
201| 0 0 0
202| 0 0 0
203| 0 0 0
204| 0 0 0
205| 0 0 0
206| 0 0 0
207| 0 0 0
208| 0 0 0
209| 0 0 0
210| 0 0 0
211| 0 0 0
212| 0 0 0
213| 0 0 0
214| 0 0 0
215| 0 0 0
216| 0 0 0
217| 0 0 0
218| -0,3 0 0
219| -0,6 0 0
220| -0,9 0 0
221| -1,2 0 0
222| -1,5 0 0
223| -1,8 0 0
224| -2,1 0 0
225| 0 0 0
226| 0 0 0
227| 0 0 0
228| -0,3 0 0
229| -0,6 0 0
230| -0,9 0 0
231| -1,2 0 0
232| -1,5 0 0
233| -1,8 0 0
234| -2,1 0 0
235| -2,4 0 0
236| -2,7 0 0
237| -3 0 0
238| -3,299999 0 0
239| -3,599999 0 0
240| -3,899999 0 0
241| -4,2 0 0
242| -4,5 0 0
243| -4,8 0 0
244| -5,1 0 0
245| -5,4 0 0
246| -5,7 0 0
247| -6 0 0
248| -6,300001 0 0
249| -6,600001 0 0
250| -6,900001 0 0
251| -7,200001 0 0
252| -7,500001 0 0
253| -7,800001 0 0
254| -8,1 0 0
255| -8,4 0 0
256| -8,7 0 0
257| -8,999999 0 0
258| -9,299999 0 0
259| -9,599998 0 0
260| -9,899999 0 0
261| 0 0 0
262| 0 0 0
263| 0 0 0
264| 0 0 0
265| 0 0 0
266| 0 0 0
267| 0 0 0
268| 0 0 0
269| 0 0 0
270| 0 0 0
271| 0 0 0
272| 0 0 0
273| 0 0 0
274| -0,3 0 0
275| -0,6 0 0
276| -0,9 0 0
277| -1,2 0 0
278| -1,5 0 0
279| -1,8 0 0
280| -2,1 0 0
281| -2,4 0 0
282| -2,7 0 0
283| -3 0 0
284| -3,299999 0 0
285| -3,599999 0 0
286| -3,899999 0 0
287| -4,2 0 0
288| -4,5 0 0
289| -4,8 0 0
290| -5,1 0 0
291| -5,4 0 0
292| -5,7 0 0
293| -6 0 0
294| -6,300001 0 0
295| -6,600001 0 0
296| -6,900001 0 0
297| 0 0 0
298| 0 0 0
299| 0 0 0
300| 0 0 0
301| 0 0 0
302| 0 0 0
303| -0,3 0 0
304| -0,6 0 0
305| -0,9 0 0
306| -1,2 0 0
307| -1,5 0 0
308| -1,8 0 0
309| -2,1 0 0
310| -2,4 0 0
311| -2,7 0 0
312| -3 0 0
313| -3,299999 0 0
314| -3,599999 0 0
315| -3,899999 0 0
316| -4,2 0 0
317| 0 0 0
318| 0 0 0
319| 0 0 0
320| 0 0 0
321| -0,3 0 0
322| -0,6 0 0
323| -0,9 0 0
324| -1,2 0 0
325| -1,5 0 0
326| -1,8 0 0
327| -2,1 0 0
328| -2,4 0 0
329| -2,7 0 0
330| 0 0 0
331| 0 0 0
332| 0 0 0
333| 0 0 0
334| 0 0 0
335| 0 0 0
336| -0,3 0 0
337| -0,6 0 0
338| -0,9 0 0
339| -1,2 0 0
340| -1,5 0 0
341| -1,8 0 0
342| -2,1 0 0
343| -2,4 0 0
344| -2,7 0 0
345| -3 0 0
346| -3,299999 0 0
347| -3,599999 0 0
348| -3,899999 0 0
349| -4,2 0 0
350| -4,5 0 0
351| -4,8 0 0
352| -5,1 0 0
353| 0 0 0
354| 0 0 0
355| 0 0 0
356| 0 0 0
357| 0 0 0
358| 0 0 0
359| 0 0 0
360| 0 0 0
361| 0 0 0
362| 0 0 0
363| 0 0 0
364| 0 0 0
365| 0 0 0
366| 0 0 0
367| 0 0 0
368| 0 0 0
369| 0 0 0
370| 0 0 0
371| 0 0 0
372| 0 0 0
373| 0 0 0
374| 0 0 0
375| 0 0 0
376| 0 0 0
377| 0 0 0
378| 0 0 0
379| 0 0 0
380| 0 0 0
381| 0 0 0
382| 0 0 0
383| 0 0 0
384| 0 0 0
385| 0 0 0
386| 0 0 0
387| 0 0 0
388| 0 0 0
389| 0 0 0
390| 0 0 0
391| 0 0 0
392| 0 0 0
393| 0 0 0
394| 0 0 0
395| 0 0 0
396| 0 0 0
397| 0 0 0
398| 0 0 0
399| 0 0 0
400| 0 0 0
401| 0 0 0
402| 0 0 0
403| 0 0 0
404| 0 0 0
405| 0 0 0
406| 0 0 0
407| 0 0 0
408| 0 0 0
409| 0 0 0
410| 0 0 0
411| 0 0 0
412| 0 0 0
413| 0 0 0
414| 0 0 0
415| 0 0 0
416| 0 0 0
417| 0 0 0
418| 0 0 0
419| 0 0 0
420| 0 0 0
421| 0 0 0
422| 0 0 0
423| 0 0 0
424| 0 0 0
425| 0 0 0
426| 0 0 0
427| 0 0 0
428| 0 0 0
429| 0 0 0
430| 0 0 0
431| 0 0 0
432| 0 0 0
433| 0 0 0
434| 0 0 0
435| 0 0 0
436| 0 0 0
437| 0 0 0
438| 0 0 0
439| 0 0 0
440| 0 0 0
441| 0 0 0
442| 0 0 0
443| 0 0 0
444| 0 0 0
445| 0 0 0
446| 0 0 0
447| 0 0 0
448| 0 0 0
449| 0 0 0
450| 0 0 0
451| 0 0 0
452| 0 0 0
453| 0 0 0
454| 0 0 0
455| 0 0 0
456| 0 0 0
457| 0 0 0
458| 0 0 0
459| 0 0 0
460| 0 0 0
461| 0 0 0
462| 0 0 0
463| 0 0 0
464| 0 0 0
465| 0 0 0
466| 0 0 0
467| 0 0 0
468| 0 0 0
469| 0 0 0
470| 0 0 0
471| 0 0 0
472| 0 0 0
473| 0 0 0
474| 0 0 0
475| 0 0 0
476| 0 0 0
477| 0 0 0
478| 0 0 0
479| 0 0 0
480| 0 0 0
481| 0 0 0
482| 0 0 0
483| 0 0 0
484| 0 0 0
485| 0 0 0
486| 0 0 0
487| 0 0 0
488| 0 0 0
489| 0 0 0
490| 0 0 0
491| 0 0 0
492| 0 0 0
493| 0 0 0
494| 0 0 0
495| 0 0 0
496| 0 0 0
497| 0 0 0
498| 0 0 0
499| 0 0 0
500| 0 0 0
501| 0 0 0
502| 0 0 0
503| 0 0 0
504| 0 0 0
505| 0 0 0
506| 0 0 0
507| 0 0 0
508| 0 0 0
509| 0 0 0
510| 0 0 0
511| 0 0 0
512| 0 0 0
513| 0 0 0
514| 0 0 0
515| 0 0 0
516| 0 0 0
517| 0 0 0
518| 0 0 0
519| 0 0 0
520| 0 0 0
521| 0 0 0
522| 0 0 0
523| 0 0 0
524| 0 0 0
525| 0 0 0
526| 0 0 0
527| 0 0 0
528| 0 0 0
529| 0 0 0
530| 0 0 0
531| 0 0 0
532| 0 0 0
533| 0 0 0
534| 0 0 0
535| 0 0 0
536| 0 0 0
537| 0 0 0
538| 0 0 0
539| 0 0 0
540| 0 0 0
541| 0 0 0
542| 0 0 0
543| 0 0 0
544| 0 0 0
545| 0 0 0
546| 0 0 0
547| 0 0 0
548| 0 0 0
549| 0 0 0
550| 0 0 0
551| 0 0 0
552| 0 0 0
553| 0 0 0
554| 0 0 0
555| 0 0 0
556| 0 0 0
557| 0 0 0
558| 0 0 0
559| 0 0 0
560| 0,3 0 0
561| 0,6 0 0
562| 0,9 0 0
563| 1,2 0 0
564| 1,5 0 0
565| 1,8 0 0
566| 2,1 0 0
567| 2,4 0 0
568| 2,7 0 0
569| 3 0 0
570| 3,299999 0 0
571| 3,599999 0 0
572| 3,899999 0 0
573| 4,2 0 0
574| 4,5 0 0
575| 4,8 0 0
576| 5,1 0 0
577| 5,4 0 0
578| 5,7 0 0
579| 6 0 0
580| 6,300001 0 0
581| 6,600001 0 0
582| 6,900001 0 0
583| 7,200001 0 0
584| 7,500001 0 0
585| 7,800001 0 0
586| 0 0 0
587| 0 0 0
588| 0 0 0
589| 0 0 0
590| 0 0 0
591| 0 0 0
592| 0 0 0
593| 0 0 0
594| 0 0 0
595| 0 0 0
596| 0 0 0
597| 0 0 0
598| 0 0 0
599| 0 0 0
600| 0 0 0
601| 0 0 0
602| 0,3 0 0
603| 0,6 0 0
604| 0,9 0 0
605| 1,2 0 0
606| 1,5 0 0
607| 1,8 0 0
608| 2,1 0 0
609| 2,4 0 0
610| 2,7 0 0
611| 3 0 0
612| 3,299999 0 0
613| 3,599999 0 0
614| 3,899999 0 0
615| 4,2 0 0
616| 4,5 0 0
617| 4,8 0 0
618| 5,1 0 0
619| 5,4 0 0
620| 5,7 0 0
621| 6 0 0
622| 6,300001 0 0
623| 6,600001 0 0
624| 6,900001 0 0
625| 7,200001 0 0
626| 7,500001 0 0
627| 7,800001 0 0
628| 8,1 0 0
629| 8,4 0 0
630| 8,7 0 0
631| 0 0 0
632| 0 0 0
633| 0 0 0
634| 0 0 0
635| 0 0 0
636| 0 0 0
637| 0 0 0
638| 0 0 0
639| 0 0 0
640| 0 0 0
641| 0 0 0
642| 0,3 0 0
643| 0,6 0 0
644| 0,9 0 0
645| 1,2 0 0
646| 1,5 0 0
647| 1,8 0 0
648| 2,1 0 0
649| 2,4 0 0
650| 2,7 0 0
651| 3 0 0
652| 3,299999 0 0
653| 3,599999 0 0
654| 3,899999 0 0
655| 4,2 0 0
656| 4,5 0 0
657| 4,8 0 0
658| 5,1 0 0
659| 5,4 0 0
660| 5,7 0 0
661| 6 0 0
662| 6,300001 0 0
663| 6,600001 0 0
664| 6,900001 0 0
665| 7,200001 0 0
666| 7,500001 0 0
667| 7,800001 0 0
668| 8,1 0 0
669| 0 0 0
670| 0 0 0
671| 0 0 0
672| 0 0 0
673| 0 0 0
674| 0 0 0
675| 0 0 0
676| 0 0 0
677| 0 0 0
678| 0 0 0
679| 0 0 0
680| 0 0 0
681| 0 0 0
682| 0 0 0
683| 0 0 0
684| 0 0 0
685| 0 0 0
686| 0 0 0
687| 0 0 0
688| 0 0 0
689| 0 0 0
690| 0 0 0
691| 0 0 0
692| 0 0 0
693| 0 0 0
694| 0 0 0
695| 0 0 0
696| 0 0 0
697| 0,3 0 0
698| 0,6 0 0
699| 0,9 0 0
700| 1,2 0 0
701| 1,5 0 0
702| 1,8 0 0
703| 2,1 0 0
704| 2,4 0 0
705| 2,7 0 0
706| 3 0 0
707| 3,299999 0 0
708| 3,599999 0 0
709| 3,899999 0 0
710| 4,2 0 0
711| 4,5 0 0
712| 4,8 0 0
713| 5,1 0 0
714| 0 0 0
715| 0 0 0
716| 0 0 0
717| 0 0 0
718| 0 0 0
719| 0 0 0
720| 0 0 0
721| 0 0 0
722| 0 0 0
723| 0 0 0
724| 0 0 0
725| 0 0 0
726| 0 0 0
727| 0 4 0
728| 0 8 0
729| 0 12 0
730| 0 16 0
731| 0 20 0
732| 0 24 0
733| 0 28 0
734| 0 32 0
735| 0 36 0
736| 0 40 0
737| 0 43,99999 0
738| 0 47,99999 0
739| 0 51,99999 0
740| 0 55,99999 0
741| 0 60 0
742| 0 64 0
743| 0 68 0
744| 0 72 0
745| 0 76,00001 0
746| 0 80,00001 0
747| 0 84,00001 0
748| 0 88,00002 0
749| 0 92,00002 0
750| 0 96,00002 0
751| 0 100 0
752| 0 104 0
753| 0 0 0
754| 0 0 0
755| 0 0 0
756| 0 0 0
757| 0 0 0
758| 0 0 0
759| 0 0 0
760| 0 0 0
761| 0 0 0
762| 0 0 0
763| 0 0 0
764| 0 0 0
765| 0 0 0
766| 0 0 0
767| 0 0 0
768| 0 0 0
769| 0 0 0
770| 0 4 0
771| 0 8 0
772| 0 12 0
773| 0 16 0
774| 0 20 0
775| 0 24 0
776| 0 28 0
777| 0 32 0
778| 0 36 0
779| 0 40 0
780| 0 43,99999 0
781| 0 0 0
782| 0 0 0
783| 0 0 0
784| 0 0 0
785| 0 0 0
786| 0 0 0
787| 0 0 0
788| 0 0 0
789| 0 0 0
790| 0 0 0
791| 0 0 0
792| 0 0 0
793| 0 0 0
794| 0 0 0
795| 0 0 0
796| 0 0 0
797| 0 0 0
798| 0 4 0
799| 0 8 0
800| 0 12 0
801| 0 0 0
802| 0 0 0
803| 0 0 0
804| 0 0 0
805| 0 0 0
806| 0 0 0
807| 0 0 0
808| 0 4 0
809| 0 0 0
810| 0 0 0
811| 0 0 0
812| 0 0 0
813| 0 0 0
814| 0 0 0
815| 0 0 0
816| 0 0 0
817| 0 0 0
818| 0 0 0
819| 0 0 0
820| 0 0 0
821| 0 0 0
822| 0 0 0
823| 0 0 0
824| 0 0 0
825| 0 0 0
826| 0 0 0
827| 0 0 0
828| 0 0 0
829| 0 0 0
830| 0 0 0
831| 0 0 0
832| 0 0 0
833| 0 0 0
834| 0 0 0
835| 0 0 0
836| 0 0 0
837| 0 0 0
838| 0 0 0
839| 0 0 0
840| 0 0 0
841| 0 0 0
842| 0 0 0
843| 0 0 0
844| 0 0 0
845| 0 0 0
846| 0 0 0
847| 0 0 0
848| 0 0 0
849| 0 0 0
850| 0 0 0
851| -0,3 0 0
852| -0,6 0 0
853| -0,9 0 0
854| -1,2 0 0
855| -1,5 0 0
856| -1,8 0 0
857| -2,1 0 0
858| -2,4 0 0
859| -2,7 0 0
860| -3 0 0
861| -3,299999 0 0
862| 0 0 0
863| 0 0 0
864| 0 0 0
865| 0 0 0
866| 0 0 0
867| 0 0 0
868| 0 0 0
869| 0 0 0
870| 0 0 0
871| 0 0 0
872| 0 0 0
873| 0 0 0
874| 0 0 0
875| 0 0 0
876| 0 0 0
877| -0,3 0 0
878| -0,6 4 0
879| -0,9 8 0
880| -1,2 12 0
881| -1,5 16 0
882| -1,8 20 0
883| -2,1 24 0
884| -2,4 28 0
885| -2,7 32 0
886| -3 36 0
887| -3,299999 40 0
888| -3,599999 43,99999 0
889| -3,899999 47,99999 0
890| -4,2 51,99999 0
891| -4,5 55,99999 0
892| -4,8 60 0
893| -5,1 64 0
894| -5,4 68 0
895| -5,7 72 0
896| -6 76,00001 0
897| -6 80,00001 0
898| 0 0 0
899| 0 0 0
900| 0 0 0
901| -0,3 0 0
902| -0,6 4 0
903| -0,6 8 0
904| -0,6 12 0
905| -0,6 16 0
906| -0,6 20 0
907| -0,6 24 0
908| -0,6 28 0
909| -0,9 32 0
910| -1,2 36 0
911| -1,5 40 0
912| -1,8 43,99999 0
913| -1,8 47,99999 0
914| 0 0 0
915| 0 0 0
916| 0 0 0
917| 0 0 0
918| 0 0 0
919| 0 0 0
920| 0 0 0
921| 0 0 0
922| -0,3 0 0
923| -0,6 0 0
924| -0,9 0 0
925| -1,2 0 0
926| -1,5 0 0
927| -1,8 0 0
928| -2,1 0 0
929| -2,4 0 0
930| -2,7 0 0
931| -3 0 0
932| -3,299999 0 0
933| -3,599999 0 0
934| -3,899999 0 0
935| -4,2 0 0
936| -4,5 0 0
937| -4,8 0 0
938| -5,1 0 0
939| -5,4 0 0
940| -5,7 0 0
941| -6 0 0
942| 0 0 0
943| 0 0 0
944| -0,3 0 0
945| -0,6 0 0
946| -0,9 0 0
947| -1,2 0 0
948| -1,5 0 0
949| -1,8 0 0
950| -2,1 0 0
951| -2,4 0 0
952| -2,7 0 0
953| -3 0 0
954| -3,299999 0 0
955| 0 0 0
956| 0 0 0
957| 0 0 0
958| -0,3 0 0
959| -0,6 0 0
960| -0,9 0 0
961| -1,2 0 0
962| 0 0 0
963| 0 0 0
964| 0 0 0
965| 0 0 0
966| 0 0 0
967| 0 4 0
968| 0 8 0
969| 0 12 0
970| 0 16 0
971| -0,3 20 0
972| -0,6 24 0
973| -0,9 28 0
974| -1,2 32 0
975| -1,5 36 0
976| -1,8 40 0
977| -2,1 43,99999 0
978| -2,4 47,99999 0
979| -2,7 51,99999 0
980| -3 55,99999 0
981| -3,299999 60 0
982| -3,599999 64 0
983| -3,899999 68 0
984| -3,899999 72 0
985| 0 0 0
986| 0 0 0
987| -0,3 0 0
988| -0,6 0 0
989| -0,9 0 0
990| -1,2 4 0
991| -1,5 8 0
992| -1,8 12 0
993| -2,1 16 0
994| -2,4 20 0
995| -2,7 24 0
996| -3 28 0
997| -3,299999 32 0
998| -3,599999 36 0
999| -3,899999 40 0
1000| -4,2 43,99999 0
1001| -4,5 47,99999 0
1002| -4,8 51,99999 0
1003| -5,1 55,99999 0
1004| -5,4 60 0
1005| -5,7 64 0
1006| -6 68 0
1007| -6,300001 72 0
1008| -6,600001 76,00001 0
1009| -6,900001 80,00001 0
1010| -7,200001 84,00001 0
1011| -7,500001 88,00002 0
1012| -7,500001 92,00002 0
1013| 0 0 0
1014| 0 0 0
1015| 0 0 0
1016| 0 0 0
1017| 0 0 0
1018| 0 0 0
1019| 0 0 0
1020| 0 0 0
1021| 0 0 0
1022| 0 0 0
1023| 0 0 0
1024| 0 0 0
1025| 0 0 0
1026| 0 0 0
1027| 0 0 0
1028| 0 0 0
1029| 0 0 0
1030| 0 0 0
1031| 0 0 0
1032| 0 0 0
1033| 0 0 0
1034| 0 0 0
1035| -0,3 0 0
1036| -0,6 0 0
1037| -0,9 0 0
1038| -1,2 0 0
1039| -1,5 0 0
1040| -1,8 0 0
1041| 0 0 0
1042| 0 0 0
1043| 0 0 0
1044| -0,3 0 0
1045| -0,6 0 0
1046| -0,9 0 0
1047| -1,2 0 0
1048| -1,5 0 0
1049| -1,8 0 0
1050| -2,1 0 0
1051| -2,4 0 0
1052| -2,7 0 0
1053| -3 0 0
1054| -3,299999 0 0
1055| -3,599999 0 0
1056| -3,899999 0 0
1057| -4,2 0 0
1058| -4,5 0 0
1059| 0 0 0
1060| 0 0 0
1061| 0 0 0
1062| 0 0 0
1063| 0 0 0
1064| 0 0 0
1065| 0 0 0
1066| -0,3 0 0
1067| -0,6 0 0
1068| -0,9 0 0
1069| -1,2 0 0
1070| 0 0 0
1071| 0 0 0
1072| 0 0 0
1073| 0 0 0
1074| -0,3 0 0
1075| -0,6 0 0
1076| -0,9 0 0
1077| -1,2 0 0
1078| -1,5 0 0
1079| -1,8 0 0
1080| -2,1 0 0
1081| -2,4 0 0
1082| -2,7 0 0
1083| -3 0 0
1084| -3,299999 0 0
1085| -3,599999 0 0
1086| -3,899999 0 0
1087| -4,2 0 0
1088| -4,5 0 0
1089| -4,8 0 0
1090| -5,1 0 0
1091| -5,4 0 0
1092| 0 0 0
1093| 0 0 0
1094| 0 0 0
1095| -0,3 0 0
1096| -0,6 0 0
1097| -0,9 0 0
1098| 0 0 0
1099| 0 0 0
1100| 0 0 0
1101| 0 0 0
1102| 0 0 0
1103| 0 0 0
1104| 0 0 0
1105| 0 0 0
1106| 0 0 0
1107| 0 0 0
1108| 0 0 0
1109| 0 0 0
1110| 0 0 0
1111| 0 0 0
1112| 0 0 0
1113| 0 0 0
1114| 0 0 0
1115| -0,3 0 0
1116| -0,6 0 0
1117| -0,9 0 0
1118| -1,2 0 0
1119| -1,5 0 0
1120| -1,8 0 0
1121| -2,1 0 0
1122| 0 0 0
1123| 0 0 0
1124| 0 0 0
1125| 0 0 0
1126| 0 0 0
1127| 0 0 0
1128| 0 0 0
1129| -0,3 0 0
1130| -0,6 0 0
1131| -0,9 0 0
1132| -1,2 0 0
1133| -1,5 0 0
1134| -1,8 0 0
1135| -2,1 0 0
1136| 0 0 0
1137| 0 0 0
1138| 0 0 0
1139| -0,3 0 0
1140| -0,6 0 0
1141| -0,9 0 0
1142| 0 0 0
1143| 0 0 0
1144| 0 0 0
1145| 0 0 0
1146| 0 0 0
1147| -0,3 0 0
1148| -0,6 0 0
1149| -0,9 0 0
1150| -1,2 0 0
1151| -1,5 0 0
1152| 0 0 0
1153| 0 0 0
1154| -0,3 0 0
1155| -0,6 0 0
1156| -0,9 0 0
1157| 0 0 0
1158| 0 0 0
1159| 0 0 0
1160| 0 0 0
1161| 0 0 0
1162| 0 0 0
1163| -0,3 0 0
1164| -0,6 0 0
1165| -0,9 0 0
1166| -1,2 0 0
1167| 0 0 0
1168| 0 0 0
1169| 0 0 0
1170| -0,3 0 0
1171| -0,6 0 0
1172| -0,9 0 0
1173| 0 0 0
1174| 0 0 0
1175| 0 0 0
1176| 0 0 0
1177| -0,3 0 0
1178| -0,6 0 0
1179| -0,9 0 0
1180| 0 0 0
1181| 0 0 0
1182| -0,3 0 0
1183| -0,6 0 0
1184| -0,9 0 0
1185| -1,2 0 0
1186| 0 0 0
1187| 0 0 0
1188| -0,3 0 0
1189| -0,6 0 0
1190| -0,9 0 0
1191| -1,2 0 0
1192| 0 0 0
1193| 0 0 0
1194| 0 0 0
1195| 0 0 0
1196| -0,3 0 0
1197| -0,6 0 0
1198| -0,9 0 0
1199| 0 0 0
1200| 0 0 0
1201| 0 0 0
1202| -0,3 0 0
1203| -0,6 0 0
1204| -0,9 0 0
1205| 0 0 0
1206| 0 0 0
1207| 0 0 0
1208| -0,3 0 0
1209| -0,6 0 0
1210| -0,9 0 0
1211| -1,2 0 0
1212| 0 0 0
1213| 0 0 0
1214| 0 0 0
1215| -0,3 0 0
1216| -0,6 0 0
1217| -0,9 0 0
1218| 0 0 0
1219| 0 0 0
1220| 0 0 0
1221| -0,3 0 0
1222| -0,6 0 0
1223| -0,9 0 0
1224| -1,2 0 0
1225| 0 0 0
1226| 0 0 0
1227| -0,3 0 0
1228| -0,6 0 0
1229| -0,9 0 0
1230| -1,2 0 0
1231| 0 0 0
1232| 0 0 0
1233| 0 0 0
1234| -0,3 0 0
1235| -0,6 0 0
1236| -0,9 0 0
1237| 0 0 0
1238| 0 0 0
1239| 0 0 0
1240| 0 0 0
1241| 0 0 0
1242| 0 0 0
1243| 0 0 0
1244| 0 0 0
1245| 0 0 0
1246| 0 0 0
1247| 0 0 0
1248| 0 4 0
1249| 0 8 0
1250| 0 12 0
1251| 0 16 0
1252| 0 20 0
1253| 0 24 0
1254| 0 28 0
1255| 0 32 0
1256| 0 36 0
1257| -0,3 40 0
1258| -0,6 43,99999 0
1259| -0,9 47,99999 0
1260| -0,9 51,99999 0
1261| -0,9 55,99999 0
1262| -0,9 60 0
1263| -0,9 64 0
1264| -0,9 68 0
1265| -0,9 72 0
1266| -0,9 76,00001 0
1267| -0,9 80,00001 0
1268| -0,9 84,00001 0
1269| -0,9 88,00002 0
1270| -0,9 92,00002 0
1271| -0,9 96,00002 0
1272| -1,2 100 0
1273| -1,5 104 0
1274| -1,8 108 0
1275| -1,8 112 0
1276| -1,8 116 0
1277| -1,8 120 0
1278| -1,8 124 0
1279| -2,1 128 0
1280| -2,4 132 0
1281| -2,7 136 0
1282| 0 0 0
1283| 0 0 0
1284| 0 0 0
1285| 0 0 0
1286| 0 0 0
1287| 0 0 0
1288| 0 0 0
1289| 0 0 0
1290| 0 0 0
1291| 0 0 0
1292| 0 0 0
1293| 0 0 0
1294| 0 0 0
1295| 0 0 0
1296| 0 0 0
1297| 0 4 0
1298| 0 8 0
1299| 0 12 0
1300| 0 16 0
1301| 0 20 0
1302| 0 24 0
1303| 0 28 0
1304| 0 32 0
1305| 0 36 0
1306| 0 40 0
1307| 0 43,99999 0
1308| 0 47,99999 0
1309| 0 51,99999 0
1310| 0 55,99999 0
1311| 0 60 0
1312| 0 64 0
1313| 0 68 0
1314| 0 72 0
1315| 0 76,00001 0
1316| 0 80,00001 0
1317| 0 84,00001 0
1318| 0 88,00002 0
1319| 0 92,00002 0
1320| 0 96,00002 0
1321| 0 100 0
1322| 0 104 0
1323| 0 108 0
1324| 0 112 0
1325| 0 116 0
1326| 0 120 0
1327| 0 124 0
1328| 0 128 0
1329| 0 132 0
1330| 0 136 0
1331| 0 140 0
1332| 0 144 0
1333| 0 148 0
1334| 0 152 0
1335| 0 156 0
1336| 0 160 0
1337| 0 164 0
1338| 0 168 0
1339| 0 171,9999 0
1340| 0 175,9999 0
1341| 0 179,9999 0
1342| 0 183,9999 0
1343| 0 187,9999 0
1344| 0 191,9999 0
1345| 0 0 0
1346| 0 0 0
1347| 0 0 0
1348| 0 0 0
1349| 0 4 0
1350| 0 8 0
1351| 0 12 0
1352| 0 0 0
1353| 0 0 0
1354| 0 0 0
1355| 0 0 0
1356| 0 0 0
1357| 0 0 0
1358| 0 0 0
1359| 0 0 0
1360| 0 0 0
1361| 0 0 0
1362| 0 0 0
1363| 0 0 0
1364| 0 0 0
1365| 0 0 0
1366| 0 0 0
1367| 0 0 0
1368| 0 0 0
1369| 0 0 0
1370| 0 0 0
1371| 0 0 0
1372| 0 0 0
1373| 0 0 0
1374| 0 0 0
1375| 0 0 0
1376| 0 0 0
1377| 0 0 0
1378| 0 0 0
1379| 0 0 0
1380| 0 0 0
1381| 0 0 0
1382| 0 0 0
1383| 0 0 0
1384| 0 0 0
1385| 0 0 0
1386| 0 0 0
1387| 0 0 0
1388| 0 0 0
1389| 0 0 0
1390| 0 0 0
1391| 0 0 0
1392| 0 0 0
1393| 0 0 0
1394| 0 0 0
1395| 0 0 0
1396| 0 0 0
1397| 0 0 0
1398| 0 0 0
1399| 0 0 0
1400| -0,3 0 0
1401| -0,6 0 0
1402| -0,9 0 0
1403| 0 0 0
1404| 0 0 0
1405| 0 0 0
1406| 0 0 0
1407| 0 0 0
1408| 0 0 0
1409| 0 0 0
1410| 0 0 0
1411| 0 0 0
1412| 0 0 0
1413| 0 0 0
1414| 0 0 0
1415| 0 0 0
1416| 0 0 0
1417| 0 0 0
1418| 0 0 0
1419| 0 0 0
1420| 0 0 0
1421| 0 0 0
1422| 0 0 0
1423| 0 0 0
1424| 0 0 0
1425| 0 0 0
1426| 0 0 0
1427| 0 0 0
1428| 0 0 0
1429| 0 0 0
1430| 0 0 0
1431| 0 0 0
1432| 0 0 0
1433| 0 0 0
1434| 0 0 0
1435| 0 0 0
1436| 0 0 0
1437| -0,3 0 0
1438| -0,6 0 0
1439| -0,9 0 0
1440| -1,2 0 0
1441| 0 0 0
1442| 0 0 0
1443| 0 0 0
1444| -0,3 0 0
1445| -0,6 0 0
1446| -0,9 0 0
1447| -1,2 0 0
1448| 0 0 0
1449| 0 0 0
1450| 0 0 0
1451| 0 0 0
1452| -0,3 0 0
1453| -0,6 0 0
1454| -0,9 0 0
1455| -1,2 0 0
1456| -1,5 0 0
1457| -1,8 0 0
1458| -2,1 0 0
1459| 0 0 0
1460| 0 0 0
1461| 0 0 0
1462| 0 0 0
1463| 0 0 0
1464| 0 0 0
1465| 0 0 0
1466| 0 0 0
1467| 0 0 0
1468| 0 0 0
1469| 0 0 0
1470| 0 0 0
1471| 0 0 0
1472| 0 0 0
1473| 0 0 0
1474| 0 0 0
1475| 0 0 0
1476| 0 0 0
1477| 0 0 0
1478| 0 0 0
1479| 0 0 0
1480| 0 0 0
1481| 0 0 0
1482| 0 0 0
1483| 0 0 0
1484| 0 0 0
1485| 0 0 0
1486| 0 0 0
1487| 0 0 0
1488| 0 0 0
1489| 0 0 0
1490| 0 0 0
1491| 0 0 0
1492| 0 0 0
1493| 0 0 0
1494| 0 0 0
1495| 0 0 0
1496| 0 0 0
1497| 0 0 0
1498| 0 0 0
1499| 0 0 0
1500| 0 0 0
1501| 0 0 0
1502| 0 0 0
1503| 0 0 0
1504| 0 0 0
1505| 0 0 0
1506| 0 0 0
1507| 0 0 0
1508| 0 0 0
1509| 0 0 0
1510| 0 0 0
1511| 0 0 0
1512| 0 0 0
1513| 0 0 0
1514| 0 0 0
1515| 0 0 0
1516| 0 0 0
1517| 0 0 0
1518| 0 0 0
1519| 0 0 0
1520| -0,3 0 0
1521| -0,6 0 0
1522| -0,9 0 0
1523| 0 0 0
1524| 0 0 0
1525| 0 0 0
1526| 0 0 0
1527| 0 0 0
1528| 0 0 0
1529| 0 0 0
1530| 0 0 0
1531| 0 0 0
1532| 0 0 0
1533| 0 0 0
1534| 0 0 0
1535| 0 0 0
1536| 0 0 0
1537| 0 0 0
1538| -0,3 0 0
1539| -0,6 0 0
1540| -0,9 0 0
1541| -1,2 0 0
1542| 0 0 0
1543| 0 0 0
1544| 0 0 0
1545| 0 0 0
1546| -0,3 0 0
1547| 0 0 0
1548| 0 0 0
1549| 0 0 0
1550| 0 0 0
1551| 0 4 0
1552| 0 8 0
1553| 0 12 0
1554| 0 16 0
1555| 0 20 0
1556| 0 24 0
1557| 0 28 0
1558| 0 32 0
1559| -0,3 36 0
1560| -0,6 40 0
1561| -0,9 43,99999 0
1562| -1,2 47,99999 0
1563| -1,2 51,99999 0
1564| 0 0 0
1565| 0 0 0
1566| 0 0 0
1567| 0 0 0
1568| 0 4 0
1569| 0 8 0
1570| 0 12 0
1571| -0,3 16 0
1572| -0,6 20 0
1573| -0,9 24 0
1574| -0,9 28 0
1575| -0,9 32 0
1576| -0,9 36 0
1577| -1,2 40 0
1578| -1,5 43,99999 0
1579| -1,5 47,99999 0
1580| -1,5 51,99999 0
1581| -1,5 55,99999 0
1582| -1,5 60 0
1583| -1,5 64 0
1584| -1,5 68 0
1585| -1,5 72 0
1586| -1,5 76,00001 0
1587| -1,8 80,00001 0
1588| -2,1 84,00001 0
1589| -2,4 88,00002 0
1590| -2,4 92,00002 0
1591| -2,4 96,00002 0
1592| -2,4 100 0
1593| -2,4 104 0
1594| -2,4 108 0
1595| 0 0 0
1596| 0 0 0
1597| 0 0 0
1598| 0 0 0
1599| 0 0 0
1600| 0 0 0
1601| 0 0 0
1602| 0 0 0
1603| 0 0 0
1604| 0 0 0
1605| 0 0 0
1606| 0 0 0
1607| 0 0 0
1608| 0 0 0
1609| 0,3 0 0
1610| 0,6 0 0
1611| 0,9 0 0
1612| 0 0 0
1613| 0 0 0
1614| 0 0 0
1615| 0 0 0
1616| 0 0 0
1617| 0 0 0
1618| 0 0 0
1619| 0 0 0
1620| 0 0 0
1621| 0 0 0
1622| 0 0 0
1623| 0 0 0
1624| 0 0 0
1625| 0 0 0
1626| 0 0 0
1627| 0,3 0 0
1628| 0,6 0 0
1629| 0 0 0
1630| 0 0 0
1631| 0 0 0
1632| 0 0 0
1633| 0 4 0
1634| 0 8 0
1635| 0 12 0
1636| 0 16 0
1637| 0 20 0
1638| 0 24 0
1639| 0 28 0
1640| 0 32 0
1641| 0 36 0
1642| 0 40 0
1643| 0 43,99999 0
1644| 0 47,99999 0
1645| 0 51,99999 0
1646| 0 55,99999 0
1647| 0 60 0
1648| 0 64 0
1649| 0 68 0
1650| 0 72 0
1651| 0 76,00001 0
1652| 0 80,00001 0
1653| 0 84,00001 0
1654| 0 88,00002 0
1655| 0 92,00002 0
1656| 0 96,00002 0
1657| 0 100 0
1658| 0 104 0
1659| 0 108 0
1660| 0 112 0
1661| 0 116 0
1662| 0 120 0
1663| 0 124 0
1664| 0 128 0
1665| 0 132 0
1666| 0 136 0
1667| 0 140 0
1668| 0 144 0
1669| 0 148 0
1670| 0 152 0
1671| 0 156 0
1672| 0,3 160 0
1673| 0,6 164 0
1674| 0,9 168 0
1675| 0,9 171,9999 0
1676| 0,9 175,9999 0
1677| 0,9 179,9999 0
1678| 0,9 183,9999 0
1679| 0,9 187,9999 0
1680| 0,9 191,9999 0
1681| 0,9 195,9999 0
1682| 0,9 199,9999 0
1683| 0,9 203,9999 0
1684| 0,9 207,9999 0
1685| 1,2 211,9999 0
1686| 1,5 215,9999 0
1687| 1,8 219,9999 0
1688| 1,8 223,9999 0
1689| 1,8 227,9999 0
1690| 0 0 0
1691| 0 0 0
1692| 0 0 0
1693| 0 0 0
1694| 0 0 0
1695| 0 0 0
1696| 0 0 0
1697| 0 0 0
1698| 0 0 0
1699| 0 0 0
1700| 0 0 0
1701| 0 0 0
1702| 0 0 0
1703| 0 0 0
1704| 0 0 0
1705| 0 0 0
1706| 0 0 0
1707| 0 0 0
1708| 0 0 0
1709| 0 0 0
1710| 0 0 0
1711| 0 0 0
1712| 0 0 0
1713| 0 0 0
1714| 0 0 0
1715| 0 0 0
1716| 0 0 0
1717| 0 0 0
1718| 0 0 0
1719| 0 0 0
1720| 0 0 0
1721| 0 4 0
1722| 0 8 0
1723| 0 12 0
1724| 0 16 0
1725| 0 20 0
1726| 0 24 0
1727| 0 28 0
1728| 0 32 0
1729| 0 36 0
1730| 0 40 0
1731| 0 43,99999 0
1732| 0 47,99999 0
1733| 0 51,99999 0
1734| 0 55,99999 0
1735| 0 60 0
1736| 0 64 0
1737| 0 68 0
1738| 0 72 0
1739| 0 76,00001 0
1740| 0 80,00001 0
1741| 0 84,00001 0
1742| 0 88,00002 0
1743| 0 92,00002 0
1744| 0 96,00002 0
1745| 0 0 0
1746| 0 0 0
1747| 0 0 0
1748| 0,3 4 0
1749| 0,6 8 0
1750| 0,9 12 0
1751| 1,2 16 0
1752| 1,5 20 0
1753| 1,8 20 0
1754| 0 0 0
1755| 0 0 0
1756| 0 0 0
1757| 0 0 0
1758| 0 0 0
1759| 0 0 0
1760| 0 0 0
1761| 0 0 0
1762| 0 0 0
1763| 0 0 0
1764| 0 0 0
1765| 0 0 0
1766| 0 0 0
1767| 0 0 0
1768| 0 0 0
1769| 0 0 0
1770| 0 0 0
1771| 0 0 0
1772| 0,3 0 0
1773| 0,6 0 0
1774| 0,9 0 0
1775| 1,2 0 0
1776| 1,5 0 0
1777| 1,8 0 0
1778| 2,1 0 0
1779| 2,4 0 0
1780| 2,7 0 0
1781| 3 0 0
1782| 3,299999 0 0
1783| 3,599999 0 0
1784| 3,899999 0 0
1785| 4,2 0 0
1786| 4,5 0 0
1787| 4,8 0 0
1788| 5,1 0 0
1789| 5,4 0 0
1790| 5,7 0 0
1791| 6 0 0
1792| 6,300001 0 0
1793| 6,600001 0 0
1794| 0 0 0
1795| 0 0 0
1796| 0 0 0
1797| 0 0 0
1798| 0 0 0
1799| 0 0 0
1800| 0 0 0
1801| 0 0 0
1802| 0 0 0
1803| 0 0 0
1804| 0 0 0
1805| 0 0 0
1806| 0 0 0
1807| 0 0 0
1808| 0 0 0
1809| 0,3 0 0
1810| 0,6 0 0
1811| 0,9 0 0
1812| 1,2 0 0
1813| 1,5 0 0
1814| 1,8 0 0
1815| 2,1 0 0
1816| 2,4 0 0
1817| 2,7 0 0
1818| 3 0 0
1819| 3,299999 0 0
1820| 3,599999 0 0
1821| 3,899999 0 0
1822| 4,2 0 0
1823| 4,5 0 0
1824| 4,8 0 0
1825| 5,1 0 0
1826| 5,4 0 0
1827| 0 0 0
1828| 0 0 0
1829| 0 0 0
1830| 0 0 0
1831| 0 0 0
1832| 0 0 0
1833| 0,3 0 0
1834| 0,6 0 0
1835| 0,9 0 0
1836| 0 0 0
1837| 0 0 0
1838| 0 0 0
1839| 0 0 0
1840| 0,3 0 0
1841| 0,6 0 0
1842| 0,9 0 0
1843| 1,2 0 0
1844| 1,5 0 0
1845| 1,8 0 0
1846| 2,1 0 0
1847| 0 0 0
1848| 0 0 0
1849| 0 0 0
1850| 0 0 0
1851| 0 0 0
1852| 0 0 0
1853| 0 0 0
1854| 0 0 0
1855| 0 0 0
1856| 0 0 0
1857| 0 0 0
1858| 0 0 0
1859| 0 0 0
1860| 0 0 0
1861| 0 0 0
1862| 0 0 0
1863| 0 4 0
1864| 0,3 8 0
1865| 0,6 12 0
1866| 0,9 16 0
1867| 1,2 20 0
1868| 1,5 24 0
1869| 1,8 28 0
1870| 0 0 0
1871| 0 0 0
1872| 0 0 0
1873| 0,3 0 0
1874| 0,6 0 0
1875| 0,9 0 0
1876| 1,2 0 0
1877| 1,5 0 0
1878| 1,8 0 0
1879| 2,1 0 0
1880| 0 0 0
1881| 0 0 0
1882| 0 0 0
1883| 0,3 0 0
1884| 0,6 0 0
1885| 0,9 0 0
1886| 1,2 0 0
1887| 1,5 0 0
1888| 1,8 0 0
1889| 2,1 0 0
1890| 2,4 0 0
1891| 2,7 0 0
1892| 3 0 0
1893| 3,299999 0 0
1894| 3,599999 0 0
1895| 3,899999 0 0
1896| 4,2 0 0
1897| 4,5 0 0
1898| 4,8 0 0
1899| 5,1 0 0
1900| 5,4 0 0
1901| 5,7 0 0
1902| 6 0 0
1903| 6,300001 0 0
1904| 6,600001 0 0
1905| 6,900001 0 0
1906| 7,200001 0 0
1907| 7,500001 0 0
1908| 7,800001 0 0
1909| 8,1 0 0
1910| 8,4 0 0
1911| 8,7 0 0
1912| 0 0 0
1913| 0 0 0
1914| 0 0 0
1915| 0 0 0
1916| 0 0 0
1917| 0 0 0
1918| 0 0 0
1919| 0 0 0
1920| 0 0 0
1921| 0,3 0 0
1922| 0,6 0 0
1923| 0,9 0 0
1924| 1,2 0 0
1925| 1,5 0 0
1926| 1,8 0 0
1927| 2,1 0 0
1928| 2,4 0 0
1929| 2,7 0 0
1930| 3 0 0
1931| 3,299999 0 0
1932| 3,599999 0 0
1933| 3,899999 0 0
1934| 4,2 0 0
1935| 4,5 0 0
1936| 4,8 0 0
1937| 5,1 0 0
1938| 5,4 0 0
1939| 5,7 0 0
1940| 0 0 0
1941| 0 0 0
1942| 0 0 0
1943| 0 0 0
1944| 0 0 0
1945| 0 0 0
1946| 0 0 0
1947| 0 0 0
1948| 0 0 0
1949| 0 0 0
1950| 0 0 0
1951| 0 0 0
1952| 0,3 0 0
1953| 0,6 0 0
1954| 0,9 0 0
1955| 1,2 0 0
1956| 0 0 0
1957| 0,3 0 0
1958| 0,6 0 0
1959| 0,9 0 0
1960| 1,2 0 0
1961| 0 0 0
1962| 0 0 0
1963| 0 0 0
1964| 0 0 0
1965| 0 0 0
1966| 0 4 0
1967| 0 8 0
1968| 0 12 0
1969| 0,3 16 0
1970| 0,6 20 0
1971| 0,9 24 0
1972| 1,2 28 0
1973| 1,5 32 0
1974| 1,8 36 0
1975| 2,1 40 0
1976| 2,1 43,99999 0
1977| 2,1 47,99999 0
1978| 2,1 51,99999 0
1979| 2,4 55,99999 0
1980| 2,7 60 0
1981| 3 64 0
1982| 0 0 0
1983| 0 0 0
1984| 0 0 0
1985| 0 0 0
1986| 0 0 0
1987| 0,3 0 0
1988| 0,6 4 0
1989| 0,9 8 0
1990| 1,2 12 0
1991| 1,5 16 0
1992| 1,8 20 0
1993| 2,1 24 0
1994| 0 0 0
1995| 0 0 0
1996| 0 0 0
1997| 0 0 0
1998| 0 0 0
1999| 0 0 0
2000| 0,3 0 0
2001| 0,6 4 0
2002| 0,9 8 0
2003| 1,2 12 0
2004| 1,5 16 0
2005| 1,8 20 0
2006| 0 0 0
2007| 0 0 0
2008| 0 0 0
2009| 0 0 0
2010| 0,3 0 0
2011| 0,6 4 0
2012| 0,9 8 0
2013| 1,2 12 0
2014| 1,5 16 0
2015| 1,8 20 0
2016| 2,1 24 0
2017| 2,1 28 0
2018| 2,1 32 0
2019| 2,1 36 0
2020| 2,4 40 0
2021| 2,7 43,99999 0
2022| 3 47,99999 0
2023| 0 0 0
2024| 0 0 0
2025| 0 0 0
2026| 0 0 0
2027| 0 0 0
2028| 0 0 0
2029| 0 0 0
2030| 0 4 0
2031| 0 8 0
2032| 0 12 0
2033| 0 16 0
2034| 0 20 0
2035| 0 24 0
2036| 0 28 0
2037| 0 32 0
2038| 0 36 0
2039| 0 40 0
2040| 0 43,99999 0
2041| 0 47,99999 0
2042| 0 51,99999 0
2043| 0 55,99999 0
2044| 0 60 0
2045| 0 64 0
2046| 0 68 0
2047| 0 72 0
2048| 0 76,00001 0
2049| 0 80,00001 0
2050| 0 84,00001 0
2051| 0 88,00002 0
2052| 0 92,00002 0
2053| 0 96,00002 0
2054| 0 100 0
2055| 0 104 0
2056| 0 108 0
2057| 0 112 0
2058| 0 116 0
2059| 0 120 0
2060| 0 124 0
2061| 0 128 0
2062| 0 132 0
2063| 0 136 0
2064| 0 140 0
2065| 0 144 0
2066| 0 148 0
2067| 0 152 0
2068| 0 156 0
2069| 0 160 0
2070| 0 164 0
2071| 0 168 0
2072| 0 171,9999 0
2073| 0 175,9999 0
2074| 0 179,9999 0
2075| 0 183,9999 0
2076| 0 187,9999 0
2077| 0 191,9999 0
2078| 0 195,9999 0
2079| 0 199,9999 0
2080| 0 203,9999 0
2081| 0 207,9999 0
2082| 0 211,9999 0
2083| 0 215,9999 0
2084| 0 219,9999 0
2085| 0 223,9999 0
2086| 0 227,9999 0
2087| 0 231,9999 0
2088| 0 235,9999 0
2089| 0 239,9999 0
2090| 0 243,9999 0
2091| 0 247,9999 0
2092| 0 251,9999 0
2093| 0 255,9999 0
2094| 0 259,9999 0
2095| 0 263,9999 0
2096| 0 267,9999 0
2097| 0 271,9998 0
2098| -0,3 275,9998 0
2099| -0,3 279,9998 0
2100| -0,3 283,9998 0
2101| -0,3 287,9998 0
2102| -0,3 291,9998 0
2103| -0,3 295,9998 0
2104| -0,3 299,9998 0
2105| -0,3 303,9998 0
2106| -0,3 307,9998 0
2107| -0,3 311,9998 0
2108| -0,3 315,9998 0
2109| -0,3 319,9998 0
2110| -0,3 323,9998 0
2111| -0,6 327,9998 0
2112| -0,9 331,9998 0
2113| -1,2 335,9998 0
2114| -1,5 339,9998 0
2115| -1,8 343,9998 0
2116| -2,1 347,9998 0
2117| -2,4 351,9998 0
2118| -2,7 355,9998 0
2119| -3 359,9998 0
2120| -3,299999 363,9998 0
2121| -3,599999 367,9998 0
2122| -3,899999 371,9998 0
2123| -4,2 375,9998 0
2124| -4,5 379,9998 0
2125| -4,8 383,9998 0
2126| -5,1 387,9998 0
2127| 0 0 0
2128| 0 0 0
2129| 0 0 0
2130| 0 0 0
2131| 0 0 0
2132| 0 0 0
2133| 0 0 0
2134| 0 0 0
2135| 0 0 0
2136| 0 0 0
2137| -0,3 0 0
2138| -0,6 4 0
2139| -0,9 8 0
2140| -1,2 12 0
2141| -1,5 16 0
2142| -1,8 20 0
2143| -2,1 24 0
2144| -2,1 28 0
2145| -2,1 32 0
2146| -2,1 36 0
2147| -2,4 40 0
2148| -2,7 43,99999 0
2149| -2,7 47,99999 0
2150| -2,7 51,99999 0
2151| -2,7 55,99999 0
2152| -2,7 60 0
2153| -2,7 64 0
2154| -2,7 68 0
2155| -2,7 72 0
2156| -2,7 76,00001 0
2157| -2,7 80,00001 0
2158| -2,7 84,00001 0
2159| -2,7 88,00002 0
2160| -2,7 92,00002 0
2161| -2,7 96,00002 0
2162| -2,7 100 0
2163| -2,7 104 0
2164| -2,7 108 0
2165| -2,7 112 0
2166| -2,7 116 0
2167| -2,7 120 0
2168| -2,7 124 0
2169| -2,7 128 0
2170| -2,7 132 0
2171| -2,7 136 0
2172| -2,7 140 0
2173| -2,7 144 0
2174| -2,7 148 0
2175| -2,7 152 0
2176| -2,7 156 0
2177| -2,7 160 0
2178| -2,7 164 0
2179| -2,7 168 0
2180| -2,7 171,9999 0
2181| -2,7 175,9999 0
2182| -2,7 179,9999 0
2183| -2,7 183,9999 0
2184| -2,7 187,9999 0
2185| -2,7 191,9999 0
2186| -2,7 195,9999 0
2187| 0 199,9999 0
2188| 0,3 203,9999 0
2189| 0,6 207,9999 0
2190| 0,9 211,9999 0
2191| 0,9 215,9999 0
2192| 0,9 219,9999 0
2193| 0,9 223,9999 0
2194| 0,9 227,9999 0
2195| 0,9 231,9999 0
2196| 0,9 235,9999 0
2197| 0,9 239,9999 0
2198| 0,9 243,9999 0
2199| 0,9 247,9999 0
2200| 0,9 251,9999 0
2201| 0,9 255,9999 0
2202| 0,9 259,9999 0
2203| 0,9 263,9999 0
2204| 0,9 267,9999 0
2205| 0,9 271,9998 0
2206| 0,9 275,9998 0
2207| 0,9 279,9998 0
2208| 0,9 283,9998 0
2209| 0,9 287,9998 0
2210| 0,9 291,9998 0
2211| 0,9 295,9998 0
2212| 0,9 299,9998 0
2213| 0,9 303,9998 0
2214| 0,9 307,9998 0
2215| 0,9 311,9998 0
2216| 0,9 315,9998 0
2217| 0,9 319,9998 0
2218| 0,9 323,9998 0
2219| 0,9 327,9998 0
2220| 0,9 331,9998 0
2221| 0,9 335,9998 0
2222| 0 0 0
2223| 0 0 0
2224| 0 0 0
2225| 0 0 0
2226| 0 0 0
2227| 0 0 0
2228| 0 0 0
2229| 0 0 0
2230| 0 0 0
2231| 0 0 0
2232| 0 0 0
2233| 0 0 0
2234| 0 0 0
2235| 0 0 0
2236| 0 0 0
2237| 0 0 0
2238| 0 0 0
2239| 0 0 0
2240| 0 0 0
2241| 0 0 0
2242| 0 0 0
2243| 0 0 0
2244| 0 0 0
2245| 0 0 0
2246| 0 0 0
2247| 0 0 0
2248| 0 0 0
2249| 0 0 0
2250| 0 0 0
2251| 0 0 0
2252| 0 0 0
2253| 0 0 0
2254| 0 0 0
2255| 0 0 0
2256| 0 0 0
2257| 0 0 0
2258| 0 0 0
2259| 0 0 0
2260| 0 0 0
2261| 0 0 0
2262| 0 0 0
2263| 0 0 0
2264| 0 0 0
2265| 0 0 0
2266| 0 0 0
2267| 0 0 0
2268| 0 0 0
2269| 0 0 0
2270| 0 0 0
2271| 0 0 0
2272| 0 0 0
2273| 0 0 0
2274| 0 0 0
2275| 0 0 0
2276| 0 0 0
2277| 0 0 0
2278| 0 0 0
2279| 0 0 0
2280| 0 0 0
2281| 0 0 0
2282| 0 0 0
2283| 0 0 0
2284| 0 0 0
2285| 0 0 0
2286| 0 0 0
2287| 0 0 0
2288| 0 0 0
2289| 0 0 0
2290| 0 0 0
2291| 0 0 0
2292| 0 0 0
2293| 0 0 0
2294| 0 0 0
2295| 0 0 0
2296| 0 0 0
2297| 0 0 0
2298| 0 0 0
2299| 0 0 0
2300| 0 0 0
2301| 0 0 0
2302| 0 0 0
2303| 0 0 0
2304| 0 0 0
2305| 0 0 0
2306| 0 0 0
2307| 0 0 0
2308| 0 0 0
2309| 0 0 0
2310| 0 0 0
2311| 0 0 0
2312| 0 0 0
2313| 0 0 0
2314| 0 0 0
2315| 0 0 0
2316| 0 0 0
2317| 0 0 0
2318| 0 0 0
2319| 0 0 0
2320| 0 0 0
2321| 0 0 0
2322| 0 0 0
2323| 0 0 0
2324| 0 0 0
2325| 0 0 0
2326| 0 0 0
2327| 0 0 0
2328| 0 0 0
2329| 0 0 0
2330| 0 0 0
2331| 0 0 0
2332| 0 0 0
2333| 0 0 0
2334| 0 0 0
2335| 0 0 0
2336| 0 0 0
2337| 0 0 0
2338| 0 0 0
2339| 0 0 0
2340| 0 0 0
2341| 0 0 0
2342| 0 0 0
2343| 0 0 0
2344| 0 0 0
2345| 0 0 0
2346| 0 0 0
2347| 0 0 0
2348| 0 0 0
2349| 0 0 0

