1| 0 0 0
2| 0 0 0
3| 0 0 0
4| 0 0 0
5| 0 0 0
6| 0 0 0
7| 0 0 0
8| 0 0 0
9| 0 0 0
10| -0,3 0 0
11| -0,6 0 0
12| -0,9 0 0
13| -1,2 0 0
14| -1,5 0 0
15| -1,8 0 0
16| -2,1 0 0
17| -2,4 0 0
18| -2,7 0 0
19| -3 0 0
20| -3,299999 0 0
21| -3,599999 4 0
22| -3,899999 8 0
23| -4,2 12 0
24| -4,5 16 0
25| -4,8 20 0
26| -5,1 24 0
27| -5,4 28 0
28| -5,7 32 0
29| -6 36 0
30| -6,300001 40 0
31| -6,600001 43,99999 0
32| -6,900001 47,99999 0
33| -7,200001 51,99999 0
34| -7,500001 55,99999 0
35| -7,800001 60 0
36| -8,1 64 0
37| -8,4 68 0
38| -8,7 72 0
39| -8,999999 76,00001 0
40| -9,299999 80,00001 0
41| -9,599998 84,00001 0
42| -9,899999 88,00002 0
43| -10,2 92,00002 0
44| -10,5 96,00002 0
45| -10,8 100 0
46| -11,1 104 0
47| -11,4 108 0
48| -11,7 112 0
49| -12 116 0
50| -12,3 120 0
51| -12,6 124 0
52| -12,9 128 0
53| -13,2 132 0
54| -13,5 136 0
55| -13,79999 140 0
56| -14,09999 144 0
57| -14,39999 148 0
58| -14,69999 152 0
59| -14,99999 156 0
60| -15,29999 160 0
61| -15,59999 164 0
62| -15,89999 168 0
63| -16,19999 171,9999 0
64| -16,49999 175,9999 0
65| -16,79999 179,9999 0
66| -17,09999 183,9999 0
67| -17,39999 187,9999 0
68| -17,69999 191,9999 0
69| -17,99999 195,9999 0
70| -18,29999 199,9999 0
71| -18,59999 203,9999 0
72| -18,89999 207,9999 0
73| -19,19999 211,9999 0
74| -19,49999 215,9999 0
75| -19,79999 219,9999 0
76| -20,09999 223,9999 0
77| -20,39999 227,9999 0
78| -20,69999 231,9999 0
79| -20,99999 235,9999 0
80| -21,29999 239,9999 0
81| -21,59999 243,9999 0
82| -21,89999 247,9999 0
83| -22,19999 251,9999 0
84| -22,49999 255,9999 0
85| -22,79999 259,9999 0
86| -23,09999 263,9999 0
87| -23,39999 267,9999 0
88| -23,39999 271,9998 0
89| -23,39999 275,9998 0
90| -23,39999 279,9998 0
91| -23,39999 283,9998 0
92| -23,39999 287,9998 0
93| -23,39999 291,9998 0
94| -23,39999 295,9998 0
95| -23,39999 299,9998 0
96| -23,39999 303,9998 0
97| -23,39999 307,9998 0
98| -23,39999 311,9998 0
99| -23,39999 315,9998 0
100| -23,39999 319,9998 0
101| -23,39999 323,9998 0
102| -23,39999 327,9998 0
103| -23,39999 331,9998 0
104| -23,39999 335,9998 0
105| -23,39999 339,9998 0
106| 0 343,9998 0
107| 0 347,9998 0
108| 0 351,9998 0
109| 0 355,9998 0
110| 0,3 359,9998 0
111| 0,6 363,9998 0
112| 0,6 367,9998 0
113| 0,6 371,9998 0
114| 0,9 375,9998 0
115| 1,2 379,9998 0
116| 1,5 383,9998 0
117| 1,8 387,9998 0
118| 2,1 391,9998 0
119| 2,4 395,9998 0
120| 2,7 399,9997 0
121| 3 400 0
122| 3,299999 400 0
123| 3,599999 400 0
124| 3,899999 400 0
125| 4,2 400 0
126| 4,5 400 0
127| 4,8 400 0
128| 5,1 400 0
129| 5,4 400 0
130| 5,7 400 0
131| 6 400 0
132| 6,300001 400 0
133| 6,600001 400 0
134| 6,900001 400 0
135| 7,200001 400 0
136| 7,500001 400 0
137| 7,800001 400 0
138| 8,1 400 0
139| 8,4 400 0
140| 8,7 400 0
141| 8,999999 400 0
142| 9,299999 400 0
143| 9,599998 400 0
144| 9,899999 400 0
145| 10,2 400 0
146| 10,5 400 0
147| 10,8 400 0
148| 11,1 400 0
149| 11,4 400 0
150| 11,7 400 0
151| 12 400 0
152| 12,3 400 0
153| 12,6 400 0
154| 12,6 400 0
155| 12,6 400 0
156| 12,6 400 0
157| 12,6 400 0
158| 12,6 400 0
159| 12,6 400 0
160| 12,6 400 0
161| 12,6 400 0
162| 12,6 400 0
163| 12,6 400 0
164| 12,6 400 0
165| 12,6 400 0
166| 12,6 400 0
167| 12,6 400 0
168| 12,6 400 0
169| 12,6 400 0
170| 12,6 400 0
171| 12,6 400 0
172| 12,6 400 0
173| 12,6 400 0
174| 12,6 400 0
175| 12,6 400 0
176| 12,6 400 0
177| 12,6 400 0
178| 12,6 400 0
179| 12,6 400 0
180| 12,6 400 0
181| 12,6 400 0
182| 12,6 400 0
183| 12,6 400 0
184| 12,6 400 0
185| 12,6 400 0
186| 12,6 400 0
187| 12,6 400 0
188| 12,6 400 0
189| 12,6 400 0
190| 12,6 400 0
191| 12,6 400 0
192| 12,6 400 0
193| 12,6 400 0
194| 12,6 400 0
195| 12,6 400 0
196| 12,6 400 0
197| 12,6 400 0
198| 12,6 400 0
199| 12,6 400 0
200| 12,6 400 0
201| 0 400 0
202| -0,3 400 0
203| -0,6 400 0
204| -0,6 400 0
205| -0,6 400 0
206| -0,6 400 0
207| -0,6 400 0
208| -0,9 400 0
209| -1,2 400 0
210| -1,5 400 0
211| -1,5 400 0
212| -1,5 400 0
213| -1,5 400 0
214| -1,5 400 0
215| -1,8 400 0
216| -2,1 400 0
217| -2,4 400 0
218| -2,7 400 0
219| -3 400 0
220| -3,299999 400 0
221| -3,599999 400 0
222| -3,599999 400 0
223| -3,599999 400 0
224| -3,599999 400 0
225| -3,599999 400 0
226| -3,599999 400 0
227| -3,599999 400 0
228| -3,599999 400 0
229| -3,599999 400 0
230| -3,599999 400 0
231| -3,599999 400 0
232| -3,599999 400 0
233| -3,599999 400 0
234| -3,599999 400 0
235| -3,599999 400 0
236| -3,599999 400 0
237| -3,599999 400 0
238| -3,599999 400 0
239| -3,599999 400 0
240| -3,599999 400 0
241| -3,599999 400 0
242| -3,599999 400 0
243| -3,599999 400 0
244| -3,599999 400 0
245| -3,599999 400 0
246| -3,599999 400 0
247| -3,599999 400 0
248| -3,599999 400 0
249| -3,599999 400 0
250| -3,599999 400 0
251| -3,599999 400 0
252| -3,599999 400 0
253| -3,599999 400 0
254| -3,599999 400 0
255| -3,599999 400 0
256| 0 400 0
257| 0,3 400 0
258| 0,6 400 0
259| 0,6 400 0
260| 0,6 400 0
261| 0,6 400 0
262| 0,6 400 0
263| 0,6 400 0
264| 0,6 400 0
265| 0,9 400 0
266| 1,2 400 0
267| 1,5 400 0
268| 1,5 400 0
269| 1,5 400 0
270| 1,5 400 0
271| 1,5 400 0
272| 1,5 400 0
273| 1,5 400 0
274| 1,5 400 0
275| 1,5 400 0
276| 1,5 400 0
277| 1,8 400 0
278| 2,1 400 0
279| 2,1 400 0
280| 2,1 400 0
281| 2,1 400 0
282| 2,1 400 0
283| 2,1 400 0
284| 2,1 400 0
285| 2,1 400 0
286| 2,1 400 0
287| 2,1 400 0
288| 2,1 400 0
289| 2,1 400 0
290| 2,1 400 0
291| 2,1 400 0
292| 2,1 400 0
293| 2,1 400 0
294| 2,1 400 0
295| 2,4 400 0
296| 2,7 400 0
297| 2,7 400 0
298| 2,7 400 0
299| 2,7 400 0
300| 2,7 400 0
301| 2,7 400 0
302| 2,7 400 0
303| 3 400 0
304| 3,299999 400 0
305| 3,599999 400 0
306| 3,599999 400 0
307| 3,599999 400 0
308| 3,599999 400 0
309| 3,599999 400 0
310| 3,599999 400 0
311| 3,599999 400 0
312| 3,599999 400 0
313| 3,599999 400 0
314| 3,599999 400 0
315| 3,599999 400 0
316| 3,599999 400 0
317| 3,599999 400 0
318| 3,599999 400 0
319| 3,899999 400 0
320| 4,2 400 0
321| 4,2 400 0
322| 4,2 400 0
323| 4,2 400 0
324| 4,2 400 0
325| 4,2 400 0
326| 4,2 400 0
327| 4,2 400 0
328| 4,2 400 0
329| 4,2 400 0
330| 4,2 400 0
331| 4,2 400 0
332| 4,2 400 0
333| 4,2 400 0
334| 4,2 400 0
335| 4,2 400 0
336| 4,2 400 0
337| 4,2 400 0
338| 4,2 400 0
339| 4,2 400 0
340| 4,2 400 0
341| 4,2 400 0
342| 4,2 400 0
343| 0 400 0
344| -0,3 400 0
345| -0,6 400 0
346| -0,6 400 0
347| -0,6 400 0
348| -0,6 400 0
349| -0,6 400 0
350| -0,6 400 0
351| -0,6 400 0
352| -0,9 400 0
353| -1,2 400 0
354| -1,5 400 0
355| -1,5 400 0
356| -1,5 400 0
357| -1,5 400 0
358| -1,5 400 0
359| -1,5 400 0
360| -1,5 400 0
361| -1,5 400 0
362| -1,8 400 0
363| -2,1 400 0
364| -2,1 400 0
365| -2,1 400 0
366| -2,1 400 0
367| -2,1 400 0
368| -2,1 400 0
369| -2,1 400 0
370| -2,1 400 0
371| -2,1 400 0
372| -2,1 400 0
373| -2,1 400 0
374| -2,1 400 0
375| -2,1 400 0
376| -2,1 400 0
377| -2,1 400 0
378| -2,1 400 0
379| -2,1 400 0
380| -2,1 400 0
381| -2,1 400 0
382| -2,1 400 0
383| -2,1 400 0
384| -2,1 400 0
385| -2,1 400 0
386| -2,1 400 0
387| -2,1 400 0
388| -2,1 400 0
389| -2,1 400 0
390| -2,1 400 0
391| -2,1 400 0
392| -2,1 400 0
393| -2,1 400 0
394| -2,1 400 0
395| -2,1 400 0
396| -2,1 400 0
397| -2,1 400 0
398| -2,1 400 0
399| -2,1 400 0
400| -2,1 400 0
401| -2,1 400 0
402| -2,1 400 0
403| -2,1 400 0
404| -2,1 400 0
405| -2,1 400 0
406| -2,1 400 0
407| -2,1 400 0
408| -2,1 400 0
409| -2,1 400 0
410| -2,1 400 0
411| -2,1 400 0
412| -2,1 400 0
413| -2,1 400 0
414| -2,1 400 0
415| -2,1 400 0
416| -2,1 400 0
417| -2,1 400 0
418| -2,1 400 0
419| -2,1 400 0
420| -2,1 400 0
421| -2,1 400 0
422| -2,1 400 0
423| -2,1 400 0
424| -2,1 400 0
425| -2,1 400 0
426| -2,1 400 0
427| -2,1 400 0
428| -2,1 400 0
429| -2,1 400 0
430| -2,1 400 0
431| -2,1 400 0
432| -2,1 400 0
433| -2,1 400 0
434| -2,1 400 0
435| -2,1 400 0
436| -2,1 400 0
437| -2,1 400 0
438| -2,1 400 0
439| -2,1 400 0
440| -2,1 400 0
441| -2,1 400 0
442| -2,1 400 0
443| -2,1 400 0
444| -2,1 400 0
445| -2,1 400 0
446| -2,1 400 0
447| -2,1 400 0
448| -2,1 400 0
449| -2,1 400 0
450| -2,1 400 0
451| -2,1 400 0
452| -2,1 400 0
453| -2,1 400 0
454| -2,1 400 0
455| -2,1 400 0
456| -2,1 400 0
457| -2,1 400 0
458| -2,1 400 0
459| -2,1 400 0
460| -2,1 400 0
461| -2,1 400 0
462| -2,1 400 0
463| -2,1 400 0
464| -2,1 400 0
465| -2,1 400 0
466| -2,1 400 0
467| -2,1 400 0
468| -2,1 400 0
469| -2,1 400 0
470| -2,1 400 0
471| -2,1 400 0
472| -2,1 400 0
473| -2,1 400 0
474| -2,1 400 0
475| -2,1 400 0
476| -2,1 400 0
477| -2,1 400 0
478| -2,1 400 0
479| -2,1 400 0
480| -2,1 400 0
481| -2,1 400 0
482| -2,1 400 0
483| -2,1 400 0
484| -2,1 400 0
485| -2,1 400 0
486| -2,1 400 0
487| -2,1 400 0
488| -2,1 400 0
489| -2,1 400 0
490| -2,1 400 0
491| -2,1 400 0
492| -2,1 400 0
493| -2,1 400 0
494| -2,1 400 0
495| -2,1 400 0
496| -2,1 400 0
497| -2,1 400 0
498| -2,1 400 0
499| -2,1 400 0
500| -2,1 400 0
501| -2,1 400 0
502| -2,1 400 0
503| -2,1 400 0
504| -2,1 400 0
505| -2,1 400 0
506| -2,1 400 0
507| -2,1 400 0
508| -2,1 400 0
509| -2,1 400 0
510| -2,1 400 0
511| -2,1 400 0
512| -2,1 400 0
513| -2,1 400 0
514| -2,1 400 0
515| -2,1 400 0
516| -2,1 400 0
517| -2,1 400 0
518| -2,1 400 0
519| -2,1 400 0
520| -2,1 400 0
521| -2,1 400 0
522| -2,1 400 0
523| -2,1 400 0
524| -2,1 400 0
525| -2,1 400 0
526| -2,1 400 0
527| -2,1 400 0
528| -2,1 400 0
529| -2,1 400 0
530| -2,1 400 0
531| -2,1 400 0
532| -2,1 400 0
533| -2,1 400 0
534| -2,1 400 0
535| -2,1 400 0
536| -2,1 400 0
537| -2,1 400 0
538| -2,1 400 0
539| -2,1 400 0
540| -2,1 400 0
541| -2,1 400 0
542| -2,1 400 0
543| -2,1 400 0
544| -2,1 400 0
545| -2,1 400 0
546| -2,1 400 0
547| -2,1 400 0
548| -2,1 400 0
549| -2,1 400 0
550| -2,1 400 0
551| -2,1 400 0
552| -2,1 400 0
553| -2,1 400 0
554| -2,1 400 0
555| -2,1 400 0
556| -2,1 400 0
557| -2,1 400 0
558| -2,1 400 0
559| -2,1 400 0
560| -2,1 400 0
561| -2,1 400 0
562| -2,1 400 0
563| -2,1 400 0
564| -2,1 400 0
565| -2,1 400 0
566| -2,1 400 0
567| -2,1 400 0
568| -2,1 400 0
569| -2,1 400 0
570| -2,1 400 0
571| -2,1 400 0
572| -2,1 400 0
573| -2,1 400 0
574| -2,1 400 0
575| -2,1 400 0
576| -2,1 400 0
577| -2,1 400 0
578| -2,1 400 0
579| -2,1 400 0
580| -2,1 400 0
581| -2,1 400 0
582| -2,1 400 0
583| -2,1 400 0
584| -2,1 400 0
585| -2,1 400 0
586| -2,1 400 0
587| -2,1 400 0
588| -2,1 400 0
589| -2,1 400 0
590| -2,1 400 0
591| -2,1 400 0
592| -2,1 400 0
593| -2,1 400 0
594| -2,1 400 0
595| -2,1 400 0
596| -2,1 400 0
597| -2,1 400 0
598| -2,1 400 0
599| -2,1 400 0
600| -2,1 400 0
601| -2,1 400 0
602| -2,1 400 0
603| -2,1 400 0
604| -2,1 400 0
605| -2,1 400 0
606| -2,1 400 0
607| -2,1 400 0
608| -2,1 400 0
609| -2,1 400 0
610| -2,1 400 0
611| -2,1 400 0
612| -2,1 400 0
613| -2,1 400 0
614| -2,1 400 0
615| -2,1 400 0
616| -2,1 400 0
617| -2,1 400 0
618| -2,1 400 0
619| -2,1 400 0
620| -2,1 400 0
621| -2,1 400 0
622| -2,1 400 0
623| -2,1 400 0
624| -2,1 400 0
625| 0 400 0
626| 0,3 400 0
627| 0,3 400 0
628| 0,3 400 0
629| 0,3 400 0
630| 0,3 400 0
631| 0,3 400 0
632| 0,3 400 0
633| 0,3 400 0
634| 0,3 400 0
635| 0,3 400 0
636| 0,3 400 0
637| 0,3 400 0
638| 0,3 400 0
639| 0,3 400 0
640| 0,3 400 0
641| 0,3 400 0
642| 0,3 400 0
643| 0,3 400 0
644| 0,3 400 0
645| 0,3 400 0
646| 0,3 400 0
647| 0,3 400 0
648| 0,3 400 0
649| 0,3 400 0
650| 0,3 400 0
651| 0,3 400 0
652| 0,3 400 0
653| 0,3 400 0
654| 0,3 400 0
655| 0,3 400 0
656| 0,3 400 0
657| 0,3 400 0
658| 0,3 400 0
659| 0,3 400 0
660| 0,3 400 0
661| 0,3 400 0
662| 0,3 400 0
663| 0,3 400 0
664| 0,3 400 0
665| 0,3 400 0
666| 0,3 400 0
667| 0,3 400 0
668| 0,3 400 0
669| 0,3 400 0
670| 0,3 400 0
671| 0,3 400 0
672| 0,3 400 0
673| 0,3 400 0
674| 0,3 400 0
675| 0,3 400 0
676| 0,3 400 0
677| 0,3 400 0
678| 0,3 400 0
679| 0,3 400 0
680| 0,3 400 0
681| 0,3 400 0
682| 0 400 0
683| -0,3 400 0
684| -0,3 400 0
685| -0,3 400 0
686| -0,3 400 0
687| -0,3 400 0
688| -0,3 400 0
689| -0,3 400 0
690| -0,3 400 0
691| -0,3 400 0
692| -0,3 400 0
693| -0,3 400 0
694| -0,3 400 0
695| -0,3 400 0
696| -0,3 400 0
697| -0,3 400 0
698| -0,3 400 0
699| -0,3 400 0
700| -0,3 400 0
701| -0,3 400 0
702| -0,3 400 0
703| -0,3 400 0
704| -0,3 400 0
705| -0,3 400 0
706| -0,3 400 0
707| -0,3 400 0
708| -0,3 400 0
709| -0,6 400 0
710| -0,9 400 0
711| -0,9 400 0
712| -0,9 400 0
713| -0,9 400 0
714| -0,9 400 0
715| -0,9 400 0
716| -0,9 400 0
717| -0,9 400 0
718| -0,9 400 0
719| -0,9 400 0
720| -0,9 400 0
721| -1,2 400 0
722| -1,5 400 0
723| -1,8 400 0
724| -1,8 400 0
725| -1,8 400 0
726| -1,8 400 0
727| -1,8 400 0
728| -1,8 400 0
729| -1,8 400 0
730| -1,8 400 0
731| -1,8 400 0
732| -1,8 400 0
733| -1,8 400 0
734| -2,1 400 0
735| -2,4 400 0
736| -2,7 400 0
737| -2,7 400 0
738| -2,7 400 0
739| -2,7 400 0
740| -2,7 400 0
741| -2,7 400 0
742| -2,7 400 0
743| -2,7 400 0
744| -2,7 400 0
745| -2,7 400 0
746| -2,7 400 0
747| -2,7 400 0
748| -2,7 400 0
749| -2,7 400 0
750| -2,7 400 0
751| -2,7 400 0
752| -2,7 400 0
753| -2,7 400 0
754| -2,7 400 0
755| -2,7 400 0
756| -2,7 400 0
757| -2,7 400 0
758| -2,7 400 0
759| -2,7 400 0
760| -2,7 400 0
761| -2,7 400 0
762| -2,7 400 0
763| -2,7 400 0
764| -2,7 400 0
765| -2,7 400 0
766| -2,7 400 0
767| -2,7 400 0
768| -2,7 400 0
769| -2,7 400 0
770| -2,7 400 0
771| -2,7 400 0
772| -2,7 400 0
773| -2,7 400 0
774| -2,7 400 0
775| -2,7 400 0
776| -2,7 400 0
777| -2,7 400 0
778| -2,7 400 0
779| -2,7 400 0
780| -2,7 400 0
781| -2,7 400 0
782| -2,7 400 0
783| -2,7 400 0
784| -2,7 400 0
785| -2,7 400 0
786| -2,7 400 0
787| -2,7 400 0
788| -2,7 400 0
789| -2,7 400 0
790| -2,7 400 0
791| 0 400 0
792| 0,3 400 0
793| 0,6 400 0
794| 0,9 400 0
795| 1,2 400 0
796| 1,2 400 0
797| 1,2 400 0
798| 1,5 400 0
799| 1,8 400 0
800| 2,1 400 0
801| 2,1 400 0
802| 2,1 400 0
803| 2,4 400 0
804| 2,4 400 0
805| 2,4 400 0
806| 2,4 400 0
807| 2,7 400 0
808| 3 400 0
809| 3 400 0
810| 3 400 0
811| 3 400 0
812| 3 400 0
813| 3 400 0
814| 3 400 0
815| 3,299999 400 0
816| 3,599999 400 0
817| 3,599999 400 0
818| 3,599999 400 0
819| 3,599999 400 0
820| 3,599999 400 0
821| 3,599999 400 0
822| 3,599999 400 0
823| 3,599999 400 0
824| 3,599999 400 0
825| 3,599999 400 0
826| 3,599999 400 0
827| 3,599999 400 0
828| 3,599999 400 0
829| 3,599999 400 0
830| 3,599999 400 0
831| 3,899999 400 0
832| 4,2 400 0
833| 4,2 400 0
834| 4,2 400 0
835| 4,2 400 0
836| 4,2 400 0
837| 4,2 400 0
838| 4,2 400 0
839| 4,2 400 0
840| 4,2 400 0
841| 4,2 400 0
842| 4,2 400 0
843| 4,2 0 0
844| 4,2 0 0
845| 4,2 0 0
846| 4,2 0 0
847| 4,2 -4 0
848| 4,2 -8 0
849| 4,2 -12 0
850| 4,2 -16 0
851| 4,2 -20 0
852| 4,2 -24 0
853| 4,2 -28 0
854| 4,2 -32 0
855| 4,2 -36 0
856| 4,2 -40 0
857| 4,2 -43,99999 0
858| 4,2 -47,99999 0
859| 4,2 -51,99999 0
860| 4,2 -55,99999 0
861| 4,2 -60 0
862| 4,2 -64 0
863| 4,2 -68 0
864| 4,2 -72 0
865| 4,2 -76,00001 0
866| 4,2 -80,00001 0
867| 4,2 -84,00001 0
868| 4,2 -88,00002 0
869| 4,2 -92,00002 0
870| 4,2 -96,00002 0
871| 4,2 -100 0
872| 0 0 0
873| 0 0 0
874| 0 0 0
875| 0 0 0
876| 0 0 0
877| 0 0 0
878| 0 0 0
879| 0 0 0
880| 0 0 0
881| 0 0 0
882| 0 0 0
883| 0 0 0
884| 0 0 0
885| 0 0 0
886| 0 0 0
887| 0 0 0
888| 0 0 0
889| 0 0 0
890| 0 0 0
891| 0 0 0
892| 0 0 0
893| 0 0 0
894| 0 0 0
895| 0 0 0
896| 0 0 0
897| 0 0 0
898| 0 0 0
899| 0 0 0
900| 0 0 0
901| 0 0 0
902| 0 0 0
903| 0 0 0
904| 0 0 0
905| 0 0 0
906| 0 0 0
907| 0 0 0
908| 0 0 0
909| 0 0 0
910| 0 0 0
911| 0 0 0
912| 0 0 0
913| 0 0 0
914| 0 0 0
915| 0 0 0
916| 0 0 0
917| 0 0 0
918| 0 0 0
919| 0 0 0
920| 0 0 0
921| 0 0 0
922| 0 0 0
923| 0 0 0
924| 0 0 0
925| 0 0 0
926| 0 0 0
927| 0 0 0
928| 0 0 0
929| 0 0 0
930| 0 0 0
931| 0 0 0
932| 0 0 0
933| 0 0 0
934| 0 0 0
935| 0 0 0
936| 0 0 0
937| 0 0 0
938| 0 0 0
939| 0 0 0
940| 0 0 0
941| 0 0 0
942| 0 0 0
943| 0 0 0
944| 0 0 0
945| 0 0 0
946| 0 0 0
947| 0 0 0
948| 0 0 0
949| 0 0 0
950| 0 0 0
951| 0 0 0
952| 0 0 0
953| 0 0 0
954| 0 0 0
955| 0 0 0
956| 0 0 0
957| 0 0 0
958| 0 0 0
959| 0 0 0
960| 0 0 0
961| 0 0 0
962| 0 0 0
963| 0 0 0
964| 0 0 0
965| 0 0 0
966| 0 0 0
967| 0 0 0
968| 0 0 0
969| 0 0 0
970| 0 0 0
971| 0 0 0
972| 0 0 0
973| 0 0 0
974| 0 0 0
975| 0 0 0
976| 0 0 0
977| 0 0 0
978| 0 0 0
979| 0 0 0
980| 0 0 0
981| 0 0 0
982| 0 -4 0
983| 0 -8 0
984| 0 -12 0
985| 0 -16 0
986| 0 -20 0
987| 0 -24 0
988| 0 -28 0
989| 0 -32 0
990| 0 -36 0
991| 0 -40 0
992| 0 -43,99999 0
993| 0 -47,99999 0
994| 0 -51,99999 0
995| 0 -55,99999 0
996| 0 -60 0
997| 0 -64 0
998| 0 -68 0
999| 0,3 -72 0
1000| 0,6 -76,00001 0
1001| 0,9 -80,00001 0
1002| 1,2 -84,00001 0
1003| 1,2 -88,00002 0
1004| 1,2 -92,00002 0
1005| 1,2 -96,00002 0
1006| 1,5 -100 0
1007| 1,8 -104 0
1008| 2,1 -108 0
1009| 2,4 -112 0
1010| 2,7 -116 0
1011| 3 -120 0
1012| 3,299999 -120 0
1013| 3,599999 -120 0
1014| 3,899999 -120 0
1015| 4,2 -120 0
1016| 4,5 -120 0
1017| 4,8 -120 0
1018| 5,1 -120 0
1019| 5,4 -120 0
1020| 5,7 -120 0
1021| 6 -120 0
1022| 6,300001 -120 0
1023| 6,600001 -120 0
1024| 6,900001 -120 0
1025| 7,200001 -120 0
1026| 7,500001 -120 0
1027| 7,800001 -120 0
1028| 8,1 -120 0
1029| 8,4 -120 0
1030| 8,7 -120 0
1031| 8,999999 -120 0
1032| 9,299999 -120 0
1033| 9,599998 -120 0
1034| 9,899999 -120 0
1035| 10,2 -120 0
1036| 10,5 -120 0
1037| 10,8 -120 0
1038| 11,1 -120 0
1039| 11,4 -120 0
1040| 11,7 -120 0
1041| 12 -120 0
1042| 12,3 -120 0
1043| 12,6 -120 0
1044| 12,9 -120 0
1045| 13,2 -120 0
1046| 13,5 -120 0
1047| 13,79999 -120 0
1048| 14,09999 -120 0
1049| 0 0 0
1050| 0 0 0
1051| 0 0 0
1052| 0 0 0
1053| 0 0 0
1054| 0 0 0
1055| 0 0 0
1056| 0 0 0
1057| 0 0 0
1058| 0 0 0
1059| 0 0 0
1060| 0 0 0
1061| 0 0 0
1062| 0 0 0
1063| 0 0 0
1064| 0 0 0
1065| 0 0 0
1066| 0 0 0
1067| 0 0 0
1068| 0 0 0
1069| 0 0 0
1070| 0 0 0
1071| 0 0 0
1072| 0 0 0
1073| 0 -4 0
1074| 0 0 0
1075| 0 0 0
1076| 0 0 0
1077| 0 0 0
1078| 0 0 0
1079| 0 0 0
1080| 0 0 0
1081| 0 0 0
1082| 0 0 0
1083| 0 0 0
1084| 0 -4 0
1085| 0 -8 0
1086| 0 -12 0
1087| 0 -16 0
1088| 0 -20 0
1089| 0 -24 0
1090| 0 -28 0
1091| 0 -32 0
1092| 0 -36 0
1093| 0 -40 0
1094| 0 -43,99999 0
1095| 0 -47,99999 0
1096| 0 -51,99999 0
1097| 0 -55,99999 0
1098| 0 -60 0
1099| 0 -64 0
1100| 0 -68 0
1101| 0 -72 0
1102| 0 -76,00001 0
1103| 0 -80,00001 0
1104| 0 -84,00001 0
1105| 0 -88,00002 0
1106| 0 -92,00002 0
1107| 0 -96,00002 0
1108| 0 -100 0
1109| 0 -104 0
1110| 0 -108 0
1111| 0 -112 0
1112| 0 -116 0
1113| 0 -120 0
1114| 0 -124 0
1115| 0 -128 0
1116| 0 -132 0
1117| 0 -136 0
1118| 0 -140 0
1119| 0 -144 0
1120| 0 -148 0
1121| 0 -152 0
1122| 0 -156 0
1123| 0 -160 0
1124| 0 -164 0
1125| 0 -168 0
1126| 0 -171,9999 0
1127| 0 -175,9999 0
1128| 0 -179,9999 0
1129| 0 -183,9999 0
1130| 0 -187,9999 0
1131| 0,3 -191,9999 0
1132| 0,6 -195,9999 0
1133| 0,9 -199,9999 0
1134| 0,9 -203,9999 0
1135| 0,9 -207,9999 0
1136| 0,9 -211,9999 0
1137| 0,9 -215,9999 0
1138| 0,9 -219,9999 0
1139| 0,9 -223,9999 0
1140| 0,9 -227,9999 0
1141| 0,9 -231,9999 0
1142| 0,9 -235,9999 0
1143| 0,9 -239,9999 0
1144| 0,9 -243,9999 0
1145| 0,9 -247,9999 0
1146| 0,9 -251,9999 0
1147| 0,9 -255,9999 0
1148| 0,9 -259,9999 0
1149| 0,9 -263,9999 0
1150| 0,9 -267,9999 0
1151| 0,9 -271,9998 0
1152| 0,9 -275,9998 0
1153| 0,9 -279,9998 0
1154| 0,9 -283,9998 0
1155| 0,9 -287,9998 0
1156| 0,9 -291,9998 0
1157| 0,9 -295,9998 0
1158| 0,9 -299,9998 0
1159| 0,9 -303,9998 0
1160| 0,9 -307,9998 0
1161| 0,9 -311,9998 0
1162| 0,9 -315,9998 0
1163| 0,9 -319,9998 0
1164| 0,9 -323,9998 0
1165| 0,9 -327,9998 0
1166| 0,9 -331,9998 0
1167| 0,9 -335,9998 0
1168| 0,9 -339,9998 0
1169| 0,9 -343,9998 0
1170| 0,9 -347,9998 0
1171| 0,9 -351,9998 0
1172| 0,9 -355,9998 0
1173| 0,9 -359,9998 0
1174| 0,9 -363,9998 0
1175| 0,9 -367,9998 0
1176| 0,9 -371,9998 0
1177| 0,9 -375,9998 0
1178| 0,9 -379,9998 0
1179| 0,9 -383,9998 0
1180| 0,9 -387,9998 0
1181| 0,9 -391,9998 0
1182| 0,9 -395,9998 0
1183| 0,9 -399,9997 0
1184| 0,9 -400 0
1185| 0,9 -400 0
1186| 0,9 -400 0
1187| 0,9 -400 0
1188| 0,9 -400 0
1189| 0,9 -400 0
1190| 0,9 -400 0
1191| 0,9 -400 0
1192| 0,9 -400 0
1193| 0,9 -400 0
1194| 0,9 -400 0
1195| 0,9 -400 0
1196| 0,9 -400 0
1197| 0,9 -400 0
1198| 0,9 -400 0
1199| 0,9 -400 0
1200| 0,9 -400 0
1201| 0,9 -400 0
1202| 0,9 -400 0
1203| 0,9 -400 0
1204| 0,9 -400 0
1205| 0,9 -400 0
1206| 0,9 -400 0
1207| 0,9 -400 0
1208| 0,9 -400 0
1209| 0,9 -400 0
1210| 1,2 -400 0
1211| 1,5 -400 0
1212| 1,8 -400 0
1213| 2,1 -400 0
1214| 2,4 -400 0
1215| 2,7 -400 0
1216| 3 -400 0
1217| 3,299999 -400 0
1218| 3,599999 -400 0
1219| 3,899999 -400 0
1220| 4,2 -400 0
1221| 4,5 -400 0
1222| 4,8 -400 0
1223| 5,1 -400 0
1224| 5,4 -400 0
1225| 5,7 -400 0
1226| 6 -400 0
1227| 6,300001 -400 0
1228| 6,600001 -400 0
1229| 6,900001 -400 0
1230| 7,200001 -400 0
1231| 7,500001 -400 0
1232| 0 0 0
1233| 0 0 0
1234| 0,3 0 0
1235| 0,6 0 0
1236| 0,9 0 0
1237| 1,2 0 0
1238| 1,5 0 0
1239| 1,8 0 0
1240| 2,1 0 0
1241| 2,4 0 0
1242| 2,7 4 0
1243| 3 8 0
1244| 3,299999 8 0
1245| 3,599999 8 0
1246| 3,899999 8 0
1247| 4,2 8 0
1248| 4,5 8 0
1249| 4,8 8 0
1250| 5,1 8 0
1251| 5,4 12 0
1252| 5,7 16 0
1253| 6 20 0
1254| 6,300001 20 0
1255| 6,600001 20 0
1256| 6,900001 20 0
1257| 7,200001 20 0
1258| 7,500001 24 0
1259| 7,800001 28 0
1260| 8,1 32 0
1261| 8,4 32 0
1262| 8,7 32 0
1263| 8,999999 32 0
1264| 9,299999 32 0
1265| 9,599998 32 0
1266| 9,899999 36 0
1267| 10,2 40 0
1268| 10,5 43,99999 0
1269| 10,8 47,99999 0
1270| 11,1 51,99999 0
1271| 11,4 55,99999 0
1272| 11,7 60 0
1273| 12 64 0
1274| 12,3 68 0
1275| 12,6 72 0
1276| 12,9 76,00001 0
1277| 13,2 80,00001 0
1278| 13,5 84,00001 0
1279| 13,79999 88,00002 0
1280| 14,09999 92,00002 0
1281| 14,39999 96,00002 0
1282| 14,69999 100 0
1283| 14,99999 100 0
1284| 15,29999 100 0
1285| 15,59999 100 0
1286| 15,89999 100 0
1287| 16,19999 100 0
1288| 16,49999 100 0
1289| 16,79999 100 0
1290| 17,09999 100 0
1291| 17,39999 100 0
1292| 17,69999 104 0
1293| 17,69999 108 0
1294| 17,69999 112 0
1295| 17,69999 116 0
1296| 17,69999 120 0
1297| 17,69999 124 0
1298| 17,69999 128 0
1299| 17,69999 132 0
1300| 17,69999 136 0
1301| 17,69999 140 0
1302| 17,69999 144 0
1303| 17,69999 148 0
1304| 17,69999 152 0
1305| 17,69999 156 0
1306| 17,69999 160 0
1307| 17,69999 164 0
1308| 17,69999 168 0
1309| 17,69999 171,9999 0
1310| 17,69999 175,9999 0
1311| 17,69999 179,9999 0
1312| 17,69999 183,9999 0
1313| 17,69999 187,9999 0
1314| 17,69999 191,9999 0
1315| 17,69999 195,9999 0
1316| 17,69999 199,9999 0
1317| 17,69999 203,9999 0
1318| 17,69999 207,9999 0
1319| 17,69999 211,9999 0
1320| 17,69999 215,9999 0
1321| 17,69999 219,9999 0
1322| 17,69999 223,9999 0
1323| 17,69999 227,9999 0
1324| 17,69999 231,9999 0
1325| 17,69999 235,9999 0
1326| 17,69999 239,9999 0
1327| 17,69999 243,9999 0
1328| 17,69999 247,9999 0
1329| 17,69999 251,9999 0
1330| 17,69999 255,9999 0
1331| 17,69999 259,9999 0
1332| 17,69999 263,9999 0
1333| 17,69999 267,9999 0
1334| 17,69999 271,9998 0
1335| 17,69999 275,9998 0
1336| 17,69999 279,9998 0
1337| 17,69999 283,9998 0
1338| 17,69999 287,9998 0
1339| 0 0 0
1340| 0 0 0
1341| 0 0 0
1342| 0 0 0
1343| 0 0 0
1344| 0 0 0
1345| 0 0 0
1346| 0 0 0
1347| 0 0 0
1348| 0 0 0
1349| 0 0 0
1350| 0 0 0
1351| 0 0 0
1352| 0 0 0
1353| 0 0 0
1354| 0 0 0
1355| 0 0 0
1356| 0 0 0
1357| 0 0 0
1358| 0 0 0
1359| 0 0 0
1360| 0 0 0
1361| 0 0 0
1362| 0,3 0 0
1363| 0,6 0 0
1364| 0,9 0 0
1365| 1,2 0 0
1366| 0 0 0
1367| 0 0 0
1368| 0 0 0
1369| 0 0 0
1370| 0,3 0 0
1371| 0,6 0 0
1372| 0,9 0 0
1373| 1,2 0 0
1374| 0 0 0
1375| 0 0 0
1376| 0 0 0
1377| 0,3 0 0
1378| 0,6 0 0
1379| 0,9 0 0
1380| 1,2 0 0
1381| 0 0 0
1382| 0 0 0
1383| 0 0 0
1384| 0 0 0
1385| 0 0 0
1386| 0,3 0 0
1387| 0,6 0 0
1388| 0,9 0 0
1389| 0 0 0
1390| 0 0 0
1391| 0 0 0
1392| 0 0 0
1393| 0,3 0 0
1394| 0,6 0 0
1395| 0,9 0 0
1396| 1,2 0 0
1397| 0 0 0
1398| 0 0 0
1399| 0 0 0
1400| 0 0 0
1401| 0,3 0 0
1402| 0,6 0 0
1403| 0,9 0 0
1404| 1,2 0 0
1405| 0 0 0
1406| 0 0 0
1407| 0 0 0
1408| 0 0 0
1409| 0 0 0
1410| 0,3 0 0
1411| 0,6 0 0
1412| 0,9 0 0
1413| 0 0 0
1414| 0 0 0
1415| 0 0 0
1416| 0 0 0
1417| 0 0 0
1418| 0 0 0
1419| 0,3 0 0
1420| 0,6 0 0
1421| 0,9 0 0
1422| 0 0 0
1423| 0 0 0
1424| 0 0 0
1425| 0 0 0
1426| 0 0 0
1427| 0,3 0 0
1428| 0,6 0 0
1429| 0,9 0 0
1430| 1,2 0 0
1431| 0 0 0
1432| 0 0 0
1433| 0 0 0
1434| 0 0 0
1435| 0 0 0
1436| 0 0 0
1437| 0 0 0
1438| 0 0 0
1439| 0 0 0
1440| 0 0 0
1441| 0 0 0
1442| 0 0 0
1443| 0 0 0
1444| 0 0 0
1445| 0 0 0
1446| 0 0 0
1447| 0 0 0
1448| 0 0 0
1449| 0 0 0
1450| 0 0 0
1451| 0 0 0
1452| 0 0 0
1453| 0 0 0
1454| 0 0 0
1455| 0 0 0
1456| 0 0 0
1457| 0 0 0
1458| 0 0 0
1459| 0 0 0
1460| 0 0 0
1461| 0 0 0
1462| 0 0 0
1463| 0 0 0
1464| 0 0 0
1465| 0 0 0
1466| 0 0 0
1467| 0 0 0
1468| 0 0 0
1469| 0 0 0
1470| 0 0 0
1471| 0 0 0
1472| 0 0 0
1473| 0 0 0
1474| 0 0 0
1475| 0 0 0
1476| 0 0 0
1477| 0 0 0
1478| 0 0 0
1479| 0 -4 0
1480| 0 -8 0
1481| 0 -12 0
1482| 0 -16 0
1483| 0 -20 0
1484| 0 -24 0
1485| 0 -28 0
1486| 0 -32 0
1487| 0 -36 0
1488| 0 -40 0
1489| 0 -43,99999 0
1490| 0 -47,99999 0
1491| 0 -51,99999 0
1492| 0 -55,99999 0
1493| 0 -60 0
1494| 0 -64 0
1495| 0 -68 0
1496| 0 0 0
1497| 0 0 0
1498| 0 0 0
1499| 0 0 0
1500| 0 0 0
1501| 0 0 0
1502| 0 0 0
1503| 0 0 0
1504| 0 0 0
1505| 0 0 0
1506| 0 0 0
1507| 0 0 0
1508| 0 0 0
1509| 0 0 0
1510| 0 0 0
1511| 0 0 0
1512| 0 0 0
1513| 0 0 0
1514| 0 0 0
1515| 0 0 0
1516| 0 0 0
1517| 0 0 0
1518| 0 0 0
1519| 0 0 0
1520| 0 0 0
1521| 0 0 0
1522| 0 0 0
1523| 0 0 0
1524| 0 0 0
1525| 0 0 0
1526| 0 0 0
1527| 0 0 0
1528| 0 0 0
1529| 0 0 0
1530| 0 0 0
1531| 0 0 0
1532| 0 0 0
1533| 0 0 0
1534| 0 0 0
1535| 0 0 0
1536| 0 0 0
1537| 0 -4 0
1538| 0 -8 0
1539| 0 -12 0
1540| 0 -16 0
1541| 0 -20 0
1542| 0 -24 0
1543| 0 -28 0
1544| 0 -32 0
1545| 0 -36 0

