1| 0 0 0
2| 0 0 0
3| 0 0 0
4| 0 0 0
5| 0 0 0
6| 0 0 0
7| 0 0 0
8| 0 0 0
9| 0 0 0
10| 0 0 0
11| 0 0 0
12| 0 0 0
13| 0 0 0
14| 0 0 0
15| 0 0 0
16| 0 0 0
17| 0 0 0
18| 0 0 0
19| 0 0 0
20| 0 0 0
21| -0,3 0 0
22| -0,6 0 0
23| -0,9 0 0
24| -1,2 0 0
25| -1,5 0 0
26| -1,8 0 0
27| -2,1 0 0
28| -2,4 0 0
29| -2,7 0 0
30| -3 0 0
31| -3,299999 0 0
32| -3,599999 0 0
33| -3,899999 0 0
34| -4,2 0 0
35| -4,5 0 0
36| -4,8 0 0
37| -5,1 0 0
38| -5,4 0 0
39| -5,7 0 0
40| -6 0 0
41| -6,300001 0 0
42| -6,600001 0 0
43| -6,900001 0 0
44| -7,200001 0 0
45| -7,500001 0 0
46| -7,800001 0 0
47| -8,1 0 0
48| -8,4 4 0
49| -8,7 8 0
50| -8,999999 12 0
51| -9,299999 16 0
52| -9,599998 20 0
53| -9,899999 24 0
54| -10,2 28 0
55| -10,5 32 0
56| -10,8 36 0
57| -11,1 40 0
58| -11,4 43,99999 0
59| -11,7 47,99999 0
60| -12 51,99999 0
61| -12,3 55,99999 0
62| -12,6 60 0
63| -12,9 64 0
64| -13,2 68 0
65| -13,5 72 0
66| -13,79999 76,00001 0
67| -14,09999 80,00001 0
68| -14,39999 84,00001 0
69| -14,69999 88,00002 0
70| -14,99999 92,00002 0
71| -15,29999 96,00002 0
72| -15,59999 100 0
73| -15,89999 104 0
74| -16,19999 108 0
75| -16,49999 112 0
76| -16,79999 116 0
77| -17,09999 120 0
78| -17,39999 124 0
79| -17,69999 128 0
80| -17,99999 132 0
81| -18,29999 136 0
82| -18,59999 140 0
83| -18,89999 144 0
84| -19,19999 148 0
85| -19,49999 152 0
86| -19,79999 156 0
87| -20,09999 160 0
88| -20,39999 164 0
89| -20,69999 168 0
90| -20,99999 171,9999 0
91| -21,29999 175,9999 0
92| -21,29999 179,9999 0
93| -21,29999 183,9999 0
94| -21,29999 187,9999 0
95| -21,29999 191,9999 0
96| -21,29999 195,9999 0
97| -21,29999 199,9999 0
98| -21,29999 203,9999 0
99| -21,29999 207,9999 0
100| -21,29999 211,9999 0
101| -21,29999 215,9999 0
102| -21,29999 219,9999 0
103| -21,29999 223,9999 0
104| -21,29999 227,9999 0
105| -21,29999 231,9999 0
106| -21,29999 235,9999 0
107| -21,29999 239,9999 0
108| -21,29999 243,9999 0
109| -21,29999 247,9999 0
110| -21,29999 251,9999 0
111| -21,29999 255,9999 0
112| -21,29999 259,9999 0
113| -21,29999 263,9999 0
114| -21,29999 267,9999 0
115| -21,29999 271,9998 0
116| -21,29999 275,9998 0
117| -21,29999 279,9998 0
118| -21,29999 283,9998 0
119| -21,29999 287,9998 0
120| -21,29999 291,9998 0
121| -21,29999 295,9998 0
122| -21,29999 299,9998 0
123| -21,29999 303,9998 0
124| -21,29999 307,9998 0
125| -21,29999 311,9998 0
126| -21,29999 315,9998 0
127| -21,29999 319,9998 0
128| -21,29999 323,9998 0
129| -21,29999 327,9998 0
130| -21,29999 331,9998 0
131| -21,29999 335,9998 0
132| -21,29999 339,9998 0
133| 0 343,9998 0
134| 0 347,9998 0
135| 0 351,9998 0
136| 0 355,9998 0
137| 0,3 359,9998 0
138| 0,6 363,9998 0
139| 0,9 367,9998 0
140| 1,2 371,9998 0
141| 1,5 375,9998 0
142| 1,8 379,9998 0
143| 2,1 379,9998 0
144| 2,4 383,9998 0
145| 2,7 387,9998 0
146| 3 391,9998 0
147| 3,299999 395,9998 0
148| 3,599999 399,9997 0
149| 3,899999 400 0
150| 4,2 400 0
151| 4,5 400 0
152| 4,8 400 0
153| 5,1 400 0
154| 5,4 400 0
155| 5,7 400 0
156| 6 400 0
157| 6,300001 400 0
158| 6,600001 400 0
159| 6,900001 400 0
160| 7,200001 400 0
161| 7,500001 400 0
162| 7,800001 400 0
163| 8,1 400 0
164| 8,4 400 0
165| 8,7 400 0
166| 8,999999 400 0
167| 9,299999 400 0
168| 9,599998 400 0
169| 9,899999 400 0
170| 10,2 400 0
171| 10,5 400 0
172| 10,8 400 0
173| 11,1 400 0
174| 11,4 400 0
175| 11,7 400 0
176| 12 400 0
177| 12,3 400 0
178| 12,6 400 0
179| 12,9 400 0
180| 13,2 400 0
181| 13,5 400 0
182| 13,79999 400 0
183| 14,09999 400 0
184| 14,39999 400 0
185| 14,69999 400 0
186| 14,99999 400 0
187| 15,29999 400 0
188| 15,59999 400 0
189| 15,89999 400 0
190| 16,19999 400 0
191| 16,49999 400 0
192| 16,79999 400 0
193| 17,09999 400 0
194| 17,39999 400 0
195| 17,69999 400 0
196| 17,99999 400 0
197| 18,29999 400 0
198| 18,59999 400 0
199| 18,89999 400 0
200| 19,19999 400 0
201| 19,49999 400 0
202| 19,79999 400 0
203| 20,09999 400 0
204| 20,09999 400 0
205| 20,09999 400 0
206| 20,09999 400 0
207| 20,09999 400 0
208| 20,09999 400 0
209| 20,09999 400 0
210| 20,09999 400 0
211| 20,09999 400 0
212| 20,09999 400 0
213| 20,09999 400 0
214| 20,09999 400 0
215| 20,09999 400 0
216| 20,09999 400 0
217| 0 400 0
218| -0,3 400 0
219| -0,6 400 0
220| -0,9 400 0
221| -0,9 400 0
222| -0,9 400 0
223| -0,9 400 0
224| -0,9 400 0
225| -1,2 400 0
226| -1,5 400 0
227| -1,5 400 0
228| -1,5 400 0
229| -1,5 400 0
230| -1,5 400 0
231| -1,8 400 0
232| -2,1 400 0
233| -2,1 400 0
234| -2,1 400 0
235| -2,1 400 0
236| -2,1 400 0
237| -2,1 400 0
238| -2,1 400 0
239| -2,1 400 0
240| -2,1 400 0
241| -2,1 400 0
242| -2,1 400 0
243| -2,1 400 0
244| -2,1 400 0
245| -2,1 400 0
246| -2,1 400 0
247| -2,1 400 0
248| -2,1 400 0
249| -2,1 400 0
250| -2,1 400 0
251| -2,1 400 0
252| -2,1 400 0
253| -2,1 400 0
254| -2,1 400 0
255| -2,1 400 0
256| -2,1 400 0
257| -2,1 400 0
258| -2,1 400 0
259| -2,1 400 0
260| -2,1 400 0
261| -2,1 400 0
262| -2,1 400 0
263| -2,1 400 0
264| -2,1 400 0
265| -2,1 400 0
266| -2,1 400 0
267| -2,1 400 0
268| -2,1 400 0
269| -2,1 400 0
270| -2,1 400 0
271| -2,1 400 0
272| -2,1 400 0
273| -2,1 400 0
274| 0 400 0
275| 0,3 400 0
276| 0,6 400 0
277| 0,6 400 0
278| 0,6 400 0
279| 0,6 400 0
280| 0,9 400 0
281| 1,2 400 0
282| 1,2 400 0
283| 1,2 400 0
284| 1,2 400 0
285| 1,2 400 0
286| 1,2 400 0
287| 1,5 400 0
288| 1,8 400 0
289| 2,1 400 0
290| 2,4 400 0
291| 2,7 400 0
292| 2,7 400 0
293| 2,7 400 0
294| 2,7 400 0
295| 2,7 400 0
296| 2,7 400 0
297| 3 400 0
298| 3 400 0
299| 3 400 0
300| 3 400 0
301| 3 400 0
302| 3 400 0
303| 3 400 0
304| 3 400 0
305| 3 400 0
306| 3 400 0
307| 3 400 0
308| 3 400 0
309| 3 400 0
310| 3 400 0
311| 3 400 0
312| 3 400 0
313| 3 400 0
314| 3 400 0
315| 3 400 0
316| 3 400 0
317| 3 400 0
318| 3 400 0
319| 3 400 0
320| 3 400 0
321| 3 400 0
322| 3 400 0
323| 3 400 0
324| 3 400 0
325| 3 400 0
326| 3 400 0
327| 3 400 0
328| 3 400 0
329| 3 400 0
330| 3 400 0
331| 3 400 0
332| 3 400 0
333| 3 400 0
334| 3 400 0
335| 3 400 0
336| 3 400 0
337| 3 400 0
338| 3 400 0
339| 3 400 0
340| 3 400 0
341| 3 400 0
342| 3 400 0
343| 3 400 0
344| 3 400 0
345| 3 400 0
346| 3 400 0
347| 3 400 0
348| 3 400 0
349| 3 400 0
350| 3 400 0
351| 3 400 0
352| 3 400 0
353| 3 400 0
354| 3 400 0
355| 3 400 0
356| 3 400 0
357| 0 400 0
358| -0,3 400 0
359| -0,6 400 0
360| -0,9 400 0
361| -0,9 400 0
362| -0,9 400 0
363| -0,9 400 0
364| -0,9 400 0
365| -0,9 400 0
366| -0,9 400 0
367| -1,2 400 0
368| -1,5 400 0
369| -1,8 400 0
370| -2,1 400 0
371| -2,1 400 0
372| -2,1 400 0
373| -2,1 400 0
374| -2,1 400 0
375| -2,1 400 0
376| -2,1 400 0
377| -2,1 400 0
378| -2,1 400 0
379| -2,1 400 0
380| -2,4 400 0
381| -2,7 400 0
382| -2,7 400 0
383| -2,7 400 0
384| -2,7 400 0
385| -2,7 400 0
386| -2,7 400 0
387| -2,7 400 0
388| -2,7 400 0
389| -2,7 400 0
390| -2,7 400 0
391| -2,7 400 0
392| -2,7 400 0
393| -2,7 400 0
394| -2,7 400 0
395| -2,7 400 0
396| -2,7 400 0
397| -2,7 400 0
398| -2,7 400 0
399| -2,7 400 0
400| -2,7 400 0
401| -2,7 400 0
402| -2,7 400 0
403| -2,7 400 0
404| -2,7 400 0
405| -2,7 400 0
406| -2,7 400 0
407| -2,7 400 0
408| -2,7 400 0
409| -2,7 400 0
410| -2,7 400 0
411| -2,7 400 0
412| -2,7 400 0
413| -2,7 400 0
414| -2,7 400 0
415| -2,7 400 0
416| -2,7 400 0
417| -2,7 400 0
418| -2,7 400 0
419| -2,7 400 0
420| -2,7 400 0
421| -2,7 400 0
422| -2,7 400 0
423| -2,7 400 0
424| -2,7 400 0
425| -2,7 400 0
426| -2,7 400 0
427| -2,7 400 0
428| -2,7 400 0
429| -2,7 400 0
430| -2,7 400 0
431| -2,7 400 0
432| -2,7 400 0
433| -2,7 400 0
434| -2,7 400 0
435| -2,7 400 0
436| -2,7 400 0
437| -2,7 400 0
438| -2,7 400 0
439| -2,7 400 0
440| -2,7 400 0
441| -2,7 400 0
442| -2,7 400 0
443| -2,7 400 0
444| -2,7 400 0
445| -2,7 400 0
446| -2,7 400 0
447| -2,7 400 0
448| -2,7 400 0
449| -2,7 400 0
450| -2,7 400 0
451| -2,7 400 0
452| -2,7 400 0
453| -2,7 400 0
454| -2,7 400 0
455| -2,7 400 0
456| -2,7 400 0
457| -2,7 400 0
458| -2,7 400 0
459| -2,7 400 0
460| -2,7 400 0
461| -2,7 400 0
462| -2,7 400 0
463| -2,7 400 0
464| -2,7 400 0
465| -2,7 400 0
466| -2,7 400 0
467| -2,7 400 0
468| -2,7 400 0
469| -2,7 400 0
470| -2,7 400 0
471| -2,7 400 0
472| -2,7 400 0
473| -2,7 400 0
474| -2,7 400 0
475| -2,7 400 0
476| -2,7 400 0
477| -2,7 400 0
478| -2,7 400 0
479| -2,7 400 0
480| -2,7 400 0
481| -2,7 400 0
482| -2,7 400 0
483| -2,7 400 0
484| -2,7 400 0
485| -2,7 400 0
486| -2,7 400 0
487| -2,7 400 0
488| -2,7 400 0
489| -2,7 400 0
490| -2,7 400 0
491| -2,7 400 0
492| -2,7 400 0
493| -2,7 400 0
494| -2,7 400 0
495| -2,7 400 0
496| -2,7 400 0
497| -2,7 400 0
498| -2,7 400 0
499| -2,7 400 0
500| -2,7 400 0
501| -2,7 400 0
502| -2,7 400 0
503| -2,7 400 0
504| -2,7 400 0
505| -2,7 400 0
506| -2,7 400 0
507| -2,7 400 0
508| -2,7 400 0
509| -2,7 400 0
510| -2,7 400 0
511| -2,7 400 0
512| -2,7 400 0
513| -2,7 400 0
514| -2,7 400 0
515| -2,7 400 0
516| -2,7 400 0
517| -2,7 400 0
518| -2,7 400 0
519| -2,7 400 0
520| -2,7 400 0
521| -2,7 400 0
522| -2,7 400 0
523| -2,7 400 0
524| -2,7 400 0
525| -2,7 400 0
526| 0 400 0
527| 0,3 400 0
528| 0,6 400 0
529| 0,9 400 0
530| 1,2 400 0
531| 1,5 400 0
532| 1,8 400 0
533| 2,1 400 0
534| 2,4 400 0
535| 2,7 400 0
536| 3 400 0
537| 3,299999 400 0
538| 3,599999 400 0
539| 3,899999 400 0
540| 4,2 400 0
541| 4,5 400 0
542| 4,8 400 0
543| 5,1 400 0
544| 5,4 400 0
545| 5,7 400 0
546| 6 400 0
547| 6,300001 400 0
548| 6,600001 400 0
549| 6,900001 400 0
550| 7,200001 400 0
551| 7,500001 400 0
552| 7,800001 400 0
553| 8,1 400 0
554| 8,4 400 0
555| 8,7 400 0
556| 8,999999 400 0
557| 9,299999 400 0
558| 9,599998 400 0
559| 9,899999 400 0
560| 10,2 400 0
561| 10,5 400 0
562| 10,5 400 0
563| 10,5 400 0
564| 10,5 400 0
565| 10,5 400 0
566| 10,5 400 0
567| 10,5 400 0
568| 10,5 400 0
569| 10,5 400 0
570| 10,5 400 0
571| 10,5 400 0
572| 10,5 400 0
573| 10,5 400 0
574| 0 400 0
575| 0 400 0
576| 0 400 0
577| 0 400 0
578| 0 400 0
579| 0 0 0
580| 0 0 0
581| 0 0 0
582| 0 0 0
583| 0 0 0
584| 0 4 0
585| -0,3 8 0
586| -0,6 12 0
587| -0,9 16 0
588| -1,2 20 0
589| -1,5 24 0
590| -1,8 28 0
591| -2,1 32 0
592| -2,4 36 0
593| -2,7 40 0
594| -3 43,99999 0
595| -3,299999 47,99999 0
596| -3,599999 51,99999 0
597| -3,899999 55,99999 0
598| -4,2 60 0
599| -4,5 64 0
600| -4,8 68 0
601| -5,1 72 0
602| -5,4 76,00001 0
603| -5,7 80,00001 0
604| -6 84,00001 0
605| -6,300001 88,00002 0
606| -6,600001 92,00002 0
607| -6,900001 96,00002 0
608| -7,200001 100 0
609| -7,500001 104 0
610| -7,800001 108 0
611| -8,1 112 0
612| -8,4 116 0
613| -8,7 120 0
614| -8,999999 124 0
615| -9,299999 128 0
616| -9,599998 132 0
617| -9,899999 136 0
618| -10,2 140 0
619| -10,5 144 0
620| -10,8 148 0
621| -11,1 152 0
622| -11,4 156 0
623| -11,7 160 0
624| -12 164 0
625| -12 168 0
626| -12 171,9999 0
627| -12 175,9999 0
628| -12 179,9999 0
629| -12 183,9999 0
630| -12 187,9999 0
631| -12 191,9999 0
632| -12 195,9999 0
633| -12 199,9999 0
634| -12 203,9999 0
635| -12 207,9999 0
636| -12 211,9999 0
637| -12 215,9999 0
638| -12 219,9999 0
639| -12 223,9999 0
640| -12 227,9999 0
641| -12 231,9999 0
642| -12 235,9999 0
643| -12 239,9999 0
644| -12 243,9999 0
645| -12 247,9999 0
646| -12 251,9999 0
647| -12 255,9999 0
648| -12 259,9999 0
649| -12 263,9999 0
650| -12 267,9999 0
651| -12 271,9998 0
652| -12 275,9998 0
653| -12 279,9998 0
654| -12 283,9998 0
655| -12 287,9998 0
656| -12 291,9998 0
657| -12 295,9998 0
658| -12 299,9998 0
659| -12 303,9998 0
660| -12 307,9998 0
661| -12 311,9998 0
662| -12 315,9998 0
663| -12 319,9998 0
664| -12 323,9998 0
665| -12 327,9998 0
666| -12 331,9998 0
667| -12 335,9998 0
668| -12 339,9998 0
669| -12 343,9998 0
670| -12 347,9998 0
671| -12 351,9998 0
672| -12 355,9998 0
673| -12 359,9998 0
674| -12 363,9998 0
675| -12 367,9998 0
676| -12 371,9998 0
677| -12 375,9998 0
678| -12 379,9998 0
679| -12 383,9998 0
680| -12 387,9998 0
681| -12 391,9998 0
682| -12 395,9998 0
683| -12 399,9997 0
684| -12 400 0
685| -12 400 0
686| -12 400 0
687| -12 400 0
688| -12 400 0
689| -12 400 0
690| -12 400 0
691| -12 400 0
692| -12 400 0
693| -12 400 0
694| -12 400 0
695| -12 400 0
696| -12 400 0
697| -12 400 0
698| -12 400 0
699| -12 400 0
700| -12 400 0
701| -12 400 0
702| -12 400 0
703| -12 400 0
704| -12 400 0
705| -12 400 0
706| -12 400 0
707| -12,3 400 0
708| -12,6 400 0
709| -12,6 400 0
710| -12,6 400 0
711| -12,6 400 0
712| -12,6 400 0
713| -12,6 400 0
714| -12,6 400 0
715| -12,6 400 0
716| -12,6 400 0
717| -12,6 400 0
718| -12,6 400 0
719| -12,6 400 0
720| -12,6 400 0
721| -12,6 400 0
722| -12,6 400 0
723| -12,6 400 0
724| -12,6 400 0
725| -12,6 400 0
726| 0 400 0
727| 0,3 400 0
728| 0,6 400 0
729| 0,9 400 0
730| 1,2 400 0
731| 1,5 400 0
732| 1,8 400 0
733| 1,8 400 0
734| 1,8 400 0
735| 1,8 400 0
736| 1,8 400 0
737| 1,8 400 0
738| 2,1 400 0
739| 2,4 400 0
740| 2,7 400 0
741| 3 400 0
742| 3,299999 400 0
743| 3,599999 400 0
744| 3,899999 400 0
745| 4,2 400 0
746| 4,5 400 0
747| 4,8 400 0
748| 5,1 400 0
749| 5,4 400 0
750| 5,7 400 0
751| 6 400 0
752| 6,300001 400 0
753| 6,600001 400 0
754| 6,900001 400 0
755| 7,200001 400 0
756| 7,500001 400 0
757| 7,800001 400 0
758| 8,1 400 0
759| 8,4 400 0
760| 8,7 400 0
761| 8,999999 400 0
762| 9,299999 400 0
763| 9,599998 400 0
764| 9,899999 400 0
765| 10,2 400 0
766| 10,5 400 0
767| 10,8 400 0
768| 11,1 400 0
769| 11,1 400 0
770| 11,1 400 0
771| 11,1 400 0
772| 11,1 400 0
773| 11,1 400 0
774| 11,1 400 0
775| 11,1 400 0
776| 11,1 400 0
777| 11,1 400 0
778| 11,1 400 0
779| 11,1 400 0
780| 11,1 400 0
781| 11,1 400 0
782| 11,1 400 0
783| 11,1 400 0
784| 11,1 400 0
785| 11,1 400 0
786| 11,1 400 0
787| 11,1 400 0
788| 11,1 400 0
789| 11,1 400 0
790| 11,1 400 0
791| 11,1 400 0
792| 11,1 400 0
793| 11,1 400 0
794| 11,1 400 0
795| 11,1 400 0
796| 11,1 400 0
797| 11,1 400 0
798| 11,1 400 0
799| 11,1 400 0
800| 11,1 400 0
801| 11,1 400 0
802| 11,1 400 0
803| 11,1 400 0
804| 11,1 400 0
805| 11,1 400 0
806| 11,1 400 0
807| 0 400 0
808| -0,3 400 0
809| -0,6 400 0
810| -0,9 400 0
811| -0,9 400 0
812| -0,9 400 0
813| -0,9 400 0
814| -0,9 400 0
815| -1,2 400 0
816| -1,5 400 0
817| -1,8 400 0
818| -2,1 400 0
819| -2,4 400 0
820| -2,7 400 0
821| -3 400 0
822| -3,299999 400 0
823| -3,599999 400 0
824| -3,899999 400 0
825| -4,2 400 0
826| -4,5 400 0
827| -4,8 400 0
828| -5,1 400 0
829| -5,4 400 0
830| -5,7 400 0
831| -6 400 0
832| -6 400 0
833| -6 400 0
834| -6 400 0
835| -6 400 0
836| -6 400 0
837| -6 400 0
838| -6 400 0
839| -6 400 0
840| -6 400 0
841| -6 400 0
842| -6 400 0
843| -6 400 0
844| -6 400 0
845| -6 400 0
846| -6 400 0
847| -6 400 0
848| -6 400 0
849| -6 400 0
850| -6 400 0
851| -6 400 0
852| -6 400 0
853| -6 400 0
854| -6 400 0
855| -6 400 0
856| -6 400 0
857| 0 0 0
858| 0 0 0
859| 0 0 0
860| 0 0 0
861| 0 0 0
862| 0 0 0
863| 0 0 0
864| 0 0 0
865| 0 0 0
866| 0 0 0
867| 0 0 0
868| 0 0 0
869| 0 0 0
870| 0 0 0
871| 0 0 0
872| 0 0 0
873| 0 0 0
874| 0 0 0
875| 0 0 0
876| 0 0 0
877| 0 0 0
878| 0 0 0
879| 0 0 0
880| 0 0 0
881| 0 0 0
882| 0 0 0
883| 0 0 0
884| 0 0 0
885| 0 0 0
886| 0 0 0
887| 0 0 0
888| 0 0 0
889| 0 -4 0
890| 0 -8 0
891| 0 -12 0
892| 0 0 0
893| 0 0 0
894| 0 -4 0
895| 0 -8 0
896| 0 -12 0
897| 0 -16 0
898| 0 -20 0
899| 0 -24 0
900| 0 -28 0
901| 0 -32 0
902| 0 -36 0
903| 0 -40 0
904| 0 -43,99999 0
905| 0 -47,99999 0
906| 0 -51,99999 0
907| 0 -55,99999 0
908| 0 -60 0
909| 0 -64 0
910| 0 -68 0
911| 0 -72 0
912| 0 -76,00001 0
913| 0 -80,00001 0
914| 0 -84,00001 0
915| 0 -88,00002 0
916| 0 -92,00002 0
917| 0 -96,00002 0
918| 0 -100 0
919| 0 -104 0
920| 0 -108 0
921| 0 -112 0
922| 0 -116 0
923| 0 -120 0
924| 0 -124 0
925| 0 -128 0
926| 0 -132 0
927| 0 -136 0
928| 0 -140 0
929| 0 -144 0
930| 0 -148 0
931| 0 -152 0
932| 0 -156 0
933| 0 -160 0
934| 0 -164 0
935| 0 -168 0
936| 0 -171,9999 0
937| 0 -175,9999 0
938| 0 -179,9999 0
939| 0 -183,9999 0
940| 0 -187,9999 0
941| 0 -191,9999 0
942| 0 -195,9999 0
943| 0 -199,9999 0
944| 0 -203,9999 0
945| 0 -207,9999 0
946| 0 -211,9999 0
947| 0 -215,9999 0
948| 0 -219,9999 0
949| 0 -223,9999 0
950| 0 -227,9999 0
951| 0 -231,9999 0
952| 0 -235,9999 0
953| 0 -239,9999 0
954| 0 -243,9999 0
955| 0 -247,9999 0
956| 0 -251,9999 0
957| 0 0 0
958| 0 4 0
959| 0 8 0
960| 0 12 0
961| 0 16 0
962| 0 20 0
963| 0 24 0
964| 0 28 0
965| 0 32 0
966| 0 36 0
967| 0 40 0
968| 0 43,99999 0
969| 0 47,99999 0
970| 0 51,99999 0
971| 0 55,99999 0
972| 0 60 0
973| 0 64 0
974| 0 68 0
975| 0 72 0
976| 0 76,00001 0
977| 0 80,00001 0
978| 0 84,00001 0
979| 0 88,00002 0
980| 0 92,00002 0
981| 0 96,00002 0
982| 0 100 0
983| 0 104 0
984| 0 108 0
985| 0 112 0
986| 0 116 0
987| 0 120 0
988| 0 124 0
989| 0 128 0
990| 0 132 0
991| 0 136 0
992| 0 140 0
993| 0 144 0
994| 0 148 0
995| 0 152 0
996| 0 156 0
997| 0 160 0
998| 0 164 0
999| 0 168 0
1000| 0 171,9999 0
1001| 0 175,9999 0
1002| 0 179,9999 0
1003| 0 183,9999 0
1004| 0 187,9999 0
1005| 0 191,9999 0
1006| 0 195,9999 0
1007| 0 199,9999 0
1008| 0 203,9999 0
1009| 0 207,9999 0
1010| 0 211,9999 0
1011| 0 215,9999 0
1012| 0 219,9999 0
1013| 0 223,9999 0
1014| 0 227,9999 0
1015| 0 231,9999 0
1016| 0 235,9999 0
1017| 0 239,9999 0
1018| 0 243,9999 0
1019| 0 247,9999 0
1020| 0 251,9999 0
1021| 0 255,9999 0
1022| 0 259,9999 0
1023| 0 263,9999 0
1024| 0 267,9999 0
1025| 0 271,9998 0
1026| 0 275,9998 0
1027| 0 279,9998 0
1028| 0 283,9998 0
1029| 0 287,9998 0
1030| 0 291,9998 0
1031| 0 295,9998 0
1032| 0 299,9998 0
1033| 0 303,9998 0
1034| 0 307,9998 0
1035| 0 311,9998 0
1036| 0 315,9998 0
1037| 0 319,9998 0
1038| 0 323,9998 0
1039| 0 327,9998 0
1040| 0 331,9998 0
1041| 0 335,9998 0
1042| 0 339,9998 0
1043| 0 343,9998 0
1044| 0 347,9998 0
1045| 0 351,9998 0
1046| 0 355,9998 0
1047| 0 359,9998 0
1048| 0 363,9998 0
1049| 0 367,9998 0
1050| 0 371,9998 0
1051| 0 375,9998 0
1052| 0 379,9998 0
1053| 0 383,9998 0
1054| 0 387,9998 0
1055| 0 391,9998 0
1056| 0 395,9998 0
1057| 0 399,9997 0
1058| 0 400 0
1059| 0 400 0
1060| 0 400 0
1061| 0 400 0
1062| 0 400 0
1063| 0 400 0
1064| 0 400 0
1065| 0 400 0
1066| 0 400 0
1067| 0 400 0
1068| 0 400 0
1069| 0 400 0
1070| 0 400 0
1071| 0 400 0
1072| 0 400 0
1073| 0 400 0
1074| 0 400 0
1075| 0 400 0
1076| 0 400 0
1077| 0 400 0
1078| 0 400 0
1079| 0 400 0
1080| 0 400 0
1081| 0 400 0
1082| 0 400 0
1083| 0 400 0
1084| 0 400 0
1085| 0 400 0
1086| 0 400 0
1087| 0 400 0
1088| 0 400 0
1089| 0 400 0
1090| 0 400 0
1091| 0 400 0
1092| 0 400 0
1093| 0 400 0
1094| 0 400 0
1095| 0 400 0
1096| 0 400 0
1097| 0 400 0
1098| 0 400 0
1099| 0 400 0
1100| 0 400 0
1101| 0 400 0
1102| 0 400 0
1103| 0 400 0
1104| 0 400 0
1105| 0 400 0
1106| 0 400 0
1107| 0 400 0
1108| 0 400 0
1109| 0 400 0
1110| 0 400 0
1111| 0 400 0
1112| 0 400 0
1113| 0 400 0
1114| 0 400 0
1115| 0 400 0
1116| 0 400 0
1117| 0 400 0
1118| 0 400 0
1119| 0 400 0
1120| 0 400 0
1121| 0 400 0
1122| 0 400 0
1123| 0 400 0
1124| 0 400 0
1125| 0 400 0
1126| 0 400 0
1127| 0 400 0
1128| 0 400 0
1129| 0 400 0
1130| 0 400 0
1131| 0 400 0
1132| 0 400 0
1133| 0 400 0
1134| 0 400 0
1135| 0 400 0
1136| 0 400 0
1137| 0 400 0
1138| 0 400 0
1139| 0 400 0
1140| 0 400 0
1141| 0 400 0
1142| 0 400 0
1143| 0 400 0
1144| 0 400 0
1145| 0 400 0
1146| 0 400 0
1147| 0 400 0
1148| 0 400 0
1149| 0 400 0
1150| 0 400 0
1151| 0 400 0
1152| 0 400 0
1153| 0 400 0
1154| 0 400 0
1155| 0 400 0
1156| 0 400 0
1157| 0 400 0
1158| 0 400 0
1159| 0 400 0
1160| 0 400 0
1161| 0 400 0
1162| 0 400 0
1163| 0 400 0
1164| 0 400 0
1165| 0 400 0
1166| 0 400 0
1167| 0 400 0
1168| 0 400 0
1169| 0 400 0
1170| 0 400 0
1171| 0 400 0
1172| 0 400 0
1173| 0 400 0
1174| 0 400 0
1175| 0 400 0
1176| 0 400 0
1177| 0 400 0
1178| 0 400 0
1179| 0 400 0
1180| 0 400 0
1181| 0 400 0
1182| 0 400 0
1183| 0 400 0
1184| 0 400 0
1185| 0 400 0
1186| 0 400 0
1187| 0 400 0
1188| 0 400 0
1189| 0 400 0
1190| 0 400 0
1191| 0 400 0
1192| 0 400 0
1193| 0 400 0
1194| 0 400 0
1195| 0 400 0
1196| 0 400 0
1197| 0 400 0
1198| 0 400 0
1199| 0 400 0
1200| 0 400 0
1201| 0 400 0
1202| 0 400 0
1203| 0 400 0
1204| 0 400 0
1205| 0 400 0
1206| 0 400 0
1207| 0 400 0
1208| 0 400 0
1209| 0 400 0
1210| 0 400 0
1211| 0 400 0
1212| 0 400 0
1213| 0 400 0
1214| 0 400 0
1215| 0 400 0
1216| 0 400 0
1217| 0 400 0
1218| 0 400 0
1219| 0 400 0
1220| 0 400 0
1221| 0 400 0
1222| 0 400 0
1223| 0 400 0
1224| 0 400 0
1225| 0 400 0
1226| 0 400 0
1227| 0 400 0
1228| 0 400 0
1229| 0 400 0
1230| 0 400 0
1231| 0 400 0
1232| 0 400 0
1233| 0 400 0
1234| 0 400 0
1235| 0 400 0
1236| 0 400 0
1237| 0 400 0
1238| 0 400 0
1239| 0 400 0
1240| 0 400 0
1241| 0 400 0
1242| 0 400 0
1243| 0 400 0
1244| 0 400 0
1245| 0 400 0
1246| 0 400 0
1247| 0 400 0
1248| 0 400 0
1249| 0 400 0
1250| 0 400 0
1251| 0 400 0
1252| 0 400 0
1253| 0 400 0
1254| 0 400 0
1255| 0 400 0
1256| 0 400 0
1257| 0 400 0
1258| 0 400 0
1259| 0 400 0
1260| 0 400 0
1261| 0 400 0
1262| 0 400 0
1263| 0 400 0
1264| 0 400 0
1265| 0 400 0
1266| 0 400 0
1267| 0 400 0
1268| 0 400 0
1269| 0 400 0
1270| 0 400 0
1271| 0 400 0
1272| 0 400 0
1273| 0 400 0
1274| 0 400 0
1275| 0 400 0
1276| 0 400 0
1277| 0 400 0
1278| 0 400 0
1279| 0 400 0
1280| 0 400 0
1281| 0 400 0
1282| 0 400 0
1283| 0 400 0
1284| 0 400 0
1285| 0 400 0
1286| 0 400 0
1287| 0 400 0
1288| 0 400 0
1289| 0 400 0
1290| 0 400 0
1291| 0 400 0
1292| 0 400 0
1293| 0 400 0
1294| 0 400 0
1295| 0 400 0
1296| 0 400 0
1297| 0 400 0
1298| 0 400 0
1299| 0 400 0
1300| 0 400 0
1301| 0 400 0
1302| 0 400 0
1303| 0 400 0
1304| 0 400 0
1305| 0 400 0
1306| 0 400 0
1307| 0 400 0
1308| 0 400 0
1309| 0 400 0
1310| 0 400 0
1311| 0 400 0
1312| 0 400 0
1313| 0 400 0
1314| 0 400 0
1315| 0 400 0
1316| 0 400 0
1317| 0 400 0
1318| 0 400 0
1319| 0 400 0
1320| 0 400 0
1321| 0 400 0
1322| 0 400 0
1323| 0 400 0
1324| 0 400 0
1325| 0 400 0
1326| 0 400 0
1327| 0 400 0
1328| 0 400 0
1329| 0 400 0
1330| 0 400 0
1331| 0 400 0
1332| 0 400 0
1333| 0 400 0
1334| 0 400 0
1335| 0 400 0
1336| 0 400 0
1337| 0 400 0
1338| 0 400 0
1339| 0 400 0
1340| 0 400 0
1341| 0 400 0
1342| 0 400 0
1343| 0 400 0
1344| 0 400 0
1345| 0 400 0
1346| 0 400 0
1347| 0 400 0
1348| -0,3 400 0
1349| -0,6 400 0
1350| -0,9 400 0
1351| -1,2 400 0
1352| -1,5 400 0
1353| -1,8 400 0
1354| -2,1 400 0
1355| -2,4 400 0
1356| -2,7 400 0
1357| -3 400 0
1358| -3,299999 400 0
1359| -3,599999 400 0
1360| -3,899999 400 0
1361| -4,2 400 0
1362| -4,5 400 0
1363| -4,8 400 0
1364| -5,1 400 0
1365| -5,4 400 0
1366| -5,7 400 0
1367| -6 400 0
1368| -6,300001 400 0
1369| -6,600001 400 0
1370| -6,900001 400 0
1371| -7,200001 400 0
1372| -7,500001 400 0
1373| -7,800001 400 0
1374| -8,1 400 0
1375| -8,4 400 0
1376| -8,7 400 0
1377| -8,999999 400 0
1378| -9,299999 400 0
1379| -9,599998 400 0
1380| -9,899999 400 0
1381| -10,2 400 0
1382| -10,5 400 0
1383| -10,8 400 0
1384| -11,1 400 0
1385| -11,4 400 0
1386| -11,7 400 0
1387| -12 400 0
1388| -12,3 400 0
1389| -12,6 400 0
1390| -12,9 400 0
1391| -13,2 400 0
1392| -13,5 400 0
1393| -13,79999 400 0
1394| -14,09999 400 0
1395| -14,39999 400 0
1396| -14,69999 400 0
1397| -14,99999 400 0
1398| -15,29999 400 0
1399| -15,59999 400 0
1400| -15,89999 400 0
1401| -16,19999 400 0
1402| -16,49999 400 0
1403| -16,79999 400 0
1404| -17,09999 400 0
1405| -17,39999 400 0
1406| -17,69999 400 0
1407| -17,99999 400 0
1408| -18,29999 400 0
1409| -18,59999 400 0
1410| -18,89999 400 0
1411| -19,19999 400 0
1412| -19,49999 400 0
1413| -19,79999 400 0
1414| -20,09999 400 0
1415| -20,39999 400 0
1416| 0 0 0
1417| 0 0 0
1418| 0 0 0
1419| 0 0 0
1420| 0 0 0
1421| 0 0 0
1422| 0 0 0
1423| 0 0 0
1424| 0 0 0
1425| 0 0 0
1426| 0 0 0
1427| 0 0 0
1428| 0 0 0
1429| 0 0 0
1430| 0 0 0
1431| 0 0 0
1432| 0 0 0
1433| 0 0 0
1434| 0 -4 0
1435| 0 -8 0
1436| 0 -12 0
1437| 0 -16 0
1438| 0 -20 0
1439| 0 -24 0
1440| 0 -28 0
1441| 0 -32 0
1442| 0 -36 0
1443| 0 -40 0
1444| 0 -43,99999 0
1445| 0 -47,99999 0
1446| 0 -51,99999 0
1447| 0 -55,99999 0
1448| 0 -60 0
1449| 0 -64 0
1450| 0 -68 0
1451| 0 -72 0
1452| 0 -76,00001 0
1453| 0 -80,00001 0
1454| 0 -84,00001 0
1455| 0 -88,00002 0
1456| 0 -92,00002 0
1457| 0 -96,00002 0
1458| 0 -100 0
1459| 0 -104 0
1460| 0 -108 0
1461| 0 -112 0
1462| 0 -116 0
1463| 0 -120 0
1464| 0 -124 0
1465| 0 -128 0
1466| 0 -132 0
1467| 0 -136 0
1468| 0 -140 0
1469| 0 -144 0
1470| 0 -148 0
1471| 0 -152 0
1472| 0 -156 0
1473| 0 -160 0
1474| 0 -164 0
1475| 0 -168 0
1476| 0 -171,9999 0
1477| 0 -175,9999 0
1478| 0 -179,9999 0
1479| 0 -183,9999 0
1480| 0 -187,9999 0
1481| 0 -191,9999 0
1482| 0 -195,9999 0
1483| 0 -199,9999 0
1484| 0 -203,9999 0
1485| 0 -207,9999 0
1486| 0 -211,9999 0
1487| 0 -215,9999 0
1488| 0 -219,9999 0
1489| 0 -223,9999 0
1490| 0 -227,9999 0
1491| 0 -231,9999 0
1492| 0 -235,9999 0
1493| 0 -239,9999 0
1494| 0 -243,9999 0
1495| 0 -247,9999 0
1496| 0 -251,9999 0
1497| 0 -255,9999 0
1498| 0 -259,9999 0
1499| 0 -263,9999 0
1500| 0 -267,9999 0
1501| 0 -271,9998 0
1502| 0 -275,9998 0
1503| 0 -279,9998 0
1504| 0 -283,9998 0
1505| 0 -287,9998 0
1506| 0 -291,9998 0
1507| 0 -295,9998 0
1508| 0 -299,9998 0
1509| 0 -303,9998 0
1510| 0 -307,9998 0
1511| 0 -311,9998 0
1512| 0 -315,9998 0
1513| 0 -319,9998 0
1514| 0 -323,9998 0
1515| 0 -327,9998 0
1516| 0 -331,9998 0
1517| 0 -335,9998 0
1518| 0 -339,9998 0
1519| 0 -343,9998 0
1520| 0 0 0
1521| 0 0 0
1522| 0 0 0
1523| 0 0 0
1524| 0 0 0
1525| 0 0 0
1526| -0,3 0 0
1527| -0,6 0 0
1528| -0,9 0 0
1529| -1,2 0 0
1530| -1,5 0 0
1531| -1,8 0 0
1532| -2,1 0 0
1533| -2,4 0 0
1534| -2,7 0 0
1535| -3 0 0
1536| -3,299999 0 0
1537| -3,599999 0 0
1538| -3,899999 4 0
1539| -4,2 8 0
1540| -4,5 8 0
1541| -4,8 8 0
1542| -5,1 8 0
1543| -5,4 8 0
1544| -5,7 12 0
1545| -6 16 0
1546| -6,300001 20 0
1547| -6,600001 24 0
1548| -6,900001 28 0
1549| -7,200001 32 0
1550| -7,500001 36 0
1551| -7,800001 40 0
1552| -8,1 40 0
1553| -8,4 40 0
1554| -8,7 43,99999 0
1555| -8,999999 47,99999 0
1556| -9,299999 51,99999 0
1557| -9,599998 55,99999 0
1558| -9,899999 60 0
1559| -10,2 64 0
1560| -10,5 68 0
1561| -10,8 72 0
1562| -11,1 76,00001 0
1563| -11,4 80,00001 0
1564| -11,7 84,00001 0
1565| -12 88,00002 0
1566| -12,3 92,00002 0
1567| -12,6 96,00002 0
1568| -12,9 100 0
1569| -13,2 104 0
1570| -13,5 108 0
1571| -13,79999 112 0
1572| -14,09999 116 0
1573| -14,39999 120 0
1574| -14,69999 124 0
1575| -14,99999 128 0
1576| -15,29999 132 0
1577| -15,29999 136 0
1578| -15,29999 140 0
1579| -15,29999 144 0
1580| 0 0 0
1581| 0 0 0
1582| 0 0 0
1583| 0 0 0
1584| 0 0 0
1585| 0 0 0
1586| 0 0 0
1587| 0 0 0
1588| 0 0 0
1589| 0 0 0
1590| 0 0 0
1591| 0 0 0
1592| 0 0 0
1593| 0 0 0
1594| 0 0 0
1595| 0 -4 0
1596| 0 -8 0
1597| 0 -12 0
1598| 0 -16 0
1599| 0 -20 0
1600| 0 -24 0
1601| 0 -28 0
1602| 0 -32 0
1603| 0 -36 0
1604| 0 -40 0
1605| 0 -43,99999 0
1606| 0 -47,99999 0
1607| 0 -51,99999 0
1608| 0 -55,99999 0
1609| 0 -60 0
1610| 0 -64 0
1611| 0 -68 0
1612| 0 -72 0
1613| 0 -76,00001 0
1614| 0 -80,00001 0
1615| 0 -84,00001 0
1616| 0 -88,00002 0
1617| 0 -92,00002 0
1618| 0 -96,00002 0
1619| 0 -100 0
1620| 0 -104 0
1621| 0 -108 0
1622| 0 -112 0
1623| 0 -116 0
1624| 0 -120 0
1625| 0 -124 0
1626| 0 -128 0
1627| 0 -132 0
1628| 0 -136 0
1629| 0 -140 0
1630| 0 -144 0
1631| 0 -148 0
1632| 0 -152 0
1633| 0 -156 0
1634| 0 -160 0
1635| 0 -164 0
1636| 0 -168 0
1637| 0 -171,9999 0
1638| 0 -175,9999 0
1639| 0 -179,9999 0
1640| 0 -183,9999 0
1641| 0 -187,9999 0
1642| 0 -191,9999 0
1643| 0 -195,9999 0
1644| 0 -199,9999 0
1645| 0 -203,9999 0
1646| 0 -207,9999 0
1647| 0 -211,9999 0
1648| 0 -215,9999 0
1649| 0 -219,9999 0
1650| 0 -223,9999 0
1651| 0 -227,9999 0
1652| 0 -231,9999 0
1653| 0 -235,9999 0
1654| 0 -239,9999 0
1655| 0 -243,9999 0
1656| 0 -247,9999 0
1657| 0 -251,9999 0
1658| 0 -255,9999 0
1659| 0 -259,9999 0
1660| 0 -263,9999 0
1661| 0 -267,9999 0
1662| 0 -271,9998 0
1663| 0 -275,9998 0
1664| 0 -279,9998 0
1665| 0 -283,9998 0
1666| 0 -287,9998 0
1667| 0 -291,9998 0
1668| 0 -295,9998 0
1669| 0 -299,9998 0
1670| 0 -303,9998 0
1671| 0 -307,9998 0
1672| 0 -311,9998 0
1673| 0 -315,9998 0
1674| 0 -319,9998 0
1675| 0 -323,9998 0
1676| 0 -327,9998 0
1677| 0 -331,9998 0
1678| 0 -335,9998 0
1679| 0 -339,9998 0
1680| 0 -343,9998 0
1681| 0 -347,9998 0
1682| 0 -351,9998 0
1683| 0 -355,9998 0
1684| 0 -359,9998 0
1685| 0 -363,9998 0
1686| 0 -367,9998 0
1687| 0 -371,9998 0
1688| 0 -375,9998 0
1689| 0 -379,9998 0
1690| 0 -383,9998 0
1691| 0 -387,9998 0
1692| 0 -391,9998 0
1693| 0 -395,9998 0
1694| 0 -399,9997 0
1695| 0 -400 0
1696| 0 -400 0
1697| 0 -400 0
1698| 0 -400 0
1699| 0 -400 0
1700| 0 -400 0
1701| 0 -400 0
1702| 0 -400 0
1703| 0 -400 0
1704| 0 -400 0
1705| 0 -400 0
1706| 0 -400 0
1707| 0 -400 0
1708| 0 -400 0
1709| 0 -400 0
1710| 0 -400 0
1711| 0 -400 0
1712| 0 -400 0
1713| 0 -400 0
1714| 0 -400 0
1715| 0 -400 0
1716| 0 -400 0
1717| 0 -400 0
1718| 0 -400 0
1719| 0 -400 0
1720| 0 -400 0
1721| 0 -400 0
1722| 0 -400 0
1723| 0 -400 0
1724| 0 -400 0
1725| 0 -400 0
1726| 0 -400 0
1727| 0 -400 0
1728| 0 -400 0
1729| 0 -400 0
1730| 0 -400 0
1731| 0 -400 0
1732| 0 -400 0
1733| 0 -400 0
1734| 0 -400 0
1735| 0 -400 0
1736| 0 -400 0
1737| 0 -400 0
1738| 0 -400 0
1739| 0 -400 0
1740| 0 -400 0
1741| 0 -400 0
1742| 0 -400 0
1743| 0 -400 0
1744| 0 -400 0
1745| 0 -400 0
1746| 0 -400 0
1747| 0 -400 0
1748| 0 -400 0
1749| 0 -400 0
1750| 0 -400 0
1751| 0 -400 0
1752| 0 -400 0
1753| 0 -400 0
1754| 0 -400 0
1755| 0 -400 0
1756| 0 -400 0
1757| 0 -400 0
1758| 0 -400 0
1759| 0 -400 0
1760| 0 -400 0
1761| 0 -400 0
1762| 0 -400 0
1763| 0 -400 0
1764| 0 -400 0
1765| 0 -400 0
1766| 0 -400 0
1767| 0 -400 0
1768| 0 -400 0
1769| 0 -400 0
1770| 0 -400 0
1771| 0 -400 0
1772| 0 -400 0
1773| 0 -400 0
1774| 0 -400 0
1775| 0 -400 0
1776| 0 -400 0
1777| 0 -400 0
1778| 0 -400 0
1779| 0 -400 0
1780| 0 -400 0
1781| 0 -400 0
1782| 0 -400 0
1783| 0 -400 0
1784| 0 -400 0
1785| 0 -400 0
1786| 0 -400 0
1787| 0 -400 0
1788| 0 -400 0
1789| 0 -400 0
1790| 0 -400 0
1791| 0 -400 0
1792| 0 -400 0
1793| 0 -400 0
1794| 0 0 0
1795| 0 0 0
1796| 0 0 0
1797| 0 0 0
1798| 0 0 0
1799| 0 4 0
1800| 0 8 0
1801| -0,3 12 0
1802| -0,6 16 0
1803| -0,9 20 0
1804| -1,2 24 0
1805| -1,5 28 0
1806| -1,8 32 0
1807| -2,1 36 0
1808| -2,4 40 0
1809| -2,7 43,99999 0
1810| -3 47,99999 0
1811| -3,299999 51,99999 0
1812| -3,599999 55,99999 0
1813| -3,899999 60 0
1814| -4,2 64 0
1815| -4,5 68 0
1816| -4,5 72 0
1817| -4,5 76,00001 0
1818| -4,5 80,00001 0
1819| -4,5 84,00001 0
1820| -4,5 88,00002 0
1821| -4,5 92,00002 0
1822| -4,5 96,00002 0
1823| -4,5 100 0
1824| -4,5 104 0
1825| -4,5 108 0
1826| -4,5 112 0
1827| -4,5 116 0
1828| -4,5 120 0
1829| -4,5 124 0
1830| -4,5 128 0
1831| -4,5 132 0
1832| -4,5 136 0
1833| -4,5 140 0
1834| -4,5 144 0
1835| -4,5 148 0
1836| -4,5 152 0
1837| -4,5 156 0
1838| -4,5 160 0
1839| -4,5 164 0
1840| -4,5 168 0
1841| -4,5 171,9999 0
1842| -4,5 175,9999 0
1843| -4,5 179,9999 0
1844| -4,5 183,9999 0
1845| -4,5 187,9999 0
1846| -4,5 191,9999 0
1847| -4,5 195,9999 0
1848| -4,5 199,9999 0
1849| -4,5 203,9999 0
1850| -4,5 207,9999 0
1851| -4,5 211,9999 0
1852| -4,5 215,9999 0
1853| -4,5 219,9999 0
1854| -4,5 223,9999 0
1855| -4,5 227,9999 0
1856| -4,5 231,9999 0
1857| -4,5 235,9999 0
1858| -4,5 239,9999 0
1859| -4,5 243,9999 0
1860| -4,5 247,9999 0
1861| -4,5 251,9999 0
1862| -4,5 255,9999 0
1863| -4,5 259,9999 0
1864| -4,5 263,9999 0
1865| -4,5 267,9999 0
1866| -4,5 271,9998 0
1867| -4,5 275,9998 0
1868| -4,5 279,9998 0
1869| -4,5 283,9998 0
1870| -4,5 287,9998 0
1871| -4,5 291,9998 0
1872| -4,5 295,9998 0
1873| -4,5 299,9998 0
1874| -4,5 303,9998 0
1875| -4,5 307,9998 0
1876| -4,5 311,9998 0
1877| -4,5 315,9998 0
1878| -4,5 319,9998 0
1879| -4,5 323,9998 0
1880| -4,5 327,9998 0
1881| -4,5 331,9998 0
1882| -4,5 335,9998 0
1883| -4,5 339,9998 0
1884| -4,5 343,9998 0
1885| -4,5 347,9998 0
1886| -4,5 351,9998 0
1887| -4,5 355,9998 0
1888| -4,5 359,9998 0
1889| -4,5 363,9998 0
1890| -4,5 367,9998 0
1891| -4,5 371,9998 0
1892| -4,5 375,9998 0
1893| -4,5 379,9998 0
1894| -4,5 383,9998 0
1895| -4,5 387,9998 0
1896| -4,5 391,9998 0
1897| -4,5 395,9998 0
1898| -4,5 399,9997 0
1899| -4,5 400 0
1900| -4,5 400 0
1901| -4,5 400 0
1902| -4,5 400 0
1903| -4,5 400 0
1904| -4,5 400 0
1905| -4,5 400 0
1906| -4,5 400 0
1907| -4,5 400 0
1908| -4,5 400 0
1909| -4,5 400 0
1910| -4,5 400 0
1911| -4,5 400 0
1912| -4,5 400 0
1913| -4,5 400 0
1914| -4,5 400 0
1915| -4,5 400 0
1916| -4,5 400 0
1917| -4,5 400 0
1918| -4,5 400 0
1919| -4,5 400 0
1920| -4,5 400 0
1921| -4,5 400 0
1922| -4,5 400 0
1923| -4,5 400 0
1924| -4,5 400 0
1925| -4,5 400 0
1926| -4,5 400 0
1927| -4,5 400 0
1928| -4,5 400 0
1929| -4,5 400 0
1930| -4,5 400 0
1931| -4,5 400 0
1932| -4,5 400 0
1933| -4,5 400 0
1934| -4,5 400 0
1935| -4,5 400 0
1936| -4,5 400 0
1937| -4,5 400 0
1938| -4,5 400 0
1939| -4,5 400 0
1940| -4,5 400 0
1941| -4,5 400 0
1942| -4,5 400 0
1943| -4,5 400 0
1944| -4,5 400 0
1945| -4,5 400 0
1946| -4,5 400 0
1947| -4,5 400 0
1948| -4,5 400 0
1949| -4,5 400 0
1950| -4,5 400 0
1951| -4,5 400 0
1952| -4,5 400 0
1953| -4,5 400 0
1954| -4,5 400 0
1955| -4,5 400 0
1956| -4,5 400 0
1957| -4,5 400 0
1958| -4,5 400 0
1959| -4,5 400 0
1960| -4,5 400 0
1961| -4,5 400 0
1962| -4,5 400 0
1963| -4,5 400 0
1964| -4,5 400 0
1965| -4,5 400 0
1966| -4,5 400 0
1967| -4,5 400 0
1968| -4,5 400 0
1969| -4,5 400 0
1970| -4,5 400 0
1971| -4,5 400 0
1972| -4,5 400 0
1973| -4,5 400 0
1974| -4,5 400 0
1975| -4,5 400 0
1976| -4,5 400 0
1977| -4,5 400 0
1978| -4,5 400 0
1979| -4,5 400 0
1980| -4,5 400 0
1981| -4,5 400 0
1982| -4,5 400 0
1983| -4,5 400 0
1984| -4,5 400 0
1985| -4,5 400 0
1986| -4,5 400 0
1987| -4,5 400 0
1988| -4,5 400 0
1989| -4,5 400 0
1990| -4,5 400 0
1991| -4,5 400 0
1992| -4,5 400 0
1993| -4,5 400 0
1994| -4,5 400 0
1995| -4,5 400 0
1996| -4,5 400 0
1997| -4,5 400 0
1998| -4,5 400 0
1999| -4,5 400 0
2000| -4,5 400 0
2001| -4,5 400 0
2002| -4,5 400 0
2003| -4,5 400 0
2004| -4,5 400 0
2005| -4,5 400 0
2006| -4,5 400 0
2007| -4,5 400 0
2008| -4,5 400 0
2009| -4,5 400 0
2010| -4,5 400 0
2011| -4,5 400 0
2012| -4,5 400 0
2013| -4,5 400 0
2014| -4,5 400 0
2015| -4,5 400 0
2016| -4,5 400 0
2017| -4,5 400 0
2018| -4,5 400 0
2019| -4,5 400 0
2020| -4,5 400 0
2021| 0 0 0
2022| 0 0 0
2023| 0 0 0
2024| 0 0 0
2025| 0 0 0
2026| 0 0 0
2027| 0 0 0
2028| 0 0 0
2029| 0 0 0
2030| 0 0 0
2031| 0 0 0
2032| 0 0 0
2033| 0 0 0
2034| 0 0 0
2035| 0 0 0
2036| 0 0 0
2037| 0 0 0
2038| 0 0 0
2039| 0 0 0
2040| 0 0 0
2041| 0 0 0
2042| 0 0 0
2043| 0 0 0
2044| 0 0 0
2045| 0 0 0
2046| 0 0 0
2047| 0 0 0
2048| 0 0 0
2049| 0 0 0
2050| 0 0 0
2051| 0 0 0
2052| 0 0 0
2053| 0 0 0
2054| 0 0 0
2055| 0 0 0
2056| 0 0 0
2057| 0 0 0
2058| 0 0 0
2059| 0 0 0
2060| 0 0 0
2061| 0 0 0
2062| 0 0 0
2063| 0 0 0
2064| 0 0 0
2065| 0 0 0
2066| 0 0 0
2067| 0 0 0
2068| 0 0 0
2069| 0 0 0
2070| 0 0 0
2071| 0 0 0
2072| 0 0 0
2073| 0 0 0
2074| 0 0 0
2075| 0 0 0
2076| 0 0 0
2077| 0 0 0
2078| 0 0 0
2079| 0 0 0
2080| 0 0 0
2081| 0 0 0
2082| 0 0 0
2083| 0 0 0
2084| 0 0 0
2085| 0 0 0
2086| 0 0 0
2087| 0 0 0
2088| 0 0 0
2089| 0 0 0
2090| 0 0 0
2091| 0 0 0
2092| 0 0 0
2093| 0 0 0
2094| 0 0 0
2095| 0 0 0
2096| 0 0 0
2097| 0 0 0
2098| 0 0 0
2099| 0 0 0
2100| 0 0 0
2101| 0 0 0
2102| 0 0 0
2103| 0 0 0
2104| 0 0 0
2105| 0 0 0
2106| 0 0 0
2107| 0 0 0
2108| 0 0 0
2109| 0 0 0
2110| 0 0 0
2111| 0 0 0
2112| 0 0 0
2113| 0 0 0
2114| 0 0 0
2115| 0 0 0
2116| 0 0 0
2117| 0 0 0
2118| 0 0 0
2119| 0 0 0
2120| 0 0 0
2121| 0 0 0
2122| 0 0 0
2123| 0 0 0
2124| 0 0 0
2125| 0 0 0
2126| 0 0 0
2127| 0 0 0
2128| 0 0 0
2129| 0 0 0
2130| 0 0 0
2131| 0 0 0
2132| 0 0 0

