1| 0 0 0
2| 0 0 0
3| 0 0 0
4| 0 0 0
5| 0 0 0
6| 0 0 0
7| 0 0 0
8| 0 0 0
9| 0 0 0
10| 0 0 0
11| 0 0 0
12| 0 0 0
13| 0 0 0
14| 0 0 0
15| 0 0 0
16| 0 0 0
17| 0 0 0
18| 0 0 0
19| 0 0 0
20| 0 0 0
21| 0 0 0
22| 0 0 0
23| 0 0 0
24| 0 0 0
25| 0 0 0
26| 0 0 0
27| 0 0 0
28| 0 0 0
29| 0 0 0
30| 0 0 0
31| 0 0 0
32| 0 0 0
33| 0 0 0
34| 0 0 0
35| 0 0 0
36| 0 0 0
37| 0 0 0
38| 0 0 0
39| 0 0 0
40| 0 0 0
41| 0 0 0
42| 0 0 0
43| 0 0 0
44| 0 0 0
45| 0 0 0
46| 0 0 0
47| 0 0 0
48| 0 4 0
49| 0 8 0
50| 0 12 0
51| 0 16 0
52| 0 20 0
53| 0 24 0
54| 0 28 0
55| 0 32 0
56| 0 36 0
57| 0 40 0
58| 0 43,99999 0
59| 0 47,99999 0
60| 0 51,99999 0
61| 0 55,99999 0
62| 0 60 0
63| 0 64 0
64| 0 68 0
65| 0 72 0
66| 0 76,00001 0
67| 0 80,00001 0
68| 0 84,00001 0
69| 0 88,00002 0
70| 0 92,00002 0
71| 0 96,00002 0
72| 0 100 0
73| 0 104 0
74| 0 108 0
75| 0 112 0
76| 0 116 0
77| 0 120 0
78| 0 124 0
79| 0 128 0
80| 0 132 0
81| 0 136 0
82| 0 140 0
83| 0 144 0
84| 0 148 0
85| 0 152 0
86| 0 156 0
87| 0 160 0
88| 0 164 0
89| 0 168 0
90| 0 171,9999 0
91| 0 175,9999 0
92| 0 179,9999 0
93| -0,3 183,9999 0
94| -0,6 187,9999 0
95| -0,9 191,9999 0
96| -1,2 195,9999 0
97| -1,5 199,9999 0
98| -1,8 203,9999 0
99| -2,1 207,9999 0
100| -2,4 211,9999 0
101| -2,7 215,9999 0
102| -3 219,9999 0
103| -3,299999 223,9999 0
104| -3,599999 227,9999 0
105| -3,899999 231,9999 0
106| -4,2 235,9999 0
107| -4,5 239,9999 0
108| -4,8 243,9999 0
109| -5,1 247,9999 0
110| -5,4 251,9999 0
111| -5,7 255,9999 0
112| -6 259,9999 0
113| -6,300001 263,9999 0
114| -6,600001 267,9999 0
115| -6,900001 271,9998 0
116| -7,200001 275,9998 0
117| -7,500001 279,9998 0
118| -7,800001 283,9998 0
119| -8,1 287,9998 0
120| -8,4 291,9998 0
121| -8,7 295,9998 0
122| -8,999999 299,9998 0
123| -9,299999 303,9998 0
124| -9,599998 307,9998 0
125| -9,899999 311,9998 0
126| -10,2 315,9998 0
127| -10,5 319,9998 0
128| -10,8 323,9998 0
129| -11,1 327,9998 0
130| -11,4 331,9998 0
131| -11,7 335,9998 0
132| -12 339,9998 0
133| -12,3 343,9998 0
134| -12,6 347,9998 0
135| -12,9 351,9998 0
136| -13,2 355,9998 0
137| -13,5 359,9998 0
138| -13,79999 363,9998 0
139| -14,09999 367,9998 0
140| -14,39999 371,9998 0
141| -14,69999 375,9998 0
142| -14,99999 379,9998 0
143| -15,29999 383,9998 0
144| -15,59999 387,9998 0
145| -15,89999 391,9998 0
146| -16,19999 395,9998 0
147| -16,49999 399,9997 0
148| -16,79999 400 0
149| -17,09999 400 0
150| -17,39999 400 0
151| -17,69999 400 0
152| -17,99999 400 0
153| -18,29999 400 0
154| -18,59999 400 0
155| -18,89999 400 0
156| -19,19999 400 0
157| -19,49999 400 0
158| -19,79999 400 0
159| -20,09999 400 0
160| -20,39999 400 0
161| 0 400 0
162| 0 400 0
163| 0 400 0
164| 0,3 400 0
165| 0,6 400 0
166| 0,9 400 0
167| 1,2 400 0
168| 1,5 400 0
169| 1,8 400 0
170| 2,1 400 0
171| 2,4 400 0
172| 2,7 400 0
173| 3 400 0
174| 3,299999 400 0
175| 3,599999 400 0
176| 3,899999 400 0
177| 4,2 400 0
178| 4,5 400 0
179| 4,8 400 0
180| 5,1 400 0
181| 5,4 400 0
182| 5,7 400 0
183| 6 400 0
184| 6,300001 400 0
185| 6,600001 400 0
186| 6,900001 400 0
187| 7,200001 400 0
188| 7,500001 400 0
189| 7,800001 400 0
190| 8,1 400 0
191| 8,4 400 0
192| 8,7 400 0
193| 8,999999 400 0
194| 9,299999 400 0
195| 9,599998 400 0
196| 9,899999 400 0
197| 10,2 400 0
198| 10,5 400 0
199| 10,8 400 0
200| 11,1 400 0
201| 11,4 400 0
202| 11,7 400 0
203| 12 400 0
204| 12,3 400 0
205| 12,6 400 0
206| 12,9 400 0
207| 13,2 400 0
208| 13,5 400 0
209| 13,79999 400 0
210| 14,09999 400 0
211| 14,39999 400 0
212| 14,69999 400 0
213| 14,99999 400 0
214| 15,29999 400 0
215| 15,59999 400 0
216| 15,89999 400 0
217| 16,19999 400 0
218| 16,49999 400 0
219| 16,79999 400 0
220| 17,09999 400 0
221| 17,39999 400 0
222| 17,69999 400 0
223| 17,99999 400 0
224| 18,29999 400 0
225| 18,59999 400 0
226| 18,89999 400 0
227| 19,19999 400 0
228| 19,49999 400 0
229| 19,79999 400 0
230| 20,09999 400 0
231| 20,39999 400 0
232| 20,69999 400 0
233| 20,99999 400 0
234| 21,29999 400 0
235| 21,59999 400 0
236| 21,89999 400 0
237| 0 400 0
238| 0 400 0
239| 0 400 0
240| 0 400 0
241| -0,3 400 0
242| -0,6 400 0
243| -0,9 400 0
244| -1,2 400 0
245| -1,5 400 0
246| -1,8 400 0
247| -2,1 400 0
248| -2,4 400 0
249| -2,7 400 0
250| -3 400 0
251| -3,299999 400 0
252| -3,599999 400 0
253| -3,899999 400 0
254| -4,2 400 0
255| -4,5 400 0
256| -4,8 400 0
257| -5,1 400 0
258| -5,4 400 0
259| -5,7 400 0
260| -6 400 0
261| -6,300001 400 0
262| -6,600001 400 0
263| -6,900001 400 0
264| -7,200001 400 0
265| -7,500001 400 0
266| -7,800001 400 0
267| -8,1 400 0
268| -8,4 400 0
269| -8,7 400 0
270| -8,999999 400 0
271| -9,299999 400 0
272| -9,599998 400 0
273| -9,899999 400 0
274| -10,2 400 0
275| -10,5 400 0
276| -10,8 400 0
277| -11,1 400 0
278| -11,4 400 0
279| -11,7 400 0
280| -12 400 0
281| -12,3 400 0
282| -12,6 400 0
283| -12,9 400 0
284| -13,2 400 0
285| -13,5 400 0
286| -13,79999 400 0
287| -14,09999 400 0
288| -14,39999 400 0
289| -14,69999 400 0
290| -14,99999 400 0
291| -15,29999 400 0
292| -15,59999 400 0
293| -15,89999 400 0
294| -16,19999 400 0
295| -16,49999 400 0
296| -16,79999 400 0
297| -17,09999 400 0
298| -17,39999 400 0
299| -17,69999 400 0
300| -17,99999 400 0
301| -18,29999 400 0
302| -18,59999 400 0
303| -18,89999 400 0
304| -19,19999 400 0
305| -19,49999 400 0
306| -19,79999 400 0
307| -20,09999 400 0
308| -20,39999 400 0
309| -20,69999 400 0
310| -20,99999 400 0
311| -21,29999 400 0
312| -21,59999 400 0
313| -21,89999 400 0
314| -22,19999 400 0
315| -22,49999 400 0
316| -22,79999 400 0
317| 0 400 0
318| 0,3 400 0
319| 0,6 400 0
320| 0,9 400 0
321| 1,2 400 0
322| 1,5 400 0
323| 1,8 400 0
324| 2,1 400 0
325| 2,4 400 0
326| 2,7 400 0
327| 3 400 0
328| 3,299999 400 0
329| 3,599999 400 0
330| 3,899999 400 0
331| 4,2 400 0
332| 4,5 400 0
333| 4,8 400 0
334| 5,1 400 0
335| 5,4 400 0
336| 5,7 400 0
337| 6 400 0
338| 6,300001 400 0
339| 6,600001 400 0
340| 6,900001 400 0
341| 7,200001 400 0
342| 7,500001 400 0
343| 7,800001 400 0
344| 8,1 400 0
345| 8,4 400 0
346| 8,7 400 0
347| 8,999999 400 0
348| 9,299999 400 0
349| 9,599998 400 0
350| 9,899999 400 0
351| 10,2 400 0
352| 10,5 400 0
353| 10,8 400 0
354| 11,1 400 0
355| 11,4 400 0
356| 11,4 400 0
357| 11,4 400 0
358| 11,4 400 0
359| 11,4 400 0
360| 11,4 400 0
361| 11,4 400 0
362| 11,4 400 0
363| 11,4 400 0
364| 11,4 400 0
365| 11,4 400 0
366| 11,4 400 0
367| 11,4 400 0
368| 11,4 400 0
369| 11,4 400 0
370| 11,4 400 0
371| 11,4 400 0
372| 0 400 0
373| -0,3 400 0
374| -0,6 400 0
375| -0,9 400 0
376| -1,2 400 0
377| -1,5 400 0
378| -1,8 400 0
379| -2,1 400 0
380| -2,4 400 0
381| -2,7 400 0
382| -3 400 0
383| -3,299999 400 0
384| -3,599999 400 0
385| -3,899999 400 0
386| -4,2 400 0
387| -4,5 400 0
388| -4,8 400 0
389| -5,1 400 0
390| -5,4 400 0
391| -5,7 400 0
392| -6 400 0
393| -6 400 0
394| -6 400 0
395| -6 400 0
396| -6 400 0
397| -6 400 0
398| -6 400 0
399| -6 400 0
400| -6 400 0
401| -6 400 0
402| -6 400 0
403| -6 400 0
404| -6 400 0
405| -6 400 0
406| -6 400 0
407| -6 400 0
408| 0 400 0
409| 0,3 400 0
410| 0,6 400 0
411| 0,9 400 0
412| 0,9 400 0
413| 0,9 400 0
414| 0,9 400 0
415| 0,9 400 0
416| 0,9 400 0
417| 0,9 400 0
418| 1,2 400 0
419| 1,5 400 0
420| 1,8 400 0
421| 1,8 400 0
422| 1,8 400 0
423| 1,8 400 0
424| 1,8 400 0
425| 1,8 400 0
426| 1,8 400 0
427| 1,8 400 0
428| 1,8 400 0
429| 1,8 400 0
430| 1,8 400 0
431| 1,8 400 0
432| 1,8 400 0
433| 1,8 400 0
434| 1,8 400 0
435| 1,8 400 0
436| 1,8 400 0
437| 1,8 400 0
438| 1,8 400 0
439| 1,8 400 0
440| 1,8 400 0
441| 1,8 400 0
442| 1,8 400 0
443| 1,8 400 0
444| 1,8 400 0
445| 1,8 400 0
446| 1,8 400 0
447| 1,8 400 0
448| 1,8 400 0
449| 1,8 400 0
450| 1,8 400 0
451| 1,8 400 0
452| 1,8 400 0
453| 1,8 400 0
454| 1,8 400 0
455| 1,8 400 0
456| 1,8 400 0
457| 1,8 400 0
458| 1,8 400 0
459| 1,8 400 0
460| 1,8 400 0
461| 1,8 400 0
462| 1,8 400 0
463| 1,8 400 0
464| 1,8 400 0
465| 1,8 400 0
466| 1,8 400 0
467| 1,8 400 0
468| 1,8 400 0
469| 1,8 400 0
470| 1,8 400 0
471| 1,8 400 0
472| 1,8 400 0
473| 1,8 400 0
474| 1,8 400 0
475| 1,8 400 0
476| 1,8 400 0
477| 1,8 400 0
478| 1,8 400 0
479| 1,8 400 0
480| 1,8 400 0
481| 1,8 400 0
482| 1,8 400 0
483| 1,8 400 0
484| 1,8 400 0
485| 1,8 400 0
486| 1,8 400 0
487| 1,8 400 0
488| 1,8 400 0
489| 1,8 400 0
490| 1,8 400 0
491| 1,8 400 0
492| 1,8 400 0
493| 1,8 400 0
494| 1,8 400 0
495| 1,8 400 0
496| 1,8 400 0
497| 1,8 400 0
498| 1,8 400 0
499| 1,8 400 0
500| 1,8 400 0
501| 1,8 400 0
502| 1,8 400 0
503| 1,8 400 0
504| 1,8 400 0
505| 1,8 400 0
506| 1,8 400 0
507| 1,8 400 0
508| 1,8 400 0
509| 1,8 400 0
510| 1,8 400 0
511| 1,8 400 0
512| 1,8 400 0
513| 1,8 400 0
514| 1,8 400 0
515| 1,8 400 0
516| 1,8 400 0
517| 1,8 400 0
518| 1,8 400 0
519| 1,8 400 0
520| 1,8 400 0
521| 1,8 400 0
522| 1,8 400 0
523| 1,8 400 0
524| 1,8 400 0
525| 1,8 400 0
526| 1,8 400 0
527| 1,8 400 0
528| 1,8 400 0
529| 1,8 400 0
530| 1,8 400 0
531| 1,8 400 0
532| 1,8 400 0
533| 1,8 400 0
534| 1,8 400 0
535| 1,8 400 0
536| 1,8 400 0
537| 1,8 400 0
538| 1,8 400 0
539| 1,8 400 0
540| 1,8 400 0
541| 1,8 400 0
542| 1,8 400 0
543| 1,8 400 0
544| 1,8 400 0
545| 1,8 400 0
546| 1,8 400 0
547| 1,8 400 0
548| 1,8 400 0
549| 1,8 400 0
550| 1,8 400 0
551| 1,8 400 0
552| 1,8 400 0
553| 1,8 400 0
554| 1,8 400 0
555| 1,8 400 0
556| 1,8 400 0
557| 1,8 400 0
558| 1,8 400 0
559| 1,8 400 0
560| 1,8 400 0
561| 1,8 400 0
562| 1,8 400 0
563| 1,8 400 0
564| 1,8 400 0
565| 1,8 400 0
566| 1,8 400 0
567| 1,8 400 0
568| 1,8 400 0
569| 1,8 400 0
570| 1,8 400 0
571| 1,8 400 0
572| 1,8 400 0
573| 1,8 400 0
574| 1,8 400 0
575| 1,8 400 0
576| 1,8 400 0
577| 1,8 400 0
578| 0 400 0
579| -0,3 400 0
580| -0,6 400 0
581| -0,9 400 0
582| -1,2 400 0
583| -1,5 400 0
584| -1,8 400 0
585| -2,1 400 0
586| -2,4 400 0
587| -2,7 400 0
588| -3 400 0
589| -3,299999 400 0
590| -3,599999 400 0
591| -3,899999 400 0
592| -4,2 400 0
593| -4,5 400 0
594| -4,8 400 0
595| -5,1 400 0
596| -5,4 400 0
597| -5,7 400 0
598| -6 400 0
599| -6,300001 400 0
600| -6,600001 400 0
601| -6,900001 400 0
602| -7,200001 400 0
603| -7,500001 400 0
604| -7,800001 400 0
605| -8,1 400 0
606| -8,4 400 0
607| -8,4 400 0
608| -8,4 400 0
609| -8,4 400 0
610| -8,4 400 0
611| -8,4 400 0
612| -8,4 400 0
613| -8,4 400 0
614| -8,4 400 0
615| -8,4 400 0
616| -8,4 400 0
617| -8,4 400 0
618| -8,4 400 0
619| -8,4 400 0
620| -8,4 400 0
621| -8,4 400 0
622| -8,4 400 0
623| -8,4 400 0
624| -8,4 400 0
625| -8,4 400 0
626| -8,4 400 0
627| -8,4 400 0
628| -8,4 400 0
629| -8,4 400 0
630| -8,4 400 0
631| -8,4 400 0
632| -8,4 400 0
633| -8,4 400 0
634| -8,4 400 0
635| -8,4 400 0
636| -8,4 400 0
637| -8,4 400 0
638| -8,4 400 0
639| -8,4 400 0
640| -8,4 400 0
641| -8,4 400 0
642| -8,4 400 0
643| -8,4 400 0
644| -8,4 400 0
645| -8,4 400 0
646| -8,4 400 0
647| -8,4 400 0
648| -8,4 400 0
649| -8,4 400 0
650| -8,4 400 0
651| 0 400 0
652| 0,3 400 0
653| 0,6 400 0
654| 0,9 400 0
655| 1,2 400 0
656| 1,5 400 0
657| 1,5 400 0
658| 1,5 400 0
659| 1,5 400 0
660| 1,5 400 0
661| 1,5 400 0
662| 1,5 400 0
663| 1,5 400 0
664| 1,5 400 0
665| 1,5 400 0
666| 1,5 400 0
667| 1,5 400 0
668| 1,5 400 0
669| 1,5 400 0
670| 1,5 400 0
671| 1,5 400 0
672| 1,5 400 0
673| 1,5 400 0
674| 1,5 400 0
675| 1,5 400 0
676| 1,5 400 0
677| 1,5 400 0
678| 1,5 400 0
679| 1,5 400 0
680| 1,5 400 0
681| 1,5 400 0
682| 1,5 400 0
683| 1,5 400 0
684| 1,5 400 0
685| 1,5 400 0
686| 1,5 400 0
687| 1,5 400 0
688| 1,5 400 0
689| 1,5 400 0
690| 1,5 400 0
691| 1,5 400 0
692| 1,5 400 0
693| 1,5 400 0
694| 1,5 400 0
695| 1,5 400 0
696| 1,5 400 0
697| 1,5 400 0
698| 1,5 400 0
699| 1,5 400 0
700| 1,5 400 0
701| 1,5 400 0
702| 1,5 400 0
703| 1,5 400 0
704| 1,5 400 0
705| 1,5 400 0
706| 1,5 400 0
707| 1,5 400 0
708| 1,5 400 0
709| 1,5 400 0
710| 1,5 400 0
711| 1,5 400 0
712| 1,5 400 0
713| 1,5 400 0
714| 1,5 400 0
715| 1,5 400 0
716| 1,5 400 0
717| 1,5 400 0
718| 1,5 400 0
719| 1,5 400 0
720| 1,5 400 0
721| 1,5 400 0
722| 1,5 400 0
723| 1,5 400 0
724| 1,5 400 0
725| 1,5 400 0
726| 1,5 400 0
727| 1,5 400 0
728| 1,5 400 0
729| 1,5 400 0
730| 1,5 400 0
731| 1,5 400 0
732| 1,5 400 0
733| 1,5 400 0
734| 1,5 400 0
735| 1,5 400 0
736| 1,5 400 0
737| 1,5 400 0
738| 1,5 400 0
739| 1,5 400 0
740| 1,5 400 0
741| 1,5 400 0
742| 1,5 400 0
743| 1,5 400 0
744| 1,5 400 0
745| 1,5 400 0
746| 1,5 400 0
747| 1,5 400 0
748| 1,5 400 0
749| 1,5 400 0
750| 1,5 400 0
751| 1,5 400 0
752| 1,5 400 0
753| 1,5 400 0
754| 1,5 400 0
755| 1,5 400 0
756| 1,5 400 0
757| 1,5 400 0
758| 1,5 400 0
759| 1,5 400 0
760| 1,5 400 0
761| 1,5 400 0
762| 1,5 400 0
763| 1,5 400 0
764| 1,5 400 0
765| 1,5 400 0
766| 1,5 400 0
767| 1,5 400 0
768| 1,5 400 0
769| 1,5 400 0
770| 1,5 400 0
771| 1,5 400 0
772| 1,5 400 0
773| 1,5 400 0
774| 1,5 400 0
775| 1,5 400 0
776| 1,5 400 0
777| 1,5 400 0
778| 1,5 400 0
779| 1,5 400 0
780| 1,5 400 0
781| 1,5 400 0
782| 1,5 400 0
783| 1,5 400 0
784| 1,5 400 0
785| 1,5 400 0
786| 1,5 400 0
787| 1,5 400 0
788| 1,5 400 0
789| 1,5 400 0
790| 1,5 400 0
791| 1,5 400 0
792| 1,5 400 0
793| 1,5 400 0
794| 1,5 400 0
795| 1,5 400 0
796| 1,5 400 0
797| 1,5 400 0
798| 1,5 400 0
799| 1,5 400 0
800| 1,5 400 0
801| 1,5 400 0
802| 1,5 400 0
803| 1,5 400 0
804| 1,5 400 0
805| 1,5 400 0
806| 1,5 400 0
807| 1,5 400 0
808| 1,5 400 0
809| 1,5 400 0
810| 1,5 400 0
811| 1,5 400 0
812| 1,5 400 0
813| 1,5 400 0
814| 1,5 400 0
815| 1,5 400 0
816| 1,5 400 0
817| 1,5 400 0
818| 1,5 400 0
819| 1,5 400 0
820| 1,5 400 0
821| 1,5 400 0
822| 1,5 400 0
823| 1,5 400 0
824| 1,5 400 0
825| 1,5 400 0
826| 1,5 400 0
827| 1,5 400 0
828| 1,5 400 0
829| 1,5 400 0
830| 1,5 400 0
831| 1,5 400 0
832| 1,5 400 0
833| 1,5 400 0
834| 1,5 400 0
835| 1,5 400 0
836| 1,5 400 0
837| 1,5 400 0
838| 1,5 400 0
839| 1,5 400 0
840| 1,5 400 0
841| 1,5 400 0
842| 1,5 400 0
843| 1,5 400 0
844| 1,5 400 0
845| 1,5 400 0
846| 1,5 400 0
847| 1,5 400 0
848| 1,5 400 0
849| 1,5 400 0
850| 1,5 400 0
851| 1,5 400 0
852| 1,5 400 0
853| 1,5 400 0
854| 0 400 0
855| -0,3 400 0
856| -0,6 400 0
857| -0,9 400 0
858| -1,2 400 0
859| -1,5 400 0
860| -1,8 400 0
861| -1,8 400 0
862| -1,8 400 0
863| -1,8 400 0
864| -1,8 400 0
865| -2,1 400 0
866| -2,4 400 0
867| -2,7 400 0
868| -3 400 0
869| -3 400 0
870| -3,299999 400 0
871| -3,599999 400 0
872| -3,899999 400 0
873| -4,2 400 0
874| -4,5 400 0
875| -4,8 400 0
876| -5,1 400 0
877| -5,4 400 0
878| -5,7 400 0
879| -6 400 0
880| -6,300001 400 0
881| -6,600001 400 0
882| -6,900001 400 0
883| -7,200001 400 0
884| -7,500001 400 0
885| -7,800001 400 0
886| -8,1 400 0
887| -8,1 400 0
888| -8,1 400 0
889| -8,1 400 0
890| -8,1 400 0
891| -8,1 400 0
892| -8,1 400 0
893| -8,1 400 0
894| -8,1 400 0
895| -8,1 400 0
896| -8,1 400 0
897| 0 400 0
898| 0,3 400 0
899| 0,3 400 0
900| 0,3 400 0
901| 0,3 400 0
902| 0,3 400 0
903| 0,3 400 0
904| 0,3 400 0
905| 0,3 400 0
906| 0,3 400 0
907| 0,3 400 0
908| 0,3 400 0
909| 0,3 400 0
910| 0,3 400 0
911| 0,3 400 0
912| 0,3 400 0
913| 0,3 400 0
914| 0,3 400 0
915| 0,3 400 0
916| 0,3 400 0
917| 0,3 400 0
918| 0,3 400 0
919| 0,3 400 0
920| 0,3 400 0
921| 0,3 400 0
922| 0,3 400 0
923| 0,3 400 0
924| 0,3 400 0
925| 0,3 400 0
926| 0,3 400 0
927| 0,3 400 0
928| 0,3 400 0
929| 0,3 400 0
930| 0,3 400 0
931| 0,3 400 0
932| 0,3 400 0
933| 0,3 400 0
934| 0,3 400 0
935| 0,3 400 0
936| 0,3 400 0
937| 0,3 400 0
938| 0,3 400 0
939| 0,3 400 0
940| 0,3 400 0
941| 0,3 400 0
942| 0,3 400 0
943| 0,3 400 0
944| 0,3 400 0
945| 0,3 400 0
946| 0,3 400 0
947| 0,3 400 0
948| 0,3 400 0
949| 0,3 400 0
950| 0,3 400 0
951| 0,3 400 0
952| 0,3 400 0
953| 0,3 400 0
954| 0,3 400 0
955| 0,3 400 0
956| 0,3 400 0
957| 0,3 400 0
958| 0,3 400 0
959| 0,3 400 0
960| 0,3 400 0
961| 0,3 400 0
962| 0,3 400 0
963| 0,3 400 0
964| 0,3 400 0
965| 0,3 400 0
966| 0,3 400 0
967| 0,3 400 0
968| 0,3 400 0
969| 0,3 400 0
970| 0,3 400 0
971| 0,3 400 0
972| 0,3 400 0
973| 0,3 400 0
974| 0,3 400 0
975| 0,3 400 0
976| 0,3 400 0
977| 0,3 400 0
978| 0,3 400 0
979| 0,3 400 0
980| 0,3 400 0
981| 0,3 400 0
982| 0,3 400 0
983| 0,3 400 0
984| 0,3 400 0
985| 0,3 400 0
986| 0,3 400 0
987| 0,3 400 0
988| 0,3 400 0
989| 0,3 400 0
990| 0,3 400 0
991| 0,3 400 0
992| 0,3 400 0
993| 0,3 400 0
994| 0,3 400 0
995| 0,3 400 0
996| 0,3 400 0
997| 0,3 400 0
998| 0,3 400 0
999| 0,3 400 0
1000| 0,3 400 0
1001| 0,3 400 0
1002| 0,3 400 0
1003| 0,3 400 0
1004| 0,3 400 0
1005| 0,3 400 0
1006| 0,3 400 0
1007| 0,3 400 0
1008| 0,3 400 0
1009| 0,3 400 0
1010| 0,3 400 0
1011| 0,3 400 0
1012| 0,3 400 0
1013| 0,3 400 0
1014| 0,3 400 0
1015| 0,3 400 0
1016| 0,3 400 0
1017| 0,3 400 0
1018| 0,3 400 0
1019| 0,3 400 0
1020| 0,3 400 0
1021| 0,3 400 0
1022| 0,6 400 0
1023| 0,9 400 0
1024| 1,2 400 0
1025| 1,5 400 0
1026| 1,8 400 0
1027| 2,1 400 0
1028| 2,4 400 0
1029| 2,7 400 0
1030| 3 400 0
1031| 3,299999 400 0
1032| 3,599999 400 0
1033| 3,899999 400 0
1034| 4,2 400 0
1035| 4,5 400 0
1036| 4,8 400 0
1037| 5,1 400 0
1038| 5,4 400 0
1039| 5,7 400 0
1040| 6 400 0
1041| 6,300001 400 0
1042| 6,600001 400 0
1043| 6,900001 400 0
1044| 7,200001 400 0
1045| 7,500001 400 0
1046| 7,800001 400 0
1047| 8,1 400 0
1048| 8,4 400 0
1049| 8,7 400 0
1050| 8,999999 400 0
1051| 9,299999 400 0
1052| 9,599998 400 0
1053| 9,899999 400 0
1054| 10,2 400 0
1055| 10,5 400 0
1056| 10,8 400 0
1057| 11,1 400 0
1058| 11,4 400 0
1059| 11,7 400 0
1060| 11,7 400 0
1061| 11,7 400 0
1062| 11,7 400 0
1063| 11,7 400 0
1064| 11,7 400 0
1065| 11,7 400 0
1066| 11,7 400 0
1067| 11,7 400 0
1068| 11,7 400 0
1069| 11,7 400 0
1070| 11,7 400 0
1071| 11,7 400 0
1072| 11,7 400 0
1073| 11,7 400 0
1074| 11,7 400 0
1075| 11,7 400 0
1076| 11,7 400 0
1077| 11,7 400 0
1078| 11,7 400 0
1079| 11,7 400 0
1080| 11,7 400 0
1081| 11,7 400 0
1082| 11,7 400 0
1083| 11,7 400 0
1084| 11,7 400 0
1085| 11,7 400 0
1086| 11,7 400 0
1087| 11,7 400 0
1088| 11,7 400 0
1089| 11,7 400 0
1090| 11,7 400 0
1091| 11,7 400 0
1092| 11,7 400 0
1093| 11,7 400 0
1094| 11,7 400 0
1095| 11,7 400 0
1096| 11,7 400 0
1097| 11,7 400 0
1098| 11,7 400 0
1099| 11,7 400 0
1100| 11,7 400 0
1101| 11,7 400 0
1102| 11,7 400 0
1103| 11,7 400 0
1104| 11,7 400 0
1105| 11,7 400 0
1106| 11,7 400 0
1107| 11,7 400 0
1108| 11,7 400 0
1109| 11,7 400 0
1110| 11,7 400 0
1111| 11,7 400 0
1112| 11,7 400 0
1113| 11,7 400 0
1114| 11,7 400 0
1115| 11,7 400 0
1116| 11,7 400 0
1117| 11,7 400 0
1118| 11,7 400 0
1119| 11,7 400 0
1120| 11,7 400 0
1121| 11,7 400 0
1122| 11,7 400 0
1123| 11,7 400 0
1124| 11,7 400 0
1125| 11,7 400 0
1126| 11,7 400 0
1127| 11,7 400 0
1128| 11,7 400 0
1129| 11,7 400 0
1130| 11,7 400 0
1131| 11,7 400 0
1132| 11,7 400 0
1133| 11,7 400 0
1134| 11,7 400 0
1135| 11,7 400 0
1136| 11,7 400 0
1137| 11,7 400 0
1138| 11,7 400 0
1139| 11,7 400 0
1140| 11,7 400 0
1141| 11,7 400 0
1142| 11,7 400 0
1143| 11,7 400 0
1144| 11,7 400 0
1145| 11,7 400 0
1146| 11,7 400 0
1147| 11,7 400 0
1148| 11,7 400 0
1149| 11,7 400 0
1150| 11,7 400 0
1151| 11,7 400 0
1152| 0 400 0
1153| -0,3 400 0
1154| -0,6 400 0
1155| -0,9 400 0
1156| -1,2 400 0
1157| -1,5 400 0
1158| -1,8 400 0
1159| -2,1 400 0
1160| -2,4 400 0
1161| -2,7 400 0
1162| -3 400 0
1163| -3,299999 400 0
1164| -3,599999 400 0
1165| -3,899999 400 0
1166| -4,2 400 0
1167| -4,5 400 0
1168| -4,8 400 0
1169| -5,1 400 0
1170| -5,4 400 0
1171| -5,7 400 0
1172| -6 400 0
1173| -6,300001 400 0
1174| -6,600001 400 0
1175| -6,900001 400 0
1176| -7,200001 400 0
1177| -7,500001 400 0
1178| -7,800001 400 0
1179| -8,1 400 0
1180| -8,4 400 0
1181| -8,7 400 0
1182| -8,999999 400 0
1183| -9,299999 400 0
1184| -9,599998 400 0
1185| -9,899999 400 0
1186| -10,2 400 0
1187| -10,5 400 0
1188| -10,8 400 0
1189| -11,1 400 0
1190| -11,4 400 0
1191| -11,7 400 0
1192| -12 400 0
1193| -12,3 400 0
1194| -12,6 400 0
1195| -12,9 400 0
1196| -13,2 400 0
1197| -13,5 400 0
1198| -13,79999 400 0
1199| -14,09999 400 0
1200| -14,39999 400 0
1201| -14,69999 400 0
1202| -14,99999 400 0
1203| -15,29999 400 0
1204| -15,59999 400 0
1205| -15,89999 400 0
1206| -16,19999 400 0
1207| -16,49999 400 0
1208| -16,79999 400 0
1209| -17,09999 400 0
1210| -17,39999 400 0
1211| -17,69999 400 0
1212| -17,99999 400 0
1213| -18,29999 400 0
1214| -18,59999 400 0
1215| -18,89999 400 0
1216| -19,19999 400 0
1217| -19,49999 400 0
1218| -19,79999 400 0
1219| -20,09999 400 0
1220| -20,39999 400 0
1221| -20,69999 400 0
1222| -20,99999 400 0
1223| -21,29999 400 0
1224| -21,59999 400 0
1225| -21,89999 400 0
1226| -22,19999 400 0
1227| -22,49999 400 0
1228| -22,79999 400 0
1229| -23,09999 400 0
1230| -23,39999 400 0
1231| -23,69999 400 0
1232| -23,99999 400 0
1233| -24,29999 400 0
1234| -24,59999 400 0
1235| -24,89998 400 0
1236| -25,19999 400 0
1237| -25,49998 400 0
1238| -25,79998 400 0
1239| -26,09998 400 0
1240| -26,39998 400 0
1241| -26,69998 400 0
1242| -26,99998 400 0
1243| -26,99998 400 0
1244| -26,99998 400 0
1245| -26,99998 400 0
1246| 0 0 0
1247| 0 0 0
1248| 0 0 0
1249| 0 0 0
1250| 0 0 0
1251| 0 0 0
1252| 0 0 0
1253| 0 0 0
1254| 0 0 0
1255| 0 0 0
1256| 0 0 0
1257| 0 0 0
1258| 0 0 0
1259| 0 0 0
1260| 0 0 0
1261| 0 0 0
1262| 0 0 0
1263| 0 0 0
1264| 0 0 0
1265| 0 0 0
1266| 0 0 0
1267| 0 0 0
1268| 0 0 0
1269| 0 0 0
1270| 0 0 0
1271| 0 0 0
1272| 0 0 0
1273| 0 0 0
1274| 0 0 0
1275| 0 0 0
1276| 0 0 0
1277| 0 0 0
1278| 0 0 0
1279| 0 0 0
1280| 0 0 0
1281| 0 0 0
1282| 0 0 0
1283| 0 0 0
1284| 0 0 0
1285| 0 0 0
1286| 0 0 0
1287| 0 0 0
1288| 0 0 0
1289| 0 0 0
1290| 0 0 0
1291| 0 0 0
1292| 0 0 0
1293| 0 0 0
1294| 0 0 0
1295| 0 0 0
1296| 0 0 0
1297| 0 0 0
1298| 0 0 0
1299| 0 0 0
1300| 0 0 0
1301| 0 0 0
1302| 0 0 0
1303| 0 0 0
1304| 0 0 0
1305| 0 0 0
1306| 0 0 0
1307| 0 0 0
1308| 0 0 0
1309| 0 0 0
1310| 0 0 0
1311| 0 0 0
1312| 0 0 0
1313| 0 0 0
1314| 0 0 0
1315| 0 0 0
1316| 0 0 0
1317| 0 0 0
1318| 0 0 0
1319| 0 0 0
1320| 0 0 0
1321| 0 0 0
1322| 0 0 0
1323| 0 0 0
1324| 0 0 0
1325| 0 0 0
1326| 0 0 0
1327| 0 0 0
1328| 0 0 0
1329| 0 0 0
1330| 0 0 0
1331| 0 0 0
1332| 0 0 0
1333| 0 0 0
1334| 0 0 0
1335| 0 0 0
1336| 0 0 0
1337| 0 0 0
1338| 0 0 0
1339| 0 0 0
1340| 0 0 0
1341| 0 0 0
1342| 0 0 0
1343| 0 0 0
1344| 0 0 0
1345| 0 0 0
1346| 0 0 0
1347| 0 0 0
1348| 0 0 0
1349| 0 0 0
1350| 0 0 0
1351| 0 0 0
1352| 0 0 0
1353| 0 0 0
1354| 0 0 0
1355| 0 0 0
1356| 0 0 0
1357| 0 0 0
1358| 0 0 0
1359| 0 0 0
1360| 0 0 0
1361| 0 0 0
1362| 0 0 0
1363| 0 0 0
1364| 0 0 0
1365| 0 0 0
1366| 0 0 0
1367| 0 0 0
1368| 0 0 0
1369| 0 0 0
1370| 0 0 0
1371| 0 0 0
1372| 0 0 0
1373| 0 0 0
1374| 0 0 0
1375| 0 0 0
1376| 0 0 0
1377| 0 0 0
1378| 0 0 0
1379| 0 0 0
1380| 0 0 0
1381| 0 0 0
1382| 0 0 0
1383| 0 0 0
1384| 0 0 0
1385| 0 0 0
1386| 0 0 0
1387| 0 0 0
1388| 0 0 0
1389| 0 0 0
1390| 0 0 0
1391| 0 0 0
1392| 0 0 0
1393| 0 0 0
1394| 0 0 0
1395| 0 0 0
1396| 0 0 0
1397| 0 0 0
1398| 0 0 0
1399| 0 0 0
1400| 0 0 0
1401| 0 0 0
1402| 0 0 0
1403| 0 0 0
1404| 0 0 0
1405| 0 0 0
1406| 0 0 0
1407| 0 0 0
1408| 0 0 0
1409| 0 0 0
1410| 0 0 0
1411| 0 0 0
1412| 0 0 0
1413| 0 0 0
1414| 0 0 0
1415| 0 0 0
1416| 0 0 0
1417| 0 0 0
1418| 0 0 0
1419| 0 0 0
1420| 0 0 0
1421| 0 0 0
1422| 0 0 0
1423| 0 0 0
1424| 0 0 0
1425| 0 0 0
1426| 0 0 0
1427| 0 0 0
1428| 0 0 0
1429| 0 0 0
1430| 0 0 0

