1| 0 0 0
2| 0 0 0
3| 0 0 0
4| 0 0 0
5| 0 0 0
6| 0 0 0
7| 0 0 0
8| 0 0 0
9| 0 0 0
10| 0 0 0
11| 0 0 0
12| 0 0 0
13| 0 0 0
14| 0 0 0
15| 0 0 0
16| 0 0 0
17| 0 0 0
18| 0 0 0
19| 0 0 0
20| 0 0 0
21| 0 0 0
22| 0 0 0
23| -0,3 0 0
24| -0,6 0 0
25| -0,9 0 0
26| -1,2 0 0
27| -1,5 4 0
28| -1,8 8 0
29| -2,1 12 0
30| -2,4 16 0
31| -2,7 20 0
32| -3 24 0
33| -3,299999 28 0
34| -3,599999 32 0
35| -3,899999 36 0
36| -4,2 40 0
37| -4,5 43,99999 0
38| -4,8 47,99999 0
39| -5,1 51,99999 0
40| -5,4 55,99999 0
41| -5,7 60 0
42| -6 64 0
43| -6,300001 68 0
44| -6,600001 72 0
45| -6,900001 76,00001 0
46| -7,200001 80,00001 0
47| -7,500001 84,00001 0
48| -7,800001 88,00002 0
49| -8,1 92,00002 0
50| -8,4 96,00002 0
51| -8,7 100 0
52| -8,999999 104 0
53| -9,299999 108 0
54| -9,599998 112 0
55| -9,899999 116 0
56| -10,2 120 0
57| -10,5 124 0
58| -10,8 128 0
59| -11,1 132 0
60| -11,4 136 0
61| -11,7 140 0
62| -12 144 0
63| -12,3 148 0
64| -12,6 152 0
65| -12,9 156 0
66| -13,2 160 0
67| -13,5 164 0
68| -13,79999 168 0
69| -14,09999 171,9999 0
70| -14,39999 175,9999 0
71| -14,69999 179,9999 0
72| -14,99999 183,9999 0
73| -15,29999 187,9999 0
74| -15,59999 191,9999 0
75| -15,89999 195,9999 0
76| -16,19999 199,9999 0
77| -16,49999 203,9999 0
78| -16,79999 207,9999 0
79| -17,09999 211,9999 0
80| -17,39999 215,9999 0
81| -17,69999 219,9999 0
82| -17,99999 223,9999 0
83| -18,29999 227,9999 0
84| -18,59999 231,9999 0
85| -18,89999 235,9999 0
86| -19,19999 239,9999 0
87| -19,49999 243,9999 0
88| -19,79999 247,9999 0
89| -20,09999 251,9999 0
90| -20,39999 255,9999 0
91| -20,69999 259,9999 0
92| -20,99999 263,9999 0
93| -21,29999 267,9999 0
94| -21,59999 271,9998 0
95| -21,89999 275,9998 0
96| -22,19999 279,9998 0
97| -22,49999 283,9998 0
98| -22,79999 287,9998 0
99| -23,09999 291,9998 0
100| -23,39999 295,9998 0
101| -23,69999 299,9998 0
102| -23,99999 303,9998 0
103| -24,29999 307,9998 0
104| -24,59999 311,9998 0
105| -24,89998 315,9998 0
106| -25,19999 319,9998 0
107| 0 323,9998 0
108| 0,3 327,9998 0
109| 0,6 331,9998 0
110| 0,9 335,9998 0
111| 1,2 339,9998 0
112| 1,5 343,9998 0
113| 1,8 347,9998 0
114| 2,1 351,9998 0
115| 2,4 355,9998 0
116| 2,7 359,9998 0
117| 3 363,9998 0
118| 3,299999 367,9998 0
119| 3,599999 371,9998 0
120| 3,899999 375,9998 0
121| 4,2 379,9998 0
122| 4,5 383,9998 0
123| 4,8 387,9998 0
124| 5,1 391,9998 0
125| 5,1 395,9998 0
126| 5,1 399,9997 0
127| 5,1 400 0
128| 5,1 400 0
129| 5,1 400 0
130| 5,1 400 0
131| 5,1 400 0
132| 5,1 400 0
133| 5,1 400 0
134| 5,1 400 0
135| 5,1 400 0
136| 5,1 400 0
137| 5,1 400 0
138| 5,1 400 0
139| 5,1 400 0
140| 5,1 400 0
141| 5,1 400 0
142| 5,1 400 0
143| 5,1 400 0
144| 5,1 400 0
145| 5,1 400 0
146| 5,1 400 0
147| 5,1 400 0
148| 5,1 400 0
149| 5,1 400 0
150| 5,1 400 0
151| 5,1 400 0
152| 5,1 400 0
153| 5,1 400 0
154| 5,1 400 0
155| 5,1 400 0
156| 5,1 400 0
157| 5,1 400 0
158| 5,1 400 0
159| 5,1 400 0
160| 5,1 400 0
161| 5,1 400 0
162| 5,1 400 0
163| 5,1 400 0
164| 5,1 400 0
165| 5,1 400 0
166| 5,1 400 0
167| 5,1 400 0
168| 5,1 400 0
169| 5,1 400 0
170| 5,1 400 0
171| 5,1 400 0
172| 5,1 400 0
173| 5,1 400 0
174| 5,1 400 0
175| 5,1 400 0
176| 5,1 400 0
177| 5,1 400 0
178| 5,1 400 0
179| 5,1 400 0
180| 5,1 400 0
181| 5,1 400 0
182| 5,1 400 0
183| 5,1 400 0
184| 5,1 400 0
185| 5,1 400 0
186| 5,1 400 0
187| 5,1 400 0
188| 0 400 0
189| -0,3 400 0
190| -0,6 400 0
191| -0,9 400 0
192| -1,2 400 0
193| -1,5 400 0
194| -1,8 400 0
195| -2,1 400 0
196| -2,4 400 0
197| -2,7 400 0
198| -3 400 0
199| -3,299999 400 0
200| -3,599999 400 0
201| -3,899999 400 0
202| -4,2 400 0
203| -4,5 400 0
204| -4,8 400 0
205| -5,1 400 0
206| -5,4 400 0
207| -5,7 400 0
208| -6 400 0
209| -6,300001 400 0
210| -6,600001 400 0
211| -6,900001 400 0
212| -7,200001 400 0
213| -7,500001 400 0
214| -7,800001 400 0
215| -8,1 400 0
216| -8,4 400 0
217| -8,7 400 0
218| -8,999999 400 0
219| -9,299999 400 0
220| -9,599998 400 0
221| -9,899999 400 0
222| -10,2 400 0
223| -10,5 400 0
224| -10,8 400 0
225| -11,1 400 0
226| -11,4 400 0
227| -11,7 400 0
228| -12 400 0
229| -12,3 400 0
230| -12,6 400 0
231| -12,9 400 0
232| -13,2 400 0
233| -13,5 400 0
234| -13,79999 400 0
235| -14,09999 400 0
236| -14,39999 400 0
237| -14,69999 400 0
238| -14,99999 400 0
239| -15,29999 400 0
240| -15,59999 400 0
241| -15,89999 400 0
242| -16,19999 400 0
243| -16,49999 400 0
244| -16,79999 400 0
245| -17,09999 400 0
246| -17,39999 400 0
247| -17,69999 400 0
248| -17,99999 400 0
249| -18,29999 400 0
250| -18,59999 400 0
251| -18,89999 400 0
252| -19,19999 400 0
253| -19,49999 400 0
254| -19,79999 400 0
255| -20,09999 400 0
256| -20,39999 400 0
257| 0 400 0
258| 0,3 400 0
259| 0,6 400 0
260| 0,9 400 0
261| 1,2 400 0
262| 1,5 400 0
263| 1,8 400 0
264| 2,1 400 0
265| 2,4 400 0
266| 2,7 400 0
267| 3 400 0
268| 3,299999 400 0
269| 3,599999 400 0
270| 3,899999 400 0
271| 4,2 400 0
272| 4,2 400 0
273| 4,2 400 0
274| 4,2 400 0
275| 4,2 400 0
276| 4,2 400 0
277| 4,2 400 0
278| 4,2 400 0
279| 4,2 400 0
280| 4,2 400 0
281| 4,2 400 0
282| 4,2 400 0
283| 4,2 400 0
284| 4,2 400 0
285| 4,2 400 0
286| 4,2 400 0
287| 4,2 400 0
288| 4,2 400 0
289| 4,2 400 0
290| 4,2 400 0
291| 4,2 400 0
292| 4,2 400 0
293| 4,2 400 0
294| 4,2 400 0
295| 4,2 400 0
296| 4,2 400 0
297| 4,2 400 0
298| 4,2 400 0
299| 4,2 400 0
300| 4,2 400 0
301| 4,2 400 0
302| 4,2 400 0
303| 4,2 400 0
304| 4,2 400 0
305| 4,2 400 0
306| 4,2 400 0
307| 4,2 400 0
308| 4,2 400 0
309| 4,2 400 0
310| 4,2 400 0
311| 4,2 400 0
312| 4,2 400 0
313| 0 400 0
314| -0,3 400 0
315| -0,6 400 0
316| -0,9 400 0
317| -1,2 400 0
318| -1,5 400 0
319| -1,8 400 0
320| -2,1 400 0
321| -2,4 400 0
322| -2,7 400 0
323| -3 400 0
324| -3,299999 400 0
325| -3,599999 400 0
326| -3,899999 400 0
327| -3,899999 400 0
328| -3,899999 400 0
329| -3,899999 400 0
330| -3,899999 400 0
331| -3,899999 400 0
332| -3,899999 400 0
333| -3,899999 400 0
334| -3,899999 400 0
335| -3,899999 400 0
336| -3,899999 400 0
337| -3,899999 400 0
338| -3,899999 400 0
339| -3,899999 400 0
340| -3,899999 400 0
341| -3,899999 400 0
342| -3,899999 400 0
343| -3,899999 400 0
344| -3,899999 400 0
345| -3,899999 400 0
346| -3,899999 400 0
347| -3,899999 400 0
348| -3,899999 400 0
349| -3,899999 400 0
350| -3,899999 400 0
351| -3,899999 400 0
352| -3,899999 400 0
353| -3,899999 400 0
354| -3,899999 400 0
355| -3,899999 400 0
356| -3,899999 400 0
357| -3,899999 400 0
358| -3,899999 400 0
359| -3,899999 400 0
360| -3,899999 400 0
361| -3,899999 400 0
362| -3,899999 400 0
363| -3,899999 400 0
364| -3,899999 400 0
365| -3,899999 400 0
366| -3,899999 400 0
367| -3,899999 400 0
368| -3,899999 400 0
369| -3,899999 400 0
370| -3,899999 400 0
371| -3,899999 400 0
372| -3,899999 400 0
373| -3,899999 400 0
374| -3,899999 400 0
375| -3,899999 400 0
376| -3,899999 400 0
377| 0 400 0
378| 0,3 400 0
379| 0,6 400 0
380| 0,9 400 0
381| 1,2 400 0
382| 1,5 400 0
383| 1,8 400 0
384| 2,1 400 0
385| 2,4 400 0
386| 2,7 400 0
387| 3 400 0
388| 3,299999 400 0
389| 3,599999 400 0
390| 3,899999 400 0
391| 4,2 400 0
392| 4,5 400 0
393| 4,8 400 0
394| 5,1 400 0
395| 5,4 400 0
396| 5,7 400 0
397| 6 400 0
398| 6,300001 400 0
399| 6,600001 400 0
400| 6,900001 400 0
401| 7,200001 400 0
402| 7,500001 400 0
403| 7,800001 400 0
404| 8,1 400 0
405| 8,4 400 0
406| 8,7 400 0
407| 8,999999 400 0
408| 9,299999 400 0
409| 9,599998 400 0
410| 9,899999 400 0
411| 10,2 400 0
412| 10,5 400 0
413| 10,8 400 0
414| 10,8 400 0
415| 10,8 400 0
416| 10,8 400 0
417| 10,8 400 0
418| 10,8 400 0
419| 10,8 400 0
420| 10,8 400 0
421| 10,8 400 0
422| 10,8 400 0
423| 10,8 400 0
424| 10,8 400 0
425| 10,8 400 0
426| 10,8 400 0
427| 10,8 400 0
428| 10,8 400 0
429| 10,8 400 0
430| 10,8 400 0
431| 10,8 400 0
432| 10,8 400 0
433| 10,8 400 0
434| 10,8 400 0
435| 10,8 400 0
436| 10,8 400 0
437| 10,8 400 0
438| 10,8 400 0
439| 10,8 400 0
440| 10,8 400 0
441| 10,8 400 0
442| 0 400 0
443| -0,3 400 0
444| -0,6 400 0
445| -0,9 400 0
446| -1,2 400 0
447| -1,5 400 0
448| -1,8 400 0
449| -2,1 400 0
450| -2,4 400 0
451| -2,7 400 0
452| -3 400 0
453| -3,299999 400 0
454| -3,599999 400 0
455| -3,899999 400 0
456| -4,2 400 0
457| -4,5 400 0
458| -4,8 400 0
459| -5,1 400 0
460| -5,4 400 0
461| -5,7 400 0
462| -6 400 0
463| -6,300001 400 0
464| -6,600001 400 0
465| -6,900001 400 0
466| -7,200001 400 0
467| -7,500001 400 0
468| -7,800001 400 0
469| -8,1 400 0
470| -8,4 400 0
471| -8,7 400 0
472| -8,999999 400 0
473| -9,299999 400 0
474| -9,599998 400 0
475| -9,899999 400 0
476| -10,2 400 0
477| -10,5 400 0
478| -10,8 400 0
479| -11,1 400 0
480| -11,4 400 0
481| -11,7 400 0
482| -12 400 0
483| -12,3 400 0
484| -12,6 400 0
485| -12,9 400 0
486| -12,9 400 0
487| -12,9 400 0
488| -12,9 400 0
489| -12,9 400 0
490| -12,9 400 0
491| -12,9 400 0
492| -12,9 400 0
493| -12,9 400 0
494| -12,9 400 0
495| -12,9 400 0
496| -12,9 400 0
497| 0 400 0
498| 0,3 400 0
499| 0,6 400 0
500| 0,9 400 0
501| 1,2 400 0
502| 1,5 400 0
503| 1,8 400 0
504| 2,1 400 0
505| 2,4 400 0
506| 2,7 400 0
507| 3 400 0
508| 3,299999 400 0
509| 3,599999 400 0
510| 3,899999 400 0
511| 4,2 400 0
512| 4,5 400 0
513| 4,8 400 0
514| 5,1 400 0
515| 5,4 400 0
516| 5,7 400 0
517| 6 400 0
518| 6,300001 400 0
519| 6,600001 400 0
520| 6,900001 400 0
521| 7,200001 400 0
522| 7,500001 400 0
523| 7,800001 400 0
524| 8,1 400 0
525| 8,4 400 0
526| 8,7 400 0
527| 8,999999 400 0
528| 9,299999 400 0
529| 9,599998 400 0
530| 9,899999 400 0
531| 10,2 400 0
532| 10,5 400 0
533| 10,8 400 0
534| 11,1 400 0
535| 11,4 400 0
536| 11,7 400 0
537| 12 400 0
538| 12,3 400 0
539| 12,6 400 0
540| 12,9 400 0
541| 13,2 400 0
542| 13,5 400 0
543| 13,79999 400 0
544| 14,09999 400 0
545| 14,39999 400 0
546| 14,69999 400 0
547| 14,99999 400 0
548| 15,29999 400 0
549| 15,59999 400 0
550| 15,89999 400 0
551| 16,19999 400 0
552| 16,49999 400 0
553| 16,79999 400 0
554| 17,09999 400 0
555| 17,39999 400 0
556| 17,69999 400 0
557| 17,69999 400 0
558| 17,69999 400 0
559| 17,69999 400 0
560| 17,69999 400 0
561| 17,69999 400 0
562| 17,69999 400 0
563| 17,69999 400 0
564| 17,69999 400 0
565| 17,69999 400 0
566| 17,69999 400 0
567| 17,69999 400 0
568| 17,69999 400 0
569| 17,69999 400 0
570| 17,69999 400 0
571| 17,69999 400 0
572| 17,69999 400 0
573| 17,69999 400 0
574| 17,69999 400 0
575| 17,69999 400 0
576| 17,69999 400 0
577| 17,69999 400 0
578| 17,69999 400 0
579| 17,69999 400 0
580| 17,69999 400 0
581| 17,69999 400 0
582| 17,69999 400 0
583| 17,69999 400 0
584| 17,69999 400 0
585| 17,69999 400 0
586| 17,69999 400 0
587| 17,69999 400 0
588| 17,69999 400 0
589| 17,69999 400 0
590| 0 400 0
591| -0,3 400 0
592| -0,6 400 0
593| -0,9 400 0
594| -1,2 400 0
595| -1,5 400 0
596| -1,8 400 0
597| -2,1 400 0
598| -2,4 400 0
599| -2,7 400 0
600| -3 400 0
601| -3,299999 400 0
602| -3,599999 400 0
603| -3,899999 400 0
604| -4,2 400 0
605| -4,5 400 0
606| -4,8 400 0
607| -5,1 400 0
608| -5,4 400 0
609| -5,7 400 0
610| -6 400 0
611| -6,300001 400 0
612| -6,600001 400 0
613| -6,900001 400 0
614| -7,200001 400 0
615| -7,500001 400 0
616| -7,800001 400 0
617| -8,1 400 0
618| -8,4 400 0
619| -8,7 400 0
620| -8,999999 400 0
621| -9,299999 400 0
622| -9,599998 400 0
623| -9,899999 400 0
624| -10,2 400 0
625| -10,5 400 0
626| -10,8 400 0
627| -11,1 400 0
628| -11,4 400 0
629| -11,7 400 0
630| -12 400 0
631| -12,3 400 0
632| -12,6 400 0
633| -12,9 400 0
634| -13,2 400 0
635| -13,5 400 0
636| -13,79999 400 0
637| -14,09999 400 0
638| -14,39999 400 0
639| -14,69999 400 0
640| -14,99999 400 0
641| -15,29999 400 0
642| -15,59999 400 0
643| -15,89999 400 0
644| -16,19999 400 0
645| -16,49999 400 0
646| -16,79999 400 0
647| -17,09999 400 0
648| -17,39999 400 0
649| -17,69999 400 0
650| -17,99999 400 0
651| -18,29999 400 0
652| -18,59999 400 0
653| -18,89999 400 0
654| -19,19999 400 0
655| -19,49999 400 0
656| -19,79999 400 0
657| -20,09999 400 0
658| -20,39999 400 0
659| -20,69999 400 0
660| -20,99999 400 0
661| -21,29999 400 0
662| -21,59999 400 0
663| -21,89999 400 0
664| -22,19999 400 0
665| -22,49999 400 0
666| -22,79999 400 0
667| -23,09999 400 0
668| -23,39999 400 0
669| -23,69999 400 0
670| -23,99999 400 0
671| -24,29999 400 0
672| -24,59999 400 0
673| -24,89998 400 0
674| -25,19999 400 0
675| -25,49998 400 0
676| -25,79998 400 0
677| -26,09998 400 0
678| -26,39998 400 0
679| -26,69998 400 0
680| -26,99998 400 0
681| -27,29998 400 0
682| -27,59998 400 0
683| -27,89998 400 0
684| -28,19998 400 0
685| -28,49998 400 0
686| -28,79998 400 0
687| -29,09998 400 0
688| -29,39998 400 0
689| -29,69998 400 0
690| -29,99998 400 0
691| -30 400 0
692| -30 400 0
693| -30 400 0
694| -30 400 0
695| -30 400 0
696| -30 400 0
697| -30 400 0
698| -30 400 0
699| -30 400 0
700| -30 400 0
701| -30 400 0
702| -30 400 0
703| -30 400 0
704| -30 400 0
705| -30 400 0
706| -30 400 0
707| -30 400 0
708| -30 400 0
709| -30 400 0
710| -30 400 0
711| -30 400 0
712| -30 400 0
713| -30 400 0
714| -30 400 0
715| -30 400 0
716| -30 400 0
717| -30 400 0
718| -30 400 0
719| -30 400 0
720| -30 400 0
721| -30 400 0
722| -30 400 0
723| -30 400 0
724| -30 400 0
725| -30 400 0
726| -30 400 0
727| -30 400 0
728| -30 400 0
729| -30 400 0
730| -30 400 0
731| -30 400 0
732| -30 400 0
733| -30 400 0
734| -30 400 0
735| -30 400 0
736| -30 400 0
737| -30 400 0
738| -30 400 0
739| -30 400 0
740| -30 400 0
741| -30 400 0
742| -30 400 0
743| -30 400 0
744| -30 400 0
745| -30 400 0
746| -30 400 0
747| 0 400 0
748| 0,3 400 0
749| 0,6 400 0
750| 0,9 400 0
751| 1,2 400 0
752| 1,5 400 0
753| 1,8 400 0
754| 2,1 400 0
755| 2,4 400 0
756| 2,7 400 0
757| 3 400 0
758| 3,299999 400 0
759| 3,599999 400 0
760| 3,899999 400 0
761| 4,2 400 0
762| 4,5 400 0
763| 4,8 400 0
764| 5,1 400 0
765| 5,4 400 0
766| 5,7 400 0
767| 6 400 0
768| 6,300001 400 0
769| 6,600001 400 0
770| 6,900001 400 0
771| 7,200001 400 0
772| 7,500001 400 0
773| 7,800001 400 0
774| 8,1 400 0
775| 8,4 400 0
776| 8,7 400 0
777| 8,999999 400 0
778| 9,299999 400 0
779| 9,599998 400 0
780| 9,899999 400 0
781| 10,2 400 0
782| 10,5 400 0
783| 10,8 400 0
784| 11,1 400 0
785| 11,4 400 0
786| 11,7 400 0
787| 12 400 0
788| 12,3 400 0
789| 12,6 400 0
790| 12,9 400 0
791| 13,2 400 0
792| 13,5 400 0
793| 13,79999 400 0
794| 14,09999 400 0
795| 14,39999 400 0
796| 14,69999 400 0
797| 14,99999 400 0
798| 15,29999 400 0
799| 15,59999 400 0
800| 15,89999 400 0
801| 16,19999 400 0
802| 16,49999 400 0
803| 16,79999 400 0
804| 17,09999 400 0
805| 17,39999 400 0
806| 17,69999 400 0
807| 17,99999 400 0
808| 18,29999 400 0
809| 18,59999 400 0
810| 18,89999 400 0
811| 19,19999 400 0
812| 19,49999 400 0
813| 19,79999 400 0
814| 20,09999 400 0
815| 20,39999 400 0
816| 20,69999 400 0
817| 20,99999 400 0
818| 21,29999 400 0
819| 21,59999 400 0
820| 21,89999 400 0
821| 22,19999 400 0
822| 22,49999 400 0
823| 22,79999 400 0
824| 23,09999 400 0
825| 23,39999 400 0
826| 23,69999 400 0
827| 23,99999 400 0
828| 24,29999 400 0
829| 24,59999 400 0
830| 24,89998 400 0
831| 25,19999 400 0
832| 25,49998 400 0
833| 25,79998 400 0
834| 26,09998 400 0
835| 26,39998 400 0
836| 26,69998 400 0
837| 26,99998 400 0
838| 27,29998 400 0
839| 27,59998 400 0
840| 27,89998 400 0
841| 28,19998 400 0
842| 28,49998 400 0
843| 28,79998 400 0
844| 29,09998 400 0
845| 29,39998 400 0
846| 29,69998 400 0
847| 29,69998 400 0
848| 29,69998 400 0
849| 29,69998 400 0
850| 29,69998 400 0
851| 29,69998 400 0
852| 29,69998 400 0
853| 29,69998 400 0
854| 29,69998 400 0
855| 29,69998 400 0
856| 29,69998 400 0
857| 29,69998 400 0
858| 29,69998 400 0
859| 29,69998 400 0
860| 29,69998 400 0
861| 29,69998 400 0
862| 29,69998 400 0
863| 29,69998 400 0
864| 29,69998 400 0
865| 29,69998 400 0
866| 29,69998 400 0
867| 29,69998 400 0
868| 29,69998 400 0
869| 29,69998 400 0
870| 29,69998 400 0
871| 29,69998 400 0
872| 29,69998 400 0
873| 29,69998 400 0
874| 29,69998 400 0
875| 29,69998 400 0
876| 29,69998 400 0
877| 29,69998 400 0
878| 29,69998 400 0
879| 29,69998 400 0
880| 29,69998 400 0
881| 29,69998 400 0
882| 29,69998 400 0
883| 29,69998 400 0
884| 29,69998 400 0
885| 29,69998 400 0
886| 29,69998 400 0
887| 29,69998 400 0
888| 29,69998 400 0
889| 29,69998 400 0
890| 29,69998 400 0
891| 29,69998 400 0
892| 29,69998 400 0
893| 29,69998 400 0
894| 29,69998 400 0
895| 29,69998 400 0
896| 29,69998 400 0
897| 29,69998 400 0
898| 29,69998 400 0
899| 29,69998 400 0
900| 0 400 0
901| -0,3 400 0
902| -0,6 400 0
903| -0,9 400 0
904| -1,2 400 0
905| -1,5 400 0
906| -1,8 400 0
907| -2,1 400 0
908| -2,4 400 0
909| -2,7 400 0
910| -3 400 0
911| -3,299999 400 0
912| -3,599999 400 0
913| -3,899999 400 0
914| -4,2 400 0
915| -4,5 400 0
916| -4,8 400 0
917| -5,1 400 0
918| -5,4 400 0
919| -5,7 400 0
920| -6 400 0
921| -6,300001 400 0
922| -6,600001 400 0
923| -6,900001 400 0
924| -7,200001 400 0
925| -7,500001 400 0
926| -7,800001 400 0
927| -8,1 400 0
928| -8,4 400 0
929| -8,7 400 0
930| -8,999999 400 0
931| -9,299999 400 0
932| -9,599998 400 0
933| -9,899999 400 0
934| -10,2 400 0
935| -10,5 400 0
936| -10,8 400 0
937| -11,1 400 0
938| -11,4 400 0
939| -11,7 400 0
940| -12 400 0
941| -12,3 400 0
942| -12,6 400 0
943| -12,9 400 0
944| -13,2 400 0
945| -13,5 400 0
946| -13,79999 400 0
947| -14,09999 400 0
948| -14,39999 400 0
949| -14,69999 400 0
950| -14,99999 400 0
951| -15,29999 400 0
952| -15,59999 400 0
953| -15,89999 400 0
954| -16,19999 400 0
955| -16,49999 400 0
956| -16,79999 400 0
957| -17,09999 400 0
958| -17,39999 400 0
959| -17,69999 400 0
960| -17,99999 400 0
961| -18,29999 400 0
962| -18,59999 400 0
963| -18,89999 400 0
964| -19,19999 400 0
965| -19,49999 400 0
966| -19,49999 400 0
967| -19,49999 400 0
968| -19,49999 400 0
969| -19,49999 400 0
970| 0 400 0
971| 0,3 400 0
972| 0,6 400 0
973| 0,9 400 0
974| 1,2 400 0
975| 1,5 400 0
976| 1,8 400 0
977| 2,1 400 0
978| 2,4 400 0
979| 2,7 400 0
980| 3 400 0
981| 3,299999 400 0
982| 3,599999 400 0
983| 3,899999 400 0
984| 4,2 400 0
985| 4,5 400 0
986| 4,8 400 0
987| 5,1 400 0
988| 5,4 400 0
989| 5,7 400 0
990| 6 400 0
991| 6,300001 400 0
992| 6,600001 400 0
993| 6,900001 400 0
994| 7,200001 400 0
995| 7,500001 400 0
996| 7,800001 400 0
997| 8,1 400 0
998| 8,4 400 0
999| 8,7 400 0
1000| 8,999999 400 0
1001| 9,299999 400 0
1002| 9,599998 400 0
1003| 9,899999 400 0
1004| 10,2 400 0
1005| 10,5 400 0
1006| 10,8 400 0
1007| 11,1 400 0
1008| 11,4 400 0
1009| 11,7 400 0
1010| 11,7 400 0
1011| 11,7 400 0
1012| 11,7 400 0
1013| 11,7 400 0
1014| 11,7 400 0
1015| 11,7 400 0
1016| 11,7 400 0
1017| 11,7 400 0
1018| 11,7 400 0
1019| 11,7 400 0
1020| 11,7 400 0
1021| 11,7 400 0
1022| 11,7 400 0
1023| 11,7 400 0
1024| 11,7 400 0
1025| 11,7 400 0
1026| 11,7 400 0
1027| 11,7 400 0
1028| 11,7 400 0
1029| 11,7 400 0
1030| 11,7 400 0
1031| 11,7 400 0
1032| 11,7 400 0
1033| 0 400 0
1034| -0,3 400 0
1035| -0,6 400 0
1036| -0,9 400 0
1037| -1,2 400 0
1038| -1,5 400 0
1039| -1,8 400 0
1040| -2,1 400 0
1041| -2,4 400 0
1042| -2,7 400 0
1043| -3 400 0
1044| -3,299999 400 0
1045| -3,599999 400 0
1046| -3,899999 400 0
1047| -4,2 400 0
1048| -4,5 400 0
1049| -4,8 400 0
1050| -5,1 400 0
1051| -5,4 400 0
1052| -5,7 400 0
1053| -6 400 0
1054| -6,300001 400 0
1055| -6,600001 400 0
1056| -6,900001 400 0
1057| -7,200001 400 0
1058| -7,500001 400 0
1059| -7,800001 400 0
1060| -8,1 400 0
1061| -8,4 400 0
1062| -8,7 400 0
1063| -8,999999 400 0
1064| -8,999999 400 0
1065| -8,999999 400 0
1066| -8,999999 400 0
1067| -8,999999 400 0
1068| -8,999999 400 0
1069| -8,999999 400 0
1070| -8,999999 400 0
1071| -8,999999 400 0
1072| -8,999999 400 0
1073| -8,999999 400 0
1074| -8,999999 400 0
1075| -8,999999 400 0
1076| -8,999999 400 0
1077| -8,999999 400 0
1078| -8,999999 400 0
1079| -8,999999 400 0
1080| -8,999999 400 0
1081| -8,999999 400 0
1082| -8,999999 400 0
1083| -8,999999 400 0
1084| -8,999999 400 0
1085| -8,999999 400 0
1086| -8,999999 400 0
1087| -8,999999 400 0
1088| -8,999999 400 0
1089| -8,999999 400 0
1090| 0 400 0
1091| 0,3 400 0
1092| 0,6 400 0
1093| 0,9 400 0
1094| 1,2 400 0
1095| 1,5 400 0
1096| 1,8 400 0
1097| 2,1 400 0
1098| 2,4 400 0
1099| 2,7 400 0
1100| 3 400 0
1101| 3,299999 400 0
1102| 3,599999 400 0
1103| 3,899999 400 0
1104| 4,2 400 0
1105| 4,5 400 0
1106| 4,8 400 0
1107| 5,1 400 0
1108| 5,4 400 0
1109| 5,7 400 0
1110| 6 400 0
1111| 6,300001 400 0
1112| 6,600001 400 0
1113| 6,900001 400 0
1114| 7,200001 400 0
1115| 7,500001 400 0
1116| 7,800001 400 0
1117| 8,1 400 0
1118| 8,4 400 0
1119| 8,7 400 0
1120| 8,999999 400 0
1121| 9,299999 400 0
1122| 9,299999 400 0
1123| 9,299999 400 0
1124| 9,299999 400 0
1125| 9,299999 400 0
1126| 9,299999 400 0
1127| 9,299999 400 0
1128| 9,299999 400 0
1129| 9,299999 400 0
1130| 9,299999 400 0
1131| 9,299999 400 0
1132| 9,299999 400 0
1133| 9,299999 400 0
1134| 9,299999 400 0
1135| 9,299999 400 0
1136| 9,299999 400 0
1137| 9,299999 400 0
1138| 9,299999 400 0
1139| 9,299999 400 0
1140| 9,299999 400 0
1141| 9,299999 400 0
1142| 9,299999 400 0
1143| 9,299999 400 0
1144| 9,299999 400 0
1145| 9,299999 400 0
1146| 9,299999 400 0
1147| 9,299999 400 0
1148| 9,299999 400 0
1149| 9,299999 400 0
1150| 9,299999 400 0
1151| 9,299999 400 0
1152| 9,299999 400 0
1153| 9,299999 400 0
1154| 9,299999 400 0
1155| 9,299999 400 0
1156| 9,299999 400 0
1157| 9,299999 400 0
1158| 9,299999 400 0
1159| 9,299999 400 0
1160| 9,299999 400 0
1161| 9,299999 400 0
1162| 9,299999 400 0
1163| 9,299999 400 0
1164| 9,299999 400 0
1165| 9,299999 400 0
1166| 0 400 0
1167| -0,3 400 0
1168| -0,6 400 0
1169| -0,9 400 0
1170| -1,2 400 0
1171| -1,5 400 0
1172| -1,8 400 0
1173| -2,1 400 0
1174| -2,4 400 0
1175| -2,7 400 0
1176| -3 400 0
1177| -3,299999 400 0
1178| -3,599999 400 0
1179| -3,899999 400 0
1180| -4,2 400 0
1181| -4,5 400 0
1182| -4,8 400 0
1183| -5,1 400 0
1184| -5,4 400 0
1185| -5,7 400 0
1186| -6 400 0
1187| -6,300001 400 0
1188| -6,600001 400 0
1189| -6,900001 400 0
1190| -7,200001 400 0
1191| -7,500001 400 0
1192| -7,800001 400 0
1193| -8,1 400 0
1194| -8,4 400 0
1195| -8,7 400 0
1196| -8,999999 400 0
1197| -9,299999 400 0
1198| -9,599998 400 0
1199| -9,899999 400 0
1200| -10,2 400 0
1201| -10,5 400 0
1202| -10,8 400 0
1203| -11,1 400 0
1204| -11,4 400 0
1205| -11,7 400 0
1206| -12 400 0
1207| -12,3 400 0
1208| -12,6 400 0
1209| -12,9 400 0
1210| -13,2 400 0
1211| -13,5 400 0
1212| -13,79999 400 0
1213| -14,09999 400 0
1214| -14,39999 400 0
1215| -14,69999 400 0
1216| -14,99999 400 0
1217| -15,29999 400 0
1218| -15,59999 400 0
1219| -15,89999 400 0
1220| -16,19999 400 0
1221| -16,49999 400 0
1222| -16,79999 400 0
1223| -17,09999 400 0
1224| -17,39999 400 0
1225| -17,69999 400 0
1226| -17,99999 400 0
1227| -18,29999 400 0
1228| -18,59999 400 0
1229| -18,89999 400 0
1230| -19,19999 400 0
1231| -19,49999 400 0
1232| -19,79999 400 0
1233| -20,09999 400 0
1234| -20,39999 400 0
1235| -20,69999 400 0
1236| -20,99999 400 0
1237| -21,29999 400 0
1238| -21,59999 400 0
1239| -21,89999 400 0
1240| -22,19999 400 0
1241| -22,49999 400 0
1242| -22,79999 400 0
1243| -23,09999 400 0
1244| -23,39999 400 0
1245| -23,69999 400 0
1246| -23,99999 400 0
1247| -24,29999 400 0
1248| -24,59999 400 0
1249| -24,89998 400 0
1250| -25,19999 400 0
1251| -25,49998 400 0
1252| -25,79998 400 0
1253| -26,09998 400 0
1254| -26,39998 400 0
1255| -26,69998 400 0
1256| -26,99998 400 0
1257| -27,29998 400 0
1258| -27,59998 400 0
1259| -27,89998 400 0
1260| -28,19998 400 0
1261| -28,49998 400 0
1262| -28,49998 400 0
1263| -28,49998 400 0
1264| -28,49998 400 0
1265| -28,49998 400 0
1266| -28,49998 400 0
1267| -28,49998 400 0
1268| -28,49998 400 0
1269| -28,49998 400 0
1270| -28,49998 400 0
1271| -28,49998 400 0
1272| -28,49998 400 0
1273| -28,49998 400 0
1274| -28,49998 400 0
1275| -28,49998 400 0
1276| -28,49998 400 0
1277| -28,49998 400 0
1278| -28,49998 400 0
1279| -28,49998 400 0
1280| -28,49998 400 0
1281| -28,49998 400 0
1282| -28,49998 400 0
1283| -28,49998 400 0
1284| -28,49998 400 0
1285| -28,49998 400 0
1286| -28,49998 400 0
1287| -28,49998 400 0
1288| -28,49998 400 0
1289| -28,49998 400 0
1290| -28,49998 400 0
1291| -28,49998 400 0
1292| -28,49998 400 0
1293| 0 400 0
1294| 0,3 400 0
1295| 0,6 400 0
1296| 0,9 400 0
1297| 1,2 400 0
1298| 1,5 400 0
1299| 1,8 400 0
1300| 2,1 400 0
1301| 2,4 400 0
1302| 2,7 400 0
1303| 3 400 0
1304| 3,299999 400 0
1305| 3,599999 400 0
1306| 3,899999 400 0
1307| 4,2 400 0
1308| 4,5 400 0
1309| 4,8 400 0
1310| 5,1 400 0
1311| 5,4 400 0
1312| 5,7 400 0
1313| 6 400 0
1314| 6,300001 400 0
1315| 6,600001 400 0
1316| 6,900001 400 0
1317| 7,200001 400 0
1318| 7,500001 400 0
1319| 7,800001 400 0
1320| 7,800001 400 0
1321| 7,800001 400 0
1322| 7,800001 400 0
1323| 7,800001 400 0
1324| 7,800001 400 0
1325| 7,800001 400 0
1326| 7,800001 400 0
1327| 7,800001 400 0
1328| 7,800001 400 0
1329| 7,800001 400 0
1330| 7,800001 400 0
1331| 7,800001 400 0
1332| 7,800001 400 0
1333| 0 400 0
1334| -0,3 400 0
1335| -0,6 400 0
1336| -0,9 400 0
1337| -1,2 400 0
1338| -1,5 400 0
1339| -1,8 400 0
1340| -2,1 400 0
1341| -2,4 400 0
1342| -2,7 400 0
1343| -3 400 0
1344| -3,299999 400 0
1345| -3,599999 400 0
1346| -3,899999 400 0
1347| -4,2 400 0
1348| -4,5 400 0
1349| -4,8 400 0
1350| -5,1 400 0
1351| -5,4 400 0
1352| -5,7 400 0
1353| -6 400 0
1354| -6,300001 400 0
1355| -6,600001 400 0
1356| -6,900001 400 0
1357| -7,200001 400 0
1358| -7,500001 400 0
1359| -7,800001 400 0
1360| -8,1 400 0
1361| -8,4 400 0
1362| -8,7 400 0
1363| -8,999999 400 0
1364| -9,299999 400 0
1365| 0 400 0
1366| 0,3 400 0
1367| 0,6 400 0
1368| 0,9 400 0
1369| 1,2 400 0
1370| 1,5 400 0
1371| 1,8 400 0
1372| 2,1 400 0
1373| 2,4 400 0
1374| 2,7 400 0
1375| 3 400 0
1376| 3,299999 400 0
1377| 3,599999 400 0
1378| 3,899999 400 0
1379| 4,2 400 0
1380| 4,5 400 0
1381| 4,8 400 0
1382| 5,1 400 0
1383| 5,4 400 0
1384| 5,7 400 0
1385| 6 400 0
1386| 6,300001 400 0
1387| 6,600001 400 0
1388| 6,900001 400 0
1389| 7,200001 400 0
1390| 7,500001 400 0
1391| 7,800001 400 0
1392| 8,1 400 0
1393| 8,4 400 0
1394| 8,7 400 0
1395| 8,999999 400 0
1396| 9,299999 400 0
1397| 9,599998 400 0
1398| 9,899999 400 0
1399| 10,2 400 0
1400| 10,5 400 0
1401| 10,8 400 0
1402| 11,1 400 0
1403| 11,4 400 0
1404| 11,7 400 0
1405| 12 400 0
1406| 12,3 400 0
1407| 12,6 400 0
1408| 12,9 400 0
1409| 13,2 400 0
1410| 13,5 400 0
1411| 13,79999 400 0
1412| 14,09999 400 0
1413| 14,39999 400 0
1414| 14,69999 400 0
1415| 14,99999 400 0
1416| 15,29999 400 0
1417| 15,59999 400 0
1418| 15,89999 400 0
1419| 16,19999 400 0
1420| 16,49999 400 0
1421| 16,79999 400 0
1422| 17,09999 400 0
1423| 17,39999 400 0
1424| 17,69999 400 0
1425| 17,99999 400 0
1426| 18,29999 400 0
1427| 18,59999 400 0
1428| 18,89999 400 0
1429| 19,19999 400 0
1430| 19,49999 400 0
1431| 19,79999 400 0
1432| 20,09999 400 0
1433| 20,39999 400 0
1434| 20,69999 400 0
1435| 0 400 0
1436| 0 400 0
1437| 0 400 0
1438| 0 400 0
1439| 0 400 0
1440| 0 400 0
1441| 0 400 0
1442| 0 400 0
1443| 0 400 0
1444| 0 400 0
1445| 0 400 0
1446| 0 400 0
1447| 0 400 0
1448| 0 400 0
1449| 0 400 0
1450| 0 400 0
1451| 0,3 400 0
1452| 0,6 400 0
1453| 0,9 400 0
1454| 1,2 400 0
1455| 1,5 400 0
1456| 1,8 400 0
1457| 2,1 400 0
1458| 2,4 400 0
1459| 2,7 400 0
1460| 3 400 0
1461| 3,299999 400 0
1462| 3,599999 400 0
1463| 3,899999 400 0
1464| 4,2 400 0
1465| 4,5 400 0
1466| 4,8 400 0
1467| 5,1 400 0
1468| 5,4 400 0
1469| 5,7 400 0
1470| 5,7 400 0
1471| 5,7 400 0
1472| 5,7 400 0
1473| 5,7 400 0
1474| 5,7 400 0
1475| 5,7 400 0
1476| 5,7 400 0
1477| 5,7 400 0
1478| 5,7 400 0
1479| 5,7 400 0
1480| 5,7 400 0
1481| 5,7 400 0
1482| 5,7 400 0
1483| 5,7 400 0
1484| 5,7 400 0
1485| 5,7 400 0
1486| 5,7 400 0
1487| 5,7 400 0
1488| 5,7 400 0
1489| 5,7 400 0
1490| 5,7 400 0
1491| 5,7 400 0
1492| 5,7 400 0
1493| 5,7 400 0
1494| 5,7 400 0
1495| 5,7 400 0
1496| 5,7 400 0
1497| 5,7 400 0
1498| 5,7 400 0
1499| 5,7 400 0
1500| 5,7 400 0
1501| 5,7 400 0
1502| 5,7 400 0
1503| 5,7 400 0
1504| 5,7 400 0
1505| 5,7 400 0
1506| 5,7 400 0
1507| 5,7 400 0
1508| 5,7 400 0
1509| 5,7 400 0
1510| 5,7 400 0
1511| 5,7 400 0
1512| 5,7 400 0
1513| 5,7 400 0
1514| 5,7 400 0
1515| 5,7 400 0
1516| 5,7 400 0
1517| 5,7 400 0
1518| 5,7 400 0
1519| 5,7 400 0
1520| 5,7 400 0
1521| 5,7 400 0
1522| 5,7 400 0
1523| 5,7 400 0
1524| 5,7 400 0
1525| 5,7 400 0
1526| 5,7 400 0
1527| 5,7 400 0
1528| 5,7 400 0
1529| 5,7 400 0
1530| 5,7 400 0
1531| 5,7 400 0
1532| 5,7 400 0
1533| 5,7 400 0
1534| 5,7 400 0
1535| 5,7 400 0
1536| 5,7 400 0
1537| 5,7 400 0
1538| 5,7 400 0
1539| 5,7 400 0
1540| 5,7 400 0
1541| 5,7 400 0
1542| 5,7 400 0
1543| 5,7 400 0
1544| 5,7 400 0
1545| 5,7 400 0
1546| 5,7 400 0
1547| 5,7 400 0
1548| 5,7 400 0
1549| 5,7 400 0
1550| 5,7 400 0
1551| 5,7 400 0
1552| 5,7 400 0
1553| 5,7 400 0
1554| 5,7 400 0
1555| 5,7 400 0
1556| 5,7 400 0
1557| 5,7 400 0
1558| 5,7 400 0
1559| 5,7 400 0
1560| 5,7 400 0
1561| 5,7 400 0
1562| 5,7 400 0
1563| 5,7 400 0
1564| 5,7 400 0
1565| 5,7 400 0
1566| 5,7 400 0
1567| 5,7 400 0
1568| 5,7 400 0
1569| 5,7 400 0
1570| 5,7 400 0
1571| 5,7 400 0
1572| 5,7 400 0
1573| 5,7 400 0
1574| 5,7 400 0
1575| 5,7 400 0
1576| 5,7 400 0
1577| 5,7 400 0
1578| 5,7 400 0
1579| 5,7 400 0
1580| 5,7 400 0
1581| 5,7 400 0
1582| 5,7 400 0
1583| 5,7 400 0
1584| 5,7 400 0
1585| 5,7 400 0
1586| 5,7 400 0
1587| 5,7 400 0
1588| 5,7 400 0
1589| 5,7 400 0
1590| 5,7 400 0
1591| 5,7 400 0
1592| 5,7 400 0
1593| 5,7 400 0
1594| 5,7 400 0
1595| 5,7 400 0
1596| 5,7 400 0
1597| 5,7 400 0
1598| 5,7 400 0
1599| 5,7 400 0
1600| 5,7 400 0
1601| 5,7 400 0
1602| 5,7 400 0
1603| 5,7 400 0
1604| 5,7 400 0
1605| 5,7 400 0
1606| 5,7 400 0
1607| 5,7 400 0
1608| 5,7 400 0
1609| 5,7 400 0
1610| 5,7 400 0
1611| 5,7 400 0
1612| 5,7 400 0
1613| 5,7 400 0
1614| 5,7 400 0
1615| 5,7 400 0
1616| 5,7 400 0
1617| 5,7 400 0
1618| 5,7 400 0
1619| 5,7 400 0
1620| 5,7 400 0
1621| 5,7 400 0
1622| 5,7 400 0
1623| 5,7 400 0
1624| 5,7 400 0
1625| 5,7 400 0
1626| 5,7 400 0
1627| 5,7 400 0
1628| 5,7 400 0
1629| 5,7 400 0
1630| 5,7 400 0
1631| 5,7 400 0
1632| 5,7 400 0
1633| 5,7 400 0
1634| 5,7 400 0
1635| 5,7 400 0
1636| 5,7 400 0
1637| 5,7 400 0
1638| 5,7 400 0
1639| 5,7 400 0
1640| 5,7 400 0
1641| 5,7 400 0
1642| 5,7 400 0
1643| 5,7 400 0
1644| 5,7 400 0
1645| 0 0 0
1646| 0 0 0
1647| 0 0 0
1648| 0 0 0
1649| 0 0 0
1650| 0 0 0
1651| 0 0 0
1652| 0 0 0
1653| 0 0 0
1654| 0 0 0
1655| 0 0 0
1656| 0 0 0
1657| 0 0 0
1658| 0 0 0
1659| 0 0 0
1660| 0 0 0
1661| 0 0 0
1662| 0 0 0
1663| 0 0 0
1664| 0 0 0
1665| 0 0 0
1666| 0 0 0
1667| 0 0 0
1668| 0 0 0
1669| 0 0 0
1670| 0 0 0
1671| 0 0 0
1672| 0 0 0
1673| 0 0 0
1674| 0 0 0
1675| 0 0 0
1676| 0 0 0
1677| 0 0 0
1678| 0 0 0
1679| 0 0 0
1680| 0 0 0
1681| 0 0 0
1682| 0 0 0
1683| 0 0 0
1684| 0 0 0
1685| 0 0 0
1686| 0 0 0
1687| 0 0 0
1688| 0 0 0
1689| 0 0 0
1690| 0 0 0
1691| 0 0 0
1692| 0 0 0
1693| 0 0 0
1694| 0 0 0
1695| 0 0 0
1696| 0 0 0
1697| 0 0 0
1698| 0 0 0
1699| 0 0 0
1700| 0 0 0
1701| 0 0 0
1702| 0 0 0
1703| 0 0 0
1704| 0 0 0
1705| 0 0 0
1706| 0 0 0
1707| 0 0 0
1708| 0 0 0
1709| 0 0 0
1710| 0 0 0
1711| 0 0 0
1712| 0 0 0
1713| 0 0 0
1714| 0 0 0
1715| 0 0 0
1716| 0 0 0
1717| 0 0 0
1718| 0 0 0
1719| 0 0 0
1720| 0 0 0
1721| 0 0 0
1722| 0 0 0
1723| 0 0 0
1724| 0 0 0
1725| 0 0 0
1726| 0 0 0
1727| 0 0 0
1728| 0 0 0
1729| 0 0 0
1730| 0 0 0
1731| 0 0 0
1732| 0 0 0
1733| 0 0 0
1734| 0 0 0
1735| 0 0 0
1736| 0 0 0
1737| 0 0 0
1738| 0 0 0
1739| 0 0 0
1740| 0 0 0
1741| 0 0 0
1742| 0 0 0
1743| 0 0 0
1744| 0 0 0
1745| 0 0 0
1746| 0 0 0
1747| 0 0 0
1748| 0 0 0
1749| 0 0 0
1750| 0 0 0
1751| 0 0 0
1752| 0 0 0

