1| 0 0 0
2| 0 0 0
3| 0 0 0
4| 0 0 0
5| 0 0 0
6| 0 0 0
7| 0 0 0
8| 0 0 0
9| 0 0 0
10| 0 0 0
11| 0 0 0
12| 0 0 0
13| 0 0 0
14| 0 0 0
15| 0 0 0
16| 0 0 0
17| 0 0 0
18| 0 0 0
19| -0,3 0 0
20| -0,6 0 0
21| -0,9 0 0
22| -1,2 0 0
23| -1,5 4 0
24| -1,8 8 0
25| -2,1 12 0
26| -2,4 16 0
27| -2,7 20 0
28| -3 24 0
29| -3,299999 28 0
30| -3,599999 32 0
31| -3,899999 36 0
32| -4,2 40 0
33| -4,5 43,99999 0
34| -4,8 47,99999 0
35| -5,1 51,99999 0
36| -5,4 55,99999 0
37| -5,7 60 0
38| -6 64 0
39| -6,300001 68 0
40| -6,600001 72 0
41| -6,900001 76,00001 0
42| -7,200001 80,00001 0
43| -7,500001 84,00001 0
44| -7,800001 88,00002 0
45| -8,1 92,00002 0
46| -8,4 96,00002 0
47| -8,7 100 0
48| -8,999999 104 0
49| -9,299999 108 0
50| -9,599998 112 0
51| -9,899999 116 0
52| -10,2 120 0
53| -10,5 124 0
54| -10,8 128 0
55| -11,1 132 0
56| -11,4 136 0
57| -11,7 140 0
58| -12 144 0
59| -12,3 148 0
60| -12,6 152 0
61| -12,9 156 0
62| -13,2 160 0
63| -13,5 164 0
64| -13,79999 168 0
65| -14,09999 171,9999 0
66| -14,39999 175,9999 0
67| -14,69999 179,9999 0
68| -14,99999 183,9999 0
69| -15,29999 187,9999 0
70| -15,59999 191,9999 0
71| -15,89999 195,9999 0
72| -16,19999 199,9999 0
73| -16,49999 203,9999 0
74| -16,79999 207,9999 0
75| -17,09999 211,9999 0
76| -17,39999 215,9999 0
77| -17,69999 219,9999 0
78| -17,99999 223,9999 0
79| -18,29999 227,9999 0
80| -18,59999 231,9999 0
81| -18,89999 235,9999 0
82| -19,19999 239,9999 0
83| -19,49999 243,9999 0
84| -19,79999 247,9999 0
85| -20,09999 251,9999 0
86| -20,39999 255,9999 0
87| -20,69999 259,9999 0
88| -20,99999 263,9999 0
89| -21,29999 267,9999 0
90| -21,59999 271,9998 0
91| -21,89999 275,9998 0
92| -22,19999 279,9998 0
93| -22,49999 283,9998 0
94| -22,79999 287,9998 0
95| -23,09999 291,9998 0
96| -23,39999 295,9998 0
97| -23,69999 299,9998 0
98| -23,99999 303,9998 0
99| -24,29999 307,9998 0
100| -24,59999 311,9998 0
101| -24,89998 315,9998 0
102| -25,19999 319,9998 0
103| -25,49998 323,9998 0
104| -25,79998 327,9998 0
105| -26,09998 331,9998 0
106| -26,39998 335,9998 0
107| -26,69998 339,9998 0
108| -26,99998 343,9998 0
109| -27,29998 347,9998 0
110| -27,59998 351,9998 0
111| -27,89998 355,9998 0
112| 0 359,9998 0
113| 0,3 363,9998 0
114| 0,6 367,9998 0
115| 0,9 371,9998 0
116| 1,2 375,9998 0
117| 1,5 379,9998 0
118| 1,8 383,9998 0
119| 2,1 387,9998 0
120| 2,4 391,9998 0
121| 2,7 395,9998 0
122| 3 399,9997 0
123| 3,299999 400 0
124| 3,599999 400 0
125| 3,899999 400 0
126| 4,2 400 0
127| 4,5 400 0
128| 4,8 400 0
129| 5,1 400 0
130| 5,4 400 0
131| 5,7 400 0
132| 6 400 0
133| 6,300001 400 0
134| 6,600001 400 0
135| 6,900001 400 0
136| 7,200001 400 0
137| 7,500001 400 0
138| 7,800001 400 0
139| 8,1 400 0
140| 8,4 400 0
141| 8,7 400 0
142| 8,999999 400 0
143| 9,299999 400 0
144| 9,599998 400 0
145| 9,899999 400 0
146| 10,2 400 0
147| 10,5 400 0
148| 10,8 400 0
149| 11,1 400 0
150| 11,4 400 0
151| 11,7 400 0
152| 12 400 0
153| 12,3 400 0
154| 12,6 400 0
155| 12,9 400 0
156| 13,2 400 0
157| 13,5 400 0
158| 13,79999 400 0
159| 14,09999 400 0
160| 14,39999 400 0
161| 14,69999 400 0
162| 14,99999 400 0
163| 15,29999 400 0
164| 15,59999 400 0
165| 15,89999 400 0
166| 16,19999 400 0
167| 16,49999 400 0
168| 16,79999 400 0
169| 17,09999 400 0
170| 17,39999 400 0
171| 0 400 0
172| 0 400 0
173| 0 400 0
174| 0 400 0
175| 0 400 0
176| 0 400 0
177| 0 400 0
178| 0 400 0
179| 0 400 0
180| 0 400 0
181| 0 400 0
182| 0 400 0
183| 0 400 0
184| 0 400 0
185| 0 400 0
186| 0 400 0
187| 0 400 0
188| 0 400 0
189| 0 400 0
190| 0 400 0
191| 0 400 0
192| 0 400 0
193| 0 400 0
194| 0 400 0
195| 0 400 0
196| 0 400 0
197| 0 400 0
198| 0 400 0
199| 0 400 0
200| 0 400 0
201| 0 400 0
202| 0 400 0
203| 0 400 0
204| 0 400 0
205| 0 400 0
206| 0 400 0
207| 0 400 0
208| 0 400 0
209| 0 400 0
210| 0 400 0
211| 0 400 0
212| 0 400 0
213| 0 400 0
214| 0 400 0
215| 0 400 0
216| 0 400 0
217| 0 400 0
218| 0 400 0
219| 0 400 0
220| 0 400 0
221| 0 400 0
222| 0 400 0
223| 0 400 0
224| 0 400 0
225| 0 400 0
226| 0 400 0
227| 0 400 0
228| 0 400 0
229| 0 400 0
230| 0 400 0
231| 0 400 0
232| 0 400 0
233| 0 400 0
234| 0 400 0
235| 0 400 0
236| 0 400 0
237| 0 400 0
238| -0,3 400 0
239| -0,6 400 0
240| -0,9 400 0
241| -1,2 400 0
242| -1,5 400 0
243| -1,8 400 0
244| -2,1 400 0
245| -2,4 400 0
246| -2,7 400 0
247| -3 400 0
248| -3,299999 400 0
249| -3,599999 400 0
250| -3,899999 400 0
251| -4,2 400 0
252| -4,5 400 0
253| -4,8 400 0
254| -5,1 400 0
255| -5,4 400 0
256| -5,7 400 0
257| -6 400 0
258| -6,300001 400 0
259| -6,600001 400 0
260| -6,900001 400 0
261| -7,200001 400 0
262| -7,500001 400 0
263| -7,800001 400 0
264| -8,1 400 0
265| -8,4 400 0
266| -8,7 400 0
267| -8,999999 400 0
268| -9,299999 400 0
269| -9,599998 400 0
270| -9,899999 400 0
271| -10,2 400 0
272| -10,5 400 0
273| -10,8 400 0
274| -11,1 400 0
275| -11,4 400 0
276| -11,7 400 0
277| -12 400 0
278| -12,3 400 0
279| -12,6 400 0
280| -12,9 400 0
281| -13,2 400 0
282| -13,5 400 0
283| -13,79999 400 0
284| -14,09999 400 0
285| -14,39999 400 0
286| -14,69999 400 0
287| -14,99999 400 0
288| -15,29999 400 0
289| -15,59999 400 0
290| -15,89999 400 0
291| -16,19999 400 0
292| -16,49999 400 0
293| -16,79999 400 0
294| -17,09999 400 0
295| -17,39999 400 0
296| -17,69999 400 0
297| -17,99999 400 0
298| -18,29999 400 0
299| -18,59999 400 0
300| -18,89999 400 0
301| -19,19999 400 0
302| -19,49999 400 0
303| -19,79999 400 0
304| -20,09999 400 0
305| -20,39999 400 0
306| -20,69999 400 0
307| -20,99999 400 0
308| -21,29999 400 0
309| -21,59999 400 0
310| -21,89999 400 0
311| -22,19999 400 0
312| -22,49999 400 0
313| -22,79999 400 0
314| -23,09999 400 0
315| -23,39999 400 0
316| -23,69999 400 0
317| -23,99999 400 0
318| -24,29999 400 0
319| -24,59999 400 0
320| -24,89998 400 0
321| -25,19999 400 0
322| -25,49998 400 0
323| -25,79998 400 0
324| -26,09998 400 0
325| 0 400 0
326| 0 400 0
327| 0 400 0
328| 0,3 400 0
329| 0,6 400 0
330| 0,9 400 0
331| 1,2 400 0
332| 1,5 400 0
333| 1,8 400 0
334| 2,1 400 0
335| 2,4 400 0
336| 2,7 400 0
337| 3 400 0
338| 3,299999 400 0
339| 3,599999 400 0
340| 3,899999 400 0
341| 4,2 400 0
342| 4,5 400 0
343| 4,8 400 0
344| 5,1 400 0
345| 5,4 400 0
346| 5,7 400 0
347| 6 400 0
348| 6,300001 400 0
349| 6,600001 400 0
350| 6,900001 400 0
351| 7,200001 400 0
352| 7,500001 400 0
353| 7,800001 400 0
354| 8,1 400 0
355| 8,4 400 0
356| 8,7 400 0
357| 8,999999 400 0
358| 9,299999 400 0
359| 9,599998 400 0
360| 9,899999 400 0
361| 10,2 400 0
362| 10,5 400 0
363| 10,8 400 0
364| 11,1 400 0
365| 11,4 400 0
366| 11,7 400 0
367| 12 400 0
368| 12,3 400 0
369| 12,6 400 0
370| 12,9 400 0
371| 13,2 400 0
372| 0 400 0
373| 0 400 0
374| 0 400 0
375| 0 400 0
376| 0 400 0
377| 0 400 0
378| 0 400 0
379| 0 400 0
380| -0,3 400 0
381| -0,6 400 0
382| -0,9 400 0
383| -1,2 400 0
384| -1,5 400 0
385| -1,8 400 0
386| -2,1 400 0
387| -2,4 400 0
388| -2,7 400 0
389| -3 400 0
390| -3,299999 400 0
391| -3,599999 400 0
392| -3,899999 400 0
393| -4,2 400 0
394| -4,5 400 0
395| -4,8 400 0
396| -5,1 400 0
397| -5,4 400 0
398| -5,7 400 0
399| -6 400 0
400| -6,300001 400 0
401| -6,600001 400 0
402| -6,900001 400 0
403| -7,200001 400 0
404| -7,500001 400 0
405| -7,800001 400 0
406| -8,1 400 0
407| -8,4 400 0
408| -8,7 400 0
409| -8,999999 400 0
410| -9,299999 400 0
411| -9,599998 400 0
412| -9,899999 400 0
413| -10,2 400 0
414| -10,5 400 0
415| -10,8 400 0
416| -11,1 400 0
417| -11,4 400 0
418| -11,7 400 0
419| -12 400 0
420| -12,3 400 0
421| -12,6 400 0
422| -12,9 400 0
423| -13,2 400 0
424| -13,5 400 0
425| -13,79999 400 0
426| -14,09999 400 0
427| -14,39999 400 0
428| -14,69999 400 0
429| -14,99999 400 0
430| -15,29999 400 0
431| -15,59999 400 0
432| -15,89999 400 0
433| -16,19999 400 0
434| -16,49999 400 0
435| -16,79999 400 0
436| -17,09999 400 0
437| -17,39999 400 0
438| -17,69999 400 0
439| -17,99999 400 0
440| -18,29999 400 0
441| -18,59999 400 0
442| -18,89999 400 0
443| -19,19999 400 0
444| -19,49999 400 0
445| 0 400 0
446| 0 400 0
447| 0 400 0
448| 0 400 0
449| 0 400 0
450| 0,3 400 0
451| 0,6 400 0
452| 0,9 400 0
453| 1,2 400 0
454| 1,5 400 0
455| 1,8 400 0
456| 2,1 400 0
457| 2,4 400 0
458| 2,7 400 0
459| 3 400 0
460| 3,299999 400 0
461| 3,599999 400 0
462| 3,899999 400 0
463| 4,2 400 0
464| 4,5 400 0
465| 4,8 400 0
466| 5,1 400 0
467| 5,4 400 0
468| 5,7 400 0
469| 6 400 0
470| 6,300001 400 0
471| 6,600001 400 0
472| 6,900001 400 0
473| 7,200001 400 0
474| 7,500001 400 0
475| 7,800001 400 0
476| 8,1 400 0
477| 8,4 400 0
478| 8,7 400 0
479| 8,999999 400 0
480| 9,299999 400 0
481| 9,599998 400 0
482| 9,899999 400 0
483| 10,2 400 0
484| 10,5 400 0
485| 10,8 400 0
486| 11,1 400 0
487| 11,4 400 0
488| 11,7 400 0
489| 12 400 0
490| 12,3 400 0
491| 12,6 400 0
492| 12,9 400 0
493| 13,2 400 0
494| 13,5 400 0
495| 13,79999 400 0
496| 14,09999 400 0
497| 14,39999 400 0
498| 14,69999 400 0
499| 14,99999 400 0
500| 15,29999 400 0
501| 15,59999 400 0
502| 15,89999 400 0
503| 16,19999 400 0
504| 16,49999 400 0
505| 16,79999 400 0
506| 17,09999 400 0
507| 17,39999 400 0
508| 17,69999 400 0
509| 17,99999 400 0
510| 18,29999 400 0
511| 18,59999 400 0
512| 18,89999 400 0
513| 19,19999 400 0
514| 19,49999 400 0
515| 19,79999 400 0
516| 20,09999 400 0
517| 20,39999 400 0
518| 20,69999 400 0
519| 20,99999 400 0
520| 21,29999 400 0
521| 21,59999 400 0
522| 21,89999 400 0
523| 22,19999 400 0
524| 22,49999 400 0
525| 22,79999 400 0
526| 23,09999 400 0
527| 23,39999 400 0
528| 23,69999 400 0
529| 23,99999 400 0
530| 24,29999 400 0
531| 24,59999 400 0
532| 24,89998 400 0
533| 25,19999 400 0
534| 25,49998 400 0
535| 25,79998 400 0
536| 26,09998 400 0
537| 26,39998 400 0
538| 26,69998 400 0
539| 26,99998 400 0
540| 27,29998 400 0
541| 27,59998 400 0
542| 27,89998 400 0
543| 28,19998 400 0
544| 28,49998 400 0
545| 28,79998 400 0
546| 29,09998 400 0
547| 29,39998 400 0
548| 29,69998 400 0
549| 29,99998 400 0
550| 30 400 0
551| 30 400 0
552| 30 400 0
553| 30 400 0
554| 30 400 0
555| 30 400 0
556| 30 400 0
557| 30 400 0
558| 30 400 0
559| 30 400 0
560| 30 400 0
561| 30 400 0
562| 30 400 0
563| 30 400 0
564| 30 400 0
565| 30 400 0
566| 30 400 0
567| 30 400 0
568| 30 400 0
569| 30 400 0
570| 30 400 0
571| 30 400 0
572| 30 400 0
573| 30 400 0
574| 30 400 0
575| 30 400 0
576| 30 400 0
577| 0 400 0
578| 0 400 0
579| 0 400 0
580| 0 400 0
581| 0 400 0
582| 0 400 0
583| 0 400 0
584| 0 400 0
585| 0 400 0
586| 0 400 0
587| 0 400 0
588| 0 400 0
589| 0 400 0
590| 0 400 0
591| 0 400 0
592| 0 400 0
593| 0 400 0
594| 0 400 0
595| 0 400 0
596| 0 400 0
597| 0 400 0
598| 0 400 0
599| 0 400 0
600| 0 400 0
601| 0 400 0
602| 0 400 0
603| 0 400 0
604| 0 400 0
605| 0 400 0
606| 0 400 0
607| 0 400 0
608| 0 400 0
609| 0 400 0
610| 0 400 0
611| 0 400 0
612| 0 400 0
613| 0 400 0
614| 0 400 0
615| 0 400 0
616| 0 400 0
617| 0 400 0
618| 0 400 0
619| 0 400 0
620| 0 400 0
621| 0 400 0
622| 0 400 0
623| 0 400 0
624| 0 400 0
625| 0 400 0
626| 0 400 0
627| 0 400 0
628| 0 400 0
629| 0 400 0
630| 0 400 0
631| -0,3 400 0
632| -0,6 400 0
633| -0,9 400 0
634| -1,2 400 0
635| -1,5 400 0
636| -1,8 400 0
637| -2,1 400 0
638| -2,4 400 0
639| -2,7 400 0
640| -3 400 0
641| -3,299999 400 0
642| -3,599999 400 0
643| -3,899999 400 0
644| -4,2 400 0
645| -4,5 400 0
646| -4,8 400 0
647| -5,1 400 0
648| -5,4 400 0
649| -5,7 400 0
650| -6 400 0
651| -6,300001 400 0
652| -6,600001 400 0
653| -6,900001 400 0
654| -7,200001 400 0
655| -7,500001 400 0
656| -7,800001 400 0
657| -8,1 400 0
658| -8,4 400 0
659| -8,7 400 0
660| -8,999999 400 0
661| -9,299999 400 0
662| -9,599998 400 0
663| -9,899999 400 0
664| -10,2 400 0
665| -10,5 400 0
666| -10,8 400 0
667| -11,1 400 0
668| -11,4 400 0
669| -11,7 400 0
670| -12 400 0
671| -12,3 400 0
672| -12,6 400 0
673| -12,9 400 0
674| -13,2 400 0
675| -13,5 400 0
676| -13,79999 400 0
677| -14,09999 400 0
678| -14,39999 400 0
679| -14,69999 400 0
680| -14,99999 400 0
681| -15,29999 400 0
682| -15,59999 400 0
683| -15,89999 400 0
684| -16,19999 400 0
685| -16,49999 400 0
686| -16,79999 400 0
687| -17,09999 400 0
688| -17,39999 400 0
689| -17,69999 400 0
690| -17,99999 400 0
691| -18,29999 400 0
692| -18,59999 400 0
693| -18,89999 400 0
694| -19,19999 400 0
695| -19,49999 400 0
696| -19,79999 400 0
697| -20,09999 400 0
698| -20,39999 400 0
699| -20,69999 400 0
700| -20,99999 400 0
701| -21,29999 400 0
702| 0 400 0
703| 0 400 0
704| 0,3 400 0
705| 0,6 400 0
706| 0,9 400 0
707| 1,2 400 0
708| 1,5 400 0
709| 1,8 400 0
710| 2,1 400 0
711| 2,4 400 0
712| 2,7 400 0
713| 3 400 0
714| 3,299999 400 0
715| 3,599999 400 0
716| 3,899999 400 0
717| 4,2 400 0
718| 4,5 400 0
719| 4,8 400 0
720| 5,1 400 0
721| 5,4 400 0
722| 5,7 400 0
723| 6 400 0
724| 6,300001 400 0
725| 6,600001 400 0
726| 6,900001 400 0
727| 7,200001 400 0
728| 7,500001 400 0
729| 7,800001 400 0
730| 8,1 400 0
731| 8,4 400 0
732| 8,7 400 0
733| 8,999999 400 0
734| 9,299999 400 0
735| 9,599998 400 0
736| 9,899999 400 0
737| 10,2 400 0
738| 10,5 400 0
739| 10,8 400 0
740| 11,1 400 0
741| 11,4 400 0
742| 11,7 400 0
743| 12 400 0
744| 12,3 400 0
745| 12,6 400 0
746| 12,9 400 0
747| 13,2 400 0
748| 13,5 400 0
749| 13,79999 400 0
750| 14,09999 400 0
751| 14,39999 400 0
752| 14,69999 400 0
753| 14,99999 400 0
754| 15,29999 400 0
755| 15,59999 400 0
756| 15,89999 400 0
757| 16,19999 400 0
758| 16,49999 400 0
759| 16,79999 400 0
760| 17,09999 400 0
761| 17,39999 400 0
762| 17,69999 400 0
763| 17,99999 400 0
764| 18,29999 400 0
765| 18,59999 400 0
766| 0 400 0
767| 0 400 0
768| 0 400 0
769| 0 400 0
770| 0 400 0
771| 0 400 0
772| 0,3 400 0
773| 0,6 400 0
774| 0 400 0
775| 0 400 0
776| 0 400 0
777| 0 400 0
778| 0 400 0
779| 0 400 0
780| -0,3 400 0
781| -0,6 400 0
782| -0,9 400 0
783| -1,2 400 0
784| -1,5 400 0
785| -1,8 400 0
786| -2,1 400 0
787| -2,4 400 0
788| -2,7 400 0
789| -3 400 0
790| -3,299999 400 0
791| -3,599999 400 0
792| -3,899999 400 0
793| -4,2 400 0
794| -4,5 400 0
795| -4,8 400 0
796| -5,1 400 0
797| -5,4 400 0
798| -5,7 400 0
799| -6 400 0
800| -6,300001 400 0
801| -6,600001 400 0
802| -6,900001 400 0
803| -7,200001 400 0
804| -7,500001 400 0
805| -7,800001 400 0
806| -8,1 400 0
807| -8,4 400 0
808| -8,7 400 0
809| -8,999999 400 0
810| -9,299999 400 0
811| -9,599998 400 0
812| -9,899999 400 0
813| -10,2 400 0
814| -10,5 400 0
815| -10,8 400 0
816| -11,1 400 0
817| -11,4 400 0
818| -11,7 400 0
819| -12 400 0
820| -12,3 400 0
821| -12,6 400 0
822| -12,6 400 0
823| -12,6 400 0
824| -12,6 400 0
825| -12,6 400 0
826| -12,6 400 0
827| 0 400 0
828| 0,3 400 0
829| 0,6 400 0
830| 0,9 400 0
831| 1,2 400 0
832| 1,2 400 0
833| 1,5 400 0
834| 1,8 400 0
835| 2,1 400 0
836| 2,4 400 0
837| 2,7 400 0
838| 3 400 0
839| 3,299999 400 0
840| 3,599999 400 0
841| 3,899999 400 0
842| 4,2 400 0
843| 4,5 400 0
844| 4,8 400 0
845| 5,1 400 0
846| 5,4 400 0
847| 5,7 400 0
848| 6 400 0
849| 6,300001 400 0
850| 6,600001 400 0
851| 6,900001 400 0
852| 7,200001 400 0
853| 7,500001 400 0
854| 7,800001 400 0
855| 8,1 400 0
856| 8,4 400 0
857| 8,7 400 0
858| 8,999999 400 0
859| 9,299999 400 0
860| 9,599998 400 0
861| 9,899999 400 0
862| 10,2 400 0
863| 10,5 400 0
864| 10,8 400 0
865| 11,1 400 0
866| 11,4 400 0
867| 11,7 400 0
868| 12 400 0
869| 12,3 400 0
870| 12,6 400 0
871| 12,9 400 0
872| 13,2 400 0
873| 13,5 400 0
874| 13,79999 400 0
875| 14,09999 400 0
876| 0 400 0
877| 0 400 0
878| 0 400 0
879| 0 400 0
880| 0 400 0
881| 0 400 0
882| -0,3 400 0
883| -0,6 400 0
884| -0,9 400 0
885| -1,2 400 0
886| -1,5 400 0
887| -1,8 400 0
888| -2,1 400 0
889| -2,4 400 0
890| -2,7 400 0
891| -3 400 0
892| -3,299999 400 0
893| -3,599999 400 0
894| -3,899999 400 0
895| -4,2 400 0
896| -4,5 400 0
897| -4,8 400 0
898| -5,1 400 0
899| -5,4 400 0
900| -5,7 400 0
901| -6 400 0
902| -6,300001 400 0
903| -6,600001 400 0
904| -6,900001 400 0
905| -7,200001 400 0
906| -7,500001 400 0
907| -7,800001 400 0
908| -8,1 400 0
909| -8,4 400 0
910| -8,7 400 0
911| -8,999999 400 0
912| -9,299999 400 0
913| -9,599998 400 0
914| -9,899999 400 0
915| -10,2 400 0
916| -10,5 400 0
917| -10,8 400 0
918| -11,1 400 0
919| -11,4 400 0
920| -11,4 400 0
921| -11,4 400 0
922| -11,4 400 0
923| -11,4 400 0
924| -11,4 400 0
925| -11,4 400 0
926| -11,4 400 0
927| -11,4 400 0
928| -11,4 400 0
929| -11,4 400 0
930| -11,4 400 0
931| -11,4 400 0
932| -11,4 400 0
933| -11,4 400 0
934| -11,4 400 0
935| -11,4 400 0
936| -11,4 400 0
937| 0 400 0
938| 0,3 400 0
939| 0,6 400 0
940| 0,6 400 0
941| 0,6 400 0
942| 0,6 400 0
943| 0,9 400 0
944| 1,2 400 0
945| 1,5 400 0
946| 1,8 400 0
947| 1,8 400 0
948| 1,8 400 0
949| 1,8 400 0
950| 1,8 400 0
951| 1,8 400 0
952| 1,8 400 0
953| 2,1 400 0
954| 2,4 400 0
955| 2,4 400 0
956| 2,4 400 0
957| 2,4 400 0
958| 2,4 400 0
959| 2,4 400 0
960| 2,7 400 0
961| 3 400 0
962| 3 400 0
963| 3 400 0
964| 3 400 0
965| 3 400 0
966| 3 400 0
967| 3 400 0
968| 3 400 0
969| 3 400 0
970| 3 400 0
971| 3 400 0
972| 3 400 0
973| 3 400 0
974| 3 400 0
975| 3 400 0
976| 3 400 0
977| 3 400 0
978| 3 400 0
979| 3 400 0
980| 0 400 0
981| -0,3 400 0
982| -0,3 400 0
983| -0,3 400 0
984| -0,6 400 0
985| -0,9 400 0
986| -1,2 400 0
987| -1,5 400 0
988| -1,8 400 0
989| -2,1 400 0
990| -2,1 400 0
991| -2,1 400 0
992| -2,1 400 0
993| -2,1 400 0
994| -2,1 400 0
995| -2,1 400 0
996| -2,1 400 0
997| -2,1 400 0
998| -2,1 400 0
999| -2,1 400 0
1000| -2,1 400 0
1001| -2,1 400 0
1002| -2,1 400 0
1003| -2,1 400 0
1004| -2,1 400 0
1005| -2,1 400 0
1006| -2,1 400 0
1007| -2,1 400 0
1008| -2,1 400 0
1009| -2,1 400 0
1010| -2,1 400 0
1011| -2,1 400 0
1012| -2,1 400 0
1013| -2,1 400 0
1014| -2,1 400 0
1015| -2,1 400 0
1016| -2,1 400 0
1017| -2,1 400 0
1018| -2,1 400 0
1019| -2,1 400 0
1020| -2,1 400 0
1021| -2,1 400 0
1022| -2,1 400 0
1023| -2,1 400 0
1024| -2,1 400 0
1025| -2,1 400 0
1026| -2,1 400 0
1027| -2,1 400 0
1028| -2,1 400 0
1029| -2,1 400 0
1030| -2,1 400 0
1031| -2,1 400 0
1032| -2,1 400 0
1033| -2,1 400 0
1034| -2,1 400 0
1035| -2,1 400 0
1036| -2,1 400 0
1037| -2,1 400 0
1038| -2,1 400 0
1039| -2,1 400 0
1040| -2,1 400 0
1041| -2,1 400 0
1042| -2,1 400 0
1043| -2,1 400 0
1044| -2,1 400 0
1045| -2,1 400 0
1046| -2,1 400 0
1047| 0 400 0
1048| 0,3 400 0
1049| 0,6 400 0
1050| 0,9 400 0
1051| 1,2 400 0
1052| 1,2 400 0
1053| 1,2 400 0
1054| 1,2 400 0
1055| 1,2 400 0
1056| 1,2 400 0
1057| 1,5 400 0
1058| 1,8 400 0
1059| 2,1 400 0
1060| 2,4 400 0
1061| 2,7 400 0
1062| 2,7 400 0
1063| 2,7 400 0
1064| 2,7 400 0
1065| 2,7 400 0
1066| 2,7 400 0
1067| 2,7 400 0
1068| 2,7 400 0
1069| 2,7 400 0
1070| 3 400 0
1071| 3 400 0
1072| 3 400 0
1073| 3 400 0
1074| 3 400 0
1075| 3 400 0
1076| 3 400 0
1077| 3 400 0
1078| 3 400 0
1079| 3 400 0
1080| 3 400 0
1081| 3 400 0
1082| 3 400 0
1083| 3 400 0
1084| 3 400 0
1085| 3 400 0
1086| 3 400 0
1087| 3 400 0
1088| 3 400 0
1089| 3 400 0
1090| 0 400 0
1091| -0,3 400 0
1092| -0,3 400 0
1093| -0,3 400 0
1094| -0,3 400 0
1095| -0,3 400 0
1096| -0,3 400 0
1097| -0,3 400 0
1098| -0,3 400 0
1099| -0,3 400 0
1100| -0,3 400 0
1101| -0,3 400 0
1102| -0,3 400 0
1103| -0,3 400 0
1104| -0,3 400 0
1105| -0,3 400 0
1106| -0,3 400 0
1107| -0,3 400 0
1108| -0,3 400 0
1109| -0,3 400 0
1110| -0,3 400 0
1111| -0,3 400 0
1112| -0,3 400 0
1113| -0,3 400 0
1114| -0,3 400 0
1115| -0,3 400 0
1116| -0,3 400 0
1117| -0,3 400 0
1118| -0,3 400 0
1119| 0 400 0
1120| 0,3 400 0
1121| 0,3 400 0
1122| 0,3 400 0
1123| 0,3 400 0
1124| 0,3 400 0
1125| 0,3 400 0
1126| 0,3 400 0
1127| 0,6 400 0
1128| 0,9 400 0
1129| 0,9 400 0
1130| 0,9 400 0
1131| 0,9 400 0
1132| 0,9 400 0
1133| 0,9 400 0
1134| 0,9 400 0
1135| 0,9 400 0
1136| 0,9 400 0
1137| 0,9 400 0
1138| 0,9 400 0
1139| 0,9 400 0
1140| 0,9 400 0
1141| 0,9 400 0
1142| 0,9 400 0
1143| 1,2 400 0
1144| 1,5 400 0
1145| 1,5 400 0
1146| 1,5 400 0
1147| 1,5 400 0
1148| 1,5 400 0
1149| 1,5 400 0
1150| 1,5 400 0
1151| 1,5 400 0
1152| 1,5 400 0
1153| 1,5 400 0
1154| 1,5 400 0
1155| 1,5 400 0
1156| 1,5 400 0
1157| 1,5 400 0
1158| 1,5 400 0
1159| 1,5 400 0
1160| 1,5 400 0
1161| 1,5 400 0
1162| 1,5 400 0
1163| 1,5 400 0
1164| 1,5 400 0
1165| 1,5 400 0
1166| 1,5 400 0
1167| 0 400 0
1168| -0,3 400 0
1169| -0,3 400 0
1170| -0,3 400 0
1171| -0,3 400 0
1172| -0,3 400 0
1173| -0,3 400 0
1174| -0,3 400 0
1175| -0,3 400 0
1176| -0,3 400 0
1177| -0,3 400 0
1178| -0,3 400 0
1179| -0,3 400 0
1180| -0,3 400 0
1181| -0,3 400 0
1182| -0,6 400 0
1183| -0,9 400 0
1184| -0,9 400 0
1185| -0,9 400 0
1186| -0,9 400 0
1187| -0,9 400 0
1188| -0,9 400 0
1189| -0,9 400 0
1190| -0,9 400 0
1191| -0,9 400 0
1192| -0,9 400 0
1193| -0,9 400 0
1194| -0,9 400 0
1195| -0,9 400 0
1196| -0,9 400 0
1197| -0,9 400 0
1198| -0,9 400 0
1199| -0,9 400 0
1200| -0,9 400 0
1201| -0,9 400 0
1202| -0,9 400 0
1203| -0,9 400 0
1204| -0,9 400 0
1205| -0,9 400 0
1206| -0,9 400 0
1207| -0,9 400 0
1208| -0,9 400 0
1209| -0,9 400 0
1210| -0,9 400 0
1211| -0,9 400 0
1212| -0,9 400 0
1213| -0,9 400 0
1214| -0,9 400 0
1215| -0,9 400 0
1216| -0,9 400 0
1217| -0,9 400 0
1218| -0,9 400 0
1219| -0,9 400 0
1220| -0,9 400 0
1221| -0,9 400 0
1222| -0,9 400 0
1223| -0,9 400 0
1224| -0,9 400 0
1225| -0,9 400 0
1226| -0,9 400 0
1227| -0,9 400 0
1228| -0,9 400 0
1229| -0,9 400 0
1230| -0,9 400 0
1231| -0,9 400 0
1232| -0,9 400 0
1233| -0,9 400 0
1234| -0,9 400 0
1235| -0,9 400 0
1236| -0,9 400 0
1237| -0,9 400 0
1238| -0,9 400 0
1239| -0,9 400 0
1240| -0,9 400 0
1241| -0,9 400 0
1242| -0,9 400 0
1243| -0,9 400 0
1244| -0,9 400 0
1245| -0,9 400 0
1246| -0,9 400 0
1247| -0,9 400 0
1248| -0,9 400 0
1249| -0,9 400 0
1250| -0,9 400 0
1251| -0,9 400 0
1252| -0,9 400 0
1253| -0,9 400 0
1254| -0,9 400 0
1255| -0,9 400 0
1256| -0,9 400 0
1257| -0,9 400 0
1258| -0,9 400 0
1259| -0,9 400 0
1260| -0,9 400 0
1261| -0,9 400 0
1262| -0,9 400 0
1263| -0,9 400 0
1264| -0,9 400 0
1265| -0,9 400 0
1266| -0,9 400 0
1267| -0,9 400 0
1268| -0,9 400 0
1269| -0,9 400 0
1270| -0,9 400 0
1271| -0,9 400 0
1272| -0,9 400 0
1273| -0,9 400 0
1274| -0,9 400 0
1275| -0,9 400 0
1276| -0,9 400 0
1277| -0,9 400 0
1278| -0,9 400 0
1279| -0,9 400 0
1280| -0,9 400 0
1281| -0,9 400 0
1282| -0,9 400 0
1283| -0,9 400 0
1284| -0,9 400 0
1285| -0,9 400 0
1286| -0,9 400 0
1287| -0,9 400 0
1288| -0,9 400 0
1289| -0,9 400 0
1290| -0,9 400 0
1291| -0,9 400 0
1292| -0,9 400 0
1293| -0,9 400 0
1294| -0,9 400 0
1295| -0,9 400 0
1296| -0,9 400 0
1297| -0,9 400 0
1298| -0,9 400 0
1299| -0,9 400 0
1300| -0,9 400 0
1301| -0,9 400 0
1302| -0,9 400 0
1303| -0,9 400 0
1304| -0,9 400 0
1305| -0,9 400 0
1306| -0,9 400 0
1307| -0,9 400 0
1308| -0,9 400 0
1309| -0,9 400 0
1310| -0,9 400 0
1311| -0,9 400 0
1312| -0,9 400 0
1313| -0,9 400 0
1314| -0,9 400 0
1315| -0,9 400 0
1316| -0,9 400 0
1317| -0,9 400 0
1318| -0,9 400 0
1319| -0,9 400 0
1320| -0,9 400 0
1321| -0,9 400 0
1322| -0,9 400 0
1323| -0,9 400 0
1324| -0,9 400 0
1325| -0,9 400 0
1326| -0,9 400 0
1327| -0,9 400 0
1328| -0,9 400 0
1329| -0,9 400 0
1330| -0,9 400 0
1331| -0,9 400 0
1332| -0,9 400 0
1333| -0,9 400 0
1334| -0,9 400 0
1335| -0,9 400 0
1336| -0,9 400 0
1337| -0,9 400 0
1338| -0,9 400 0
1339| -0,9 400 0
1340| -0,9 400 0
1341| -0,9 400 0
1342| -0,9 400 0
1343| -0,9 400 0
1344| -0,9 400 0
1345| -0,9 400 0
1346| -0,9 400 0
1347| -0,9 400 0
1348| -0,9 400 0
1349| -0,9 400 0
1350| -0,9 400 0
1351| -0,9 400 0
1352| -0,9 400 0
1353| -0,9 400 0
1354| -0,9 400 0
1355| -0,9 400 0
1356| -0,9 400 0
1357| -0,9 400 0
1358| -0,9 400 0
1359| -0,9 400 0
1360| -0,9 400 0
1361| -0,9 400 0
1362| -0,9 400 0
1363| -0,9 400 0
1364| -0,9 400 0
1365| -0,9 400 0
1366| -0,9 400 0
1367| -0,9 400 0
1368| -0,9 400 0
1369| -0,9 400 0
1370| -0,9 400 0
1371| -0,9 400 0
1372| -0,9 400 0
1373| -0,9 400 0
1374| -0,9 400 0
1375| -0,9 400 0
1376| -0,9 400 0
1377| -0,9 400 0
1378| -0,9 400 0
1379| -0,9 400 0
1380| -0,9 400 0
1381| -0,9 400 0
1382| -0,9 400 0
1383| -0,9 400 0
1384| -0,9 400 0
1385| -0,9 400 0
1386| -0,9 400 0
1387| -0,9 400 0
1388| -0,9 400 0
1389| -0,9 400 0
1390| -0,9 400 0
1391| -0,9 400 0
1392| -0,9 400 0
1393| -0,9 400 0
1394| -0,9 400 0
1395| -0,9 400 0
1396| -0,9 400 0
1397| -0,9 400 0
1398| -0,9 400 0
1399| -0,9 400 0
1400| -0,9 400 0
1401| -0,9 400 0
1402| -0,9 400 0
1403| -0,9 400 0
1404| -0,9 400 0
1405| -0,9 400 0
1406| -0,9 400 0
1407| -0,9 400 0
1408| -0,9 400 0
1409| -0,9 400 0
1410| -0,9 400 0
1411| -0,9 400 0
1412| -0,9 400 0
1413| -0,9 400 0
1414| -0,9 400 0
1415| -0,9 400 0
1416| -0,9 400 0
1417| -0,9 400 0
1418| -0,9 400 0
1419| -0,9 400 0
1420| -0,9 400 0
1421| -0,9 400 0
1422| -0,9 400 0
1423| -0,9 400 0
1424| -0,9 400 0
1425| -0,9 400 0
1426| -0,9 400 0
1427| -0,9 400 0
1428| -0,9 400 0
1429| -0,9 400 0
1430| -0,9 400 0
1431| -0,9 400 0
1432| -0,9 400 0
1433| -0,9 400 0
1434| -0,9 400 0
1435| -0,9 400 0
1436| -0,9 400 0
1437| -0,9 400 0
1438| -0,9 400 0
1439| 0 400 0
1440| 0,3 400 0
1441| 0,6 400 0
1442| 0,9 400 0
1443| 1,2 400 0
1444| 1,5 400 0
1445| 1,8 400 0
1446| 2,1 400 0
1447| 2,4 400 0
1448| 2,7 400 0
1449| 3 400 0
1450| 3,299999 400 0
1451| 3,599999 400 0
1452| 3,899999 400 0
1453| 4,2 400 0
1454| 4,2 400 0
1455| 4,2 400 0
1456| 4,2 400 0
1457| 4,2 400 0
1458| 4,2 400 0
1459| 4,2 400 0
1460| 4,2 400 0
1461| 4,5 400 0
1462| 4,5 400 0
1463| 4,5 400 0
1464| 4,5 400 0
1465| 4,5 400 0
1466| 4,5 400 0
1467| 4,5 400 0
1468| 4,5 400 0
1469| 4,5 400 0
1470| 4,5 400 0
1471| 4,5 400 0
1472| 4,5 400 0
1473| 4,5 400 0
1474| 4,5 400 0
1475| 0 400 0
1476| -0,3 400 0
1477| -0,6 400 0
1478| -0,9 400 0
1479| -1,2 400 0
1480| -1,5 400 0
1481| -1,8 400 0
1482| -2,1 400 0
1483| -2,4 400 0
1484| -2,4 400 0
1485| -2,4 400 0
1486| -2,4 400 0
1487| -2,4 400 0
1488| -2,4 400 0
1489| -2,4 400 0
1490| -2,4 400 0
1491| -2,4 400 0
1492| -2,4 400 0
1493| -2,4 400 0
1494| -2,4 400 0
1495| -2,4 400 0
1496| -2,4 400 0
1497| 0,48 0 0
1498| 0,96 0 0
1499| 1,44 0 0
1500| 1,92 0 0
1501| 2,4 0 0
1502| 3,36 0 0
1503| 3,84 0 0
1504| 4,32 0 0
1505| 4,8 0 0
1506| 5,28 0 0
1507| 6,240001 0 0
1508| 6,720001 0 0
1509| 7,200001 0 0
1510| 7,68 0 0
1511| 0 0 0
1512| 0 0 0
1513| 0 0 0
1514| 0 0 0
1515| 0 0 0
1516| 0 0 0
1517| 0 0 0
1518| 0 0 0
1519| 0 0 0
1520| 0 0 0
1521| 0 0 0
1522| 0 0 0
1523| 0 0 0
1524| 0 0 0
1525| 0 0 0
1526| 0 0 0
1527| 0 0 0
1528| 0 0 0
1529| 0 0 0
1530| 0 0 0
1531| 0 0 0
1532| 0 0 0
1533| 0 0 0
1534| 0 0 0
1535| 0 0 0
1536| 0 0 0
1537| 0 0 0
1538| 0 0 0
1539| 0 0 0
1540| 0 0 0
1541| 0 0 0
1542| 0 0 0
1543| 0 0 0
1544| 0 0 0
1545| 0 0 0
1546| 0 0 0
1547| 0 0 0
1548| 0 0 0
1549| 0 0 0
1550| 0 0 0
1551| 0 0 0
1552| 0 0 0
1553| 0 0 0
1554| 0 0 0
1555| 0 0 0
1556| 0 0 0
1557| 0 0 0
1558| 0 0 0
1559| 0 0 0
1560| 0 0 0
1561| 0 0 0
1562| 0 0 0
1563| 0 0 0
1564| 0 0 0
1565| 0 0 0
1566| 0 0 0
1567| 0 0 0
1568| 0 0 0
1569| 0 0 0
1570| 0 0 0
1571| 0 0 0
1572| 0 0 0
1573| 0 0 0
1574| 0 0 0
1575| 0 0 0
1576| 0 0 0
1577| 0 0 0
1578| 0 0 0
1579| 0 0 0
1580| 0 0 0
1581| 0 0 0
1582| 0 0 0
1583| 0 0 0
1584| 0 0 0
1585| 0 0 0
1586| 0 0 0
1587| 0 0 0
1588| 0 0 0
1589| 0 0 0
1590| 0 0 0
1591| 0 0 0
1592| 0 0 0
1593| 0 0 0
1594| 0 0 0
1595| 0 0 0
1596| 0 0 0
1597| 0 0 0
1598| 0 0 0
1599| 0 0 0
1600| 0 0 0
1601| 0 0 0
1602| 0 0 0
1603| 0 0 0
1604| 0 0 0
1605| 0 0 0
1606| 0 0 0
1607| 0 0 0
1608| 0 0 0
1609| 0 0 0
1610| 0 0 0
1611| 0 0 0
1612| 0 0 0
1613| 0 0 0
1614| 0 0 0
1615| 0 0 0
1616| 0 0 0
1617| 0 0 0
1618| 0 0 0
1619| 0 0 0
1620| 0 0 0
1621| 0 0 0
1622| 0 0 0
1623| 0 0 0
1624| 0 0 0
1625| 0 0 0
1626| 0 0 0
1627| 0 0 0
1628| 0 0 0
1629| 0 0 0
1630| 0 0 0
1631| 0 0 0
1632| 0 0 0
1633| 0 0 0
1634| 0 0 0
1635| 0 0 0
1636| 0 0 0
1637| 0 0 0
1638| 0 0 0
1639| 0 0 0
1640| 0 0 0
1641| 0 0 0
1642| 0 0 0
1643| 0 0 0
1644| 0 0 0
1645| 0 0 0
1646| 0 0 0
1647| 0 0 0
1648| 0 0 0
1649| 0 0 0
1650| 0 0 0
1651| 0 0 0
1652| 0 0 0
1653| 0 0 0
1654| 0 0 0
1655| 0 0 0
1656| 0 0 0
1657| 0 0 0
1658| 0 0 0
1659| 0 0 0
1660| 0 0 0
1661| 0 0 0
1662| 0 0 0
1663| 0 0 0
1664| 0 0 0
1665| 0 0 0
1666| 0 0 0
1667| 0 0 0
1668| 0 0 0
1669| 0 0 0
1670| 0 0 0
1671| 0 0 0
1672| 0 0 0
1673| 0 0 0
1674| 0 0 0
1675| 0 0 0
1676| 0 0 0
1677| 0 0 0
1678| 0 0 0
1679| 0 0 0
1680| 0 0 0
1681| 0 0 0
1682| 0 0 0
1683| 0 0 0
1684| 0 0 0
1685| 0 0 0
1686| 0 0 0
1687| 0 0 0
1688| 0 0 0
1689| 0 0 0
1690| 0 0 0
1691| 0 0 0
1692| 0 0 0
1693| 0 0 0
1694| 0 0 0
1695| 0 0 0
1696| 0 0 0
1697| 0 0 0
1698| 0 0 0
1699| 0 0 0
1700| 0 0 0
1701| 0 0 0
1702| 0 0 0
1703| 0 0 0
1704| 0 0 0
1705| 0 0 0
1706| 0 0 0
1707| 0 0 0
1708| 0 0 0
1709| 0 0 0
1710| 0 0 0
1711| 0 0 0
1712| 0 0 0
1713| 0 0 0
1714| 0 0 0
1715| 0 0 0
1716| 0 0 0
1717| 0 0 0
1718| 0 0 0
1719| 0 0 0
1720| 0 0 0
1721| 0 0 0
1722| 0 0 0
1723| 0 0 0
1724| 0 0 0
1725| 0 0 0
1726| 0 0 0
1727| 0 0 0
1728| 0 0 0
1729| 0 0 0
1730| 0 0 0
1731| 0 0 0
1732| 0 0 0
1733| 0 0 0
1734| 0 0 0
1735| 0 0 0
1736| 0 0 0
1737| 0 0 0
1738| 0 0 0
1739| 0 0 0
1740| 0 0 0
1741| 0 0 0
1742| 0 0 0
1743| 0 0 0
1744| 0 0 0
1745| 0 0 0
1746| 0 0 0
1747| 0 0 0
1748| 0 0 0
1749| 0 0 0
1750| 0 0 0
1751| 0 0 0
1752| 0 0 0
1753| 0 0 0
1754| 0 0 0
1755| 0 0 0
1756| 0 0 0
1757| 0 0 0
1758| 0 0 0
1759| 0 0 0
1760| 0 0 0
1761| 0 0 0
1762| 0 0 0
1763| 0 0 0
1764| 0 0 0
1765| 0 0 0
1766| 0 0 0
1767| 0 0 0
1768| 0 0 0
1769| 0 0 0
1770| 0 0 0
1771| 0 0 0
1772| 0 0 0
1773| 0 0 0
1774| 0 0 0
1775| 0 0 0
1776| 0 0 0
1777| 0 0 0
1778| 0 0 0
1779| 0 0 0
1780| 0 0 0
1781| 0 0 0
1782| 0 0 0
1783| 0 0 0
1784| 0 0 0
1785| 0 0 0
1786| 0 0 0
1787| 0 0 0
1788| 0 0 0
1789| 0 0 0
1790| 0 0 0
1791| 0 0 0
1792| 0 0 0
1793| 0 0 0
1794| 0 0 0
1795| 0 0 0
1796| 0 0 0
1797| 0 0 0
1798| 0 0 0
1799| 0 0 0
1800| 0 0 0
1801| 0 0 0
1802| 0 0 0
1803| 0 0 0
1804| 0 0 0
1805| 0 0 0
1806| 0 0 0
1807| 0 0 0
1808| 0 0 0
1809| 0 0 0
1810| 0 0 0
1811| 0 0 0
1812| 0 0 0
1813| 0 0 0
1814| 0 0 0
1815| 0 0 0
1816| 0 0 0
1817| 0 0 0
1818| 0 0 0
1819| 0 0 0
1820| 0 0 0
1821| 0 0 0
1822| 0 0 0
1823| 0 0 0
1824| 0 0 0
1825| 0 0 0
1826| 0 0 0
1827| 0 0 0
1828| 0 0 0
1829| 0 0 0
1830| 0 0 0
1831| 0 0 0
1832| 0 0 0
1833| 0 0 0
1834| 0 0 0
1835| 0 0 0
1836| 0 0 0
1837| 0 0 0
1838| 0 0 0
1839| 0 0 0
1840| 0 0 0
1841| 0 0 0
1842| 0 0 0
1843| 0 0 0
1844| 0 0 0
1845| 0 0 0
1846| 0 0 0
1847| 0 0 0
1848| 0 0 0
1849| 0 0 0
1850| 0 0 0
1851| 0 0 0
1852| 0 0 0
1853| 0 0 0
1854| 0 0 0
1855| 0 0 0
1856| 0 0 0
1857| 0 0 0
1858| 0 0 0
1859| 0 0 0
1860| 0 0 0
1861| 0 0 0
1862| 0 0 0
1863| 0 0 0
1864| 0 0 0
1865| 0 0 0
1866| 0 0 0
1867| 0 0 0
1868| 0 0 0
1869| 0 0 0
1870| 0 0 0
1871| 0 0 0
1872| 0 0 0
1873| 0 0 0
1874| 0 0 0
1875| 0 0 0
1876| 0 0 0
1877| 0 0 0
1878| 0 0 0
1879| 0 0 0
1880| 0 0 0
1881| 0 0 0
1882| 0 0 0
1883| 0 0 0
1884| 0 0 0
1885| 0 0 0
1886| 0 0 0
1887| 0 0 0
1888| 0 0 0
1889| 0 0 0
1890| 0 0 0
1891| 0 0 0
1892| 0 0 0
1893| 0 0 0
1894| 0 0 0
1895| 0 0 0
1896| 0 0 0
1897| 0 0 0
1898| 0 0 0
1899| 0 0 0
1900| 0 0 0
1901| 0 0 0
1902| 0 0 0
1903| 0 0 0
1904| 0 0 0
1905| 0 0 0
1906| 0 0 0
1907| 0 0 0
1908| 0 0 0
1909| 0 0 0
1910| 0 0 0
1911| 0 0 0
1912| 0 0 0
1913| 0 0 0
1914| 0 0 0
1915| 0 0 0
1916| 0 0 0
1917| 0 0 0
1918| 0 0 0
1919| 0 0 0
1920| 0 0 0
1921| 0 0 0
1922| 0 0 0
1923| 0 0 0
1924| 0 0 0
1925| 0 0 0
1926| 0 0 0
1927| 0 0 0
1928| 0 0 0
1929| 0 0 0
1930| 0 0 0
1931| 0 0 0
1932| 0 0 0
1933| 0 0 0
1934| 0 0 0
1935| 0 0 0
1936| 0 0 0
1937| 0 0 0
1938| 0 0 0
1939| 0 0 0
1940| 0 0 0
1941| 0 0 0
1942| 0 0 0
1943| 0 0 0
1944| 0 0 0
1945| 0 0 0
1946| 0 0 0
1947| 0 0 0
1948| 0 0 0
1949| 0 0 0
1950| 0 0 0
1951| 0 0 0
1952| 0 0 0
1953| 0 0 0
1954| 0 0 0
1955| 0 0 0
1956| 0 0 0
1957| 0 0 0
1958| 0 0 0
1959| 0 0 0
1960| 0 0 0
1961| 0 0 0
1962| 0 0 0
1963| 0 0 0
1964| 0 0 0
1965| 0 0 0
1966| 0 0 0
1967| 0 0 0
1968| 0 0 0
1969| 0 0 0
1970| 0 0 0
1971| 0 0 0
1972| 0 0 0
1973| 0 0 0
1974| 0 0 0
1975| 0 0 0
1976| 0 0 0
1977| 0 0 0
1978| 0 0 0
1979| 0 0 0
1980| 0 0 0
1981| 0 0 0
1982| 0 0 0
1983| 0 0 0
1984| 0 0 0
1985| 0 0 0
1986| 0 0 0
1987| 0 0 0
1988| 0 0 0
1989| 0 0 0
1990| 0 0 0
1991| 0 0 0
1992| 0 0 0
1993| 0 0 0
1994| 0 0 0
1995| 0 0 0
1996| 0 0 0
1997| 0 0 0
1998| 0 0 0
1999| 0 0 0
2000| 0 0 0
2001| 0 0 0
2002| 0 0 0
2003| 0 0 0
2004| 0 0 0
2005| 0 0 0
2006| 0 0 0
2007| 0 0 0
2008| 0 0 0
2009| 0 0 0
2010| 0 0 0
2011| 0 0 0
2012| 0 0 0
2013| 0 0 0
2014| 0 0 0
2015| 0 0 0
2016| 0 0 0
2017| 0 0 0
2018| 0 0 0
2019| 0 0 0
2020| 0 0 0
2021| 0 0 0
2022| 0 0 0
2023| 0 0 0
2024| 0 0 0
2025| 0 0 0
2026| 0 0 0
2027| 0 0 0
2028| 0 0 0
2029| 0 0 0
2030| 0 0 0
2031| 0 0 0
2032| 0 0 0
2033| 0 0 0
2034| 0 0 0
2035| 0 0 0

