1| 0 0 0
2| 0 0 0
3| 0 0 0
4| 0 0 0
5| 0 0 0
6| 0 0 0
7| 0 0 0
8| 0 0 0
9| 0 0 0
10| 0 0 0
11| 0 0 0
12| 0 0 0
13| 0 0 0
14| 0 0 0
15| 0 0 0
16| 0 0 0
17| 0 0 0
18| 0 0 0
19| 0 0 0
20| 0 0 0
21| 0 0 0
22| 0 0 0
23| 0 0 0
24| 0 0 0
25| 0 0 0
26| 0 0 0
27| 0 0 0
28| 0 0 0
29| 0 0 0
30| 0 0 0
31| 0 0 0
32| 0 0 0
33| 0 0 0
34| 0 0 0
35| 0 0 0
36| 0 0 0
37| 0 0 0
38| 0 0 0
39| 0 0 0
40| 0 0 0
41| 0 0 0
42| 0 0 0
43| 0 0 0
44| 0 0 0
45| 0 0 0
46| 0 0 0
47| 0 0 0
48| 0 0 0
49| 0 0 0
50| 0 0 0
51| 0 0 0
52| 0 0 0
53| 0 0 0
54| 0 0 0
55| 0 0 0
56| 0 0 0
57| 0 0 0
58| 0 0 0
59| 0 0 0
60| 0 0 0
61| 0 0 0
62| 0 0 0
63| 0 0 0
64| 0 0 0
65| 0 0 0
66| 0 0 0
67| 0 0 0
68| 0 0 0
69| 0 0 0
70| 0 0 0
71| 0 0 0
72| 0 0 0
73| 0 0 0
74| 0 0 0
75| 0 0 0
76| 0 0 0
77| 0 0 0
78| 0 0 0
79| 0 0 0
80| 0 0 0
81| 0 0 0
82| 0 0 0
83| 0 0 0
84| 0 0 0
85| 0 0 0
86| 0 0 0
87| 0 0 0
88| 0 0 0
89| 0 0 0
90| 0 0 0
91| 0 0 0
92| 0 0 0
93| 0 0 0
94| 0 0 0
95| 0 0 0
96| 0 0 0
97| 0 0 0
98| 0 0 0
99| 0 0 0
100| 0 0 0
101| 0 0 0
102| 0 0 0
103| 0 0 0
104| 0 0 0
105| 0 0 0
106| 0 0 0
107| 0 0 0
108| 0 0 0
109| 0 0 0
110| 0 0 0
111| 0 0 0
112| 0 0 0
113| 0 0 0
114| 0 0 0
115| 0 0 0
116| 0 0 0
117| 0 0 0
118| 0 0 0
119| 0 0 0
120| 0 0 0
121| 0 0 0
122| 0 0 0
123| 0 0 0
124| 0 0 0
125| 0 0 0
126| 0 0 0
127| 0 0 0
128| 0 0 0
129| 0 0 0
130| 0 0 0
131| 0 0 0
132| 0 0 0
133| 0 0 0
134| 0 0 0
135| 0 0 0
136| 0 0 0
137| 0 0 0
138| 0 0 0
139| 0 0 0
140| 0 0 0
141| 0 0 0
142| 0 0 0
143| 0 0 0
144| 0 0 0
145| 0 0 0
146| 0 0 0
147| 0 0 0
148| 0 0 0
149| 0 0 0
150| 0 0 0
151| 0 0 0
152| 0 0 0
153| 0 0 0
154| 0 0 0
155| 0 0 0
156| 0 0 0
157| 0 0 0
158| 0 0 0
159| 0 0 0
160| 0 0 0
161| 0 0 0
162| 0 0 0
163| 0 0 0
164| 0 0 0
165| 0 0 0
166| 0 0 0
167| 0 0 0
168| 0 0 0
169| 0 0 0
170| 0 0 0
171| 0 0 0
172| 0 0 0
173| 0 0 0
174| 0 0 0
175| 0 0 0
176| 0 0 0
177| 0 0 0
178| 0 0 0
179| 0 0 0
180| 0 0 0
181| 0 0 0
182| 0 0 0
183| 0 0 0
184| 0 0 0
185| 0 0 0
186| 0 0 0
187| 0 0 0
188| 0 0 0
189| 0 0 0
190| 0 0 0
191| 0 0 0
192| 0 0 0
193| 0 0 0
194| 0 0 0
195| 0 0 0
196| 0 0 0
197| 0 0 0
198| 0 0 0
199| 0 0 0
200| 0 0 0
201| 0 0 0
202| 0 0 0
203| 0 0 0
204| 0 0 0
205| 0 0 0
206| 0 0 0
207| 0 0 0
208| 0 0 0
209| 0 0 0
210| 0 0 0
211| 0 0 0
212| 0 0 0
213| 0 0 0
214| 0 0 0
215| 0 0 0
216| 0 0 0
217| 0 0 0
218| 0 0 0
219| 0 0 0
220| 0 0 0
221| 0 0 0
222| 0 0 0
223| 0 0 0
224| 0 0 0
225| 0 0 0
226| 0 0 0
227| 0 0 0
228| 0 0 0
229| 0 0 0
230| 0 0 0
231| 0 0 0
232| 0 0 0
233| 0 0 0
234| 0 0 0
235| 0 0 0
236| 0 0 0
237| 0 0 0
238| 0 0 0
239| 0 0 0
240| 0 0 0
241| 0 0 0
242| 0 0 0
243| 0 0 0
244| 0 0 0
245| 0 0 0
246| 0 0 0
247| 0 0 0
248| 0 0 0
249| 0 0 0
250| 0 0 0
251| 0 0 0
252| 0 0 0
253| 0 0 0
254| 0 0 0
255| 0 0 0
256| 0 0 0
257| 0 0 0
258| 0 0 0
259| 0 0 0
260| 0 0 0
261| 0 0 0
262| 0 0 0
263| 0 0 0
264| 0 0 0
265| 0 0 0
266| 0 0 0
267| 0 0 0
268| 0 0 0
269| 0 0 0
270| 0 0 0
271| 0 0 0
272| 0 0 0
273| 0 0 0
274| 0 0 0
275| 0 0 0
276| 0 0 0
277| 0 0 0
278| 0 0 0
279| 0 0 0
280| 0 0 0
281| 0 0 0
282| 0 0 0
283| 0 0 0
284| 0 0 0
285| 0 0 0
286| 0 0 0
287| 0 0 0
288| 0 0 0
289| 0 0 0
290| 0 0 0
291| 0 0 0
292| 0 0 0
293| 0 0 0
294| 0 0 0
295| 0 0 0
296| 0 0 0
297| 0 0 0
298| 0 0 0
299| 0 0 0
300| 0 0 0
301| 0 0 0
302| 0 0 0
303| 0 0 0
304| 0 0 0
305| 0 0 0
306| 0 0 0
307| 0 0 0
308| 0 0 0
309| 0 0 0
310| 0 0 0
311| 0 0 0
312| 0 0 0
313| 0 0 0
314| 0 0 0
315| 0 0 0
316| 0 0 0
317| 0 0 0
318| 0 0 0
319| 0 0 0
320| 0 0 0
321| 0 0 0
322| 0 0 0
323| 0 0 0
324| 0 0 0
325| 0 0 0
326| 0 0 0
327| 0 0 0
328| 0 0 0
329| 0 0 0
330| 0 0 0
331| 0 0 0
332| 0 0 0
333| 0 0 0
334| 0 0 0
335| 0 0 0
336| 0 0 0
337| 0 0 0
338| 0 0 0
339| 0 0 0
340| 0 0 0
341| 0 0 0
342| 0 0 0
343| 0 0 0
344| 0 0 0
345| 0 0 0
346| 0 0 0
347| 0 0 0
348| 0 0 0
349| 0 0 0
350| 0 0 0
351| 0 0 0
352| 0 0 0
353| 0 0 0
354| 0 0 0
355| 0 0 0
356| 0 0 0
357| 0 0 0
358| 0 0 0
359| 0 0 0
360| 0 0 0
361| 0 0 0
362| 0 0 0
363| 0 0 0
364| 0 0 0
365| 0 0 0
366| 0 0 0
367| 0 0 0
368| 0 0 0
369| 0 0 0
370| 0 0 0
371| 0 0 0
372| 0 0 0
373| 0 0 0
374| 0 0 0
375| 0 0 0
376| 0 0 0
377| 0 0 0
378| 0 0 0
379| 0 0 0
380| 0 0 0
381| 0 0 0
382| 0 0 0
383| 0 0 0
384| 0 0 0
385| 0 0 0
386| 0 0 0
387| 0 0 0
388| 0 0 0
389| 0 0 0
390| 0 0 0
391| 0 0 0
392| 0 0 0
393| 0 0 0
394| 0 0 0
395| 0 0 0
396| 0 0 0
397| 0 0 0
398| 0 0 0
399| 0 0 0
400| 0 0 0
401| 0 0 0
402| 0 0 0
403| 0 0 0
404| 0 0 0
405| 0 0 0
406| 0 0 0
407| 0 0 0
408| 0 0 0
409| 0 0 0
410| 0 0 0
411| 0 0 0
412| 0 0 0
413| 0 0 0
414| 0 0 0
415| 0 0 0
416| 0 0 0
417| 0 0 0
418| 0 0 0
419| 0 0 0
420| 0 0 0
421| 0 0 0
422| 0 0 0
423| 0 0 0
424| 0 0 0
425| 0 0 0
426| 0 0 0
427| 0 0 0
428| 0 0 0
429| 0 0 0
430| 0 0 0
431| 0 0 0
432| 0 0 0
433| 0 0 0
434| 0 0 0
435| 0 0 0
436| 0 0 0
437| 0 0 0
438| 0 0 0
439| 0 0 0
440| 0 0 0
441| 0 0 0
442| 0 0 0
443| 0 0 0
444| 0 0 0
445| 0 0 0
446| 0 0 0
447| 0 0 0
448| 0 0 0
449| 0 0 0
450| 0 0 0
451| 0 0 0
452| 0 0 0
453| 0 0 0
454| 0 0 0
455| 0 0 0
456| 0 0 0
457| 0 0 0
458| 0 0 0
459| 0 0 0
460| 0 0 0
461| 0 0 0
462| 0 0 0
463| 0 0 0
464| 0 0 0
465| 0 0 0
466| 0 0 0
467| 0 0 0
468| 0 0 0
469| 0 0 0
470| 0 0 0
471| 0 0 0
472| 0 0 0
473| 0 0 0
474| 0 0 0
475| 0 0 0
476| 0 0 0
477| 0 0 0
478| 0 0 0
479| 0 0 0
480| 0 0 0
481| 0 0 0
482| 0 0 0
483| 0 0 0
484| 0 0 0
485| 0 0 0
486| 0 0 0
487| 0 0 0
488| 0 0 0
489| 0 0 0
490| 0 0 0
491| 0 0 0
492| 0 0 0
493| 0 0 0
494| 0 0 0
495| 0 0 0
496| 0 0 0
497| 0 0 0
498| 0 0 0
499| 0 0 0
500| 0 0 0
501| 0 0 0
502| 0 0 0
503| 0 0 0
504| 0 0 0
505| 0 0 0
506| 0 0 0
507| 0 0 0
508| 0 0 0
509| 0 0 0
510| 0 0 0
511| 0 0 0
512| 0 0 0
513| 0 0 0
514| 0 0 0
515| 0 0 0
516| 0 0 0
517| 0 0 0
518| 0 0 0
519| 0 0 0
520| 0 0 0
521| 0 0 0
522| 0 0 0
523| 0 0 0
524| 0 0 0
525| 0 0 0
526| 0 0 0
527| 0 0 0
528| 0 0 0
529| 0 0 0
530| 0 0 0
531| 0 0 0
532| 0 0 0
533| 0 0 0
534| 0 0 0
535| 0 0 0
536| 0 0 0
537| 0 0 0
538| 0 0 0
539| 0 0 0
540| 0 0 0
541| 0 0 0
542| 0 0 0
543| 0 0 0
544| 0 0 0
545| 0 0 0
546| 0 0 0
547| 0 0 0
548| 0 0 0
549| 0 0 0
550| 0 0 0
551| 0 0 0
552| 0 0 0
553| 0 0 0
554| 0 0 0
555| 0 0 0
556| 0 0 0
557| 0 0 0
558| 0 0 0
559| 0 0 0
560| 0 0 0
561| 0 0 0
562| 0 0 0
563| 0 0 0
564| 0 0 0
565| 0 0 0
566| 0 0 0
567| 0 0 0
568| 0 0 0
569| 0 0 0
570| 0 0 0
571| 0 0 0
572| 0 0 0
573| 0 0 0
574| 0 0 0
575| 0 0 0
576| 0 16 0
577| 0 48 0
578| 0 64 0
579| 0 79,99999 0
580| 0 95,99999 0
581| 0 112 0
582| 0 144 0
583| 0 160 0
584| 0 176 0
585| 0 192 0
586| 0 208 0
587| 0 240 0
588| 0 256 0
589| 0 272 0
590| 0 288 0
591| 0 304 0
592| 0 336 0
593| 0 352,0001 0
594| 0 368,0001 0
595| 0 384,0001 0
596| 0 400 0
597| 0 400 0
598| 0 400 0
599| 0 400 0
600| 0 400 0
601| 0 400 0
602| 0 400 0
603| 0 400 0
604| 0 400 0
605| 0 400 0
606| 0 400 0
607| 0 400 0
608| 0 400 0
609| 0 400 0
610| 0 400 0
611| 0 400 0
612| 0 400 0
613| 0 400 0
614| 0 400 0
615| 0 400 0
616| 0 400 0
617| 0 400 0
618| 0 400 0
619| 0 400 0
620| 0 400 0
621| 0 400 0
622| 0 400 0
623| 0 400 0
624| 0 400 0
625| 0 400 0
626| 0 400 0
627| 0 400 0
628| 0 400 0
629| 0 400 0
630| 0 400 0
631| 0 400 0
632| 0 400 0
633| 0 400 0
634| 0 400 0
635| 0 400 0
636| 0 400 0
637| 0 400 0
638| 0 400 0
639| 0 400 0
640| 0 400 0
641| 0 400 0
642| 0 400 0
643| 0 400 0
644| 0 400 0
645| 0 400 0
646| 0 400 0
647| 0 400 0
648| 0 400 0
649| 0 400 0
650| 0 400 0
651| 0 400 0
652| 0 400 0
653| 0 400 0
654| 0 400 0
655| 0 400 0
656| 0 400 0
657| 0 400 0
658| 0 400 0
659| 0 400 0
660| 0 400 0
661| 0 400 0
662| 0 400 0
663| 0 400 0
664| 0 400 0
665| 0 400 0
666| 0 400 0
667| 0 400 0
668| 0 400 0
669| 0 400 0
670| 0 400 0
671| 0 400 0
672| 0 400 0
673| 0 400 0
674| 0 400 0
675| 0 400 0
676| 0 400 0
677| 0 400 0
678| 0 400 0
679| 0 400 0
680| 0 400 0
681| 0 400 0
682| 0 400 0
683| 0 400 0
684| 0 400 0
685| 0 400 0
686| 0 400 0
687| 0 400 0
688| 0 400 0
689| 0 400 0
690| 0 400 0
691| 0 400 0
692| 0 400 0
693| 0 400 0
694| 0 400 0
695| 0 400 0
696| 0 400 0
697| 0 400 0
698| 0 400 0
699| 0 400 0
700| 0 400 0
701| 0 400 0
702| 0 400 0
703| 0 400 0
704| 0 400 0
705| 0 400 0
706| 0 400 0
707| 0 400 0
708| 0 400 0
709| 0 400 0
710| 0 400 0
711| 0 400 0
712| 0 400 0
713| 0 400 0
714| 0 400 0
715| 0 400 0
716| 0 400 0
717| 0 400 0
718| 0 400 0
719| 0 400 0
720| 0 400 0
721| 0 400 0
722| 0 400 0
723| 0 400 0
724| 0 400 0
725| 0 400 0
726| 0 400 0
727| 0 400 0
728| 0 400 0
729| 0 400 0
730| 0 400 0
731| 0 400 0
732| 0 400 0
733| 0 400 0
734| 0 400 0
735| 0 400 0
736| 0 400 0
737| 0 400 0
738| 0 400 0
739| 0 400 0
740| 0 400 0
741| 0 400 0
742| 0 400 0
743| 0 400 0
744| 0 400 0
745| 0 400 0
746| 0 400 0
747| 0 400 0
748| 0 400 0
749| 0 400 0
750| 0 400 0
751| 0 400 0
752| 0 400 0
753| 0 400 0
754| 0 400 0
755| 0 400 0
756| 0 400 0
757| 0 400 0
758| 0 400 0
759| 0 400 0
760| 0 400 0
761| 0 400 0
762| 0 400 0
763| 0 400 0
764| 0 400 0
765| 0 400 0
766| 0 400 0
767| 0 400 0
768| 0 400 0
769| 0 400 0
770| 0 400 0
771| 0 400 0
772| 0 400 0
773| 0 400 0
774| 0 400 0
775| 0 400 0
776| 0 400 0
777| 0 400 0
778| 0 400 0
779| 0 400 0
780| 0 400 0
781| 0 400 0
782| 0 400 0
783| 0 400 0
784| 0 400 0
785| 0 400 0
786| 0 400 0
787| 0 400 0
788| 0 400 0
789| 0 400 0
790| 0 400 0
791| 0 400 0
792| 0 400 0
793| 0 400 0
794| 0 400 0
795| 0 400 0
796| 0 400 0
797| 0 400 0
798| 0 400 0
799| 0 400 0
800| 0 400 0
801| 0 400 0
802| 0 400 0
803| 0 400 0
804| 0 400 0
805| 0 400 0
806| 0 400 0
807| 0 400 0
808| 0 400 0
809| 0 400 0
810| 0 400 0
811| 0 400 0
812| 0 400 0
813| 0 400 0
814| 0 400 0
815| 0 400 0
816| 0 400 0
817| 0 400 0
818| 0 400 0
819| 0 400 0
820| 0 400 0
821| 0 400 0
822| 0 400 0
823| 0 400 0
824| 0 400 0
825| 0 400 0
826| 0 400 0
827| 0 400 0
828| 0 400 0
829| 0 400 0
830| 0 400 0
831| 0 400 0
832| 0 400 0
833| 0 400 0
834| 0 400 0
835| 0 400 0
836| 0 400 0
837| 0 400 0
838| 0 400 0
839| 0 400 0
840| 0 400 0
841| 0 400 0
842| 0 400 0
843| 0 400 0
844| 0 400 0
845| 0 400 0
846| 0 400 0
847| 0 400 0
848| 0 400 0
849| 0 400 0
850| 0 400 0
851| 0 400 0
852| 0 400 0
853| 0 400 0
854| 0 400 0
855| 0 400 0
856| 0 400 0
857| 0 400 0
858| 0 400 0
859| 0 400 0
860| 0 400 0
861| 0 400 0
862| 0 400 0
863| 0 400 0
864| 0 400 0
865| 0 400 0
866| 0 400 0
867| 0 400 0
868| 0 400 0
869| 0 400 0
870| 0 400 0
871| 0 400 0
872| 0 400 0
873| 0 400 0
874| 0 400 0
875| 0 400 0
876| 0 400 0
877| 0 400 0
878| 0 400 0
879| 0 400 0
880| 0 400 0
881| 0 400 0
882| 0 400 0
883| 0 400 0
884| 0 400 0
885| 0 400 0
886| 0 400 0
887| 0 400 0
888| 0 400 0
889| 0 400 0
890| 0 400 0
891| 0 400 0
892| 0 400 0
893| 0 400 0
894| 0 400 0
895| 0 400 0
896| 0 400 0
897| 0 400 0
898| 0 400 0
899| 0 400 0
900| 0 400 0
901| 0 400 0
902| 0 400 0
903| 0 400 0
904| 0 400 0
905| 0 400 0
906| 0 400 0
907| 0 400 0
908| 0 400 0
909| 0 400 0
910| 0 400 0
911| 0 400 0
912| 0 400 0
913| 0 400 0
914| 0 400 0
915| 0 400 0
916| 0 400 0
917| 0 400 0
918| 0 400 0
919| 0 400 0
920| 0 400 0
921| 0 400 0
922| 0 400 0
923| 0 400 0
924| 0 400 0
925| 0 400 0
926| 0 400 0
927| 0 400 0
928| 0 400 0
929| 0 400 0
930| 0 400 0
931| 0 400 0
932| 0 400 0
933| 0 400 0
934| 0 400 0
935| 0 400 0
936| 0 400 0
937| 0 400 0
938| 0 400 0
939| 0 400 0
940| 0 400 0
941| 0 400 0
942| 0 400 0
943| 0 400 0
944| 0 400 0
945| 0 400 0
946| 0 400 0
947| 0 400 0
948| 0 400 0
949| 0 400 0
950| 0 400 0
951| 0 400 0
952| 0 400 0
953| 0 400 0
954| 0 400 0
955| 0 400 0
956| 0 400 0
957| 0 400 0
958| 0 400 0
959| 0 400 0
960| 0 400 0
961| 0 400 0
962| 0 400 0
963| 0 400 0
964| 0 400 0
965| 0 400 0
966| 0 400 0
967| 0 400 0
968| 0 400 0
969| 0 400 0
970| 0 400 0
971| 0 400 0
972| 0 400 0
973| 0 400 0
974| 0 400 0
975| 0 400 0
976| 0 400 0
977| 0 400 0
978| 0 400 0
979| 0 400 0
980| 0 400 0
981| 0 400 0
982| 0 400 0
983| 0 400 0
984| 0 400 0
985| 0 400 0
986| 0 400 0
987| 0 400 0
988| 0 400 0
989| 0 400 0
990| 0 400 0
991| 0 400 0
992| 0 400 0
993| 0 400 0
994| 0 400 0
995| 0 400 0
996| 0 400 0
997| 0 400 0
998| 0 400 0
999| 0 400 0
1000| 0 400 0
1001| 0 400 0
1002| 0 400 0
1003| 0 400 0
1004| 0 400 0
1005| 0 400 0
1006| 0 400 0
1007| 0 400 0
1008| 0 400 0
1009| 0 400 0
1010| 0 400 0
1011| 0 400 0
1012| 0 400 0
1013| 0 400 0
1014| 0 400 0
1015| 0 400 0
1016| 0 400 0
1017| 0 400 0
1018| 0 400 0
1019| 0 400 0
1020| 0 400 0
1021| 0 400 0
1022| 0 400 0
1023| 0 400 0
1024| 0 400 0
1025| 0 400 0
1026| 0 400 0
1027| 0 400 0
1028| 0 400 0
1029| 0 400 0
1030| 0 400 0
1031| 0 400 0
1032| 0 400 0
1033| 0 400 0
1034| 0 400 0
1035| 0 400 0
1036| 0 400 0
1037| 0 400 0
1038| 0 400 0
1039| 0 400 0
1040| 0 400 0
1041| -0,48 400 0
1042| -1,44 400 0
1043| -1,92 400 0
1044| -2,4 400 0
1045| -2,88 400 0
1046| -3,36 400 0
1047| -4,32 400 0
1048| -4,8 400 0
1049| -5,28 400 0
1050| -5,760001 400 0
1051| -6,240001 400 0
1052| -7,200001 400 0
1053| -7,68 400 0
1054| -8,160001 400 0
1055| -8,64 400 0
1056| -9,120001 400 0
1057| -10,08 400 0
1058| -10,56 400 0
1059| -11,04 400 0
1060| -11,52 400 0
1061| -12 400 0
1062| -12,96 400 0
1063| -13,44 400 0
1064| -13,92 400 0
1065| -14,4 400 0
1066| -14,88 400 0
1067| -15,84 400 0
1068| -16,32 400 0
1069| -16,8 400 0
1070| -17,28 400 0
1071| -17,76 400 0
1072| -18,72 400 0
1073| -19,2 400 0
1074| -19,67999 400 0
1075| -20,15999 400 0
1076| -20,63999 400 0
1077| 0 400 0
1078| 0 400 0
1079| 0 400 0
1080| 0 400 0
1081| 0 400 0
1082| 0 400 0
1083| 0 400 0
1084| 0 400 0
1085| 0 400 0
1086| 0 400 0
1087| 0 400 0
1088| 0 400 0
1089| 0 400 0
1090| 0 400 0
1091| 0 400 0
1092| 0 400 0
1093| 0 400 0
1094| 0 400 0
1095| 0 400 0
1096| 0 400 0
1097| 0 400 0
1098| 0 400 0
1099| 0 400 0
1100| 0 400 0
1101| 0 400 0
1102| 0 400 0
1103| 0 400 0
1104| 0 400 0
1105| 0 400 0
1106| 0 400 0
1107| 0 400 0
1108| 0 400 0
1109| 0 400 0
1110| 0 400 0
1111| 0 400 0
1112| 0 400 0
1113| 0 400 0
1114| 0 400 0
1115| 0 400 0
1116| 0 400 0
1117| 0 400 0
1118| 0 400 0
1119| 0 400 0
1120| 0 400 0
1121| 0 400 0
1122| 0 400 0
1123| 0 400 0
1124| 0 400 0
1125| 0 400 0
1126| 0 400 0
1127| 0 400 0
1128| 0 400 0
1129| 0 400 0
1130| 0 400 0
1131| 0 400 0
1132| 0 400 0
1133| 0 400 0
1134| 0 400 0
1135| 0 400 0
1136| 0 400 0
1137| 0 400 0
1138| 0 400 0
1139| 0 400 0
1140| 0 400 0
1141| 0 400 0
1142| 0 400 0
1143| 0 400 0
1144| 0 400 0
1145| 0 400 0
1146| 0 400 0
1147| 0 400 0
1148| 0 400 0
1149| 0 400 0
1150| 0 400 0
1151| 0 400 0
1152| 0 400 0
1153| 0 400 0
1154| 0 400 0
1155| 0 400 0
1156| 0 400 0
1157| 0 400 0
1158| 0 400 0
1159| 0 400 0
1160| 0 400 0
1161| 0 400 0
1162| 0 400 0
1163| 0 400 0
1164| 0 400 0
1165| 0 400 0
1166| 0 400 0
1167| 0 400 0
1168| 0 400 0
1169| 0 400 0
1170| 0 400 0
1171| 0 400 0
1172| 0 400 0
1173| 0 400 0
1174| 0 400 0
1175| 0 400 0
1176| 0 400 0
1177| 0 400 0
1178| 0 400 0
1179| 0 400 0
1180| 0 400 0
1181| 0 400 0
1182| 0 400 0
1183| 0 400 0
1184| 0 400 0
1185| 0 400 0
1186| 0 400 0
1187| 0 400 0
1188| 0 400 0
1189| 0 400 0
1190| 0 400 0
1191| 0 400 0
1192| 0 400 0
1193| 0 400 0
1194| 0 400 0
1195| 0 400 0
1196| 0 400 0
1197| 0 400 0
1198| 0 400 0
1199| 0 400 0
1200| 0 400 0
1201| 0 400 0
1202| 0 400 0
1203| 0 400 0
1204| 0 400 0
1205| 0 400 0
1206| 0 400 0
1207| 0 400 0
1208| 0 400 0
1209| 0 400 0
1210| 0 400 0
1211| 0 400 0
1212| 0 400 0
1213| 0 400 0
1214| 0 400 0
1215| 0 400 0
1216| 0 400 0
1217| 0 400 0
1218| 0 400 0
1219| 0 400 0
1220| 0 400 0
1221| 0 400 0
1222| 0 400 0
1223| 0 400 0
1224| 0 400 0
1225| 0 400 0
1226| 0 400 0
1227| 0 400 0
1228| 0 400 0
1229| 0 400 0
1230| 0 400 0
1231| 0 400 0
1232| 0 400 0
1233| 0 400 0
1234| 0 400 0
1235| 0 400 0
1236| 0 400 0
1237| 0 400 0
1238| 0 400 0
1239| 0 400 0
1240| 0 400 0
1241| 0 400 0
1242| 0 400 0
1243| 0 400 0
1244| 0 400 0
1245| 0 400 0
1246| 0 400 0
1247| 0 400 0
1248| 0 400 0
1249| 0 400 0
1250| 0 400 0
1251| 0 400 0
1252| 0 400 0
1253| 0 400 0
1254| 0 400 0
1255| 0 400 0
1256| 0 400 0
1257| 0 400 0
1258| 0 400 0
1259| 0 400 0
1260| 0 400 0
1261| 0 400 0
1262| 0 400 0
1263| 0 400 0
1264| 0 400 0
1265| 0 400 0
1266| 0 400 0
1267| 0 400 0
1268| 0 400 0
1269| 0 400 0
1270| 0 400 0
1271| 0 400 0
1272| 0 400 0
1273| 0 400 0
1274| 0 400 0
1275| 0 400 0
1276| 0 400 0
1277| 0 400 0
1278| 0 400 0
1279| 0 400 0
1280| 0 400 0
1281| 0 400 0
1282| 0 400 0
1283| 0 400 0
1284| 0 400 0
1285| 0 400 0
1286| 0 400 0
1287| 0 400 0
1288| 0 400 0
1289| 0 400 0
1290| 0 400 0
1291| 0 400 0
1292| 0 400 0
1293| 0 400 0
1294| 0 400 0
1295| 0 400 0
1296| 0 400 0
1297| 0 400 0
1298| 0 400 0
1299| 0 400 0
1300| 0 400 0
1301| 0 400 0
1302| 0 400 0
1303| 0 400 0
1304| 0 400 0
1305| 0 400 0
1306| 0 400 0
1307| 0 400 0
1308| 0 400 0
1309| 0 400 0
1310| 0 400 0
1311| 0 400 0
1312| 0 400 0
1313| 0 400 0
1314| 0 400 0
1315| 0 400 0
1316| 0 400 0
1317| -0,96 400 0
1318| -1,44 400 0
1319| -1,92 400 0
1320| -2,4 400 0
1321| -2,88 400 0
1322| -3,84 400 0
1323| -4,32 400 0
1324| -4,8 400 0
1325| -5,28 400 0
1326| -5,760001 400 0
1327| -6,720001 400 0
1328| -7,200001 400 0
1329| -7,68 400 0
1330| -8,160001 400 0
1331| -8,64 400 0
1332| -9,6 400 0
1333| -10,08 400 0
1334| -10,56 400 0
1335| -11,04 400 0
1336| -11,52 400 0
1337| -12,48 400 0
1338| -12,96 400 0
1339| -13,44 400 0
1340| -13,92 400 0
1341| -14,4 400 0
1342| -15,36 400 0
1343| -15,84 400 0
1344| -16,32 400 0
1345| -16,8 400 0
1346| -17,28 400 0
1347| -18,24 400 0
1348| -18,72 400 0
1349| -19,2 400 0
1350| -19,67999 400 0
1351| -20,15999 400 0
1352| 0 400 0
1353| 0 400 0
1354| 0 400 0
1355| 0 400 0
1356| 0 400 0
1357| 0 400 0
1358| 0 400 0
1359| 0 400 0
1360| 0 400 0
1361| 0 400 0
1362| 0 400 0
1363| 0 400 0
1364| 0 400 0
1365| 0 400 0
1366| 0 400 0
1367| 0 400 0
1368| 0 400 0
1369| 0 400 0
1370| 0 400 0
1371| 0 400 0
1372| 0 400 0
1373| 0 400 0
1374| 0 400 0
1375| 0 400 0
1376| 0 400 0
1377| 0 400 0
1378| 0 400 0
1379| 0 400 0
1380| 0 400 0
1381| 0 400 0
1382| 0 400 0
1383| 0 400 0
1384| 0 400 0
1385| 0 400 0
1386| 0 400 0
1387| 0 400 0
1388| 0 400 0
1389| 0 400 0
1390| 0 400 0
1391| 0 400 0
1392| 0 400 0
1393| 0 400 0
1394| 0 400 0
1395| 0 400 0
1396| 0 400 0
1397| 0 400 0
1398| 0 400 0
1399| 0 400 0
1400| 0 400 0
1401| 0 400 0
1402| 0 400 0
1403| 0 400 0
1404| 0 400 0
1405| 0 400 0
1406| 0 400 0
1407| 0 400 0
1408| 0 400 0
1409| 0 400 0
1410| 0 400 0
1411| 0 400 0
1412| 0 400 0
1413| 0 400 0
1414| 0 400 0
1415| 0 400 0
1416| 0 400 0
1417| 0 400 0
1418| 0 400 0
1419| 0 400 0
1420| 0 400 0
1421| 0 400 0
1422| 0 400 0
1423| 0 400 0
1424| 0 400 0
1425| 0 400 0
1426| 0 400 0
1427| 0 400 0
1428| 0 400 0
1429| 0 400 0
1430| 0 400 0
1431| 0 400 0
1432| 0 400 0
1433| 0 400 0
1434| 0 400 0
1435| 0 400 0
1436| 0 400 0
1437| 0 400 0
1438| 0 400 0
1439| 0 400 0
1440| 0 400 0
1441| 0 400 0
1442| 0 400 0
1443| 0 400 0
1444| 0 400 0
1445| 0 400 0
1446| 0 400 0
1447| 0 400 0
1448| 0 400 0
1449| 0 400 0
1450| 0 400 0
1451| 0 400 0
1452| 0 400 0
1453| 0 400 0
1454| 0 400 0
1455| 0 400 0
1456| 0 400 0
1457| 0 400 0
1458| 0 400 0
1459| 0 400 0
1460| 0 400 0
1461| 0 400 0
1462| 0 400 0
1463| 0 400 0
1464| 0 400 0
1465| 0 400 0
1466| 0 400 0
1467| 0 400 0
1468| 0 400 0
1469| 0 400 0
1470| 0 400 0
1471| 0 400 0
1472| 0 400 0
1473| 0 400 0
1474| 0 400 0
1475| 0 400 0
1476| 0 400 0
1477| 0 400 0
1478| 0 400 0
1479| 0 400 0
1480| 0 400 0
1481| 0 400 0
1482| 0 400 0
1483| 0 400 0
1484| 0 400 0
1485| 0 400 0
1486| 0 400 0
1487| 0 400 0
1488| 0 400 0
1489| 0 400 0
1490| 0 400 0
1491| 0 400 0
1492| 0 400 0
1493| 0 400 0
1494| 0 400 0
1495| 0 400 0
1496| 0 400 0
1497| 0 400 0
1498| 0 400 0
1499| 0 400 0
1500| 0 400 0
1501| 0 400 0
1502| 0 400 0
1503| 0 400 0
1504| 0 400 0
1505| 0 400 0
1506| 0 400 0
1507| 0 400 0
1508| 0 400 0
1509| 0 400 0
1510| 0 400 0
1511| 0 400 0
1512| 0 400 0
1513| 0 400 0
1514| 0 400 0
1515| 0 400 0
1516| 0 400 0
1517| 0 400 0
1518| 0 400 0
1519| 0 400 0
1520| 0 400 0
1521| 0 400 0
1522| 0 400 0
1523| 0 400 0
1524| 0 400 0
1525| 0 400 0
1526| 0 400 0
1527| 0 400 0
1528| 0 400 0
1529| 0 400 0
1530| 0 400 0
1531| 0 400 0
1532| 0 400 0
1533| 0 400 0
1534| 0 400 0
1535| 0 400 0
1536| 0 400 0
1537| 0 400 0
1538| 0 400 0
1539| 0 400 0
1540| 0 400 0
1541| 0 400 0
1542| 0 400 0
1543| 0 400 0
1544| 0 400 0
1545| 0 400 0
1546| 0 400 0
1547| 0 400 0
1548| 0 400 0
1549| 0 400 0
1550| 0 400 0
1551| 0 400 0
1552| 0 400 0
1553| 0 400 0
1554| 0 400 0
1555| 0 400 0
1556| 0 400 0
1557| 0 400 0
1558| 0 400 0
1559| 0 400 0
1560| 0 400 0
1561| 0 400 0
1562| 0 400 0
1563| 0 400 0
1564| 0 400 0
1565| 0 400 0
1566| 0 400 0
1567| 0 400 0
1568| 0 400 0
1569| 0 400 0
1570| 0 400 0
1571| 0 400 0
1572| 0 400 0
1573| 0 400 0
1574| 0 400 0
1575| 0 400 0
1576| 0 400 0
1577| 0 400 0
1578| 0 400 0
1579| 0 400 0
1580| 0 400 0
1581| 0 400 0
1582| 0 400 0
1583| 0 400 0
1584| 0 400 0
1585| 0 400 0
1586| 0 400 0
1587| 0 400 0
1588| 0 400 0
1589| 0 400 0
1590| 0 400 0
1591| 0 400 0
1592| 0 400 0
1593| 0 400 0
1594| 0 400 0
1595| 0 400 0
1596| 0 400 0
1597| 0 400 0
1598| 0 400 0
1599| 0 400 0
1600| 0 400 0
1601| 0 400 0
1602| 0 400 0
1603| 0 400 0
1604| 0 400 0
1605| 0 400 0
1606| 0 400 0
1607| 0 400 0
1608| 0 400 0
1609| 0 400 0
1610| 0 400 0
1611| 0 400 0
1612| 0 400 0
1613| 0 400 0
1614| 0 400 0
1615| 0 400 0
1616| 0 400 0
1617| 0 400 0
1618| 0 400 0
1619| 0 400 0
1620| 0 400 0
1621| 0 400 0
1622| 0 400 0
1623| 0 400 0
1624| 0 400 0
1625| 0 400 0
1626| 0 400 0
1627| 0 400 0
1628| 0 400 0
1629| 0 400 0
1630| 0 400 0
1631| 0 400 0
1632| 0 400 0
1633| 0 400 0
1634| 0 400 0
1635| 0 400 0
1636| 0 400 0
1637| 0 400 0
1638| 0 400 0
1639| 0 400 0
1640| 0 400 0
1641| 0 400 0
1642| 0 400 0
1643| 0 400 0
1644| 0 400 0
1645| 0 400 0
1646| 0 400 0
1647| 0 400 0
1648| 0 400 0
1649| 0 400 0
1650| 0 400 0
1651| 0 400 0
1652| 0 400 0
1653| 0 400 0
1654| 0 400 0
1655| 0 400 0
1656| 0 400 0
1657| 0 400 0
1658| 0 400 0
1659| 0 400 0
1660| 0 400 0
1661| 0 400 0
1662| 0 400 0
1663| 0 400 0
1664| 0 400 0
1665| 0 400 0
1666| 0 400 0
1667| 0 400 0
1668| 0 400 0
1669| 0 400 0
1670| 0 400 0
1671| 0 400 0
1672| 0 400 0
1673| 0 400 0
1674| 0 400 0
1675| 0 400 0
1676| 0 400 0
1677| 0 400 0
1678| 0 400 0
1679| 0 400 0
1680| 0 400 0
1681| 0 400 0
1682| 0 400 0
1683| 0 400 0
1684| 0 400 0
1685| 0 400 0
1686| 0 400 0
1687| 0 400 0
1688| 0 400 0
1689| 0 400 0
1690| 0 400 0
1691| 0 400 0
1692| 0 400 0
1693| 0 400 0
1694| 0 400 0
1695| 0 400 0
1696| 0 400 0
1697| 0 400 0
1698| 0 400 0
1699| 0 400 0
1700| 0 400 0
1701| 0 400 0
1702| 0 400 0
1703| 0 400 0
1704| 0 400 0
1705| 0 400 0
1706| 0 400 0
1707| 0 400 0
1708| 0 400 0
1709| 0 400 0
1710| 0 400 0
1711| 0 400 0
1712| 0 400 0
1713| 0 400 0
1714| 0 400 0
1715| 0 400 0
1716| 0 400 0
1717| 0 400 0
1718| 0 400 0
1719| 0 400 0
1720| 0 400 0
1721| 0 400 0
1722| 0 400 0
1723| 0 400 0
1724| 0 400 0
1725| 0 400 0
1726| 0 400 0
1727| 0 400 0
1728| 0 400 0
1729| 0 400 0
1730| 0 400 0
1731| 0 400 0
1732| 0 400 0
1733| 0 400 0
1734| 0 400 0
1735| 0 400 0
1736| 0 400 0
1737| 0 400 0
1738| 0 400 0
1739| 0 400 0
1740| 0 400 0
1741| 0 400 0
1742| 0 400 0
1743| 0 400 0
1744| 0 400 0
1745| 0 400 0
1746| 0 400 0
1747| 0 400 0
1748| 0 400 0
1749| 0 400 0
1750| 0 400 0
1751| 0 400 0
1752| 0 400 0
1753| 0 400 0
1754| 0 400 0
1755| 0 400 0
1756| 0 400 0
1757| 0 400 0
1758| 0 400 0
1759| 0 400 0
1760| 0 400 0
1761| 0 400 0
1762| 0 400 0
1763| 0 400 0
1764| 0 400 0
1765| 0 400 0
1766| 0 400 0
1767| 0 400 0
1768| 0 400 0
1769| 0 400 0
1770| 0 400 0
1771| 0 400 0
1772| 0 400 0
1773| 0 400 0
1774| 0 400 0
1775| 0 400 0
1776| 0 400 0
1777| 0 400 0
1778| 0 400 0
1779| 0 400 0
1780| 0 400 0
1781| 0 400 0
1782| 0 400 0
1783| 0 400 0
1784| 0 400 0
1785| 0 400 0
1786| 0 400 0
1787| 0 400 0
1788| 0 400 0
1789| 0 400 0
1790| 0 400 0
1791| 0 400 0
1792| 0 400 0
1793| 0 400 0
1794| 0 400 0
1795| 0 400 0
1796| 0 400 0
1797| 0 400 0
1798| 0 400 0
1799| 0 400 0
1800| 0 400 0
1801| 0 400 0
1802| 0 400 0
1803| 0 400 0
1804| 0 400 0
1805| 0 400 0
1806| 0 400 0
1807| 0 400 0
1808| 0 400 0
1809| 0 400 0
1810| 0 400 0
1811| 0 400 0
1812| 0 400 0
1813| 0 400 0
1814| 0 400 0
1815| 0 400 0
1816| 0 400 0
1817| 0 400 0
1818| 0 400 0
1819| 0 400 0
1820| 0 400 0
1821| 0 400 0
1822| 0 400 0
1823| 0 400 0
1824| 0 400 0
1825| 0 400 0
1826| 0 400 0
1827| 0 400 0
1828| 0 400 0
1829| 0 400 0
1830| 0 400 0
1831| 0 400 0
1832| 0 400 0
1833| 0 400 0
1834| 0 400 0
1835| 0 400 0
1836| 0 400 0
1837| 0 400 0
1838| 0 400 0
1839| 0 400 0
1840| 0 400 0
1841| 0 400 0
1842| 0 400 0
1843| 0 400 0
1844| 0 400 0
1845| 0 400 0
1846| 0 400 0
1847| 0 400 0
1848| 0 400 0
1849| 0 400 0
1850| 0 400 0
1851| 0 400 0
1852| 0 400 0
1853| 0 400 0
1854| 0 400 0
1855| 0 400 0
1856| 0 400 0
1857| 0 400 0
1858| 0 400 0
1859| 0 400 0
1860| 0 400 0
1861| 0 400 0
1862| 0 400 0
1863| 0 400 0
1864| 0 400 0
1865| 0 400 0
1866| 0 400 0
1867| 0 400 0
1868| 0 400 0
1869| 0 400 0
1870| 0 400 0
1871| 0 400 0
1872| 0 400 0
1873| 0 400 0
1874| 0 400 0
1875| 0 400 0
1876| 0 400 0
1877| 0 400 0
1878| 0 400 0
1879| 0 400 0
1880| 0 400 0
1881| 0 400 0
1882| 0 400 0
1883| 0 400 0
1884| 0 400 0
1885| 0 400 0
1886| 0 400 0
1887| 0 400 0
1888| 0 400 0
1889| 0 400 0
1890| 0 400 0
1891| 0 400 0
1892| 0 400 0
1893| 0 400 0
1894| 0 400 0
1895| 0 400 0
1896| 0 400 0
1897| 0 400 0
1898| 0 400 0
1899| 0 400 0
1900| 0 400 0
1901| 0 400 0
1902| 0 400 0
1903| 0 400 0
1904| 0 400 0
1905| 0 400 0
1906| 0 400 0
1907| 0 400 0
1908| 0 400 0
1909| 0 400 0
1910| 0 400 0
1911| 0 400 0
1912| 0 400 0
1913| 0 400 0
1914| 0 400 0
1915| 0 400 0
1916| 0 400 0
1917| 0 400 0
1918| 0 400 0
1919| 0 400 0
1920| 0 400 0
1921| 0 400 0
1922| 0 400 0
1923| 0 400 0
1924| 0 400 0
1925| 0 400 0
1926| 0 400 0
1927| 0 400 0
1928| 0 400 0
1929| 0 400 0
1930| 0 400 0
1931| 0 400 0
1932| 0 400 0
1933| 0 400 0
1934| 0 400 0
1935| 0 400 0
1936| 0 400 0
1937| 0 400 0
1938| 0 400 0
1939| 0 400 0
1940| 0 400 0
1941| 0 400 0
1942| 0 400 0
1943| 0 400 0
1944| 0 400 0
1945| 0 400 0
1946| 0 400 0
1947| 0 400 0
1948| 0 400 0
1949| 0 400 0
1950| 0 400 0
1951| 0 400 0
1952| 0 400 0
1953| 0 400 0
1954| 0 400 0
1955| 0 400 0
1956| 0 400 0
1957| 0 400 0
1958| 0 400 0
1959| 0 400 0
1960| 0 400 0
1961| 0 400 0
1962| 0 400 0
1963| 0 400 0
1964| 0 400 0
1965| 0 400 0
1966| 0 400 0
1967| 0 400 0
1968| 0 400 0
1969| 0 400 0
1970| 0 400 0
1971| 0 400 0
1972| 0 400 0
1973| 0 400 0
1974| 0 400 0
1975| 0 400 0
1976| 0 400 0
1977| 0 400 0
1978| 0 400 0
1979| 0 400 0
1980| 0 400 0
1981| 0 400 0
1982| 0 400 0
1983| 0 400 0
1984| 0 400 0
1985| 0 400 0
1986| 0 400 0
1987| 0 400 0
1988| 0 400 0
1989| 0 400 0
1990| 0 400 0
1991| 0 400 0
1992| 0 400 0
1993| 0 400 0
1994| 0 400 0
1995| 0 400 0
1996| 0 400 0
1997| 0 400 0
1998| 0 400 0
1999| 0 400 0
2000| 0 400 0
2001| 0 400 0
2002| 0 400 0
2003| 0 400 0
2004| 0 400 0
2005| 0 400 0
2006| 0 400 0
2007| 0 400 0
2008| 0 400 0
2009| 0 400 0
2010| 0 400 0
2011| 0 400 0
2012| 0 400 0
2013| 0 400 0
2014| 0 400 0
2015| 0 400 0
2016| 0 400 0
2017| 0 400 0
2018| 0 400 0
2019| 0 400 0
2020| 0 400 0
2021| 0 400 0
2022| 0 400 0
2023| 0 400 0
2024| 0 400 0
2025| 0 400 0
2026| 0 400 0
2027| 0 400 0
2028| 0 400 0
2029| 0 400 0
2030| 0 400 0
2031| 0 400 0
2032| 0 400 0
2033| 0 400 0
2034| 0 400 0
2035| 0 400 0
2036| 0 400 0
2037| 0 400 0
2038| 0 400 0
2039| 0 400 0
2040| 0 400 0
2041| 0 400 0
2042| 0 400 0
2043| 0 400 0
2044| 0 400 0
2045| 0 400 0
2046| 0 400 0
2047| 0 400 0
2048| 0 400 0
2049| 0 400 0
2050| 0 400 0
2051| 0 400 0
2052| 0 400 0
2053| 0 400 0
2054| 0 400 0
2055| 0 400 0
2056| 0 400 0
2057| 0 400 0
2058| 0 400 0
2059| 0 400 0
2060| 0 400 0
2061| 0 400 0
2062| 0 400 0
2063| 0 400 0
2064| 0 400 0
2065| 0 400 0
2066| 0 400 0
2067| 0 400 0
2068| 0 400 0
2069| 0 400 0
2070| 0 400 0
2071| 0 400 0
2072| 0 400 0
2073| 0 400 0
2074| 0 400 0
2075| 0 400 0
2076| 0 400 0
2077| 0 400 0
2078| 0 400 0
2079| 0 400 0
2080| 0 400 0
2081| 0 400 0
2082| 0 400 0
2083| 0 400 0
2084| 0 400 0
2085| 0 400 0
2086| 0 400 0
2087| 0 400 0
2088| 0 400 0
2089| 0 400 0
2090| 0 400 0
2091| 0 400 0
2092| 0 400 0
2093| 0 400 0
2094| 0 400 0
2095| 0 400 0
2096| 0 400 0
2097| 0 400 0
2098| 0 400 0
2099| 0 400 0
2100| 0 400 0
2101| 0 400 0
2102| 0 400 0
2103| 0 400 0
2104| 0 400 0
2105| 0 400 0
2106| 0 400 0
2107| 0 400 0
2108| 0 400 0
2109| 0 400 0
2110| 0 400 0
2111| 0 400 0
2112| 0 400 0
2113| 0 400 0
2114| 0 400 0
2115| 0 400 0
2116| 0 400 0
2117| 0 400 0
2118| 0 400 0
2119| 0 400 0
2120| 0 400 0
2121| 0 400 0
2122| 0 400 0
2123| 0 400 0
2124| 0 400 0
2125| 0 400 0
2126| 0 400 0
2127| 0 400 0
2128| 0 400 0
2129| 0 400 0
2130| 0 400 0
2131| 0 400 0
2132| 0 400 0
2133| 0 400 0
2134| 0 400 0
2135| 0 400 0
2136| 0 400 0
2137| 0 400 0
2138| 0 400 0
2139| 0 400 0
2140| 0 400 0
2141| 0 400 0
2142| 0 400 0
2143| 0 400 0
2144| 0 400 0
2145| 0 400 0
2146| 0 400 0
2147| 0 400 0
2148| 0 400 0
2149| 0 400 0
2150| 0 400 0
2151| 0 400 0
2152| 0 400 0
2153| 0 400 0
2154| 0 400 0
2155| 0 400 0
2156| 0 400 0
2157| 0 400 0
2158| 0 400 0
2159| 0 400 0
2160| 0 400 0
2161| 0 400 0
2162| 0 400 0
2163| 0 400 0
2164| 0 400 0
2165| 0 400 0
2166| 0 400 0
2167| 0 400 0
2168| 0 400 0
2169| 0 400 0
2170| 0 400 0
2171| 0 400 0
2172| 0 400 0
2173| 0 400 0
2174| 0 400 0
2175| 0 400 0
2176| 0 400 0
2177| 0 400 0
2178| 0 400 0
2179| 0 400 0
2180| 0 400 0
2181| 0 400 0
2182| 0 400 0
2183| 0 400 0
2184| 0 400 0
2185| 0 400 0
2186| 0 400 0
2187| 0 400 0
2188| 0 400 0
2189| 0 400 0
2190| 0 400 0
2191| 0 400 0
2192| 0 400 0
2193| 0 400 0
2194| 0 400 0
2195| 0 400 0
2196| 0 400 0
2197| 0 400 0
2198| 0 400 0
2199| 0 400 0
2200| 0 400 0
2201| 0 400 0
2202| 0 400 0
2203| 0 400 0
2204| 0 400 0
2205| 0 400 0
2206| 0 400 0
2207| 0 400 0
2208| 0 400 0
2209| 0 400 0
2210| 0 400 0
2211| 0 400 0
2212| 0 400 0
2213| 0 400 0
2214| 0 400 0
2215| 0 400 0
2216| 0 400 0
2217| 0 400 0
2218| 0 400 0
2219| 0 400 0
2220| 0 400 0
2221| 0 400 0
2222| 0 400 0
2223| 0 400 0
2224| 0 400 0
2225| 0 400 0
2226| 0 400 0
2227| 0 400 0
2228| 0 400 0
2229| 0 400 0
2230| 0 400 0
2231| 0 400 0
2232| 0 400 0
2233| 0 400 0
2234| 0 400 0
2235| 0 400 0
2236| 0 400 0
2237| 0 400 0
2238| 0 400 0
2239| 0 400 0
2240| 0 400 0
2241| 0 400 0
2242| 0 400 0
2243| 0 400 0
2244| 0 400 0
2245| 0 400 0
2246| 0 400 0
2247| 0 400 0
2248| 0 400 0
2249| 0 400 0
2250| 0 400 0
2251| 0 400 0
2252| 0 400 0
2253| 0 400 0
2254| 0 400 0
2255| 0 400 0
2256| 0 400 0
2257| 0 400 0
2258| 0 400 0
2259| 0 400 0
2260| 0 400 0
2261| 0 400 0
2262| 0 400 0
2263| 0 400 0
2264| 0 400 0
2265| 0 400 0
2266| 0 400 0
2267| 0 400 0
2268| 0 400 0
2269| 0 400 0
2270| 0 400 0
2271| 0 400 0
2272| 0 400 0
2273| 0 400 0
2274| 0 400 0
2275| 0 400 0
2276| 0 400 0
2277| 0 400 0
2278| 0 400 0
2279| 0 400 0
2280| 0 400 0
2281| 0 400 0
2282| 0 400 0
2283| 0 400 0
2284| 0 400 0
2285| 0 400 0
2286| 0 400 0
2287| 0 400 0
2288| 0 400 0
2289| 0 400 0
2290| 0 400 0
2291| 0 400 0
2292| 0 400 0
2293| 0 400 0
2294| 0 400 0
2295| 0 400 0
2296| 0 400 0
2297| 0 400 0
2298| 0 400 0
2299| 0 400 0
2300| 0 400 0
2301| 0 400 0
2302| 0 400 0
2303| 0 400 0
2304| 0 400 0
2305| 0 400 0
2306| 0 400 0
2307| 0 400 0
2308| 0 400 0
2309| 0 400 0
2310| 0 400 0
2311| 0 400 0
2312| 0 400 0
2313| 0 400 0
2314| 0 400 0
2315| 0 400 0
2316| 0 400 0
2317| 0 400 0
2318| 0 400 0
2319| 0 400 0
2320| 0 400 0
2321| 0 400 0
2322| 0 400 0
2323| 0 400 0
2324| 0 400 0
2325| 0 400 0
2326| 0 400 0
2327| 0 400 0
2328| 0 400 0
2329| 0 400 0
2330| 0 400 0
2331| 0 400 0
2332| 0 400 0
2333| 0 400 0
2334| 0 400 0
2335| 0 400 0
2336| 0 400 0
2337| 0 400 0
2338| 0 400 0
2339| 0 400 0
2340| 0 400 0
2341| 0 400 0
2342| 0 400 0
2343| 0 400 0
2344| 0 400 0
2345| 0 400 0
2346| 0 400 0
2347| 0 400 0
2348| 0 400 0
2349| 0 400 0
2350| 0 400 0
2351| 0 400 0
2352| 0 400 0
2353| 0 400 0
2354| 0 400 0
2355| 0 400 0
2356| 0 400 0
2357| 0 400 0
2358| 0 400 0
2359| 0 400 0
2360| 0 400 0
2361| 0 400 0
2362| 0 400 0
2363| 0 400 0
2364| 0 400 0
2365| 0 400 0
2366| 0 400 0
2367| 0 400 0
2368| 0 400 0
2369| 0 400 0
2370| 0 400 0
2371| 0 400 0
2372| 0 400 0
2373| 0 400 0
2374| 0 400 0
2375| 0 400 0
2376| 0 400 0
2377| 0 400 0
2378| 0 400 0
2379| 0 400 0
2380| 0 400 0
2381| 0 400 0
2382| 0 400 0
2383| 0 400 0
2384| 0 400 0
2385| 0 400 0
2386| 0 400 0
2387| 0 400 0
2388| 0 400 0
2389| 0 400 0
2390| 0 400 0
2391| 0 400 0
2392| 0 400 0
2393| 0 400 0
2394| 0 400 0
2395| 0 400 0
2396| 0 400 0
2397| 0 400 0
2398| 0 400 0
2399| 0 400 0
2400| 0 400 0
2401| 0 400 0
2402| 0 400 0
2403| 0 400 0
2404| 0 400 0
2405| 0 400 0
2406| 0 400 0
2407| 0 400 0
2408| 0 400 0
2409| 0 400 0
2410| 0 400 0
2411| 0 400 0
2412| 0 400 0
2413| 0 400 0
2414| 0 400 0
2415| 0,48 400 0
2416| 0,96 400 0
2417| 1,92 400 0
2418| 2,4 400 0
2419| 2,88 400 0
2420| 3,36 400 0
2421| 3,84 400 0
2422| 4,8 400 0
2423| 5,28 400 0
2424| 5,760001 400 0
2425| 6,240001 400 0
2426| 6,720001 400 0
2427| 7,68 400 0
2428| 8,160001 400 0
2429| 8,64 400 0
2430| 9,120001 400 0
2431| 9,6 400 0
2432| 10,56 400 0
2433| 11,04 400 0
2434| 11,52 400 0
2435| 12 400 0
2436| 12,48 400 0
2437| 13,44 400 0
2438| 13,92 400 0
2439| 14,4 400 0
2440| 14,88 400 0
2441| 15,36 400 0
2442| 16,32 400 0
2443| 16,8 400 0
2444| 17,28 400 0
2445| 17,76 400 0
2446| 18,24 400 0
2447| 19,2 400 0
2448| 0 400 0
2449| 0 400 0
2450| 0 400 0
2451| 0 400 0
2452| 0 400 0
2453| 0 400 0
2454| 0 400 0
2455| 0 400 0
2456| 0 400 0
2457| 0 400 0
2458| 0 400 0
2459| 0 400 0
2460| 0 400 0
2461| 0 400 0
2462| 0 400 0
2463| 0 400 0
2464| 0 400 0
2465| 0 400 0
2466| 0 400 0
2467| 0 400 0
2468| 0 400 0
2469| 0 400 0
2470| 0 400 0
2471| 0 400 0
2472| 0 400 0
2473| 0 400 0
2474| 0 400 0
2475| 0 400 0
2476| 0 400 0
2477| 0 400 0
2478| 0 400 0
2479| 0 400 0
2480| 0 400 0
2481| 0 400 0
2482| 0 400 0
2483| 0 400 0
2484| 0 400 0
2485| 0 400 0
2486| 0 400 0
2487| 0 400 0
2488| 0 400 0
2489| 0 400 0
2490| 0 400 0
2491| 0 400 0
2492| 0 400 0
2493| 0 400 0
2494| 0 400 0
2495| 0 400 0
2496| 0 400 0
2497| 0 400 0
2498| 0 400 0
2499| 0 400 0
2500| 0 400 0
2501| 0 400 0
2502| 0 400 0
2503| 0 400 0
2504| 0 400 0
2505| 0 400 0
2506| 0 400 0
2507| 0 400 0
2508| 0 400 0
2509| 0 400 0
2510| 0 400 0
2511| 0 400 0
2512| 0 400 0
2513| 0 400 0
2514| 0 400 0
2515| 0 400 0
2516| 0 400 0
2517| 0 400 0
2518| 0 400 0
2519| 0 400 0
2520| 0 400 0
2521| 0 400 0
2522| 0 400 0
2523| 0 400 0
2524| 0 400 0
2525| 0 400 0
2526| 0 400 0
2527| 0 400 0
2528| 0 400 0
2529| 0 400 0
2530| 0 400 0
2531| 0 400 0
2532| 0 400 0
2533| 0 400 0
2534| 0 400 0
2535| 0 400 0
2536| 0 400 0
2537| 0 400 0
2538| 0 400 0
2539| 0 400 0
2540| 0 400 0
2541| 0 400 0
2542| 0 400 0
2543| 0 400 0
2544| 0 400 0
2545| 0 400 0
2546| 0 400 0
2547| 0 400 0
2548| 0 400 0
2549| 0 400 0
2550| 0 400 0
2551| 0 400 0
2552| 0 400 0
2553| 0 400 0
2554| 0 400 0
2555| 0 400 0
2556| 0 400 0
2557| 0 400 0
2558| 0 400 0
2559| 0 400 0
2560| 0 400 0
2561| 0 400 0
2562| 0 400 0
2563| 0 400 0
2564| 0 400 0
2565| 0 400 0
2566| 0 400 0
2567| 0 400 0
2568| 0 400 0
2569| 0 400 0
2570| 0 400 0
2571| 0 400 0
2572| 0 400 0
2573| 0 400 0
2574| 0 400 0
2575| 0 400 0
2576| 0 400 0
2577| 0 400 0
2578| 0 400 0
2579| 0 400 0
2580| 0 400 0
2581| 0 400 0
2582| 0 400 0
2583| 0 400 0
2584| 0 400 0
2585| 0 400 0
2586| 0 400 0
2587| 0 400 0
2588| 0 400 0
2589| 0 400 0
2590| 0 400 0
2591| 0 400 0
2592| 0 400 0
2593| 0 400 0
2594| 0 400 0
2595| 0 400 0
2596| 0 400 0
2597| 0 400 0
2598| 0 400 0
2599| 0 400 0
2600| 0 400 0
2601| 0 400 0
2602| 0 400 0
2603| 0 400 0
2604| 0 400 0
2605| 0 400 0
2606| 0 400 0
2607| 0 400 0
2608| 0 400 0
2609| 0 400 0
2610| 0 400 0
2611| 0 400 0
2612| 0 400 0
2613| 0 400 0
2614| 0 400 0
2615| 0 400 0
2616| 0 400 0
2617| 0 400 0
2618| 0 400 0
2619| 0 400 0
2620| 0 400 0
2621| 0 400 0
2622| 0 400 0
2623| 0 400 0
2624| 0 400 0
2625| 0 400 0
2626| 0 400 0
2627| 0 400 0
2628| 0 400 0
2629| 0 400 0
2630| 0 400 0
2631| 0 400 0
2632| 0 400 0
2633| 0 400 0
2634| 0 400 0
2635| 0 400 0
2636| 0 400 0
2637| 0 400 0
2638| 0 400 0
2639| 0 400 0
2640| 0 400 0
2641| 0 400 0
2642| 0 400 0
2643| 0 400 0
2644| 0 400 0
2645| 0 400 0
2646| 0 400 0
2647| 0 400 0
2648| 0 400 0
2649| 0 400 0
2650| 0 400 0
2651| 0 400 0
2652| 0 400 0
2653| 0 400 0
2654| 0 400 0
2655| 0 400 0
2656| 0 400 0
2657| 0 400 0
2658| 0 400 0
2659| 0 400 0
2660| 0 400 0
2661| 0 400 0
2662| 0 400 0
2663| 0 400 0
2664| 0 400 0
2665| 0 400 0
2666| 0 400 0
2667| 0 400 0
2668| 0 400 0
2669| 0 400 0
2670| 0 400 0
2671| 0 400 0
2672| 0 400 0
2673| 0 400 0
2674| 0 400 0
2675| 0 400 0
2676| 0 400 0
2677| 0 400 0
2678| 0 400 0
2679| 0 400 0
2680| 0 400 0
2681| 0 400 0
2682| 0 400 0
2683| 0 400 0
2684| 0 400 0
2685| 0 400 0
2686| 0 400 0
2687| 0 400 0
2688| 0 400 0
2689| 0 400 0
2690| 0 400 0
2691| 0 400 0
2692| 0 400 0
2693| 0 400 0
2694| 0 400 0
2695| 0 400 0
2696| 0 400 0
2697| 0 400 0
2698| 0 400 0
2699| 0 400 0
2700| 0 400 0
2701| 0 400 0
2702| 0 400 0
2703| 0 400 0
2704| 0 400 0
2705| 0 400 0
2706| 0 400 0
2707| 0 400 0
2708| 0 400 0
2709| 0 400 0
2710| 0 400 0
2711| 0 400 0
2712| 0 400 0
2713| 0 400 0
2714| 0 400 0
2715| 0 400 0
2716| 0 400 0
2717| 0 400 0
2718| 0 400 0
2719| 0 400 0
2720| 0 400 0
2721| 0 400 0
2722| 0 400 0
2723| 0 400 0
2724| 0 400 0
2725| 0 400 0
2726| 0 400 0
2727| 0 400 0
2728| 0 400 0
2729| 0 400 0
2730| 0 400 0
2731| 0 400 0
2732| 0 400 0
2733| 0 400 0
2734| 0 400 0
2735| 0 400 0
2736| 0 400 0
2737| 0 400 0
2738| 0 400 0
2739| 0 400 0
2740| 0 400 0
2741| 0 400 0
2742| 0 400 0
2743| 0 400 0
2744| 0 400 0
2745| 0 400 0
2746| 0 400 0
2747| 0 400 0
2748| 0 400 0
2749| 0 400 0
2750| 0 400 0
2751| 0 400 0
2752| 0 400 0
2753| 0 400 0
2754| 0 400 0
2755| 0 400 0
2756| 0 400 0
2757| 0 400 0
2758| 0 400 0
2759| 0 400 0
2760| 0 400 0
2761| 0 400 0
2762| 0 400 0
2763| 0 400 0
2764| 0 400 0
2765| 0 400 0
2766| 0 400 0
2767| 0 400 0
2768| 0 400 0
2769| 0 400 0
2770| 0 400 0
2771| 0 400 0
2772| 0 400 0
2773| 0 400 0
2774| 0 400 0
2775| 0 400 0
2776| 0 400 0
2777| 0 400 0
2778| 0 400 0
2779| 0 400 0
2780| 0 400 0
2781| 0 400 0
2782| 0 400 0
2783| 0 400 0
2784| 0 400 0
2785| 0 400 0
2786| 0 400 0
2787| 0 400 0
2788| 0 400 0
2789| 0 400 0
2790| 0 400 0
2791| 0 400 0
2792| 0 400 0
2793| 0 400 0
2794| 0 400 0
2795| 0 400 0
2796| 0 400 0
2797| 0 400 0
2798| 0 400 0
2799| 0 400 0
2800| 0 400 0
2801| 0 400 0
2802| 0 400 0
2803| 0 400 0
2804| 0 400 0
2805| 0 400 0
2806| 0 400 0
2807| 0 400 0
2808| 0 400 0
2809| 0 400 0
2810| 0 400 0
2811| 0 400 0
2812| 0 400 0
2813| 0 400 0
2814| 0 400 0
2815| 0 400 0
2816| 0 400 0
2817| 0 400 0
2818| 0 400 0
2819| 0 400 0
2820| 0 400 0
2821| 0 400 0
2822| 0 400 0
2823| 0 400 0
2824| 0 400 0
2825| 0 400 0
2826| 0 400 0
2827| 0 400 0
2828| 0 400 0
2829| 0 400 0
2830| 0 400 0
2831| 0 400 0
2832| 0 400 0
2833| 0 400 0
2834| 0 400 0
2835| 0 400 0
2836| 0 400 0
2837| 0 400 0
2838| 0 400 0
2839| 0 400 0
2840| 0 400 0
2841| 0 400 0
2842| 0 400 0
2843| 0 400 0
2844| 0 400 0
2845| 0 400 0
2846| 0 400 0
2847| 0 400 0
2848| 0 400 0
2849| 0 400 0
2850| 0 400 0
2851| 0 400 0
2852| 0 400 0
2853| 0 400 0
2854| 0 400 0
2855| 0 400 0
2856| 0 400 0
2857| 0 400 0
2858| 0 400 0
2859| 0 400 0
2860| 0 400 0
2861| 0 400 0
2862| 0 400 0
2863| 0 400 0
2864| 0 400 0
2865| 0 400 0
2866| 0 400 0
2867| 0 400 0
2868| 0 400 0
2869| 0 400 0
2870| 0 400 0
2871| 0 400 0
2872| 0 400 0
2873| 0 400 0
2874| 0 400 0
2875| 0 400 0
2876| 0 400 0
2877| 0 400 0
2878| 0 400 0
2879| 0 400 0
2880| 0 400 0
2881| 0 400 0
2882| 0 400 0
2883| 0 400 0
2884| 0 400 0
2885| 0 400 0
2886| 0 400 0
2887| 0 400 0
2888| 0 400 0
2889| 0 400 0
2890| 0 400 0
2891| 0 400 0
2892| 0 400 0
2893| 0 400 0
2894| 0 400 0
2895| 0 400 0
2896| 0 400 0
2897| 0 400 0
2898| 0 400 0
2899| 0 400 0
2900| 0 400 0
2901| 0 400 0
2902| 0 400 0
2903| 0 400 0
2904| 0 400 0
2905| 0 400 0
2906| 0 400 0
2907| 0 400 0
2908| 0 400 0
2909| 0 400 0
2910| 0 400 0
2911| 0 400 0
2912| 0 400 0
2913| 0 400 0
2914| 0 400 0
2915| 0 400 0
2916| 0 400 0
2917| 0 400 0
2918| 0 400 0
2919| 0 400 0
2920| 0 400 0
2921| 0 400 0
2922| 0 400 0
2923| 0 400 0
2924| 0 400 0
2925| 0 400 0
2926| 0 400 0
2927| 0 400 0
2928| 0 400 0
2929| 0 400 0
2930| 0 400 0
2931| 0 400 0
2932| 0 400 0
2933| 0 400 0
2934| 0 400 0
2935| 0 400 0
2936| 0 400 0
2937| 0 400 0
2938| 0 400 0
2939| 0 400 0
2940| 0 400 0
2941| 0 400 0
2942| 0 400 0
2943| 0 400 0
2944| 0 400 0
2945| 0 400 0
2946| 0 400 0
2947| 0 400 0
2948| 0 400 0
2949| 0 400 0
2950| 0 400 0
2951| 0 400 0
2952| 0 400 0
2953| 0 400 0
2954| 0 400 0
2955| 0 400 0
2956| 0 400 0
2957| 0 400 0
2958| 0 400 0
2959| 0 400 0
2960| 0 400 0
2961| 0 400 0
2962| 0 400 0
2963| 0 400 0
2964| 0 400 0
2965| 0 400 0
2966| 0 400 0
2967| 0 400 0
2968| 0 400 0
2969| 0 400 0
2970| 0 400 0
2971| 0 400 0
2972| 0 400 0
2973| 0 400 0
2974| 0 400 0
2975| 0 400 0
2976| 0 400 0
2977| 0 400 0
2978| 0 400 0
2979| 0 400 0
2980| 0 400 0
2981| 0 400 0
2982| 0 400 0
2983| 0 400 0
2984| 0 400 0
2985| 0 400 0
2986| 0 400 0
2987| 0 400 0
2988| 0 400 0
2989| 0 400 0
2990| 0 400 0
2991| 0 400 0
2992| 0 400 0
2993| 0 400 0
2994| 0 400 0
2995| 0 400 0
2996| 0 400 0
2997| 0 400 0
2998| 0 400 0
2999| 0 400 0
3000| 0 400 0
3001| 0 400 0
3002| 0 400 0
3003| 0 400 0
3004| 0 400 0
3005| 0 400 0
3006| 0 400 0
3007| 0 400 0
3008| 0 400 0
3009| 0 400 0
3010| 0 400 0
3011| 0 400 0
3012| 0 400 0
3013| 0 400 0
3014| 0 400 0
3015| 0 400 0
3016| 0 400 0
3017| 0 400 0
3018| 0 400 0
3019| 0 400 0
3020| 0 400 0
3021| 0 400 0
3022| 0 400 0
3023| 0 400 0
3024| 0 400 0
3025| 0 400 0
3026| 0 400 0
3027| 0 400 0
3028| 0 400 0
3029| 0 400 0
3030| 0 400 0
3031| 0 400 0
3032| 0 400 0
3033| 0 400 0
3034| 0 400 0
3035| 0 400 0
3036| 0 400 0
3037| 0 400 0
3038| 0 400 0
3039| 0 400 0
3040| 0 400 0
3041| 0 400 0
3042| 0 400 0
3043| 0 400 0
3044| 0 400 0
3045| 0 400 0
3046| 0 400 0
3047| 0 400 0
3048| 0 400 0
3049| 0 400 0
3050| 0 400 0
3051| 0 400 0
3052| 0 400 0
3053| 0 400 0
3054| 0 400 0
3055| 0 400 0
3056| 0 400 0
3057| 0 400 0
3058| 0 400 0
3059| 0 400 0
3060| 0 400 0
3061| 0 400 0
3062| 0 400 0
3063| 0 400 0
3064| 0 400 0
3065| 0 400 0
3066| 0 400 0
3067| 0 400 0
3068| 0 400 0
3069| 0 400 0
3070| 0 400 0
3071| 0 400 0
3072| 0 400 0
3073| 0 400 0
3074| 0 400 0
3075| 0 400 0
3076| 0 400 0
3077| 0 400 0
3078| 0 400 0
3079| 0 400 0
3080| 0 400 0
3081| 0 400 0
3082| 0 400 0
3083| 0 400 0
3084| 0 400 0
3085| 0 400 0
3086| 0 400 0
3087| 0 400 0
3088| 0 400 0
3089| 0 400 0
3090| 0 400 0
3091| 0 400 0
3092| 0 400 0
3093| 0 400 0
3094| 0 400 0
3095| 0 400 0
3096| 0 400 0
3097| 0 400 0
3098| 0 400 0
3099| 0 400 0
3100| 0 400 0
3101| 0 400 0
3102| 0 400 0
3103| 0 400 0
3104| 0 400 0
3105| 0 400 0
3106| 0 400 0
3107| 0 400 0
3108| 0 400 0
3109| 0 400 0
3110| 0 400 0
3111| 0 400 0
3112| 0 400 0
3113| 0 400 0
3114| 0 400 0
3115| 0 400 0
3116| 0 400 0
3117| 0 400 0
3118| 0 400 0
3119| 0 400 0
3120| 0 400 0
3121| 0 400 0
3122| 0 400 0
3123| 0 400 0
3124| 0 400 0
3125| 0 400 0
3126| 0 400 0
3127| 0 400 0
3128| 0 400 0
3129| 0 400 0
3130| 0 400 0
3131| 0 400 0
3132| 0 400 0
3133| 0 400 0
3134| 0 400 0
3135| 0 400 0
3136| 0 400 0
3137| 0 400 0
3138| 0 400 0
3139| 0 400 0
3140| 0 400 0
3141| 0 400 0
3142| 0 400 0
3143| 0 400 0
3144| 0 400 0
3145| 0 400 0
3146| 0 400 0
3147| 0 400 0
3148| 0 400 0
3149| 0 400 0
3150| 0 400 0
3151| 0 400 0
3152| 0 400 0
3153| 0 400 0
3154| 0 400 0
3155| 0 400 0
3156| 0 400 0
3157| 0 400 0
3158| 0 400 0
3159| 0 400 0
3160| 0 400 0
3161| 0 400 0
3162| 0 400 0
3163| 0 400 0
3164| 0 400 0
3165| 0 400 0
3166| 0 400 0
3167| 0 400 0
3168| 0 400 0
3169| 0 400 0
3170| 0 400 0
3171| 0 400 0
3172| 0 400 0
3173| 0 400 0
3174| 0 400 0
3532| 0 400 0
3533| 0 400 0
3534| 0 400 0
3535| 0 400 0
3536| 0 400 0
3537| 0 400 0
3538| 0 400 0
3539| 0 400 0
3540| 0 400 0
3541| 0 400 0
3542| 0 400 0
3543| 0 400 0
3544| 0 400 0
3545| 0 400 0
3546| 0 400 0
3547| 0 400 0
3548| 0 400 0
3549| 0 400 0
3550| 0 400 0
3551| 0 400 0
3552| 0 400 0
3553| 0 400 0
3554| 0 400 0
3555| 0 400 0
3556| 0 400 0
3557| 0 400 0
3558| 0 400 0
3559| 0 400 0
3560| 0 400 0
3561| 0 400 0
3562| 0 400 0
3563| 0 400 0
3564| 0 400 0
3565| 0 400 0
3566| 0 400 0
3567| 0 400 0
3568| 0 400 0
3569| 0 400 0
3570| 0 400 0
3571| 0 400 0
3572| 0 400 0
3573| 0 400 0
3574| 0 400 0
3575| 0 400 0
3576| 0 400 0
3577| 0 400 0
3578| 0 400 0
3579| 0 400 0
3580| 0 400 0
3581| 0 400 0
3582| 0 400 0
3583| 0 400 0
3584| 0 400 0
3585| 0 400 0
3586| 0 400 0
3587| 0 400 0
3588| 0 400 0
3589| 0 400 0
3590| 0 400 0
3591| 0 400 0
3592| 0 400 0
3593| 0 400 0
3594| 0 400 0
3595| 0 400 0
3596| 0 400 0
3597| 0 400 0
3598| 0 400 0
3599| 0 400 0
3600| 0 400 0
3601| 0 400 0
3602| 0 400 0
3603| 0 400 0
3604| 0 400 0
3605| 0 400 0
3606| 0 400 0
3607| 0 400 0
3608| 0 400 0
3609| 0 400 0
3610| 0 400 0
3611| 0 400 0
3612| 0 400 0
3613| 0 400 0
3614| 0 400 0
3615| 0 400 0
3616| 0 400 0
3617| 0 400 0
3618| 0 400 0
3619| 0 400 0
3620| 0 400 0
3621| 0 400 0
3622| 0 400 0
3623| 0 400 0
3624| 0 400 0
3625| 0 400 0
3626| 0 400 0
3627| 0 400 0
3628| 0 400 0
3629| 0 400 0
3630| 0 400 0
3631| 0 400 0
3632| 0 400 0
3633| 0 400 0
3634| 0 400 0
3635| 0 400 0
3636| 0 400 0
3637| 0 400 0
3638| 0 400 0
3639| 0 400 0
3640| 0 400 0
3641| 0 400 0
3642| 0 400 0
3643| 0 400 0
3644| 0 400 0
3645| 0 400 0
3646| 0 400 0
3647| 0 400 0
3648| 0 400 0
3649| 0 400 0
3650| 0 400 0
3651| 0 400 0
3652| 0 400 0
3653| 0 400 0
3654| 0 400 0
3655| 0 400 0
3656| 0 400 0
3657| 0 400 0
3658| 0 400 0
3659| 0 400 0
3660| 0 400 0
3661| 0 400 0
3662| 0 400 0
3663| 0 400 0
3664| 0 400 0
3665| 0 400 0
3666| 0 400 0
3667| 0 400 0
3668| 0 400 0
3669| 0 400 0
3670| 0 400 0
3671| 0 400 0
3672| 0 400 0
3673| 0 400 0
3674| 0 400 0
3675| 0 400 0
3676| 0 400 0
3677| 0 400 0
3678| 0 400 0
3679| 0 400 0
3680| 0 400 0
3681| 0 400 0
3682| 0 400 0
3683| 0 400 0
3684| 0 400 0
3685| 0 400 0
3686| 0 400 0
3687| 0 400 0
3688| 0 400 0
3689| 0 400 0
3690| 0 400 0
3691| 0 400 0
3692| 0 400 0
3693| 0 400 0
3694| 0 400 0
3695| 0 400 0
3696| 0 400 0
3697| 0 400 0
3698| 0 400 0
3699| 0 400 0
3700| 0 400 0
3701| 0 400 0
3702| 0 400 0
3703| 0 400 0
3704| 0 400 0
3705| 0 400 0
3706| 0 400 0
3707| 0 400 0
3708| 0 400 0
3709| 0 400 0
3710| 0 400 0
3711| 0 400 0
3712| 0 400 0
3713| 0 400 0
3714| 0 400 0
3715| 0 400 0
3716| 0 400 0
3717| 0 400 0
3718| 0 400 0
3719| 0 400 0
3720| 0 400 0
3721| 0 400 0
3722| 0 400 0
3723| 0 400 0
3724| 0 400 0
3725| 0 400 0
3726| 0 400 0
3727| 0 400 0
3728| 0 400 0
3729| 0 400 0
3730| 0 400 0
3731| 0 400 0
3732| 0 400 0
3733| 0 400 0
3734| 0 400 0
3735| 0 400 0
3736| 0 400 0
3737| 0 400 0
3738| 0 400 0
3739| 0 400 0
3740| 0 400 0
3741| 0 400 0
3742| 0 400 0
3743| 0 400 0
3744| 0 400 0
3745| 0 400 0
3746| 0 400 0
3747| 0 400 0
3748| 0 400 0
3749| 0 400 0
3750| 0 400 0
3751| 0 400 0
3752| 0 400 0
3753| 0 400 0
3754| 0 400 0
3755| 0 400 0
3756| 0 400 0
3757| 0 400 0
3758| 0 400 0
3759| 0 400 0
3760| 0 400 0
3761| 0 400 0
3762| 0 400 0
3763| 0 400 0
3764| 0 400 0
3765| 0 400 0
3766| 0 400 0
3767| 0 400 0
3768| 0 400 0
3769| 0 400 0
3770| 0 400 0
3771| 0 400 0
3772| 0 400 0
3773| 0 400 0
3774| 0 400 0
3775| 0 400 0
3776| 0 400 0
3777| 0 400 0
3778| 0 400 0
3779| 0 400 0
3780| 0 400 0
3781| 0 400 0
3782| 0 400 0
3783| 0 400 0
3784| 0 400 0
3785| 0 400 0
3786| 0 400 0
3787| 0 400 0
3788| 0 400 0
3789| 0 400 0
3790| 0 400 0
3791| 0 400 0
3792| 0 400 0
3793| 0 400 0
3794| 0 400 0
11569| 0 400 0
11570| 0 400 0
11571| 0 400 0
11572| 0 400 0
11573| 0 400 0
11574| 0 400 0
11575| 0 400 0
11576| 0 400 0
11577| 0 400 0
11578| 0 400 0
11579| 0 400 0
11580| 0 400 0
11581| 0 400 0
11582| 0 400 0
11583| 0 400 0
11584| 0 400 0
11585| 0 400 0
11586| 0 400 0
11587| 0 400 0
11588| 0 400 0
11589| 0 400 0
11590| 0 400 0
11591| 0 400 0
11592| 0 400 0
11593| 0 400 0
11594| 0 400 0
11595| 0 400 0
11596| 0 400 0
11597| 0 400 0
11598| 0 400 0
11599| 0 400 0
11600| 0 400 0
11601| 0 400 0
11602| 0 400 0
11603| 0 400 0
11604| 0 400 0
11605| 0 400 0
11606| 0 400 0
11607| 0 400 0
11608| 0 400 0
11609| 0 400 0
11610| 0 400 0
11611| 0 400 0
11612| 0 400 0
11613| 0 400 0
11614| 0 400 0
11615| 0 400 0
11616| 0 400 0
11617| 0 400 0
11618| 0 400 0
11619| 0 400 0
11620| 0 400 0
11621| 0 400 0
11622| 0 400 0
11623| 0 400 0
11624| 0 400 0
11625| 0 400 0
11626| 0 400 0
11627| 0 400 0
11628| 0 400 0
11629| 0 400 0
11630| 0 400 0
11631| 0 400 0
11632| 0 400 0
11633| 0 400 0
11634| 0 400 0
11635| 0 400 0
11636| 0 400 0
11637| 0 400 0
11638| 0 400 0
11639| 0 400 0
11640| 0 400 0
11641| 0 400 0
11642| 0 400 0
11643| 0 400 0
11644| 0 400 0
11645| 0 400 0
11646| 0 400 0
11647| 0 400 0
11648| 0 400 0
11649| 0 400 0
11650| 0 400 0
11651| 0 400 0
11652| 0 400 0
11653| 0 400 0
11654| 0 400 0
11655| 0 400 0
11656| 0 400 0
11657| 0 400 0
11658| 0 400 0
11659| 0 400 0
11660| 0 400 0
11661| 0 400 0
11662| 0 400 0
11663| 0 400 0
11664| 0 400 0
11665| 0 400 0
11666| 0 400 0
11667| 0 400 0
11668| 0 400 0
11669| 0 400 0
11670| 0 400 0
11671| 0 400 0
11672| 0 400 0
11673| 0 400 0
11674| 0 400 0
11675| 0 400 0
11676| 0 400 0
11677| 0 400 0
11678| 0 400 0
11679| 0 400 0
11680| 0 400 0
11681| 0 400 0
11682| 0 400 0
11683| 0 400 0
11684| 0 400 0
11685| 0 400 0
11686| 0 400 0
11687| 0 400 0
11688| 0 400 0
11689| 0 400 0
11690| 0 400 0
11691| 0 400 0
11692| 0 400 0
11693| 0 400 0
11694| 0 400 0
11695| 0 400 0
11696| 0 400 0
11697| 0 400 0
11698| 0 400 0
11699| 0 400 0
11700| 0 400 0
11701| 0 400 0
11702| 0 400 0
11703| 0 400 0
11704| 0 400 0
11705| 0 400 0
11706| 0 400 0
11707| 0 400 0
11708| 0 400 0
11709| 0 400 0
11710| 0 400 0
11711| 0 400 0
11712| 0 400 0
11713| 0 400 0
11714| 0 400 0
11715| 0 400 0
11716| 0 400 0
11717| 0 400 0
11718| 0 400 0
11719| 0 400 0
11720| 0 400 0
11721| 0 400 0
11722| 0 400 0
11723| 0 400 0
11724| 0 400 0
11725| 0 400 0
11726| 0 400 0
11727| 0 400 0
11728| 0 400 0
11729| 0 400 0
11730| 0 400 0
11731| 0 400 0
11732| 0 400 0
11733| 0 400 0
11734| 0 400 0
11735| 0 400 0
11736| 0 400 0
11737| 0 400 0
11738| 0 400 0
11739| 0 400 0
11740| 0 400 0
11741| 0 400 0
11742| 0 400 0
11743| 0 400 0
11744| 0 400 0
11745| 0 400 0
11746| 0 400 0
11747| 0 400 0
11748| 0 400 0
11749| 0 400 0
11750| 0 400 0
11751| 0 400 0
11752| 0 400 0
11753| 0 400 0
11754| 0 400 0
11755| 0 400 0
11756| 0 400 0
11757| 0 400 0
11758| 0 400 0
11759| 0 400 0
11760| 0 400 0
11761| 0 400 0
11762| 0 400 0
11763| 0 400 0
11764| 0 400 0
11765| 0 400 0
11766| 0 400 0
11767| 0 400 0
11768| 0 400 0
11769| 0 400 0
11770| 0 400 0
11771| 0 400 0
11772| 0 400 0
11773| 0 400 0
11774| 0 400 0
11775| 0 400 0
11776| 0 400 0
11777| 0 400 0
11778| 0 400 0
11779| 0 400 0
11780| 0 400 0
11781| 0 400 0
11782| 0 400 0
11783| 0 400 0
11784| 0 400 0
11785| 0 400 0
11786| 0 400 0
11787| 0 400 0
11788| 0 400 0
11789| 0 400 0
11790| 0 400 0
11791| 0 400 0
11792| 0 400 0
11793| 0 400 0
11794| 0 400 0
11795| 0 400 0
11796| 0 400 0
11797| 0 400 0
11798| 0 400 0
11799| 0 400 0
11800| 0 400 0
11801| 0 400 0
11802| 0 400 0
11803| 0 400 0
11804| 0 400 0
11805| 0 400 0
11806| 0 400 0
11807| 0 400 0
11808| 0 400 0
11809| 0 400 0
11810| 0 400 0
11811| 0 400 0
11812| 0 400 0
11813| 0 400 0
11814| 0 400 0
11815| 0 400 0
11816| 0 400 0
11817| 0 400 0
11818| 0 400 0
11819| 0 400 0
11820| 0 400 0
11821| 0 400 0
11822| 0 400 0
11823| 0 400 0
11824| 0 400 0
11825| 0 400 0
11826| 0 400 0
11827| 0 400 0
11828| 0 400 0
11829| 0 400 0
11830| 0 400 0
11831| 0 400 0
11832| 0 400 0
11833| 0 400 0
11834| 0 400 0
11835| 0 400 0
11836| 0 400 0
11837| 0 400 0
11838| 0 400 0
11839| 0 400 0
11840| 0 400 0
11841| 0 400 0
11842| 0 400 0
11843| 0 400 0
11844| 0 400 0
11845| 0 400 0
11846| 0 400 0
11847| 0 400 0
11848| 0 400 0
11849| 0 400 0
11850| 0 400 0
11851| 0 400 0
11852| 0 400 0
11853| 0 400 0
11854| 0 400 0
11855| 0 400 0
11856| 0 400 0
11857| 0 400 0
11858| 0 400 0
11859| 0 400 0
11860| 0 400 0
11861| 0 400 0
11862| 0 400 0
11863| 0 400 0
11864| 0 400 0
11865| 0 400 0
11866| 0 400 0
11867| 0 400 0
11868| 0 400 0
11869| 0 400 0
11870| 0 400 0
11871| 0 400 0
11872| 0 400 0
11873| 0 400 0
11874| 0 400 0
11875| 0 400 0
11876| 0 400 0
11877| 0 400 0
11878| 0 400 0
11879| 0 400 0
11880| 0 400 0
11881| 0 400 0
11882| 0 400 0
11883| 0 400 0
11884| 0 400 0
11885| 0 400 0
11886| 0 400 0
11887| 0 400 0
11888| 0 400 0
11889| 0 400 0
11890| 0 400 0
11891| 0 400 0
11892| 0 400 0
11893| 0 400 0
11894| 0 400 0
11895| 0 400 0
11896| 0 400 0
11897| 0 400 0
11898| 0 400 0
11899| 0 400 0
11900| 0 400 0
11901| 0 400 0
11902| 0 400 0
11903| 0 400 0
11904| 0 400 0
11905| 0 400 0
11906| 0 400 0
11907| 0 400 0
11908| 0 400 0
11909| 0 400 0
11910| 0 400 0
11911| 0 400 0
11912| 0 400 0
11913| 0 400 0
11914| 0 400 0
11915| 0 400 0
11916| 0 400 0
11917| 0 400 0
11918| 0 400 0
11919| 0 400 0
11920| 0 400 0
11921| 0 400 0
11922| 0 400 0
11923| 0 400 0
11924| 0 400 0
11925| 0 400 0
11926| 0 400 0
11927| 0 400 0
11928| 0 400 0
11929| 0 400 0
11930| 0 400 0
11931| 0 400 0
11932| 0 400 0
11933| 0 400 0
11934| 0 400 0
11935| 0 400 0
11936| 0 400 0
11937| 0 400 0
11938| 0 400 0
11939| 0 400 0
11940| 0 400 0
11941| 0 400 0
11942| 0 400 0
11943| 0 400 0
11944| 0 400 0
11945| 0 400 0
11946| 0 400 0
11947| 0 400 0
11948| 0 400 0
11949| 0 400 0
11950| 0 400 0
11951| 0 400 0
11952| 0 400 0
11953| 0 400 0
11954| 0 400 0
11955| 0 400 0
11956| 0 400 0
11957| 0 400 0
11958| 0 400 0
11959| 0 400 0
11960| 0 400 0
11961| 0 400 0
11962| 0 400 0
11963| 0 400 0
11964| 0 400 0
11965| 0 400 0
11966| 0 400 0
11967| 0 400 0
11968| 0 400 0
11969| 0 400 0
11970| 0 400 0
11971| 0 400 0
11972| 0 400 0
11973| 0 400 0
11974| 0 400 0
11975| 0 400 0
11976| 0 400 0
11977| 0 400 0
11978| 0 400 0
11979| 0 400 0
11980| 0 400 0
11981| 0 400 0
11982| 0 400 0
11983| 0 400 0
11984| 0 400 0
11985| 0 400 0
11986| 0 400 0
11987| 0 400 0
11988| 0 400 0
11989| 0 400 0
11990| 0 400 0
11991| 0 400 0
11992| 0 400 0
11993| 0 400 0
11994| 0 400 0
11995| 0 400 0
11996| 0 400 0
11997| 0 400 0
11998| 0 400 0
11999| 0 400 0
12000| 0 400 0
12001| 0 400 0
12002| 0 400 0
12003| 0 400 0
12004| 0 400 0
12005| 0 400 0
12006| 0 400 0
12007| 0 400 0
12008| 0 400 0
12009| 0 400 0
12010| 0 400 0
12011| 0 400 0
12012| 0 400 0
12013| 0 400 0
12014| 0 400 0
12015| 0 400 0
12016| 0 400 0
12017| 0 400 0
12018| 0 400 0
12019| 0 400 0
12020| 0 400 0
12021| 0 400 0
12022| 0 400 0
12023| 0 400 0
12024| 0 400 0
12025| 0 400 0
12026| 0 400 0
12027| 0 400 0
12028| 0 400 0
12029| 0 400 0
12030| 0 400 0
12031| 0 400 0
12032| 0 400 0
12033| 0 400 0
12034| 0 400 0
12035| 0 400 0
12036| 0 400 0
12037| 0 400 0
12038| 0 400 0
12039| 0 400 0
12040| 0 400 0
12041| 0 400 0
12042| 0 400 0
12043| 0 400 0
12044| 0 400 0
12045| 0 400 0
12046| 0 400 0
12047| 0 400 0
12048| 0 400 0
12049| 0 400 0
12050| 0 400 0
12051| 0 400 0
12052| 0 400 0
12053| 0 400 0
12054| 0 400 0
12055| 0 400 0
12056| 0 400 0
12057| 0 400 0
12058| 0 400 0
12059| 0 400 0
12060| 0 400 0
12061| 0 400 0
12062| 0 400 0
12063| 0 400 0
12064| 0 400 0
12065| 0 400 0
12066| 0 400 0
12067| 0 400 0
12068| 0 400 0
12069| 0 400 0
12070| 0 400 0
12071| 0 400 0
12072| 0 400 0
12073| 0 400 0
12074| 0 400 0
12075| 0 400 0
12076| 0 400 0
12077| 0 400 0
12078| 0 400 0
12079| 0 400 0
12080| 0 400 0
12081| 0 400 0
12082| 0 400 0
12083| 0 400 0
12084| 0 400 0
12085| 0 400 0
12086| 0 400 0
12087| 0 400 0
12088| 0 400 0
12089| 0 400 0
12090| 0 400 0
12091| 0 400 0
12092| 0 400 0
12093| 0 400 0
12094| 0 400 0
12095| 0 400 0
12096| 0 400 0
12097| 0 400 0
12098| 0 400 0
12099| 0 400 0
12100| 0 400 0
12101| 0 400 0
12102| 0 400 0
12103| 0 400 0
12104| 0 400 0
12105| 0 400 0
12106| 0 400 0
12107| 0 400 0
12108| 0 400 0
12109| 0 400 0
12110| 0 400 0
12111| 0 400 0
12112| 0 400 0
12113| 0 400 0
12114| 0 400 0
12115| 0 400 0
12116| 0 400 0
12117| 0 400 0
12118| 0 400 0
12119| 0 400 0
12120| 0 400 0
12121| 0 400 0
12122| 0 400 0
12123| 0 400 0
12124| 0 400 0
12125| 0 400 0
12126| 0 400 0
12127| 0 400 0
12128| 0 400 0
12129| 0 400 0
12130| 0 400 0
12131| 0 400 0
12132| 0 400 0
12133| 0 400 0
12134| 0 400 0
12135| 0 400 0
12136| 0 400 0
12137| 0 400 0
12138| 0 400 0
12139| 0 400 0
12140| 0 400 0
12141| 0 400 0
12142| 0 400 0
12143| 0 400 0
12144| 0 400 0
12145| 0 400 0
12146| 0 400 0
12147| 0 400 0
12148| 0 400 0
12149| 0 400 0
12150| 0 400 0
12151| 0 400 0
12152| 0 400 0
12153| 0 400 0
12154| 0 400 0
12155| 0 400 0
12156| 0 400 0
12157| 0 400 0
12158| 0 400 0
12159| 0 400 0
12160| 0 400 0
12161| 0 400 0
12162| 0 400 0
12163| 0 400 0
12164| 0 400 0
12165| 0 400 0
12166| 0 400 0
12167| 0 400 0
12168| 0 400 0
12169| 0 400 0
12170| 0 400 0
12171| 0 400 0
12172| 0 400 0
12173| 0 400 0
12174| 0 400 0
12175| 0 400 0
12176| 0 400 0
12177| 0 400 0
12178| 0 400 0
12179| 0 400 0
12180| 0 400 0
12181| 0 400 0
12182| 0 400 0
12183| 0 400 0
12184| 0 400 0
12185| 0 400 0
12186| 0 400 0
12187| 0 400 0
12188| 0 400 0
12189| 0 400 0
12190| 0 400 0
12191| 0 400 0
12192| 0 400 0
12193| 0 400 0
12194| 0 400 0
12195| 0 400 0
12196| 0 400 0
12197| 0 400 0
12198| 0 400 0
12199| 0 400 0
12200| 0 400 0
12201| 0 400 0
12202| 0 400 0
12203| 0 400 0
12204| 0 400 0
12205| 0 400 0
12206| 0 400 0
12207| 0 400 0
12208| 0 400 0
12209| 0 400 0
12210| 0 400 0
12211| 0 400 0
12212| 0 400 0
12213| 0 400 0
12214| 0 400 0
12215| 0 400 0
12216| 0 400 0
12217| 0 400 0
12218| 0 400 0
12219| 0 400 0
12220| 0 400 0
12221| 0 400 0
12222| 0 400 0
12223| 0 400 0
12224| 0 400 0
12225| 0 400 0
12226| 0 400 0
12227| 0 400 0
12228| 0 400 0
12229| 0 400 0
12230| 0 400 0
12231| 0 400 0
12232| 0 400 0
12233| 0 400 0
12234| 0 400 0
12235| 0 400 0
12236| 0 400 0
12237| 0 400 0
12238| 0 400 0
12239| 0 400 0
12240| 0 400 0
12241| 0 400 0
12242| 0 400 0
12243| 0 400 0
12244| 0 400 0
12245| 0 400 0
12246| 0 400 0
12247| 0 400 0
12248| 0 400 0
12249| 0 400 0
12250| 0 400 0
12251| 0 400 0
12252| 0 400 0
12253| 0 400 0
12254| 0 400 0
12255| 0 400 0
12256| 0 400 0
12257| 0 400 0
12258| 0 400 0
12259| 0 400 0
12260| 0 400 0
12261| 0 400 0
12262| 0 400 0
12263| 0 400 0
12264| 0 400 0
12265| 0 400 0
12266| 0 400 0
12267| 0 400 0
12268| 0 400 0
12269| 0 400 0
12270| 0 400 0
12271| 0 400 0
12272| 0 400 0
12273| 0 400 0
12274| 0 400 0
12275| 0 400 0
12276| 0 400 0
12277| 0 400 0
12278| 0 400 0
12279| 0 400 0
12280| 0 400 0
12281| 0 400 0
12282| 0 400 0
12283| 0 400 0
12284| 0 400 0
12285| 0 400 0
12286| 0 400 0
12287| 0 400 0
12288| 0 400 0
12289| 0 400 0
12290| 0 400 0
12291| 0 400 0
12292| 0 400 0
12293| 0 400 0
12294| 0 400 0
12295| 0 400 0
12296| 0 400 0
12297| 0 400 0
12298| 0 400 0
12299| 0 400 0
12300| 0 400 0
12301| 0 400 0
12302| 0 400 0
12303| 0 400 0
12304| 0 400 0
12305| 0 400 0
12306| 0 400 0
12307| 0 400 0
12308| 0 400 0
12309| 0 400 0
12310| 0 400 0
12311| 0 400 0
12312| 0 400 0
12313| 0 400 0
12314| 0 400 0
12315| 0 400 0
12316| 0 400 0
12317| 0 400 0
12318| 0 400 0
12319| 0 400 0
12320| 0 400 0
12321| 0 400 0
12322| 0 400 0
12323| 0 400 0
12324| 0 400 0
12325| 0 400 0
12326| 0 400 0
12327| 0 400 0
12328| 0 400 0
12329| 0 400 0
12330| 0 400 0
12331| 0 400 0
12332| 0 400 0
12333| 0 400 0
12334| 0 400 0
12335| 0 400 0
12336| 0 400 0
12337| 0 400 0
12338| 0 400 0
12339| 0 400 0
12340| 0 400 0
12341| 0 400 0
12342| 0 400 0
12343| 0 400 0
12344| 0 400 0
12345| 0 400 0
12346| 0 400 0
12347| 0 400 0
12348| 0 400 0
12349| 0 400 0
12350| 0 400 0
12351| 0 400 0
12352| 0 400 0
12353| 0 400 0
12354| 0 400 0
12355| 0 400 0
12356| 0 400 0
12357| 0 400 0
12358| 0 400 0
12359| 0 400 0
12360| 0 400 0
12361| 0 400 0
12362| 0 400 0
12363| 0 400 0
12364| 0 400 0
12365| 0 400 0
12366| 0 400 0
12367| 0 400 0
12368| 0 400 0
12369| 0 400 0
12370| 0 400 0
12371| 0 400 0
12372| 0 400 0
12373| 0 400 0
12374| 0 400 0
12375| 0 400 0
12376| 0 400 0
12377| 0 400 0
12378| 0 400 0
12379| 0 400 0
12380| 0 400 0
12381| 0 400 0
12382| 0 400 0
12383| 0 400 0
12384| 0 400 0
12385| 0 400 0
12386| 0 400 0
12387| 0 400 0
12388| 0 400 0
12389| 0 400 0
12390| 0 400 0
12391| 0 400 0
12392| 0 400 0
12393| 0 400 0
12394| 0 400 0
12395| 0 400 0
12396| 0 400 0
12397| 0 400 0
12398| 0 400 0
12399| 0 400 0
12400| 0 400 0
12401| 0 400 0
12402| 0 400 0
12403| 0 400 0
12404| 0 400 0
12405| 0 400 0
12406| 0 400 0
12407| 0 400 0
12408| 0 400 0
12409| 0 400 0
12410| 0 400 0
12411| 0 400 0
12412| 0 400 0
12413| 0 400 0
12414| 0 400 0
12415| 0 400 0
12416| 0 400 0
12417| 0 400 0
12418| 0 400 0
12419| 0 400 0
12420| 0 400 0
12421| 0 400 0
12422| 0 400 0
12423| 0 400 0
12424| 0 400 0
12425| 0 400 0
12426| 0 400 0
12427| 0 400 0
12428| 0 400 0
12429| 0 400 0
12430| 0 400 0
12431| 0 400 0
12432| 0 400 0
12433| 0 400 0
12434| 0 400 0
12435| 0 400 0
12436| 0 400 0
12437| 0 400 0
12438| 0 400 0
12439| 0 400 0
12440| 0 400 0
12441| 0 400 0
12442| 0 400 0
12443| 0 400 0
12444| 0 400 0
12445| 0 400 0
12446| 0 400 0
12447| 0 400 0
12448| 0 400 0
12449| 0 400 0
12450| 0 400 0
12451| 0 400 0
12452| 0 400 0
12453| 0 400 0
12454| 0 400 0
12455| 0 400 0
12456| 0 400 0
12457| 0 400 0
12458| 0 400 0
12459| 0 400 0
12460| 0 400 0
12461| 0 400 0
12462| 0 400 0
12463| 0 400 0
12464| 0 400 0
12465| 0 400 0
12466| 0 400 0
12467| 0 400 0
12468| 0 400 0
12469| 0 400 0
12470| 0 400 0
12471| 0 400 0
12472| 0 400 0
12473| 0 400 0
12474| 0 400 0
12475| 0 400 0
12476| 0 400 0
12477| 0 400 0
12478| 0 400 0
12479| 0 400 0
12480| 0 400 0
12481| 0 400 0
12482| 0 400 0
12483| 0 400 0
12484| 0 400 0
12485| 0 400 0
12486| 0 400 0
12487| 0 400 0
12488| 0 400 0
12489| 0 400 0
12490| 0 400 0
12491| 0 400 0
12492| 0 400 0
12493| 0 400 0
12494| 0 400 0
12495| 0 400 0
12496| 0 400 0
12497| 0 400 0
12498| 0 400 0
12499| 0 400 0
12500| 0 400 0
12501| 0 400 0
12502| 0 400 0
12503| 0 400 0
12504| 0 400 0
12505| 0 400 0
12506| 0 400 0
12507| 0 400 0
12508| 0 400 0
12509| 0 400 0
12510| 0 400 0
12511| 0 400 0
12512| 0 400 0
12513| 0 400 0
12514| 0 400 0
12515| 0 400 0
12516| 0 400 0
12517| 0 400 0
12518| 0 400 0
12519| 0 400 0
12520| 0 400 0
12521| 0 400 0
12522| 0 400 0
12523| 0 400 0
12524| 0 400 0
12525| 0 400 0
12526| 0 400 0
12527| 0 400 0
12528| 0 400 0
12529| 0 400 0
12530| 0 400 0
12531| 0 400 0
12532| 0 400 0
12533| 0 400 0
12534| 0 400 0
12535| 0 400 0
12536| 0 400 0
12537| 0 400 0
12538| 0 400 0
12539| 0 400 0
12540| 0 400 0
12541| 0 400 0
12542| 0 400 0
12543| 0 400 0
12544| 0 400 0
12545| 0 400 0
12546| 0 400 0
12547| 0 400 0
12548| 0 400 0
12549| 0 400 0
12550| 0 400 0
12551| 0 400 0
12552| 0 400 0
12553| 0 400 0
12554| 0 400 0
12555| 0 400 0
12556| 0 400 0
12557| 0 400 0
12558| 0 400 0
12559| 0 400 0
12560| 0 400 0
12561| 0 400 0
12562| 0 0 400
12563| 0 0 400
12564| 0 0 400
12565| 0 0 400
12566| 0 0 400
12567| 0 0 400
12568| 0 0 400
12569| 0 0 400
12570| 0 0 400
12571| 0 0 400
12572| 0 0 400
12573| 0 0 400
12574| 0 0 400
12575| 0 0 400
12576| 0 0 400
12577| 0 0 400
12578| 0 0 400
12579| 0 0 400
12580| 0 0 400
12581| 0 0 400
12582| 0 0 400
12583| 0 0 400
12584| 0 0 400
12585| 0 0 400
12586| 0 0 400
12587| 0 0 400
12588| 0 0 400
12589| 0 0 400
12590| 0 0 400
12591| 0 0 400
12592| 0 0 400
12593| 0 0 400
12594| 0 0 400
12595| 0 0 400
12596| 0 0 400
12597| 0 0 400
12598| 0 0 400
12599| 0 0 400
12600| 0 0 400
12601| 0 0 400
12602| 0 0 400
12603| 0 0 400
12604| 0 0 400
12605| 0 0 400
12606| 0 0 400
12607| 0 0 400
12608| 0 0 400
12609| 0 0 400
12610| 0 0 400
12611| 0 0 400
12612| 0 0 400
12613| 0 0 400
12614| 0 0 400
12615| 0 0 400
12616| 0 0 400
12617| 0 0 400
12618| 0 0 400
12619| 0 0 400
12620| 0 0 400
12621| 0 0 400
12622| 0 0 400
12623| 0 0 400
12624| 0 0 400
12625| 0 0 400
12626| 0 0 400
12627| 0 0 400
12628| 0 0 400
12629| 0 0 400
12630| 0 0 400
12631| 0 0 400
12632| 0 0 400
12633| 0 0 400
12634| 0 0 400
12635| 0 0 400
12636| 0 0 400
12637| 0 0 400
12638| 0 0 400
12639| 0 0 400
12640| 0 0 400
12641| 0 0 400
12642| 0 0 400
12643| 0 0 400
12644| 0 0 400
12645| 0 0 400
12646| 0 0 400
12647| 0 0 400
12648| 0 0 400
12649| 0 0 400
12650| 0 0 400
12651| 0 0 400
12652| 0 0 400
12653| 0 0 400
12654| 0 0 400
12655| 0 0 400
12656| 0 0 400
12657| 0 0 400
12658| 0 0 400
12659| 0 0 400
12660| 0 0 400
12661| 0 0 400
12662| 0 0 400
12663| 0 0 400
12664| 0 0 400
12665| 0 0 400
12666| 0 0 400
12667| 0 0 400
12668| 0 0 400
12669| 0 0 400
12670| 0 0 400
12671| 0 0 400
12672| 0 0 400
12673| 0 0 400
12674| 0 0 400
12675| 0 0 400
12676| 0 0 400
12677| 0 0 400
12678| 0 0 400
12679| 0 0 400
12680| 0 0 400
12681| 0 0 400
12682| 0 0 400
12683| 0 0 400
12684| 0 0 400
12685| 0 0 400
12686| 0 0 400
12687| 0 0 400
12688| 0 0 400
12689| 0 0 400
12690| 0 0 400
12691| 0 0 400
12692| 0 0 400
12693| 0 0 400
12694| 0 0 400
12695| 0 0 400
12696| 0 0 400
12697| 0 0 400
12698| 0 0 400
12699| 0 0 400
12700| 0 0 400
12701| 0 0 400
12702| 0 0 400
12703| 0 0 400
12704| 0 0 400
12705| 0 0 400
12706| 0 0 400
12707| 0 0 400
12708| 0 0 400
12709| 0 0 400
12710| 0 0 400
12711| 0 0 400
12712| 0 0 400
12713| 0 0 400
12714| 0 0 400
12715| 0 0 400
12716| 0 0 400
12717| 0 0 400
12718| 0 0 400
12719| 0 0 400
12720| 0 0 400
12721| 0 0 400
12722| 0 0 400
12723| 0 0 400
12724| 0 0 400
12725| 0 0 400
12726| 0 0 400
12727| 0 0 400
12728| 0 0 400
12729| 0 0 400
12730| 0 0 400
12731| 0 0 400
12732| 0 0 400
12733| 0 0 400
12734| 0 0 400
12735| 0 0 400
12736| 0 0 400
12737| 0 0 400
12738| 0 0 400
12739| 0 0 400
12740| 0 0 400
12741| 0 0 400
12742| 0 0 400
12743| 0 0 400
12744| 0 0 400
12745| 0 0 400
12746| 0 0 400
12747| 0 0 400
12748| 0 0 400
12749| 0 0 400
12750| 0 0 400
12751| 0 0 400
12752| 0 0 400
12753| 0 0 400
12754| 0 0 400
12755| 0 0 400
12756| 0 0 400
12757| 0 0 400
12758| 0 0 400
12759| 0 0 400
12760| 0 0 400
12761| 0 0 400
12762| 0 0 400
12763| 0 0 400
12764| 0 0 400
12765| 0 0 400
12766| 0 0 400
12767| 0 0 400
12768| 0 0 400
12769| 0 0 400
12770| 0 0 400
12771| 0 0 400
12772| 0 0 400
12773| 0 0 400
12774| 0 0 400
12775| 0 0 400
12776| 0 0 400
12777| 0 0 400
12778| 0 0 400
12779| 0 0 400
12780| 0 0 400
12781| 0 0 400
12782| 0 0 400
12783| 0 0 400
12784| 0 0 400
12785| 0 0 400
12786| 0 0 400
12787| 0 0 400
12788| 0 0 400
12789| 0 0 400
12790| 0 0 400
12791| 0 0 400
12792| 0 0 400
12793| 0 0 400
12794| 0 0 400
12795| 0 0 400
12796| 0 0 400
12797| 0 0 400
12798| 0 0 400
12799| 0 0 400
12800| 0 0 400
12801| 0 0 400
12802| 0 0 400
12803| 0 0 400
12804| 0 0 400
12805| 0 0 400
12806| 0 0 400
12807| 0 0 400
12808| 0 0 400
12809| 0 0 400
12810| 0 0 400
12811| 0 0 400
12812| 0 0 400
12813| 0 0 400
12814| 0 0 400
12815| 0 0 400
12816| 0 0 400
12817| 0 0 400
12818| 0 0 400
12819| 0 0 400
12820| 0 0 400
12821| 0 0 400
12822| 0 0 400
12823| 0 0 400
12824| 0 0 400
12825| 0 0 400
12826| 0 0 400
12827| 0 0 400
12828| 0 0 400
12829| 0 0 400
12830| 0 0 400
12831| 0 0 400
12832| 0 0 400
12833| 0 0 400
12834| 0 0 400
12835| 0 0 400
12836| 0 0 400
12837| 0 0 400
12838| 0 0 400
12839| 0 0 400
12840| 0 0 400
12841| 0 0 400
12842| 0 0 400
12843| 0 0 400
12844| 0 0 400
12845| 0 0 400
12846| 0 0 400
12847| 0 0 400
12848| 0 0 400
12849| 0 0 400
12850| 0 0 400
12851| 0 0 400
12852| 0 0 400
12853| 0 0 400
12854| 0 0 400
12855| 0 0 400
12856| 0 0 400
12857| 0 0 400
12858| 0 0 400
12859| 0 0 400
12860| 0 0 400
12861| 0 0 400
12862| 0 0 400
12863| 0 0 400
12864| 0 0 400
12865| 0 0 400
12866| 0 0 400
12867| 0 0 400
12868| 0 0 400
12869| 0 0 400
12870| 0 0 400
12871| 0 0 400
12872| 0 0 400
12873| 0 0 400
12874| 0 0 400
12875| 0 0 400
12876| 0 0 400
12877| 0 0 400
12878| 0 0 400
12879| 0 0 400
12880| 0 0 400
12881| 0 0 400
12882| 0 0 400
12883| 0 0 400
12884| 0 0 400
12885| 0 0 400
12886| 0 0 400
12887| 0 0 400
12888| 0 0 400
12889| 0 0 400
12890| 0 0 400
12891| 0 0 400
12892| 0 0 400
12893| 0 0 400
12894| 0 0 400
12895| 0 0 400
12896| 0 0 400
12897| 0 0 400
12898| 0 0 400
12899| 0 0 400
12900| 0 0 400
12901| 0 0 400
12902| 0 0 400
12903| 0 0 400
12904| 0 0 400
12905| 0 0 400
12906| 0 0 400
12907| 0 0 400
12908| 0 0 400
12909| 0 0 400
12910| 0 0 400
12911| 0 0 400
12912| 0 0 400
12913| 0 0 400
12914| 0 0 400
12915| 0 0 400
12916| 0 0 400
12917| 0 0 400
12918| 0 0 400
12919| 0 0 400
12920| 0 0 400
12921| 0 0 400
12922| 0 0 400
12923| 0 0 400
12924| 0 0 400
12925| 0 0 400
12926| 0 0 400
12927| 0 0 400
12928| 0 0 400
12929| 0 0 400
12930| 0 0 400
12931| 0 0 400
12932| 0 0 400
12933| 0 0 400
12934| 0 0 400
12935| 0 0 400
12936| 0 0 400
12937| 0 0 400
12938| 0 0 400
12939| 0 0 400
12940| 0 0 400
12941| 0 0 400
12942| 0 0 400
12943| 0 0 400
12944| 0 0 400
12945| 0 0 400
12946| 0 0 400
12947| 0 0 400
12948| 0 0 400
12949| 0 0 400
12950| 0 0 400
12951| 0 0 400
12952| 0 0 400
12953| 0 0 400
12954| 0 0 400
12955| 0 0 400
12956| 0 0 400
12957| 0 0 400
12958| 0 0 400
12959| 0 0 400
12960| 0 0 400
12961| 0 0 400
12962| 0 0 400
12963| 0 0 400
12964| 0 0 400
12965| 0 0 400
12966| 0 0 400
12967| 0 0 400
12968| 0 0 400
12969| 0 0 400
12970| 0 0 400
12971| 0 0 400
12972| 0 0 400
12973| 0 0 400
12974| 0 0 400
12975| 0 0 400
12976| 0 0 400
12977| 0 0 400
12978| 0 0 400
12979| 0 0 400
12980| 0 0 400
12981| 0 0 400
12982| 0 0 400
12983| 0 0 400
12984| 0 0 400
12985| 0 0 400
12986| 0 0 400
12987| 0 0 400
12988| 0 0 400
12989| 0 0 400
12990| 0 0 400
12991| 0 0 400
12992| 0 0 400
12993| 0 0 400
12994| 0 0 400
12995| 0 0 400
12996| 0 0 400
12997| 0 0 400
12998| 0 0 400
12999| 0 0 400
13000| 0 0 400
13001| 0 0 400
13002| 0 0 400
13003| 0 0 400
13004| 0 0 400
13005| 0 0 400
13006| 0 0 400
13007| 0 0 400
13008| 0 0 400
13009| 0 0 400
13010| 0 0 400
13011| 0 0 400
13012| 0 0 400
13013| 0 0 400
13014| 0 0 400
13015| 0 0 400
13016| 0 0 400
13017| 0 0 400
13018| 0 0 400
13019| 0 0 400
13020| 0 0 400
13021| 0 0 400
13022| 0 0 400
13023| 0 0 400
13024| 0 0 400
13025| 0 0 400
13026| 0 0 400
13027| 0 0 400
13028| 0 0 400
13029| 0 0 400
13030| 0 0 400
13031| 0 0 400
13032| 0 0 400
13033| 0 0 400
13034| 0 0 400
13035| 0 0 400
13036| 0 0 400
13037| 0 0 400
13038| 0 0 400
13039| 0 0 400
13040| 0 0 400
13041| 0 0 400
13042| 0 0 400
13043| 0 0 400
13044| 0 0 400
13045| 0 0 400
13046| 0 0 400
13047| 0 0 400
13048| 0 0 400
13049| 0 0 400
13050| 0 0 400
13051| 0 0 400
13052| 0 0 400
13053| 0 0 400
13054| 0 0 400
13055| 0 0 400
13056| 0 0 400
13057| 0 0 400
13058| 0 0 400
13059| 0 0 400
13060| 0 0 400
13061| 0 0 400
13062| 0 0 400
13063| 0 0 400
13064| 0 0 400
13065| 0 0 400
13066| 0 0 400
13067| 0 0 400
13068| 0 0 400
13069| 0 0 400
13070| 0 0 400
13071| 0 0 400
13072| 0 0 400
13073| 0 0 400
13074| 0 0 400
13075| 0 0 400
13076| 0 0 400
13077| 0 0 400
13078| 0 0 400
13079| 0 0 400
13080| 0 0 400
13081| 0 0 400
13082| 0 0 400
13083| 0 0 400
13084| 0 0 400
13085| 0 0 400
13086| 0 0 400
13087| 0 0 400
13088| 0 0 400
13089| 0 0 400
13090| 0 0 400
13091| 0 0 400
13092| 0 0 400
13093| 0 0 400
13094| 0 0 400
13095| 0 0 400
13096| 0 0 400
13097| 0 0 400
13098| 0 0 400
13099| 0 0 400
13100| 0 0 400
13101| 0 0 400
13102| 0 0 400
13103| 0 0 400
13104| 0 0 400
13105| 0 0 400
13106| 0 0 400
13107| 0 0 400
13108| 0 0 400
13109| 0 0 400
13110| 0 0 400
13111| 0 0 400
13112| 0 0 400
13113| 0 0 400
13114| 0 0 400
13115| 0 0 400
13116| 0 0 400
13117| 0 0 400
13118| 0 0 400
13119| 0 0 400
13120| 0 0 400
13121| 0 0 400
13122| 0 0 400
13123| 0 0 400
13124| 0 0 400
13125| 0 0 400
13126| 0 0 400
13127| 0 0 400
13128| 0 0 400
13129| 0 0 400
13130| 0 0 400
13131| 0 0 400
13132| 0 0 400
13133| 0 0 400
13134| 0 0 400
13135| 0 0 400
13136| 0 0 400
13137| 0 0 400
13138| 0 0 400
13139| 0 0 400
13140| 0 0 400
13141| 0 0 400
13142| 0 0 400
13143| 0 0 400
13144| 0 0 400
13145| 0 0 400
13146| 0 0 400
13147| 0 0 400
13148| 0 0 400
13149| 0 0 400
13150| 0 0 400
13151| 0 0 400
13152| 0 0 400
13153| 0 0 400
13154| 0 0 400
13155| 0 0 400
13156| 0 0 400
13157| 0 0 400
13158| 0 0 400
13159| 0 0 400
13160| 0 0 400
13161| 0 0 400
13162| 0 0 400
13163| 0 0 400
13164| 0 0 400
13165| 0 0 400
13166| 0 0 400
13167| 0 0 400
13168| 0 0 400
13169| 0 0 400
13170| 0 0 400
13171| 0 0 400
13172| 0 0 400
13173| 0 0 400
13174| 0 0 400
13175| 0 0 400
13176| 0 0 400
13177| 0 0 400
13178| 0 0 400
13179| 0 0 400
13180| 0 0 400
13181| 0 0 400
13182| 0 0 400
13183| 0 0 400
13184| 0 0 400
13185| 0 0 400
13186| 0 0 400
13187| 0 0 400
13188| 0 0 400
13189| 0 0 400
13190| 0 0 400
13191| 0 0 400
13192| 0 0 400
13193| 0 0 400
13194| 0 0 400
13195| 0 0 400
13196| 0 0 400
13197| 0 0 400
13198| 0 0 400
13199| 0 0 400
13200| 0 0 400
13201| 0 0 400
13202| 0 0 400
13203| 0 0 400
13204| 0 0 400
13205| 0 0 400
13206| 0 0 400
13207| 0 0 400
13208| 0 0 400
13209| 0 0 400
13210| 0 0 400
13211| 0 0 400
13212| 0 0 400
13213| 0 0 400
13214| 0 0 400
13215| 0 0 400
13216| 0 0 400
13217| 0 0 400
13218| 0 0 400
13219| 0 0 400
13220| 0 0 400
13221| 0 0 400
13222| 0 0 400
13223| 0 0 400
13224| 0 0 400
13225| 0 0 400
13226| 0 0 400
13227| 0 0 400
13228| 0 0 400
13229| 0 0 400
13230| 0 0 400
13231| 0 0 400
13232| 0 0 400
13233| 0 0 400
13234| 0 0 400

