1| 0 0 0
2| 0 0 0
3| 0 0 0
4| 0 0 0
5| 0 0 0
6| 0 0 0
7| 0 0 0
8| 0 0 0
9| 0 0 0
10| 0 0 0
11| 0 0 0
12| 0 0 0
13| 0 0 0
14| 0 0 0
15| 0 0 0
16| 0 0 0
17| 0 0 0
18| -0,3 0 0
19| -0,6 0 0
20| -0,9 0 0
21| -1,2 0 0
22| -1,5 4 0
23| -1,8 8 0
24| -2,1 12 0
25| -2,4 16 0
26| -2,7 20 0
27| -3 24 0
28| -3,299999 28 0
29| -3,599999 32 0
30| -3,899999 36 0
31| -4,2 40 0
32| -4,5 43,99999 0
33| -4,8 47,99999 0
34| -5,1 51,99999 0
35| -5,4 55,99999 0
36| -5,7 60 0
37| -6 64 0
38| -6,300001 68 0
39| -6,600001 72 0
40| -6,900001 76,00001 0
41| -7,200001 80,00001 0
42| -7,500001 84,00001 0
43| -7,800001 88,00002 0
44| -8,1 92,00002 0
45| -8,4 96,00002 0
46| -8,7 100 0
47| -8,999999 104 0
48| -9,299999 108 0
49| -9,599998 112 0
50| -9,899999 116 0
51| -10,2 120 0
52| -10,5 124 0
53| -10,8 128 0
54| -11,1 132 0
55| -11,4 136 0
56| -11,7 140 0
57| -11,7 144 0
58| -11,7 148 0
59| -11,7 152 0
60| -11,7 156 0
61| -11,7 160 0
62| -11,7 164 0
63| -11,7 168 0
64| -11,7 171,9999 0
65| -11,7 175,9999 0
66| -11,7 179,9999 0
67| -11,7 183,9999 0
68| -11,7 187,9999 0
69| -11,7 191,9999 0
70| -11,7 195,9999 0
71| -11,7 199,9999 0
72| -11,7 203,9999 0
73| -11,7 207,9999 0
74| -11,7 211,9999 0
75| -11,7 215,9999 0
76| -11,7 219,9999 0
77| -11,7 223,9999 0
78| -11,7 227,9999 0
79| -11,7 231,9999 0
80| -11,7 235,9999 0
81| -11,7 239,9999 0
82| -11,7 243,9999 0
83| -11,7 247,9999 0
84| -11,7 251,9999 0
85| -11,7 255,9999 0
86| -11,7 259,9999 0
87| -11,7 263,9999 0
88| -11,7 267,9999 0
89| -11,7 271,9998 0
90| -11,7 275,9998 0
91| -11,7 279,9998 0
92| -11,7 283,9998 0
93| -11,7 287,9998 0
94| -11,7 291,9998 0
95| -11,7 295,9998 0
96| -11,7 299,9998 0
97| -11,7 303,9998 0
98| -11,7 307,9998 0
99| -11,7 311,9998 0
100| -11,7 315,9998 0
101| -11,7 319,9998 0
102| -11,7 323,9998 0
103| -11,7 327,9998 0
104| -11,7 331,9998 0
105| -12 335,9998 0
106| -12,3 339,9998 0
107| -12,6 343,9998 0
108| -12,6 347,9998 0
109| -12,6 351,9998 0
110| -12,6 355,9998 0
111| -12,6 359,9998 0
112| -12,6 363,9998 0
113| -12,9 367,9998 0
114| -13,2 371,9998 0
115| -13,2 375,9998 0
116| -13,2 379,9998 0
117| -13,2 383,9998 0
118| -13,2 387,9998 0
119| -13,2 391,9998 0
120| -13,2 395,9998 0
121| -13,2 399,9997 0
122| -13,2 400 0
123| -13,2 400 0
124| -13,2 400 0
125| -13,2 400 0
126| -13,2 400 0
127| -13,2 400 0
128| -13,2 400 0
129| -13,2 400 0
130| 0 400 0
131| 0,3 400 0
132| 0,6 400 0
133| 0,6 400 0
134| 0,6 400 0
135| 0,9 400 0
136| 1,2 400 0
137| 1,2 400 0
138| 1,2 400 0
139| 1,5 400 0
140| 1,8 400 0
141| 2,1 400 0
142| 2,4 400 0
143| 2,7 400 0
144| 3 400 0
145| 3,299999 400 0
146| 3,599999 400 0
147| 3,899999 400 0
148| 4,2 400 0
149| 4,5 400 0
150| 4,8 400 0
151| 5,1 400 0
152| 5,4 400 0
153| 5,7 400 0
154| 6 400 0
155| 6,300001 400 0
156| 6,600001 400 0
157| 6,900001 400 0
158| 7,200001 400 0
159| 7,500001 400 0
160| 7,500001 400 0
161| 7,500001 400 0
162| 7,500001 400 0
163| 7,500001 400 0
164| 7,500001 400 0
165| 7,500001 400 0
166| 7,500001 400 0
167| 7,500001 400 0
168| 7,500001 400 0
169| 7,500001 400 0
170| 7,500001 400 0
171| 7,500001 400 0
172| 7,500001 400 0
173| 7,500001 400 0
174| 7,500001 400 0
175| 7,500001 400 0
176| 7,500001 400 0
177| 7,500001 400 0
178| 7,500001 400 0
179| 7,500001 400 0
180| 7,500001 400 0
181| 7,500001 400 0
182| 7,500001 400 0
183| 7,500001 400 0
184| 7,500001 400 0
185| 7,500001 400 0
186| 7,500001 400 0
187| 7,500001 400 0
188| 7,500001 400 0
189| 7,500001 400 0
190| 7,500001 400 0
191| 7,500001 400 0
192| 7,500001 400 0
193| 7,500001 400 0
194| 7,500001 400 0
195| 7,500001 400 0
196| 0 400 0
197| -0,3 400 0
198| -0,3 400 0
199| -0,3 400 0
200| -0,3 400 0
201| -0,3 400 0
202| -0,6 400 0
203| -0,9 400 0
204| -0,9 400 0
205| -0,9 400 0
206| -0,9 400 0
207| -1,2 400 0
208| -1,5 400 0
209| -1,8 400 0
210| -1,8 400 0
211| -1,8 400 0
212| -1,8 400 0
213| -1,8 400 0
214| -1,8 400 0
215| -1,8 400 0
216| -1,8 400 0
217| -1,8 400 0
218| -1,8 400 0
219| -1,8 400 0
220| -1,8 400 0
221| -1,8 400 0
222| -1,8 400 0
223| -1,8 400 0
224| -1,8 400 0
225| -1,8 400 0
226| -1,8 400 0
227| -1,8 400 0
228| -1,8 400 0
229| -1,8 400 0
230| -1,8 400 0
231| -1,8 400 0
232| -1,8 400 0
233| -1,8 400 0
234| -1,8 400 0
235| -1,8 400 0
236| -1,8 400 0
237| -1,8 400 0
238| -1,8 400 0
239| -1,8 400 0
240| -1,8 400 0
241| -1,8 400 0
242| -1,8 400 0
243| -1,8 400 0
244| -1,8 400 0
245| -1,8 400 0
246| -1,8 400 0
247| -1,8 400 0
248| -1,8 400 0
249| -1,8 400 0
250| -1,8 400 0
251| -1,8 400 0
252| -1,8 400 0
253| -1,8 400 0
254| -1,8 400 0
255| -1,8 400 0
256| -1,8 400 0
257| -1,8 400 0
258| -1,8 400 0
259| -1,8 400 0
260| -1,8 400 0
261| -1,8 400 0
262| -1,8 400 0
263| -1,8 400 0
264| -1,8 400 0
265| -1,8 400 0
266| -1,8 400 0
267| -1,8 400 0
268| -1,8 400 0
269| -1,8 400 0
270| -1,8 400 0
271| -1,8 400 0
272| -1,8 400 0
273| -1,8 400 0
274| -1,8 400 0
275| -1,8 400 0
276| -1,8 400 0
277| -1,8 400 0
278| -1,8 400 0
279| -1,8 400 0
280| -1,8 400 0
281| -1,8 400 0
282| -1,8 400 0
283| -1,8 400 0
284| -1,8 400 0
285| -1,8 400 0
286| -1,8 400 0
287| -1,8 400 0
288| -1,8 400 0
289| -1,8 400 0
290| -1,8 400 0
291| -1,8 400 0
292| -1,8 400 0
293| -1,8 400 0
294| -1,8 400 0
295| -1,8 400 0
296| -1,8 400 0
297| 0 0 0
298| 0 0 0
299| 0 0 0
300| 0 0 0
301| 0 0 0
302| 0 0 0
303| 0 4 0
304| 0 8 0
305| 0 0 0
306| 0 0 0
307| 0 0 0
308| 0 0 0
309| 0 0 0
310| 0 0 0
311| 0 0 0
312| 0 0 0
313| 0 4 0
314| 0 8 0
315| 0 0 0
316| 0 0 0
317| 0 0 0
318| 0 0 0
319| 0 0 0
320| 0 0 0
321| 0 0 0
322| 0 0 0
323| 0 0 0
324| 0 4 0
325| 0 8 0
326| 0 0 0
327| 0 0 0
328| 0 0 0
329| 0 0 0
330| 0 0 0
331| 0 0 0
332| 0 0 0
333| 0 4 0
334| 0 8 0
335| 0 12 0
336| 0 0 0
337| 0 0 0
338| 0 0 0
339| 0 0 0
340| 0 0 0
341| 0 0 0
342| 0 0 0
343| 0 0 0
344| 0 0 0
345| 0 0 0
346| 0 0 0
347| 0 0 0
348| 0 4 0
349| 0 8 0
350| 0 12 0
351| 0 16 0
352| 0 0 0
353| 0 0 0
354| 0 0 0
355| 0 0 0
356| 0 0 0
357| 0 0 0
358| 0 0 0
359| 0 0 0
360| 0 4 0
361| 0 8 0
362| 0 0 0
363| 0 0 0
364| 0 0 0
365| 0 0 0
366| 0 0 0
367| 0 0 0
368| 0 0 0
369| 0 0 0
370| 0 4 0
371| 0 8 0
372| 0 0 0
373| 0 0 0
374| 0 0 0
375| 0 0 0
376| 0 0 0
377| 0 0 0
378| 0 0 0
379| 0 0 0
380| 0 0 0
381| 0 0 0
382| 0 0 0
383| 0 0 0
384| 0 4 0
385| 0 8 0
386| 0 0 0
387| 0 0 0
388| 0 0 0
389| 0 0 0
390| 0 0 0
391| 0 0 0
392| 0 0 0
393| 0 4 0
394| 0 8 0
395| 0 0 0
396| 0 0 0
397| 0 0 0
398| 0 0 0
399| 0 0 0
400| 0 0 0
401| 0 4 0
402| 0 8 0
403| 0 0 0
404| 0 0 0
405| 0 0 0
406| 0 0 0
407| 0 0 0
408| 0 0 0
409| 0 4 0
410| 0 8 0
411| 0 0 0
412| 0 0 0
413| 0 0 0
414| 0 0 0
415| 0 0 0
416| 0 0 0
417| 0 0 0
418| 0 4 0
419| 0 0 0
420| 0 0 0
421| 0 0 0
422| 0 0 0
423| 0 0 0
424| 0 0 0
425| 0 0 0
426| 0 4 0
427| 0 8 0
428| 0 0 0
429| 0 0 0
430| 0 0 0
431| 0 0 0
432| 0 0 0
433| 0 4 0
434| 0 8 0
435| 0 0 0
436| 0 0 0
437| 0 0 0
438| 0 0 0
439| 0 0 0
440| 0 0 0
441| 0 4 0
442| 0 8 0
443| 0 0 0
444| 0 0 0
445| 0 0 0
446| 0 0 0
447| 0 0 0
448| 0 0 0
449| 0 4 0
450| 0 8 0
451| 0 0 0
452| 0 0 0
453| 0 0 0
454| 0 0 0
455| 0 0 0
456| 0 0 0
457| 0 0 0
458| 0 4 0
459| 0 8 0
460| 0 0 0
461| 0 0 0
462| 0 0 0
463| 0 0 0
464| 0 0 0
465| 0 4 0
466| 0 8 0
467| 0 0 0
468| 0 0 0
469| 0 0 0
470| 0 0 0
471| 0 0 0
472| 0 0 0
473| 0 4 0
474| 0 8 0
475| 0 0 0
476| 0 0 0
477| 0 0 0
478| 0 0 0
479| 0 0 0
480| 0 0 0
481| 0 4 0
482| 0 8 0
483| 0 0 0
484| 0 0 0
485| 0 0 0
486| 0 0 0
487| 0 0 0
488| 0 4 0
489| 0 8 0
490| 0 12 0
491| 0 0 0
492| 0 0 0
493| 0 0 0
494| 0 0 0
495| 0 0 0
496| 0 4 0
497| 0 8 0
498| 0 12 0
499| 0 16 0
500| 0 20 0
501| 0 24 0
502| 0 28 0
503| 0 32 0
504| 0 36 0
505| 0 40 0
506| 0 43,99999 0
507| 0 47,99999 0
508| 0 51,99999 0
509| 0 55,99999 0
510| 0 60 0
511| 0 64 0
512| 0 68 0
513| 0 72 0
514| 0 76,00001 0
515| 0 80,00001 0
516| 0 84,00001 0
517| 0 88,00002 0
518| 0 92,00002 0
519| 0 96,00002 0
520| 0 100 0
521| 0 104 0
522| 0 108 0
523| 0 112 0
524| 0 116 0
525| 0 120 0
526| 0 124 0
527| 0 128 0
528| 0 132 0
529| 0 136 0
530| 0 140 0
531| 0 144 0
532| 0 148 0
533| 0 152 0
534| 0 156 0
535| 0 160 0
536| 0 164 0
537| 0 168 0
538| 0 171,9999 0
539| 0 175,9999 0
540| 0 179,9999 0
541| 0 183,9999 0
542| 0 187,9999 0
543| 0 191,9999 0
544| 0 195,9999 0
545| 0 199,9999 0
546| 0 203,9999 0
547| 0 207,9999 0
548| 0 211,9999 0
549| 0 215,9999 0
550| 0 219,9999 0
551| 0 223,9999 0
552| 0 227,9999 0
553| 0 231,9999 0
554| 0 235,9999 0
555| 0 239,9999 0
556| 0 243,9999 0
557| 0 247,9999 0
558| 0 251,9999 0
559| 0 255,9999 0
560| 0 259,9999 0
561| 0 263,9999 0
562| 0 267,9999 0
563| 0 271,9998 0
564| 0 275,9998 0
565| 0 279,9998 0
566| 0 283,9998 0
567| 0 287,9998 0
568| 0 291,9998 0
569| 0 295,9998 0
570| 0 299,9998 0
571| 0 303,9998 0
572| 0 307,9998 0
573| 0 311,9998 0
574| 0 315,9998 0
575| 0 319,9998 0
576| 0 323,9998 0
577| 0 327,9998 0
578| 0 331,9998 0
579| 0 335,9998 0
580| 0 339,9998 0
581| 0 343,9998 0
582| 0 347,9998 0
583| 0 351,9998 0
584| 0 355,9998 0
585| 0 359,9998 0
586| 0 363,9998 0
587| 0 367,9998 0
588| 0 371,9998 0
589| 0 375,9998 0
590| 0 379,9998 0
591| 0,3 383,9998 0
592| 0,3 387,9998 0
593| 0,3 391,9998 0
594| 0,3 395,9998 0
595| 0,3 399,9997 0
596| 0,3 400 0
597| 0,6 400 0
598| 0,9 400 0
599| 0,9 400 0
600| 0,9 400 0
601| 0,9 400 0
602| 0,9 400 0
603| 0,9 400 0
604| 0,9 400 0
605| 0,9 400 0
606| 0,9 400 0
607| 0,9 400 0
608| 0,9 400 0
609| 0,9 400 0
610| 0,9 400 0
611| 0,9 400 0
612| 0,9 400 0
613| 0,9 400 0
614| 0,9 400 0
615| 0,9 400 0
616| 0,9 400 0
617| 0,9 400 0
618| 1,2 400 0
619| 1,5 400 0
620| 1,5 400 0
621| 1,5 400 0
622| 1,5 400 0
623| 1,5 400 0
624| 1,5 400 0
625| 1,5 400 0
626| 1,5 400 0
627| 1,5 400 0
628| 1,5 400 0
629| 1,5 400 0
630| 1,5 400 0
631| 1,5 400 0
632| 1,5 400 0
633| 1,5 400 0
634| 1,5 400 0
635| 1,5 400 0
636| 1,5 400 0
637| 1,5 400 0
638| 1,5 400 0
639| 1,5 400 0
640| 1,8 400 0
641| 2,1 400 0
642| 2,4 400 0
643| 2,4 400 0
644| 2,4 400 0
645| 2,4 400 0
646| 2,4 400 0
647| 2,4 400 0
648| 2,4 400 0
649| 2,4 400 0
650| 2,4 400 0
651| 2,4 400 0
652| 2,4 400 0
653| 2,4 400 0
654| 2,4 400 0
655| 2,4 400 0
656| 2,4 400 0
657| 2,4 400 0
658| 2,4 400 0
659| 2,4 400 0
660| 2,4 400 0
661| 2,4 400 0
662| 2,4 400 0
663| 2,4 400 0
664| 2,4 400 0
665| 2,4 400 0
666| 2,4 400 0
667| 2,4 400 0
668| 2,4 400 0
669| 2,4 400 0
670| 2,4 400 0
671| 2,4 400 0
672| 2,4 400 0
673| 2,4 400 0
674| 2,4 400 0
675| 2,4 400 0
676| 2,4 400 0
677| 2,4 400 0
678| 2,4 400 0
679| 2,4 400 0
680| 2,4 400 0
681| 2,4 400 0
682| 2,4 400 0
683| 2,4 400 0
684| 2,4 400 0
685| 2,4 400 0
686| 2,4 400 0
687| 2,4 400 0
688| 2,4 400 0
689| 2,4 400 0
690| 2,4 400 0
691| 2,4 400 0
692| 2,4 400 0
693| 2,4 400 0
694| 2,4 400 0
695| 2,4 400 0
696| 2,4 400 0
697| 2,4 400 0
698| 2,4 400 0
699| 2,4 400 0
700| 2,4 400 0
701| 2,4 400 0
702| 2,4 400 0
703| 2,4 400 0
704| 2,4 400 0
705| 2,4 400 0
706| 2,4 400 0
707| 2,4 400 0
708| 2,4 400 0
709| 2,4 400 0
710| 2,4 400 0
711| 2,4 400 0
712| 2,4 400 0
713| 2,4 400 0
714| 2,4 400 0
715| 2,4 400 0
716| 2,4 400 0
717| 2,4 400 0
718| 2,4 400 0
719| 2,4 400 0
720| 2,4 400 0
721| 2,4 400 0
722| 2,4 400 0
723| 2,4 400 0
724| 2,4 400 0
725| 2,4 400 0
726| 2,4 400 0
727| 2,4 400 0
728| 2,4 400 0
729| 2,4 400 0
730| 2,4 400 0
731| 2,4 400 0
732| 2,4 400 0
733| 2,4 400 0
734| 2,4 400 0
735| 2,4 400 0
736| 2,4 400 0
737| 2,4 400 0
738| 2,4 400 0
739| 2,4 400 0
740| 2,4 400 0
741| 2,4 400 0
742| 2,4 400 0
743| 2,4 400 0
744| 2,4 400 0
745| 2,4 400 0
746| 2,4 400 0
747| 2,4 400 0
748| 2,4 400 0
749| 2,4 400 0
750| 2,4 400 0
751| 2,4 400 0
752| 0 400 0
753| -0,3 400 0
754| -0,3 400 0
755| -0,3 400 0
756| -0,3 400 0
757| -0,3 400 0
758| -0,3 400 0
759| -0,3 400 0
760| -0,6 400 0
761| -0,9 400 0
762| -0,9 400 0
763| -0,9 400 0
764| -0,9 400 0
765| -0,9 400 0
766| -0,9 400 0
767| -0,9 400 0
768| -0,9 400 0
769| -0,9 400 0
770| -0,9 400 0
771| -0,9 400 0
772| -0,9 400 0
773| -0,9 400 0
774| -0,9 400 0
775| -0,9 400 0
776| -0,9 400 0
777| -0,9 400 0
778| -0,9 400 0
779| -0,9 400 0
780| -0,9 400 0
781| -0,9 400 0
782| -0,9 400 0
783| -0,9 400 0
784| -0,9 400 0
785| -0,9 400 0
786| -0,9 400 0
787| -0,9 400 0
788| -0,9 400 0
789| -0,9 400 0
790| -0,9 400 0
791| -0,9 400 0
792| -0,9 400 0
793| -0,9 400 0
794| -0,9 400 0
795| -0,9 400 0
796| -0,9 400 0
797| -0,9 400 0
798| -0,9 400 0
799| -0,9 400 0
800| -0,9 400 0
801| -0,9 400 0
802| -0,9 400 0
803| -0,9 400 0
804| -0,9 400 0
805| -0,9 400 0
806| -0,9 400 0
807| -0,9 400 0
808| -0,9 400 0
809| -0,9 400 0
810| -0,9 400 0
811| -0,9 400 0
812| -0,9 400 0
813| -0,9 400 0
814| -0,9 400 0
815| -0,9 400 0
816| -0,9 400 0
817| -0,9 400 0
818| -0,9 400 0
819| -0,9 400 0
820| -0,9 400 0
821| -0,9 400 0
822| -0,9 400 0
823| -0,9 400 0
824| -0,9 400 0
825| -0,9 400 0
826| -0,9 400 0
827| -0,9 400 0
828| -0,9 400 0
829| -0,9 400 0
830| -0,9 400 0
831| -0,9 400 0
832| -0,9 400 0
833| -0,9 400 0
834| -0,9 400 0
835| -0,9 400 0
836| -0,9 400 0
837| -0,9 400 0
838| -0,9 400 0
839| -0,9 400 0
840| -0,9 400 0
841| -0,9 400 0
842| -0,9 400 0
843| -0,9 400 0
844| -0,9 400 0
845| -0,9 400 0
846| -0,9 400 0
847| -0,9 400 0
848| -0,9 400 0
849| -0,9 400 0
850| -0,9 400 0
851| -0,9 400 0
852| -0,9 400 0
853| -0,9 400 0
854| -0,9 400 0
855| -0,9 400 0
856| -0,9 400 0
857| -0,9 400 0
858| -0,9 400 0
859| -0,9 400 0
860| -0,9 400 0
861| -0,9 400 0
862| -0,9 400 0
863| -0,9 400 0
864| -0,9 400 0
865| -0,9 400 0
866| -0,9 400 0
867| -0,9 400 0
868| -0,9 400 0
869| -0,9 400 0
870| -0,9 400 0
871| -0,9 400 0
872| -0,9 400 0
873| -0,9 400 0
874| -0,9 400 0
875| -0,9 400 0
876| -0,9 400 0
877| -0,9 400 0
878| -0,9 400 0
879| -0,9 400 0
880| -0,9 400 0
881| -0,9 400 0
882| -0,9 400 0
883| -0,9 400 0
884| -0,9 400 0
885| -0,9 400 0
886| -0,9 400 0
887| -0,9 400 0
888| -0,9 400 0
889| -0,9 400 0
890| -0,9 400 0
891| -0,9 400 0
892| -0,9 400 0
893| -0,9 400 0
894| -0,9 400 0
895| -0,9 400 0
896| -0,9 400 0
897| -0,9 400 0
898| -0,9 400 0
899| -0,9 400 0
900| -0,9 400 0
901| -0,9 400 0
902| -0,9 400 0
903| -0,9 400 0
904| -0,9 400 0
905| -0,9 400 0
906| -0,9 400 0
907| -0,9 400 0
908| -0,9 400 0
909| -0,9 400 0
910| -0,9 400 0
911| -0,9 400 0
912| -0,9 400 0
913| -0,9 400 0
914| -0,9 400 0
915| -0,9 400 0
916| -0,9 400 0
917| -0,9 400 0
918| -0,9 400 0
919| -0,9 400 0
920| -0,9 400 0
921| -0,9 400 0
922| -0,9 400 0
923| -0,9 400 0
924| -0,9 400 0
925| -0,9 400 0
926| -0,9 400 0
927| -0,9 400 0
928| -0,9 400 0
929| -0,9 400 0
930| -0,9 400 0
931| -0,9 400 0
932| -0,9 400 0
933| -0,9 400 0
934| -0,9 400 0
935| -0,9 400 0
936| -0,9 400 0
937| -0,9 400 0
938| -0,9 400 0
939| -0,9 400 0
940| -0,9 400 0
941| -0,9 400 0
942| -0,9 400 0
943| -0,9 400 0
944| -0,9 400 0
945| -0,9 400 0
946| -0,9 400 0
947| -0,9 400 0
948| -0,9 400 0
949| -0,9 400 0
950| -0,9 400 0
951| -0,9 400 0
952| -0,9 400 0
953| -0,9 400 0
954| -0,9 400 0
955| -0,9 400 0
956| -0,9 400 0
957| -0,9 400 0
958| -0,9 400 0
959| -0,9 400 0
960| -0,9 400 0
961| -0,9 400 0
962| -0,9 400 0
963| -0,9 400 0
964| -0,9 400 0
965| -0,9 400 0
966| -0,9 400 0
967| -0,9 400 0
968| -0,9 400 0
969| -0,9 400 0
970| -0,9 400 0
971| -0,9 400 0
972| -0,9 400 0
973| -0,9 400 0
974| -0,9 400 0
975| -0,9 400 0
976| -0,9 400 0
977| -0,9 400 0
978| -0,9 400 0
979| -0,9 400 0
980| -0,9 400 0
981| -0,9 400 0
982| -0,9 400 0
983| -0,9 400 0
984| -0,9 400 0
985| -0,9 400 0
986| -0,9 400 0
987| -0,9 400 0
988| -0,9 400 0
989| -0,9 400 0
990| -0,9 400 0
991| -0,9 400 0
992| -0,9 400 0
993| -0,9 400 0
994| -0,9 400 0
995| -0,9 400 0
996| -0,9 400 0
997| -0,9 400 0
998| -0,9 400 0
999| -0,9 400 0
1000| -0,9 400 0
1001| -0,9 400 0
1002| -0,9 400 0
1003| -0,9 400 0
1004| -0,9 400 0
1005| -0,9 400 0
1006| -0,9 400 0
1007| -0,9 400 0
1008| -0,9 400 0
1009| -0,9 400 0
1010| -0,9 400 0
1011| -0,9 400 0
1012| -0,9 400 0
1013| -0,9 400 0
1014| -0,9 400 0
1015| -0,9 400 0
1016| -0,9 400 0
1017| -0,9 400 0
1018| -0,9 400 0
1019| -0,9 400 0
1020| -0,9 400 0
1021| -0,9 400 0
1022| -0,9 400 0
1023| -0,9 400 0
1024| -0,9 400 0
1025| -0,9 400 0
1026| -0,9 400 0
1027| -0,9 400 0
1028| -0,9 400 0
1029| -0,9 400 0
1030| -0,9 400 0
1031| -0,9 400 0
1032| -0,9 400 0
1033| -0,9 400 0
1034| -0,9 400 0
1035| -0,9 400 0
1036| -0,9 400 0
1037| -0,9 400 0
1038| -0,9 400 0
1039| -0,9 400 0
1040| -0,9 400 0
1041| -0,9 400 0
1042| -0,9 400 0
1043| -0,9 400 0
1044| -0,9 400 0
1045| -0,9 400 0
1046| -0,9 400 0
1047| -0,9 400 0
1048| -0,9 400 0
1049| -0,9 400 0
1050| -0,9 400 0
1051| -0,9 400 0
1052| -0,9 400 0
1053| -0,9 400 0
1054| -0,9 400 0
1055| -0,9 400 0
1056| -0,9 400 0
1057| -0,9 400 0
1058| -0,9 400 0
1059| -0,9 400 0
1060| -0,9 400 0
1061| -0,9 400 0
1062| -0,9 400 0
1063| -0,9 400 0
1064| -0,9 400 0
1065| -0,9 400 0
1066| -0,9 400 0
1067| -0,9 400 0
1068| -0,9 400 0
1069| -0,9 400 0
1070| -0,9 400 0
1071| -0,9 400 0
1072| -0,9 400 0
1073| -0,9 400 0
1074| -0,9 400 0
1075| -0,9 400 0
1076| -0,9 400 0
1077| -0,9 400 0
1078| -0,9 400 0
1079| -0,9 400 0
1080| -0,9 400 0
1081| -0,9 400 0
1082| -0,9 400 0
1083| -0,9 400 0
1084| -0,9 400 0
1085| -0,9 400 0
1086| -0,9 400 0
1087| -0,9 400 0
1088| -0,9 400 0
1089| -0,9 400 0
1090| -0,9 400 0
1091| -0,9 400 0
1092| -0,9 400 0
1093| -0,9 400 0
1094| -0,9 400 0
1095| -0,9 400 0
1096| -0,9 400 0
1097| -0,9 400 0
1098| -0,9 400 0
1099| -0,9 400 0
1100| -0,9 400 0
1101| -0,9 400 0
1102| -0,9 400 0
1103| -0,9 400 0
1104| -0,9 400 0
1105| -0,9 400 0
1106| -0,9 400 0
1107| -0,9 400 0
1108| -0,9 400 0
1109| -0,9 400 0
1110| -0,9 400 0
1111| -0,9 400 0
1112| -0,9 400 0
1113| -0,9 400 0
1114| -0,9 400 0
1115| -0,9 400 0
1116| -0,9 400 0
1117| -0,9 400 0
1118| -0,9 400 0
1119| -0,9 400 0
1120| -0,9 400 0
1121| -0,9 400 0
1122| -0,9 400 0
1123| -0,9 400 0
1124| -0,9 400 0
1125| -0,9 400 0
1126| -0,9 400 0
1127| -0,9 400 0
1128| -0,9 400 0
1129| -0,9 400 0
1130| -0,9 400 0
1131| -0,9 400 0
1132| -0,9 400 0
1133| -0,9 400 0
1134| -0,9 400 0
1135| -0,9 400 0
1136| -0,9 400 0
1137| -0,9 400 0
1138| -0,9 400 0
1139| -0,9 400 0
1140| -0,9 400 0
1141| -0,9 400 0
1142| -0,9 400 0
1143| -0,9 400 0
1144| -0,9 400 0
1145| -0,9 400 0
1146| -0,9 400 0
1147| -0,9 400 0
1148| -0,9 400 0
1149| -0,9 400 0
1150| -0,9 400 0
1151| -0,9 400 0
1152| -0,9 400 0
1153| -0,9 400 0
1154| -0,9 400 0
1155| -0,9 400 0
1156| -0,9 400 0
1157| -0,9 400 0
1158| -0,9 400 0
1159| -0,9 400 0
1160| -0,9 400 0
1161| -0,9 400 0
1162| -0,9 400 0
1163| -0,9 400 0
1164| -0,9 400 0
1165| -0,9 400 0
1166| -0,9 400 0
1167| -0,9 400 0
1168| -0,9 400 0
1169| -0,9 400 0
1170| -0,9 400 0
1171| -0,9 400 0
1172| -0,9 400 0
1173| -0,9 400 0
1174| 0 400 0
1175| 0,3 400 0
1176| 0,6 400 0
1177| 0,6 400 0
1178| 0,6 400 0
1179| 0,6 400 0
1180| 0,6 400 0
1181| 0,6 400 0
1182| 0,9 400 0
1183| 0,9 400 0
1184| 0,9 400 0
1185| 0,9 400 0
1186| 0,9 400 0
1187| 0,9 400 0
1188| 0,9 400 0
1189| 0,9 400 0
1190| 0,9 400 0
1191| 0,9 400 0
1192| 0,9 400 0
1193| 0,9 400 0
1194| 0,9 400 0
1195| 0,9 400 0
1196| 1,2 400 0
1197| 1,5 400 0
1198| 1,5 400 0
1199| 1,5 400 0
1200| 1,5 400 0
1201| 1,5 400 0
1202| 1,5 400 0
1203| 1,5 400 0
1204| 1,5 400 0
1205| 1,5 400 0
1206| 1,5 400 0
1207| 1,5 400 0
1208| 1,5 400 0
1209| 1,5 400 0
1210| 1,5 400 0
1211| 1,5 400 0
1212| 1,5 400 0
1213| 1,5 400 0
1214| 1,5 400 0
1215| 1,5 400 0
1216| 1,5 400 0
1217| 1,5 400 0
1218| 1,5 400 0
1219| 1,5 400 0
1220| 1,5 400 0
1221| 1,5 400 0
1222| 1,5 400 0
1223| 1,5 400 0
1224| 1,5 400 0
1225| 1,5 400 0
1226| 1,5 400 0
1227| 1,5 400 0
1228| 1,5 400 0
1229| 1,5 400 0
1230| 1,5 400 0
1231| 1,5 400 0
1232| 1,5 400 0
1233| 1,5 400 0
1234| 1,5 400 0
1235| 1,5 400 0
1236| 1,5 400 0
1237| 1,5 400 0
1238| 1,5 400 0
1239| 1,5 400 0
1240| 1,5 400 0
1241| 1,5 400 0
1242| 1,5 400 0
1243| 1,5 400 0
1244| 1,5 400 0
1245| 1,5 400 0
1246| 1,5 400 0
1247| 1,5 400 0
1248| 1,5 400 0
1249| 1,5 400 0
1250| 1,5 400 0
1251| 1,5 400 0
1252| 1,5 400 0
1253| 1,5 400 0
1254| 1,5 400 0
1255| 1,5 400 0
1256| 1,5 400 0
1257| 1,5 400 0
1258| 1,5 400 0
1259| 1,5 400 0
1260| 1,5 400 0
1261| 1,5 400 0
1262| 1,5 400 0
1263| 1,5 400 0
1264| 1,5 400 0
1265| 1,5 400 0
1266| 1,5 400 0
1267| 1,5 400 0
1268| 1,5 400 0
1269| 1,5 400 0
1270| 1,5 400 0
1271| 1,5 400 0
1272| 1,5 400 0
1273| 1,5 400 0
1274| 1,5 400 0
1275| 1,5 400 0
1276| 1,5 400 0
1277| 1,5 400 0
1278| 1,5 400 0
1279| 1,5 400 0
1280| 1,5 400 0
1281| 1,5 400 0
1282| 1,5 400 0
1283| 1,5 400 0
1284| 1,5 400 0
1285| 1,5 400 0
1286| 1,5 400 0
1287| 0 400 0
1288| -0,3 400 0
1289| -0,6 400 0
1290| -0,9 400 0
1291| -0,9 400 0
1292| -0,9 400 0
1293| -0,9 400 0
1294| -0,9 400 0
1295| -0,9 400 0
1296| -0,9 400 0
1297| -1,2 400 0
1298| -1,5 400 0
1299| -1,5 400 0
1300| -1,5 400 0
1301| -1,5 400 0
1302| -1,5 400 0
1303| -1,5 400 0
1304| -1,5 400 0
1305| -1,5 400 0
1306| -1,5 400 0
1307| -1,5 400 0
1308| -1,5 400 0
1309| -1,5 400 0
1310| -1,5 400 0
1311| -1,5 400 0
1312| -1,5 400 0
1313| -1,5 400 0
1314| -1,5 400 0
1315| -1,5 400 0
1316| -1,5 400 0
1317| -1,5 400 0
1318| -1,5 400 0
1319| -1,5 400 0
1320| -1,5 400 0
1321| -1,5 400 0
1322| -1,5 400 0
1323| -1,5 400 0
1324| -1,5 400 0
1325| -1,5 400 0
1326| -1,5 400 0
1327| -1,5 400 0
1328| -1,5 400 0
1329| -1,5 400 0
1330| -1,5 400 0
1331| -1,5 400 0
1332| -1,5 400 0
1333| -1,5 400 0
1334| -1,5 400 0
1335| -1,5 400 0
1336| -1,5 400 0
1337| -1,5 400 0
1338| -1,5 400 0
1339| -1,5 400 0
1340| -1,5 400 0
1341| -1,5 400 0
1342| -1,5 400 0
1343| -1,5 400 0
1344| -1,5 400 0
1345| -1,5 400 0
1346| -1,5 400 0
1347| -1,5 400 0
1348| -1,5 400 0
1349| -1,5 400 0
1350| -1,5 400 0
1351| -1,5 400 0
1352| -1,5 400 0
1353| -1,5 400 0
1354| -1,5 400 0
1355| -1,5 400 0
1356| -1,5 400 0
1357| -1,5 400 0
1358| -1,5 400 0
1359| -1,5 400 0
1360| -1,5 400 0
1361| -1,5 400 0
1362| -1,5 400 0
1363| -1,5 400 0
1364| -1,5 400 0
1365| -1,5 400 0
1366| -1,5 400 0
1367| -1,5 400 0
1368| -1,5 400 0
1369| -1,5 400 0
1370| -1,5 400 0
1371| -1,5 400 0
1372| -1,5 400 0
1373| -1,5 400 0
1374| -1,5 400 0
1375| -1,5 400 0
1376| -1,5 400 0
1377| -1,5 400 0
1378| -1,5 400 0
1379| -1,5 400 0
1380| -1,5 400 0
1381| -1,5 400 0
1382| -1,5 400 0
1383| -1,5 400 0
1384| -1,5 400 0
1385| -1,5 400 0
1386| -1,5 400 0
1387| -1,5 400 0
1388| -1,5 400 0
1389| -1,5 400 0
1390| -1,5 400 0
1391| -1,5 400 0
1392| -1,5 400 0
1393| -1,5 400 0
1394| -1,5 400 0
1395| -1,5 400 0
1396| -1,5 400 0
1397| -1,5 400 0
1398| -1,5 400 0
1399| -1,5 400 0
1400| -1,5 400 0
1401| -1,5 400 0
1402| -1,5 400 0
1403| -1,5 400 0
1404| -1,5 400 0
1405| -1,5 400 0
1406| -1,5 400 0
1407| -1,5 400 0
1408| -1,5 400 0
1409| -1,5 400 0
1410| -1,5 400 0
1411| -1,5 400 0
1412| -1,5 400 0
1413| -1,5 400 0
1414| -1,5 400 0
1415| -1,5 400 0
1416| -1,5 400 0
1417| -1,5 400 0
1418| -1,5 400 0
1419| -1,5 400 0
1420| -1,5 400 0
1421| -1,5 400 0
1422| -1,5 400 0
1423| -1,5 400 0
1424| -1,5 400 0
1425| -1,5 400 0
1426| -1,5 400 0
1427| -1,5 400 0
1428| -1,5 400 0
1429| -1,5 400 0
1430| 0 400 0
1431| 0,3 400 0
1432| 0,3 400 0
1433| 0,3 400 0
1434| 0,3 400 0
1435| 0,3 400 0
1436| 0,3 400 0
1437| 0,3 400 0
1438| 0,6 400 0
1439| 0,9 400 0
1440| 0,9 400 0
1441| 0,9 400 0
1442| 0,9 400 0
1443| 0,9 400 0
1444| 0,9 400 0
1445| 0,9 400 0
1446| 0,9 400 0
1447| 0,9 400 0
1448| 0,9 400 0
1449| 0,9 400 0
1450| 0,9 400 0
1451| 0,9 400 0
1452| 0,9 400 0
1453| 0,9 400 0
1454| 0,9 400 0
1455| 0,9 400 0
1456| 0,9 400 0
1457| 0,9 400 0
1458| 0,9 400 0
1459| 0,9 400 0
1460| 0,9 400 0
1461| 0,9 400 0
1462| 0,9 400 0
1463| 0,9 400 0
1464| 0,9 400 0
1465| 0,9 400 0
1466| 0,9 400 0
1467| 0,9 400 0
1468| 0,9 400 0
1469| 0,9 400 0
1470| 0,9 400 0
1471| 0,9 400 0
1472| 0,9 400 0
1473| 0,9 400 0
1474| 0,9 400 0
1475| 0,9 400 0
1476| 0,9 400 0
1477| 0,9 400 0
1478| 0,9 400 0
1479| 0,9 400 0
1480| 0,9 400 0
1481| 0,9 400 0
1482| 0,9 400 0
1483| 0,9 400 0
1484| 0,9 400 0
1485| 0,9 400 0
1486| 0,9 400 0
1487| 0,9 400 0
1488| 0,9 400 0
1489| 0,9 400 0
1490| 0,9 400 0
1491| 0,9 400 0
1492| 0,9 400 0
1493| 0,9 400 0
1494| 0,9 400 0
1495| 0,9 400 0
1496| 0,9 400 0
1497| 0,9 400 0
1498| 0,9 400 0
1499| 0,9 400 0
1500| 0,9 400 0
1501| 0,9 400 0
1502| 0,9 400 0
1503| 0,9 400 0
1504| 0,9 400 0
1505| 0,9 400 0
1506| 0,9 400 0
1507| 0,9 400 0
1508| 0,9 400 0
1509| 0,9 400 0
1510| 0,9 400 0
1511| 0,9 400 0
1512| 0,9 400 0
1513| 0,9 400 0
1514| 0,9 400 0
1515| 0,9 400 0
1516| 0,9 400 0
1517| 0,9 400 0
1518| 0,9 400 0
1519| 0,9 400 0
1520| 0,9 400 0
1521| 0,9 400 0
1522| 0,9 400 0
1523| 0,9 400 0
1524| 0,9 400 0
1525| 0,9 400 0
1526| 0,9 400 0
1527| 0,9 400 0
1528| 0,9 400 0
1529| 0,9 400 0
1530| 0,9 400 0
1531| 0,9 400 0
1532| 0,9 400 0
1533| 0,9 400 0
1534| 0,9 400 0
1535| 0,9 400 0
1536| 0,9 400 0
1537| 0,9 400 0
1538| 0,9 400 0
1539| 0,9 400 0
1540| 0,9 400 0
1541| 0,9 400 0
1542| 0,9 400 0
1543| 0,9 400 0
1544| 0,9 400 0
1545| 0,9 400 0
1546| 0,9 400 0
1547| 0,9 400 0
1548| 0,9 400 0
1549| 0,9 400 0
1550| 0,9 400 0
1551| 0,9 400 0
1552| 0,9 400 0
1553| 0,9 400 0
1554| 0,9 400 0
1555| 0,9 400 0
1556| 0,9 400 0
1557| 0,9 400 0
1558| 0,9 400 0
1559| 0,9 400 0
1560| 0,9 400 0
1561| 0,9 400 0
1562| 0,9 400 0
1563| 0,9 400 0
1564| 0,9 400 0
1565| 0,9 400 0
1566| 0,9 400 0
1567| 0,9 400 0
1568| 0,9 400 0
1569| 0,9 400 0
1570| 0,9 400 0
1571| 0,9 400 0
1572| 0,9 400 0
1573| 0,9 400 0
1574| 0,9 400 0
1575| 0,9 400 0
1576| 0,9 400 0
1577| 0,9 400 0
1578| 0,9 400 0
1579| 0,9 400 0
1580| 0,9 400 0
1581| 0,9 400 0
1582| 0,9 400 0
1583| 0,9 400 0
1584| 0,9 400 0
1585| 0,9 400 0
1586| 0,9 400 0
1587| 0,9 400 0
1588| 0,9 400 0
1589| 0,9 400 0
1590| 0,9 400 0
1591| 0,9 400 0
1592| 0,9 400 0
1593| 0,9 400 0
1594| 0,9 400 0
1595| 0,9 400 0
1596| 0,9 400 0
1597| 0,9 400 0
1598| 0,9 400 0
1599| 0,9 400 0
1600| 0,9 400 0
1601| 0,9 400 0
1602| 0,9 400 0
1603| 0,9 400 0
1604| 0,9 400 0
1605| 0,9 400 0
1606| 0,9 400 0
1607| 0,9 400 0
1608| 0,9 400 0
1609| 0,9 400 0
1610| 0,9 400 0
1611| 0,9 400 0
1612| 0,9 400 0
1613| 0,9 400 0
1614| 0,9 400 0
1615| 0,9 400 0
1616| 0,9 400 0
1617| 0,9 400 0
1618| 0,9 400 0
1619| 0,9 400 0
1620| 0,9 400 0
1621| 0,9 400 0
1622| 0,9 400 0
1623| 0,9 400 0
1624| 0,9 400 0
1625| 0,9 400 0
1626| 0,9 400 0
1627| 0,9 400 0
1628| 0,9 400 0
1629| 0,9 400 0
1630| 0,9 400 0
1631| 0,9 400 0
1632| 0,9 400 0
1633| 0,9 400 0
1634| 0,9 400 0
1635| 0,9 400 0
1636| 0,9 400 0
1637| 0,9 400 0
1638| 0,9 400 0
1639| 0,9 400 0
1640| 0,9 400 0
1641| 0,9 400 0
1642| 0,9 400 0
1643| 0,9 400 0
1644| 0,9 400 0
1645| 0,9 400 0
1646| 0,9 400 0
1647| 0,9 400 0
1648| 0,9 400 0
1649| 0,9 400 0
1650| 0,9 400 0
1651| 0,9 400 0
1652| 0,9 400 0
1653| 0,9 400 0
1654| 0,9 400 0
1655| 0,9 400 0
1656| 0,9 400 0
1657| 0,9 400 0
1658| 0,9 400 0
1659| 0,9 400 0
1660| 0,9 400 0
1661| 0,9 400 0
1662| 0,9 400 0
1663| 0,9 400 0
1664| 0,9 400 0
1665| 0,9 400 0
1666| 0,9 400 0
1667| 0,9 400 0
1668| 0,9 400 0
1669| 0,9 400 0
1670| 0,9 400 0
1671| 0,9 400 0
1672| 0,9 400 0
1673| 0,9 400 0
1674| 0,9 400 0
1675| 0,9 400 0
1676| 0,9 400 0
1677| 0,9 400 0
1678| 0,9 400 0
1679| 0,9 400 0
1680| 0,9 400 0
1681| 0,9 400 0
1682| 0,9 400 0
1683| 0,9 400 0
1684| 0,9 400 0
1685| 0,9 400 0
1686| 0,9 400 0
1687| 0,9 400 0
1688| 0,9 400 0
1689| 0,9 400 0
1690| 0,9 400 0
1691| 0,9 400 0
1692| 0,9 400 0
1693| 0,9 400 0
1694| 0,9 400 0
1695| 0,9 400 0
1696| 0,9 400 0
1697| 0,9 400 0
1698| 0,9 400 0
1699| 0,9 400 0
1700| 0,9 400 0
1701| 0,9 400 0
1702| 0,9 400 0
1703| 0,9 400 0
1704| 0,9 400 0
1705| 0,9 400 0
1706| 0,9 400 0
1707| 0,9 400 0
1708| 0,9 400 0
1709| 0,9 400 0
1710| 0,9 400 0
1711| 0,9 400 0
1712| 0,9 400 0
1713| 0,9 400 0
1714| 0,9 400 0
1715| 0,9 400 0
1716| 0,9 400 0
1717| 0,9 400 0
1718| 0,9 400 0
1719| 0,9 400 0
1720| 0,9 400 0
1721| 0,9 400 0
1722| 0,9 400 0
1723| 0,9 400 0
1724| 0,9 400 0
1725| 0,9 400 0
1726| 0,9 400 0
1727| 0,9 400 0
1728| 0,9 400 0
1729| 0,9 400 0
1730| 0,9 400 0
1731| 0,9 400 0
1732| 0,9 400 0
1733| 0,9 400 0
1734| 0,9 400 0
1735| 0,9 400 0
1736| 0,9 400 0
1737| 0,9 400 0
1738| 0,9 400 0
1739| 0,9 400 0
1740| 0,9 400 0
1741| 0,9 400 0
1742| 0,9 400 0
1743| 0,9 400 0
1744| 0,9 400 0
1745| 0,9 400 0
1746| 0,9 400 0
1747| 0,9 400 0
1748| 0,9 400 0
1749| 0,9 400 0
1750| 0,9 400 0
1751| 0,9 400 0
1752| 0,9 400 0
1753| 0,9 400 0
1754| 0,9 400 0
1755| 0,9 400 0
1756| 0,9 400 0
1757| 0,9 400 0
1758| 0,9 400 0
1759| 0,9 400 0
1760| 0,9 400 0
1761| 0,9 400 0
1762| 0,9 400 0
1763| 0,9 400 0
1764| 0,9 400 0
1765| 0,9 400 0
1766| 0,9 400 0
1767| 0,9 400 0
1768| 0,9 400 0
1769| 0,9 400 0
1770| 0,9 400 0
1771| 0,9 400 0
1772| 0,9 400 0
1773| 0,9 400 0
1774| 0,9 400 0
1775| 0,9 400 0
1776| 0,9 400 0
1777| 0,9 400 0
1778| 0,9 400 0
1779| 0,9 400 0
1780| 0,9 400 0
1781| 0,9 400 0
1782| 0,9 400 0
1783| 0,9 400 0
1784| 0,9 400 0
1785| 0,9 400 0
1786| 0,9 400 0
1787| 0,9 400 0
1788| 0,9 400 0
1789| 0,9 400 0
1790| 0,9 400 0
1791| 0,9 400 0
1792| 0,9 400 0
1793| 0,9 400 0
1794| 0,9 400 0
1795| 0,9 400 0
1796| 0,9 400 0
1797| 0,9 400 0
1798| 0,9 400 0
1799| 0,9 400 0
1800| 0,9 400 0
1801| 0,9 400 0
1802| 0,9 400 0
1803| 0,9 400 0
1804| 0,9 400 0
1805| 0,9 400 0
1806| 0,9 400 0
1807| 0,9 400 0
1808| 0,9 400 0
1809| 0,9 400 0
1810| 0,9 400 0
1811| 0,9 400 0
1812| 0,9 400 0
1813| 0,9 400 0
1814| 0,9 400 0
1815| 0,9 400 0
1816| 0,9 400 0
1817| 0,9 400 0
1818| 0,9 400 0
1819| 0,9 400 0
1820| 0,9 400 0
1821| 0,9 400 0
1822| 0,9 400 0
1823| 0,9 400 0
1824| 0,9 400 0
1825| 0,9 400 0
1826| 0,9 400 0
1827| 0,9 400 0
1828| 0,9 400 0
1829| 0,9 400 0
1830| 0,9 400 0
1831| 0,9 400 0
1832| 0,9 400 0
1833| 0,9 400 0
1834| 0,9 400 0
1835| 0,9 400 0
1836| 0,9 400 0
1837| 0,9 400 0
1838| 0,9 400 0
1839| 0,9 400 0
1840| 0,9 400 0
1841| 0,9 400 0
1842| 0,9 400 0
1843| 0,9 400 0
1844| 0,9 400 0
1845| 0,9 400 0
1846| 0,9 400 0
1847| 0,9 400 0
1848| 0,9 400 0
1849| 0,9 400 0
1850| 0,9 400 0
1851| 0,9 400 0
1852| 0,9 400 0
1853| 0,9 400 0
1854| 0,9 400 0
1855| 0,9 400 0
1856| 0,9 400 0
1857| 0,9 400 0
1858| 0,9 400 0
1859| 0,9 400 0
1860| 0,9 400 0
1861| 0,9 400 0
1862| 0,9 400 0
1863| 0,9 400 0
1864| 0,9 400 0
1865| 0,9 400 0
1866| 0,9 400 0
1867| 0,9 400 0
1868| 0,9 400 0
1869| 0 0 0
1870| 0 0 0
1871| 0 0 0
1872| 0 0 0
1873| 0 0 0
1874| 0 0 0
1875| 0 0 0
1876| 0 0 0
1877| 0 0 0
1878| 0 0 0
1879| 0 0 0
1880| 0 0 0
1881| 0 0 0
1882| 0 0 0
1883| 0 0 0
1884| 0 0 0
1885| 0 0 0
1886| 0 0 0
1887| 0 0 0
1888| 0 0 0
1889| 0 0 0
1890| 0 0 0
1891| 0 0 0
1892| 0 0 0
1893| 0 0 0
1894| 0 0 0
1895| 0 0 0
1896| 0 0 0
1897| 0 0 0
1898| 0 0 0
1899| 0 0 0
1900| 0 0 0
1901| 0 0 0
1902| 0 0 0
1903| 0 0 0
1904| 0 0 0
1905| 0 0 0
1906| 0 0 0
1907| 0 0 0
1908| 0 0 0
1909| 0 0 0
1910| 0 0 0
1911| 0 0 0
1912| 0 0 0
1913| 0 0 0
1914| 0 0 0
1915| 0 0 0
1916| 0 0 0
1917| 0 0 0
1918| 0 0 0
1919| 0 0 0
1920| 0 0 0
1921| 0 0 0
1922| 0 0 0
1923| 0 0 0
1924| 0 0 0
1925| 0 0 0
1926| 0 0 0
1927| 0 0 0
1928| 0 0 0
1929| 0 0 0
1930| 0 0 0
1931| 0 0 0
1932| 0 0 0
1933| 0 0 0
1934| 0 0 0
1935| 0 0 0
1936| 0 0 0
1937| 0 0 0
1938| 0 0 0
1939| 0 0 0
1940| 0 0 0
1941| 0 0 0
1942| 0 0 0
1943| 0 0 0
1944| 0 0 0
1945| 0 0 0
1946| 0 0 0
1947| 0 0 0
1948| 0 0 0
1949| 0 0 0
1950| 0 0 0
1951| 0 0 0
1952| 0 0 0
1953| 0 0 0
1954| 0 0 0
1955| 0 0 0
1956| 0 0 0
1957| 0 0 0
1958| 0 0 0
1959| 0 0 0
1960| 0 0 0
1961| 0 0 0
1962| 0 0 0
1963| 0 0 0
1964| 0 0 0
1965| 0 0 0
1966| 0 0 0
1967| 0 0 0
1968| 0 0 0
1969| 0 0 0
1970| 0 0 0
1971| 0 0 0
1972| 0 0 0
1973| 0 0 0
1974| 0 0 0
1975| 0 0 0
1976| 0 0 0
1977| 0 0 0
1978| 0 0 0
1979| 0 0 0
1980| 0 0 0
1981| 0 0 0
1982| 0 0 0
1983| 0 0 0
1984| 0 0 0
1985| 0 0 0
1986| 0 0 0
1987| 0 0 0
1988| 0 0 0
1989| 0 0 0
1990| 0 0 0
1991| 0 0 0
1992| 0 0 0
1993| 0 0 0
1994| 0 0 0
1995| 0 0 0
1996| 0 0 0
1997| 0 0 0
1998| 0 0 0
1999| 0 0 0
2000| 0 0 0
2001| 0 0 0
2002| 0 0 0
2003| 0 0 0
2004| 0 0 0

