1| 0 0 0
2| 0 0 0
3| 0 0 0
4| 0 0 0
5| 0 0 0
6| 0 0 0
7| 0 0 0
8| 0 0 0
9| 0 0 0
10| 0 0 0
11| 0 0 0
12| 0 0 0
13| 0 0 0
14| 0 0 0
15| 0 0 0
16| 0 0 0
17| 0 0 0
18| 0 0 0
19| 0 0 0
20| 0 0 0
21| 0 0 0
22| 0 0 0
23| 0 0 0
24| 0 0 0
25| 0 0 0
26| 0 0 0
27| 0 0 0
28| 0 0 0
29| 0 0 0
30| 0 0 0
31| 0 0 0
32| 0 0 0
33| 0 0 0
34| 0 0 0
35| 0 0 0
36| 0 0 0
37| 0 0 0
38| 0 0 0
39| 0 0 0
40| 0 0 0
41| 0 0 0
42| 0 0 0
43| 0 0 0
44| 0 0 0
45| 0 0 0
46| 0 0 0
47| 0 0 0
48| 0 0 0
49| 0 0 0
50| 0 0 0
51| 0 0 0
52| 0 0 0
53| 0 0 0
54| 0 0 0
55| 0 0 0
56| 0 0 0
57| 0 0 0
58| 0 0 0
59| 0 0 0
60| 0 0 0
61| 0 0 0
62| 0 0 0
63| 0 0 0
64| 0 0 0
65| 0 0 0
66| 0 0 0
67| 0 0 0
68| 0 0 0
69| 0 0 0
70| 0 0 0
71| 0 0 0
72| 0 0 0
73| 0 0 0
74| 0 0 0
75| 0 0 0
76| 0 0 0
77| 0 0 0
78| 0 0 0
79| 0 0 0
80| 0 0 0
81| 0 0 0
82| 0 0 0
83| 0 0 0
84| 0 0 0
85| 0 0 0
86| 0 4 0
87| 0 8 0
88| 0 12 0
89| 0 16 0
90| 0 20 0
91| 0 24 0
92| 0 28 0
93| 0 32 0
94| 0 36 0
95| 0 40 0
96| 0 43,99999 0
97| 0 47,99999 0
98| 0 51,99999 0
99| 0 55,99999 0
100| 0 60 0
101| 0 64 0
102| 0 68 0
103| 0 72 0
104| 0 76,00001 0
105| 0 80,00001 0
106| 0 84,00001 0
107| 0 88,00002 0
108| 0 92,00002 0
109| 0 96,00002 0
110| 0 100 0
111| 0 104 0
112| 0 108 0
113| 0 112 0
114| 0 116 0
115| 0 120 0
116| 0 124 0
117| 0 128 0
118| 0 132 0
119| 0 136 0
120| 0 140 0
121| 0 144 0
122| 0 148 0
123| 0 152 0
124| 0,3 156 0
125| 0,6 160 0
126| 0,9 164 0
127| 0,9 168 0
128| 0,9 171,9999 0
129| 0,9 175,9999 0
130| 0,9 179,9999 0
131| 0,9 183,9999 0
132| 0,9 187,9999 0
133| 0,9 191,9999 0
134| 0,9 195,9999 0
135| 0,9 199,9999 0
136| 0,9 203,9999 0
137| 0,9 207,9999 0
138| 0,9 211,9999 0
139| 0,9 215,9999 0
140| 0,9 219,9999 0
141| 1,2 223,9999 0
142| 1,5 227,9999 0
143| 1,8 231,9999 0
144| 1,8 235,9999 0
145| 1,8 239,9999 0
146| 1,8 243,9999 0
147| 1,8 247,9999 0
148| 1,8 251,9999 0
149| 1,8 255,9999 0
150| 1,8 259,9999 0
151| 1,8 263,9999 0
152| 1,8 267,9999 0
153| 1,8 271,9998 0
154| 1,8 275,9998 0
155| 1,8 279,9998 0
156| 1,8 283,9998 0
157| 1,8 287,9998 0
158| 2,1 291,9998 0
159| 2,4 295,9998 0
160| 2,7 299,9998 0
161| 3 303,9998 0
162| 3 307,9998 0
163| 3 311,9998 0
164| 3 315,9998 0
165| 3 319,9998 0
166| 3 323,9998 0
167| 3 327,9998 0
168| 3 331,9998 0
169| 3 335,9998 0
170| 3 339,9998 0
171| 3 343,9998 0
172| 3 347,9998 0
173| 3 351,9998 0
174| 3 355,9998 0
175| 3 359,9998 0
176| 3,299999 363,9998 0
177| 3,599999 367,9998 0
178| 3,599999 371,9998 0
179| 3,599999 375,9998 0
180| 3,599999 379,9998 0
181| 3,599999 383,9998 0
182| 3,599999 387,9998 0
183| 3,599999 391,9998 0
184| 3,599999 395,9998 0
185| 3,599999 399,9997 0
186| 3,599999 400 0
187| 3,599999 400 0
188| 3,599999 400 0
189| 3,599999 400 0
190| 3,599999 400 0
191| 3,599999 400 0
192| 3,599999 400 0
193| 3,599999 400 0
194| 3,599999 400 0
195| 3,599999 400 0
196| 3,599999 400 0
197| 3,599999 400 0
198| 3,599999 400 0
199| 3,599999 400 0
200| 3,599999 400 0
201| 3,599999 400 0
202| 3,599999 400 0
203| 3,599999 400 0
204| 3,599999 400 0
205| 3,599999 400 0
206| 3,599999 400 0
207| 3,599999 400 0
208| 3,599999 400 0
209| 3,599999 400 0
210| 3,599999 400 0
211| 3,599999 400 0
212| 3,599999 400 0
213| 3,599999 400 0
214| 3,599999 400 0
215| 3,599999 400 0
216| 3,599999 400 0
217| 3,599999 400 0
218| 3,599999 400 0
219| 3,599999 400 0
220| 3,599999 400 0
221| 3,599999 400 0
222| 3,599999 400 0
223| 3,599999 400 0
224| 3,599999 400 0
225| 3,599999 400 0
226| 3,599999 400 0
227| 3,599999 400 0
228| 3,599999 400 0
229| 3,599999 400 0
230| 3,599999 400 0
231| 0 400 0
232| 0 400 0
233| 0 400 0
234| 0 400 0
235| 0 400 0
236| 0 400 0
237| 0 400 0
238| 0 400 0
239| 0 400 0
240| 0 400 0
241| 0 400 0
242| 0 400 0
243| 0 400 0
244| 0 400 0
245| 0 400 0
246| 0 400 0
247| 0 400 0
248| 0 400 0
249| 0 400 0
250| 0 400 0
251| 0 400 0
252| 0 400 0
253| 0 400 0
254| 0 400 0
255| 0 400 0
256| 0 400 0
257| 0 400 0
258| 0 400 0
259| 0,3 400 0
260| 0,6 400 0
261| 0,9 400 0
262| 0,9 400 0
263| 0,9 400 0
264| 0,9 400 0
265| 0,9 400 0
266| 0,9 400 0
267| 0,9 400 0
268| 0,9 400 0
269| 1,2 400 0
270| 1,5 400 0
271| 1,8 400 0
272| 1,8 400 0
273| 1,8 400 0
274| 1,8 400 0
275| 1,8 400 0
276| 1,8 400 0
277| 1,8 400 0
278| 1,8 400 0
279| 1,8 400 0
280| 1,8 400 0
281| 1,8 400 0
282| 1,8 400 0
283| 1,8 400 0
284| 1,8 400 0
285| 1,8 400 0
286| 1,8 400 0
287| 0 0 0
288| 0 0 0
289| 0 0 0
290| 0 0 0
291| 0,3 0 0
292| 0,6 0 0
293| 0,9 0 0
294| 1,2 0 0
295| 1,5 0 0
296| 1,8 4 0
297| 2,1 8 0
298| 2,4 12 0
299| 2,4 16 0
300| 2,4 20 0
301| 2,4 24 0
302| 2,4 28 0
303| 2,4 32 0
304| 2,4 36 0
305| 2,4 40 0
306| 2,4 43,99999 0
307| 2,7 47,99999 0
308| 3 51,99999 0
309| 3,299999 55,99999 0
310| 3,299999 60 0
311| 3,299999 64 0
312| 3,299999 68 0
313| 3,299999 72 0
314| 3,599999 76,00001 0
315| 3,899999 80,00001 0
316| 3,899999 84,00001 0
317| 3,899999 88,00002 0
318| 3,899999 92,00002 0
319| 3,899999 96,00002 0
320| 3,899999 100 0
321| 3,899999 104 0
322| 3,899999 108 0
323| 3,899999 112 0
324| 3,899999 116 0
325| 3,899999 120 0
326| 3,899999 124 0
327| 0 128 0
328| -0,3 132 0
329| -0,6 136 0
330| -0,6 140 0
331| -0,6 144 0
332| -0,6 148 0
333| -0,6 152 0
334| -0,6 156 0
335| -0,6 160 0
336| -0,6 164 0
337| -0,6 168 0
338| -0,6 171,9999 0
339| -0,6 175,9999 0
340| -0,6 179,9999 0
341| -0,6 183,9999 0
342| -0,6 187,9999 0
343| -0,6 191,9999 0
344| -0,6 195,9999 0
345| -0,6 199,9999 0
346| -0,6 203,9999 0
347| -0,6 207,9999 0
348| -0,6 211,9999 0
349| -0,6 215,9999 0
350| -0,6 219,9999 0
351| -0,6 223,9999 0
352| -0,6 227,9999 0
353| -0,6 231,9999 0
354| -0,6 235,9999 0
355| -0,6 239,9999 0
356| -0,6 243,9999 0
357| -0,6 247,9999 0
358| -0,6 251,9999 0
359| -0,6 255,9999 0
360| -0,6 259,9999 0
361| -0,6 263,9999 0
362| -0,6 267,9999 0
363| -0,6 271,9998 0
364| -0,6 275,9998 0
365| -0,6 279,9998 0
366| -0,6 283,9998 0
367| -0,6 287,9998 0
368| -0,6 291,9998 0
369| -0,6 295,9998 0
370| -0,6 299,9998 0
371| -0,6 303,9998 0
372| -0,6 307,9998 0
373| -0,6 311,9998 0
374| -0,6 315,9998 0
375| -0,6 319,9998 0
376| -0,6 323,9998 0
377| -0,6 327,9998 0
378| -0,6 331,9998 0
379| -0,6 335,9998 0
380| -0,6 339,9998 0
381| -0,6 343,9998 0
382| -0,6 347,9998 0
383| -0,6 351,9998 0
384| -0,6 355,9998 0
385| -0,6 359,9998 0
386| -0,6 363,9998 0
387| -0,6 367,9998 0
388| -0,6 371,9998 0
389| -0,6 375,9998 0
390| -0,6 379,9998 0
391| -0,6 383,9998 0
392| -0,6 387,9998 0
393| -0,6 391,9998 0
394| -0,6 395,9998 0
395| -0,6 399,9997 0
396| -0,6 400 0
397| -0,6 400 0
398| -0,6 400 0
399| -0,6 400 0
400| -0,6 400 0
401| -0,6 400 0
402| -0,6 400 0
403| -0,6 400 0
404| -0,6 400 0
405| -0,6 400 0
406| -0,6 400 0
407| -0,6 400 0
408| -0,6 400 0
409| -0,6 400 0
410| -0,6 400 0
411| -0,6 400 0
412| -0,6 400 0
413| -0,6 400 0
414| -0,6 400 0
415| -0,6 400 0
416| -0,6 400 0
417| -0,6 400 0
418| -0,6 400 0
419| -0,6 400 0
420| -0,6 400 0
421| -0,6 400 0
422| -0,6 400 0
423| -0,6 400 0
424| -0,6 400 0
425| -0,6 400 0
426| -0,6 400 0
427| -0,6 400 0
428| -0,6 400 0
429| -0,6 400 0
430| -0,6 400 0
431| -0,6 400 0
432| -0,6 400 0
433| -0,6 400 0
434| -0,6 400 0
435| -0,6 400 0
436| -0,6 400 0
437| -0,6 400 0
438| -0,6 400 0
439| -0,6 400 0
440| -0,6 400 0
441| -0,6 400 0
442| -0,6 400 0
443| -0,6 400 0
444| -0,6 400 0
445| -0,6 400 0
446| -0,6 400 0
447| -0,6 400 0
448| -0,6 400 0
449| -0,6 400 0
450| -0,6 400 0
451| -0,6 400 0
452| -0,6 400 0
453| -0,6 400 0
454| -0,6 400 0
455| -0,6 400 0
456| -0,6 400 0
457| -0,6 400 0
458| -0,6 400 0
459| -0,6 400 0
460| -0,6 400 0
461| -0,6 400 0
462| -0,6 400 0
463| -0,6 400 0
464| -0,6 400 0
465| -0,6 400 0
466| -0,6 400 0
467| -0,6 400 0
468| -0,6 400 0
469| -0,6 400 0
470| -0,6 400 0
471| -0,6 400 0
472| -0,6 400 0
473| -0,6 400 0
474| -0,6 400 0
475| -0,6 400 0
476| -0,6 400 0
477| -0,6 400 0
478| -0,6 400 0
479| -0,6 400 0
480| -0,6 400 0
481| -0,6 400 0
482| -0,6 400 0
483| -0,6 400 0
484| -0,6 400 0
485| -0,6 400 0
486| -0,6 400 0
487| -0,6 400 0
488| -0,6 400 0
489| -0,6 400 0
490| -0,6 400 0
491| -0,6 400 0
492| -0,6 400 0
493| -0,6 400 0
494| -0,6 400 0
495| -0,6 400 0
496| -0,6 400 0
497| -0,6 400 0
498| -0,6 400 0
499| -0,6 400 0
500| -0,6 400 0
501| -0,6 400 0
502| -0,6 400 0
503| -0,6 400 0
504| -0,6 400 0
505| -0,6 400 0
506| -0,6 400 0
507| -0,6 400 0
508| -0,6 400 0
509| -0,6 400 0
510| -0,6 400 0
511| -0,6 400 0
512| -0,6 400 0
513| -0,6 400 0
514| -0,6 400 0
515| -0,6 400 0
516| -0,6 400 0
517| -0,6 400 0
518| -0,6 400 0
519| -0,6 400 0
520| -0,6 400 0
521| -0,6 400 0
522| -0,6 400 0
523| -0,6 400 0
524| -0,6 400 0
525| -0,6 400 0
526| -0,6 400 0
527| -0,6 400 0
528| -0,6 400 0
529| -0,6 400 0
530| -0,6 400 0
531| -0,6 400 0
532| -0,6 400 0
533| -0,6 400 0
534| -0,6 400 0
535| -0,6 400 0
536| -0,6 400 0
537| -0,6 400 0
538| -0,6 400 0
539| -0,6 400 0
540| -0,6 400 0
541| -0,6 400 0
542| -0,6 400 0
543| -0,6 400 0
544| -0,6 400 0
545| -0,6 400 0
546| -0,6 400 0
547| -0,6 400 0
548| -0,6 400 0
549| -0,6 400 0
550| -0,6 400 0
551| -0,6 400 0
552| -0,6 400 0
553| -0,6 400 0
554| -0,6 400 0
555| -0,6 400 0
556| -0,6 400 0
557| -0,6 400 0
558| -0,6 400 0
559| -0,6 400 0
560| -0,6 400 0
561| -0,6 400 0
562| -0,6 400 0
563| -0,6 400 0
564| -0,6 400 0
565| -0,6 400 0
566| -0,6 400 0
567| -0,6 400 0
568| -0,6 400 0
569| -0,6 400 0
570| -0,6 400 0
571| -0,6 400 0
572| -0,6 400 0
573| -0,6 400 0
574| -0,6 400 0
575| -0,6 400 0
576| -0,6 400 0
577| -0,6 400 0
578| -0,6 400 0
579| -0,6 400 0
580| -0,6 400 0
581| -0,6 400 0
582| -0,6 400 0
583| -0,6 400 0
584| -0,6 400 0
585| -0,6 400 0
586| -0,6 400 0
587| -0,6 400 0
588| -0,6 400 0
589| -0,6 400 0
590| -0,6 400 0
591| -0,6 400 0
592| -0,6 400 0
593| -0,6 400 0
594| -0,6 400 0
595| -0,6 400 0
596| -0,6 400 0
597| 0 400 0
598| 0,3 400 0
599| 0,3 400 0
600| 0,3 400 0
601| 0,3 400 0
602| 0,3 400 0
603| 0,3 400 0
604| 0,3 400 0
605| 0,3 400 0
606| 0,3 400 0
607| 0,3 400 0
608| 0,3 400 0
609| 0,3 400 0
610| 0,3 400 0
611| 0,3 400 0
612| 0,3 400 0
613| 0,3 400 0
614| 0,3 400 0
615| 0,3 400 0
616| 0,3 400 0
617| 0,3 400 0
618| 0,3 400 0
619| 0,3 400 0
620| 0,6 400 0
621| 0,9 400 0
622| 0,9 400 0
623| 0,9 400 0
624| 0,9 400 0
625| 0,9 400 0
626| 0,9 400 0
627| 0,9 400 0
628| 0,9 400 0
629| 0,9 400 0
630| 0,9 400 0
631| 0,9 400 0
632| 0,9 400 0
633| 0,9 400 0
634| 0,9 400 0
635| 0,9 400 0
636| 0,9 400 0
637| 0,9 400 0
638| 0,9 400 0
639| 0,9 400 0
640| 0,9 400 0
641| 0,9 400 0
642| 0,9 400 0
643| 0,9 400 0
644| 0,9 400 0
645| 0,9 400 0
646| 0,9 400 0
647| 0,9 400 0
648| 0,9 400 0
649| 0,9 400 0
650| 0,9 400 0
651| 0,9 400 0
652| 0,9 400 0
653| 0,9 400 0
654| 0,9 400 0
655| 0,9 400 0
656| 0,9 400 0
657| 0,9 400 0
658| 0,9 400 0
659| 0,9 400 0
660| 0,9 400 0
661| 0,9 400 0
662| 0,9 400 0
663| 0,9 400 0
664| 0,9 400 0
665| 0,9 400 0
666| 0,9 400 0
667| 0,9 400 0
668| 0,9 400 0
669| 0,9 400 0
670| 0,9 400 0
671| 0,9 400 0
672| 0,9 400 0
673| 0,9 400 0
674| 0,9 400 0
675| 0,9 400 0
676| 0,9 400 0
677| 0,9 400 0
678| 0,9 400 0
679| 0,9 400 0
680| 0,9 400 0
681| 0,9 400 0
682| 0,9 400 0
683| 0,9 400 0
684| 0,9 400 0
685| 0,9 400 0
686| 0,9 400 0
687| 0,9 400 0
688| 0,9 400 0
689| 0,9 400 0
690| 0,9 400 0
691| 0,9 400 0
692| 0,9 400 0
693| 0,9 400 0
694| 0,9 400 0
695| 0,9 400 0
696| 0,9 400 0
697| 0,9 400 0
698| 0,9 400 0
699| 0,9 400 0
700| 0,9 400 0
701| 0,9 400 0
702| 0,9 400 0
703| 0,9 400 0
704| 0,9 400 0
705| 0,9 400 0
706| 0,9 400 0
707| 0,9 400 0
708| 0,9 400 0
709| 0,9 400 0
710| 0,9 400 0
711| 0,9 400 0
712| 0,9 400 0
713| 0,9 400 0
714| 0,9 400 0
715| 0,9 400 0
716| 0,9 400 0
717| 0,9 400 0
718| 0,9 400 0
719| 0,9 400 0
720| 0,9 400 0
721| 0,9 400 0
722| 0,9 400 0
723| 0,9 400 0
724| 0,9 400 0
725| 0,9 400 0
726| 0,9 400 0
727| 0,9 400 0
728| 0,9 400 0
729| 0,9 400 0
730| 0,9 400 0
731| 0,9 400 0
732| 0,9 400 0
733| 0,9 400 0
734| 0,9 400 0
735| 0,9 400 0
736| 0,9 400 0
737| 0,9 400 0
738| 0,9 400 0
739| 0,9 400 0
740| 0,9 400 0
741| 0,9 400 0
742| 0,9 400 0
743| 0,9 400 0
744| 0,9 400 0
745| 0,9 400 0
746| 0,9 400 0
747| 0 400 0
748| -0,3 400 0
749| -0,3 400 0
750| -0,3 400 0
751| -0,3 400 0
752| -0,3 400 0
753| -0,3 400 0
754| -0,3 400 0
755| -0,3 400 0
756| -0,3 400 0
757| -0,3 400 0
758| -0,3 400 0
759| -0,3 400 0
760| -0,3 400 0
761| -0,3 400 0
762| -0,3 400 0
763| -0,3 400 0
764| -0,3 400 0
765| -0,3 400 0
766| -0,3 400 0
767| -0,3 400 0
768| -0,3 400 0
769| -0,3 400 0
770| -0,3 400 0
771| -0,3 400 0
772| -0,3 400 0
773| -0,3 400 0
774| -0,3 400 0
775| -0,3 400 0
776| -0,3 400 0
777| -0,3 400 0
778| -0,3 400 0
779| -0,3 400 0
780| -0,3 400 0
781| -0,3 400 0
782| -0,3 400 0
783| -0,3 400 0
784| -0,3 400 0
785| -0,3 400 0
786| -0,3 400 0
787| -0,6 400 0
788| -0,9 400 0
789| -1,2 400 0
790| -1,5 400 0
791| -1,5 400 0
792| -1,5 400 0
793| -1,5 400 0
794| -1,5 400 0
795| -1,5 400 0
796| -1,5 400 0
797| -1,5 400 0
798| -1,5 400 0
799| -1,5 400 0
800| -1,5 400 0
801| -1,5 400 0
802| -1,8 400 0
803| -2,1 400 0
804| -2,4 400 0
805| -2,7 400 0
806| -3 400 0
807| -3,299999 400 0
808| -3,599999 400 0
809| -3,599999 400 0
810| -3,599999 400 0
811| -3,599999 400 0
812| -3,599999 400 0
813| -3,599999 400 0
814| -3,599999 400 0
815| -3,599999 400 0
816| -3,599999 400 0
817| -3,599999 400 0
818| -3,599999 400 0
819| -3,599999 400 0
820| -3,599999 400 0
821| -3,599999 400 0
822| -3,599999 400 0
823| -3,599999 400 0
824| -3,599999 400 0
825| -3,599999 400 0
826| -3,599999 400 0
827| -3,599999 400 0
828| -3,599999 400 0
829| -3,599999 400 0
830| -3,599999 400 0
831| -3,599999 400 0
832| -3,599999 400 0
833| -3,599999 400 0
834| -3,599999 400 0
835| -3,599999 400 0
836| -3,599999 400 0
837| -3,599999 400 0
838| -3,599999 400 0
839| -3,599999 400 0
840| -3,599999 400 0
841| -3,599999 400 0
842| -3,599999 400 0
843| -3,599999 400 0
844| -3,599999 400 0
845| -3,599999 400 0
846| -3,599999 400 0
847| -3,599999 400 0
848| -3,599999 400 0
849| 0 400 0
850| 0,3 400 0
851| 0,6 400 0
852| 0,6 400 0
853| 0,6 400 0
854| 0,6 400 0
855| 0,6 400 0
856| 0,6 400 0
857| 0,6 400 0
858| 0,6 400 0
859| 0,6 400 0
860| 0,6 400 0
861| 0,6 400 0
862| 0,6 400 0
863| 0,6 400 0
864| 0,6 400 0
865| 0,6 400 0
866| 0,6 400 0
867| 0,6 400 0
868| 0,6 400 0
869| 0,6 400 0
870| 0,6 400 0
871| 0,6 400 0
872| 0,6 400 0
873| 0,6 400 0
874| 0,6 400 0
875| 0,6 400 0
876| 0,6 400 0
877| 0,6 400 0
878| 0,6 400 0
879| 0,6 400 0
880| 0 400 0
881| -0,3 400 0
882| -0,3 400 0
883| -0,3 400 0
884| -0,3 400 0
885| -0,3 400 0
886| -0,3 400 0
887| -0,3 400 0
888| -0,3 400 0
889| -0,3 400 0
890| -0,3 400 0
891| -0,3 400 0
892| -0,3 400 0
893| -0,3 400 0
894| -0,6 400 0
895| -0,9 400 0
896| -1,2 400 0
897| -1,2 400 0
898| -1,2 400 0
899| -1,2 400 0
900| -1,2 400 0
901| -1,2 400 0
902| -1,2 400 0
903| -1,2 400 0
904| -1,2 400 0
905| -1,5 400 0
906| -1,8 400 0
907| -2,1 400 0
908| -2,4 400 0
909| -2,4 400 0
910| -2,4 400 0
911| -2,4 400 0
912| -2,4 400 0
913| -2,4 400 0
914| -2,4 400 0
915| -2,4 400 0
916| -2,4 400 0
917| -2,4 400 0
918| -2,4 400 0
919| -2,4 400 0
920| -2,4 400 0
921| -2,4 400 0
922| -2,7 400 0
923| -3 400 0
924| -3 400 0
925| -3 400 0
926| -3 400 0
927| -3 400 0
928| -3 400 0
929| -3 400 0
930| -3 400 0
931| -3 400 0
932| -3 400 0
933| -3 400 0
934| -3 400 0
935| -3 400 0
936| -3 400 0
937| -3 400 0
938| -3 400 0
939| -3 400 0
940| -3 400 0
941| -3 400 0
942| -3 400 0
943| -3 400 0
944| -3 400 0
945| -3 400 0
946| -3 400 0
947| -3 400 0
948| -3,299999 400 0
949| -3,599999 400 0
950| -3,899999 400 0
951| -4,2 400 0
952| -4,2 400 0
953| -4,2 400 0
954| -4,2 400 0
955| -4,2 400 0
956| -4,2 400 0
957| -4,2 400 0
958| -4,2 400 0
959| -4,2 400 0
960| -4,2 400 0
961| -4,2 400 0
962| -4,2 400 0
963| -4,2 400 0
964| -4,2 400 0
965| -4,2 400 0
966| -4,2 400 0
967| -4,2 400 0
968| -4,2 400 0
969| -4,2 400 0
970| -4,2 400 0
971| -4,2 400 0
972| -4,2 400 0
973| -4,2 400 0
974| -4,2 400 0
975| -4,2 400 0
976| -4,2 400 0
977| -4,2 400 0
978| -4,2 400 0
979| -4,2 400 0
980| -4,2 400 0
981| -4,5 400 0
982| -4,8 400 0
983| -4,8 400 0
984| -4,8 400 0
985| -4,8 400 0
986| -4,8 400 0
987| -4,8 400 0
988| -4,8 400 0
989| -4,8 400 0
990| -4,8 400 0
991| -4,8 400 0
992| -4,8 400 0
993| -4,8 400 0
994| -4,8 400 0
995| -4,8 400 0
996| -4,8 400 0
997| -4,8 400 0
998| -4,8 400 0
999| -4,8 400 0
1000| -4,8 400 0
1001| -4,8 400 0
1002| 0 400 0
1003| 0,3 400 0
1004| 0,6 400 0
1005| 0,6 400 0
1006| 0,6 400 0
1007| 0,6 400 0
1008| 0,6 400 0
1009| 0,6 400 0
1010| 0,6 400 0
1011| 0,6 400 0
1012| 0,6 400 0
1013| 0,6 400 0
1014| 0,6 400 0
1015| 0,6 400 0
1016| 0,6 400 0
1017| 0,6 400 0
1018| 0,6 400 0
1019| 0,6 400 0
1020| 0,6 400 0
1021| 0,6 400 0
1022| 0,6 400 0
1023| 0,6 400 0
1024| 0,6 400 0
1025| 0,6 400 0
1026| 0,6 400 0
1027| 0,6 400 0
1028| 0,6 400 0
1029| 0,6 400 0
1030| 0,6 400 0
1031| 0,6 400 0
1032| 0,6 400 0
1033| 0,6 400 0
1034| 0,6 400 0
1035| 0,6 400 0
1036| 0,6 400 0
1037| 0,6 400 0
1038| 0,6 400 0
1039| 0,6 400 0
1040| 0,6 400 0
1041| 0,6 400 0
1042| 0,6 400 0
1043| 0,6 400 0
1044| 0,6 400 0
1045| 0,6 400 0
1046| 0,6 400 0
1047| 0,6 400 0
1048| 0,6 400 0
1049| 0,6 400 0
1050| 0,6 400 0
1051| 0,6 400 0
1052| 0,6 400 0
1053| 0,6 400 0
1054| 0,6 400 0
1055| 0 400 0
1056| -0,3 400 0
1057| -0,3 400 0
1058| -0,3 400 0
1059| -0,3 400 0
1060| -0,3 400 0
1061| -0,3 400 0
1062| -0,3 400 0
1063| -0,3 400 0
1064| -0,3 400 0
1065| -0,3 400 0
1066| -0,3 400 0
1067| -0,3 400 0
1068| -0,3 400 0
1069| -0,3 400 0
1070| -0,3 400 0
1071| -0,3 400 0
1072| -0,3 400 0
1073| -0,3 400 0
1074| -0,3 400 0
1075| -0,3 400 0
1076| -0,3 400 0
1077| -0,3 400 0
1078| -0,3 400 0
1079| -0,3 400 0
1080| -0,3 400 0
1081| -0,3 400 0
1082| -0,3 400 0
1083| -0,3 400 0
1084| -0,3 400 0
1085| -0,3 400 0
1086| -0,3 400 0
1087| -0,3 400 0
1088| -0,3 400 0
1089| -0,3 400 0
1090| -0,3 400 0
1091| -0,3 400 0
1092| -0,3 400 0
1093| -0,3 400 0
1094| -0,3 400 0
1095| -0,3 400 0
1096| -0,3 400 0
1097| -0,3 400 0
1098| -0,3 400 0
1099| -0,3 400 0
1100| -0,3 400 0
1101| -0,3 400 0
1102| -0,3 400 0
1103| -0,3 400 0
1104| -0,3 400 0
1105| -0,3 400 0
1106| -0,3 400 0
1107| -0,3 400 0
1108| -0,3 400 0
1109| -0,3 400 0
1110| -0,3 400 0
1111| -0,3 400 0
1112| -0,3 400 0
1113| -0,3 400 0
1114| -0,3 400 0
1115| -0,3 400 0
1116| -0,3 400 0
1117| -0,3 400 0
1118| -0,3 400 0
1119| -0,3 400 0
1120| -0,3 400 0
1121| -0,3 400 0
1122| -0,3 400 0
1123| -0,3 400 0
1124| -0,3 400 0
1125| -0,3 400 0
1126| 0 400 0
1127| 0,3 400 0
1128| 0,6 400 0
1129| 0,9 400 0
1130| 1,2 400 0
1131| 1,5 400 0
1132| 1,8 400 0
1133| 2,1 400 0
1134| 2,4 400 0
1135| 2,7 400 0
1136| 3 400 0
1137| 3,299999 400 0
1138| 3,599999 400 0
1139| 3,899999 400 0
1140| 4,2 400 0
1141| 4,5 400 0
1142| 4,8 400 0
1143| 5,1 400 0
1144| 5,4 400 0
1145| 5,7 400 0
1146| 6 400 0
1147| 6,300001 400 0
1148| 6,600001 400 0
1149| 6,900001 400 0
1150| 7,200001 400 0
1151| 7,500001 400 0
1152| 7,800001 400 0
1153| 8,1 400 0
1154| 8,4 400 0
1155| 8,7 400 0
1156| 8,999999 400 0
1157| 9,299999 400 0
1158| 9,599998 400 0
1159| 9,599998 400 0
1160| 9,599998 400 0
1161| 9,599998 400 0
1162| 9,599998 400 0
1163| 9,599998 400 0
1164| 9,599998 400 0
1165| 9,599998 400 0
1166| 9,599998 400 0
1167| 9,599998 400 0
1168| 9,599998 400 0
1169| 9,599998 400 0
1170| 0 400 0
1171| -0,3 400 0
1172| -0,6 400 0
1173| -0,9 400 0
1174| -1,2 400 0
1175| -1,2 400 0
1176| -1,2 400 0
1177| -1,2 400 0
1178| -1,2 400 0
1179| -1,2 400 0
1180| -1,2 400 0
1181| -1,2 400 0
1182| -1,2 400 0
1183| -1,2 400 0
1184| -1,2 400 0
1185| -1,2 400 0
1186| -1,2 400 0
1187| -1,2 400 0
1188| -1,2 400 0
1189| -1,2 400 0
1190| -1,2 400 0
1191| -1,2 400 0
1192| -1,2 400 0
1193| -1,5 400 0
1194| -1,8 400 0
1195| -2,1 400 0
1196| -2,4 400 0
1197| -2,7 400 0
1198| -3 400 0
1199| -3,299999 400 0
1200| -3,599999 400 0
1201| -3,899999 400 0
1202| -4,2 400 0
1203| -4,5 400 0
1204| -4,8 400 0
1205| -5,1 400 0
1206| -5,4 400 0
1207| -5,7 400 0
1208| -6 400 0
1209| -6,300001 400 0
1210| -6,600001 400 0
1211| -6,900001 400 0
1212| -7,200001 400 0
1213| -7,500001 400 0
1214| -7,800001 400 0
1215| -8,1 400 0
1216| -8,4 400 0
1217| -8,4 400 0
1218| -8,4 400 0
1219| -8,4 400 0
1220| -8,4 400 0
1221| -8,4 400 0
1222| -8,4 400 0
1223| -8,4 400 0
1224| -8,4 400 0
1225| -8,4 400 0
1226| -8,4 400 0
1227| -8,4 400 0
1228| -8,4 400 0
1229| -8,4 400 0
1230| -8,4 400 0
1231| -8,4 400 0
1232| -8,4 400 0
1233| -8,4 400 0
1234| -8,4 400 0
1235| -8,4 400 0
1236| -8,4 400 0
1237| -8,4 400 0
1238| -8,4 400 0
1239| 0 400 0
1240| 0,3 400 0
1241| 0,6 400 0
1242| 0,9 400 0
1243| 0,9 400 0
1244| 0,9 400 0
1245| 0,9 400 0
1246| 0,9 400 0
1247| 0,9 400 0
1248| 1,2 400 0
1249| 1,5 400 0
1250| 1,8 400 0
1251| 2,1 400 0
1252| 2,4 400 0
1253| 2,7 400 0
1254| 3 400 0
1255| 3,299999 400 0
1256| 3,599999 400 0
1257| 3,899999 400 0
1258| 4,2 400 0
1259| 4,5 400 0
1260| 4,8 400 0
1261| 5,1 400 0
1262| 5,4 400 0
1263| 5,7 400 0
1264| 6 400 0
1265| 6,300001 400 0
1266| 6,600001 400 0
1267| 6,900001 400 0
1268| 7,200001 400 0
1269| 7,500001 400 0
1270| 7,800001 400 0
1271| 8,1 400 0
1272| 8,4 400 0
1273| 8,7 400 0
1274| 8,999999 400 0
1275| 9,299999 400 0
1276| 9,599998 400 0
1277| 9,599998 400 0
1278| 9,599998 400 0
1279| 9,599998 400 0
1280| 9,599998 400 0
1281| 9,599998 400 0
1282| 9,599998 400 0
1283| 9,599998 400 0
1284| 9,599998 400 0
1285| 9,599998 400 0
1286| 9,599998 400 0
1287| 9,599998 400 0
1288| 9,599998 400 0
1289| 9,599998 400 0
1290| 9,599998 400 0
1291| 9,599998 400 0
1292| 9,599998 400 0
1293| 9,599998 400 0
1294| 9,599998 400 0
1295| 9,599998 400 0
1296| 9,599998 400 0
1297| 9,599998 400 0
1298| 9,599998 400 0
1299| 9,599998 400 0
1300| 9,599998 400 0
1301| 9,599998 400 0
1302| 9,599998 400 0
1303| 9,599998 400 0
1304| 9,599998 400 0
1305| 9,599998 400 0
1306| 9,599998 400 0
1307| 9,599998 400 0
1308| 0 400 0
1309| -0,3 400 0
1310| -0,6 400 0
1311| -0,9 400 0
1312| -1,2 400 0
1313| -1,5 400 0
1314| -1,8 400 0
1315| -2,1 400 0
1316| -2,1 400 0
1317| -2,1 400 0
1318| -2,1 400 0
1319| -2,1 400 0
1320| -2,1 400 0
1321| -2,1 400 0
1322| -2,1 400 0
1323| -2,1 400 0
1324| -2,4 400 0
1325| -2,7 400 0
1326| -3 400 0
1327| -3,299999 400 0
1328| -3,599999 400 0
1329| -3,899999 400 0
1330| -4,2 400 0
1331| -4,5 400 0
1332| -4,8 400 0
1333| -5,1 400 0
1334| -5,4 400 0
1335| -5,7 400 0
1336| -6 400 0
1337| -6,300001 400 0
1338| -6,600001 400 0
1339| -6,900001 400 0
1340| -6,900001 400 0
1341| -6,900001 400 0
1342| -6,900001 400 0
1343| -6,900001 400 0
1344| -6,900001 400 0
1345| -6,900001 400 0
1346| -6,900001 400 0
1347| -6,900001 400 0
1348| -6,900001 400 0
1349| -6,900001 400 0
1350| -6,900001 400 0
1351| -6,900001 400 0
1352| -7,200001 400 0
1353| -7,500001 400 0
1354| -7,800001 400 0
1355| -8,1 400 0
1356| -8,4 400 0
1357| -8,4 400 0
1358| -8,4 400 0
1359| -8,4 400 0
1360| -8,4 400 0
1361| -8,4 400 0
1362| -8,4 400 0
1363| -8,4 400 0
1364| -8,4 400 0
1365| -8,4 400 0
1366| -8,4 400 0
1367| -8,4 400 0
1368| -8,4 400 0
1369| -8,4 400 0
1370| -8,4 400 0
1371| -8,4 400 0
1372| -8,4 400 0
1373| -8,4 400 0
1374| -8,4 400 0
1375| -8,4 400 0
1376| -8,4 400 0
1377| -8,4 400 0
1378| -8,4 400 0
1379| -8,4 400 0
1380| -8,4 400 0
1381| -8,4 400 0
1382| -8,4 400 0
1383| -8,4 400 0
1384| -8,4 400 0
1385| -8,4 400 0
1386| -8,4 400 0
1387| -8,4 400 0
1388| -8,4 400 0
1389| 0 400 0
1390| 0,3 400 0
1391| 0,6 400 0
1392| 0,9 400 0
1393| 1,2 400 0
1394| 1,2 400 0
1395| 1,2 400 0
1396| 1,2 400 0
1397| 1,5 400 0
1398| 1,8 400 0
1399| 2,1 400 0
1400| 2,4 400 0
1401| 2,7 400 0
1402| 3 400 0
1403| 3,299999 400 0
1404| 3,599999 400 0
1405| 3,899999 400 0
1406| 4,2 400 0
1407| 4,2 400 0
1408| 4,2 400 0
1409| 4,2 400 0
1410| 4,2 400 0
1411| 4,2 400 0
1412| 4,2 400 0
1413| 4,2 400 0
1414| 4,2 400 0
1415| 4,2 400 0
1416| 4,2 400 0
1417| 4,5 400 0
1418| 4,8 400 0
1419| 5,1 400 0
1420| 5,4 400 0
1421| 5,7 400 0
1422| 6 400 0
1423| 6,300001 400 0
1424| 6,600001 400 0
1425| 6,900001 400 0
1426| 7,200001 400 0
1427| 7,500001 400 0
1428| 7,800001 400 0
1429| 8,1 400 0
1430| 8,4 400 0
1431| 8,7 400 0
1432| 8,999999 400 0
1433| 9,299999 400 0
1434| 9,599998 400 0
1435| 9,899999 400 0
1436| 10,2 400 0
1437| 10,5 400 0
1438| 10,8 400 0
1439| 11,1 400 0
1440| 11,4 400 0
1441| 11,4 400 0
1442| 11,4 400 0
1443| 11,4 400 0
1444| 11,4 400 0
1445| 11,4 400 0
1446| 11,4 400 0
1447| 11,4 400 0
1448| 11,4 400 0
1449| 11,4 400 0
1450| 11,4 400 0
1451| 11,4 400 0
1452| 11,4 400 0
1453| 11,4 400 0
1454| 11,4 400 0
1455| 11,4 400 0
1456| 11,4 400 0
1457| 11,4 400 0
1458| 11,4 400 0
1459| 11,4 400 0
1460| 11,4 400 0
1461| 11,4 400 0
1462| 11,4 400 0
1463| 11,4 400 0
1464| 11,4 400 0
1465| 11,4 400 0
1466| 11,4 400 0
1467| 11,4 400 0
1468| 11,4 400 0
1469| 11,4 400 0
1470| 11,4 400 0
1471| 11,4 400 0
1472| 11,4 400 0
1473| 11,4 400 0
1474| 11,4 400 0
1475| 0 400 0
1476| -0,3 400 0
1477| -0,6 400 0
1478| -0,9 400 0
1479| -1,2 400 0
1480| -1,2 400 0
1481| -1,2 400 0
1482| -1,2 400 0
1483| -1,2 400 0
1484| -1,2 400 0
1485| -1,2 400 0
1486| -1,5 400 0
1487| -1,8 400 0
1488| -2,1 400 0
1489| -2,4 400 0
1490| -2,7 400 0
1491| -3 400 0
1492| -3,299999 400 0
1493| -3,299999 400 0
1494| -3,299999 400 0
1495| -3,299999 400 0
1496| -3,299999 400 0
1497| -3,299999 400 0
1498| -3,599999 400 0
1499| -3,899999 400 0
1500| -4,2 400 0
1501| -4,5 400 0
1502| -4,8 400 0
1503| -5,1 400 0
1504| -5,4 400 0
1505| -5,7 400 0
1506| -6 400 0
1507| -6,300001 400 0
1508| -6,600001 400 0
1509| -6,900001 400 0
1510| -7,200001 400 0
1511| -7,500001 400 0
1512| -7,500001 400 0
1513| -7,500001 400 0
1514| -7,500001 400 0
1515| -7,500001 400 0
1516| -7,500001 400 0
1517| -7,500001 400 0
1518| -7,500001 400 0
1519| -7,500001 400 0
1520| -7,500001 400 0
1521| -7,500001 400 0
1522| -7,500001 400 0
1523| -7,500001 400 0
1524| -7,500001 400 0
1525| -7,500001 400 0
1526| -7,500001 400 0
1527| -7,500001 400 0
1528| -7,500001 400 0
1529| -7,500001 400 0
1530| -7,500001 400 0
1531| -7,500001 400 0
1532| -7,500001 400 0
1533| -7,500001 400 0
1534| -7,500001 400 0
1535| -7,500001 400 0
1536| -7,500001 400 0
1537| -7,500001 400 0
1538| -7,500001 400 0
1539| -7,500001 400 0
1540| -7,500001 400 0
1541| -7,500001 400 0
1542| -7,500001 400 0
1543| 0 400 0
1544| 0,3 400 0
1545| 0,6 400 0
1546| 0,9 400 0
1547| 1,2 400 0
1548| 1,5 400 0
1549| 1,8 400 0
1550| 2,1 400 0
1551| 2,4 400 0
1552| 2,7 400 0
1553| 3 400 0
1554| 3,299999 400 0
1555| 3,599999 400 0
1556| 3,899999 400 0
1557| 4,2 400 0
1558| 4,5 400 0
1559| 4,8 400 0
1560| 5,1 400 0
1561| 5,4 400 0
1562| 5,7 400 0
1563| 6 400 0
1564| 6,300001 400 0
1565| 6,600001 400 0
1566| 6,900001 400 0
1567| 7,200001 400 0
1568| 7,500001 400 0
1569| 7,800001 400 0
1570| 8,1 400 0
1571| 8,4 400 0
1572| 8,7 400 0
1573| 8,7 400 0
1574| 8,7 400 0
1575| 8,7 400 0
1576| 8,7 400 0
1577| 8,7 400 0
1578| 8,7 400 0
1579| 8,7 400 0
1580| 8,7 400 0
1581| 8,7 400 0
1582| 8,7 400 0
1583| 8,7 400 0
1584| 8,7 400 0
1585| 8,7 400 0
1586| 8,7 400 0
1587| 8,7 400 0
1588| 8,7 400 0
1589| 8,7 400 0
1590| 8,7 400 0
1591| 8,7 400 0
1592| 8,7 400 0
1593| 8,7 400 0
1594| 8,7 400 0
1595| 8,7 400 0
1596| 8,7 400 0
1597| 0 400 0
1598| -0,3 400 0
1599| -0,6 400 0
1600| -0,9 400 0
1601| -1,2 400 0
1602| -1,2 400 0
1603| -1,2 400 0
1604| -1,2 400 0
1605| -1,2 400 0
1606| -1,2 400 0
1607| -1,2 400 0
1608| -1,2 400 0
1609| -1,2 400 0
1610| -1,2 400 0
1611| -1,2 400 0
1612| -1,2 400 0
1613| -1,2 400 0
1614| -1,2 400 0
1615| -1,2 400 0
1616| -1,2 400 0
1617| -1,2 400 0
1618| -1,2 400 0
1619| -1,2 400 0
1620| -1,2 400 0
1621| -1,2 400 0
1622| -1,2 400 0
1623| -1,2 400 0
1624| -1,2 400 0
1625| -1,2 400 0
1626| -1,2 400 0
1627| -1,2 400 0
1628| -1,2 400 0
1629| -1,2 400 0
1630| -1,2 400 0
1631| -1,2 400 0
1632| -1,2 400 0
1633| -1,2 400 0
1634| -1,2 400 0
1635| -1,2 400 0
1636| -1,2 400 0
1637| -1,2 400 0
1638| -1,2 400 0
1639| -1,5 400 0
1640| -1,8 400 0
1641| -2,1 400 0
1642| -2,4 400 0
1643| -2,7 400 0
1644| -3 400 0
1645| -3,299999 400 0
1646| -3,599999 400 0
1647| -3,899999 400 0
1648| -4,2 400 0
1649| -4,5 400 0
1650| -4,8 400 0
1651| -5,1 400 0
1652| -5,4 400 0
1653| -5,7 400 0
1654| -6 400 0
1655| -6,300001 400 0
1656| -6,600001 400 0
1657| -6,900001 400 0
1658| -7,200001 400 0
1659| -7,500001 400 0
1660| -7,800001 400 0
1661| -8,1 400 0
1662| -8,4 400 0
1663| -8,7 400 0
1664| -8,999999 400 0
1665| -9,299999 400 0
1666| -9,599998 400 0
1667| -9,899999 400 0
1668| -10,2 400 0
1669| -10,5 400 0
1670| -10,8 400 0
1671| -11,1 400 0
1672| -11,1 400 0
1673| -11,1 400 0
1674| -11,1 400 0
1675| -11,1 400 0
1676| -11,1 400 0
1677| -11,1 400 0
1678| -11,1 400 0
1679| -11,1 400 0
1680| -11,1 400 0
1681| -11,1 400 0
1682| -11,1 400 0
1683| -11,1 400 0
1684| -11,1 400 0
1685| -11,1 400 0
1686| -11,1 400 0
1687| -11,1 400 0
1688| -11,1 400 0
1689| -11,1 400 0
1690| -11,1 400 0
1691| -11,1 400 0
1692| -11,1 400 0
1693| -11,1 400 0
1694| -11,1 400 0
1695| -11,1 400 0
1696| -11,1 400 0
1697| -11,1 400 0
1698| -11,1 400 0
1699| -11,1 400 0
1700| -11,1 400 0
1701| -11,1 400 0
1702| -11,1 400 0
1703| -11,1 400 0
1704| -11,1 400 0
1705| -11,1 400 0
1706| -11,1 400 0
1707| 0 400 0
1708| 0,3 400 0
1709| 0,6 400 0
1710| 0,9 400 0
1711| 1,2 400 0
1712| 1,5 400 0
1713| 1,8 400 0
1714| 2,1 400 0
1715| 2,4 400 0
1716| 2,7 400 0
1717| 2,7 400 0
1718| 2,7 400 0
1719| 2,7 400 0
1720| 2,7 400 0
1721| 2,7 400 0
1722| 2,7 400 0
1723| 2,7 400 0
1724| 2,7 400 0
1725| 2,7 400 0
1726| 2,7 400 0
1727| 2,7 400 0
1728| 3 400 0
1729| 3,299999 400 0
1730| 3,599999 400 0
1731| 3,899999 400 0
1732| 4,2 400 0
1733| 4,5 400 0
1734| 4,8 400 0
1735| 5,1 400 0
1736| 5,4 400 0
1737| 5,7 400 0
1738| 6 400 0
1739| 6,300001 400 0
1740| 6,600001 400 0
1741| 6,900001 400 0
1742| 7,200001 400 0
1743| 7,500001 400 0
1744| 7,800001 400 0
1745| 8,1 400 0
1746| 8,4 400 0
1747| 8,7 400 0
1748| 8,999999 400 0
1749| 8,999999 400 0
1750| 8,999999 400 0
1751| 8,999999 400 0
1752| 8,999999 400 0
1753| 8,999999 400 0
1754| 8,999999 400 0
1755| 8,999999 400 0
1756| 8,999999 400 0
1757| 8,999999 400 0
1758| 8,999999 400 0
1759| 8,999999 400 0
1760| 8,999999 400 0
1761| 8,999999 400 0
1762| 8,999999 400 0
1763| 8,999999 400 0
1764| 8,999999 400 0
1765| 8,999999 400 0
1766| 8,999999 400 0
1767| 8,999999 400 0
1768| 8,999999 400 0
1769| 8,999999 400 0
1770| 8,999999 400 0
1771| 8,999999 400 0
1772| 8,999999 400 0
1773| 8,999999 400 0
1774| 8,999999 400 0
1775| 8,999999 400 0
1776| 8,999999 400 0
1777| 8,999999 400 0
1778| 8,999999 400 0
1779| 8,999999 400 0
1780| 8,999999 400 0
1781| 8,999999 400 0
1782| 8,999999 400 0
1783| 8,999999 400 0
1784| 8,999999 400 0
1785| 8,999999 400 0
1786| 8,999999 400 0
1787| 8,999999 400 0
1788| 8,999999 400 0
1789| 8,999999 400 0
1790| 8,999999 400 0
1791| 8,999999 400 0
1792| 8,999999 400 0
1793| 8,999999 400 0
1794| 8,999999 400 0
1795| 8,999999 400 0
1796| 8,999999 400 0
1797| 8,999999 400 0
1798| 8,999999 400 0
1799| 8,999999 400 0
1800| 8,999999 400 0
1801| 8,999999 400 0
1802| 8,999999 400 0
1803| 8,999999 400 0
1804| 8,999999 400 0
1805| 8,999999 400 0
1806| 8,999999 400 0
1807| 8,999999 400 0
1808| 8,999999 400 0
1809| 8,999999 400 0
1810| 8,999999 400 0
1811| 8,999999 400 0
1812| 8,999999 400 0
1813| 8,999999 400 0
1814| 8,999999 400 0
1815| 8,999999 400 0
1816| 8,999999 400 0
1817| 0 400 0
1818| -0,3 400 0
1819| -0,6 400 0
1820| -0,9 400 0
1821| -1,2 400 0
1822| -1,5 400 0
1823| -1,8 400 0
1824| -2,1 400 0
1825| -2,4 400 0
1826| -2,7 400 0
1827| -3 400 0
1828| -3,299999 400 0
1829| -3,599999 400 0
1830| -3,899999 400 0
1831| -4,2 400 0
1832| -4,5 400 0
1833| -4,8 400 0
1834| -5,1 400 0
1835| -5,4 400 0
1836| -5,7 400 0
1837| -6 400 0
1838| -6,300001 400 0
1839| -6,600001 400 0
1840| -6,900001 400 0
1841| -7,200001 400 0
1842| -7,500001 400 0
1843| -7,800001 400 0
1844| -8,1 400 0
1845| -8,4 400 0
1846| -8,7 400 0
1847| -8,999999 400 0
1848| -9,299999 400 0
1849| -9,599998 400 0
1850| -9,899999 400 0
1851| -10,2 400 0
1852| -10,5 400 0
1853| -10,8 400 0
1854| -11,1 400 0
1855| -11,4 400 0
1856| -11,7 400 0
1857| -12 400 0
1858| -12,3 400 0
1859| -12,6 400 0
1860| -12,9 400 0
1861| -13,2 400 0
1862| -13,5 400 0
1863| -13,79999 400 0
1864| -14,09999 400 0
1865| -14,39999 400 0
1866| -14,69999 400 0
1867| -14,99999 400 0
1868| -15,29999 400 0
1869| -15,59999 400 0
1870| -15,89999 400 0
1871| -16,19999 400 0
1872| -16,49999 400 0
1873| -16,79999 400 0
1874| -17,09999 400 0
1875| -17,39999 400 0
1876| -17,69999 400 0
1877| -17,99999 400 0
1878| -18,29999 400 0
1879| -18,59999 400 0
1880| -18,89999 400 0
1881| -19,19999 400 0
1882| -19,49999 400 0
1883| -19,79999 400 0
1884| -20,09999 400 0
1885| -20,39999 400 0
1886| -20,69999 400 0
1887| -20,99999 400 0
1888| -21,29999 400 0
1889| -21,59999 400 0
1890| -21,89999 400 0
1891| -22,19999 400 0
1892| -22,49999 400 0
1893| -22,79999 400 0
1894| -23,09999 400 0
1895| -23,39999 400 0
1896| -23,69999 400 0
1897| -23,99999 400 0
1898| -24,29999 400 0
1899| -24,59999 400 0
1900| -24,89998 400 0
1901| -25,19999 400 0
1902| -25,19999 400 0
1903| -25,19999 400 0
1904| -25,19999 400 0
1905| -25,19999 400 0
1906| -25,19999 400 0
1907| -25,19999 400 0
1908| -25,19999 400 0
1909| -25,19999 400 0
1910| -25,19999 400 0
1911| -25,19999 400 0
1912| -25,19999 400 0
1913| -25,19999 400 0
1914| -25,19999 400 0
1915| -25,49998 400 0
1916| -25,79998 400 0
1917| -26,09998 400 0
1918| -26,39998 400 0
1919| -26,69998 400 0
1920| -26,99998 400 0
1921| -27,29998 400 0
1922| -27,59998 400 0
1923| -27,89998 400 0
1924| -28,19998 400 0
1925| -28,49998 400 0
1926| -28,79998 400 0
1927| -29,09998 400 0
1928| -29,39998 400 0
1929| -29,69998 400 0
1930| -29,99998 400 0
1931| -30 400 0
1932| -30 400 0
1933| -30 400 0
1934| -30 400 0
1935| -30 400 0
1936| -30 400 0
1937| -30 400 0
1938| -30 400 0
1939| -30 400 0
1940| -30 400 0
1941| -30 400 0
1942| -30 400 0
1943| -30 400 0
1944| -30 400 0
1945| -30 400 0
1946| -30 400 0
1947| -30 400 0
1948| -30 400 0
1949| -30 400 0
1950| -30 400 0
1951| -30 400 0
1952| -30 400 0
1953| -30 400 0
1954| -30 400 0
1955| -30 400 0
1956| -30 400 0
1957| -30 400 0
1958| -30 400 0
1959| -30 400 0
1960| -30 400 0
1961| -30 400 0
1962| -30 400 0
1963| -30 400 0
1964| -30 400 0
1965| -30 400 0
1966| -30 400 0
1967| -30 400 0
1968| -30 400 0
1969| -30 400 0
1970| -30 400 0
1971| -30 400 0
1972| -30 400 0
1973| -30 400 0
1974| -30 400 0
1975| -30 400 0
1976| -30 400 0
1977| -30 400 0
1978| -30 400 0
1979| -30 400 0
1980| -30 400 0
1981| -30 400 0
1982| -30 400 0
1983| -30 400 0
1984| -30 400 0
1985| -30 400 0
1986| -30 400 0
1987| -30 400 0
1988| -30 400 0
1989| -30 400 0
1990| -30 400 0
1991| -30 400 0
1992| -30 400 0
1993| -30 400 0
1994| -30 400 0
1995| -30 400 0
1996| -30 400 0
1997| -30 400 0
1998| -30 400 0
1999| -30 400 0
2000| -30 400 0
2001| -30 400 0
2002| -30 400 0
2003| -30 400 0
2004| -30 400 0
2005| -30 400 0
2006| -30 400 0
2007| -30 400 0
2008| -30 400 0
2009| -30 400 0
2010| -30 400 0
2011| -30 400 0
2012| -30 400 0
2013| -30 400 0
2014| -30 400 0
2015| -30 400 0
2016| -30 400 0
2017| -30 400 0
2018| -30 400 0
2019| -30 400 0
2020| -30 400 0
2021| -30 400 0
2022| -30 400 0
2023| -30 400 0
2024| -30 400 0
2025| -30 400 0
2026| -30 400 0
2027| -30 400 0
2028| -30 400 0
2029| -30 400 0
2030| -30 400 0
2031| -30 400 0
2032| -30 400 0
2033| -30 400 0
2034| -30 400 0
2035| -30 400 0
2036| -30 400 0
2037| -30 400 0
2038| -30 400 0
2039| -30 400 0
2040| -30 400 0
2041| -30 400 0
2042| -30 400 0
2043| -30 400 0
2044| -30 400 0
2045| -30 400 0
2046| -30 400 0
2047| -30 400 0
2048| -30 400 0
2049| -30 400 0
2050| -30 400 0
2051| -30 400 0
2052| -30 400 0
2053| -30 400 0
2054| -30 400 0
2055| -30 400 0
2056| -30 400 0
2057| -30 400 0
2058| -30 400 0
2059| -30 400 0
2060| -30 400 0
2061| -30 400 0
2062| -30 400 0
2063| -30 400 0
2064| -30 400 0
2065| -30 400 0
2066| -30 400 0
2067| -30 400 0
2068| -30 400 0
2069| -30 400 0
2070| -30 400 0
2071| -30 400 0
2072| -30 400 0
2073| -30 400 0
2074| -30 400 0
2075| -30 400 0
2076| -30 400 0
2077| -30 400 0
2078| -30 400 0
2079| -30 400 0
2080| 0 400 0
2081| 0,3 400 0
2082| 0,6 400 0
2083| 0,9 400 0
2084| 1,2 400 0
2085| 1,5 400 0
2086| 1,8 400 0
2087| 2,1 400 0
2088| 2,4 400 0
2089| 2,7 400 0
2090| 3 400 0
2091| 3,299999 400 0
2092| 3,299999 400 0
2093| 3,299999 400 0
2094| 3,299999 400 0
2095| 3,299999 400 0
2096| 3,299999 400 0
2097| 3,299999 400 0
2098| 3,299999 400 0
2099| 3,299999 400 0
2100| 3,299999 400 0
2101| 3,599999 400 0
2102| 3,899999 400 0
2103| 4,2 400 0
2104| 4,5 400 0
2105| 4,8 400 0
2106| 5,1 400 0
2107| 5,4 400 0
2108| 5,7 400 0
2109| 6 400 0
2110| 6,300001 400 0
2111| 6,600001 400 0
2112| 6,900001 400 0
2113| 7,200001 400 0
2114| 7,500001 400 0
2115| 7,800001 400 0
2116| 8,1 400 0
2117| 8,1 400 0
2118| 8,1 400 0
2119| 8,1 400 0
2120| 8,1 400 0
2121| 8,1 400 0
2122| 8,1 400 0
2123| 8,1 400 0
2124| 8,1 400 0
2125| 8,1 400 0
2126| 8,1 400 0
2127| 8,1 400 0
2128| 8,1 400 0
2129| 8,1 400 0
2130| 8,1 400 0
2131| 8,1 400 0
2132| 8,1 400 0
2133| 8,1 400 0
2134| 8,1 400 0
2135| 8,1 400 0
2136| 8,1 400 0
2137| 0 400 0
2138| -0,3 400 0
2139| -0,6 400 0
2140| -0,9 400 0
2141| -1,2 400 0
2142| -1,5 400 0
2143| -1,8 400 0
2144| -2,1 400 0
2145| -2,4 400 0
2146| -2,7 400 0
2147| -3 400 0
2148| -3,299999 400 0
2149| -3,599999 400 0
2150| -3,899999 400 0
2151| -4,2 400 0
2152| -4,5 400 0
2153| -4,8 400 0
2154| -5,1 400 0
2155| -5,4 400 0
2156| -5,7 400 0
2157| -6 400 0
2158| -6,300001 400 0
2159| -6,600001 400 0
2160| -6,900001 400 0
2161| -7,200001 400 0
2162| -7,500001 400 0
2163| -7,800001 400 0
2164| -8,1 400 0
2165| -8,4 400 0
2166| -8,7 400 0
2167| -8,999999 400 0
2168| -8,999999 400 0
2169| -8,999999 400 0
2170| -8,999999 400 0
2171| -8,999999 400 0
2172| -8,999999 400 0
2173| -8,999999 400 0
2174| -8,999999 400 0
2175| -8,999999 400 0
2176| -8,999999 400 0
2177| -8,999999 400 0
2178| -8,999999 400 0
2179| -8,999999 400 0
2180| -8,999999 400 0
2181| -8,999999 400 0
2182| -8,999999 400 0
2183| -8,999999 400 0
2184| -8,999999 400 0
2185| -8,999999 400 0
2186| -8,999999 400 0
2187| -8,999999 400 0
2188| -8,999999 400 0
2189| -8,999999 400 0
2190| -8,999999 400 0
2191| -8,999999 400 0
2192| 0 400 0
2193| 0,3 400 0
2194| 0,6 400 0
2195| 0,9 400 0
2196| 1,2 400 0
2197| 1,5 400 0
2198| 1,8 400 0
2199| 2,1 400 0
2200| 2,4 400 0
2201| 2,7 400 0
2202| 3 400 0
2203| 3,299999 400 0
2204| 3,599999 400 0
2205| 3,899999 400 0
2206| 4,2 400 0
2207| 4,5 400 0
2208| 4,8 400 0
2209| 5,1 400 0
2210| 5,4 400 0
2211| 5,7 400 0
2212| 6 400 0
2213| 6,300001 400 0
2214| 6,600001 400 0
2215| 6,900001 400 0
2216| 7,200001 400 0
2217| 7,500001 400 0
2218| 7,800001 400 0
2219| 8,1 400 0
2220| 8,4 400 0
2221| 8,7 400 0
2222| 8,999999 400 0
2223| 9,299999 400 0
2224| 9,599998 400 0
2225| 9,899999 400 0
2226| 10,2 400 0
2227| 10,5 400 0
2228| 10,8 400 0
2229| 11,1 400 0
2230| 11,4 400 0
2231| 11,4 400 0
2232| 11,4 400 0
2233| 11,4 400 0
2234| 11,4 400 0
2235| 11,4 400 0
2236| 11,4 400 0
2237| 11,4 400 0
2238| 11,4 400 0
2239| 11,4 400 0
2240| 11,4 400 0
2241| 11,4 400 0
2242| 0 400 0
2243| -0,3 400 0
2244| -0,6 400 0
2245| -0,9 400 0
2246| -1,2 400 0
2247| -1,5 400 0
2248| -1,8 400 0
2249| -2,1 400 0
2250| -2,4 400 0
2251| -2,7 400 0
2252| -3 400 0
2253| -3,299999 400 0
2254| -3,599999 400 0
2255| -3,899999 400 0
2256| -4,2 400 0
2257| -4,5 400 0
2258| -4,8 400 0
2259| -5,1 400 0
2260| -5,4 400 0
2261| -5,7 400 0
2262| -6 400 0
2263| -6,300001 400 0
2264| -6,600001 400 0
2265| -6,900001 400 0
2266| -7,200001 400 0
2267| -7,500001 400 0
2268| -7,800001 400 0
2269| -8,1 400 0
2270| -8,4 400 0
2271| -8,7 400 0
2272| -8,999999 400 0
2273| -9,299999 400 0
2274| -9,599998 400 0
2275| -9,899999 400 0
2276| -10,2 400 0
2277| -10,5 400 0
2278| -10,8 400 0
2279| -10,8 400 0
2280| -10,8 400 0
2281| -10,8 400 0
2282| -10,8 400 0
2283| -10,8 400 0
2284| -10,8 400 0
2285| -10,8 400 0
2286| -10,8 400 0
2287| -10,8 400 0
2288| -10,8 400 0
2289| -10,8 400 0
2290| -10,8 400 0
2291| -10,8 400 0
2292| -10,8 400 0
2293| -10,8 400 0
2294| -10,8 400 0
2295| -10,8 400 0
2296| 0 400 0
2297| 0,3 400 0
2298| 0,6 400 0
2299| 0,9 400 0
2300| 1,2 400 0
2301| 1,5 400 0
2302| 1,8 400 0
2303| 2,1 400 0
2304| 2,4 400 0
2305| 2,7 400 0
2306| 3 400 0
2307| 3,299999 400 0
2308| 3,599999 400 0
2309| 3,899999 400 0
2310| 4,2 400 0
2311| 4,5 400 0
2312| 4,8 400 0
2313| 5,1 400 0
2314| 5,4 400 0
2315| 5,7 400 0
2316| 6 400 0
2317| 6,300001 400 0
2318| 6,600001 400 0
2319| 6,900001 400 0
2320| 7,200001 400 0
2321| 7,500001 400 0
2322| 7,800001 400 0
2323| 8,1 400 0
2324| 8,4 400 0
2325| 8,4 400 0
2326| 8,4 400 0
2327| 8,4 400 0
2328| 8,4 400 0
2329| 8,4 400 0
2330| 8,4 400 0
2331| 8,4 400 0
2332| 8,4 400 0
2333| 8,4 400 0
2334| 8,4 400 0
2335| 8,4 400 0
2336| 8,4 400 0
2337| 8,4 400 0
2338| 8,4 400 0
2339| 8,4 400 0
2340| 8,4 400 0
2341| 8,4 400 0
2342| 8,4 400 0
2343| 8,4 400 0
2344| 8,4 400 0
2345| 8,4 400 0
2346| 8,4 400 0
2347| 8,4 400 0
2348| 8,4 400 0
2349| 8,4 400 0
2350| 8,4 400 0
2351| 8,4 400 0
2352| 8,4 400 0
2353| 0 400 0
2354| -0,3 400 0
2355| -0,6 400 0
2356| -0,9 400 0
2357| -1,2 400 0
2358| -1,5 400 0
2359| -1,8 400 0
2360| -2,1 400 0
2361| -2,4 400 0
2362| -2,7 400 0
2363| -3 400 0
2364| -3,299999 400 0
2365| -3,599999 400 0
2366| -3,899999 400 0
2367| -4,2 400 0
2368| -4,5 400 0
2369| -4,8 400 0
2370| -5,1 400 0
2371| -5,4 400 0
2372| -5,7 400 0
2373| -5,7 400 0
2374| -5,7 400 0
2375| -5,7 400 0
2376| -5,7 400 0
2377| -5,7 400 0
2378| -5,7 400 0
2379| -5,7 400 0
2380| -5,7 400 0
2381| -5,7 400 0
2382| -5,7 400 0
2383| -5,7 400 0
2384| -5,7 400 0
2385| -5,7 400 0
2386| -5,7 400 0
2387| -5,7 400 0
2388| -5,7 400 0
2389| -5,7 400 0
2390| -5,7 400 0
2391| -5,7 400 0
2392| -5,7 400 0
2393| -5,7 400 0
2394| -5,7 400 0
2395| 0 400 0
2396| 0,3 400 0
2397| 0,6 400 0
2398| 0,9 400 0
2399| 1,2 400 0
2400| 1,2 400 0
2401| 1,2 400 0
2402| 1,2 400 0
2403| 1,2 400 0
2404| 1,2 400 0
2405| 1,2 400 0
2406| 1,2 400 0
2407| 1,2 400 0
2408| 1,2 400 0
2409| 1,2 400 0
2410| 1,2 400 0
2411| 1,2 400 0
2412| 1,2 400 0
2413| 1,2 400 0
2414| 1,2 400 0
2415| 1,2 400 0
2416| 1,5 400 0
2417| 1,8 400 0
2418| 2,1 400 0
2419| 2,4 400 0
2420| 2,7 400 0
2421| 3 400 0
2422| 3,299999 400 0
2423| 3,599999 400 0
2424| 3,599999 400 0
2425| 3,599999 400 0
2426| 3,599999 400 0
2427| 3,599999 400 0
2428| 3,599999 400 0
2429| 3,599999 400 0
2430| 3,599999 400 0
2431| 3,599999 400 0
2432| 3,599999 400 0
2433| 3,599999 400 0
2434| 3,599999 400 0
2435| 3,599999 400 0
2436| 3,599999 400 0
2437| 3,599999 400 0
2438| 3,599999 400 0
2439| 3,599999 400 0
2440| 3,599999 400 0
2441| 3,599999 400 0
2442| 3,599999 400 0
2443| 3,599999 400 0
2444| 3,599999 400 0
2445| 3,599999 400 0
2446| 3,599999 400 0
2447| 3,599999 400 0
2448| 3,599999 400 0
2449| 3,599999 400 0
2450| 3,599999 400 0
2451| 3,599999 400 0
2452| 3,599999 400 0
2453| 3,599999 400 0
2454| 3,599999 400 0
2455| 3,599999 400 0
2456| 3,599999 400 0
2457| 3,599999 400 0
2458| 3,599999 400 0
2459| 3,599999 400 0
2460| 3,599999 400 0
2461| 3,599999 400 0
2462| 3,599999 400 0
2463| 3,599999 400 0
2464| 0 400 0
2465| -0,3 400 0
2466| -0,6 400 0
2467| -0,9 400 0
2468| -1,2 400 0
2469| -1,5 400 0
2470| -1,8 400 0
2471| -2,1 400 0
2472| -2,4 400 0
2473| -2,7 400 0
2474| -3 400 0
2475| -3,299999 400 0
2476| -3,599999 400 0
2477| -3,899999 400 0
2478| -4,2 400 0
2479| -4,5 400 0
2480| -4,8 400 0
2481| -5,1 400 0
2482| -5,1 400 0
2483| -5,1 400 0
2484| -5,1 400 0
2485| -5,1 400 0
2486| -5,1 400 0
2487| -5,1 400 0
2488| -5,1 400 0
2489| -5,1 400 0
2490| -5,1 400 0
2491| -5,1 400 0
2492| -5,1 400 0
2493| -5,1 400 0
2494| -5,1 400 0
2495| -5,1 400 0
2496| -5,1 400 0
2497| -5,1 400 0
2498| -5,1 400 0
2499| -5,1 400 0
2500| -5,1 400 0
2501| -5,1 400 0
2502| -5,1 400 0
2503| -5,1 400 0
2504| -5,1 400 0
2505| -5,1 400 0
2506| -5,1 400 0
2507| -5,1 400 0
2508| -5,1 400 0
2509| -5,1 400 0
2510| -5,1 400 0
2511| -5,1 400 0
2512| -5,1 400 0
2513| -5,1 400 0
2514| -5,1 400 0
2515| -5,1 400 0
2516| -5,1 400 0
2517| -5,1 400 0
2518| -5,1 400 0
2519| -5,1 400 0
2520| 0 400 0
2521| 0 400 0
2522| 0 400 0
2523| 0 400 0
2524| 0 400 0
2525| 0 400 0
2526| 0 400 0
2527| 0 400 0
2528| 0 400 0
2529| 0 400 0
2530| 0 400 0
2531| 0 400 0
2532| 0 400 0
2533| 0,3 400 0
2534| 0,6 400 0
2535| 0,9 400 0
2536| 1,2 400 0
2537| 1,5 400 0
2538| 1,8 400 0
2539| 2,1 400 0
2540| 2,4 400 0
2541| 2,7 400 0
2542| 3 400 0
2543| 3,299999 400 0
2544| 3,599999 400 0
2545| 3,899999 400 0
2546| 4,2 400 0
2547| 4,5 400 0
2548| 4,8 400 0
2549| 5,1 400 0
2550| 5,4 400 0
2551| 5,7 400 0
2552| 6 400 0
2553| 6,300001 400 0
2554| 6,600001 400 0
2555| 6,900001 400 0
2556| 6,900001 400 0
2557| 6,900001 400 0
2558| 6,900001 400 0
2559| 6,900001 400 0
2560| 6,900001 400 0
2561| 6,900001 400 0
2562| 6,900001 400 0
2563| 6,900001 400 0
2564| 6,900001 400 0
2565| 6,900001 400 0
2566| 6,900001 400 0
2567| 6,900001 400 0
2568| 6,900001 400 0
2569| 6,900001 400 0
2570| 6,900001 400 0
2571| 6,900001 400 0
2572| 6,900001 400 0
2573| 6,900001 400 0
2574| 6,900001 400 0
2575| 6,900001 400 0
2576| 6,900001 400 0
2577| 6,900001 400 0
2578| 0 400 0
2579| -0,3 400 0
2580| -0,6 400 0
2581| -0,9 400 0
2582| -1,2 400 0
2583| -1,5 400 0
2584| -1,8 400 0
2585| -2,1 400 0
2586| -2,4 400 0
2587| -2,7 400 0
2588| -3 400 0
2589| -3,299999 400 0
2590| -3,599999 400 0
2591| -3,899999 400 0
2592| -4,2 400 0
2593| -4,5 400 0
2594| -4,8 400 0
2595| -5,1 400 0
2596| -5,4 400 0
2597| -5,4 400 0
2598| -5,4 400 0
2599| -5,4 400 0
2600| -5,4 400 0
2601| -5,4 400 0
2602| -5,4 400 0
2603| -5,4 400 0
2604| -5,4 400 0
2605| -5,4 400 0
2606| -5,4 400 0
2607| -5,4 400 0
2608| -5,4 400 0
2609| -5,4 400 0
2610| -5,4 400 0
2611| -5,4 400 0
2612| -5,4 400 0
2613| -5,4 400 0
2614| -5,4 400 0
2615| -5,4 400 0
2616| -5,4 400 0
2617| -5,4 400 0
2618| -5,4 400 0
2619| -5,4 400 0
2620| -5,4 400 0
2621| -5,4 400 0
2622| -5,4 400 0
2623| -5,4 400 0
2624| -5,4 400 0
2625| -5,4 400 0
2626| -5,4 400 0
2627| -5,4 400 0
2628| -5,4 400 0
2629| -5,4 400 0
2630| -5,4 400 0
2631| 0 400 0
2632| 0,3 400 0
2633| 0,6 400 0
2634| 0,9 400 0
2635| 1,2 400 0
2636| 1,5 400 0
2637| 1,8 400 0
2638| 2,1 400 0
2639| 2,4 400 0
2640| 2,7 400 0
2641| 3 400 0
2642| 3,299999 400 0
2643| 3,599999 400 0
2644| 3,899999 400 0
2645| 4,2 400 0
2646| 4,5 400 0
2647| 4,8 400 0
2648| 5,1 400 0
2649| 5,4 400 0
2650| 5,7 400 0
2651| 6 400 0
2652| 6,300001 400 0
2653| 6,600001 400 0
2654| 6,900001 400 0
2655| 7,200001 400 0
2656| 7,500001 400 0
2657| 7,800001 400 0
2658| 8,1 400 0
2659| 8,4 400 0
2660| 8,4 400 0
2661| 8,4 400 0
2662| 8,4 400 0
2663| 8,4 400 0
2664| 8,4 400 0
2665| 8,4 400 0
2666| 8,4 400 0
2667| 8,4 400 0
2668| 8,4 400 0
2669| 8,4 400 0
2670| 8,4 400 0
2671| 8,4 400 0
2672| 8,4 400 0
2673| 8,4 400 0
2674| 8,4 400 0
2675| 8,4 400 0
2676| 8,4 400 0
2677| 8,4 400 0
2678| 8,4 400 0
2679| 8,4 400 0
2680| 8,4 400 0
2681| 8,4 400 0
2682| 8,4 400 0
2683| 8,4 400 0
2684| 8,4 400 0

