1| 0 0 0
2| 0 0 0
3| 0 0 0
4| 0 0 0
5| 0 0 0
6| 0 0 0
7| 0 0 0
8| 0 0 0
9| 0 0 0
10| 0 0 0
11| 0 0 0
12| 0 0 0
13| 0 0 0
14| 0 0 0
15| 0 0 0
16| 0 0 0
17| 0 0 0
18| 0 0 0
19| 0 0 0
20| 0 0 0
21| 0 0 0
22| 0 0 0
23| 0 0 0
24| 0 0 0
25| 0,3 0 0
26| 0,6 0 0
27| 0,9 0 0
28| 1,2 4 0
29| 1,5 8 0
30| 1,8 12 0
31| 2,1 16 0
32| 2,4 20 0
33| 2,7 24 0
34| 3 28 0
35| 3,299999 32 0
36| 3,599999 36 0
37| 3,899999 40 0
38| 4,2 43,99999 0
39| 4,5 47,99999 0
40| 4,8 51,99999 0
41| 5,1 55,99999 0
42| 5,4 60 0
43| 5,7 64 0
44| 6 68 0
45| 6,300001 72 0
46| 6,600001 76,00001 0
47| 6,900001 80,00001 0
48| 7,200001 84,00001 0
49| 7,500001 88,00002 0
50| 7,800001 92,00002 0
51| 8,1 96,00002 0
52| 8,4 100 0
53| 8,7 104 0
54| 8,7 108 0
55| 8,7 112 0
56| 8,7 116 0
57| 8,7 120 0
58| 8,999999 124 0
59| 9,299999 128 0
60| 9,599998 132 0
61| 9,899999 136 0
62| 10,2 140 0
63| 10,5 144 0
64| 10,8 148 0
65| 11,1 152 0
66| 11,4 156 0
67| 11,7 160 0
68| 11,7 164 0
69| 11,7 168 0
70| 11,7 171,9999 0
71| 11,7 175,9999 0
72| 11,7 179,9999 0
73| 11,7 183,9999 0
74| 11,7 187,9999 0
75| 11,7 191,9999 0
76| 11,7 195,9999 0
77| 11,7 199,9999 0
78| 11,7 203,9999 0
79| 11,7 207,9999 0
80| 11,7 211,9999 0
81| 11,7 215,9999 0
82| 11,7 219,9999 0
83| 11,7 223,9999 0
84| 11,7 227,9999 0
85| 11,7 231,9999 0
86| 11,7 235,9999 0
87| 11,7 239,9999 0
88| 11,7 243,9999 0
89| 11,7 247,9999 0
90| 11,7 251,9999 0
91| 11,7 255,9999 0
92| 11,7 259,9999 0
93| 11,7 263,9999 0
94| 11,7 267,9999 0
95| 11,7 271,9998 0
96| 11,7 275,9998 0
97| 11,7 279,9998 0
98| 11,7 283,9998 0
99| 11,7 287,9998 0
100| 11,7 291,9998 0
101| 11,7 295,9998 0
102| 11,7 299,9998 0
103| 11,7 303,9998 0
104| 11,7 307,9998 0
105| 11,7 311,9998 0
106| 11,7 315,9998 0
107| 11,7 319,9998 0
108| 11,7 323,9998 0
109| 11,7 327,9998 0
110| 0 331,9998 0
111| -0,3 335,9998 0
112| -0,3 339,9998 0
113| -0,3 343,9998 0
114| -0,3 347,9998 0
115| -0,3 351,9998 0
116| -0,3 355,9998 0
117| -0,3 359,9998 0
118| -0,3 363,9998 0
119| -0,3 367,9998 0
120| -0,6 371,9998 0
121| -0,9 375,9998 0
122| -0,9 379,9998 0
123| -0,9 383,9998 0
124| -0,9 387,9998 0
125| -0,9 391,9998 0
126| -0,9 395,9998 0
127| -0,9 399,9997 0
128| -0,9 403,9998 0
129| -0,9 400 0
130| -0,9 400 0
131| -0,9 400 0
132| -0,9 400 0
133| -0,9 400 0
134| -1,2 400 0
135| -1,5 400 0
136| -1,8 400 0
137| -1,8 400 0
138| -1,8 400 0
139| -1,8 400 0
140| -1,8 400 0
141| -1,8 400 0
142| -1,8 400 0
143| -1,8 400 0
144| -1,8 400 0
145| -1,8 400 0
146| -1,8 400 0
147| -1,8 400 0
148| -1,8 400 0
149| -2,1 400 0
150| -2,4 400 0
151| -2,7 400 0
152| -2,7 400 0
153| -2,7 400 0
154| -2,7 400 0
155| -2,7 400 0
156| -2,7 400 0
157| -2,7 400 0
158| -2,7 400 0
159| -2,7 400 0
160| -2,7 400 0
161| -2,7 400 0
162| -2,7 400 0
163| -2,7 400 0
164| -2,7 400 0
165| -2,7 400 0
166| -2,7 400 0
167| -2,7 400 0
168| -2,7 400 0
169| -2,7 400 0
170| -2,7 400 0
171| -2,7 400 0
172| -2,7 400 0
173| -2,7 400 0
174| -2,7 400 0
175| -2,7 400 0
176| -2,7 400 0
177| 0 0 0
178| 0 0 0
179| 0 0 0
180| 0 0 0
181| 0 4 0
182| 0 8 0
183| 0 12 0
184| 0 16 0
185| 0 20 0
186| 0 24 0
187| 0 28 0
188| 0 32 0
189| 0 36 0
190| 0 40 0
191| 0 43,99999 0
192| 0 47,99999 0
193| 0,3 51,99999 0
194| 0,6 55,99999 0
195| 0,9 60 0
196| 0,9 64 0
197| 0,9 68 0
198| 0,9 72 0
199| 0,9 76,00001 0
200| 0,9 80,00001 0
201| 0,9 84,00001 0
202| 0,9 88,00002 0
203| 0,9 92,00002 0
204| 0,9 96,00002 0
205| 0,9 100 0
206| 0,9 104 0
207| 0,9 108 0
208| 0,9 112 0
209| 0,9 116 0
210| 0,9 120 0
211| 0,9 124 0
212| 0,9 128 0
213| 0,9 132 0
214| 0,9 136 0
215| 0,9 140 0
216| 0,9 144 0
217| 0,9 148 0
218| 0,9 152 0
219| 0,9 156 0
220| 0,9 160 0
221| 0,9 164 0
222| 0,9 168 0
223| 0,9 171,9999 0
224| 1,2 175,9999 0
225| 1,5 179,9999 0
226| 1,8 179,9999 0
227| 2,1 183,9999 0
228| 2,1 187,9999 0
229| 2,1 191,9999 0
230| 2,1 195,9999 0
231| 2,1 199,9999 0
232| 2,1 203,9999 0
233| 2,1 207,9999 0
234| 2,4 211,9999 0
235| 2,7 215,9999 0
236| 3 219,9999 0
237| 3 223,9999 0
238| 3 227,9999 0
239| 3 231,9999 0
240| 3 235,9999 0
241| 3 239,9999 0
242| 3 243,9999 0
243| 3 247,9999 0
244| 3 251,9999 0
245| 3 255,9999 0
246| 3 259,9999 0
247| 3 263,9999 0
248| 3 267,9999 0
249| 3 271,9998 0
250| 3 275,9998 0
251| 3 279,9998 0
252| 3,299999 283,9998 0
253| 3,599999 287,9998 0
254| 3,899999 291,9998 0
255| 4,2 295,9998 0
256| 4,5 299,9998 0
257| 4,8 303,9998 0
258| 5,1 307,9998 0
259| 5,4 311,9998 0
260| 5,7 315,9998 0
261| 6 319,9998 0
262| 6,300001 319,9998 0
263| 6,600001 319,9998 0
264| 6,900001 319,9998 0
265| 7,200001 323,9998 0
266| 7,500001 327,9998 0
267| 7,500001 331,9998 0
268| 7,500001 335,9998 0
269| 7,500001 339,9998 0
270| 7,500001 343,9998 0
271| 7,500001 347,9998 0
272| 7,500001 351,9998 0
273| 7,500001 355,9998 0
274| 7,500001 359,9998 0
275| 7,800001 363,9998 0
276| 8,1 367,9998 0
277| 8,1 371,9998 0
278| 8,1 375,9998 0
279| 8,1 379,9998 0
280| 8,1 383,9998 0
281| 8,1 387,9998 0
282| 8,1 391,9998 0
283| 8,1 395,9998 0
284| 8,1 399,9997 0
285| 8,1 403,9998 0
286| 0 0 0
287| 0 0 0
288| 0 0 0
289| 0 0 0
290| 0 0 0
291| 0 4 0
292| 0 8 0
293| 0 12 0
294| 0 16 0
295| 0 20 0
296| 0 24 0
297| 0 28 0
298| 0 32 0
299| 0 36 0
300| 0 40 0
301| 0 43,99999 0
302| 0 47,99999 0
303| 0 51,99999 0
304| 0,3 55,99999 0
305| 0,6 60 0
306| 0,9 64 0
307| 0,9 68 0
308| 0,9 72 0
309| 0,9 76,00001 0
310| 0,9 80,00001 0
311| 0,9 84,00001 0
312| 0,9 88,00002 0
313| 0,9 92,00002 0
314| 0,9 96,00002 0
315| 1,2 100 0
316| 1,5 104 0
317| 1,5 108 0
318| 1,5 112 0
319| 1,5 116 0
320| 1,5 120 0
321| 1,5 124 0
322| 1,5 128 0
323| 1,5 132 0
324| 1,5 136 0
325| 1,5 140 0
326| 1,5 144 0
327| 1,5 148 0
328| 1,5 152 0
329| 1,5 156 0
330| 1,5 160 0
331| 1,5 164 0
332| 1,5 168 0
333| 1,5 171,9999 0
334| 1,5 175,9999 0
335| 1,5 179,9999 0
336| 1,5 183,9999 0
337| 1,5 187,9999 0
338| 1,5 191,9999 0
339| 1,5 195,9999 0
340| 1,5 199,9999 0
341| 1,5 203,9999 0
342| 0 207,9999 0
343| -0,3 211,9999 0
344| -0,3 215,9999 0
345| -0,3 219,9999 0
346| -0,3 223,9999 0
347| -0,3 227,9999 0
348| -0,3 231,9999 0
349| -0,3 235,9999 0
350| -0,3 239,9999 0
351| -0,3 243,9999 0
352| -0,3 247,9999 0
353| -0,3 251,9999 0
354| -0,3 255,9999 0
355| -0,3 259,9999 0
356| -0,3 263,9999 0
357| -0,6 267,9999 0
358| -0,9 271,9998 0
359| -0,9 275,9998 0
360| -0,9 279,9998 0
361| -0,9 283,9998 0
362| -0,9 287,9998 0
363| -0,9 291,9998 0
364| -0,9 295,9998 0
365| -0,9 299,9998 0
366| -0,9 303,9998 0
367| -0,9 307,9998 0
368| -0,9 311,9998 0
369| -0,9 315,9998 0
370| -0,9 319,9998 0
371| -0,9 323,9998 0
372| -0,9 327,9998 0
373| -0,9 331,9998 0
374| -0,9 335,9998 0
375| -0,9 339,9998 0
376| -0,9 343,9998 0
377| -0,9 347,9998 0
378| -0,9 351,9998 0
379| -0,9 355,9998 0
380| -0,9 359,9998 0
381| -0,9 363,9998 0
382| -0,9 367,9998 0
383| -0,9 371,9998 0
384| -0,9 375,9998 0
385| -0,9 379,9998 0
386| -0,9 383,9998 0
387| -0,9 387,9998 0
388| -0,9 391,9998 0
389| -0,9 395,9998 0
390| -0,9 399,9997 0
391| -0,9 403,9998 0
392| -0,9 400 0
393| -0,9 400 0
394| -0,9 400 0
395| -0,9 400 0
396| -0,9 400 0
397| -0,9 400 0
398| -0,9 400 0
399| -0,9 400 0
400| -0,9 400 0
401| -0,9 400 0
402| -0,9 400 0
403| -0,9 400 0
404| -0,9 400 0
405| -0,9 400 0
406| -0,9 400 0
407| -0,9 400 0
408| -0,9 400 0
409| -0,9 400 0
410| -0,9 400 0
411| -0,9 400 0
412| -0,9 400 0
413| -0,9 400 0
414| -0,9 400 0
415| -0,9 400 0
416| -0,9 400 0
417| -0,9 400 0
418| -0,9 400 0
419| -0,9 400 0
420| -0,9 400 0
421| -0,9 400 0
422| -0,9 400 0
423| -0,9 400 0
424| -0,9 400 0
425| -0,9 400 0
426| -0,9 400 0
427| -0,9 400 0
428| -0,9 400 0
429| -0,9 400 0
430| -0,9 400 0
431| -0,9 400 0
432| -0,9 400 0
433| -0,9 400 0
434| -0,9 400 0
435| -0,9 400 0
436| -0,9 400 0
437| -0,9 400 0
438| -0,9 400 0
439| -0,9 400 0
440| -0,9 400 0
441| -0,9 400 0
442| -0,9 400 0
443| -0,9 400 0
444| -0,9 400 0
445| -0,9 400 0
446| -0,9 400 0
447| -0,9 400 0
448| -0,9 400 0
449| -0,9 400 0
450| -0,9 400 0
451| -0,9 400 0
452| -0,9 400 0
453| -0,9 400 0
454| -0,9 400 0
455| -0,9 400 0
456| -0,9 400 0
457| -0,9 400 0
458| -0,9 400 0
459| -0,9 400 0
460| -0,9 400 0
461| -0,9 400 0
462| -0,9 400 0
463| -0,9 400 0
464| -0,9 400 0
465| -0,9 400 0
466| -0,9 400 0
467| -0,9 400 0
468| -0,9 400 0
469| -0,9 400 0
470| -0,9 400 0
471| -0,9 400 0
472| -0,9 400 0
473| -0,9 400 0
474| -0,9 400 0
475| -0,9 400 0
476| -0,9 400 0
477| -0,9 400 0
478| -0,9 400 0
479| -0,9 400 0
480| -0,9 400 0
481| -0,9 400 0
482| -0,9 400 0
483| -0,9 400 0
484| -0,9 400 0
485| -0,9 400 0
486| -0,9 400 0
487| -0,9 400 0
488| -0,9 400 0
489| -0,9 400 0
490| -0,9 400 0
491| -0,9 400 0
492| -0,9 400 0
493| -0,9 400 0
494| -0,9 400 0
495| -0,9 400 0
496| -0,9 400 0
497| -0,9 400 0
498| -0,9 400 0
499| -0,9 400 0
500| -0,9 400 0
501| -0,9 400 0
502| -0,9 400 0
503| -0,9 400 0
504| -0,9 400 0
505| 0 400 0
506| 0,3 400 0
507| 0,6 400 0
508| 0,6 400 0
509| 0,6 400 0
510| 0,6 400 0
511| 0,6 400 0
512| 0,6 400 0
513| 0,6 400 0
514| 0,6 400 0
515| 0,6 400 0
516| 0,6 400 0
517| 0,6 400 0
518| 0,6 400 0
519| 0,6 400 0
520| 0,6 400 0
521| 0,6 400 0
522| 0,6 400 0
523| 0,6 400 0
524| 0,6 400 0
525| 0,6 400 0
526| 0,6 400 0
527| 0,6 400 0
528| 0,6 400 0
529| 0,6 400 0
530| 0,6 400 0
531| 0,6 400 0
532| 0,6 400 0
533| 0,6 400 0
534| 0,6 400 0
535| 0,6 400 0
536| 0,6 400 0
537| 0,6 400 0
538| 0,6 400 0
539| 0,6 400 0
540| 0,6 400 0
541| 0,6 400 0
542| 0,6 400 0
543| 0,6 400 0
544| 0,6 400 0
545| 0,6 400 0
546| 0,6 400 0
547| 0,6 400 0
548| 0,6 400 0
549| 0,6 400 0
550| 0,6 400 0
551| 0 400 0
552| -0,3 400 0
553| -0,6 400 0
554| -0,6 400 0
555| -0,6 400 0
556| -0,6 400 0
557| -0,6 400 0
558| -0,6 400 0
559| -0,6 400 0
560| -0,6 400 0
561| -0,6 400 0
562| -0,6 400 0
563| -0,6 400 0
564| -0,6 400 0
565| -0,6 400 0
566| -0,6 400 0
567| -0,6 400 0
568| -0,6 400 0
569| -0,6 400 0
570| -0,6 400 0
571| -0,6 400 0
572| -0,6 400 0
573| -0,6 400 0
574| -0,6 400 0
575| -0,6 400 0
576| -0,6 400 0
577| -0,6 400 0
578| -0,6 400 0
579| -0,6 400 0
580| -0,6 400 0
581| -0,6 400 0
582| -0,6 400 0
583| -0,6 400 0
584| -0,6 400 0
585| -0,6 400 0
586| -0,6 400 0
587| -0,6 400 0
588| -0,6 400 0
589| -0,6 400 0
590| -0,6 400 0
591| -0,6 400 0
592| -0,6 400 0
593| -0,6 400 0
594| -0,6 400 0
595| -0,6 400 0
596| -0,6 400 0
597| -0,6 400 0
598| -0,6 400 0
599| -0,6 400 0
600| -0,6 400 0
601| -0,6 400 0
602| -0,6 400 0
603| -0,6 400 0
604| -0,6 400 0
605| -0,6 400 0
606| -0,6 400 0
607| -0,6 400 0
608| -0,6 400 0
609| -0,6 400 0
610| -0,6 400 0
611| -0,6 400 0
612| 0 400 0
613| 0 400 0
614| 0 400 0
615| 0 400 0
616| 0 400 0
617| 0 400 0
618| 0 400 0
619| 0 400 0
620| 0 400 0
621| 0 400 0
622| 0 400 0
623| -0,3 400 0
624| -0,6 400 0
625| -0,6 400 0
626| -0,6 400 0
627| -0,6 400 0
628| -0,6 400 0
629| -0,6 400 0
630| -0,6 400 0
631| -0,6 400 0
632| -0,6 400 0
633| -0,6 400 0
634| -0,6 400 0
635| -0,6 400 0
636| -0,6 400 0
637| -0,6 400 0
638| -0,6 400 0
639| -0,6 400 0
640| -0,6 400 0
641| -0,6 400 0
642| -0,6 400 0
643| -0,6 400 0
644| -0,6 400 0
645| -0,6 400 0
646| -0,6 400 0
647| -0,6 400 0
648| -0,6 400 0
649| -0,6 400 0
650| -0,6 400 0
651| -0,6 400 0
652| -0,6 400 0
653| -0,6 400 0
654| -0,6 400 0
655| -0,6 400 0
656| -0,6 400 0
657| -0,6 400 0
658| -0,6 400 0
659| -0,6 400 0
660| -0,6 400 0
661| -0,6 400 0
662| -0,6 400 0
663| -0,6 400 0
664| -0,6 400 0
665| -0,6 400 0
666| -0,6 400 0
667| -0,6 400 0
668| -0,6 400 0
669| -0,6 400 0
670| -0,6 400 0
671| -0,6 400 0
672| -0,6 400 0
673| -0,6 400 0
674| -0,6 400 0
675| -0,6 400 0
676| -0,6 400 0
677| -0,6 400 0
678| -0,6 400 0
679| -0,6 400 0
680| -0,6 400 0
681| -0,6 400 0
682| -0,6 400 0
683| -0,6 400 0
684| -0,6 400 0
685| -0,6 400 0
686| -0,6 400 0
687| -0,6 400 0
688| -0,6 400 0
689| -0,6 400 0
690| -0,6 400 0
691| -0,6 400 0
692| -0,6 400 0
693| -0,6 400 0
694| -0,6 400 0
695| -0,6 400 0
696| -0,6 400 0
697| -0,6 400 0
698| -0,6 400 0
699| -0,6 400 0
700| -0,6 400 0
701| -0,6 400 0
702| -0,6 400 0
703| -0,6 400 0
704| -0,6 400 0
705| -0,6 400 0
706| -0,6 400 0
707| -0,6 400 0
708| -0,6 400 0
709| -0,6 400 0
710| -0,6 400 0
711| -0,6 400 0
712| -0,6 400 0
713| -0,6 400 0
714| -0,6 400 0
715| -0,6 400 0
716| -0,6 400 0
717| -0,6 400 0
718| -0,6 400 0
719| -0,6 400 0
720| 0 400 0
721| 0,3 400 0
722| 0,3 400 0
723| 0,3 400 0
724| 0,3 400 0
725| 0,3 400 0
726| 0,3 400 0
727| 0,3 400 0
728| 0,3 400 0
729| 0,3 400 0
730| 0,3 400 0
731| 0,3 400 0
732| 0,3 400 0
733| 0,3 400 0
734| 0,3 400 0
735| 0,3 400 0
736| 0,3 400 0
737| 0,3 400 0
738| 0,3 400 0
739| 0,3 400 0
740| 0,3 400 0
741| 0,3 400 0
742| 0,3 400 0
743| 0,3 400 0
744| 0,3 400 0
745| 0,3 400 0
746| 0,3 400 0
747| 0,3 400 0
748| 0,3 400 0
749| 0,3 400 0
750| 0,3 400 0
751| 0,3 400 0
752| 0,3 400 0
753| 0,3 400 0
754| 0,3 400 0
755| 0,3 400 0
756| 0,3 400 0
757| 0,3 400 0
758| 0,3 400 0
759| 0,3 400 0
760| 0,3 400 0
761| 0,3 400 0
762| 0,3 400 0
763| 0,3 400 0
764| 0,3 400 0
765| 0,3 400 0
766| 0,3 400 0
767| 0 400 0
768| -0,3 400 0
769| -0,6 400 0
770| -0,9 400 0
771| -0,9 400 0
772| -0,9 400 0
773| -0,9 400 0
774| -0,9 400 0
775| -0,9 400 0
776| -0,9 400 0
777| -0,9 400 0
778| -0,9 400 0
779| -0,9 400 0
780| -0,9 400 0
781| -0,9 400 0
782| -0,9 400 0
783| -0,9 400 0
784| -0,9 400 0
785| -0,9 400 0
786| -0,9 400 0
787| -0,9 400 0
788| -0,9 400 0
789| -0,9 400 0
790| -0,9 400 0
791| -0,9 400 0
792| -0,9 400 0
793| -0,9 400 0
794| -0,9 400 0
795| -0,9 400 0
796| -0,9 400 0
797| -1,2 400 0
798| -1,5 400 0
799| -1,8 400 0
800| -2,1 400 0
801| -2,1 400 0
802| -2,1 400 0
803| -2,1 400 0
804| -2,1 400 0
805| -2,1 400 0
806| -2,1 400 0
807| -2,1 400 0
808| -2,1 400 0
809| -2,1 400 0
810| -2,1 400 0
811| -2,1 400 0
812| -2,1 400 0
813| -2,1 400 0
814| -2,1 400 0
815| -2,1 400 0
816| -2,1 400 0
817| -2,1 400 0
818| -2,1 400 0
819| -2,1 400 0
820| -2,1 400 0
821| -2,1 400 0
822| -2,1 400 0
823| -2,1 400 0
824| -2,1 400 0
825| -2,1 400 0
826| -2,1 400 0
827| -2,1 400 0
828| -2,1 400 0
829| -2,1 400 0
830| -2,1 400 0
831| -2,1 400 0
832| -2,1 400 0
833| -2,4 400 0
834| -2,7 400 0
835| -3 400 0
836| -3,299999 400 0
837| -3,299999 400 0
838| -3,299999 400 0
839| -3,299999 400 0
840| -3,299999 400 0
841| -3,299999 400 0
842| -3,299999 400 0
843| -3,299999 400 0
844| -3,299999 400 0
845| -3,299999 400 0
846| -3,299999 400 0
847| -3,299999 400 0
848| -3,299999 400 0
849| -3,299999 400 0
850| -3,299999 400 0
851| -3,299999 400 0
852| -3,299999 400 0
853| -3,299999 400 0
854| -3,299999 400 0
855| -3,299999 400 0
856| -3,299999 400 0
857| -3,299999 400 0
858| -3,299999 400 0
859| -3,299999 400 0
860| -3,299999 400 0
861| -3,299999 400 0
862| -3,299999 400 0
863| -3,299999 400 0
864| -3,299999 400 0
865| -3,299999 400 0
866| -3,299999 400 0
867| 0 400 0
868| 0,3 400 0
869| 0,3 400 0
870| 0,3 400 0
871| 0,3 400 0
872| 0,3 400 0
873| 0,3 400 0
874| 0,3 400 0
875| 0,3 400 0
876| 0,3 400 0
877| 0,3 400 0
878| 0,3 400 0
879| 0,3 400 0
880| 0,3 400 0
881| 0,3 400 0
882| 0 400 0
883| -0,3 400 0
884| -0,3 400 0
885| -0,3 400 0
886| -0,3 400 0
887| -0,3 400 0
888| -0,3 400 0
889| -0,3 400 0
890| -0,3 400 0
891| -0,3 400 0
892| -0,3 400 0
893| -0,3 400 0
894| -0,3 400 0
895| -0,3 400 0
896| -0,3 400 0
897| -0,6 400 0
898| -0,9 400 0
899| -1,2 400 0
900| -1,5 400 0
901| -1,5 400 0
902| -1,5 400 0
903| -1,5 400 0
904| -1,5 400 0
905| -1,5 400 0
906| -1,8 400 0
907| -1,8 400 0
908| -1,8 400 0
909| -1,8 400 0
910| -1,8 400 0
911| -1,8 400 0
912| -1,8 400 0
913| -1,8 400 0
914| -1,8 400 0
915| -1,8 400 0
916| -1,8 400 0
917| -1,8 400 0
918| -1,8 400 0
919| -1,8 400 0
920| -1,8 400 0
921| -1,8 400 0
922| -1,8 400 0
923| -1,8 400 0
924| -1,8 400 0
925| -1,8 400 0
926| -1,8 400 0
927| -1,8 400 0
928| -1,8 400 0
929| -1,8 400 0
930| -1,8 400 0
931| -1,8 400 0
932| -1,8 400 0
933| -1,8 400 0
934| -1,8 400 0
935| -1,8 400 0
936| -1,8 400 0
937| -1,8 400 0
938| -1,8 400 0
939| -1,8 400 0
940| -1,8 400 0
941| -1,8 400 0
942| -1,8 400 0
943| -1,8 400 0
944| -1,8 400 0
945| -2,1 400 0
946| -2,4 400 0
947| -2,7 400 0
948| -3 400 0
949| -3,299999 400 0
950| -3,299999 400 0
951| -3,299999 400 0
952| -3,299999 400 0
953| -3,299999 400 0
954| -3,299999 400 0
955| -3,299999 400 0
956| -3,299999 400 0
957| -3,299999 400 0
958| -3,299999 400 0
959| -3,299999 400 0
960| -3,299999 400 0
961| -3,299999 400 0
962| -3,299999 400 0
963| -3,299999 400 0
964| -3,299999 400 0
965| -3,299999 400 0
966| -3,299999 400 0
967| -3,299999 400 0
968| -3,299999 400 0
969| -3,299999 400 0
970| -3,299999 400 0
971| -3,299999 400 0
972| -3,299999 400 0
973| -3,299999 400 0
974| -3,299999 400 0
975| -3,299999 400 0
976| -3,299999 400 0
977| -3,299999 400 0
978| -3,299999 400 0
979| -3,299999 400 0
980| -3,299999 400 0
981| -3,299999 400 0
982| -3,299999 400 0
983| -3,299999 400 0
984| 0 400 0
985| 0,3 400 0
986| 0,3 400 0
987| 0,3 400 0
988| 0,3 400 0
989| 0,3 400 0
990| 0,3 400 0
991| 0,3 400 0
992| 0,3 400 0
993| 0,3 400 0
994| 0,3 400 0
995| 0,3 400 0
996| 0,3 400 0
997| 0,3 400 0
998| 0,3 400 0
999| 0,3 400 0
1000| 0,3 400 0
1001| 0,3 400 0
1002| 0,3 400 0
1003| 0,3 400 0
1004| 0,3 400 0
1005| 0,3 400 0
1006| 0,3 400 0
1007| 0,3 400 0
1008| 0,3 400 0
1009| 0,3 400 0
1010| 0,3 400 0
1011| 0,3 400 0
1012| 0,3 400 0
1013| 0,3 400 0
1014| 0,3 400 0
1015| 0,3 400 0
1016| 0,3 400 0
1017| 0,3 400 0
1018| 0,3 400 0
1019| 0,3 400 0
1020| 0,3 400 0
1021| 0,3 400 0
1022| 0,3 400 0
1023| 0,3 400 0
1024| 0,3 400 0
1025| 0,3 400 0
1026| 0,3 400 0
1027| 0 400 0
1028| -0,3 400 0
1029| -0,6 400 0
1030| -0,9 400 0
1031| -1,2 400 0
1032| -1,2 400 0
1033| -1,2 400 0
1034| -1,2 400 0
1035| -1,2 400 0
1036| -1,2 400 0
1037| -1,2 400 0
1038| -1,2 400 0
1039| -1,2 400 0
1040| -1,2 400 0
1041| -1,2 400 0
1042| -1,2 400 0
1043| -1,2 400 0
1044| -1,2 400 0
1045| -1,2 400 0
1046| -1,2 400 0
1047| -1,2 400 0
1048| -1,2 400 0
1049| -1,2 400 0
1050| -1,2 400 0
1051| -1,2 400 0
1052| -1,2 400 0
1053| -1,2 400 0
1054| -1,2 400 0
1055| -1,2 400 0
1056| -1,2 400 0
1057| -1,2 400 0
1058| -1,2 400 0
1059| -1,2 400 0
1060| -1,2 400 0
1061| -1,2 400 0
1062| -1,2 400 0
1063| -1,2 400 0
1064| -1,2 400 0
1065| -1,2 400 0
1066| -1,2 400 0
1067| -1,2 400 0
1068| -1,2 400 0
1069| -1,2 400 0
1070| -1,2 400 0
1071| -1,2 400 0
1072| -1,2 400 0
1073| -1,2 400 0
1074| -1,2 400 0
1075| -1,2 400 0
1076| -1,2 400 0
1077| -1,2 400 0
1078| -1,2 400 0
1079| -1,2 400 0
1080| -1,2 400 0
1081| -1,2 400 0
1082| -1,2 400 0
1083| -1,2 400 0
1084| -1,2 400 0
1085| -1,2 400 0
1086| -1,2 400 0
1087| -1,2 400 0
1088| -1,2 400 0
1089| -1,2 400 0
1090| -1,2 400 0
1091| -1,2 400 0
1092| -1,2 400 0
1093| -1,2 400 0
1094| -1,2 400 0
1095| -1,2 400 0
1096| -1,2 400 0
1097| -1,2 400 0
1098| -1,2 400 0
1099| -1,2 400 0
1100| -1,2 400 0
1101| -1,2 400 0
1102| -1,2 400 0
1103| -1,2 400 0
1104| -1,2 400 0
1105| -1,2 400 0
1106| -1,2 400 0
1107| -1,2 400 0
1108| -1,2 400 0
1109| -1,2 400 0
1110| -1,2 400 0
1111| -1,2 400 0
1112| -1,2 400 0
1113| -1,2 400 0
1114| -1,2 400 0
1115| -1,2 400 0
1116| -1,2 400 0
1117| -1,2 400 0
1118| -1,2 400 0
1119| -1,2 400 0
1120| -1,2 400 0
1121| -1,2 400 0
1122| -1,2 400 0
1123| -1,2 400 0
1124| -1,2 400 0
1125| -1,2 400 0
1126| -1,2 400 0
1127| -1,2 400 0
1128| -1,2 400 0
1129| -1,2 400 0
1130| -1,2 400 0
1131| -1,2 400 0
1132| -1,2 400 0
1133| -1,2 400 0
1134| 0 400 0
1135| 0,3 400 0
1136| 0,6 400 0
1137| 0,6 400 0
1138| 0,6 400 0
1139| 0,6 400 0
1140| 0,6 400 0
1141| 0,6 400 0
1142| 0,6 400 0
1143| 0,6 400 0
1144| 0,6 400 0
1145| 0,6 400 0
1146| 0,6 400 0
1147| 0,6 400 0
1148| 0,6 400 0
1149| 0,6 400 0
1150| 0,6 400 0
1151| 0,6 400 0
1152| 0,6 400 0
1153| 0,6 400 0
1154| 0,6 400 0
1155| 0,6 400 0
1156| 0,6 400 0
1157| 0,6 400 0
1158| 0,6 400 0
1159| 0,6 400 0
1160| 0,6 400 0
1161| 0,6 400 0
1162| 0,6 400 0
1163| 0,6 400 0
1164| 0,6 400 0
1165| 0,6 400 0
1166| 0,6 400 0
1167| 0,6 400 0
1168| 0,6 400 0
1169| 0,6 400 0
1170| 0,6 400 0
1171| 0,6 400 0
1172| 0,6 400 0
1173| 0,6 400 0
1174| 0,6 400 0
1175| 0,6 400 0
1176| 0,6 400 0
1177| 0,6 400 0
1178| 0,6 400 0
1179| 0,6 400 0
1180| 0,6 400 0
1181| 0,6 400 0
1182| 0,6 400 0
1183| 0,6 400 0
1184| 0,6 400 0
1185| 0,6 400 0
1186| 0,6 400 0
1187| 0,6 400 0
1188| 0,6 400 0
1189| 0,6 400 0
1190| 0,6 400 0
1191| 0,6 400 0
1192| 0,6 400 0
1193| 0,6 400 0
1194| 0,6 400 0
1195| 0,6 400 0
1196| 0,6 400 0
1197| 0,6 400 0
1198| 0,6 400 0
1199| 0,6 400 0
1200| 0,6 400 0
1201| 0,6 400 0
1202| 0,6 400 0
1203| 0,6 400 0
1204| 0,6 400 0
1205| 0,6 400 0
1206| 0,6 400 0
1207| 0,6 400 0
1208| 0,6 400 0
1209| 0,6 400 0
1210| 0,6 400 0
1211| 0 400 0
1212| -0,3 400 0
1213| -0,6 400 0
1214| -0,9 400 0
1215| -0,9 400 0
1216| -0,9 400 0
1217| -0,9 400 0
1218| -0,9 400 0
1219| -0,9 400 0
1220| -0,9 400 0
1221| -0,9 400 0
1222| -0,9 400 0
1223| -0,9 400 0
1224| -0,9 400 0
1225| -0,9 400 0
1226| -0,9 400 0
1227| -0,9 400 0
1228| -0,9 400 0
1229| -0,9 400 0
1230| -0,9 400 0
1231| -0,9 400 0
1232| -0,9 400 0
1233| -0,9 400 0
1234| -0,9 400 0
1235| -0,9 400 0
1236| -0,9 400 0
1237| -0,9 400 0
1238| -0,9 400 0
1239| -0,9 400 0
1240| -0,9 400 0
1241| -0,9 400 0
1242| -0,9 400 0
1243| -0,9 400 0
1244| -0,9 400 0
1245| -0,9 400 0
1246| -0,9 400 0
1247| -0,9 400 0
1248| -0,9 400 0
1249| -0,9 400 0
1250| -0,9 400 0
1251| -0,9 400 0
1252| -0,9 400 0
1253| -0,9 400 0
1254| -0,9 400 0
1255| -0,9 400 0
1256| -0,9 400 0
1257| -0,9 400 0
1258| -0,9 400 0
1259| -0,9 400 0
1260| -0,9 400 0
1261| -0,9 400 0
1262| -0,9 400 0
1263| -0,9 400 0
1264| -0,9 400 0
1265| -0,9 400 0
1266| -0,9 400 0
1267| -0,9 400 0
1268| -0,9 400 0
1269| -0,9 400 0
1270| -0,9 400 0
1271| -0,9 400 0
1272| -0,9 400 0
1273| -0,9 400 0
1274| -0,9 400 0
1275| -0,9 400 0
1276| -0,9 400 0
1277| -0,9 400 0
1278| -1,2 400 0
1279| -1,5 400 0
1280| -1,8 400 0
1281| -2,1 400 0
1282| -2,1 400 0
1283| -2,1 400 0
1284| -2,1 400 0
1285| -2,1 400 0
1286| -2,1 400 0
1287| -2,1 400 0
1288| -2,1 400 0
1289| -2,1 400 0
1290| -2,1 400 0
1291| -2,1 400 0
1292| -2,1 400 0
1293| -2,1 400 0
1294| -2,1 400 0
1295| -2,1 400 0
1296| -2,1 400 0
1297| -2,1 400 0
1298| -2,1 400 0
1299| -2,1 400 0
1300| -2,1 400 0
1301| -2,1 400 0
1302| -2,1 400 0
1303| -2,1 400 0
1304| -2,1 400 0
1305| -2,1 400 0
1306| -2,1 400 0
1307| -2,1 400 0
1308| -2,1 400 0
1309| -2,1 400 0
1310| -2,1 400 0
1311| -2,1 400 0
1312| -2,1 400 0
1313| -2,1 400 0
1314| -2,1 400 0
1315| -2,1 400 0
1316| -2,1 400 0
1317| -2,1 400 0
1318| -2,1 400 0
1319| -2,1 400 0
1320| -2,1 400 0
1321| -2,1 400 0
1322| -2,1 400 0
1323| -2,1 400 0
1324| -2,1 400 0
1325| -2,1 400 0
1326| -2,1 400 0
1327| -2,1 400 0
1328| -2,1 400 0
1329| -2,1 400 0
1330| -2,1 400 0
1331| -2,1 400 0
1332| -2,1 400 0
1333| -2,1 400 0
1334| -2,1 400 0
1335| -2,1 400 0
1336| -2,1 400 0
1337| -2,1 400 0
1338| -2,1 400 0
1339| -2,1 400 0
1340| -2,1 400 0
1341| -2,1 400 0
1342| -2,1 400 0
1343| -2,1 400 0
1344| -2,1 400 0
1345| -2,1 400 0
1346| -2,1 400 0
1347| -2,1 400 0
1348| -2,1 400 0
1349| -2,1 400 0
1350| -2,1 400 0
1351| -2,1 400 0
1352| -2,1 400 0
1353| -2,1 400 0
1354| -2,1 400 0
1355| -2,1 400 0
1356| -2,1 400 0
1357| -2,1 400 0
1358| -2,1 400 0
1359| -2,1 400 0
1360| -2,1 400 0
1361| -2,1 400 0
1362| -2,1 400 0
1363| -2,1 400 0
1364| -2,1 400 0
1365| -2,1 400 0
1366| -2,1 400 0
1367| -2,1 400 0
1368| -2,1 400 0
1369| -2,1 400 0
1370| -2,1 400 0
1371| -2,1 400 0
1372| -2,1 400 0
1373| -2,1 400 0
1374| -2,1 400 0
1375| -2,1 400 0
1376| -2,1 400 0
1377| -2,1 400 0
1378| -2,1 400 0
1379| -2,1 400 0
1380| -2,1 400 0
1381| -2,1 400 0
1382| -2,1 400 0
1383| -2,1 400 0
1384| -2,1 400 0
1385| -2,1 400 0
1386| -2,1 400 0
1387| -2,1 400 0
1388| -2,1 400 0
1389| -2,1 400 0
1390| -2,1 400 0
1391| -2,1 400 0
1392| -2,1 400 0
1393| -2,1 400 0
1394| -2,1 400 0
1395| -2,1 400 0
1396| -2,1 400 0
1397| -2,1 400 0
1398| -2,1 400 0
1399| -2,1 400 0
1400| -2,1 400 0
1401| -2,1 400 0
1402| -2,1 400 0
1403| -2,1 400 0
1404| -2,1 400 0
1405| -2,1 400 0
1406| -2,1 400 0
1407| -2,1 400 0
1408| -2,1 400 0
1409| -2,1 400 0
1410| -2,1 400 0
1411| -2,1 400 0
1412| 0 400 0
1413| 0,3 400 0
1414| 0,3 400 0
1415| 0,3 400 0
1416| 0,3 400 0
1417| 0,3 400 0
1418| 0,3 400 0
1419| 0,3 400 0
1420| 0,3 400 0
1421| 0,3 400 0
1422| 0,3 400 0
1423| 0,3 400 0
1424| 0,3 400 0
1425| 0,3 400 0
1426| 0,3 400 0
1427| 0,3 400 0
1428| 0,3 400 0
1429| 0,3 400 0
1430| 0,3 400 0
1431| 0,3 400 0
1432| 0,3 400 0
1433| 0,3 400 0
1434| 0,3 400 0
1435| 0,3 400 0
1436| 0,3 400 0
1437| 0,3 400 0
1438| 0,3 400 0
1439| 0,3 400 0
1440| 0,3 400 0
1441| 0,3 400 0
1442| 0,3 400 0
1443| 0,3 400 0
1444| 0,3 400 0
1445| 0,3 400 0
1446| 0,3 400 0
1447| 0,3 400 0
1448| 0,3 400 0
1449| 0,3 400 0
1450| 0,3 400 0
1451| 0,3 400 0
1452| 0,3 400 0
1453| 0,3 400 0
1454| 0,3 400 0
1455| 0,3 400 0
1456| 0,3 400 0
1457| 0,3 400 0
1458| 0,3 400 0
1459| 0,3 400 0
1460| 0,3 400 0
1461| 0,3 400 0
1462| 0,3 400 0
1463| 0,3 400 0
1464| 0,3 400 0
1465| 0,3 400 0
1466| 0,3 400 0
1467| 0,3 400 0
1468| 0,3 400 0
1469| 0,3 400 0
1470| 0,3 400 0
1471| 0,3 400 0
1472| 0,3 400 0
1473| 0,3 400 0
1474| 0,3 400 0
1475| 0,3 400 0
1476| 0,3 400 0
1477| 0,3 400 0
1478| 0,3 400 0
1479| 0,3 400 0
1480| 0,3 400 0
1481| 0,3 400 0
1482| 0,3 400 0
1483| 0,3 400 0
1484| 0,3 400 0
1485| 0,3 400 0
1486| 0,3 400 0
1487| 0,3 400 0
1488| 0,3 400 0
1489| 0,3 400 0
1490| 0,3 400 0
1491| 0,3 400 0
1492| 0,3 400 0
1493| 0,3 400 0
1494| 0,3 400 0
1495| 0,3 400 0
1496| 0,3 400 0
1497| 0,3 400 0
1498| 0,3 400 0
1499| 0,3 400 0
1500| 0,3 400 0
1501| 0,3 400 0
1502| 0,3 400 0
1503| 0,3 400 0
1504| 0,3 400 0
1505| 0,3 400 0
1506| 0,3 400 0
1507| 0,3 400 0
1508| 0,3 400 0
1509| 0,3 400 0
1510| 0,3 400 0
1511| 0,3 400 0
1512| 0,3 400 0
1513| 0,3 400 0
1514| 0,3 400 0
1515| 0,3 400 0
1516| 0,3 400 0
1517| 0,3 400 0
1518| 0,3 400 0
1519| 0,3 400 0
1520| 0,3 400 0
1521| 0,3 400 0
1522| 0,3 400 0
1523| 0,3 400 0
1524| 0,3 400 0
1525| 0,3 400 0
1526| 0,3 400 0
1527| 0,3 400 0
1528| 0,3 400 0
1529| 0,3 400 0
1530| 0,3 400 0
1531| 0,3 400 0
1532| 0,3 400 0
1533| 0,3 400 0
1534| 0,3 400 0
1535| 0,3 400 0
1536| 0,3 400 0
1537| 0,3 400 0
1538| 0,3 400 0
1539| 0,3 400 0
1540| 0,3 400 0
1541| 0,3 400 0
1542| 0,3 400 0
1543| 0,3 400 0
1544| 0,3 400 0
1545| 0,3 400 0
1546| 0,3 400 0
1547| 0,3 400 0
1548| 0,3 400 0
1549| 0,3 400 0
1550| 0,3 400 0
1551| 0,3 400 0
1552| 0,3 400 0
1553| 0,3 400 0
1554| 0,3 400 0
1555| 0,3 400 0
1556| 0,3 400 0
1557| 0,3 400 0
1558| 0,3 400 0
1559| 0,3 400 0
1560| 0,3 400 0
1561| 0,3 400 0
1562| 0,3 400 0
1563| 0,3 400 0
1564| 0,3 400 0
1565| 0,3 400 0
1566| 0,3 400 0
1567| 0,3 400 0
1568| 0,3 400 0
1569| 0,3 400 0
1570| 0,3 400 0
1571| 0,3 400 0
1572| 0,3 400 0
1573| 0,3 400 0
1574| 0,3 400 0
1575| 0,3 400 0
1576| 0,3 400 0
1577| 0,3 400 0
1578| 0,3 400 0
1579| 0,3 400 0
1580| 0,3 400 0
1581| 0,3 400 0
1582| 0,3 400 0
1583| 0,3 400 0
1584| 0,3 400 0
1585| 0,3 400 0
1586| 0,3 400 0
1587| 0,3 400 0
1588| 0,3 400 0
1589| 0,3 400 0
1590| 0,3 400 0
1591| 0,3 400 0
1592| 0,3 400 0
1593| 0,3 400 0
1594| 0,3 400 0
1595| 0,3 400 0
1596| 0,3 400 0
1597| 0,3 400 0
1598| 0,3 400 0
1599| 0,3 400 0
1600| 0,3 400 0
1601| 0,3 400 0
1602| 0,3 400 0
1603| 0,3 400 0
1604| 0,3 400 0
1605| 0,3 400 0
1606| 0,3 400 0
1607| 0,3 400 0
1608| 0,3 400 0
1609| 0,3 400 0
1610| 0,3 400 0
1611| 0,3 400 0
1612| 0,3 400 0
1613| 0,3 400 0
1614| 0,3 400 0
1615| 0,3 400 0
1616| 0,3 400 0
1617| 0,3 400 0
1618| 0,3 400 0
1619| 0,3 400 0
1620| 0,3 400 0
1621| 0,3 400 0
1622| 0,3 400 0
1623| 0,3 400 0
1624| 0,3 400 0
1625| 0,3 400 0
1626| 0,3 400 0
1627| 0,3 400 0
1628| 0,3 400 0
1629| 0,3 400 0
1630| 0,3 400 0
1631| 0,3 400 0
1632| 0,3 400 0
1633| 0,3 400 0
1634| 0,3 400 0
1635| 0,3 400 0
1636| 0,3 400 0
1637| 0,3 400 0
1638| 0,3 400 0
1639| 0,3 400 0
1640| 0,3 400 0
1641| 0,3 400 0
1642| 0,3 400 0
1643| 0,3 400 0
1644| 0,3 400 0
1645| 0,3 400 0
1646| 0,3 400 0
1647| 0,3 400 0
1648| 0,3 400 0
1649| 0,3 400 0
1650| 0,3 400 0
1651| 0,3 400 0
1652| 0,3 400 0
1653| 0,3 400 0
1654| 0,3 400 0
1655| 0,3 400 0
1656| 0,3 400 0
1657| 0,3 400 0
1658| 0,3 400 0
1659| 0,3 400 0
1660| 0,3 400 0
1661| 0,3 400 0
1662| 0,3 400 0
1663| 0,3 400 0
1664| 0,3 400 0
1665| 0,3 400 0
1666| 0,3 400 0
1667| 0,3 400 0
1668| 0,3 400 0
1669| 0,3 400 0
1670| 0,3 400 0
1671| 0,3 400 0
1672| 0,3 400 0
1673| 0,3 400 0
1674| 0,3 400 0
1675| 0,3 400 0
1676| 0,3 400 0
1677| 0,3 400 0
1678| 0,3 400 0
1679| 0,3 400 0
1680| 0,3 400 0
1681| 0,3 400 0
1682| 0,3 400 0
1683| 0,3 400 0
1684| 0,3 400 0
1685| 0,3 400 0
1686| 0,3 400 0
1687| 0,3 400 0
1688| 0,3 400 0
1689| 0,3 400 0
1690| 0,3 400 0
1691| 0,3 400 0
1692| 0,3 400 0
1693| 0,3 400 0
1694| 0,3 400 0
1695| 0,3 400 0
1696| 0,3 400 0
1697| 0,3 400 0
1698| 0,3 400 0
1699| 0,3 400 0
1700| 0,3 400 0
1701| 0,3 400 0
1702| 0,3 400 0
1703| 0 400 0
1704| -0,3 400 0
1705| -0,6 400 0
1706| -0,6 400 0
1707| -0,6 400 0
1708| -0,6 400 0
1709| -0,6 400 0
1710| -0,6 400 0
1711| -0,9 400 0
1712| -0,9 400 0
1713| -0,9 400 0
1714| -0,9 400 0
1715| -0,9 400 0
1716| -0,9 400 0
1717| -0,9 400 0
1718| -0,9 400 0
1719| -0,9 400 0
1720| -0,9 400 0
1721| -1,2 400 0
1722| -1,5 400 0
1723| -1,5 400 0
1724| -1,5 400 0
1725| -1,5 400 0
1726| -1,5 400 0
1727| -1,8 400 0
1728| -2,1 400 0
1729| -2,4 400 0
1730| -2,4 400 0
1731| -2,4 400 0
1732| -2,4 400 0
1733| -2,4 400 0
1734| -2,4 400 0
1735| -2,4 400 0
1736| -2,4 400 0
1737| -2,4 400 0
1738| -2,4 400 0
1739| -2,7 400 0
1740| -3 400 0
1741| -3,299999 400 0
1742| -3,599999 400 0
1743| -3,599999 400 0
1744| -3,599999 400 0
1745| -3,599999 400 0
1746| -3,599999 400 0
1747| -3,599999 400 0
1748| -3,899999 400 0
1749| -4,2 400 0
1750| -4,5 400 0
1751| -4,5 400 0
1752| -4,5 400 0
1753| -4,5 400 0
1754| -4,5 400 0
1755| -4,8 400 0
1756| -5,1 400 0
1757| -5,4 400 0
1758| -5,4 400 0
1759| -5,4 400 0
1760| -5,4 400 0
1761| -5,4 400 0
1762| -5,4 400 0
1763| -5,4 400 0
1764| -5,4 400 0
1765| -5,4 400 0
1766| -5,4 400 0
1767| -5,4 400 0
1768| -5,4 400 0
1769| -5,4 400 0
1770| -5,4 400 0
1771| -5,4 400 0
1772| -5,4 400 0
1773| -5,4 400 0
1774| -5,4 400 0
1775| -5,4 400 0
1776| -5,4 400 0
1777| -5,4 400 0
1778| -5,4 400 0
1779| -5,4 400 0
1780| -5,4 400 0
1781| -5,4 400 0
1782| -5,4 400 0
1783| -5,4 400 0
1784| -5,4 400 0
1785| -5,4 400 0
1786| -5,4 400 0
1787| 0 400 0
1788| 0,3 400 0
1789| 0,6 400 0
1790| 0,9 400 0
1791| 1,2 400 0
1792| 1,2 400 0
1793| 1,2 400 0
1794| 1,2 400 0
1795| 1,2 400 0
1796| 1,2 400 0
1797| 1,2 400 0
1798| 1,2 400 0
1799| 1,2 400 0
1800| 1,2 400 0
1801| 1,2 400 0
1802| 1,2 400 0
1803| 1,2 400 0
1804| 1,2 400 0
1805| 1,2 400 0
1806| 1,2 400 0
1807| 1,2 400 0
1808| 1,2 400 0
1809| 1,2 400 0
1810| 1,2 400 0
1811| 1,2 400 0
1812| 1,2 400 0
1813| 1,2 400 0
1814| 1,2 400 0
1815| 1,2 400 0
1816| 1,2 400 0
1817| 1,2 400 0
1818| 1,2 400 0
1819| 1,2 400 0
1820| 1,2 400 0
1821| 1,2 400 0
1822| 1,2 400 0
1823| 1,2 400 0
1824| 1,2 400 0
1825| 1,2 400 0
1826| 1,2 400 0
1827| 1,2 400 0
1828| 1,2 400 0
1829| 1,2 400 0
1830| 1,2 400 0
1831| 1,2 400 0
1832| 0 400 0
1833| -0,3 400 0
1834| -0,6 400 0
1835| -0,9 400 0
1836| -0,9 400 0
1837| -0,9 400 0
1838| -0,9 400 0
1839| -0,9 400 0
1840| -0,9 400 0
1841| -0,9 400 0
1842| -0,9 400 0
1843| -0,9 400 0
1844| -0,9 400 0
1845| -0,9 400 0
1846| -0,9 400 0
1847| -0,9 400 0
1848| -0,9 400 0
1849| -0,9 400 0
1850| -0,9 400 0
1851| -0,9 400 0
1852| -0,9 400 0
1853| -0,9 400 0
1854| -0,9 400 0
1855| -0,9 400 0
1856| -0,9 400 0
1857| -0,9 400 0
1858| -0,9 400 0
1859| -0,9 400 0
1860| -0,9 400 0
1861| -0,9 400 0
1862| -0,9 400 0
1863| -0,9 400 0
1864| -0,9 400 0
1865| -0,9 400 0
1866| -0,9 400 0
1867| -0,9 400 0
1868| -0,9 400 0
1869| -0,9 400 0
1870| -0,9 400 0
1871| -0,9 400 0
1872| -0,9 400 0
1873| -0,9 400 0
1874| -0,9 400 0
1875| -0,9 400 0
1876| -0,9 400 0
1877| -0,9 400 0
1878| -0,9 400 0
1879| -0,9 400 0
1880| -0,9 400 0
1881| -0,9 400 0
1882| -0,9 400 0
1883| -0,9 400 0
1884| -0,9 400 0
1885| -0,9 400 0
1886| -0,9 400 0
1887| -0,9 400 0
1888| -0,9 400 0
1889| -0,9 400 0
1890| -0,9 400 0
1891| -0,9 400 0
1892| -0,9 400 0
1893| -0,9 400 0
1894| -0,9 400 0
1895| -0,9 400 0
1896| -0,9 400 0
1897| -0,9 400 0
1898| -0,9 400 0
1899| -0,9 400 0
1900| -0,9 400 0
1901| -0,9 400 0
1902| -0,9 400 0
1903| -0,9 400 0
1904| -0,9 400 0
1905| -0,9 400 0
1906| -0,9 400 0
1907| -0,9 400 0
1908| -0,9 400 0
1909| -0,9 400 0
1910| -0,9 400 0
1911| -0,9 400 0
1912| -0,9 400 0
1913| -0,9 400 0
1914| -0,9 400 0
1915| -0,9 400 0
1916| -0,9 400 0
1917| -0,9 400 0
1918| -0,9 400 0
1919| -0,9 400 0
1920| -0,9 400 0
1921| -0,9 400 0
1922| -0,9 400 0
1923| -0,9 400 0
1924| -0,9 400 0
1925| -0,9 400 0
1926| -0,9 400 0
1927| -0,9 400 0
1928| -0,9 400 0
1929| -0,9 400 0
1930| -0,9 400 0
1931| -0,9 400 0
1932| -0,9 400 0
1933| -0,9 400 0
1934| -0,9 400 0
1935| -0,9 400 0
1936| -0,9 400 0
1937| -0,9 400 0
1938| -0,9 400 0
1939| -0,9 400 0
1940| -0,9 400 0
1941| -0,9 400 0
1942| -0,9 400 0
1943| 0 400 0
1944| 0,3 400 0
1945| 0,3 400 0
1946| 0,3 400 0
1947| 0,3 400 0
1948| 0,3 400 0
1949| 0,3 400 0
1950| 0,3 400 0
1951| 0,3 400 0
1952| 0,3 400 0
1953| 0,3 400 0
1954| 0,3 400 0
1955| 0,3 400 0
1956| 0,3 400 0
1957| 0,3 400 0
1958| 0,3 400 0
1959| 0,3 400 0
1960| 0,3 400 0
1961| 0,3 400 0
1962| 0,3 400 0
1963| 0,3 400 0
1964| 0,3 400 0
1965| 0,3 400 0
1966| 0,3 400 0
1967| 0,3 400 0
1968| 0,3 400 0
1969| 0,3 400 0
1970| 0,3 400 0
1971| 0,3 400 0
1972| 0,3 400 0
1973| 0,3 400 0
1974| 0,3 400 0
1975| 0,3 400 0
1976| 0,3 400 0
1977| 0,3 400 0
1978| 0,3 400 0
1979| 0,3 400 0
1980| 0,3 400 0
1981| 0,3 400 0
1982| 0,3 400 0
1983| 0,3 400 0
1984| 0,3 400 0
1985| 0,3 400 0
1986| 0,3 400 0
1987| 0,3 400 0
1988| 0,3 400 0
1989| 0,3 400 0
1990| 0,3 400 0
1991| 0,3 400 0
1992| 0,3 400 0
1993| 0,3 400 0
1994| 0,3 400 0
1995| 0,3 400 0
1996| 0,3 400 0
1997| 0,3 400 0
1998| 0,3 400 0
1999| 0,3 400 0
2000| 0,3 400 0
2001| 0,3 400 0
2002| 0,3 400 0
2003| 0,3 400 0
2004| 0,3 400 0
2005| 0,3 400 0
2006| 0,3 400 0
2007| 0,3 400 0
2008| 0,3 400 0
2009| 0,3 400 0
2010| 0,3 400 0
2011| 0,3 400 0
2012| 0,3 400 0
2013| 0,3 400 0
2014| 0,3 400 0
2015| 0,3 400 0
2016| 0,3 400 0
2017| 0,3 400 0
2018| 0,3 400 0
2019| 0,3 400 0
2020| 0,3 400 0
2021| 0,3 400 0
2022| 0,3 400 0
2023| 0,3 400 0
2024| 0,3 400 0
2025| 0,3 400 0
2026| 0,3 400 0
2027| 0,3 400 0
2028| 0,3 400 0
2029| 0,3 400 0
2030| 0,3 400 0
2031| 0,3 400 0
2032| 0,3 400 0
2033| 0,3 400 0
2034| 0,3 400 0
2035| 0,3 400 0
2036| 0,3 400 0
2037| 0,3 400 0
2038| 0,3 400 0
2039| 0,3 400 0
2040| 0,3 400 0
2041| 0,3 400 0
2042| 0,3 400 0
2043| 0,3 400 0
2044| 0,3 400 0
2045| 0,3 400 0
2046| 0,3 400 0
2047| 0,3 400 0
2048| 0,3 400 0
2049| 0,3 400 0
2050| 0,3 400 0
2051| 0,3 400 0
2052| 0,3 400 0
2053| 0,3 400 0
2054| 0,3 400 0
2055| 0,3 400 0
2056| 0,3 400 0
2057| 0,3 400 0
2058| 0,3 400 0
2059| 0,3 400 0
2060| 0,3 400 0
2061| 0,3 400 0
2062| 0,3 400 0
2063| 0,3 400 0
2064| 0,3 400 0
2065| 0,3 400 0
2066| 0,3 400 0
2067| 0,3 400 0
2068| 0,3 400 0
2069| 0,3 400 0
2070| 0,3 400 0
2071| 0,3 400 0
2072| 0,3 400 0
2073| 0,3 400 0
2074| 0,3 400 0
2075| 0,3 400 0
2076| 0,3 400 0
2077| 0,3 400 0
2078| 0,3 400 0
2079| 0,3 400 0
2080| 0,3 400 0
2081| 0,3 400 0
2082| 0,3 400 0
2083| 0,3 400 0
2084| 0,3 400 0
2085| 0,3 400 0
2086| 0,3 400 0
2087| 0,3 400 0
2088| 0,3 400 0
2089| 0,3 400 0
2090| 0,3 400 0
2091| 0,3 400 0
2092| 0,3 400 0
2093| 0,3 400 0
2094| 0,3 400 0
2095| 0,3 400 0
2096| 0,3 400 0
2097| 0,3 400 0
2098| 0,3 400 0
2099| 0,3 400 0
2100| 0,3 400 0
2101| 0,3 400 0
2102| 0,3 400 0
2103| 0,3 400 0
2104| 0,3 400 0
2105| 0,3 400 0
2106| 0,3 400 0
2107| 0,3 400 0
2108| 0,3 400 0
2109| 0,3 400 0
2110| 0,3 400 0
2111| 0,3 400 0
2112| 0,3 400 0
2113| 0,3 400 0
2114| 0,3 400 0
2115| 0,3 400 0
2116| 0,3 400 0
2117| 0,3 400 0
2118| 0,3 400 0
2119| 0,3 400 0
2120| 0,3 400 0
2121| 0,3 400 0
2122| 0,3 400 0
2123| 0,3 400 0
2124| 0,3 400 0
2125| 0,3 400 0
2126| 0,3 400 0
2127| 0,3 400 0
2128| 0,3 400 0
2129| 0,3 400 0
2130| 0,3 400 0
2131| 0,3 400 0
2132| 0,3 400 0
2133| 0,3 400 0
2134| 0,3 400 0
2135| 0,3 400 0
2136| 0,3 400 0
2137| 0,3 400 0
2138| 0,3 400 0
2139| 0,3 400 0
2140| 0,3 400 0
2141| 0,3 400 0
2142| 0,3 400 0
2143| 0,3 400 0
2144| 0,3 400 0
2145| 0,3 400 0
2146| 0,3 400 0
2147| 0,3 400 0
2148| 0,3 400 0
2149| 0,3 400 0
2150| 0 400 0
2151| -0,3 400 0
2152| -0,3 400 0
2153| -0,3 400 0
2154| -0,3 400 0
2155| -0,3 400 0
2156| -0,3 400 0
2157| -0,3 400 0
2158| -0,3 400 0
2159| -0,3 400 0
2160| -0,3 400 0
2161| -0,3 400 0
2162| -0,3 400 0
2163| -0,3 400 0
2164| -0,3 400 0
2165| -0,3 400 0
2166| -0,3 400 0
2167| -0,3 400 0
2168| -0,3 400 0
2169| -0,3 400 0
2170| -0,3 400 0
2171| -0,3 400 0
2172| -0,3 400 0
2173| -0,3 400 0
2174| -0,3 400 0
2175| -0,3 400 0
2176| -0,3 400 0
2177| -0,3 400 0
2178| -0,3 400 0
2179| -0,3 400 0
2180| -0,3 400 0
2181| -0,3 400 0
2182| -0,3 400 0
2183| -0,3 400 0
2184| -0,3 400 0
2185| -0,3 400 0
2186| -0,3 400 0
2187| -0,3 400 0
2188| -0,3 400 0
2189| -0,3 400 0
2190| -0,3 400 0
2191| -0,3 400 0
2192| -0,3 400 0
2193| -0,3 400 0
2194| -0,3 400 0
2195| -0,3 400 0
2196| -0,3 400 0
2197| -0,3 400 0
2198| -0,3 400 0
2199| -0,3 400 0
2200| -0,3 400 0
2201| -0,3 400 0
2202| -0,3 400 0
2203| -0,3 400 0
2204| -0,3 400 0
2205| -0,3 400 0
2206| -0,3 400 0
2207| -0,3 400 0
2208| -0,3 400 0
2209| -0,3 400 0
2210| -0,3 400 0
2211| -0,3 400 0
2212| 0 400 0
2213| 0,3 400 0
2214| 0,6 400 0
2215| 0,6 400 0
2216| 0,6 400 0
2217| 0,6 400 0
2218| 0,6 400 0
2219| 0,6 400 0
2220| 0,6 400 0
2221| 0,6 400 0
2222| 0,6 400 0
2223| 0,6 400 0
2224| 0,6 400 0
2225| 0,6 400 0
2226| 0,6 400 0
2227| 0,6 400 0
2228| 0,6 400 0
2229| 0,6 400 0
2230| 0,6 400 0
2231| 0,6 400 0
2232| 0,6 400 0
2233| 0,6 400 0
2234| 0,6 400 0
2235| 0,6 400 0
2236| 0,6 400 0
2237| 0,6 400 0
2238| 0,6 400 0
2239| 0,6 400 0
2240| 0,6 400 0
2241| 0,6 400 0
2242| 0 400 0
2243| -0,3 400 0
2244| -0,6 400 0
2245| -0,6 400 0
2246| -0,6 400 0
2247| -0,6 400 0
2248| -0,6 400 0
2249| -0,6 400 0
2250| -0,6 400 0
2251| -0,6 400 0
2252| -0,6 400 0
2253| -0,6 400 0
2254| -0,6 400 0
2255| -0,6 400 0
2256| -0,6 400 0
2257| -0,6 400 0
2258| -0,6 400 0
2259| -0,6 400 0
2260| -0,6 400 0
2261| -0,6 400 0
2262| 0 400 0
2263| 0,3 400 0
2264| 0,6 400 0
2265| 0,9 400 0
2266| 1,2 400 0
2267| 1,5 400 0
2268| 1,8 400 0
2269| 2,1 400 0
2270| 2,1 400 0
2271| 2,1 400 0
2272| 2,1 400 0
2273| 2,4 400 0
2274| 2,7 400 0
2275| 3 400 0
2276| 3 400 0
2277| 3 400 0
2278| 3 400 0
2279| 3,299999 400 0
2280| 3,599999 400 0
2281| 3,899999 400 0
2282| 3,899999 400 0
2283| 3,899999 400 0
2284| 3,899999 400 0
2285| 3,899999 400 0
2286| 3,899999 400 0
2287| 4,2 400 0
2288| 4,5 400 0
2289| 4,8 400 0
2290| 5,1 400 0
2291| 5,1 400 0
2292| 5,1 400 0
2293| 5,1 400 0
2294| 5,1 400 0
2295| 5,1 400 0
2296| 5,1 400 0
2297| 5,1 400 0
2298| 5,1 400 0
2299| 5,1 400 0
2300| 5,1 400 0
2301| 5,1 400 0
2302| 5,1 400 0
2303| 5,1 400 0
2304| 5,1 400 0
2305| 5,1 400 0
2306| 5,1 400 0
2307| 5,1 400 0
2308| 5,1 400 0
2309| 5,1 400 0
2310| 5,1 400 0
2311| 5,1 400 0
2312| 5,1 400 0
2313| 5,1 400 0
2314| 5,1 400 0
2315| 5,1 400 0
2316| 5,1 400 0
2317| 5,1 400 0
2318| 5,1 400 0
2319| 5,1 400 0
2320| 5,1 400 0
2321| 5,1 400 0
2322| 5,1 400 0
2323| 5,1 400 0
2324| 5,1 400 0
2325| 5,1 400 0
2326| 5,1 400 0
2327| 5,1 400 0
2328| 5,1 400 0
2329| 5,1 400 0
2330| 5,1 400 0
2331| 5,1 400 0
2332| 5,1 400 0
2333| 5,1 400 0
2334| 5,1 400 0
2335| 5,1 400 0
2336| 5,1 400 0
2337| 5,1 400 0
2338| 5,1 400 0
2339| 5,1 400 0
2340| 5,1 400 0
2341| 5,1 400 0
2342| 0 400 0
2343| -0,3 400 0
2344| -0,3 400 0
2345| -0,3 400 0
2346| -0,3 400 0
2347| -0,3 400 0
2348| -0,3 400 0
2349| -0,3 400 0
2350| -0,3 400 0
2351| -0,3 400 0
2352| -0,3 400 0
2353| -0,3 400 0
2354| -0,3 400 0
2355| -0,3 400 0
2356| -0,3 400 0
2357| -0,3 400 0
2358| -0,3 400 0
2359| -0,3 400 0
2360| -0,3 400 0
2361| -0,3 400 0
2362| -0,3 400 0
2363| -0,3 400 0
2364| -0,3 400 0
2365| -0,3 400 0
2366| -0,3 400 0
2367| -0,3 400 0
2368| -0,3 400 0
2369| -0,3 400 0
2370| -0,3 400 0
2371| -0,3 400 0
2372| -0,3 400 0
2373| -0,3 400 0
2374| -0,3 400 0
2375| -0,3 400 0
2376| -0,3 400 0
2377| -0,3 400 0
2378| -0,3 400 0
2379| -0,3 400 0
2380| -0,3 400 0
2381| -0,3 400 0
2382| -0,3 400 0
2383| -0,3 400 0
2384| -0,3 400 0
2385| -0,3 400 0
2386| -0,3 400 0
2387| -0,3 400 0
2388| -0,3 400 0
2389| -0,3 400 0
2390| -0,3 400 0
2391| -0,3 400 0
2392| -0,3 400 0
2393| -0,3 400 0
2394| -0,3 400 0
2395| -0,3 400 0
2396| -0,3 400 0
2397| -0,3 400 0
2398| -0,3 400 0
2399| -0,3 400 0
2400| -0,3 400 0
2401| -0,3 400 0
2402| -0,3 400 0
2403| -0,3 400 0
2404| -0,3 400 0
2405| -0,3 400 0
2406| -0,3 400 0
2407| -0,3 400 0
2408| -0,3 400 0
2409| -0,3 400 0
2410| -0,3 400 0
2411| -0,3 400 0
2412| -0,3 400 0
2413| -0,3 400 0
2414| -0,3 400 0
2415| -0,3 400 0
2416| -0,3 400 0
2417| -0,3 400 0
2418| -0,3 400 0
2419| -0,3 400 0
2420| -0,3 400 0
2421| -0,3 400 0
2422| -0,3 400 0
2423| -0,3 400 0
2424| -0,3 400 0
2425| -0,3 400 0
2426| -0,3 400 0
2427| 0 400 0
2428| 0,3 400 0
2429| 0,6 400 0
2430| 0,9 400 0
2431| 1,2 400 0
2432| 1,5 400 0

