1| 0 0 0
2| 0 0 0
3| 0 0 0
4| 0 0 0
5| 0 0 0
6| 0 0 0
7| 0 0 0
8| 0 0 0
9| 0 0 0
10| 0 0 0
11| 0 0 0
12| 0 0 0
13| 0 0 0
14| 0 0 0
15| 0 0 0
16| 0 0 0
17| 0 0 0
18| 0 0 0
19| 0 0 0
20| 0 0 0
21| 0 0 0
22| 0 0 0
23| 0 0 0
24| 0 0 0
25| 0 0 0
26| 0 0 0
27| 0 0 0
28| 0 0 0
29| 0 0 0
30| 0 0 0
31| 0 0 0
32| 0 0 0
33| 0 4 0
34| 0 8 0
35| 0 12 0
36| 0 16 0
37| 0 20 0
38| 0 24 0
39| 0 28 0
40| 0 32 0
41| 0 36 0
42| 0 40 0
43| 0 43,99999 0
44| 0 47,99999 0
45| 0 51,99999 0
46| 0 55,99999 0
47| 0 60 0
48| 0 64 0
49| 0 68 0
50| 0 72 0
51| 0 76,00001 0
52| 0 80,00001 0
53| 0 84,00001 0
54| 0 88,00002 0
55| 0 92,00002 0
56| 0 96,00002 0
57| 0 100 0
58| 0 104 0
59| 0 108 0
60| 0 112 0
61| 0 116 0
62| 0 120 0
63| 0 124 0
64| 0 128 0
65| 0 132 0
66| 0 136 0
67| 0 140 0
68| 0 144 0
69| 0 148 0
70| 0 152 0
71| 0 156 0
72| -0,3 160 0
73| -0,6 164 0
74| -0,9 168 0
75| -1,2 171,9999 0
76| -1,5 175,9999 0
77| -1,8 179,9999 0
78| -2,1 183,9999 0
79| -2,4 187,9999 0
80| -2,7 191,9999 0
81| -3 195,9999 0
82| -3,299999 199,9999 0
83| -3,599999 203,9999 0
84| -3,899999 207,9999 0
85| -3,899999 211,9999 0
86| -3,899999 215,9999 0
87| -3,899999 219,9999 0
88| -3,899999 223,9999 0
89| -3,899999 227,9999 0
90| -3,899999 231,9999 0
91| -3,899999 235,9999 0
92| -3,899999 239,9999 0
93| -3,899999 243,9999 0
94| -3,899999 247,9999 0
95| -3,899999 251,9999 0
96| -3,899999 255,9999 0
97| -3,899999 259,9999 0
98| -3,899999 263,9999 0
99| 0 0 0
100| 0 0 0
101| 0 0 0
102| 0 0 0
103| 0 0 0
104| 0 4 0
105| 0 8 0
106| 0 12 0
107| -0,3 16 0
108| -0,6 20 0
109| -0,9 24 0
110| -1,2 28 0
111| -1,5 32 0
112| -1,8 36 0
113| -2,1 40 0
114| -2,4 43,99999 0
115| -2,7 47,99999 0
116| -3 51,99999 0
117| -3,299999 55,99999 0
118| -3,299999 60 0
119| -3,299999 64 0
120| -3,299999 68 0
121| -3,299999 72 0
122| -3,299999 76,00001 0
123| -3,599999 80,00001 0
124| -3,899999 84,00001 0
125| -4,2 88,00002 0
126| -4,5 92,00002 0
127| -4,8 96,00002 0
128| -5,1 100 0
129| -5,1 104 0
130| -5,1 108 0
131| -5,1 112 0
132| -5,1 116 0
133| -5,1 120 0
134| -5,1 124 0
135| -5,1 128 0
136| -5,1 132 0
137| -5,4 136 0
138| -5,7 140 0
139| -6 144 0
140| -6 148 0
141| -6 152 0
142| -6 156 0
143| -6 160 0
144| -6 164 0
145| -6 168 0
146| -6 171,9999 0
147| -6 175,9999 0
148| -6 179,9999 0
149| -6 183,9999 0
150| -6 187,9999 0
151| -6 191,9999 0
152| -6 195,9999 0
153| -6 199,9999 0
154| -6 203,9999 0
155| -6 207,9999 0
156| -6 211,9999 0
157| -6 215,9999 0
158| -6 219,9999 0
159| -6 223,9999 0
160| -6 227,9999 0
161| -6 231,9999 0
162| -6 235,9999 0
163| -6 239,9999 0
164| -6 243,9999 0
165| -6 247,9999 0
166| 0 251,9999 0
167| 0 255,9999 0
168| 0 259,9999 0
169| 0 263,9999 0
170| 0 267,9999 0
171| 0 271,9998 0
172| 0 275,9998 0
173| 0 279,9998 0
174| 0 283,9998 0
175| 0 287,9998 0
176| 0 291,9998 0
177| 0 295,9998 0
178| 0 299,9998 0
179| 0 303,9998 0
180| 0 307,9998 0
181| 0 311,9998 0
182| 0 315,9998 0
183| 0 319,9998 0
184| 0 323,9998 0
185| 0 327,9998 0
186| 0 331,9998 0
187| 0 335,9998 0
188| 0 339,9998 0
189| 0 343,9998 0
190| 0 347,9998 0
191| 0 351,9998 0
192| 0 355,9998 0
193| 0 359,9998 0
194| 0 363,9998 0
195| 0 367,9998 0
196| 0 371,9998 0
197| 0 375,9998 0
198| 0 379,9998 0
199| 0 383,9998 0
200| 0 387,9998 0
201| 0 391,9998 0
202| 0 395,9998 0
203| 0 399,9997 0
204| 0 400 0
205| 0 400 0
206| 0 400 0
207| 0 400 0
208| 0 400 0
209| 0 400 0
210| 0 400 0
211| 0 400 0
212| 0 400 0
213| 0 400 0
214| 0 400 0
215| 0 400 0
216| 0 400 0
217| 0 400 0
218| 0 400 0
219| 0 400 0
220| 0 400 0
221| 0 400 0
222| 0 400 0
223| 0 400 0
224| 0 400 0
225| 0 400 0
226| 0 400 0
227| 0 400 0
228| 0 400 0
229| 0 400 0
230| 0 400 0
231| 0 400 0
232| 0 400 0
233| 0 400 0
234| 0 400 0
235| 0 400 0
236| 0 400 0
237| 0 400 0
238| 0 400 0
239| 0 400 0
240| -0,3 400 0
241| -0,6 400 0
242| -0,9 400 0
243| -1,2 400 0
244| -1,2 400 0
245| -1,2 400 0
246| -1,2 400 0
247| -1,2 400 0
248| -1,2 400 0
249| -1,2 400 0
250| -1,2 400 0
251| -1,2 400 0
252| -1,2 400 0
253| -1,2 400 0
254| -1,2 400 0
255| -1,2 400 0
256| -1,2 400 0
257| -1,2 400 0
258| -1,2 400 0
259| -1,2 400 0
260| -1,2 400 0
261| -1,2 400 0
262| -1,2 400 0
263| -1,2 400 0
264| -1,2 400 0
265| -1,2 400 0
266| -1,2 400 0
267| -1,2 400 0
268| -1,2 400 0
269| 0 0 0
270| 0 0 0
271| 0 0 0
272| 0 0 0
273| 0 0 0
274| 0 0 0
275| 0 0 0
276| 0 4 0
277| 0 8 0
278| 0 12 0
279| 0 16 0
280| 0 20 0
281| 0 24 0
282| 0 28 0
283| 0 32 0
284| 0 36 0
285| 0 40 0
286| 0 43,99999 0
287| 0 47,99999 0
288| 0 51,99999 0
289| 0 55,99999 0
290| 0 60 0
291| 0 64 0
292| 0 68 0
293| 0 72 0
294| 0 76,00001 0
295| 0 80,00001 0
296| 0 84,00001 0
297| 0 88,00002 0
298| 0 92,00002 0
299| 0 96,00002 0
300| 0 100 0
301| 0 104 0
302| 0 108 0
303| 0 112 0
304| 0 116 0
305| 0 120 0
306| 0 124 0
307| 0 128 0
308| 0 132 0
309| 0 136 0
310| 0 140 0
311| 0 144 0
312| 0 148 0
313| 0 152 0
314| 0 156 0
315| 0 160 0
316| 0 164 0
317| 0 168 0
318| 0 171,9999 0
319| 0 175,9999 0
320| 0 179,9999 0
321| 0 183,9999 0
322| 0 187,9999 0
323| 0 191,9999 0
324| 0 195,9999 0
325| 0 199,9999 0
326| 0 203,9999 0
327| 0 207,9999 0
328| 0 211,9999 0
329| 0 215,9999 0
330| 0 219,9999 0
331| 0 223,9999 0
332| 0 227,9999 0
333| 0 231,9999 0
334| 0 235,9999 0
335| 0 239,9999 0
336| 0 243,9999 0
337| 0 247,9999 0
338| 0 251,9999 0
339| 0 255,9999 0
340| 0 259,9999 0
341| 0 263,9999 0
342| 0 267,9999 0
343| 0 271,9998 0
344| 0 275,9998 0
345| 0 279,9998 0
346| 0 283,9998 0
347| 0 287,9998 0
348| 0 291,9998 0
349| 0 295,9998 0
350| 0 299,9998 0
351| 0 303,9998 0
352| 0 307,9998 0
353| 0 311,9998 0
354| 0 315,9998 0
355| 0 319,9998 0
356| 0 323,9998 0
357| 0 327,9998 0
358| 0 331,9998 0
359| 0 335,9998 0
360| 0 339,9998 0
361| 0 343,9998 0
362| 0 347,9998 0
363| 0 351,9998 0
364| 0 355,9998 0
365| 0 359,9998 0
366| 0 363,9998 0
367| 0 367,9998 0
368| 0 371,9998 0
369| 0 375,9998 0
370| 0 379,9998 0
371| 0 383,9998 0
372| 0 387,9998 0
373| 0 391,9998 0
374| 0 395,9998 0
375| 0 399,9997 0
376| 0 400 0
377| 0 400 0
378| 0 400 0
379| 0 400 0
380| 0 400 0
381| 0 400 0
382| 0 400 0
383| 0 400 0
384| 0 400 0
385| 0 400 0
386| 0 400 0
387| 0 400 0
388| 0 400 0
389| 0 400 0
390| 0 400 0
391| 0 400 0
392| 0 400 0
393| 0 400 0
394| 0 400 0
395| 0 400 0
396| 0 400 0
397| 0 400 0
398| 0 400 0
399| 0 400 0
400| 0 400 0
401| 0 400 0
402| 0 400 0
403| 0 400 0
404| 0 400 0
405| 0 400 0
406| 0 400 0
407| 0 400 0
408| 0 400 0
409| 0 400 0
410| 0 400 0
411| 0 400 0
412| 0 400 0
413| 0 400 0
414| 0 400 0
415| 0 400 0
416| 0 400 0
417| 0 400 0
418| 0 400 0
419| 0 400 0
420| 0 400 0
421| 0 400 0
422| 0 400 0
423| 0 400 0
424| 0 400 0
425| 0 400 0
426| 0 400 0
427| 0 400 0
428| 0 400 0
429| 0 400 0
430| 0 400 0
431| 0 400 0
432| 0 400 0
433| 0 400 0
434| 0 400 0
435| 0 400 0
436| 0 400 0
437| 0 400 0
438| 0 400 0
439| 0 400 0
440| 0 400 0
441| 0 400 0
442| 0 400 0
443| 0 400 0
444| 0 400 0
445| 0 400 0
446| 0 400 0
447| 0 400 0
448| 0 400 0
449| 0 400 0
450| 0 400 0
451| 0 400 0
452| 0 400 0
453| 0 400 0
454| 0 400 0
455| 0 400 0
456| 0 400 0
457| 0 400 0
458| 0 400 0
459| 0 400 0
460| 0 400 0
461| 0 400 0
462| 0 400 0
463| 0 400 0
464| 0 400 0
465| 0 400 0
466| 0 400 0
467| 0 400 0
468| 0 400 0
469| 0 400 0
470| 0 400 0
471| 0 400 0
472| 0 400 0
473| 0 400 0
474| 0 400 0
475| 0 400 0
476| 0 400 0
477| 0 400 0
478| 0 400 0
479| 0 400 0
480| 0 400 0
481| 0 400 0
482| 0 400 0
483| 0 400 0
484| 0 400 0
485| 0 400 0
486| 0 400 0
487| 0 400 0
488| 0 400 0
489| 0 400 0
490| 0 400 0
491| 0 400 0
492| 0 400 0
493| 0 400 0
494| 0 400 0
495| 0 400 0
496| 0 400 0
497| 0 400 0
498| 0 400 0
499| 0 400 0
500| 0 400 0
501| 0 400 0
502| 0 400 0
503| 0 400 0
504| 0 400 0
505| 0 400 0
506| 0 400 0
507| 0 400 0
508| 0 400 0
509| 0 400 0
510| 0 400 0
511| 0 400 0
512| 0 400 0
513| 0 400 0
514| 0 400 0
515| 0 400 0
516| 0 400 0
517| 0 400 0
518| 0 400 0
519| 0 400 0
520| 0 400 0
521| 0 400 0
522| 0 400 0
523| 0,3 400 0
524| 0,6 400 0
525| 0,9 400 0
526| 1,2 400 0
527| 1,2 400 0
528| 1,2 400 0
529| 1,2 400 0
530| 1,2 400 0
531| 1,2 400 0
532| 1,2 400 0
533| 1,2 400 0
534| 1,2 400 0
535| 1,2 400 0
536| 1,2 400 0
537| 1,2 400 0
538| 1,2 400 0
539| 1,2 400 0
540| 1,2 400 0
541| 1,2 400 0
542| 1,2 400 0
543| 1,2 400 0
544| 1,2 400 0
545| 1,2 400 0
546| 1,2 400 0
547| 1,2 400 0
548| 1,2 400 0
549| 1,2 400 0
550| 1,2 400 0
551| 1,2 400 0
552| 1,2 400 0
553| 1,2 400 0
554| 1,2 400 0
555| 1,2 400 0
556| 1,2 400 0
557| 1,2 400 0
558| 1,2 400 0
559| 1,2 400 0
560| 1,2 400 0
561| 1,2 400 0
562| 1,2 400 0
563| 1,2 400 0
564| 1,2 400 0
565| 1,2 400 0
566| 1,2 400 0
567| 1,5 400 0
568| 1,8 400 0
569| 2,1 400 0
570| 2,4 400 0
571| 2,7 400 0
572| 2,7 400 0
573| 2,7 400 0
574| 2,7 400 0
575| 2,7 400 0
576| 2,7 400 0
577| 2,7 400 0
578| 2,7 400 0
579| 2,7 400 0
580| 2,7 400 0
581| 2,7 400 0
582| 2,7 400 0
583| 2,7 400 0
584| 2,7 400 0
585| 2,7 400 0
586| 2,7 400 0
587| 2,7 400 0
588| 2,7 400 0
589| 2,7 400 0
590| 2,7 400 0
591| 2,7 400 0
592| 2,7 400 0
593| 2,7 400 0
594| 2,7 400 0
595| 2,7 400 0
596| 2,7 400 0
597| 2,7 400 0
598| 2,7 400 0
599| 2,7 400 0
600| 2,7 400 0
601| 2,7 400 0
602| 2,7 400 0
603| 2,7 400 0
604| 2,7 400 0
605| 2,7 400 0
606| 2,7 400 0
607| 2,7 400 0
608| 2,7 400 0
609| 2,7 400 0
610| 2,7 400 0
611| 2,7 400 0
612| 2,7 400 0
613| 2,7 400 0
614| 2,7 400 0
615| 2,7 400 0
616| 2,7 400 0
617| 2,7 400 0
618| 2,7 400 0
619| 2,7 400 0
620| 2,7 400 0
621| 2,7 400 0
622| 2,7 400 0
623| 2,7 400 0
624| 2,7 400 0
625| 2,7 400 0
626| 2,7 400 0
627| 2,7 400 0
628| 2,7 400 0
629| 2,7 400 0
630| 2,7 400 0
631| 2,7 400 0
632| 2,7 400 0
633| 2,7 400 0
634| 2,7 400 0
635| 2,7 400 0
636| 2,7 400 0
637| 2,7 400 0
638| 2,7 400 0
639| 2,7 400 0
640| 2,7 400 0
641| 2,7 400 0
642| 2,7 400 0
643| 2,7 400 0
644| 2,7 400 0
645| 0 400 0
646| -0,3 400 0
647| -0,6 400 0
648| -0,6 400 0
649| -0,6 400 0
650| -0,6 400 0
651| -0,6 400 0
652| -0,6 400 0
653| -0,6 400 0
654| -0,6 400 0
655| -0,6 400 0
656| -0,6 400 0
657| -0,6 400 0
658| -0,6 400 0
659| -0,6 400 0
660| -0,6 400 0
661| -0,6 400 0
662| -0,6 400 0
663| -0,6 400 0
664| -0,6 400 0
665| -0,6 400 0
666| -0,6 400 0
667| -0,6 400 0
668| -0,6 400 0
669| -0,6 400 0
670| -0,6 400 0
671| -0,6 400 0
672| -0,6 400 0
673| -0,6 400 0
674| -0,6 400 0
675| -0,6 400 0
676| -0,6 400 0
677| -0,6 400 0
678| -0,6 400 0
679| -0,6 400 0
680| -0,6 400 0
681| -0,6 400 0
682| -0,6 400 0
683| -0,6 400 0
684| -0,6 400 0
685| -0,6 400 0
686| -0,6 400 0
687| -0,6 400 0
688| -0,6 400 0
689| -0,6 400 0
690| -0,6 400 0
691| -0,6 400 0
692| -0,6 400 0
693| -0,6 400 0
694| -0,6 400 0
695| -0,6 400 0
696| -0,6 400 0
697| -0,6 400 0
698| -0,6 400 0
699| -0,6 400 0
700| -0,6 400 0
701| -0,6 400 0
702| -0,6 400 0
703| -0,6 400 0
704| -0,6 400 0
705| -0,6 400 0
706| -0,6 400 0
707| -0,6 400 0
708| -0,6 400 0
709| -0,6 400 0
710| -0,6 400 0
711| -0,6 400 0
712| -0,6 400 0
713| -0,6 400 0
714| -0,6 400 0
715| -0,6 400 0
716| -0,6 400 0
717| -0,6 400 0
718| -0,6 400 0
719| -0,6 400 0
720| -0,6 400 0
721| -0,6 400 0
722| -0,6 400 0
723| -0,6 400 0
724| -0,6 400 0
725| -0,6 400 0
726| -0,6 400 0
727| -0,6 400 0
728| -0,6 400 0
729| -0,6 400 0
730| -0,6 400 0
731| -0,6 400 0
732| -0,6 400 0
733| -0,6 400 0
734| -0,6 400 0
735| -0,6 400 0
736| -0,6 400 0
737| -0,6 400 0
738| -0,6 400 0
739| -0,6 400 0
740| -0,6 400 0
741| -0,6 400 0
742| -0,6 400 0
743| -0,6 400 0
744| -0,6 400 0
745| -0,6 400 0
746| -0,6 400 0
747| -0,6 400 0
748| -0,6 400 0
749| -0,6 400 0
750| -0,6 400 0
751| -0,6 400 0
752| -0,6 400 0
753| -0,6 400 0
754| -0,6 400 0
755| -0,6 400 0
756| -0,6 400 0
757| -0,6 400 0
758| -0,6 400 0
759| -0,6 400 0
760| -0,6 400 0
761| -0,6 400 0
762| -0,6 400 0
763| -0,6 400 0
764| -0,6 400 0
765| -0,6 400 0
766| -0,6 400 0
767| -0,6 400 0
768| -0,6 400 0
769| -0,6 400 0
770| -0,6 400 0
771| -0,6 400 0
772| -0,6 400 0
773| -0,6 400 0
774| -0,6 400 0
775| -0,6 400 0
776| -0,6 400 0
777| -0,6 400 0
778| 0 400 0
779| 0,3 400 0
780| 0,6 400 0
781| 0,6 400 0
782| 0,6 400 0
783| 0,6 400 0
784| 0,6 400 0
785| 0,6 400 0
786| 0,6 400 0
787| 0,6 400 0
788| 0,6 400 0
789| 0,6 400 0
790| 0,6 400 0
791| 0,6 400 0
792| 0,6 400 0
793| 0,6 400 0
794| 0,6 400 0
795| 0,6 400 0
796| 0,6 400 0
797| 0,6 400 0
798| 0,6 400 0
799| 0,6 400 0
800| 0,6 400 0
801| 0,6 400 0
802| 0,6 400 0
803| 0,6 400 0
804| 0,6 400 0
805| 0,6 400 0
806| 0,6 400 0
807| 0,6 400 0
808| 0,6 400 0
809| 0,6 400 0
810| 0,6 400 0
811| 0,6 400 0
812| 0,6 400 0
813| 0,6 400 0
814| 0,6 400 0
815| 0,6 400 0
816| 0,6 400 0
817| 0,6 400 0
818| 0,6 400 0
819| 0,6 400 0
820| 0,6 400 0
821| 0,6 400 0
822| 0,6 400 0
823| 0,6 400 0
824| 0,6 400 0
825| 0,6 400 0
826| 0,6 400 0
827| 0,6 400 0
828| 0,6 400 0
829| 0,6 400 0
830| 0,6 400 0
831| 0,6 400 0
832| 0,6 400 0
833| 0,6 400 0
834| 0,6 400 0
835| 0,6 400 0
836| 0,6 400 0
837| 0,6 400 0
838| 0,6 400 0
839| 0,6 400 0
840| 0,6 400 0
841| 0,6 400 0
842| 0,6 400 0
843| 0,6 400 0
844| 0,6 400 0
845| 0,6 400 0
846| 0,6 400 0
847| 0,6 400 0
848| 0,6 400 0
849| 0,6 400 0
850| 0,6 400 0
851| 0,6 400 0
852| 0,6 400 0
853| 0,6 400 0
854| 0,6 400 0
855| 0,6 400 0
856| 0,6 400 0
857| 0,6 400 0
858| 0,6 400 0
859| 0,6 400 0
860| 0,6 400 0
861| 0,6 400 0
862| 0,6 400 0
863| 0,6 400 0
864| 0,6 400 0
865| 0,6 400 0
866| 0,6 400 0
867| 0,6 400 0
868| 0,6 400 0
869| 0,6 400 0
870| 0,6 400 0
871| 0,6 400 0
872| 0,6 400 0
873| 0,6 400 0
874| 0,6 400 0
875| 0,6 400 0
876| 0,6 400 0
877| 0,6 400 0
878| 0,6 400 0
879| 0,6 400 0
880| 0,6 400 0
881| 0,6 400 0
882| 0,6 400 0
883| 0,6 400 0
884| 0,6 400 0
885| 0,6 400 0
886| 0,6 400 0
887| 0,6 400 0
888| 0,6 400 0
889| 0,6 400 0
890| 0,6 400 0
891| 0,6 400 0
892| 0,6 400 0
893| 0,6 400 0
894| 0,6 400 0
895| 0,6 400 0
896| 0,6 400 0
897| 0,6 400 0
898| 0,6 400 0
899| 0,6 400 0
900| 0,6 400 0
901| 0,6 400 0
902| 0,6 400 0
903| 0,6 400 0
904| 0,6 400 0
905| 0,6 400 0
906| 0,6 400 0
907| 0,6 400 0
908| 0,6 400 0
909| 0,6 400 0
910| 0,6 400 0
911| 0,6 400 0
912| 0,6 400 0
913| 0,6 400 0
914| 0,6 400 0
915| 0,6 400 0
916| 0,6 400 0
917| 0,6 400 0
918| 0,6 400 0
919| 0,6 400 0
920| 0,6 400 0
921| 0,6 400 0
922| 0,6 400 0
923| 0,6 400 0
924| 0,6 400 0
925| 0,6 400 0
926| 0,6 400 0
927| 0,6 400 0
928| 0,6 400 0
929| 0,6 400 0
930| 0,6 400 0
931| 0,6 400 0
932| 0,6 400 0
933| 0,6 400 0
934| 0,6 400 0
935| 0,6 400 0
936| 0,6 400 0
937| 0,6 400 0
938| 0,6 400 0
939| 0,6 400 0
940| 0,6 400 0
941| 0,6 400 0
942| 0,6 400 0
943| 0,6 400 0
944| 0,6 400 0
945| 0,6 400 0
946| 0,6 400 0
947| 0,6 400 0
948| 0,6 400 0
949| 0,6 400 0
950| 0,6 400 0
951| 0,6 400 0
952| 0,6 400 0
953| 0,6 400 0
954| 0,6 400 0
955| 0,6 400 0
956| 0,6 400 0
957| 0,6 400 0
958| 0,6 400 0
959| 0,6 400 0
960| 0,6 400 0
961| 0,6 400 0
962| 0,6 400 0
963| 0,6 400 0
964| 0,6 400 0
965| 0,6 400 0
966| 0,6 400 0
967| 0,6 400 0
968| 0,6 400 0
969| 0,6 400 0
970| 0,6 400 0
971| 0,6 400 0
972| 0,6 400 0
973| 0,6 400 0
974| 0,6 400 0
975| 0,6 400 0
976| 0,6 400 0
977| 0,6 400 0
978| 0,6 400 0
979| 0,6 400 0
980| 0,6 400 0
981| 0,6 400 0
982| 0,6 400 0
983| 0,6 400 0
984| 0,6 400 0
985| 0,6 400 0
986| 0,6 400 0
987| 0,6 400 0
988| 0,6 400 0
989| 0,6 400 0
990| 0,6 400 0
991| 0,6 400 0
992| 0,6 400 0
993| 0,6 400 0
994| 0,6 400 0
995| 0,6 400 0
996| 0,6 400 0
997| 0,6 400 0
998| 0,6 400 0
999| 0,6 400 0
1000| 0,6 400 0
1001| 0,6 400 0
1002| 0,6 400 0
1003| 0,6 400 0
1004| 0,6 400 0
1005| 0,6 400 0
1006| 0,6 400 0
1007| 0,6 400 0
1008| 0,6 400 0
1009| 0,6 400 0
1010| 0,6 400 0
1011| 0,6 400 0
1012| 0,6 400 0
1013| 0,6 400 0
1014| 0,9 400 0
1015| 1,2 400 0
1016| 1,5 400 0
1017| 1,5 400 0
1018| 1,5 400 0
1019| 1,5 400 0
1020| 1,5 400 0
1021| 1,5 400 0
1022| 1,5 400 0
1023| 1,5 400 0
1024| 1,5 400 0
1025| 1,5 400 0
1026| 1,5 400 0
1027| 1,5 400 0
1028| 1,5 400 0
1029| 1,5 400 0
1030| 1,5 400 0
1031| 1,5 400 0
1032| 1,5 400 0
1033| 1,5 400 0
1034| 1,5 400 0
1035| 1,5 400 0
1036| 1,5 400 0
1037| 1,5 400 0
1038| 1,5 400 0
1039| 1,5 400 0
1040| 1,5 400 0
1041| 1,5 400 0
1042| 1,5 400 0
1043| 1,5 400 0
1044| 1,5 400 0
1045| 1,5 400 0
1046| 1,5 400 0
1047| 1,5 400 0
1048| 1,5 400 0
1049| 1,5 400 0
1050| 1,5 400 0
1051| 1,5 400 0
1052| 1,5 400 0
1053| 1,5 400 0
1054| 1,5 400 0
1055| 1,5 400 0
1056| 1,5 400 0
1057| 1,5 400 0
1058| 1,5 400 0
1059| 1,5 400 0
1060| 1,5 400 0
1061| 1,5 400 0
1062| 1,5 400 0
1063| 1,5 400 0
1064| 1,5 400 0
1065| 1,5 400 0
1066| 1,5 400 0
1067| 1,5 400 0
1068| 1,5 400 0
1069| 1,5 400 0
1070| 1,5 400 0
1071| 1,5 400 0
1072| 1,5 400 0
1073| 1,5 400 0
1074| 1,5 400 0
1075| 1,5 400 0
1076| 1,5 400 0
1077| 1,5 400 0
1078| 1,5 400 0
1079| 1,5 400 0
1080| 1,5 400 0
1081| 1,5 400 0
1082| 1,5 400 0
1083| 1,5 400 0
1084| 1,5 400 0
1085| 1,5 400 0
1086| 1,5 400 0
1087| 1,5 400 0
1088| 1,5 400 0
1089| 1,5 400 0
1090| 1,5 400 0
1091| 1,5 400 0
1092| 1,5 400 0
1093| 1,5 400 0
1094| 1,5 400 0
1095| 1,5 400 0
1096| 1,5 400 0
1097| 1,5 400 0
1098| 1,5 400 0
1099| 1,5 400 0
1100| 1,5 400 0
1101| 1,5 400 0
1102| 0 400 0
1103| -0,3 400 0
1104| -0,3 400 0
1105| -0,3 400 0
1106| -0,3 400 0
1107| -0,3 400 0
1108| -0,3 400 0
1109| -0,3 400 0
1110| -0,3 400 0
1111| -0,3 400 0
1112| -0,3 400 0
1113| -0,3 400 0
1114| -0,3 400 0
1115| -0,3 400 0
1116| -0,3 400 0
1117| -0,3 400 0
1118| -0,3 400 0
1119| -0,3 400 0
1120| -0,3 400 0
1121| -0,3 400 0
1122| -0,3 400 0
1123| -0,3 400 0
1124| -0,3 400 0
1125| -0,3 400 0
1126| -0,3 400 0
1127| -0,3 400 0
1128| -0,3 400 0
1129| -0,3 400 0
1130| -0,3 400 0
1131| -0,3 400 0
1132| -0,3 400 0
1133| -0,3 400 0
1134| -0,3 400 0
1135| -0,3 400 0
1136| -0,3 400 0
1137| -0,3 400 0
1138| -0,3 400 0
1139| -0,3 400 0
1140| -0,3 400 0
1141| -0,3 400 0
1142| -0,3 400 0
1143| -0,3 400 0
1144| -0,3 400 0
1145| -0,3 400 0
1146| -0,3 400 0
1147| -0,3 400 0
1148| -0,3 400 0
1149| -0,3 400 0
1150| -0,3 400 0
1151| -0,3 400 0
1152| -0,6 400 0
1153| -0,9 400 0
1154| -1,2 400 0
1155| -1,5 400 0
1156| -1,8 400 0
1157| -2,1 400 0
1158| -2,4 400 0
1159| -2,7 400 0
1160| -3 400 0
1161| -3,299999 400 0
1162| -3,599999 400 0
1163| -3,899999 400 0
1164| -4,2 400 0
1165| -4,5 400 0
1166| -4,8 400 0
1167| -5,1 400 0
1168| -5,4 400 0
1169| -5,4 400 0
1170| -5,4 400 0
1171| -5,4 400 0
1172| -5,4 400 0
1173| -5,4 400 0
1174| -5,4 400 0
1175| -5,4 400 0
1176| -5,4 400 0
1177| -5,4 400 0
1178| -5,4 400 0
1179| -5,4 400 0
1180| -5,4 400 0
1181| -5,4 400 0
1182| -5,4 400 0
1183| -5,4 400 0
1184| -5,7 400 0
1185| -6 400 0
1186| -6,300001 400 0
1187| -6,600001 400 0
1188| -6,900001 400 0
1189| -7,200001 400 0
1190| -7,500001 400 0
1191| -7,800001 400 0
1192| -8,1 400 0
1193| -8,4 400 0
1194| -8,4 400 0
1195| -8,4 400 0
1196| -8,4 400 0
1197| -8,4 400 0
1198| -8,4 400 0
1199| -8,4 400 0
1200| -8,4 400 0
1201| -8,4 400 0
1202| -8,4 400 0
1203| -8,4 400 0
1204| -8,4 400 0
1205| -8,4 400 0
1206| -8,4 400 0
1207| -8,4 400 0
1208| -8,4 400 0
1209| -8,4 400 0
1210| -8,4 400 0
1211| -8,4 400 0
1212| -8,4 400 0
1213| -8,4 400 0
1214| -8,4 400 0
1215| -8,4 400 0
1216| -8,4 400 0
1217| -8,4 400 0
1218| -8,4 400 0
1219| -8,4 400 0
1220| -8,4 400 0
1221| -8,4 400 0
1222| -8,4 400 0
1223| -8,4 400 0
1224| -8,4 400 0
1225| -8,4 400 0
1226| -8,4 400 0
1227| -8,4 400 0
1228| -8,4 400 0
1229| -8,4 400 0
1230| -8,4 400 0
1231| -8,4 400 0
1232| -8,4 400 0
1233| -8,4 400 0
1234| -8,4 400 0
1235| -8,4 400 0
1236| -8,4 400 0
1237| -8,4 400 0
1238| -8,4 400 0
1239| -8,4 400 0
1240| -8,4 400 0
1241| -8,4 400 0
1242| -8,4 400 0
1243| -8,4 400 0
1244| -8,4 400 0
1245| -8,4 400 0
1246| -8,4 400 0
1247| -8,4 400 0
1248| -8,4 400 0
1249| -8,4 400 0
1250| -8,4 400 0
1251| -8,4 400 0
1252| -8,4 400 0
1253| -8,4 400 0
1254| -8,4 400 0
1255| -8,4 400 0
1256| -8,4 400 0
1257| -8,4 400 0
1258| -8,4 400 0
1259| -8,4 400 0
1260| -8,4 400 0
1261| -8,4 400 0
1262| -8,4 400 0
1263| -8,4 400 0
1264| -8,4 400 0
1265| -8,4 400 0
1266| -8,4 400 0
1267| -8,4 400 0
1268| -8,4 400 0
1269| -8,4 400 0
1270| -8,4 400 0
1271| -8,4 400 0
1272| -8,4 400 0
1273| -8,4 400 0
1274| -8,4 400 0
1275| -8,4 400 0
1276| -8,4 400 0
1277| -8,4 400 0
1278| -8,4 400 0
1279| -8,4 400 0
1280| -8,4 400 0
1281| -8,4 400 0
1282| -8,4 400 0
1283| -8,4 400 0
1284| -8,4 400 0
1285| -8,4 400 0
1286| -8,4 400 0
1287| -8,4 400 0
1288| -8,4 400 0
1289| -8,4 400 0
1290| -8,4 400 0
1291| -8,4 400 0
1292| -8,4 400 0
1293| -8,4 400 0
1294| -8,4 400 0
1295| -8,4 400 0
1296| -8,4 400 0
1297| -8,4 400 0
1298| -8,4 400 0
1299| -8,4 400 0
1300| -8,4 400 0
1301| -8,4 400 0
1302| -8,4 400 0
1303| -8,4 400 0
1304| -8,4 400 0
1305| -8,4 400 0
1306| -8,4 400 0
1307| -8,4 400 0
1308| -8,4 400 0
1309| -8,4 400 0
1310| -8,4 400 0
1311| -8,4 400 0
1312| -8,4 400 0
1313| -8,4 400 0
1314| -8,4 400 0
1315| -8,4 400 0
1316| -8,7 400 0
1317| -8,999999 400 0
1318| -9,299999 400 0
1319| -9,599998 400 0
1320| -9,899999 400 0
1321| -10,2 400 0
1322| -10,5 400 0
1323| -10,5 400 0
1324| -10,5 400 0
1325| -10,5 400 0
1326| -10,5 400 0
1327| -10,5 400 0
1328| -10,5 400 0
1329| -10,5 400 0
1330| -10,5 400 0
1331| -10,5 400 0
1332| -10,5 400 0
1333| -10,5 400 0
1334| -10,5 400 0
1335| -10,5 400 0
1336| -10,5 400 0
1337| -10,5 400 0
1338| -10,5 400 0
1339| -10,5 400 0
1340| -10,5 400 0
1341| -10,5 400 0
1342| -10,5 400 0
1343| -10,5 400 0
1344| -10,5 400 0
1345| -10,5 400 0
1346| -10,5 400 0
1347| -10,5 400 0
1348| -10,5 400 0
1349| -10,5 400 0
1350| -10,5 400 0
1351| -10,5 400 0
1352| -10,5 400 0
1353| -10,5 400 0
1354| -10,5 400 0
1355| -10,5 400 0
1356| -10,5 400 0
1357| -10,5 400 0
1358| -10,5 400 0
1359| -10,5 400 0
1360| -10,5 400 0
1361| -10,5 400 0
1362| -10,5 400 0
1363| -10,5 400 0
1364| -10,5 400 0
1365| -10,5 400 0
1366| -10,5 400 0
1367| -10,5 400 0
1368| -10,5 400 0
1369| -10,5 400 0
1370| -10,5 400 0
1371| 0 400 0
1372| 0,3 400 0
1373| 0,6 400 0
1374| 0,6 400 0
1375| 0,6 400 0
1376| 0,6 400 0
1377| 0,6 400 0
1378| 0,6 400 0
1379| 0,6 400 0
1380| 0,6 400 0
1381| 0,6 400 0
1382| 0,6 400 0
1383| 0,6 400 0
1384| 0,6 400 0
1385| 0,6 400 0
1386| 0,6 400 0
1387| 0,6 400 0
1388| 0,6 400 0
1389| 0,6 400 0
1390| 0,6 400 0
1391| 0,6 400 0
1392| 0,6 400 0
1393| 0,6 400 0
1394| 0,6 400 0
1395| 0,6 400 0
1396| 0,6 400 0
1397| 0,6 400 0
1398| 0,6 400 0
1399| 0,6 400 0
1400| 0,6 400 0
1401| 0,6 400 0
1402| 0,6 400 0
1403| 0,6 400 0
1404| 0,6 400 0
1405| 0,6 400 0
1406| 0,6 400 0
1407| 0,6 400 0
1408| 0,6 400 0
1409| 0,6 400 0
1410| 0,6 400 0
1411| 0,6 400 0
1412| 0,6 400 0
1413| 0,6 400 0
1414| 0,6 400 0
1415| 0,6 400 0
1416| 0,6 400 0
1417| 0,6 400 0
1418| 0,6 400 0
1419| 0,6 400 0
1420| 0,6 400 0
1421| 0,6 400 0
1422| 0,6 400 0
1423| 0,6 400 0
1424| 0,6 400 0
1425| 0,6 400 0
1426| 0,6 400 0
1427| 0,6 400 0
1428| 0,6 400 0
1429| 0,6 400 0
1430| 0,6 400 0
1431| 0,6 400 0
1432| 0,6 400 0
1433| 0,6 400 0
1434| 0,6 400 0
1435| 0,6 400 0
1436| 0,6 400 0
1437| 0,6 400 0
1438| 0,6 400 0
1439| 0,6 400 0
1440| 0,6 400 0
1441| 0,6 400 0
1442| 0,6 400 0
1443| 0,6 400 0
1444| 0,6 400 0
1445| 0,6 400 0
1446| 0,6 400 0
1447| 0,6 400 0
1448| 0,6 400 0
1449| 0,6 400 0
1450| 0,6 400 0
1451| 0,6 400 0
1452| 0,6 400 0
1453| 0,6 400 0
1454| 0,6 400 0
1455| 0,6 400 0
1456| 0,6 400 0
1457| 0,6 400 0
1458| 0,6 400 0
1459| 0,6 400 0
1460| 0,6 400 0
1461| 0,6 400 0
1462| 0 400 0
1463| -0,3 400 0
1464| -0,6 400 0
1465| -0,9 400 0
1466| -1,2 400 0
1467| -1,5 400 0
1468| -1,8 400 0
1469| -2,1 400 0
1470| -2,4 400 0
1471| -2,7 400 0
1472| -3 400 0
1473| -3,299999 400 0
1474| -3,599999 400 0
1475| -3,599999 400 0
1476| -3,599999 400 0
1477| -3,599999 400 0
1478| -3,599999 400 0
1479| -3,599999 400 0
1480| -3,599999 400 0
1481| -3,599999 400 0
1482| -3,599999 400 0
1483| -3,599999 400 0
1484| -3,599999 400 0
1485| -3,599999 400 0
1486| -3,599999 400 0
1487| -3,599999 400 0
1488| -3,599999 400 0
1489| -3,599999 400 0
1490| -3,599999 400 0
1491| -3,599999 400 0
1492| -3,599999 400 0
1493| -3,599999 400 0
1494| -3,599999 400 0
1495| -3,599999 400 0
1496| -3,599999 400 0
1497| -3,599999 400 0
1498| -3,599999 400 0
1499| -3,599999 400 0
1500| -3,599999 400 0
1501| -3,599999 400 0
1502| -3,599999 400 0
1503| -3,599999 400 0
1504| -3,599999 400 0
1505| -3,599999 400 0
1506| -3,599999 400 0
1507| -3,599999 400 0
1508| -3,599999 400 0
1509| -3,599999 400 0
1510| -3,599999 400 0
1511| -3,599999 400 0
1512| -3,599999 400 0
1513| -3,599999 400 0
1514| -3,599999 400 0
1515| -3,599999 400 0
1516| -3,599999 400 0
1517| -3,599999 400 0
1518| -3,599999 400 0
1519| -3,599999 400 0
1520| -3,599999 400 0
1521| -3,599999 400 0
1522| 0 400 0
1523| 0,3 400 0
1524| 0,6 400 0
1525| 0,9 400 0
1526| 1,2 400 0
1527| 1,5 400 0
1528| 1,8 400 0
1529| 2,1 400 0
1530| 2,4 400 0
1531| 2,4 400 0
1532| 2,4 400 0
1533| 2,4 400 0
1534| 2,4 400 0
1535| 2,4 400 0
1536| 2,4 400 0
1537| 2,4 400 0
1538| 2,4 400 0
1539| 2,4 400 0
1540| 2,4 400 0
1541| 2,4 400 0
1542| 2,4 400 0
1543| 2,4 400 0
1544| 2,4 400 0
1545| 2,4 400 0
1546| 2,4 400 0
1547| 0 400 0
1548| -0,3 400 0
1549| -0,6 400 0
1550| -0,9 400 0
1551| -1,2 400 0
1552| -1,2 400 0
1553| -1,2 400 0
1554| -1,2 400 0
1555| -1,2 400 0
1556| -1,2 400 0
1557| -1,2 400 0
1558| -1,2 400 0
1559| -1,2 400 0
1560| -1,2 400 0
1561| -1,2 400 0
1562| -1,2 400 0
1563| -1,2 400 0
1564| -1,2 400 0
1565| -1,2 400 0
1566| -1,2 400 0
1567| -1,5 400 0
1568| -1,8 400 0
1569| -2,1 400 0
1570| -2,4 400 0
1571| -2,4 400 0
1572| -2,4 400 0
1573| -2,4 400 0
1574| -2,4 400 0
1575| -2,4 400 0
1576| -2,4 400 0
1577| -2,4 400 0
1578| -2,4 400 0
1579| -2,4 400 0
1580| -2,4 400 0
1581| -2,4 400 0
1582| -2,4 400 0
1583| -2,4 400 0
1584| -2,4 400 0
1585| -2,4 400 0
1586| -2,4 400 0
1587| -2,4 400 0
1588| -2,4 400 0
1589| -2,4 400 0
1590| -2,4 400 0
1591| -2,4 400 0
1592| -2,4 400 0
1593| -2,4 400 0
1594| -2,4 400 0
1595| -2,4 400 0
1596| -2,4 400 0
1597| -2,4 400 0
1598| -2,4 400 0
1599| -2,4 400 0
1600| -2,4 400 0
1601| 0 400 0
1602| 0,3 400 0
1603| 0,6 400 0
1604| 0,9 400 0
1605| 1,2 400 0
1606| 1,5 400 0
1607| 1,5 400 0
1608| 1,5 400 0
1609| 1,5 400 0
1610| 1,5 400 0
1611| 1,5 400 0
1612| 1,5 400 0
1613| 1,5 400 0
1614| 1,5 400 0
1615| 1,5 400 0
1616| 1,5 400 0
1617| 1,5 400 0
1618| 1,5 400 0
1619| 1,5 400 0
1620| 1,5 400 0
1621| 1,5 400 0
1622| 1,5 400 0
1623| 1,5 400 0
1624| 1,5 400 0
1625| 1,5 400 0
1626| 1,5 400 0
1627| 1,5 400 0
1628| 1,5 400 0
1629| 1,5 400 0
1630| 1,5 400 0
1631| 1,5 400 0
1632| 1,5 400 0
1633| 1,5 400 0
1634| 1,5 400 0
1635| 1,5 400 0
1636| 1,5 400 0
1637| 1,5 400 0
1638| 1,5 400 0
1639| 1,5 400 0
1640| 1,5 400 0
1641| 1,5 400 0
1642| 1,5 400 0
1643| 1,5 400 0
1644| 1,5 400 0
1645| 1,5 400 0
1646| 1,5 400 0
1647| 1,5 400 0
1648| 1,5 400 0
1649| 1,5 400 0
1650| 1,5 400 0
1651| 1,5 400 0
1652| 1,5 400 0
1653| 1,5 400 0
1654| 1,5 400 0
1655| 1,5 400 0
1656| 1,5 400 0
1657| 1,5 400 0
1658| 1,5 400 0
1659| 1,5 400 0
1660| 1,5 400 0
1661| 1,5 400 0
1662| 1,5 400 0
1663| 1,5 400 0
1664| 1,5 400 0
1665| 1,5 400 0
1666| 1,5 400 0
1667| 1,5 400 0
1668| 1,5 400 0
1669| 1,5 400 0
1670| 1,5 400 0
1671| 1,5 400 0
1672| 1,5 400 0
1673| 1,5 400 0
1674| 1,5 400 0
1675| 1,5 400 0
1676| 1,5 400 0
1677| 1,5 400 0
1678| 1,5 400 0
1679| 1,5 400 0
1680| 1,5 400 0
1681| 1,5 400 0
1682| 1,5 400 0
1683| 1,5 400 0
1684| 1,5 400 0
1685| 1,5 400 0
1686| 1,5 400 0
1687| 1,5 400 0
1688| 1,5 400 0
1689| 1,5 400 0
1690| 1,5 400 0
1691| 1,5 400 0
1692| 1,5 400 0
1693| 1,8 400 0
1694| 2,1 400 0
1695| 2,1 400 0
1696| 2,1 400 0
1697| 2,1 400 0
1698| 2,1 400 0
1699| 2,1 400 0
1700| 2,1 400 0
1701| 2,1 400 0
1702| 2,1 400 0
1703| 2,1 400 0
1704| 2,1 400 0
1705| 2,4 400 0
1706| 2,7 400 0
1707| 3 400 0
1708| 3 400 0
1709| 3 400 0
1710| 3 400 0
1711| 3 400 0
1712| 3 400 0
1713| 3 400 0
1714| 3 400 0
1715| 3 400 0
1716| 3 400 0
1717| 3 400 0
1718| 3 400 0
1719| 3 400 0
1720| 3 400 0
1721| 3 400 0
1722| 3 400 0
1723| 3 400 0
1724| 3 400 0
1725| 3 400 0
1726| 3 400 0
1727| 3 400 0
1728| 3 400 0
1729| 3 400 0
1730| 3 400 0
1731| 3 400 0
1732| 3 400 0
1733| 3 400 0
1734| 3 400 0
1735| 3 400 0
1736| 3 400 0
1737| 3 400 0
1738| 3 400 0
1739| 3 400 0
1740| 3 400 0
1741| 3 400 0
1742| 3 400 0
1743| 3 400 0
1744| 3 400 0
1745| 3 400 0
1746| 3 400 0
1747| 3 400 0
1748| 3 400 0
1749| 3 400 0
1750| 3 400 0
1751| 3 400 0
1752| 3 400 0
1753| 3 400 0
1754| 3 400 0
1755| 3 400 0
1756| 3 400 0
1757| 3 400 0
1758| 3 400 0
1759| 3 400 0
1760| 3 400 0
1761| 3 400 0
1762| 3 400 0
1763| 3 400 0
1764| 3 400 0
1765| 3 400 0
1766| 3 400 0
1767| 3 400 0
1768| 3 400 0
1769| 3 400 0
1770| 3 400 0
1771| 3 400 0
1772| 3 400 0
1773| 3 400 0
1774| 3 400 0
1775| 3 400 0
1776| 3 400 0
1777| 3 400 0
1778| 3 400 0
1779| 3 400 0
1780| 3 400 0
1781| 3 400 0
1782| 3 400 0
1783| 3 400 0
1784| 0 400 0
1785| -0,3 400 0
1786| -0,6 400 0
1787| -0,6 400 0
1788| -0,6 400 0
1789| -0,6 400 0
1790| -0,6 400 0
1791| -0,6 400 0
1792| -0,6 400 0
1793| -0,6 400 0
1794| -0,6 400 0
1795| -0,6 400 0
1796| -0,6 400 0
1797| -0,6 400 0
1798| -0,6 400 0
1799| -0,6 400 0
1800| -0,6 400 0
1801| -0,6 400 0
1802| -0,6 400 0
1803| -0,6 400 0
1804| -0,6 400 0
1805| -0,6 400 0
1806| -0,6 400 0
1807| -0,6 400 0
1808| -0,6 400 0
1809| -0,6 400 0
1810| -0,6 400 0
1811| -0,6 400 0
1812| -0,6 400 0
1813| -0,6 400 0
1814| -0,6 400 0
1815| -0,6 400 0
1816| -0,6 400 0
1817| -0,6 400 0
1818| -0,6 400 0
1819| -0,6 400 0
1820| -0,6 400 0
1821| -0,6 400 0
1822| -0,6 400 0
1823| -0,6 400 0
1824| -0,6 400 0
1825| -0,6 400 0
1826| -0,6 400 0
1827| -0,6 400 0
1828| -0,6 400 0
1829| -0,6 400 0
1830| -0,6 400 0
1831| -0,6 400 0
1832| -0,6 400 0
1833| -0,6 400 0
1834| -0,6 400 0
1835| -0,6 400 0
1836| -0,6 400 0
1837| -0,6 400 0
1838| -0,6 400 0
1839| -0,6 400 0
1840| -0,6 400 0
1841| -0,6 400 0
1842| -0,6 400 0
1843| -0,6 400 0
1844| -0,6 400 0
1845| -0,6 400 0
1846| -0,6 400 0
1847| -0,6 400 0
1848| -0,6 400 0
1849| -0,6 400 0
1850| -0,6 400 0
1851| -0,6 400 0
1852| -0,6 400 0
1853| -0,6 400 0
1854| -0,6 400 0
1855| -0,6 400 0
1856| -0,6 400 0
1857| -0,6 400 0
1858| -0,6 400 0
1859| -0,6 400 0
1860| -0,6 400 0
1861| -0,6 400 0
1862| -0,6 400 0
1863| -0,6 400 0
1864| -0,6 400 0
1865| -0,6 400 0
1866| -0,6 400 0
1867| -0,6 400 0
1868| -0,6 400 0
1869| -0,6 400 0
1870| -0,6 400 0
1871| -0,6 400 0
1872| -0,6 400 0
1873| -0,6 400 0
1874| -0,6 400 0
1875| -0,6 400 0
1876| -0,6 400 0
1877| -0,6 400 0
1878| -0,6 400 0
1879| -0,6 400 0
1880| -0,6 400 0
1881| -0,6 400 0
1882| -0,6 400 0
1883| -0,6 400 0
1884| -0,6 400 0
1885| -0,6 400 0
1886| -0,6 400 0
1887| -0,6 400 0
1888| -0,6 400 0
1889| -0,6 400 0
1890| -0,6 400 0
1891| -0,6 400 0
1892| 0 400 0
1893| 0,3 400 0
1894| 0,6 400 0
1895| 0,9 400 0
1896| 1,2 400 0
1897| 1,2 400 0
1898| 1,2 400 0
1899| 1,2 400 0
1900| 1,2 400 0
1901| 1,2 400 0
1902| 1,2 400 0
1903| 1,2 400 0
1904| 1,2 400 0
1905| 1,2 400 0
1906| 1,2 400 0
1907| 1,2 400 0
1908| 1,2 400 0
1909| 1,2 400 0
1910| 1,2 400 0
1911| 1,2 400 0
1912| 1,2 400 0
1913| 1,2 400 0
1914| 1,2 400 0
1915| 1,2 400 0
1916| 1,2 400 0
1917| 1,2 400 0
1918| 1,2 400 0
1919| 1,2 400 0
1920| 1,2 400 0
1921| 1,2 400 0
1922| 1,2 400 0
1923| 1,2 400 0
1924| 1,2 400 0
1925| 1,2 400 0
1926| 1,2 400 0
1927| 1,2 400 0
1928| 1,2 400 0
1929| 1,2 400 0
1930| 1,2 400 0
1931| 1,2 400 0
1932| 1,2 400 0
1933| 1,2 400 0
1934| 1,2 400 0
1935| 1,2 400 0
1936| 1,2 400 0
1937| 1,2 400 0
1938| 1,2 400 0
1939| 1,2 400 0
1940| 1,2 400 0
1941| 1,2 400 0
1942| 1,2 400 0
1943| 1,2 400 0
1944| 1,2 400 0
1945| 1,2 400 0
1946| 1,2 400 0
1947| 1,2 400 0
1948| 1,2 400 0
1949| 1,2 400 0
1950| 1,2 400 0
1951| 1,2 400 0
1952| 1,2 400 0
1953| 1,2 400 0
1954| 0 0 0
1955| 0 0 0
1956| 0 0 0
1957| 0 0 0
1958| 0 0 0
1959| 0 0 0
1960| 0 0 0
1961| 0 0 0
1962| 0 0 0
1963| 0 0 0
1964| 0 0 0
1965| 0 0 0
1966| 0 0 0
1967| 0 4 0
1968| 0 8 0
1969| 0 12 0
1970| 0 16 0
1971| 0 20 0
1972| 0 24 0
1973| 0 28 0
1974| 0 32 0
1975| 0 36 0
1976| 0 40 0
1977| 0 43,99999 0
1978| 0 47,99999 0
1979| 0 51,99999 0
1980| 0 55,99999 0
1981| -0,3 60 0
1982| -0,3 64 0
1983| -0,3 68 0
1984| -0,3 72 0
1985| -0,3 76,00001 0
1986| -0,3 80,00001 0
1987| -0,3 84,00001 0
1988| -0,3 88,00002 0
1989| -0,3 92,00002 0
1990| -0,3 96,00002 0
1991| -0,3 100 0
1992| -0,3 104 0
1993| -0,3 108 0
1994| -0,3 112 0
1995| -0,3 116 0
1996| -0,3 120 0
1997| -0,3 124 0
1998| -0,3 128 0
1999| -0,3 132 0
2000| -0,3 136 0
2001| -0,3 140 0
2002| -0,3 144 0
2003| -0,3 148 0
2004| -0,3 152 0
2005| -0,3 156 0
2006| -0,3 160 0
2007| -0,3 164 0
2008| -0,3 168 0
2009| -0,3 171,9999 0
2010| -0,3 175,9999 0
2011| -0,3 179,9999 0
2012| -0,3 183,9999 0
2013| -0,3 187,9999 0
2014| -0,3 191,9999 0
2015| -0,3 195,9999 0
2016| -0,3 199,9999 0
2017| -0,3 203,9999 0
2018| -0,3 207,9999 0
2019| -0,3 211,9999 0
2020| -0,3 215,9999 0
2021| -0,3 219,9999 0
2022| -0,3 223,9999 0
2023| -0,3 227,9999 0
2024| -0,3 231,9999 0
2025| -0,3 235,9999 0
2026| -0,3 239,9999 0
2027| -0,3 243,9999 0
2028| -0,3 247,9999 0
2029| -0,3 251,9999 0
2030| -0,3 255,9999 0
2031| -0,3 259,9999 0
2032| -0,3 263,9999 0
2033| -0,3 267,9999 0
2034| -0,3 271,9998 0
2035| -0,3 275,9998 0
2036| -0,3 279,9998 0
2037| -0,3 283,9998 0
2038| -0,3 287,9998 0
2039| -0,3 291,9998 0
2040| -0,3 295,9998 0
2041| -0,3 299,9998 0
2042| -0,3 303,9998 0
2043| -0,3 307,9998 0
2044| -0,3 311,9998 0
2045| -0,3 315,9998 0
2046| -0,3 319,9998 0
2047| -0,3 323,9998 0
2048| -0,3 327,9998 0
2049| -0,3 331,9998 0
2050| -0,3 335,9998 0
2051| -0,3 339,9998 0
2052| -0,3 343,9998 0
2053| -0,3 347,9998 0
2054| -0,3 351,9998 0
2055| -0,3 355,9998 0
2056| -0,3 359,9998 0
2057| -0,3 363,9998 0
2058| -0,3 367,9998 0
2059| -0,3 371,9998 0
2060| -0,3 375,9998 0
2061| -0,3 379,9998 0
2062| -0,6 383,9998 0
2063| -0,9 387,9998 0
2064| -1,2 391,9998 0
2065| -1,5 395,9998 0
2066| -1,8 399,9997 0
2067| -2,1 400 0
2068| -2,4 400 0
2069| -2,4 400 0
2070| -2,4 400 0
2071| -2,4 400 0
2072| -2,4 400 0
2073| -2,4 400 0
2074| -2,4 400 0
2075| -2,4 400 0
2076| -2,4 400 0
2077| -2,4 400 0
2078| -2,4 400 0
2079| -2,7 400 0
2080| -3 400 0
2081| -3,299999 400 0
2082| -3,599999 400 0
2083| -3,899999 400 0
2084| -4,2 400 0
2085| -4,5 400 0
2086| -4,8 400 0
2087| -4,8 400 0
2088| -4,8 400 0
2089| -4,8 400 0
2090| -4,8 400 0
2091| -4,8 400 0
2092| -4,8 400 0
2093| -5,1 400 0
2094| -5,4 400 0
2095| -5,7 400 0
2096| -6 400 0
2097| -6,300001 400 0
2098| -6,600001 400 0
2099| -6,900001 400 0
2100| -7,200001 400 0
2101| -7,500001 400 0
2102| -7,500001 400 0
2103| -7,500001 400 0
2104| -7,500001 400 0
2105| -7,500001 400 0
2106| -7,500001 400 0
2107| -7,500001 400 0
2108| -7,500001 400 0
2109| -7,500001 400 0
2110| -7,500001 400 0
2111| -7,500001 400 0
2112| -7,500001 400 0
2113| -7,500001 400 0
2114| -7,800001 400 0
2115| -8,1 400 0
2116| -8,4 400 0
2117| -8,7 400 0
2118| -8,999999 400 0
2119| -9,299999 400 0
2120| -9,599998 400 0
2121| -9,899999 400 0
2122| -10,2 400 0
2123| -10,5 400 0
2124| -10,8 400 0
2125| -11,1 400 0
2126| -11,4 400 0
2127| -11,7 400 0
2128| -12 400 0
2129| -12 400 0
2130| -12 400 0
2131| -12 400 0
2132| -12 400 0
2133| -12 400 0
2134| -12,3 400 0
2135| -12,6 400 0
2136| -12,9 400 0
2137| -13,2 400 0
2138| -13,5 400 0
2139| -13,79999 400 0
2140| -14,09999 400 0
2141| -14,39999 400 0
2142| -14,69999 400 0
2143| -14,99999 400 0
2144| -15,29999 400 0
2145| -15,59999 400 0
2146| -15,89999 400 0
2147| -16,19999 400 0
2148| -16,49999 400 0
2149| -16,79999 400 0
2150| -17,09999 400 0
2151| -17,39999 400 0
2152| -17,69999 400 0
2153| -17,99999 400 0
2154| -18,29999 400 0
2155| -18,59999 400 0
2156| -18,89999 400 0
2157| -19,19999 400 0
2158| -19,49999 400 0
2159| -19,49999 400 0
2160| -19,49999 400 0
2161| -19,49999 400 0
2162| -19,79999 400 0
2163| -20,09999 400 0
2164| -20,39999 400 0
2165| -20,69999 400 0
2166| -20,99999 400 0
2167| -21,29999 400 0
2168| -21,59999 400 0
2169| -21,89999 400 0
2170| -22,19999 400 0
2171| -22,49999 400 0
2172| -22,79999 400 0
2173| -22,79999 400 0
2174| -22,79999 400 0
2175| -22,79999 400 0
2176| -22,79999 400 0
2177| -22,79999 400 0
2178| -23,09999 400 0
2179| -23,39999 400 0
2180| -23,69999 400 0
2181| -23,99999 400 0
2182| -24,29999 400 0
2183| -24,59999 400 0
2184| -24,89998 400 0
2185| -25,19999 400 0
2186| -25,49998 400 0
2187| -25,49998 400 0
2188| -25,49998 400 0
2189| -25,49998 400 0
2190| -25,49998 400 0
2191| -25,49998 400 0
2192| -25,79998 400 0
2193| -26,09998 400 0
2194| -26,39998 400 0
2195| -26,69998 400 0
2196| -26,99998 400 0
2197| -27,29998 400 0
2198| -27,59998 400 0
2199| -27,89998 400 0
2200| -28,19998 400 0
2201| -28,49998 400 0
2202| -28,79998 400 0
2203| -29,09998 400 0
2204| -29,39998 400 0
2205| -29,69998 400 0
2206| -29,69998 400 0
2207| -29,69998 400 0
2208| -29,69998 400 0
2209| -29,69998 400 0
2210| -29,69998 400 0
2211| -29,99998 400 0
2212| -30 400 0
2213| -30 400 0
2214| -30 400 0
2215| -30 400 0
2216| -30 400 0
2217| -30 400 0
2218| -30 400 0
2219| -30 400 0
2220| -30 400 0
2221| -30 400 0
2222| -30 400 0
2223| -30 400 0
2224| -30 400 0
2225| -30 400 0
2226| -30 400 0
2227| -30 400 0
2228| -30 400 0
2229| -30 400 0
2230| -30 400 0
2231| -30 400 0
2232| -30 400 0
2233| -30 400 0
2234| -30 400 0
2235| -30 400 0
2236| -30 400 0
2237| -30 400 0
2238| -30 400 0
2239| -30 400 0
2240| -30 400 0
2241| -30 400 0
2242| -30 400 0
2243| -30 400 0
2244| -30 400 0
2245| -30 400 0
2246| -30 400 0
2247| -30 400 0
2248| -30 400 0
2249| -30 400 0
2250| -30 400 0
2251| -30 400 0
2252| -30 400 0
2253| -30 400 0
2254| -30 400 0
2255| -30 400 0
2256| -30 400 0
2257| -30 400 0
2258| -30 400 0
2259| -30 400 0
2260| -30 400 0
2261| -30 400 0
2262| -30 400 0
2263| -30 400 0
2264| -30 400 0
2265| -30 400 0
2266| -30 400 0
2267| -30 400 0
2268| -30 400 0
2269| -30 400 0
2270| -30 400 0
2271| -30 400 0
2272| -30 400 0
2273| -30 400 0
2274| -30 400 0
2275| -30 400 0
2276| -30 400 0
2277| -30 400 0
2278| -30 400 0
2279| -30 400 0
2280| -30 400 0
2281| -30 400 0
2282| -30 400 0
2283| 0 400 0
2284| 0,3 400 0
2285| 0,6 400 0
2286| 0,6 400 0
2287| 0,6 400 0
2288| 0,6 400 0
2289| 0,6 400 0
2290| 0,6 400 0
2291| 0,6 400 0
2292| 0,6 400 0
2293| 0,6 400 0
2294| 0,6 400 0
2295| 0,6 400 0
2296| 0,6 400 0
2297| 0,6 400 0
2298| 0,6 400 0
2299| 0,6 400 0
2300| 0,6 400 0
2301| 0,6 400 0
2302| 0,6 400 0
2303| 0,6 400 0
2304| 0,6 400 0
2305| 0,6 400 0
2306| 0,6 400 0
2307| 0,6 400 0
2308| 0,6 400 0
2309| 0,6 400 0
2310| 0,6 400 0
2311| 0,6 400 0
2312| 0,6 400 0
2313| 0,6 400 0
2314| 0,6 400 0
2315| 0,6 400 0
2316| 0,6 400 0
2317| 0,6 400 0
2318| 0,6 400 0
2319| 0,6 400 0
2320| 0,6 400 0
2321| 0,6 400 0
2322| 0,6 400 0
2323| 0,6 400 0
2324| 0,6 400 0
2325| 0,6 400 0
2326| 0,6 400 0
2327| 0,6 400 0
2328| 0,6 400 0
2329| 0,6 400 0
2330| 0,6 400 0
2331| 0,6 400 0
2332| 0,6 400 0
2333| 0,6 400 0
2334| 0,6 400 0
2335| 0,6 400 0
2336| 0,6 400 0
2337| 0,6 400 0
2338| 0,6 400 0
2339| 0,6 400 0
2340| 0,6 400 0
2341| 0,6 400 0
2342| 0,6 400 0
2343| 0,6 400 0
2344| 0,6 400 0
2345| 0,6 400 0
2346| 0,6 400 0
2347| 0,6 400 0
2348| 0,6 400 0
2349| 0,6 400 0
2350| 0,6 400 0
2351| 0,6 400 0
2352| 0,6 400 0
2353| 0,6 400 0
2354| 0,6 400 0
2355| 0,6 400 0
2356| 0,6 400 0
2357| 0,6 400 0
2358| 0,6 400 0
2359| 0,6 400 0
2360| 0,6 400 0
2361| 0,6 400 0
2362| 0,6 400 0
2363| 0,6 400 0
2364| 0,6 400 0
2365| 0,6 400 0
2366| 0,6 400 0
2367| 0,9 400 0
2368| 1,2 400 0
2369| 1,5 400 0
2370| 1,8 400 0
2371| 2,1 400 0
2372| 2,1 400 0
2373| 2,1 400 0
2374| 2,1 400 0
2375| 2,1 400 0
2376| 2,1 400 0
2377| 2,1 400 0
2378| 2,1 400 0
2379| 2,1 400 0
2380| 2,1 400 0
2381| 2,1 400 0
2382| 2,1 400 0
2383| 2,1 400 0
2384| 2,1 400 0
2385| 2,1 400 0
2386| 2,1 400 0
2387| 2,4 400 0
2388| 2,7 400 0
2389| 2,7 400 0
2390| 2,7 400 0
2391| 2,7 400 0
2392| 2,7 400 0
2393| 2,7 400 0
2394| 2,7 400 0
2395| 2,7 400 0
2396| 2,7 400 0
2397| 2,7 400 0
2398| 2,7 400 0
2399| 2,7 400 0
2400| 3 400 0
2401| 3,299999 400 0
2402| 3,299999 400 0
2403| 3,299999 400 0
2404| 3,299999 400 0
2405| 3,299999 400 0
2406| 3,299999 400 0
2407| 3,299999 400 0
2408| 3,299999 400 0
2409| 3,299999 400 0
2410| 3,299999 400 0
2411| 3,299999 400 0
2412| 3,299999 400 0
2413| 3,299999 400 0
2414| 3,599999 400 0
2415| 3,899999 400 0
2416| 4,2 400 0
2417| 4,2 400 0
2418| 4,2 400 0
2419| 4,2 400 0
2420| 4,2 400 0
2421| 4,2 400 0
2422| 4,2 400 0
2423| 4,2 400 0
2424| 4,2 400 0
2425| 4,2 400 0
2426| 4,2 400 0
2427| 4,2 400 0
2428| 4,2 400 0
2429| 4,2 400 0
2430| 4,2 400 0
2431| 4,2 400 0
2432| 4,2 400 0
2433| 4,2 400 0
2434| 4,2 400 0
2435| 4,2 400 0
2436| 4,2 400 0
2437| 4,2 400 0
2438| 4,2 400 0
2439| 4,2 400 0
2440| 4,2 400 0
2441| 4,2 400 0
2442| 4,2 400 0
2443| 4,2 400 0
2444| 4,2 400 0
2445| 4,2 400 0
2446| 4,2 400 0
2447| 4,2 400 0
2448| 4,2 400 0
2449| 4,2 400 0
2450| 4,2 400 0
2451| 4,2 400 0
2452| 4,2 400 0
2453| 4,2 400 0
2454| 4,2 400 0
2455| 4,2 400 0
2456| 4,2 400 0
2457| 0 400 0
2458| -0,3 400 0
2459| -0,6 400 0
2460| -0,9 400 0
2461| -1,2 400 0
2462| -1,2 400 0
2463| -1,2 400 0
2464| -1,2 400 0
2465| -1,2 400 0
2466| -1,2 400 0
2467| -1,2 400 0
2468| -1,2 400 0
2469| -1,2 400 0
2470| -1,2 400 0
2471| -1,2 400 0
2472| -1,2 400 0
2473| -1,2 400 0
2474| -1,2 400 0
2475| -1,2 400 0
2476| -1,2 400 0
2477| -1,2 400 0
2478| -1,2 400 0
2479| -1,2 400 0
2480| -1,2 400 0
2481| -1,2 400 0
2482| -1,2 400 0
2483| -1,2 400 0
2484| -1,2 400 0
2485| -1,2 400 0
2486| -1,2 400 0
2487| -1,2 400 0
2488| -1,2 400 0
2489| -1,2 400 0
2490| -1,2 400 0
2491| -1,2 400 0
2492| -1,2 400 0
2493| -1,2 400 0
2494| -1,2 400 0
2495| -1,2 400 0
2496| -1,2 400 0
2497| -1,2 400 0
2498| -1,2 400 0
2499| -1,2 400 0
2500| -1,2 400 0
2501| -1,2 400 0
2502| -1,2 400 0
2503| -1,2 400 0
2504| -1,2 400 0
2505| -1,2 400 0
2506| -1,2 400 0
2507| -1,2 400 0
2508| -1,2 400 0
2509| -1,2 400 0
2510| -1,2 400 0
2511| -1,2 400 0
2512| -1,2 400 0
2513| -1,2 400 0
2514| -1,2 400 0
2515| -1,2 400 0
2516| -1,2 400 0
2517| -1,2 400 0
2518| -1,2 400 0
2519| -1,2 400 0
2520| -1,2 400 0
2521| -1,2 400 0
2522| -1,2 400 0
2523| -1,2 400 0
2524| -1,2 400 0
2525| -1,2 400 0
2526| -1,2 400 0
2527| -1,2 400 0
2528| -1,2 400 0
2529| -1,2 400 0
2530| -1,2 400 0
2531| -1,2 400 0
2532| -1,2 400 0
2533| -1,2 400 0
2534| -1,2 400 0
2535| -1,2 400 0
2536| -1,2 400 0
2537| -1,2 400 0
2538| -1,2 400 0
2539| -1,2 400 0
2540| -1,2 400 0
2541| -1,2 400 0
2542| -1,2 400 0
2543| -1,2 400 0
2544| -1,2 400 0
2545| -1,2 400 0
2546| -1,2 400 0
2547| -1,2 400 0
2548| -1,2 400 0
2549| -1,2 400 0
2550| -1,2 400 0
2551| -1,2 400 0
2552| -1,2 400 0
2553| -1,2 400 0
2554| -1,2 400 0
2555| -1,2 400 0
2556| -1,2 400 0
2557| -1,2 400 0
2558| -1,2 400 0
2559| -1,2 400 0
2560| -1,2 400 0
2561| -1,2 400 0
2562| -1,2 400 0
2563| -1,2 400 0
2564| -1,2 400 0
2565| -1,2 400 0
2566| -1,2 400 0
2567| -1,2 400 0
2568| -1,2 400 0
2569| -1,2 400 0
2570| -1,2 400 0
2571| -1,2 400 0
2572| -1,2 400 0
2573| -1,2 400 0
2574| -1,2 400 0
2575| -1,2 400 0
2576| -1,2 400 0
2577| -1,2 400 0
2578| -1,2 400 0
2579| -1,2 400 0
2580| -1,2 400 0
2581| -1,2 400 0
2582| -1,2 400 0
2583| -1,2 400 0
2584| -1,2 400 0
2585| -1,2 400 0
2586| -1,2 400 0
2587| -1,2 400 0
2588| -1,2 400 0
2589| -1,2 400 0
2590| -1,2 400 0
2591| -1,2 400 0
2592| -1,2 400 0
2593| -1,2 400 0
2594| -1,2 400 0
2595| -1,2 400 0
2596| -1,2 400 0
2597| 0 400 0
2598| 0,3 400 0
2599| 0,6 400 0
2600| 0,9 400 0
2601| 1,2 400 0
2602| 1,5 400 0
2603| 1,5 400 0
2604| 1,5 400 0
2605| 1,5 400 0
2606| 1,5 400 0
2607| 1,5 400 0
2608| 1,5 400 0
2609| 1,5 400 0
2610| 1,5 400 0
2611| 1,5 400 0
2612| 1,5 400 0
2613| 1,5 400 0
2614| 1,5 400 0
2615| 1,5 400 0
2616| 1,5 400 0
2617| 1,5 400 0
2618| 1,5 400 0
2619| 1,5 400 0
2620| 1,5 400 0
2621| 1,5 400 0
2622| 1,5 400 0
2623| 1,5 400 0
2624| 1,5 400 0
2625| 1,5 400 0
2626| 1,5 400 0
2627| 0 0 0
2628| 0 0 0
2629| 0 0 0
2630| 0 0 0
2631| 0 0 0
2632| 0 0 0
2633| 0 0 0
2634| 0 0 0
2635| 0 4 0
2636| 0 8 0
2637| 0 12 0
2638| 0 16 0
2639| 0 20 0
2640| 0 24 0
2641| 0 28 0
2642| 0 32 0
2643| 0 36 0
2644| 0 40 0
2645| 0 43,99999 0
2646| 0 47,99999 0
2647| 0 51,99999 0
2648| 0 55,99999 0
2649| 0 0 0
2650| 0 0 0
2651| 0 0 0
2652| 0 0 0
2653| 0 0 0
2654| 0 4 0
2655| 0 8 0
2656| 0 12 0
2657| 0 16 0
2658| 0 20 0
2659| 0 24 0
2660| 0 28 0
2661| 0 32 0
2662| 0 36 0
2663| 0 40 0
2664| 0 43,99999 0
2665| 0 47,99999 0
2666| 0 51,99999 0
2667| 0 0 0
2668| 0 0 0
2669| 0 0 0
2670| 0 0 0
2671| 0 4 0
2672| 0 8 0
2673| 0 12 0
2674| 0 16 0
2675| 0 20 0
2676| 0 24 0
2677| -0,3 28 0
2678| -0,6 32 0
2679| -0,9 36 0
2680| -1,2 40 0
2681| -1,5 43,99999 0
2682| -1,5 47,99999 0
2683| -1,5 51,99999 0
2684| -1,5 55,99999 0
2685| -1,5 60 0
2686| -1,5 64 0
2687| -1,8 68 0
2688| -2,1 72 0
2689| -2,4 76,00001 0
2690| -2,7 80,00001 0
2691| -3 84,00001 0
2692| -3,299999 88,00002 0
2693| -3,599999 92,00002 0
2694| -3,899999 96,00002 0
2695| -4,2 100 0
2696| -4,5 104 0
2697| -4,8 108 0
2698| -5,1 112 0
2699| -5,4 116 0
2700| -5,7 120 0
2701| -6 124 0
2702| -6 128 0
2703| -6 132 0
2704| -6 136 0
2705| -6 140 0
2706| -6 144 0
2707| -6 148 0
2708| -6,300001 152 0
2709| -6,600001 156 0
2710| -6,900001 160 0
2711| -7,200001 164 0
2712| -7,500001 168 0
2713| -7,800001 171,9999 0
2714| -8,1 175,9999 0
2715| -8,4 179,9999 0
2716| -8,4 183,9999 0
2717| -8,4 187,9999 0
2718| -8,4 191,9999 0
2719| -8,4 195,9999 0
2720| -8,4 199,9999 0
2721| -8,4 203,9999 0
2722| -8,4 207,9999 0
2723| -8,4 211,9999 0
2724| -8,4 215,9999 0
2725| -8,7 219,9999 0
2726| -8,999999 223,9999 0
2727| -9,299999 227,9999 0
2728| -9,599998 231,9999 0
2729| -9,899999 235,9999 0
2730| -10,2 239,9999 0
2731| -10,2 243,9999 0
2732| -10,2 247,9999 0
2733| -10,2 251,9999 0
2734| -10,2 255,9999 0
2735| -10,2 259,9999 0
2736| -10,2 263,9999 0
2737| -10,2 267,9999 0
2738| -10,5 271,9998 0
2739| -10,8 275,9998 0
2740| -11,1 279,9998 0
2741| -11,4 283,9998 0
2742| -11,7 287,9998 0
2743| -12 291,9998 0
2744| -12,3 295,9998 0
2745| -12,6 299,9998 0
2746| -12,9 303,9998 0
2747| -12,9 307,9998 0
2748| -12,9 311,9998 0
2749| -12,9 315,9998 0
2750| -12,9 319,9998 0
2751| -12,9 323,9998 0
2752| -12,9 327,9998 0
2753| -12,9 331,9998 0
2754| -13,2 335,9998 0
2755| -13,5 339,9998 0
2756| -13,79999 343,9998 0
2757| -14,09999 347,9998 0
2758| -14,39999 351,9998 0
2759| -14,39999 355,9998 0
2760| -14,39999 359,9998 0
2761| -14,39999 363,9998 0
2762| -14,39999 367,9998 0
2763| -14,39999 371,9998 0
2764| -14,39999 375,9998 0
2765| -14,39999 379,9998 0
2766| -14,69999 383,9998 0
2767| -14,99999 387,9998 0
2768| -15,29999 391,9998 0
2769| -15,59999 395,9998 0
2770| -15,89999 399,9997 0
2771| -15,89999 400 0
2772| -15,89999 400 0
2773| -15,89999 400 0
2774| -15,89999 400 0
2775| -15,89999 400 0
2776| -15,89999 400 0
2777| -15,89999 400 0
2778| -15,89999 400 0
2779| -15,89999 400 0
2780| 0 400 0
2781| 0,3 400 0
2782| 0,6 400 0
2783| 0,6 400 0
2784| 0,6 400 0
2785| 0,6 400 0
2786| 0,6 400 0
2787| 0,6 400 0
2788| 0,6 400 0
2789| 0,6 400 0
2790| 0,6 400 0
2791| 0,6 400 0
2792| 0,6 400 0
2793| 0,6 400 0
2794| 0,6 400 0
2795| 0,6 400 0
2796| 0,6 400 0
2797| 0 400 0
2798| 0 400 0
2799| 0 400 0
2800| 0 400 0
2801| 0 400 0
2802| 0 400 0
2803| 0 400 0
2804| 0 400 0
2805| 0 400 0
2806| 0 400 0
2807| 0 400 0
2808| 0 400 0
2809| 0 400 0
2810| 0 400 0
2811| 0 400 0
2812| 0 400 0
2813| 0 400 0
2814| 0 400 0
2815| 0 400 0
2816| 0 400 0
2817| 0 400 0
2818| -0,3 400 0
2819| -0,6 400 0
2820| -0,9 400 0
2821| -0,9 400 0
2822| -0,9 400 0
2823| -0,9 400 0
2824| -0,9 400 0
2825| -0,9 400 0
2826| -0,9 400 0
2827| -0,9 400 0
2828| -0,9 400 0
2829| -0,9 400 0
2830| -0,9 400 0
2831| -0,9 400 0
2832| -1,2 400 0
2833| -1,5 400 0
2834| -1,5 400 0
2835| -1,5 400 0
2836| -1,5 400 0
2837| -1,5 400 0
2838| -1,5 400 0
2839| -1,5 400 0
2840| -1,5 400 0
2841| -1,5 400 0
2842| -1,5 400 0
2843| -1,5 400 0
2844| -1,5 400 0
2845| -1,5 400 0
2846| -1,5 400 0
2847| -1,8 400 0
2848| -2,1 400 0
2849| -2,1 400 0
2850| -2,1 400 0
2851| -2,1 400 0
2852| -2,1 400 0
2853| -2,1 400 0
2854| -2,1 400 0
2855| -2,1 400 0
2856| -2,1 400 0
2857| -2,1 400 0
2858| -2,1 400 0
2859| -2,1 400 0
2860| -2,1 400 0
2861| -2,1 400 0
2862| -2,1 400 0
2863| -2,1 400 0
2864| -2,1 400 0
2865| -2,1 400 0
2866| -2,1 400 0
2867| -2,1 400 0
2868| -2,1 400 0
2869| -2,1 400 0
2870| -2,1 400 0
2871| -2,1 400 0
2872| -2,1 400 0
2873| -2,1 400 0
2874| -2,1 400 0
2875| -2,1 400 0
2876| -2,1 400 0
2877| -2,1 400 0
2878| -2,1 400 0
2879| -2,1 400 0
2880| -2,1 400 0
2881| -2,1 400 0
2882| 0 400 0
2883| 0,3 400 0
2884| 0,3 400 0
2885| 0,3 400 0
2886| 0,3 400 0
2887| 0,3 400 0
2888| 0,3 400 0
2889| 0,3 400 0
2890| 0,3 400 0
2891| 0,3 400 0
2892| 0,3 400 0
2893| 0,3 400 0
2894| 0,3 400 0
2895| 0,3 400 0
2896| 0,3 400 0
2897| 0,3 400 0
2898| 0,3 400 0
2899| 0,3 400 0
2900| 0,3 400 0
2901| 0,3 400 0
2902| 0,3 400 0
2903| 0,3 400 0
2904| 0,3 400 0
2905| 0,3 400 0
2906| 0,3 400 0
2907| 0,3 400 0
2908| 0,3 400 0
2909| 0,3 400 0
2910| 0,3 400 0
2911| 0,3 400 0
2912| 0,3 400 0
2913| 0,3 400 0
2914| 0,3 400 0
2915| 0,3 400 0
2916| 0,3 400 0
2917| 0,3 400 0
2918| 0,3 400 0
2919| 0,3 400 0
2920| 0,3 400 0
2921| 0,3 400 0
2922| 0,3 400 0
2923| 0,3 400 0
2924| 0,3 400 0
2925| 0,3 400 0
2926| 0,3 400 0
2927| 0 400 0
2928| 0 400 0
2929| 0 400 0
2930| 0 400 0
2931| 0 400 0
2932| 0 400 0
2933| 0 400 0
2934| 0 400 0
2935| 0 400 0
2936| 0 400 0
2937| 0 400 0
2938| 0 400 0
2939| 0 400 0
2940| 0 400 0
2941| 0 400 0
2942| 0 400 0
2943| 0 400 0
2944| 0 400 0
2945| 0 400 0
2946| 0 400 0
2947| 0 400 0
2948| 0 400 0
2949| 0 400 0
2950| 0 400 0
2951| 0 400 0
2952| 0 400 0
2953| 0 400 0
2954| 0 400 0
2955| 0 400 0
2956| 0 400 0
2957| 0 400 0
2958| 0 400 0
2959| 0 400 0
2960| 0 400 0
2961| 0 400 0
2962| 0 400 0
2963| 0 400 0
2964| 0 400 0
2965| 0 400 0
2966| 0 400 0
2967| 0 400 0
2968| 0 400 0
2969| 0 400 0
2970| 0 400 0
2971| 0 400 0
2972| 0 400 0
2973| 0 400 0
2974| 0 400 0
2975| 0 400 0
2976| 0 400 0
2977| 0 400 0
2978| 0 400 0
2979| 0 400 0
2980| 0 400 0
2981| 0 400 0
2982| 0 400 0
2983| 0 400 0
2984| 0 400 0
2985| 0 400 0
2986| 0 400 0
2987| 0 400 0
2988| 0 400 0
2989| 0 400 0
2990| 0 400 0
2991| 0 400 0
2992| 0 400 0
2993| 0 400 0
2994| 0 400 0
2995| 0 400 0
2996| 0 400 0
2997| 0 400 0
2998| 0 400 0
2999| 0 400 0
3000| 0 400 0
3001| 0 400 0
3002| 0 400 0
3003| 0 400 0
3004| 0 400 0
3005| 0 400 0
3006| 0 400 0
3007| 0 400 0
3008| 0 400 0
3009| 0 400 0
3010| 0 400 0

