1| 0 0 0
2| 0 0 0
3| 0 0 0
4| 0 0 0
5| 0 0 0
6| 0 0 0
7| 0 0 0
8| 0 0 0
9| 0 0 0
10| 0 0 0
11| 0 0 0
12| 0 0 0
13| 0 0 0
14| 0 0 0
15| 0 0 0
16| 0 0 0
17| 0 0 0
18| 0 0 0
19| 0 0 0
20| 0 0 0
21| 0 0 0
22| 0 0 0
23| 0 0 0
24| 0 0 0
25| 0 0 0
26| 0 0 0
27| 0 0 0
28| 0 0 0
29| 0 0 0
30| 0 0 0
31| 0 0 0
32| 0 0 0
33| 0 0 0
34| 0 0 0
35| 0 0 0
36| 0 0 0
37| 0 0 0
38| 0 0 0
39| 0 0 0
40| 0 0 0
41| 0 0 0
42| 0 0 0
43| 0 0 0
44| 0 0 0
45| 0 0 0
46| 0 0 0
47| 0 0 0
48| 0 0 0
49| 0 0 0
50| 0 0 0
51| 0 0 0
52| 0 0 0
53| 0 0 0
54| 0 0 0
55| 0 0 0
56| 0 0 0
57| 0 0 0
58| 0 0 0
59| 0 0 0
60| 0 0 0
61| 0 0 0
62| 0 0 0
63| 0 0 0
64| 0 0 0
65| 0 0 0
66| 0 0 0
67| 0 0 0
68| 0 0 0
69| 0 0 0
70| 0 0 0
71| 0 0 0
72| 0 0 0
73| 0 0 0
74| 0 0 0
75| 0 0 0
76| 0 0 0
77| 0 0 0
78| 0 0 0
79| 0 0 0
80| 0 0 0
81| 0 0 0
82| 0 0 0
83| 0 4 0
84| 0 8 0
85| 0 12 0
86| 0 16 0
87| 0 20 0
88| 0 24 0
89| 0 28 0
90| 0 32 0
91| 0 36 0
92| 0 40 0
93| 0 43,99999 0
94| 0 47,99999 0
95| 0 51,99999 0
96| 0 55,99999 0
97| 0 60 0
98| 0 64 0
99| 0 68 0
100| 0 72 0
101| 0 76,00001 0
102| 0 0 0
103| 0 0 0
104| 0 0 0
105| 0 0 0
106| 0 4 0
107| 0 8 0
108| 0 12 0
109| 0 16 0
110| 0 20 0
111| 0 24 0
112| 0 28 0
113| 0 32 0
114| 0 36 0
115| 0 40 0
116| 0 43,99999 0
117| 0 47,99999 0
118| 0 51,99999 0
119| 0 55,99999 0
120| 0 60 0
121| 0 64 0
122| 0 68 0
123| 0 72 0
124| -0,3 76,00001 0
125| -0,6 80,00001 0
126| -0,9 84,00001 0
127| -0,9 88,00002 0
128| -0,9 92,00002 0
129| -0,9 96,00002 0
130| -0,9 100 0
131| -0,9 104 0
132| -0,9 108 0
133| -0,9 112 0
134| -0,9 116 0
135| -0,9 120 0
136| -0,9 124 0
137| -0,9 128 0
138| -1,2 132 0
139| -1,5 136 0
140| -1,8 140 0
141| -2,1 144 0
142| -2,4 148 0
143| -2,7 152 0
144| -3 156 0
145| -3,299999 160 0
146| -3,599999 164 0
147| -3,899999 168 0
148| -4,2 171,9999 0
149| -4,5 175,9999 0
150| -4,8 179,9999 0
151| -5,1 183,9999 0
152| -5,4 187,9999 0
153| -5,7 191,9999 0
154| -6 195,9999 0
155| -6,300001 199,9999 0
156| -6,600001 203,9999 0
157| -6,900001 207,9999 0
158| -7,200001 211,9999 0
159| -7,500001 215,9999 0
160| -7,800001 219,9999 0
161| -8,1 223,9999 0
162| -8,4 227,9999 0
163| -8,7 231,9999 0
164| -8,999999 235,9999 0
165| -9,299999 239,9999 0
166| -9,599998 243,9999 0
167| -9,899999 247,9999 0
168| -10,2 251,9999 0
169| -10,5 255,9999 0
170| -10,8 259,9999 0
171| -11,1 263,9999 0
172| -11,4 267,9999 0
173| -11,7 271,9998 0
174| -12 275,9998 0
175| -12,3 279,9998 0
176| -12,6 283,9998 0
177| -12,9 287,9998 0
178| -13,2 291,9998 0
179| -13,5 295,9998 0
180| -13,79999 299,9998 0
181| -14,09999 303,9998 0
182| -14,39999 307,9998 0
183| -14,69999 311,9998 0
184| -14,99999 315,9998 0
185| -15,29999 319,9998 0
186| -15,59999 323,9998 0
187| -15,89999 327,9998 0
188| -16,19999 331,9998 0
189| -16,49999 335,9998 0
190| -16,79999 339,9998 0
191| -17,09999 343,9998 0
192| -17,39999 347,9998 0
193| -17,69999 351,9998 0
194| -17,99999 355,9998 0
195| -18,29999 359,9998 0
196| -18,59999 363,9998 0
197| -18,89999 367,9998 0
198| -19,19999 371,9998 0
199| -19,49999 375,9998 0
200| -19,79999 379,9998 0
201| -20,09999 383,9998 0
202| -20,39999 387,9998 0
203| -20,69999 391,9998 0
204| -20,99999 395,9998 0
205| 0 399,9997 0
206| 0 400 0
207| 0,3 400 0
208| 0,6 400 0
209| 0,9 400 0
210| 1,2 400 0
211| 1,5 400 0
212| 1,8 400 0
213| 2,1 400 0
214| 2,4 400 0
215| 2,7 400 0
216| 3 400 0
217| 3,299999 400 0
218| 3,599999 400 0
219| 3,899999 400 0
220| 4,2 400 0
221| 4,5 400 0
222| 4,8 400 0
223| 5,1 400 0
224| 5,4 400 0
225| 5,7 400 0
226| 6 400 0
227| 6,300001 400 0
228| 6,600001 400 0
229| 6,900001 400 0
230| 7,200001 400 0
231| 7,500001 400 0
232| 7,800001 400 0
233| 8,1 400 0
234| 8,4 400 0
235| 8,7 400 0
236| 8,999999 400 0
237| 9,299999 400 0
238| 9,599998 400 0
239| 9,899999 400 0
240| 10,2 400 0
241| 10,5 400 0
242| 10,8 400 0
243| 11,1 400 0
244| 11,4 400 0
245| 11,7 400 0
246| 12 400 0
247| 12,3 400 0
248| 12,6 400 0
249| 12,9 400 0
250| 13,2 400 0
251| 13,5 400 0
252| 13,79999 400 0
253| 14,09999 400 0
254| 14,39999 400 0
255| 14,69999 400 0
256| 14,99999 400 0
257| 15,29999 400 0
258| 15,59999 400 0
259| 15,89999 400 0
260| 16,19999 400 0
261| 16,49999 400 0
262| 16,79999 400 0
263| 17,09999 400 0
264| 17,39999 400 0
265| 17,69999 400 0
266| 17,99999 400 0
267| 18,29999 400 0
268| 18,59999 400 0
269| 18,89999 400 0
270| 19,19999 400 0
271| 19,49999 400 0
272| 19,79999 400 0
273| 0 400 0
274| 0 400 0
275| 0 400 0
276| 0 400 0
277| 0 400 0
278| 0,3 400 0
279| 0,6 400 0
280| 0,6 400 0
281| 0,6 400 0
282| 0,6 400 0
283| 0,6 400 0
284| 0,6 400 0
285| 0,6 400 0
286| 0,6 400 0
287| 0,6 400 0
288| 0,6 400 0
289| 0,6 400 0
290| 0,6 400 0
291| 0,6 400 0
292| 0,6 400 0
293| 0,6 400 0
294| 0,6 400 0
295| 0,6 400 0
296| 0,6 400 0
297| 0,6 400 0
298| 0,6 400 0
299| 0,6 400 0
300| 0,6 400 0
301| 0,6 400 0
302| 0,6 400 0
303| 0,6 400 0
304| 0,6 400 0
305| 0,6 400 0
306| 0,6 400 0
307| 0,6 400 0
308| 0,6 400 0
309| 0,6 400 0
310| 0,6 400 0
311| 0,6 400 0
312| 0,6 400 0
313| 0,6 400 0
314| 0,6 400 0
315| 0,6 400 0
316| 0,6 400 0
317| 0,6 400 0
318| 0,6 400 0
319| 0,6 400 0
320| 0,6 400 0
321| 0,6 400 0
322| 0,6 400 0
323| 0,6 400 0
324| 0,6 400 0
325| 0,6 400 0
326| 0,6 400 0
327| 0,6 400 0
328| 0,6 400 0
329| 0,6 400 0
330| 0,6 400 0
331| 0,6 400 0
332| 0,6 400 0
333| 0,6 400 0
334| 0,6 400 0
335| 0,6 400 0
336| 0,6 400 0
337| 0,6 400 0
338| 0,6 400 0
339| 0,6 400 0
340| 0,6 400 0
341| 0,6 400 0
342| 0,6 400 0
343| 0,6 400 0
344| 0,6 400 0
345| 0,6 400 0
346| 0,6 400 0
347| 0,6 400 0
348| 0,6 400 0
349| 0,6 400 0
350| 0,6 400 0
351| 0,6 400 0
352| 0,6 400 0
353| 0,6 400 0
354| 0,6 400 0
355| 0,6 400 0
356| 0,6 400 0
357| 0,6 400 0
358| 0,6 400 0
359| 0,6 400 0
360| 0,6 400 0
361| 0,6 400 0
362| 0,6 400 0
363| 0,6 400 0
364| 0,6 400 0
365| 0,6 400 0
366| 0,6 400 0
367| 0,6 400 0
368| 0,6 400 0
369| 0,6 400 0
370| 0,6 400 0
371| 0,6 400 0
372| 0,6 400 0
373| 0,6 400 0
374| 0,6 400 0
375| 0,6 400 0
376| 0,6 400 0
377| 0,9 400 0
378| 1,2 400 0
379| 1,5 400 0
380| 1,8 400 0
381| 2,1 400 0
382| 2,4 400 0
383| 2,7 400 0
384| 3 400 0
385| 3,299999 400 0
386| 3,599999 400 0
387| 3,899999 400 0
388| 4,2 400 0
389| 4,5 400 0
390| 4,8 400 0
391| 5,1 400 0
392| 5,4 400 0
393| 5,4 400 0
394| 5,4 400 0
395| 5,4 400 0
396| 5,4 400 0
397| 5,4 400 0
398| 5,4 400 0
399| 5,4 400 0
400| 5,4 400 0
401| 5,4 400 0
402| 5,4 400 0
403| 5,4 400 0
404| 5,4 400 0
405| 5,4 400 0
406| 5,4 400 0
407| 5,4 400 0
408| 5,4 400 0
409| 5,4 400 0
410| 5,4 400 0
411| 5,4 400 0
412| 5,4 400 0
413| 5,4 400 0
414| 5,4 400 0
415| 5,4 400 0
416| 5,4 400 0
417| 5,4 400 0
418| 5,4 400 0
419| 5,4 400 0
420| 5,4 400 0
421| 0 400 0
422| -0,3 400 0
423| -0,6 400 0
424| -0,9 400 0
425| -1,2 400 0
426| -1,5 400 0
427| -1,8 400 0
428| -2,1 400 0
429| -2,4 400 0
430| -2,7 400 0
431| -3 400 0
432| -3,299999 400 0
433| -3,599999 400 0
434| -3,899999 400 0
435| -4,2 400 0
436| -4,5 400 0
437| -4,8 400 0
438| -5,1 400 0
439| -5,4 400 0
440| -5,7 400 0
441| -6 400 0
442| -6,300001 400 0
443| -6,600001 400 0
444| -6,900001 400 0
445| -7,200001 400 0
446| -7,500001 400 0
447| -7,800001 400 0
448| -8,1 400 0
449| -8,4 400 0
450| -8,7 400 0
451| -8,999999 400 0
452| -9,299999 400 0
453| -9,599998 400 0
454| -9,899999 400 0
455| -10,2 400 0
456| -10,5 400 0
457| -10,8 400 0
458| -11,1 400 0
459| -11,4 400 0
460| -11,7 400 0
461| -12 400 0
462| -12,3 400 0
463| -12,6 400 0
464| -12,9 400 0
465| -13,2 400 0
466| -13,5 400 0
467| -13,79999 400 0
468| -14,09999 400 0
469| -14,39999 400 0
470| -14,69999 400 0
471| -14,99999 400 0
472| -15,29999 400 0
473| -15,29999 400 0
474| -15,29999 400 0
475| -15,29999 400 0
476| -15,29999 400 0
477| -15,29999 400 0
478| -15,29999 400 0
479| -15,29999 400 0
480| 0 400 0
481| 0,3 400 0
482| 0,6 400 0
483| 0,9 400 0
484| 1,2 400 0
485| 1,5 400 0
486| 1,8 400 0
487| 2,1 400 0
488| 2,4 400 0
489| 2,7 400 0
490| 3 400 0
491| 3,299999 400 0
492| 3,599999 400 0
493| 3,899999 400 0
494| 4,2 400 0
495| 4,5 400 0
496| 4,8 400 0
497| 5,1 400 0
498| 5,4 400 0
499| 5,7 400 0
500| 6 400 0
501| 6,300001 400 0
502| 6,600001 400 0
503| 6,600001 400 0
504| 6,600001 400 0
505| 6,600001 400 0
506| 6,600001 400 0
507| 6,600001 400 0
508| 6,600001 400 0
509| 6,600001 400 0
510| 6,600001 400 0
511| 6,600001 400 0
512| 6,600001 400 0
513| 6,600001 400 0
514| 6,600001 400 0
515| 6,600001 400 0
516| 6,600001 400 0
517| 6,600001 400 0
518| 6,600001 400 0
519| 6,600001 400 0
520| 6,600001 400 0
521| 6,600001 400 0
522| 6,600001 400 0
523| 6,600001 400 0
524| 6,600001 400 0
525| 6,600001 400 0
526| 6,600001 400 0
527| 6,600001 400 0
528| 6,600001 400 0
529| 6,600001 400 0
530| 6,600001 400 0
531| 6,600001 400 0
532| 6,600001 400 0
533| 6,600001 400 0
534| 6,600001 400 0
535| 6,600001 400 0
536| 6,600001 400 0
537| 6,600001 400 0
538| 6,600001 400 0
539| 6,600001 400 0
540| 6,600001 400 0
541| 6,600001 400 0
542| 6,600001 400 0
543| 6,600001 400 0
544| 6,600001 400 0
545| 6,600001 400 0
546| 6,600001 400 0
547| 6,600001 400 0
548| 6,600001 400 0
549| 6,600001 400 0
550| 6,600001 400 0
551| 6,600001 400 0
552| 6,600001 400 0
553| 6,600001 400 0
554| 6,600001 400 0
555| 6,600001 400 0
556| 6,600001 400 0
557| 0 400 0
558| -0,3 400 0
559| -0,6 400 0
560| -0,9 400 0
561| -1,2 400 0
562| -1,5 400 0
563| -1,8 400 0
564| -2,1 400 0
565| -2,4 400 0
566| -2,7 400 0
567| -3 400 0
568| -3,299999 400 0
569| -3,599999 400 0
570| -3,899999 400 0
571| -4,2 400 0
572| -4,5 400 0
573| -4,8 400 0
574| -5,1 400 0
575| -5,4 400 0
576| -5,7 400 0
577| -6 400 0
578| -6,300001 400 0
579| -6,600001 400 0
580| -6,900001 400 0
581| -7,200001 400 0
582| -7,500001 400 0
583| -7,800001 400 0
584| -8,1 400 0
585| -8,4 400 0
586| -8,7 400 0
587| -8,999999 400 0
588| -9,299999 400 0
589| -9,599998 400 0
590| -9,899999 400 0
591| -10,2 400 0
592| -10,5 400 0
593| -10,8 400 0
594| -11,1 400 0
595| -11,4 400 0
596| -11,7 400 0
597| -12 400 0
598| -12,3 400 0
599| -12,6 400 0
600| -12,9 400 0
601| -13,2 400 0
602| -13,5 400 0
603| -13,79999 400 0
604| -14,09999 400 0
605| -14,39999 400 0
606| -14,69999 400 0
607| -14,99999 400 0
608| -15,29999 400 0
609| -15,59999 400 0
610| -15,89999 400 0
611| -15,89999 400 0
612| -15,89999 400 0
613| -15,89999 400 0
614| -15,89999 400 0
615| -15,89999 400 0
616| -15,89999 400 0
617| -15,89999 400 0
618| -15,89999 400 0
619| -15,89999 400 0
620| -15,89999 400 0
621| -15,89999 400 0
622| -15,89999 400 0
623| -15,89999 400 0
624| -15,89999 400 0
625| -15,89999 400 0
626| -15,89999 400 0
627| -15,89999 400 0
628| -15,89999 400 0
629| -15,89999 400 0
630| -15,89999 400 0
631| -15,89999 400 0
632| -15,89999 400 0
633| -15,89999 400 0
634| -15,89999 400 0
635| -15,89999 400 0
636| -15,89999 400 0
637| -15,89999 400 0
638| -15,89999 400 0
639| -15,89999 400 0
640| -15,89999 400 0
641| -15,89999 400 0
642| -15,89999 400 0
643| -15,89999 400 0
644| -15,89999 400 0
645| -15,89999 400 0
646| -15,89999 400 0
647| -15,89999 400 0
648| -15,89999 400 0
649| -15,89999 400 0
650| -15,89999 400 0
651| -15,89999 400 0
652| -15,89999 400 0
653| -15,89999 400 0
654| -15,89999 400 0
655| -15,89999 400 0
656| -15,89999 400 0
657| -15,89999 400 0
658| -15,89999 400 0
659| -15,89999 400 0
660| -15,89999 400 0
661| -15,89999 400 0
662| -15,89999 400 0
663| -15,89999 400 0
664| -15,89999 400 0
665| -15,89999 400 0
666| -15,89999 400 0
667| -15,89999 400 0
668| -15,89999 400 0
669| -15,89999 400 0
670| -15,89999 400 0
671| -15,89999 400 0
672| -15,89999 400 0
673| -15,89999 400 0
674| -15,89999 400 0
675| -15,89999 400 0
676| -15,89999 400 0
677| -15,89999 400 0
678| 0 400 0
679| 0,3 400 0
680| 0,6 400 0
681| 0,9 400 0
682| 0,9 400 0
683| 0,9 400 0
684| 0,9 400 0
685| 0,9 400 0
686| 0,9 400 0
687| 0,9 400 0
688| 0,9 400 0
689| 1,2 400 0
690| 1,5 400 0
691| 1,8 400 0
692| 1,8 400 0
693| 1,8 400 0
694| 1,8 400 0
695| 1,8 400 0
696| 1,8 400 0
697| 1,8 400 0
698| 1,8 400 0
699| 1,8 400 0
700| 1,8 400 0
701| 1,8 400 0
702| 1,8 400 0
703| 1,8 400 0
704| 1,8 400 0
705| 1,8 400 0
706| 1,8 400 0
707| 1,8 400 0
708| 1,8 400 0
709| 1,8 400 0
710| 1,8 400 0
711| 1,8 400 0
712| 1,8 400 0
713| 1,8 400 0
714| 1,8 400 0
715| 1,8 400 0
716| 1,8 400 0
717| 1,8 400 0
718| 1,8 400 0
719| 1,8 400 0
720| 1,8 400 0
721| 1,8 400 0
722| 1,8 400 0
723| 1,8 400 0
724| 1,8 400 0
725| 1,8 400 0
726| 1,8 400 0
727| 1,8 400 0
728| 1,8 400 0
729| 1,8 400 0
730| 1,8 400 0
731| 1,8 400 0
732| 1,8 400 0
733| 1,8 400 0
734| 1,8 400 0
735| 1,8 400 0
736| 1,8 400 0
737| 1,8 400 0
738| 1,8 400 0
739| 1,8 400 0
740| 1,8 400 0
741| 1,8 400 0
742| 1,8 400 0
743| 1,8 400 0
744| 1,8 400 0
745| 1,8 400 0
746| 1,8 400 0
747| 1,8 400 0
748| 1,8 400 0
749| 1,8 400 0
750| 1,8 400 0
751| 1,8 400 0
752| 1,8 400 0
753| 1,8 400 0
754| 1,8 400 0
755| 1,8 400 0
756| 1,8 400 0
757| 1,8 400 0
758| 1,8 400 0
759| 1,8 400 0
760| 1,8 400 0
761| 1,8 400 0
762| 1,8 400 0
763| 1,8 400 0
764| 1,8 400 0
765| 1,8 400 0
766| 1,8 400 0
767| 1,8 400 0
768| 1,8 400 0
769| 1,8 400 0
770| 1,8 400 0
771| 1,8 400 0
772| 1,8 400 0
773| 1,8 400 0
774| 1,8 400 0
775| 1,8 400 0
776| 1,8 400 0
777| 1,8 400 0
778| 1,8 400 0
779| 1,8 400 0
780| 1,8 400 0
781| 1,8 400 0
782| 1,8 400 0
783| 1,8 400 0
784| 1,8 400 0
785| 1,8 400 0
786| 1,8 400 0
787| 1,8 400 0
788| 1,8 400 0
789| 1,8 400 0
790| 1,8 400 0
791| 1,8 400 0
792| 1,8 400 0
793| 1,8 400 0
794| 1,8 400 0
795| 1,8 400 0
796| 1,8 400 0
797| 1,8 400 0
798| 1,8 400 0
799| 1,8 400 0
800| 1,8 400 0
801| 1,8 400 0
802| 1,8 400 0
803| 1,8 400 0
804| 1,8 400 0
805| 1,8 400 0
806| 1,8 400 0
807| 1,8 400 0
808| 1,8 400 0
809| 1,8 400 0
810| 1,8 400 0
811| 1,8 400 0
812| 1,8 400 0
813| 1,8 400 0
814| 0 400 0
815| -0,3 400 0
816| -0,6 400 0
817| -0,9 400 0
818| -1,2 400 0
819| -1,2 400 0
820| -1,2 400 0
821| -1,2 400 0
822| -1,2 400 0
823| -1,5 400 0
824| -1,8 400 0
825| -2,1 400 0
826| -2,4 400 0
827| -2,7 400 0
828| -3 400 0
829| -3,299999 400 0
830| -3,599999 400 0
831| -3,899999 400 0
832| -4,2 400 0
833| -4,5 400 0
834| -4,8 400 0
835| -5,1 400 0
836| -5,4 400 0
837| -5,7 400 0
838| -6 400 0
839| -6,300001 400 0
840| -6,600001 400 0
841| -6,900001 400 0
842| -7,200001 400 0
843| -7,500001 400 0
844| -7,800001 400 0
845| -8,1 400 0
846| -8,4 400 0
847| -8,7 400 0
848| -8,999999 400 0
849| -9,299999 400 0
850| -9,599998 400 0
851| -9,899999 400 0
852| -10,2 400 0
853| -10,2 400 0
854| -10,2 400 0
855| -10,2 400 0
856| -10,2 400 0
857| -10,2 400 0
858| -10,2 400 0
859| -10,2 400 0
860| -10,2 400 0
861| -10,2 400 0
862| -10,2 400 0
863| -10,2 400 0
864| -10,2 400 0
865| -10,2 400 0
866| -10,2 400 0
867| -10,2 400 0
868| -10,2 400 0
869| -10,2 400 0
870| -10,2 400 0
871| -10,2 400 0
872| -10,2 400 0
873| 0 400 0
874| 0,3 400 0
875| 0,6 400 0
876| 0,9 400 0
877| 1,2 400 0
878| 1,2 400 0
879| 1,2 400 0
880| 1,2 400 0
881| 1,5 400 0
882| 1,8 400 0
883| 2,1 400 0
884| 2,4 400 0
885| 2,7 400 0
886| 3 400 0
887| 3,299999 400 0
888| 3,599999 400 0
889| 3,899999 400 0
890| 4,2 400 0
891| 4,5 400 0
892| 4,8 400 0
893| 5,1 400 0
894| 5,4 400 0
895| 5,7 400 0
896| 6 400 0
897| 6,300001 400 0
898| 6,600001 400 0
899| 6,900001 400 0
900| 7,200001 400 0
901| 7,500001 400 0
902| 7,800001 400 0
903| 7,800001 400 0
904| 7,800001 400 0
905| 7,800001 400 0
906| 7,800001 400 0
907| 7,800001 400 0
908| 7,800001 400 0
909| 7,800001 400 0
910| 7,800001 400 0
911| 7,800001 400 0
912| 7,800001 400 0
913| 7,800001 400 0
914| 7,800001 400 0
915| 7,800001 400 0
916| 7,800001 400 0
917| 7,800001 400 0
918| 7,800001 400 0
919| 7,800001 400 0
920| 7,800001 400 0
921| 7,800001 400 0
922| 7,800001 400 0
923| 7,800001 400 0
924| 7,800001 400 0
925| 7,800001 400 0
926| 7,800001 400 0
927| 7,800001 400 0
928| 7,800001 400 0
929| 7,800001 400 0
930| 7,800001 400 0
931| 7,800001 400 0
932| 0 0 0
933| 0 0 0
934| 0 0 0
935| 0 0 0
936| 0 0 0
937| 0 0 0
938| 0 4 0
939| 0 8 0
940| 0 12 0
941| 0 16 0
942| 0 20 0
943| 0 0 0
944| 0 0 0
945| 0 0 0
946| 0 0 0
947| 0 0 0
948| 0 0 0
949| 0 0 0
950| 0 0 0
951| 0 0 0
952| 0 0 0
953| 0 0 0
954| 0 0 0
955| 0 0 0
956| 0 0 0
957| 0 0 0
958| 0 0 0
959| 0 0 0
960| 0 0 0
961| 0 0 0
962| 0 0 0
963| -0,3 0 0
964| -0,6 0 0
965| -0,9 0 0
966| -1,2 0 0
967| -1,5 0 0
968| 0 0 0
969| 0 0 0
970| 0 0 0
971| 0 0 0
972| 0 0 0
973| 0 0 0
974| 0 0 0
975| 0 0 0
976| 0 0 0
977| 0 0 0
978| -0,3 0 0
979| -0,6 0 0
980| 0 0 0
981| 0 0 0
982| 0 0 0
983| 0 0 0
984| 0 0 0
985| 0 0 0
986| 0 0 0
987| 0 -4 0
988| 0 -8 0
989| 0 -12 0
990| 0 -16 0
991| 0 -20 0
992| 0 0 0
993| 0 0 0
994| 0 0 0
995| 0 0 0
996| 0 0 0
997| 0 0 0
998| 0 0 0
999| 0 0 0
1000| 0 -4 0
1001| 0 -8 0
1002| 0 -12 0
1003| 0 -16 0
1004| 0 -20 0
1005| 0 -24 0
1006| 0 -28 0
1007| 0 -32 0
1008| 0 -36 0
1009| 0 -40 0
1010| 0 0 0
1011| 0 0 0
1012| 0 0 0
1013| 0 0 0
1014| 0 0 0
1015| 0 0 0
1016| 0 0 0
1017| 0 0 0
1018| 0 0 0
1019| 0 0 0
1020| 0 0 0
1021| 0 0 0
1022| 0 0 0
1023| 0 0 0
1024| 0 0 0
1025| 0 0 0
1026| 0 0 0
1027| 0 0 0
1028| 0 0 0
1029| 0 0 0
1030| 0 0 0
1031| 0 0 0
1032| 0 0 0
1033| 0 0 0
1034| 0 0 0
1035| 0 0 0
1036| 0 0 0
1037| 0 0 0
1038| 0 0 0
1039| 0 0 0
1040| 0 0 0
1041| 0 0 0
1042| 0 0 0
1043| 0 0 0
1044| 0 0 0
1045| 0 0 0
1046| 0 0 0
1047| 0 0 0
1048| 0 0 0
1049| 0 0 0
1050| 0 0 0
1051| 0 -4 0
1052| 0 -8 0
1053| 0 -12 0
1054| 0 0 0
1055| 0 0 0
1056| 0 0 0
1057| 0 0 0
1058| 0 0 0
1059| 0 0 0
1060| 0 0 0
1061| 0 0 0
1062| 0 0 0
1063| 0 0 0
1064| 0 0 0
1065| 0 0 0
1066| 0 0 0
1067| 0 0 0
1068| 0 0 0
1069| 0 0 0
1070| 0 0 0
1071| 0 0 0
1072| 0 0 0
1073| 0 0 0
1074| 0 0 0
1075| 0 0 0
1076| 0 0 0
1077| 0 0 0
1078| 0 0 0
1079| -0,3 0 0
1080| -0,6 0 0
1081| -0,9 0 0
1082| 0 0 0
1083| 0 0 0
1084| -0,3 0 0
1085| -0,6 0 0
1086| -0,9 0 0
1087| 0 0 0
1088| 0 0 0
1089| 0 0 0
1090| -0,3 0 0
1091| -0,6 0 0
1092| 0 0 0
1093| 0 0 0
1094| 0 0 0
1095| 0 0 0
1096| 0 0 0
1097| 0 0 0
1098| 0 0 0
1099| 0 0 0
1100| 0 0 0
1101| 0 0 0
1102| 0 0 0
1103| 0 0 0
1104| 0 0 0
1105| 0 0 0
1106| 0 0 0
1107| 0 0 0
1108| 0 0 0
1109| 0 0 0
1110| 0 0 0
1111| 0 0 0
1112| 0 0 0
1113| 0 0 0
1114| 0 0 0
1115| 0 0 0
1116| 0 0 0
1117| 0 0 0
1118| 0 0 0
1119| 0 0 0
1120| 0 0 0
1121| 0 0 0
1122| 0 0 0
1123| 0 0 0
1124| 0 0 0
1125| 0 0 0
1126| 0 0 0
1127| 0 0 0
1128| 0 0 0
1129| 0 0 0
1130| 0 0 0
1131| 0 0 0
1132| 0 0 0
1133| 0 0 0
1134| 0 0 0
1135| 0 0 0
1136| 0 0 0
1137| 0 0 0
1138| 0 0 0
1139| 0 0 0
1140| 0 0 0
1141| 0 0 0
1142| 0 0 0
1143| 0 0 0
1144| 0 0 0
1145| 0 0 0
1146| 0 0 0
1147| 0 0 0
1148| 0 0 0
1149| 0 0 0
1150| 0 0 0
1151| 0 0 0
1152| 0 0 0
1153| 0 0 0
1154| 0 0 0
1155| 0 0 0
1156| 0 0 0
1157| 0 0 0
1158| 0 0 0
1159| 0 0 0
1160| 0 0 0
1161| 0 0 0
1162| 0 0 0
1163| 0 0 0
1164| 0 0 0
1165| 0 0 0
1166| 0 0 0
1167| 0 0 0
1168| 0 0 0
1169| 0 0 0
1170| 0 0 0
1171| 0 0 0
1172| 0 0 0
1173| 0 0 0
1174| 0 0 0
1175| 0 0 0
1176| 0 0 0
1177| 0 0 0
1178| 0 0 0
1179| 0 0 0
1180| 0 0 0
1181| 0 0 0
1182| 0 0 0
1183| 0 0 0
1184| 0 0 0
1185| 0 0 0
1186| 0 0 0
1187| 0 0 0
1188| 0 0 0
1189| 0 0 0
1190| 0 0 0
1191| 0 0 0
1192| 0 0 0
1193| 0 0 0
1194| 0 0 0
1195| 0 0 0
1196| 0 0 0
1197| 0 0 0
1198| 0 0 0
1199| 0 0 0
1200| 0 0 0
1201| 0 0 0
1202| 0 0 0
1203| 0 0 0
1204| 0 0 0
1205| 0 0 0
1206| 0 0 0
1207| 0 0 0
1208| 0 0 0
1209| 0 0 0
1210| 0 0 0
1211| 0 0 0
1212| 0 0 0
1213| 0 0 0
1214| 0 0 0
1215| 0 0 0
1216| 0 0 0
1217| 0 0 0
1218| 0 0 0
1219| 0 0 0
1220| 0 0 0
1221| 0 0 0
1222| 0 -4 0
1223| 0 -8 0
1224| 0 -12 0
1225| 0 0 0
1226| 0 0 0
1227| 0 0 0
1228| 0 0 0
1229| 0 0 0
1230| 0 0 0
1231| 0 0 0
1232| 0 0 0
1233| 0 0 0
1234| 0 0 0
1235| 0 0 0
1236| 0 0 0
1237| 0 0 0
1238| 0 -4 0
1239| 0 0 0
1240| 0 0 0
1241| 0 0 0
1242| 0 0 0
1243| 0 0 0
1244| 0 0 0
1245| 0 0 0
1246| 0 0 0
1247| 0 0 0
1248| 0 0 0
1249| 0 0 0
1250| 0 0 0
1251| 0 0 0
1252| 0 0 0
1253| 0 0 0
1254| 0 0 0
1255| 0 0 0
1256| 0 0 0
1257| 0 0 0
1258| 0 0 0
1259| 0 0 0
1260| 0 0 0
1261| 0 0 0
1262| 0 0 0
1263| 0 0 0
1264| 0 0 0
1265| 0 0 0
1266| 0 0 0
1267| 0 0 0
1268| 0 0 0
1269| 0 0 0
1270| 0 0 0
1271| 0 0 0
1272| 0 0 0
1273| 0 0 0
1274| 0 0 0
1275| 0 0 0
1276| 0 0 0
1277| 0 0 0
1278| 0 0 0
1279| 0 0 0
1280| 0 4 0
1281| 0 0 0
1282| 0 0 0
1283| 0 0 0
1284| 0 0 0
1285| 0 0 0
1286| 0 0 0
1287| 0 0 0
1288| 0 0 0
1289| 0 0 0
1290| 0 0 0
1291| 0 0 0
1292| 0 0 0
1293| 0 0 0
1294| 0 0 0
1295| 0 0 0
1296| 0 0 0
1297| 0 0 0
1298| 0 0 0
1299| 0 0 0
1300| 0 0 0
1301| 0 0 0
1302| 0 0 0
1303| 0 0 0
1304| 0 0 0
1305| 0 0 0
1306| 0 0 0
1307| 0 0 0
1308| 0 0 0
1309| 0 0 0
1310| 0 0 0
1311| 0 0 0
1312| 0 0 0
1313| 0 0 0
1314| 0 0 0
1315| 0 0 0
1316| 0 0 0
1317| 0 0 0
1318| 0 0 0
1319| 0 0 0
1320| 0 0 0
1321| 0 0 0
1322| 0 0 0
1323| 0 0 0
1324| 0 0 0
1325| 0 0 0
1326| 0 0 0
1327| 0 0 0
1328| 0 0 0
1329| 0 0 0
1330| 0 0 0
1331| 0 0 0
1332| 0 0 0
1333| 0 0 0
1334| 0 0 0
1335| 0 0 0
1336| 0 0 0
1337| 0 0 0
1338| 0 0 0
1339| 0 0 0
1340| 0 0 0
1341| 0 0 0
1342| 0 0 0
1343| 0 0 0
1344| 0 0 0
1345| 0 0 0
1346| 0 0 0
1347| 0 0 0
1348| 0 0 0
1349| 0 0 0
1350| 0 0 0
1351| 0 0 0
1352| 0 0 0
1353| 0 0 0
1354| 0 0 0
1355| 0 0 0
1356| 0 0 0
1357| 0 0 0
1358| 0 0 0
1359| 0 0 0
1360| 0 0 0
1361| 0 0 0
1362| 0 0 0
1363| 0 0 0
1364| 0 0 0
1365| 0 0 0
1366| 0 0 0
1367| 0 0 0
1368| 0 0 0
1369| 0 0 0
1370| 0 0 0
1371| 0 0 0
1372| 0 0 0
1373| 0 0 0
1374| 0 0 0
1375| 0 0 0
1376| 0 0 0
1377| 0 0 0
1378| 0 0 0
1379| 0 0 0
1380| 0 0 0
1381| 0 0 0
1382| 0 0 0
1383| 0 0 0
1384| 0 0 0
1385| 0 0 0
1386| 0 0 0
1387| 0 0 0
1388| 0 0 0
1389| 0 0 0
1390| 0 0 0
1391| 0 0 0
1392| 0 0 0
1393| 0 0 0
1394| 0 0 0
1395| 0 0 0
1396| 0 0 0
1397| 0 0 0
1398| 0 0 0
1399| 0 0 0
1400| 0 0 0
1401| 0 0 0
1402| 0 0 0
1403| 0 0 0
1404| 0 0 0
1405| 0 0 0
1406| 0 0 0
1407| 0 0 0
1408| 0 0 0
1409| 0 0 0
1410| 0 0 0
1411| 0 0 0
1412| 0 0 0
1413| 0 0 0
1414| 0 0 0
1415| 0 0 0
1416| 0 0 0
1417| 0 0 0
1418| 0 0 0
1419| 0 0 0
1420| 0 0 0
1421| 0 0 0
1422| 0 0 0
1423| 0 0 0
1424| 0 0 0
1425| 0 0 0
1426| 0 0 0
1427| 0 0 0
1428| 0 0 0
1429| 0 0 0
1430| 0 0 0
1431| 0 0 0
1432| 0 0 0
1433| 0 0 0
1434| 0 0 0
1435| 0 0 0
1436| 0 0 0
1437| 0 0 0
1438| 0 0 0
1439| 0 0 0
1440| 0 0 0
1441| 0 0 0
1442| 0 0 0
1443| 0 0 0
1444| 0 0 0
1445| 0 0 0
1446| 0 0 0
1447| 0 0 0
1448| 0 0 0
1449| 0 0 0
1450| 0 0 0
1451| 0 0 0
1452| 0 0 0
1453| 0 0 0
1454| 0 0 0
1455| 0 0 0
1456| 0 0 0
1457| 0 0 0
1458| 0 0 0
1459| 0 0 0
1460| 0 0 0
1461| 0 0 0
1462| 0 0 0
1463| 0 0 0
1464| 0 0 0
1465| 0 0 0
1466| 0 0 0
1467| 0 0 0
1468| 0 0 0
1469| 0 0 0
1470| 0 0 0
1471| 0 0 0
1472| 0 0 0
1473| 0 0 0
1474| 0 0 0
1475| 0 0 0
1476| 0 0 0
1477| 0 0 0
1478| 0 0 0
1479| 0 0 0
1480| 0 0 0
1481| 0 0 0
1482| 0 0 0
1483| 0 0 0
1484| 0 0 0
1485| 0,3 0 0
1486| 0,6 0 0
1487| 0,9 0 0
1488| 1,2 0 0
1489| 1,5 0 0
1490| 1,8 0 0
1491| 2,1 0 0
1492| 2,4 0 0
1493| 2,7 0 0
1494| 3 0 0
1495| 3,299999 0 0
1496| 3,599999 0 0
1497| 3,899999 0 0
1498| 4,2 0 0
1499| 4,5 0 0
1500| 4,8 0 0
1501| 0 0 0
1502| 0 0 0
1503| 0 0 0
1504| 0 0 0
1505| 0 0 0
1506| 0 0 0
1507| 0 0 0
1508| 0 0 0
1509| 0 0 0
1510| 0 0 0
1511| 0 0 0
1512| 0 0 0
1513| 0 0 0
1514| 0 0 0
1515| 0 0 0
1516| 0 0 0
1517| 0 0 0
1518| 0 0 0
1519| 0 0 0
1520| 0 0 0
1521| 0 0 0
1522| 0 0 0
1523| 0 0 0
1524| 0 0 0
1525| 0 0 0
1526| 0 0 0
1527| 0 0 0
1528| 0 0 0
1529| 0 0 0
1530| 0 0 0
1531| 0 0 0
1532| 0 0 0
1533| 0 0 0
1534| 0 0 0
1535| 0 0 0
1536| 0 0 0
1537| 0 0 0
1538| 0 0 0
1539| 0 0 0
1540| 0 0 0
1541| 0 0 0
1542| 0 0 0
1543| 0 0 0
1544| 0 0 0
1545| 0 0 0
1546| 0 0 0
1547| 0 0 0
1548| 0 0 0
1549| 0 0 0
1550| 0 0 0
1551| 0 0 0
1552| 0 0 0
1553| 0 0 0
1554| 0 0 0
1555| 0 0 0
1556| 0 0 0
1557| 0 0 0
1558| 0 0 0
1559| 0 0 0
1560| 0 0 0
1561| 0 0 0
1562| 0 0 0
1563| 0 0 0
1564| 0 0 0
1565| 0 0 0
1566| 0 0 0
1567| 0 0 0
1568| 0 0 0
1569| 0 0 0
1570| 0 0 0
1571| 0 0 0
1572| 0 0 0
1573| 0,3 0 0
1574| 0,6 0 0
1575| 0,9 0 0
1576| 1,2 0 0
1577| 1,5 0 0
1578| 1,8 0 0
1579| 2,1 0 0
1580| 2,4 0 0
1581| 2,7 0 0
1582| 3 0 0
1583| 3,299999 0 0
1584| 3,599999 0 0
1585| 3,899999 0 0
1586| 4,2 0 0
1587| 4,5 0 0
1588| 4,8 0 0
1589| 5,1 0 0
1590| 5,4 0 0
1591| 5,7 0 0
1592| 6 0 0
1593| 6,300001 0 0
1594| 6,600001 0 0
1595| 6,900001 0 0
1596| 0 0 0
1597| 0 0 0
1598| 0 0 0
1599| 0 0 0
1600| 0 0 0
1601| 0 0 0
1602| 0 0 0
1603| 0 0 0
1604| 0 0 0
1605| 0 0 0
1606| 0 0 0
1607| 0 0 0
1608| 0 0 0
1609| 0 0 0
1610| 0 0 0
1611| 0 0 0
1612| 0 0 0
1613| 0 0 0
1614| 0 0 0
1615| 0 0 0
1616| 0 0 0
1617| 0 0 0
1618| 0 0 0
1619| 0 0 0
1620| 0 0 0
1621| 0 0 0
1622| 0 0 0
1623| 0 0 0
1624| 0 0 0
1625| 0 0 0
1626| 0 0 0
1627| 0 0 0
1628| 0 0 0
1629| 0 0 0
1630| 0 0 0
1631| 0 0 0
1632| 0 0 0
1633| 0 0 0
1634| 0 0 0
1635| 0 0 0
1636| 0 0 0
1637| 0 0 0
1638| 0 0 0
1639| 0 0 0
1640| 0 0 0
1641| 0 0 0
1642| 0 0 0
1643| 0 0 0
1644| 0 0 0
1645| 0 0 0
1646| 0 0 0
1647| 0 0 0
1648| 0 0 0
1649| 0 0 0
1650| 0 0 0
1651| 0 0 0
1652| 0 0 0
1653| 0 0 0
1654| 0 0 0
1655| 0 0 0
1656| 0 0 0
1657| 0 0 0
1658| 0 0 0
1659| 0 0 0
1660| 0 0 0
1661| 0 0 0
1662| 0 0 0
1663| 0 0 0
1664| 0 0 0
1665| 0 0 0
1666| 0 0 0
1667| 0 0 0
1668| 0 0 0
1669| 0 0 0
1670| 0 0 0
1671| 0 0 0
1672| 0 0 0
1673| 0 0 0
1674| 0 0 0
1675| 0 0 0
1676| 0 0 0
1677| 0 0 0
1678| 0 0 0
1679| 0 0 0
1680| 0 0 0
1681| 0 0 0
1682| 0 0 0
1683| 0 0 0
1684| 0 0 0
1685| 0 0 0
1686| 0 0 0
1687| 0 0 0
1688| 0 0 0
1689| 0 0 0
1690| 0 0 0
1691| 0 0 0
1692| 0 0 0
1693| 0 0 0
1694| 0 0 0
1695| 0 0 0
1696| 0 0 0
1697| 0 0 0
1698| 0 0 0
1699| 0 0 0
1700| 0 0 0
1701| 0 0 0
1702| 0 0 0
1703| 0 0 0
1704| 0 0 0
1705| 0 0 0
1706| 0 0 0
1707| 0 0 0
1708| 0 0 0
1709| 0 0 0
1710| 0 0 0
1711| 0 0 0
1712| 0 0 0
1713| 0 0 0
1714| 0 0 0
1715| 0 0 0
1716| 0,3 0 0
1717| 0,6 0 0
1718| 0,9 0 0
1719| 1,2 0 0
1720| 1,5 0 0
1721| 1,8 0 0
1722| 2,1 0 0
1723| 0 0 0
1724| 0 0 0
1725| 0 0 0
1726| 0 0 0
1727| 0 0 0
1728| 0 0 0
1729| 0 0 0
1730| 0 0 0
1731| 0 0 0
1732| 0 0 0
1733| 0 0 0
1734| 0 0 0
1735| 0 0 0
1736| 0 0 0
1737| 0 0 0
1738| 0 0 0
1739| 0 0 0
1740| 0 0 0
1741| 0 0 0
1742| 0 0 0
1743| 0 0 0
1744| 0 0 0
1745| 0 0 0
1746| 0 0 0
1747| 0 0 0
1748| 0 0 0
1749| 0 0 0
1750| 0 0 0
1751| 0 0 0
1752| 0 0 0
1753| 0 0 0
1754| 0 0 0
1755| 0 0 0
1756| 0 0 0
1757| 0 0 0
1758| 0 0 0
1759| 0 0 0
1760| 0 0 0
1761| 0 0 0
1762| 0 0 0
1763| 0 0 0
1764| 0 0 0
1765| 0,3 0 0
1766| 0,6 0 0
1767| 0,9 0 0
1768| 1,2 0 0
1769| 1,5 0 0
1770| 1,8 0 0
1771| 2,1 0 0
1772| 2,4 0 0
1773| 2,7 0 0
1774| 3 0 0
1775| 3,299999 0 0
1776| 3,599999 0 0
1777| 3,899999 0 0
1778| 4,2 0 0
1779| 4,5 0 0
1780| 4,8 0 0
1781| 5,1 0 0
1782| 5,4 0 0
1783| 5,7 0 0
1784| 6 0 0
1785| 6,300001 0 0
1786| 6,600001 0 0
1787| 6,900001 0 0
1788| 7,200001 0 0
1789| 7,500001 0 0
1790| 7,800001 0 0
1791| 8,1 0 0
1792| 8,4 0 0
1793| 8,7 0 0
1794| 8,999999 0 0
1795| 9,299999 0 0
1796| 9,599998 0 0
1797| 9,899999 0 0
1798| 10,2 0 0
1799| 10,5 0 0
1800| 10,8 0 0
1801| 11,1 0 0
1802| 11,4 0 0
1803| 11,7 0 0
1804| 12 0 0
1805| 12,3 0 0
1806| 12,6 0 0
1807| 12,9 0 0
1808| 13,2 0 0
1809| 13,5 0 0
1810| 13,79999 0 0
1811| 14,09999 0 0
1812| 14,39999 0 0
1813| 14,69999 0 0
1814| 14,99999 0 0
1815| 15,29999 0 0
1816| 15,59999 0 0
1817| 15,89999 0 0
1818| 16,19999 0 0
1819| 16,49999 0 0
1820| 16,79999 0 0
1821| 17,09999 0 0
1822| 17,39999 0 0
1823| 17,69999 0 0
1824| 17,99999 0 0
1825| 18,29999 0 0
1826| 18,59999 0 0
1827| 18,89999 0 0
1828| 19,19999 0 0
1829| 19,49999 0 0
1830| 19,79999 0 0
1831| 20,09999 0 0
1832| 20,39999 0 0
1833| 20,69999 0 0
1834| 20,99999 0 0
1835| 21,29999 0 0
1836| 21,59999 0 0
1837| 21,89999 0 0
1838| 22,19999 0 0
1839| 22,49999 0 0
1840| 22,79999 0 0
1841| 23,09999 0 0
1842| 23,39999 0 0
1843| 23,69999 0 0
1844| 23,99999 0 0
1845| 24,29999 0 0
1846| 24,59999 0 0
1847| 24,89998 0 0
1848| 25,19999 0 0
1849| 25,49998 0 0
1850| 25,79998 0 0
1851| 26,09998 0 0
1852| 26,39998 0 0
1853| 26,69998 0 0
1854| 26,99998 0 0
1855| 27,29998 0 0
1856| 27,59998 0 0
1857| 27,89998 0 0
1858| 28,19998 0 0
1859| 28,49998 0 0
1860| 28,79998 0 0
1861| 29,09998 0 0
1862| 29,39998 0 0
1863| 29,69998 0 0
1864| 29,99998 0 0
1865| 30 0 0
1866| 30 0 0
1867| 30 0 0
1868| 30 0 0
1869| 30 0 0
1870| 30 0 0
1871| 30 0 0
1872| 30 0 0
1873| 30 0 0
1874| 30 0 0
1875| 30 0 0
1876| 30 0 0
1877| 30 0 0
1878| 30 0 0
1879| 0 0 0
1880| 0 0 0
1881| 0 0 0
1882| 0 0 0
1883| 0 0 0
1884| 0 0 0
1885| 0 4 0
1886| 0 8 0
1887| 0 12 0
1888| 0 16 0
1889| 0 20 0
1890| 0 24 0
1891| 0 28 0
1892| 0 32 0
1893| 0 36 0
1894| 0 40 0
1895| 0 43,99999 0
1896| 0 47,99999 0
1897| 0 51,99999 0
1898| 0 55,99999 0
1899| 0 60 0
1900| 0 64 0
1901| 0 68 0
1902| 0 72 0
1903| 0 76,00001 0
1904| 0 80,00001 0
1905| 0 84,00001 0
1906| 0 88,00002 0
1907| 0 92,00002 0
1908| 0 96,00002 0
1909| 0 100 0
1910| 0 104 0
1911| 0 108 0
1912| 0 112 0
1913| 0 116 0
1914| 0 120 0
1915| 0 124 0
1916| 0 128 0
1917| 0 132 0
1918| 0 136 0
1919| 0 140 0
1920| 0 144 0
1921| 0 148 0
1922| 0 152 0
1923| 0 0 0
1924| 0 0 0
1925| 0 0 0
1926| 0 0 0
1927| 0 0 0
1928| 0 0 0
1929| 0 0 0
1930| 0 0 0
1931| 0 0 0
1932| 0 0 0
1933| 0 0 0
1934| 0 0 0
1935| 0 0 0
1936| 0 0 0
1937| 0 0 0
1938| 0 0 0
1939| 0 0 0
1940| 0 0 0
1941| 0 0 0
1942| 0 0 0
1943| 0 -4 0
1944| 0 -8 0
1945| 0 -12 0
1946| 0 -16 0
1947| 0 -20 0
1948| 0 -24 0
1949| 0 -28 0
1950| 0 -32 0
1951| 0 -36 0
1952| 0 -40 0
1953| 0 -43,99999 0
1954| 0 -47,99999 0
1955| 0 -51,99999 0
1956| 0 -55,99999 0
1957| 0 -60 0
1958| 0 -64 0
1959| 0 -68 0
1960| 0 -72 0
1961| 0 -76,00001 0
1962| 0 -80,00001 0
1963| 0 -84,00001 0
1964| 0 -88,00002 0
1965| 0 -92,00002 0
1966| 0 -96,00002 0
1967| 0 -100 0
1968| 0 -104 0
1969| 0 -108 0
1970| 0 -112 0
1971| 0 -116 0
1972| 0 -120 0
1973| 0 -124 0
1974| 0 -128 0
1975| 0 -132 0
1976| 0 -136 0
1977| 0 -140 0
1978| 0 -144 0
1979| 0 -148 0
1980| 0 -152 0
1981| 0 -156 0
1982| 0 -160 0
1983| 0 -164 0
1984| 0 -168 0
1985| 0 -171,9999 0
1986| 0 -175,9999 0
1987| 0 -179,9999 0
1988| 0 -183,9999 0
1989| 0 -187,9999 0
1990| 0 -191,9999 0
1991| 0 -195,9999 0
1992| 0 -199,9999 0
1993| 0 -203,9999 0
1994| 0 -207,9999 0
1995| 0 -211,9999 0
1996| 0 -215,9999 0
1997| 0 -219,9999 0
1998| 0 -223,9999 0
1999| 0 -227,9999 0
2000| 0 -231,9999 0
2001| 0 -235,9999 0
2002| 0 -239,9999 0
2003| 0 -243,9999 0
2004| 0 -247,9999 0
2005| 0 -251,9999 0
2006| 0 -255,9999 0
2007| 0 -259,9999 0
2008| 0 -263,9999 0
2009| 0 -267,9999 0
2010| 0 -271,9998 0
2011| 0 -275,9998 0
2012| 0 -279,9998 0
2013| 0 -283,9998 0
2014| 0 -287,9998 0
2015| 0 -291,9998 0
2016| 0 -295,9998 0
2017| 0 -299,9998 0
2018| 0 -303,9998 0
2019| 0 -307,9998 0
2020| 0 -311,9998 0
2021| 0 -315,9998 0
2022| 0 -319,9998 0
2023| 0 -323,9998 0
2024| 0 -327,9998 0
2025| 0 -331,9998 0
2026| 0 -335,9998 0
2027| 0 -339,9998 0
2028| 0 -343,9998 0
2029| 0 -347,9998 0
2030| 0 -351,9998 0
2031| 0 -355,9998 0
2032| 0 -359,9998 0
2033| 0 -363,9998 0
2034| 0 -367,9998 0
2035| 0 -371,9998 0
2036| 0 -375,9998 0
2037| 0 -379,9998 0
2038| 0 -383,9998 0
2039| 0 -387,9998 0
2040| 0 -391,9998 0
2041| 0 -395,9998 0
2042| 0 -399,9997 0
2043| 0 -400 0
2044| 0 -400 0
2045| 0 -400 0
2046| 0 -400 0
2047| 0 -400 0
2048| 0 -400 0
2049| 0 -400 0
2050| 0 -400 0
2051| 0 -400 0
2052| 0 -400 0
2053| 0 -400 0
2054| 0 -400 0
2055| 0 -400 0
2056| 0 -400 0
2057| 0 -400 0
2058| 0 -400 0
2059| 0 -400 0
2060| 0 -400 0
2061| 0 -400 0
2062| 0 -400 0
2063| 0 -400 0
2064| 0 -400 0
2065| 0 -400 0
2066| 0 -400 0
2067| 0 -400 0
2068| 0 -400 0
2069| 0 -400 0
2070| 0 -400 0
2071| 0 -400 0
2072| 0 -400 0
2073| 0 -400 0
2074| 0 -400 0
2075| 0 -400 0
2076| 0 -400 0
2077| 0 -400 0
2078| 0 -400 0
2079| 0 -400 0
2080| 0 -400 0
2081| 0 -400 0
2082| 0 -400 0
2083| 0 -400 0
2084| 0 -400 0
2085| 0 -400 0
2086| 0 -400 0
2087| 0 -400 0
2088| 0 -400 0
2089| 0 -400 0
2090| 0 -400 0
2091| 0 -400 0
2092| 0 -400 0
2093| 0 -400 0
2094| 0 -400 0
2095| 0 -400 0
2096| 0 -400 0
2097| 0 -400 0
2098| 0 -400 0
2099| 0 -400 0
2100| 0 -400 0
2101| 0 -400 0
2102| 0 -400 0
2103| 0 -400 0
2104| 0 -400 0
2105| 0 -400 0
2106| 0 -400 0
2107| 0 -400 0
2108| 0 -400 0
2109| 0 -400 0
2110| 0 -400 0
2111| 0 -400 0
2112| 0 -400 0
2113| 0 -400 0
2114| 0 -400 0
2115| 0 -400 0
2116| 0 -400 0
2117| 0 -400 0
2118| 0 -400 0
2119| 0 -400 0
2120| 0 -400 0
2121| 0 -400 0
2122| 0 -400 0
2123| 0 -400 0
2124| 0 -400 0
2125| 0 -400 0
2126| 0 -400 0
2127| 0 -400 0
2128| 0 -400 0
2129| 0 -400 0
2130| 0 -400 0
2131| 0 -400 0
2132| 0 -400 0
2133| 0 -400 0
2134| 0 -400 0
2135| 0 -400 0
2136| 0 -400 0
2137| 0 -400 0
2138| 0 -400 0
2139| 0 -400 0
2140| 0 -400 0
2141| 0 -400 0
2142| 0 -400 0
2143| 0 -400 0
2144| 0 -400 0
2145| 0 -400 0
2146| 0 -400 0
2147| 0 -400 0
2148| 0 -400 0
2149| 0 -400 0
2150| 0 -400 0
2151| 0 -400 0
2152| 0 -400 0
2153| 0 -400 0
2154| 0 -400 0
2155| 0 -400 0
2156| 0 -400 0
2157| 0 -400 0
2158| 0 -400 0
2159| 0 -400 0
2160| 0 -400 0
2161| 0 -400 0
2162| 0 -400 0
2163| 0 -400 0
2164| 0 -400 0
2165| 0 -400 0
2166| 0 -400 0
2167| 0 -400 0
2168| 0 -400 0
2169| 0 -400 0
2170| 0 -400 0
2171| 0 -400 0
2172| 0 -400 0
2173| 0 -400 0
2174| 0 -400 0
2175| 0 -400 0
2176| 0 -400 0
2177| 0 -400 0
2178| 0 -400 0
2179| 0 -400 0
2180| 0 -400 0
2181| 0 -400 0
2182| 0 -400 0
2183| 0 -400 0
2184| 0 -400 0
2185| 0 -400 0
2186| 0 -400 0
2187| 0 0 0
2188| 0 0 0
2189| 0 0 0
2190| 0 0 0
2191| 0 0 0
2192| 0 0 0
2193| 0 0 0
2194| 0 0 0
2195| 0 0 0
2196| 0 0 0
2197| 0 0 0
2198| 0 0 0
2199| 0 0 0
2200| 0 0 0
2201| 0 0 0
2202| 0 0 0
2203| 0 0 0
2204| 0 0 0
2205| 0 0 0
2206| 0 0 0
2207| 0 0 0
2208| 0 0 0
2209| 0 0 0
2210| 0 0 0
2211| 0 0 0
2212| 0 0 0
2213| 0 0 0
2214| 0 0 0
2215| 0 0 0
2216| 0 0 0
2217| 0 0 0
2218| 0 0 0
2219| 0 0 0
2220| 0 0 0
2221| 0 0 0
2222| 0 0 0
2223| 0 0 0
2224| 0 0 0
2225| 0 0 0
2226| 0 0 0
2227| 0 0 0
2228| 0 0 0
2229| 0 0 0
2230| 0 0 0
2231| 0 0 0
2232| 0 0 0
2233| 0 0 0
2234| 0 0 0
2235| 0 0 0
2236| 0 0 0
2237| 0 0 0
2238| 0 0 0
2239| 0 0 0
2240| 0 0 0
2241| 0 0 0
2242| 0 0 0
2243| 0 0 0
2244| 0 0 0
2245| 0 0 0
2246| 0 0 0
2247| 0 0 0
2248| 0 0 0
2249| 0 0 0
2250| 0 0 0
2251| 0 0 0
2252| 0 0 0
2253| 0 0 0
2254| 0 0 0
2255| 0 0 0
2256| 0 0 0
2257| 0 0 0
2258| 0 0 0
2259| 0 0 0
2260| 0 0 0
2261| 0 0 0
2262| 0 0 0
2263| 0 0 0
2264| 0 0 0
2265| 0 0 0
2266| 0 0 0
2267| 0 0 0
2268| 0 0 0
2269| 0 0 0
2270| 0 0 0
2271| 0 0 0
2272| 0 0 0
2273| 0 0 0
2274| 0 0 0
2275| 0 0 0
2276| 0 0 0
2277| 0 0 0
2278| 0 0 0
2279| 0 0 0
2280| 0 0 0
2281| 0 0 0
2282| 0 0 0
2283| 0 0 0
2284| 0 0 0
2285| 0 0 0
2286| 0 0 0
2287| 0 0 0
2288| 0 0 0
2289| 0 0 0
2290| 0 0 0
2291| 0 0 0
2292| 0 0 0
2293| 0 0 0
2294| 0 0 0
2295| 0 0 0
2296| 0 0 0
2297| 0 0 0
2298| 0 0 0
2299| 0 0 0
2300| 0 0 0
2301| 0 0 0
2302| 0 0 0
2303| 0 0 0
2304| 0 0 0
2305| 0 0 0
2306| 0 0 0
2307| 0 0 0
2308| 0 0 0
2309| 0 0 0
2310| 0 0 0
2311| 0 0 0
2312| 0 0 0
2313| 0 0 0
2314| 0 0 0
2315| 0 0 0
2316| 0 0 0
2317| 0 0 0
2318| 0 0 0
2319| 0 0 0
2320| 0 0 0
2321| 0 0 0
2322| 0 0 0
2323| 0 0 0
2324| 0 0 0
2325| 0 0 0
2326| 0 0 0
2327| 0 0 0
2328| 0 0 0
2329| 0 0 0
2330| 0 0 0
2331| 0 0 0
2332| 0 0 0
2333| 0 0 0
2334| 0 0 0
2335| 0 0 0
2336| 0 0 0
2337| 0 0 0
2338| 0 0 0
2339| 0 0 0
2340| 0 0 0
2341| 0 0 0
2342| 0 0 0
2343| 0 0 0
2344| 0 0 0
2345| 0 0 0
2346| 0 0 0
2347| 0 0 0
2348| 0 0 0
2349| 0 0 0
2350| 0 0 0
2351| 0 0 0
2352| 0 0 0
2353| 0 0 0
2354| 0 0 0
2355| 0 0 0
2356| 0 0 0
2357| 0 0 0
2358| 0 0 0
2359| 0 0 0
2360| 0 0 0
2361| 0 0 0
2362| 0 0 0
2363| 0 0 0
2364| 0 0 0
2365| 0 0 0
2366| 0 0 0
2367| 0 0 0
2368| 0 0 0
2369| 0 0 0
2370| 0 0 0
2371| 0 0 0
2372| 0 0 0
2373| 0 0 0
2374| 0 0 0
2375| 0 0 0
2376| 0 0 0
2377| 0 0 0
2378| 0 0 0
2379| 0 0 0
2380| 0 0 0
2381| 0 0 0
2382| 0 0 0
2383| 0 0 0
2384| 0 0 0
2385| 0 0 0
2386| 0 0 0
2387| 0 0 0
2388| 0 0 0
2389| 0 0 0
2390| 0 0 0
2391| 0 0 0
2392| 0 0 0
2393| 0 0 0
2394| 0 0 0
2395| 0 0 0
2396| 0 0 0
2397| 0 0 0
2398| 0 0 0
2399| 0 0 0
2400| 0 0 0
2401| 0 0 0
2402| 0 0 0
2403| 0 0 0
2404| 0 0 0
2405| 0 0 0
2406| 0 0 0
2407| 0 0 0
2408| 0 0 0
2409| 0 0 0
2410| 0 0 0
2411| 0 0 0
2412| 0 0 0
2413| 0 0 0
2414| 0 0 0
2415| 0 0 0
2416| 0 0 0
2417| 0 0 0
2418| 0 0 0
2419| 0 0 0
2420| 0 0 0
2421| 0 0 0
2422| 0 0 0
2423| 0 0 0
2424| 0 0 0
2425| 0 0 0
2426| 0 0 0
2427| 0 0 0
2428| 0 0 0
2429| 0 0 0
2430| 0 0 0
2431| 0 0 0
2432| 0 0 0
2433| 0 0 0
2434| 0 0 0
2435| 0 0 0
2436| 0 0 0
2437| 0 0 0
2438| 0 0 0
2439| 0 0 0
2440| 0 0 0
2441| 0 0 0
2442| 0 0 0
2443| 0 0 0
2444| 0 0 0
2445| 0 0 0
2446| 0 0 0
2447| 0 0 0
2448| 0 0 0
2449| 0 0 0
2450| 0 0 0
2451| 0 0 0
2452| 0 0 0
2453| 0 0 0
2454| 0 0 0
2455| 0 0 0
2456| 0 0 0
2457| 0 0 0
2458| 0 0 0
2459| 0 0 0
2460| 0 0 0
2461| 0 0 0
2462| 0 0 0
2463| 0 0 0
2464| 0 0 0
2465| 0 0 0
2466| 0 0 0
2467| 0 0 0
2468| 0 0 0
2469| 0 0 0
2470| 0 0 0
2471| 0 0 0
2472| 0 0 0
2473| 0 0 0
2474| 0 0 0
2475| 0 0 0
2476| 0 0 0
2477| 0 0 0
2478| 0 0 0
2479| 0 0 0
2480| 0 0 0
2481| 0 0 0
2482| 0 0 0
2483| 0 0 0
2484| 0 0 0
2485| 0 0 0
2486| 0 0 0
2487| 0 0 0
2488| 0 0 0
2489| 0 0 0
2490| 0 0 0
2491| 0 0 0

