1| 0 0 0
2| 0 0 0
3| 0 0 0
4| 0 0 0
5| 0 0 0
6| 0 0 0
7| 0 0 0
8| 0 0 0
9| 0 0 0
10| 0 0 0
11| 0 0 0
12| 0 0 0
13| 0 0 0
14| 0 0 0
15| 0 0 0
16| 0 0 0
17| 0 0 0
18| 0 0 0
19| 0 0 0
20| 0 0 0
21| 0 0 0
22| 0 0 0
23| 0 0 0
24| 0 0 0
25| 0 0 0
26| 0 0 0
27| 0 0 0
28| 0 0 0
29| 0 0 0
30| 0 0 0
31| 0 0 0
32| 0 0 0
33| 0 0 0
34| 0 0 0
35| 0 0 0
36| 0 0 0
37| 0 0 0
38| 0 0 0
39| 0 0 0
40| 0 0 0
41| 0 0 0
42| 0 0 0
43| 0 0 0
44| 0 0 0
45| 0 0 0
46| 0 0 0
47| 0 0 0
48| 0 0 0
49| 0 0 0
50| 0 0 0
51| 0 0 0
52| 0 0 0
53| 0 0 0
54| 0 0 0
55| 0 0 0
56| 0 0 0
57| 0 0 0
58| 0 0 0
59| 0 0 0
60| 0 0 0
61| 0 0 0
62| 0 0 0
63| 0 0 0
64| 0 0 0
65| 0 0 0
66| 0 0 0
67| 0 0 0
68| 0 0 0
69| 0 0 0
70| 0 0 0
71| 0 0 0
72| 0 0 0
73| 0 0 0
74| 0 0 0
75| 0 0 0
76| 0 0 0
77| 0 0 0
78| 0 0 0
79| 0 0 0
80| 0 0 0
81| 0 0 0
82| 0 0 0
83| 0 0 0
84| 0 0 0
85| 0 0 0
86| 0 0 0
87| 0 0 0
88| 0 0 0
89| 0 0 0
90| 0 0 0
91| 0 0 0
92| 0 0 0
93| 0 0 0
94| 0 0 0
95| 0 0 0
96| 0 0 0
97| 0 0 0
98| 0 0 0
99| 0 0 0
100| 0 0 0
101| 0 0 0
102| 0 0 0
103| 0 0 0
104| 0 0 0
105| 0 0 0
106| 0 0 0
107| 0 0 0
108| 0 0 0
109| 0 0 0
110| 0 0 0
111| 0 0 0
112| 0 0 0
113| 0 0 0
114| 0 0 0
115| 0 0 0
116| 0 0 0
117| 0 0 0
118| 0 0 0
119| 0 0 0
120| 0 0 0
121| 0 0 0
122| 0 0 0
123| 0 0 0
124| 0 0 0
125| 0 0 0
126| 0 0 0
127| 0 0 0
128| 0 0 0
129| 0 0 0
130| 0 0 0
131| 0 0 0
132| 0 0 0
133| 0 0 0
134| 0 0 0
135| 0 0 0
136| 0 0 0
137| 0 0 0
138| 0 0 0
139| 0 0 0
140| 0 0 0
141| 0 0 0
142| 0 0 0
143| 0 0 0
144| 0 0 0
145| 0 0 0
146| 0 0 0
147| 0 0 0
148| 0 0 0
149| 0 0 0
150| 0 0 0
151| 0 0 0
152| 0 0 0
153| 0 0 0
154| 0 0 0
155| 0 0 0
156| 0 0 0
157| 0 0 0
158| 0 0 0
159| 0 0 0
160| 0 0 0
161| 0 0 0
162| 0 0 0
163| 0 0 0
164| 0 0 0
165| 0 0 0
166| 0 0 0
167| 0 0 0
168| 0 0 0
169| 0 0 0
170| 0 0 0
171| 0 0 0
172| 0 0 0
173| 0 0 0
174| 0 0 0
175| 0 0 0
176| 0 0 0
177| 0 0 0
178| 0 0 0
179| 0 0 0
180| 0 0 0
181| 0 0 0
182| 0 0 0
183| 0 0 0
184| 0 0 0
185| 0 0 0
186| 0 0 0
187| 0 0 0
188| 0 0 0
189| 0 0 0
190| 0 0 0
191| 0 0 0
192| 0 0 0
193| 0 0 0
194| 0 0 0
195| 0 0 0
196| 0 0 0
197| 0 0 0
198| 0 0 0
199| 0 0 0
200| 0 0 0
201| 0 0 0
202| 0 0 0
203| 0 0 0
204| 0 0 0
205| 0 0 0
206| 0 0 0
207| 0 0 0
208| 0 0 0
209| 0 0 0
210| 0 0 0
211| 0 0 0
212| 0 0 0
213| 0 0 0
214| 0 0 0
215| 0 0 0
216| 0 0 0
217| 0 0 0
218| 0 0 0
219| 0 0 0
220| 0 0 0
221| 0 0 0
222| 0 0 0
223| 0 0 0
224| 0 0 0
225| 0 0 0
226| 0 0 0
227| 0 0 0
228| 0 0 0
229| 0 0 0
230| 0 0 0
231| 0 0 0
232| 0 0 0
233| 0 0 0
234| 0 0 0
235| 0 0 0
236| 0 0 0
237| 0 0 0
238| 0 0 0
239| 0 0 0
240| 0 0 0
241| 0 0 0
242| 0 0 0
243| 0 0 0
244| 0 0 0
245| 0 0 0
246| 0 0 0
247| 0 0 0
248| 0 0 0
249| 0 0 0
250| 0 0 0
251| 0 0 0
252| 0 0 0
253| 0 0 0
254| 0 0 0
255| 0 0 0
256| 0 0 0
257| 0 0 0
258| 0 0 0
259| 0 0 0
260| 0 0 0
261| 0 0 0
262| 0 0 0
263| 0 0 0
264| 0 0 0
265| 0 0 0
266| 0 0 0
267| 0 0 0
268| 0 0 0
269| 0 0 0
270| 0 0 0
271| 0 0 0
272| 0 0 0
273| 0 0 0
274| 0 0 0
275| 0 0 0
276| 0 0 0
277| 0 0 0
278| 0 0 0
279| 0 0 0
280| 0 0 0
281| 0 0 0
282| 0 0 0
283| 0 0 0
284| 0 0 0
285| 0 0 0
286| 0 0 0
287| 0 0 0
288| 0 0 0
289| 0 0 0
290| 0 0 0
291| 0 0 0
292| 0 0 0
293| 0 0 0
294| 0 0 0
295| 0 0 0
296| 0 0 0
297| 0 0 0
298| 0 0 0
299| 0 0 0
300| 0 0 0
301| 0 0 0
302| 0 0 0
303| 0 0 0
304| 0 0 0
305| 0 0 0
306| 0 0 0
307| 0 0 0
308| 0 0 0
309| 0 0 0
310| 0 0 0
311| 0 0 0
312| 0 0 0
313| 0 0 0
314| 0 0 0
315| 0 0 0
316| 0 0 0
317| 0 0 0
318| 0 0 0
319| 0 0 0
320| 0 0 0
321| 0 0 0
322| 0 0 0
323| 0 0 0
324| 0 0 0
325| 0 0 0
326| 0 0 0
327| 0 0 0
328| 0 0 0
329| 0 0 0
330| 0 0 0
331| 0 0 0
332| 0 0 0
333| 0 0 0
334| 0 0 0
335| 0 0 0
336| 0 0 0
337| 0 0 0
338| 0 0 0
339| 0 0 0
340| 0 0 0
341| 0 0 0
342| 0 0 0
343| 0 0 0
344| 0 0 0
345| 0 0 0
346| 0 0 0
347| 0 0 0
348| 0 0 0
349| 0 0 0
350| 0 0 0
351| 0 0 0
352| 0 0 0
353| 0 0 0
354| 0 0 0
355| 0 0 0
356| 0 0 0
357| 0 0 0
358| 0 0 0
359| 0 0 0
360| 0 0 0
361| 0 0 0
362| 0 0 0
363| 0 0 0
364| 0 0 0
365| 0 0 0
366| 0 0 0
367| 0 0 0
368| 0 0 0
369| 0 0 0
370| 0 0 0
371| 0 0 0
372| 0 0 0
373| 0 0 0
374| 0 0 0
375| 0 0 0
376| 0 0 0
377| 0 0 0
378| 0 0 0
379| 0 0 0
380| 0 0 0
381| 0 0 0
382| 0 0 0
383| 0 0 0
384| 0 0 0
385| 0 0 0
386| 0 0 0
387| 0 0 0
388| 0 0 0
389| 0 0 0
390| 0 0 0
391| 0 0 0
392| 0 0 0
393| 0 0 0
394| 0 0 0
395| 0 0 0
396| 0 0 0
397| 0 0 0
398| 0 0 0
399| 0 0 0
400| 0 0 0
401| 0 0 0
402| 0 0 0
403| 0 0 0
404| 0 0 0
405| 0 0 0
406| 0 0 0
407| 0 0 0
408| 0 0 0
409| 0 0 0
410| 0 0 0
411| 0 0 0
412| 0 0 0
413| 0 0 0
414| 0 0 0
415| 0 0 0
416| 0 0 0
417| 0 0 0
418| 0 0 0
419| 0 0 0
420| 0 0 0
421| 0 0 0
422| 0 0 0
423| 0 0 0
424| 0 0 0
425| 0 0 0
426| 0 0 0
427| 0 0 0
428| 0 0 0
429| 0 0 0
430| 0 0 0
431| 0 0 0
432| 0 0 0
433| 0 0 0
434| 0 0 0
435| 0 0 0
436| 0 0 0
437| 0 0 0
438| 0 0 0
439| 0 0 0
440| 0 0 0
441| 0 0 0
442| 0 0 0
443| 0 0 0
444| 0 0 0
445| 0 0 0
446| 0 0 0
447| 0 0 0
448| 0 0 0
449| 0 0 0
450| 0 0 0
451| 0 0 0
452| 0 0 0
453| 0 0 0
454| 0 0 0
455| 0 0 0
456| 0 0 0
457| 0 0 0
458| 0 0 0
459| 0 0 0
460| 0 0 0
461| 0 0 0
462| 0 0 0
463| 0 0 0
464| 0 0 0
465| 0 0 0
466| 0 0 0
467| 0 0 0
468| 0 0 0
469| 0 0 0
470| 0 0 0
471| 0 0 0
472| 0 0 0
473| 0 0 0
474| 0 0 0
475| 0 0 0
476| 0 0 0
477| 0 0 0
478| 0 0 0
479| 0 0 0
480| 0 0 0
481| 0 0 0
482| 0 0 0
483| 0 0 0
484| 0 0 0
485| 0 0 0
486| 0 0 0
487| 0 0 0
488| 0 0 0
489| 0 0 0
490| 0 0 0
491| 0 0 0
492| 0 0 0
493| 0 0 0
494| 0 0 0
495| 0 0 0
496| 0 0 0
497| 0 0 0
498| 0 0 0
499| 0 0 0
500| 0 0 0
501| 0 0 0
502| 0 0 0
503| 0 0 0
504| 0 0 0
505| 0 0 0
506| 0 0 0
507| 0 0 0
508| 0 0 0
509| 0 0 0
510| 0 0 0
511| 0 0 0
512| 0 0 0
513| 0 0 0
514| 0 0 0
515| 0 0 0
516| 0 0 0
517| 0 0 0
518| 0 0 0
519| 0 0 0
520| 0 0 0
521| 0 0 0
522| 0 0 0
523| 0 0 0
524| 0 0 0
525| 0 0 0
526| 0 0 0
527| 0 0 0
528| 0 0 0
529| 0 0 0
530| 0 0 0
531| 0 0 0
532| 0 0 0
533| 0 0 0
534| 0 0 0
535| 0 0 0
536| 0 0 0
537| 0 0 0
538| 0 4 0
539| 0 8 0
540| 0 12 0
541| 0 16 0
542| 0 20 0
543| 0 24 0
544| 0 28 0
545| 0 32 0
546| 0 36 0
547| 0 40 0
548| 0 43,99999 0
549| 0 47,99999 0
550| 0 51,99999 0
551| 0 55,99999 0
552| 0 60 0
553| 0 64 0
554| 0 68 0
555| 0 72 0
556| 0 76,00001 0
557| 0 80,00001 0
558| 0 84,00001 0
559| 0 88,00002 0
560| 0 92,00002 0
561| 0 96,00002 0
562| 0 100 0
563| 0 104 0
564| 0 108 0
565| 0 112 0
566| 0 116 0
567| 0 120 0
568| 0 124 0
569| 0 128 0
570| 0 132 0
571| 0 136 0
572| 0 140 0
573| 0 144 0
574| 0 148 0
575| 0 152 0
576| 0 156 0
577| 0 160 0
578| 0 164 0
579| 0 168 0
580| 0 171,9999 0
581| 0 175,9999 0
582| 0 179,9999 0
583| 0 183,9999 0
584| 0 187,9999 0
585| 0 191,9999 0
586| 0 195,9999 0
587| 0 199,9999 0
588| 0 203,9999 0
589| 0 207,9999 0
590| 0 211,9999 0
591| 0 215,9999 0
592| 0 219,9999 0
593| 0 223,9999 0
594| 0 227,9999 0
595| 0 231,9999 0
596| 0 235,9999 0
597| 0 239,9999 0
598| 0 243,9999 0
599| 0 247,9999 0
600| 0 251,9999 0
601| 0 255,9999 0
602| 0 259,9999 0
603| 0 263,9999 0
604| 0 267,9999 0
605| 0 271,9998 0
606| 0 275,9998 0
607| 0 279,9998 0
608| 0 283,9998 0
609| 0 287,9998 0
610| 0 291,9998 0
611| 0 295,9998 0
612| 0 299,9998 0
613| 0 303,9998 0
614| 0 307,9998 0
615| 0 311,9998 0
616| 0 315,9998 0
617| 0 319,9998 0
618| 0 323,9998 0
619| 0 327,9998 0
620| 0 331,9998 0
621| 0 335,9998 0
622| 0 339,9998 0
623| 0 343,9998 0
624| 0 347,9998 0
625| 0 351,9998 0
626| 0 355,9998 0
627| 0 359,9998 0
628| 0 363,9998 0
629| 0 367,9998 0
630| 0 371,9998 0
631| 0 375,9998 0
632| 0 379,9998 0
633| 0 383,9998 0
634| 0 387,9998 0
635| 0 391,9998 0
636| 0 395,9998 0
637| 0 399,9997 0
638| 0 400 0
639| 0 400 0
640| 0 400 0
641| 0 400 0
642| 0 400 0
643| 0 400 0
644| 0 400 0
645| 0 400 0
646| 0 400 0
647| 0 400 0
648| 0 400 0
649| 0 400 0
650| 0 400 0
651| 0 400 0
652| 0 400 0
653| 0 400 0
654| 0 400 0
655| 0 400 0
656| 0 400 0
657| 0 400 0
658| 0 400 0
659| 0 400 0
660| 0 400 0
661| 0 400 0
662| 0 400 0
663| 0 400 0
664| 0 400 0
665| 0 400 0
666| 0 400 0
667| 0 400 0
668| 0 400 0
669| 0 400 0
670| 0 400 0
671| 0 400 0
672| 0 400 0
673| 0 400 0
674| 0 400 0
675| 0 400 0
676| 0 400 0
677| 0 400 0
678| 0 400 0
679| 0 400 0
680| 0 400 0
681| 0 400 0
682| 0 400 0
683| 0 400 0
684| 0 400 0
685| 0 400 0
686| 0 400 0
687| 0 400 0
688| 0 400 0
689| 0 400 0
690| 0 400 0
691| 0 400 0
692| 0 400 0
693| 0 400 0
694| 0 400 0
695| 0 400 0
696| 0 400 0
697| 0 400 0
698| 0 400 0
699| 0 400 0
700| 0 400 0
701| 0 400 0
702| 0 400 0
703| 0 400 0
704| 0 400 0
705| 0 400 0
706| 0 400 0
707| 0 400 0
708| 0 400 0
709| 0 400 0
710| 0 400 0
711| 0 400 0
712| 0 400 0
713| 0 400 0
714| 0 0 0
715| 0 0 0
716| 0 0 0
717| 0 0 0
718| 0 0 0
719| 0 0 0
720| 0 0 0
721| 0 0 0
722| 0 0 0
723| 0 0 0
724| 0 0 0
725| 0 0 0
726| 0 0 0
727| 0 0 0
728| 0 0 0
729| 0 0 0
730| 0 0 0
731| 0 0 0
732| 0 0 0
733| 0 0 0
734| 0 0 0
735| 0 0 0
736| 0 0 0
737| 0 0 0
738| 0 0 0
739| 0 0 0
740| 0 0 0
741| 0 0 0
742| 0 0 0
743| 0 0 0
744| 0 0 0
745| 0 0 0
746| 0 0 0
747| 0 0 0
748| 0 0 0
749| 0 0 0
750| 0 0 0
751| 0 0 0
752| 0 0 0
753| 0 0 0
754| 0 0 0
755| 0 0 0
756| 0 0 0
757| 0 0 0
758| 0 0 0
759| 0 0 0
760| 0 0 0
761| 0 0 0
762| 0 0 0
763| 0 0 0
764| 0 0 0
765| 0 0 0
766| 0 0 0
767| 0 0 0
768| 0 0 0
769| 0 0 0
770| 0 0 0
771| 0 0 0
772| 0 0 0
773| 0 0 0
774| 0 0 0
775| -0,3 0 0
776| -0,6 0 0
777| -0,9 0 0
778| -1,2 0 0
779| -1,5 0 0
780| -1,8 0 0
781| -2,1 0 0
782| -2,4 0 0
783| -2,7 0 0
784| -3 0 0
785| -3,299999 0 0
786| -3,599999 0 0
787| -3,899999 0 0
788| -4,2 0 0
789| -4,5 0 0
790| -4,8 0 0
791| -5,1 0 0
792| -5,4 0 0
793| -5,7 0 0
794| -6 0 0
795| -6,300001 0 0
796| -6,600001 0 0
797| -6,900001 0 0
798| -7,200001 0 0
799| -7,500001 0 0
800| -7,800001 0 0
801| -8,1 4 0
802| -8,4 8 0
803| -8,7 12 0
804| -8,999999 16 0
805| -9,299999 20 0
806| -9,599998 24 0
807| -9,599998 28 0
808| -9,599998 32 0
809| -9,599998 36 0
810| -9,599998 40 0
811| -9,599998 43,99999 0
812| -9,599998 47,99999 0
813| -9,599998 51,99999 0
814| -9,599998 55,99999 0
815| -9,599998 60 0
816| -9,599998 64 0
817| -9,599998 68 0
818| -9,599998 72 0
819| -9,599998 76,00001 0
820| -9,599998 80,00001 0
821| -9,599998 84,00001 0
822| -9,599998 88,00002 0
823| -9,599998 92,00002 0
824| -9,599998 96,00002 0
825| -9,599998 100 0
826| -9,599998 104 0
827| -9,599998 108 0
828| -9,599998 112 0
829| -9,599998 116 0
830| -9,599998 120 0
831| -9,599998 124 0
832| -9,599998 128 0
833| -9,599998 132 0
834| -9,599998 136 0
835| -9,599998 140 0
836| -9,599998 144 0
837| -9,599998 148 0
838| -9,599998 152 0
839| -9,599998 156 0
840| -9,599998 160 0
841| -9,599998 164 0
842| -9,599998 168 0
843| -9,599998 171,9999 0
844| -9,599998 175,9999 0
845| -9,599998 179,9999 0
846| -9,599998 183,9999 0
847| -9,599998 187,9999 0
848| -9,599998 191,9999 0
849| -9,599998 195,9999 0
850| -9,599998 199,9999 0
851| -9,599998 203,9999 0
852| -9,599998 207,9999 0
853| -9,599998 211,9999 0
854| -9,599998 215,9999 0
855| -9,599998 219,9999 0
856| -9,599998 223,9999 0
857| -9,599998 227,9999 0
858| -9,599998 231,9999 0
859| -9,599998 235,9999 0
860| -9,599998 239,9999 0
861| 0 243,9999 0
862| 0,3 247,9999 0
863| 0,6 251,9999 0
864| 0,9 255,9999 0
865| 1,2 259,9999 0
866| 1,5 263,9999 0
867| 1,8 267,9999 0
868| 2,1 271,9998 0
869| 2,4 275,9998 0
870| 2,7 279,9998 0
871| 3 283,9998 0
872| 3,299999 287,9998 0
873| 3,599999 291,9998 0
874| 3,899999 295,9998 0
875| 4,2 299,9998 0
876| 4,5 303,9998 0
877| 4,5 307,9998 0
878| 4,5 311,9998 0
879| 4,5 315,9998 0
880| 4,5 319,9998 0
881| 4,5 323,9998 0
882| 4,5 327,9998 0
883| 4,8 331,9998 0
884| 5,1 335,9998 0
885| 5,4 339,9998 0
886| 5,7 343,9998 0
887| 6 347,9998 0
888| 6,300001 351,9998 0
889| 6,600001 355,9998 0
890| 6,900001 359,9998 0
891| 7,200001 363,9998 0
892| 7,500001 367,9998 0
893| 7,800001 371,9998 0
894| 8,1 375,9998 0
895| 8,4 379,9998 0
896| 8,7 383,9998 0
897| 8,7 387,9998 0
898| 8,7 391,9998 0
899| 8,7 395,9998 0
900| 8,7 399,9997 0
901| 8,7 400 0
902| 8,7 400 0
903| 8,7 400 0
904| 8,7 400 0
905| 8,7 400 0
906| 8,7 400 0
907| 8,7 400 0
908| 8,7 400 0
909| 8,7 400 0
910| 8,7 400 0
911| 8,7 400 0
912| 8,7 400 0
913| 8,7 400 0
914| 8,7 400 0
915| 8,7 400 0
916| 8,7 400 0
917| 8,7 400 0
918| 8,7 400 0
919| 0 400 0
920| -0,3 400 0
921| -0,6 400 0
922| -0,9 400 0
923| -1,2 400 0
924| -1,5 400 0
925| -1,8 400 0
926| -1,8 400 0
927| -1,8 400 0
928| -1,8 400 0
929| -1,8 400 0
930| -1,8 400 0
931| -1,8 400 0
932| -1,8 400 0
933| -1,8 400 0
934| -1,8 400 0
935| -1,8 400 0
936| -1,8 400 0
937| -1,8 400 0
938| -1,8 400 0
939| -1,8 400 0
940| -1,8 400 0
941| -1,8 400 0
942| -1,8 400 0
943| -1,8 400 0
944| -1,8 400 0
945| -1,8 400 0
946| -1,8 400 0
947| 0 400 0
948| 0,3 400 0
949| 0,6 400 0
950| 0,9 400 0
951| 1,2 400 0
952| 1,5 400 0
953| 1,8 400 0
954| 1,8 400 0
955| 1,8 400 0
956| 1,8 400 0
957| 1,8 400 0
958| 1,8 400 0
959| 2,1 400 0
960| 2,4 400 0
961| 2,7 400 0
962| 2,7 400 0
963| 2,7 400 0
964| 2,7 400 0
965| 3 400 0
966| 3,299999 400 0
967| 3,599999 400 0
968| 3,899999 400 0
969| 3,899999 400 0
970| 3,899999 400 0
971| 3,899999 400 0
972| 4,2 400 0
973| 4,2 400 0
974| 4,2 400 0
975| 4,2 400 0
976| 4,2 400 0
977| 4,2 400 0
978| 4,2 400 0
979| 4,2 400 0
980| 4,2 400 0
981| 4,2 400 0
982| 4,2 400 0
983| 4,2 400 0
984| 4,2 400 0
985| 4,2 400 0
986| 4,2 400 0
987| 4,2 400 0
988| 4,2 400 0
989| 0 400 0
990| -0,3 400 0
991| -0,6 400 0
992| -0,9 400 0
993| -1,2 400 0
994| -1,5 400 0
995| -1,8 400 0
996| -2,1 400 0
997| -2,4 400 0
998| -2,4 400 0
999| -2,4 400 0
1000| -2,4 400 0
1001| -2,4 400 0
1002| -2,4 400 0
1003| -2,7 400 0
1004| -3 400 0
1005| -3,299999 400 0
1006| -3,599999 400 0
1007| -3,599999 400 0
1008| -3,599999 400 0
1009| -3,599999 400 0
1010| -3,599999 400 0
1011| -3,599999 400 0
1012| -3,599999 400 0
1013| -3,599999 400 0
1014| -3,599999 400 0
1015| -3,599999 400 0
1016| -3,599999 400 0
1017| -3,599999 400 0
1018| -3,599999 400 0
1019| -3,599999 400 0
1020| -3,599999 400 0
1021| -3,599999 400 0
1022| 0 400 0
1023| 0,3 400 0
1024| 0,6 400 0
1025| 0,9 400 0
1026| 0,9 400 0
1027| 0,9 400 0
1028| 0,9 400 0
1029| 1,2 400 0
1030| 1,5 400 0
1031| 1,8 400 0
1032| 2,1 400 0
1033| 2,1 400 0
1034| 2,1 400 0
1035| 2,1 400 0
1036| 2,1 400 0
1037| 2,1 400 0
1038| 2,1 400 0
1039| 2,1 400 0
1040| 2,1 400 0
1041| 2,1 400 0
1042| 2,1 400 0
1043| 2,1 400 0
1044| 2,1 400 0
1045| 2,1 400 0
1046| 2,1 400 0
1047| 2,1 400 0
1048| 2,1 400 0
1049| 2,1 400 0
1050| 2,1 400 0
1051| 0 400 0
1052| -0,3 400 0
1053| -0,6 400 0
1054| -0,9 400 0
1055| -0,9 400 0
1056| -0,9 400 0
1057| -0,9 400 0
1058| -0,9 400 0
1059| -0,9 400 0
1060| -0,9 400 0
1061| -0,9 400 0
1062| -0,9 400 0
1063| -0,9 400 0
1064| -0,9 400 0
1065| -0,9 400 0
1066| -0,9 400 0
1067| -0,9 400 0
1068| -0,9 400 0
1069| -0,9 400 0
1070| -0,9 400 0
1071| -0,9 400 0
1072| -0,9 400 0
1073| -0,9 400 0
1074| -0,9 400 0
1075| -0,9 400 0
1076| -0,9 400 0
1077| -0,9 400 0
1078| -0,9 400 0
1079| -0,9 400 0
1080| -0,9 400 0
1081| -0,9 400 0
1082| -0,9 400 0
1083| -0,9 400 0
1084| -0,9 400 0
1085| -0,9 400 0
1086| -0,9 400 0
1087| -0,9 400 0
1088| -0,9 400 0
1089| -0,9 400 0
1090| -0,9 400 0
1091| -0,9 400 0
1092| -0,9 400 0
1093| -0,9 400 0
1094| -0,9 400 0
1095| -0,9 400 0
1096| -0,9 400 0
1097| -0,9 400 0
1098| -0,9 400 0
1099| -0,9 400 0
1100| -0,9 400 0
1101| -0,9 400 0
1102| -0,9 400 0
1103| -0,9 400 0
1104| -0,9 400 0
1105| -0,9 400 0
1106| -0,9 400 0
1107| -0,9 400 0
1108| -0,9 400 0
1109| -0,9 400 0
1110| 0 400 0
1111| 0,3 400 0
1112| 0,6 400 0
1113| 0,6 400 0
1114| 0,6 400 0
1115| 0,6 400 0
1116| 0,6 400 0
1117| 0,6 400 0
1118| 0,6 400 0
1119| 0,6 400 0
1120| 0,6 400 0
1121| 0,6 400 0
1122| 0,6 400 0
1123| 0,6 400 0
1124| 0,6 400 0
1125| 0,6 400 0
1126| 0,6 400 0
1127| 0,6 400 0
1128| 0,6 400 0
1129| 0,6 400 0
1130| 0,6 400 0
1131| 0,6 400 0
1132| 0,6 400 0
1133| 0,6 400 0
1134| 0,6 400 0
1135| 0,6 400 0
1136| 0,6 400 0
1137| 0,6 400 0
1138| 0,6 400 0
1139| 0,6 400 0
1140| 0,6 400 0
1141| 0,6 400 0
1142| 0,6 400 0
1143| 0,6 400 0
1144| 0,6 400 0
1145| 0,6 400 0
1146| 0,6 400 0
1147| 0,6 400 0
1148| 0,6 400 0
1149| 0,6 400 0
1150| 0,6 400 0
1151| 0,6 400 0
1152| 0,6 400 0
1153| 0 400 0
1154| -0,3 400 0
1155| -0,6 400 0
1156| -0,9 400 0
1157| -0,9 400 0
1158| -0,9 400 0
1159| -0,9 400 0
1160| -0,9 400 0
1161| -0,9 400 0
1162| -0,9 400 0
1163| -0,9 400 0
1164| -0,9 400 0
1165| -0,9 400 0
1166| -0,9 400 0
1167| -0,9 400 0
1168| -0,9 400 0
1169| -0,9 400 0
1170| -0,9 400 0
1171| -0,9 400 0
1172| -0,9 400 0
1173| -0,9 400 0
1174| -0,9 400 0
1175| -0,9 400 0
1176| -1,2 400 0
1177| -1,5 400 0
1178| -1,5 400 0
1179| -1,5 400 0
1180| -1,5 400 0
1181| -1,5 400 0
1182| -1,5 400 0
1183| -1,5 400 0
1184| -1,5 400 0
1185| -1,5 400 0
1186| -1,5 400 0
1187| -1,5 400 0
1188| -1,5 400 0
1189| -1,5 400 0
1190| -1,5 400 0
1191| -1,5 400 0
1192| -1,5 400 0
1193| -1,5 400 0
1194| -1,5 400 0
1195| -1,5 400 0
1196| -1,5 400 0
1197| -1,5 400 0
1198| -1,5 400 0
1199| -1,5 400 0
1200| -1,5 400 0
1201| -1,5 400 0
1202| 0 400 0
1203| 0,3 400 0
1204| 0,6 400 0
1205| 0,6 400 0
1206| 0,6 400 0
1207| 0,6 400 0
1208| 0,6 400 0
1209| 0,6 400 0
1210| 0,6 400 0
1211| 0,6 400 0
1212| 0,6 400 0
1213| 0,6 400 0
1214| 0,6 400 0
1215| 0,6 400 0
1216| 0,6 400 0
1217| 0,6 400 0
1218| 0,6 400 0
1219| 0,6 400 0
1220| 0,6 400 0
1221| 0,6 400 0
1222| 0,6 400 0
1223| 0,6 400 0
1224| 0,6 400 0
1225| 0,6 400 0
1226| 0,6 400 0
1227| 0,6 400 0
1228| 0,6 400 0
1229| 0,6 400 0
1230| 0,6 400 0
1231| 0,6 400 0
1232| 0,6 400 0
1233| 0,6 400 0
1234| 0,6 400 0
1235| 0,6 400 0
1236| 0,6 400 0
1237| 0,6 400 0
1238| 0 400 0
1239| -0,3 400 0
1240| -0,6 400 0
1241| -0,9 400 0
1242| -0,9 400 0
1243| -0,9 400 0
1244| -0,9 400 0
1245| -0,9 400 0
1246| -0,9 400 0
1247| -0,9 400 0
1248| -0,9 400 0
1249| -0,9 400 0
1250| -0,9 400 0
1251| -0,9 400 0
1252| -0,9 400 0
1253| -0,9 400 0
1254| -0,9 400 0
1255| -0,9 400 0
1256| -1,2 400 0
1257| -1,5 400 0
1258| -1,5 400 0
1259| -1,5 400 0
1260| -1,5 400 0
1261| -1,5 400 0
1262| -1,5 400 0
1263| -1,5 400 0
1264| -1,5 400 0
1265| -1,5 400 0
1266| -1,5 400 0
1267| -1,8 400 0
1268| -2,1 400 0
1269| -2,4 400 0
1270| -2,7 400 0
1271| -3 400 0
1272| -3,299999 400 0
1273| -3,599999 400 0
1274| -3,899999 400 0
1275| -4,2 400 0
1276| -4,5 400 0
1277| -4,8 400 0
1278| -5,1 400 0
1279| 0 0 0
1280| 0 0 0
1281| 0 0 0
1282| 0 0 0
1283| 0 0 0
1284| 0 0 0
1285| 0 0 0
1286| 0 0 0
1287| 0 0 0
1288| -0,3 4 0
1289| -0,6 8 0
1290| -0,9 8 0
1291| -1,2 8 0
1292| 0 0 0
1293| 0 0 0
1294| 0 0 0
1295| 0 0 0
1296| 0 0 0
1297| -0,3 0 0
1298| -0,6 0 0
1299| -0,9 0 0
1300| -1,2 0 0
1301| 0 0 0
1302| 0 0 0
1303| 0 0 0
1304| 0 0 0
1305| 0 0 0
1306| 0 0 0
1307| 0 4 0
1308| 0 8 0
1309| 0 12 0
1310| 0 16 0
1311| 0 20 0
1312| -0,3 24 0
1313| -0,6 28 0
1314| -0,9 32 0
1315| -1,2 36 0
1316| -1,5 40 0
1317| -1,8 43,99999 0
1318| -1,8 47,99999 0
1319| -1,8 51,99999 0
1320| -1,8 55,99999 0
1321| -1,8 60 0
1322| -1,8 64 0
1323| -1,8 68 0
1324| -1,8 72 0
1325| -1,8 76,00001 0
1326| -2,1 80,00001 0
1327| -2,4 84,00001 0
1328| -2,7 88,00002 0
1329| -3 92,00002 0
1330| -3,299999 96,00002 0
1331| -3,599999 100 0
1332| -3,899999 104 0
1333| -3,899999 108 0
1334| -3,899999 112 0
1335| -3,899999 116 0
1336| -3,899999 120 0
1337| -4,2 124 0
1338| -4,5 128 0
1339| -4,8 132 0
1340| -5,1 136 0
1341| -5,1 140 0
1342| -5,1 144 0
1343| -5,1 148 0
1344| 0 0 0
1345| 0 0 0
1346| 0 0 0
1347| -0,3 0 0
1348| -0,6 0 0
1349| -0,9 0 0
1350| -1,2 0 0
1351| -1,5 4 0
1352| -1,5 8 0
1353| -1,5 12 0
1354| -1,5 16 0
1355| -1,5 20 0
1356| -1,5 24 0
1357| -1,5 28 0
1358| -1,5 32 0
1359| -1,5 36 0
1360| -1,5 40 0
1361| -1,5 43,99999 0
1362| -1,5 47,99999 0
1363| -1,5 51,99999 0
1364| -1,5 55,99999 0
1365| -1,5 60 0
1366| 0 64 0
1367| 0,3 68 0
1368| 0,6 72 0
1369| 0,9 76,00001 0
1370| 1,2 80,00001 0
1371| 1,2 84,00001 0
1372| 1,2 88,00002 0
1373| 1,2 92,00002 0
1374| 1,2 96,00002 0
1375| 1,2 100 0
1376| 1,2 104 0
1377| 0 108 0
1378| -0,3 112 0
1379| -0,6 116 0
1380| -0,6 120 0
1381| -0,6 124 0
1382| -0,6 128 0
1383| 0 132 0
1384| 0,3 136 0
1385| 0,6 140 0
1386| 0,9 144 0
1387| 0,9 148 0
1388| 0,9 152 0
1389| 0,9 156 0
1390| 0,9 160 0
1391| 0,9 164 0
1392| 0,9 168 0
1393| 0,9 171,9999 0
1394| 0,9 175,9999 0
1395| 0,9 179,9999 0
1396| 0,9 183,9999 0
1397| 0,9 187,9999 0
1398| 0,9 191,9999 0
1399| 0,9 195,9999 0
1400| 0,9 199,9999 0
1401| 0,9 203,9999 0
1402| 0,9 207,9999 0
1403| 0,9 211,9999 0
1404| 0,9 215,9999 0
1405| 0,9 219,9999 0
1406| 0,9 223,9999 0
1407| 0,9 227,9999 0
1408| 0,9 231,9999 0
1409| 0,9 235,9999 0
1410| 0,9 239,9999 0
1411| 0,9 243,9999 0
1412| 0,9 247,9999 0
1413| 0,9 251,9999 0
1414| 0,9 255,9999 0
1415| 0 259,9999 0
1416| -0,3 263,9999 0
1417| -0,6 267,9999 0
1418| -0,6 271,9998 0
1419| -0,6 275,9998 0
1420| -0,6 279,9998 0
1421| -0,6 283,9998 0
1422| -0,6 287,9998 0
1423| -0,6 291,9998 0
1424| -0,6 295,9998 0
1425| -0,9 299,9998 0
1426| -1,2 303,9998 0
1427| -1,2 307,9998 0
1428| -1,2 311,9998 0
1429| -1,2 315,9998 0
1430| -1,2 319,9998 0
1431| -1,2 323,9998 0
1432| -1,2 327,9998 0
1433| -1,2 331,9998 0
1434| -1,2 335,9998 0
1435| -1,2 339,9998 0
1436| -1,2 343,9998 0
1437| -1,2 347,9998 0
1438| -1,2 351,9998 0
1439| -1,2 355,9998 0
1440| -1,2 359,9998 0
1441| -1,5 363,9998 0
1442| -1,8 367,9998 0
1443| -2,1 371,9998 0
1444| -2,1 375,9998 0
1445| -2,1 379,9998 0
1446| -2,1 383,9998 0
1447| -2,1 387,9998 0
1448| -2,1 391,9998 0
1449| -2,1 395,9998 0
1450| -2,1 399,9997 0
1451| -2,1 400 0
1452| -2,1 400 0
1453| -2,1 400 0
1454| -2,1 400 0
1455| -2,1 400 0
1456| -2,1 400 0
1457| -2,1 400 0
1458| -2,1 400 0
1459| -2,1 400 0
1460| -2,1 400 0
1461| -2,1 400 0
1462| -2,1 400 0
1463| -2,1 400 0
1464| -2,1 400 0
1465| -2,1 400 0
1466| -2,1 400 0
1467| -2,1 400 0
1468| -2,1 400 0
1469| -2,1 400 0
1470| -2,1 400 0
1471| -2,1 400 0
1472| -2,1 400 0
1473| -2,1 400 0
1474| -2,1 400 0
1475| 0 400 0
1476| 0,3 400 0
1477| 0,6 400 0
1478| 0,9 400 0
1479| 0,9 400 0
1480| 0,9 400 0
1481| 0,9 400 0
1482| 0,9 400 0
1483| 0,9 400 0
1484| 0,9 400 0
1485| 0,9 400 0
1486| 0,9 400 0
1487| 0,9 400 0
1488| 0,9 400 0
1489| 0,9 400 0
1490| 0,9 400 0
1491| 0,9 400 0
1492| 0,9 400 0
1493| 0,9 400 0
1494| 0,9 400 0
1495| 0,9 400 0
1496| 0,9 400 0
1497| 0,9 400 0
1498| 0,9 400 0
1499| 0,9 400 0
1500| 0,9 400 0
1501| 0,9 400 0
1502| 0,9 400 0
1503| 0,9 400 0
1504| 0 400 0
1505| -0,3 400 0
1506| -0,6 400 0
1507| -0,6 400 0
1508| -0,6 400 0
1509| -0,6 400 0
1510| -0,6 400 0
1511| -0,6 400 0
1512| -0,6 400 0
1513| -0,6 400 0
1514| -0,6 400 0
1515| -0,6 400 0
1516| -0,6 400 0
1517| -0,6 400 0
1518| -0,6 400 0
1519| -0,6 400 0
1520| -0,6 400 0
1521| -0,6 400 0
1522| -0,6 400 0
1523| -0,6 400 0
1524| -0,6 400 0
1525| -0,6 400 0
1526| -0,6 400 0
1527| -0,6 400 0
1528| -0,6 400 0
1529| -0,6 400 0
1530| -0,6 400 0
1531| -0,6 400 0
1532| -0,6 400 0
1533| -0,6 400 0
1534| -0,6 400 0
1535| -0,6 400 0
1536| -0,6 400 0
1537| -0,6 400 0
1538| -0,6 400 0
1539| -0,6 400 0
1540| -0,6 400 0
1541| -0,6 400 0
1542| -0,6 400 0
1543| -0,6 400 0
1544| -0,6 400 0
1545| -0,6 400 0
1546| -0,6 400 0
1547| -0,6 400 0
1548| -0,6 400 0
1549| -0,6 400 0
1550| -0,6 400 0
1551| -0,6 400 0
1552| -0,6 400 0
1553| -0,6 400 0
1554| -0,6 400 0
1555| -0,6 400 0
1556| -0,6 400 0
1557| -0,9 400 0
1558| -1,2 400 0
1559| -1,5 400 0
1560| -1,8 400 0
1561| -2,1 400 0
1562| -2,1 400 0
1563| -2,1 400 0
1564| -2,1 400 0
1565| -2,1 400 0
1566| -2,1 400 0
1567| -2,1 400 0
1568| -2,1 400 0
1569| -2,1 400 0
1570| -2,1 400 0
1571| -2,1 400 0
1572| -2,1 400 0
1573| -2,1 400 0
1574| -2,1 400 0
1575| -2,1 400 0
1576| -2,1 400 0
1577| -2,1 400 0
1578| -2,1 400 0
1579| 0 400 0
1580| 0,3 400 0
1581| 0,6 400 0
1582| 0,9 400 0
1583| 0,9 400 0
1584| 0,9 400 0
1585| 0,9 400 0
1586| 0,9 400 0
1587| 0,9 400 0
1588| 0,9 400 0
1589| 0,9 400 0
1590| 0,9 400 0
1591| 0,9 400 0
1592| 0,9 400 0
1593| 0,9 400 0
1594| 0,9 400 0
1595| 0,9 400 0
1596| 0,9 400 0
1597| 0 400 0
1598| -0,3 400 0
1599| -0,6 400 0
1600| -0,9 400 0
1601| -0,9 400 0
1602| -0,9 400 0
1603| -0,9 400 0
1604| -0,9 400 0
1605| -0,9 400 0
1606| -0,9 400 0
1607| -0,9 400 0
1608| -0,9 400 0
1609| -0,9 400 0
1610| -0,9 400 0
1611| -0,9 400 0
1612| -0,9 400 0
1613| -0,9 400 0
1614| -0,9 400 0
1615| -0,9 400 0
1616| -0,9 400 0
1617| -0,9 400 0
1618| -0,9 400 0
1619| -0,9 400 0
1620| -0,9 400 0
1621| -0,9 400 0
1622| -0,9 400 0
1623| -0,9 400 0
1624| -0,9 400 0
1625| -0,9 400 0
1626| -0,9 400 0
1627| -0,9 400 0
1628| -0,9 400 0
1629| -0,9 400 0
1630| -0,9 400 0
1631| -0,9 400 0
1632| -0,9 400 0
1633| -0,9 400 0
1634| -0,9 400 0
1635| -0,9 400 0
1636| -0,9 400 0
1637| -0,9 400 0
1638| -0,9 400 0
1639| -0,9 400 0
1640| -0,9 400 0
1641| -0,9 400 0
1642| -0,9 400 0
1643| -0,9 400 0
1644| -0,9 400 0
1645| -0,9 400 0
1646| 0 400 0
1647| 0,3 400 0
1648| 0,3 400 0
1649| 0,3 400 0
1650| 0,3 400 0
1651| 0,3 400 0
1652| 0,3 400 0
1653| 0,3 400 0
1654| 0,3 400 0
1655| 0,3 400 0
1656| 0,3 400 0
1657| 0,3 400 0
1658| 0,6 400 0
1659| 0,9 400 0
1660| 1,2 400 0
1661| 1,2 400 0
1662| 1,2 400 0
1663| 1,2 400 0
1664| 1,2 400 0
1665| 1,2 400 0
1666| 1,2 400 0
1667| 1,2 400 0
1668| 1,2 400 0
1669| 1,2 400 0
1670| 1,2 400 0
1671| 1,2 400 0
1672| 1,2 400 0
1673| 1,2 400 0
1674| 1,2 400 0
1675| 1,2 400 0
1676| 1,2 400 0
1677| 1,2 400 0
1678| 1,2 400 0
1679| 1,2 400 0
1680| 1,2 400 0
1681| 1,2 400 0
1682| 1,2 400 0
1683| 1,2 400 0
1684| 1,2 400 0
1685| 1,2 400 0
1686| 0 400 0
1687| 0 400 0
1688| 0 400 0
1689| 0 400 0
1690| 0 400 0
1691| 0 400 0
1692| 0 400 0
1693| 0 400 0
1694| 0 400 0
1695| 0 400 0
1696| 0 400 0
1697| 0 400 0
1698| 0 400 0
1699| 0 400 0
1700| 0 400 0
1701| -0,3 400 0
1702| -0,6 400 0
1703| -0,6 400 0
1704| -0,6 400 0
1705| -0,6 400 0
1706| -0,6 400 0
1707| -0,6 400 0
1708| -0,6 400 0
1709| -0,6 400 0
1710| -0,6 400 0
1711| -0,6 400 0
1712| -0,6 400 0
1713| -0,6 400 0
1714| -0,9 400 0
1715| -1,2 400 0
1716| -1,5 400 0
1717| -1,8 400 0
1718| -1,8 400 0
1719| -1,8 400 0
1720| -1,8 400 0
1721| -1,8 400 0
1722| -1,8 400 0
1723| -1,8 400 0
1724| -1,8 400 0
1725| -1,8 400 0
1726| -1,8 400 0
1727| -1,8 400 0
1728| -1,8 400 0
1729| 0 400 0
1730| 0,3 400 0
1731| 0,3 400 0
1732| 0,3 400 0
1733| 0,3 400 0
1734| 0,3 400 0
1735| 0,3 400 0
1736| 0,3 400 0
1737| 0 400 0
1738| -0,3 400 0
1739| -0,3 400 0
1740| -0,3 400 0
1741| -0,3 400 0
1742| -0,3 400 0
1743| -0,3 400 0
1744| -0,3 400 0
1745| -0,3 400 0
1746| -0,3 400 0
1747| -0,6 400 0
1748| -0,9 400 0
1749| -1,2 400 0
1750| -1,5 400 0
1751| -1,8 400 0
1752| -1,8 400 0
1753| -1,8 400 0
1754| -1,8 400 0
1755| -2,1 400 0
1756| -2,4 400 0
1757| -2,4 400 0
1758| -2,4 400 0
1759| -2,4 400 0
1760| -2,4 400 0
1761| -2,4 400 0
1762| -2,4 400 0
1763| -2,4 400 0
1764| -2,4 400 0
1765| -2,4 400 0
1766| -2,4 400 0
1767| -2,7 400 0
1768| -3 400 0
1769| -3,299999 400 0
1770| -3,299999 400 0
1771| -3,299999 400 0
1772| -3,299999 400 0
1773| -3,299999 400 0
1774| -3,299999 400 0
1775| -3,299999 400 0
1776| -3,299999 400 0
1777| -3,299999 400 0
1778| -3,299999 400 0
1779| -3,299999 400 0
1780| -3,299999 400 0
1781| -3,299999 400 0
1782| -3,299999 400 0
1783| -3,299999 400 0
1784| -3,299999 400 0
1785| -3,299999 400 0
1786| -3,299999 400 0
1787| 0 400 0
1788| 0,3 400 0
1789| 0,6 400 0
1790| 0,9 400 0
1791| 1,2 400 0
1792| 1,5 400 0
1793| 1,5 400 0
1794| 1,5 400 0
1795| 1,5 400 0
1796| 1,5 400 0
1797| 1,5 400 0
1798| 1,5 400 0
1799| 1,5 400 0
1800| 1,5 400 0
1801| 1,5 400 0
1802| 1,8 400 0
1803| 2,1 400 0
1804| 2,4 400 0
1805| 2,7 400 0
1806| 2,7 400 0
1807| 2,7 400 0
1808| 2,7 400 0
1809| 2,7 400 0
1810| 3 400 0
1811| 3,299999 400 0
1812| 3,299999 400 0
1813| 3,299999 400 0
1814| 3,299999 400 0
1815| 3,299999 400 0
1816| 3,599999 400 0
1817| 3,899999 400 0
1818| 4,2 400 0
1819| 4,5 400 0
1820| 4,5 400 0
1821| 4,5 400 0
1822| 4,5 400 0
1823| 4,5 400 0
1824| 4,5 400 0
1825| 4,5 400 0
1826| 4,5 400 0
1827| 4,5 400 0
1828| 4,5 400 0
1829| 4,5 400 0
1830| 4,5 400 0
1831| 4,5 400 0
1832| 4,5 400 0
1833| 4,5 400 0
1834| 0 400 0
1835| -0,3 400 0
1836| -0,6 400 0
1837| -0,9 400 0
1838| -1,2 400 0
1839| -1,2 400 0
1840| -1,2 400 0
1841| -1,2 400 0
1842| -1,2 400 0
1843| -1,5 400 0
1844| -1,8 400 0
1845| -2,1 400 0
1846| -2,4 400 0
1847| -2,7 400 0
1848| -2,7 400 0
1849| -2,7 400 0
1850| -2,7 400 0
1851| -2,7 400 0
1852| -2,7 400 0
1853| -2,7 400 0
1854| 0 400 0
1855| 0,3 400 0
1856| 0,3 400 0
1857| 0,3 400 0
1858| 0,3 400 0
1859| 0,3 400 0
1860| 0,3 400 0
1861| 0,3 400 0
1862| 0 400 0
1863| -0,3 400 0
1864| -0,6 400 0
1865| -0,9 400 0
1866| -0,9 400 0
1867| -0,9 400 0
1868| -0,9 400 0
1869| -0,9 400 0
1870| -0,9 400 0
1871| -0,9 400 0
1872| -0,9 400 0
1873| -0,9 400 0
1874| -0,9 400 0
1875| -0,9 400 0
1876| -0,9 400 0
1877| -0,9 400 0
1878| -0,9 400 0
1879| -0,9 400 0
1880| -0,9 400 0
1881| -0,9 400 0
1882| -0,9 400 0
1883| -0,9 400 0
1884| -0,9 400 0
1885| -0,9 400 0
1886| -0,9 400 0
1887| 0 400 0
1888| 0,3 400 0
1889| 0,6 400 0
1890| 0,9 400 0
1891| 1,2 400 0
1892| 1,5 400 0
1893| 1,8 400 0
1894| 2,1 400 0
1895| 2,4 400 0
1896| 2,7 400 0
1897| 3 400 0
1898| 3 400 0
1899| 3 400 0
1900| 3 400 0
1901| 3 400 0
1902| 3,299999 400 0
1903| 3,599999 400 0
1904| 3,899999 400 0
1905| 4,2 400 0
1906| 4,5 400 0
1907| 4,8 400 0
1908| 5,1 400 0
1909| 5,4 400 0
1910| 5,7 400 0
1911| 6 400 0
1912| 0 0 0
1913| 0 0 0
1914| 0 0 0
1915| 0 0 0
1916| 0 0 0
1917| 0 0 0
1918| 0 0 0
1919| 0,3 0 0
1920| 0,6 4 0
1921| 0,9 8 0
1922| 1,2 8 0
1923| 1,5 8 0
1924| 1,8 8 0
1925| 2,1 8 0
1926| 2,4 8 0
1927| 2,7 8 0
1928| 3 12 0
1929| 3,299999 16 0
1930| 3,599999 20 0
1931| 3,899999 24 0
1932| 3,899999 28 0
1933| 3,899999 32 0
1934| 4,2 36 0
1935| 4,5 40 0
1936| 4,8 43,99999 0
1937| 5,1 43,99999 0
1938| 5,4 43,99999 0
1939| 5,7 43,99999 0
1940| 6 47,99999 0
1941| 6,300001 51,99999 0
1942| 6,600001 55,99999 0
1943| 6,900001 60 0
1944| 7,200001 60 0
1945| 7,500001 60 0
1946| 7,800001 60 0
1947| 8,1 60 0
1948| 8,4 60 0
1949| 8,7 60 0
1950| 8,7 64 0
1951| 8,7 68 0
1952| 8,7 72 0
1953| 8,7 76,00001 0
1954| 8,7 80,00001 0
1955| 8,7 84,00001 0
1956| 8,999999 84,00001 0
1957| 0 0 0
1958| 0 0 0
1959| 0 4 0
1960| 0 8 0
1961| 0 12 0
1962| 0 16 0
1963| 0 20 0
1964| -0,3 24 0
1965| -0,6 28 0
1966| -0,9 32 0
1967| -0,9 36 0
1968| -0,9 40 0
1969| -0,9 43,99999 0
1970| -0,9 47,99999 0
1971| -0,9 51,99999 0
1972| -0,9 55,99999 0
1973| -0,9 60 0
1974| -0,9 64 0
1975| -0,9 68 0
1976| -0,9 72 0
1977| -0,9 76,00001 0
1978| -0,9 80,00001 0
1979| -1,2 84,00001 0
1980| -1,5 88,00002 0
1981| -1,8 92,00002 0
1982| -1,8 96,00002 0
1983| -1,8 100 0
1984| 0 0 0
1985| 0 0 0
1986| 0 0 0
1987| 0 0 0
1988| 0 0 0
1989| 0 0 0
1990| -0,3 0 0
1991| -0,6 0 0
1992| -0,9 0 0
1993| -1,2 0 0
1994| -1,2 4 0
1995| -1,2 8 0
1996| -1,2 12 0
1997| -1,2 16 0
1998| -1,2 20 0
1999| -1,5 24 0
2000| -1,8 28 0
2001| -1,8 32 0
2002| -2,1 36 0
2003| -2,4 40 0
2004| -2,7 43,99999 0
2005| -3 47,99999 0
2006| -3 51,99999 0
2007| -3 55,99999 0
2008| -3 60 0
2009| -3 64 0
2010| -3 68 0
2011| -3 72 0
2012| -3 76,00001 0
2013| -3 80,00001 0
2014| -3 84,00001 0
2015| -3 88,00002 0
2016| -3 92,00002 0
2017| -3 96,00002 0
2018| -3 100 0
2019| -3 104 0
2020| -3 108 0
2021| -3 112 0
2022| -3 116 0
2023| -3 120 0
2024| -3 124 0
2025| -3 128 0
2026| -3 132 0
2027| -3 136 0
2028| -3 140 0
2029| 0 144 0
2030| 0,3 148 0
2031| 0,6 152 0
2032| 0,9 156 0
2033| 1,2 160 0
2034| 1,5 164 0
2035| 1,8 168 0
2036| 2,1 171,9999 0
2037| 2,4 175,9999 0
2038| 2,7 179,9999 0
2039| 3 183,9999 0
2040| 3 187,9999 0
2041| 3 191,9999 0
2042| 3 195,9999 0
2043| 3 199,9999 0
2044| 3 203,9999 0
2045| 3 207,9999 0
2046| 3 211,9999 0
2047| 3 215,9999 0
2048| 3 219,9999 0
2049| 3 223,9999 0
2050| 3 227,9999 0
2051| 3 231,9999 0
2052| 3 235,9999 0
2053| 3 239,9999 0
2054| 3 243,9999 0
2055| 3 247,9999 0
2056| 3 251,9999 0
2057| 3 255,9999 0
2058| 3 259,9999 0
2059| 3 263,9999 0
2060| 3 267,9999 0
2061| 3 271,9998 0
2062| 3 275,9998 0
2063| 3 279,9998 0
2064| 3 283,9998 0
2065| 0 287,9998 0
2066| -0,3 291,9998 0
2067| -0,6 295,9998 0
2068| -0,9 299,9998 0
2069| -1,2 303,9998 0
2070| -1,5 307,9998 0
2071| -1,8 311,9998 0
2072| -1,8 315,9998 0
2073| -1,8 319,9998 0
2074| -1,8 323,9998 0
2075| -1,8 327,9998 0
2076| -1,8 331,9998 0
2077| -1,8 335,9998 0
2078| -1,8 339,9998 0
2079| -1,8 343,9998 0
2080| -1,8 347,9998 0
2081| -2,1 351,9998 0
2082| -2,4 355,9998 0
2083| -2,7 359,9998 0
2084| -3 363,9998 0
2085| -3,299999 367,9998 0
2086| -3,599999 371,9998 0
2087| -3,599999 375,9998 0
2088| -3,599999 379,9998 0
2089| -3,599999 383,9998 0
2090| -3,599999 387,9998 0
2091| -3,599999 391,9998 0
2092| -3,599999 395,9998 0
2093| -3,599999 399,9997 0
2094| -3,899999 400 0
2095| -4,2 400 0
2096| -4,5 400 0
2097| -4,5 400 0
2098| -4,5 400 0
2099| -4,5 400 0
2100| -4,5 400 0
2101| -4,5 400 0
2102| -4,5 400 0
2103| -4,5 400 0
2104| -4,5 400 0
2105| -4,5 400 0
2106| -4,5 400 0
2107| -4,5 400 0
2108| -4,5 400 0
2109| 0 400 0
2110| 0,3 400 0
2111| 0,6 400 0
2112| 0,9 400 0
2113| 1,2 400 0
2114| 1,5 400 0
2115| 1,8 400 0
2116| 2,1 400 0
2117| 2,4 400 0
2118| 2,4 400 0
2119| 2,4 400 0
2120| 2,4 400 0
2121| 2,4 400 0
2122| 2,4 400 0
2123| 2,4 400 0
2124| 2,4 400 0
2125| 2,4 400 0
2126| 2,4 400 0
2127| 2,7 400 0
2128| 3 400 0
2129| 3,299999 400 0
2130| 3,599999 400 0
2131| 3,599999 400 0
2132| 3,599999 400 0
2133| 3,599999 400 0
2134| 3,599999 400 0
2135| 3,599999 400 0
2136| 3,599999 400 0
2137| 3,599999 400 0
2138| 3,599999 400 0
2139| 3,599999 400 0
2140| 3,599999 400 0
2141| 3,599999 400 0
2142| 3,599999 400 0
2143| 3,599999 400 0
2144| 3,599999 400 0
2145| 3,599999 400 0
2146| 3,599999 400 0
2147| 3,599999 400 0
2148| 3,599999 400 0
2149| 0 400 0
2150| -0,3 400 0
2151| -0,6 400 0
2152| -0,9 400 0
2153| -1,2 400 0
2154| -1,2 400 0
2155| -1,2 400 0
2156| -1,2 400 0
2157| -1,2 400 0
2158| -1,2 400 0
2159| -1,2 400 0
2160| -1,2 400 0
2161| -1,2 400 0
2162| -1,5 400 0
2163| -1,8 400 0
2164| -2,1 400 0
2165| -2,1 400 0
2166| -2,1 400 0
2167| -2,1 400 0
2168| -2,1 400 0
2169| -2,1 400 0
2170| -2,1 400 0
2171| -2,1 400 0
2172| -2,1 400 0
2173| -2,1 400 0
2174| -2,1 400 0
2175| -2,1 400 0
2176| -2,1 400 0
2177| -2,1 400 0
2178| -2,1 400 0
2179| -2,1 400 0
2180| -2,1 400 0
2181| 0 400 0
2182| 0,3 400 0
2183| 0,6 400 0
2184| 0,9 400 0
2185| 1,2 400 0
2186| 1,5 400 0
2187| 1,5 400 0
2188| 1,5 400 0
2189| 1,5 400 0
2190| 1,5 400 0
2191| 1,5 400 0
2192| 1,8 400 0
2193| 2,1 400 0
2194| 2,1 400 0
2195| 2,1 400 0
2196| 2,1 400 0
2197| 2,1 400 0
2198| 2,1 400 0
2199| 2,1 400 0
2200| 2,1 400 0
2201| 2,1 400 0
2202| 2,1 400 0
2203| 2,1 400 0
2204| 2,1 400 0
2205| 2,1 400 0
2206| 2,1 400 0
2207| 2,1 400 0
2208| 2,1 400 0
2209| 2,1 400 0
2210| 2,1 400 0
2211| 0 400 0
2212| -0,3 400 0
2213| -0,6 400 0
2214| -0,6 400 0
2215| -0,6 400 0
2216| -0,6 400 0
2217| -0,9 400 0
2218| -1,2 400 0
2219| -1,5 400 0
2220| -1,5 400 0
2221| -1,5 400 0
2222| 0 0 0
2223| 0 0 0
2224| 0 0 0
2225| 0 0 0
2226| 0 0 0
2227| -0,3 0 0
2228| -0,6 0 0
2229| -0,6 0 0
2230| -0,6 4 0
2231| -0,6 8 0
2232| 0 0 0
2233| 0 0 0
2234| 0 0 0
2235| -0,3 0 0
2236| -0,6 0 0
2237| -0,9 4 0
2238| -1,2 8 0
2239| -1,5 12 0
2240| -1,8 16 0
2241| -2,1 16 0
2242| 0 0 0
2243| 0 0 0
2244| 0 0 0
2245| 0 0 0
2246| 0 0 0
2247| -0,3 0 0
2248| -0,6 0 0
2249| -0,9 0 0
2250| -1,2 0 0
2251| -1,5 0 0
2252| 0 0 0
2253| 0 0 0
2254| 0 0 0
2255| 0 4 0
2256| 0 8 0
2257| 0 12 0
2258| 0 0 0
2259| 0 0 0
2260| 0 0 0
2261| 0 0 0
2262| -0,3 0 0
2263| -0,6 0 0
2264| -0,9 0 0
2265| -1,2 0 0
2266| -1,5 0 0
2267| -1,8 0 0
2268| -2,1 0 0
2269| -2,4 0 0
2270| -2,7 0 0
2271| -3 0 0
2272| -3,299999 0 0
2273| -3,599999 0 0
2274| -3,899999 0 0
2275| -4,2 0 0
2276| -4,5 0 0
2277| -4,8 0 0
2278| -5,1 0 0
2279| -5,4 0 0
2280| -5,7 4 0
2281| -6 8 0
2282| -6,300001 12 0
2283| -6,600001 16 0
2284| -6,600001 20 0
2285| -6,600001 24 0
2286| -6,600001 28 0
2287| -6,600001 32 0
2288| -6,900001 36 0
2289| -7,200001 40 0
2290| -7,200001 43,99999 0
2291| -7,200001 47,99999 0
2292| -7,500001 51,99999 0
2293| -7,800001 55,99999 0
2294| -8,1 60 0
2295| -8,4 64 0
2296| -8,4 68 0
2297| -8,4 72 0
2298| -8,4 76,00001 0
2299| -8,4 80,00001 0
2300| -8,4 84,00001 0
2301| -8,4 88,00002 0
2302| -8,4 92,00002 0
2303| -8,4 96,00002 0
2304| -8,4 100 0
2305| -8,4 104 0
2306| -8,4 108 0
2307| 0 112 0
2308| 0,3 116 0
2309| 0,6 120 0
2310| 0,9 124 0
2311| 1,2 128 0
2312| 1,2 132 0
2313| 1,2 136 0
2314| 1,5 140 0
2315| 1,8 144 0
2316| 2,1 148 0
2317| 2,4 152 0
2318| 2,7 156 0
2319| 2,7 160 0
2320| 2,7 164 0
2321| 2,7 168 0
2322| 2,7 171,9999 0
2323| 2,7 175,9999 0
2324| 2,7 179,9999 0
2325| 2,7 183,9999 0
2326| 2,7 187,9999 0
2327| 2,7 191,9999 0
2328| 2,7 195,9999 0
2329| 2,7 199,9999 0
2330| 2,7 203,9999 0
2331| 2,7 207,9999 0
2332| 2,7 211,9999 0
2333| 2,7 215,9999 0
2334| 2,7 219,9999 0
2335| 2,7 223,9999 0
2336| 2,7 227,9999 0
2337| 2,7 231,9999 0
2338| 2,7 235,9999 0
2339| 2,7 239,9999 0
2340| 2,7 243,9999 0
2341| 2,7 247,9999 0
2342| 2,7 251,9999 0
2343| 2,7 255,9999 0
2344| 2,7 259,9999 0
2345| 0 263,9999 0
2346| -0,3 267,9999 0
2347| -0,6 271,9998 0
2348| -0,6 275,9998 0
2349| -0,6 279,9998 0
2350| -0,6 283,9998 0
2351| -0,6 287,9998 0
2352| -0,9 291,9998 0
2353| -1,2 295,9998 0
2354| -1,5 299,9998 0
2355| -1,8 303,9998 0
2356| -1,8 307,9998 0
2357| -1,8 311,9998 0
2358| -1,8 315,9998 0
2359| -2,1 319,9998 0
2360| -2,4 323,9998 0
2361| -2,7 327,9998 0
2362| -3 331,9998 0
2363| -3 335,9998 0
2364| -3 339,9998 0
2365| -3 343,9998 0
2366| -3 347,9998 0
2367| -3,299999 351,9998 0
2368| -3,599999 355,9998 0
2369| -3,899999 359,9998 0
2370| -4,2 363,9998 0
2371| -4,5 367,9998 0
2372| -4,8 371,9998 0
2373| -5,1 375,9998 0
2374| -5,4 379,9998 0
2375| -5,4 383,9998 0
2376| -5,4 387,9998 0
2377| -5,4 391,9998 0
2378| -5,4 395,9998 0
2379| -5,4 399,9997 0
2380| -5,4 400 0
2381| -5,4 400 0
2382| -5,4 400 0
2383| -5,4 400 0
2384| -5,4 400 0
2385| -5,4 400 0
2386| -5,4 400 0
2387| -5,4 400 0
2388| -5,4 400 0
2389| -5,4 400 0
2390| -5,4 400 0
2391| -5,4 400 0
2392| 0 400 0
2393| 0,3 400 0
2394| 0,6 400 0
2395| 0,6 400 0
2396| 0,6 400 0
2397| 0,6 400 0
2398| 0,9 400 0
2399| 1,2 400 0
2400| 1,5 400 0
2401| 1,8 400 0
2402| 1,8 400 0
2403| 1,8 400 0
2404| 1,8 400 0
2405| 2,1 400 0
2406| 2,4 400 0
2407| 2,4 400 0
2408| 2,4 400 0
2409| 2,4 400 0
2410| 2,4 400 0
2411| 2,4 400 0
2412| 2,4 400 0
2413| 2,4 400 0
2414| 2,4 400 0
2415| 2,4 400 0
2416| 2,4 400 0
2417| 2,4 400 0
2418| 2,4 400 0
2419| 2,4 400 0
2420| 2,4 400 0
2421| 2,4 400 0
2422| 2,7 400 0
2423| 3 400 0
2424| 3,299999 400 0
2425| 3,599999 400 0
2426| 3,899999 400 0
2427| 3,899999 400 0
2428| 3,899999 400 0
2429| 3,899999 400 0
2430| 3,899999 400 0
2431| 3,899999 400 0
2432| 3,899999 400 0
2433| 3,899999 400 0
2434| 3,899999 400 0
2435| 3,899999 400 0
2436| 3,899999 400 0
2437| 3,899999 400 0
2438| 3,899999 400 0
2439| 3,899999 400 0
2440| 3,899999 400 0
2441| 0 400 0
2442| -0,3 400 0
2443| -0,6 400 0
2444| -0,6 400 0
2445| -0,6 400 0
2446| -0,9 400 0
2447| -1,2 400 0
2448| -1,5 400 0
2449| -1,8 400 0
2450| -1,8 400 0
2451| -1,8 400 0
2452| -2,1 400 0
2453| -2,4 400 0
2454| -2,7 400 0
2455| -3 400 0
2456| -3,299999 400 0
2457| 0 0 0
2458| 0 0 0
2459| 0 0 0
2460| -0,3 0 0
2461| -0,6 0 0
2462| -0,6 0 0
2463| -0,6 4 0
2464| -0,6 8 0
2465| -0,6 12 0
2466| -0,6 16 0
2467| -0,6 20 0
2468| -0,6 24 0
2469| -0,6 28 0
2470| -0,6 32 0
2471| -0,6 36 0
2472| -0,9 40 0
2473| -1,2 43,99999 0
2474| -1,5 47,99999 0
2475| -1,8 51,99999 0
2476| -1,8 55,99999 0
2477| -1,8 60 0
2478| -1,8 64 0
2479| -1,8 68 0
2480| -1,8 72 0
2481| -1,8 76,00001 0
2482| -1,8 80,00001 0
2483| -1,8 84,00001 0
2484| -1,8 88,00002 0
2485| -1,8 92,00002 0
2486| -1,8 96,00002 0
2487| -1,8 100 0
2488| -1,8 104 0
2489| -1,8 108 0
2490| -1,8 112 0
2491| -1,8 116 0
2492| -1,8 120 0
2493| -1,8 124 0
2494| -1,8 128 0
2495| -1,8 132 0
2496| -2,1 136 0
2497| -2,4 140 0
2498| -2,7 144 0
2499| -3 148 0
2500| -3 152 0
2501| -3 156 0
2502| -3 160 0
2503| -3 164 0
2504| -3 168 0
2505| -3 171,9999 0
2506| -3 175,9999 0
2507| -3 179,9999 0
2508| -3 183,9999 0
2509| -3 187,9999 0
2510| -3 191,9999 0
2511| -3 195,9999 0
2512| -3 199,9999 0
2513| -3 203,9999 0
2514| -3 207,9999 0
2515| -3 211,9999 0
2516| -3 215,9999 0
2517| -3 219,9999 0
2518| -3 223,9999 0
2519| -3 227,9999 0
2520| -3 231,9999 0
2521| -3 235,9999 0
2522| 0 239,9999 0
2523| 0,3 243,9999 0
2524| 0,6 247,9999 0
2525| 0,6 251,9999 0
2526| 0,6 255,9999 0
2527| 0,6 259,9999 0
2528| 0,6 263,9999 0
2529| 0,6 267,9999 0
2530| 0,6 271,9998 0
2531| 0,6 275,9998 0
2532| 0,6 279,9998 0
2533| 0,6 283,9998 0
2534| 0,6 287,9998 0
2535| 0,6 291,9998 0
2536| 0,6 295,9998 0
2537| 0,6 299,9998 0
2538| 0,6 303,9998 0
2539| 0,6 307,9998 0
2540| 0,6 311,9998 0
2541| 0,6 315,9998 0
2542| 0,6 319,9998 0
2543| 0,6 323,9998 0
2544| 0,6 327,9998 0
2545| 0,6 331,9998 0
2546| 0,6 335,9998 0
2547| 0,6 339,9998 0
2548| 0,6 343,9998 0
2549| 0,6 347,9998 0
2550| 0,6 351,9998 0
2551| 0,6 355,9998 0
2552| 0,6 359,9998 0
2553| 0,6 363,9998 0
2554| 0,6 367,9998 0
2555| 0,6 371,9998 0
2556| 0,6 375,9998 0
2557| 0,6 379,9998 0
2558| 0,6 383,9998 0
2559| 0,6 387,9998 0
2560| 0,6 391,9998 0
2561| 0,6 395,9998 0
2562| 0 399,9997 0
2563| -0,3 400 0
2564| -0,6 400 0
2565| -0,9 400 0
2566| -1,2 400 0
2567| -1,2 400 0
2568| -1,2 400 0
2569| -1,2 400 0
2570| -1,2 400 0
2571| -1,5 400 0
2572| -1,8 400 0
2573| -2,1 400 0
2574| -2,4 400 0
2575| -2,7 400 0
2576| -3 400 0
2577| -3,299999 400 0
2578| -3,599999 400 0
2579| -3,899999 400 0
2580| -4,2 400 0
2581| -4,5 400 0
2582| -4,5 400 0
2583| -4,5 400 0
2584| -4,5 400 0
2585| -4,5 400 0
2586| -4,5 400 0
2587| -4,5 400 0
2588| -4,5 400 0
2589| -4,5 400 0
2590| -4,8 400 0
2591| -5,1 400 0
2592| -5,4 400 0
2593| -5,7 400 0
2594| -5,7 400 0
2595| -5,7 400 0
2596| -5,7 400 0
2597| -6 400 0
2598| -6,300001 400 0
2599| -6,600001 400 0
2600| -6,900001 400 0
2601| -7,200001 400 0
2602| -7,500001 400 0
2603| -7,800001 400 0
2604| -8,1 400 0
2605| -8,4 400 0
2606| -8,7 400 0
2607| -8,7 400 0
2608| -8,7 400 0
2609| -8,7 400 0
2610| -8,7 400 0
2611| -8,7 400 0
2612| -8,7 400 0
2613| -8,7 400 0
2614| -8,7 400 0
2615| -8,7 400 0
2616| -8,7 400 0
2617| -8,7 400 0
2618| -8,7 400 0
2619| 0 400 0
2620| 0,3 400 0
2621| 0,6 400 0
2622| 0,9 400 0
2623| 1,2 400 0
2624| 1,5 400 0
2625| 1,8 400 0
2626| 2,1 400 0
2627| 2,4 400 0
2628| 2,7 400 0
2629| 3 400 0
2630| 3,299999 400 0
2631| 3,599999 400 0
2632| 3,599999 400 0
2633| 3,599999 400 0
2634| 3,599999 400 0
2635| 3,599999 400 0
2636| 3,599999 400 0
2637| 0 0 0
2638| 0 0 0
2639| 0 0 0
2640| 0 0 0
2641| 0 0 0
2642| 0 0 0
2643| 0 0 0
2644| 0 0 0
2645| 0 0 0
2646| 0 0 0
2647| 0 0 0
2648| 0 0 0
2649| 0 0 0
2650| 0 0 0
2651| 0 0 0
2652| 0 0 0
2653| 0 4 0
2654| 0 8 0
2655| 0 12 0
2656| 0 16 0
2657| 0 20 0
2658| 0 24 0
2659| 0 28 0
2660| 0 32 0
2661| 0 36 0
2662| 0 40 0
2663| -0,3 43,99999 0
2664| -0,6 47,99999 0
2665| -0,6 51,99999 0
2666| -0,6 55,99999 0
2667| -0,9 60 0
2668| -1,2 64 0
2669| -1,5 68 0
2670| -1,5 72 0
2671| -1,5 76,00001 0
2672| -1,5 80,00001 0
2673| -1,8 84,00001 0
2674| -2,1 88,00002 0
2675| -2,4 92,00002 0
2676| -2,7 96,00002 0
2677| -2,7 100 0
2678| -2,7 104 0
2679| -3 108 0
2680| -3,299999 112 0
2681| -3,599999 116 0
2682| -3,899999 120 0
2683| -4,2 124 0
2684| -4,5 128 0
2685| -4,8 132 0
2686| -5,1 136 0
2687| -5,1 140 0
2688| -5,1 144 0
2689| -5,1 148 0
2690| -5,1 152 0
2691| 0 0 0
2692| -0,3 0 0
2693| -0,6 0 0
2694| -0,9 0 0
2695| 0 0 0
2696| 0 0 0
2697| -0,3 0 0
2698| -0,6 0 0
2699| -0,9 0 0
2700| -0,9 4 0
2701| -0,9 8 0
2702| 0 0 0
2703| -0,3 0 0
2704| -0,6 0 0
2705| -0,9 0 0
2706| -1,2 0 0
2707| -1,5 0 0
2708| 0 0 0
2709| 0 0 0
2710| 0 0 0
2711| 0 0 0
2712| 0 0 0
2713| 0 0 0
2714| 0 0 0
2715| 0 0 0
2716| -0,3 0 0
2717| -0,6 0 0
2718| -0,9 0 0
2719| -1,2 0 0
2720| -1,5 0 0
2721| -1,8 0 0
2722| -2,1 0 0
2723| -2,4 0 0
2724| -2,7 0 0
2725| -3 0 0
2726| -3,299999 0 0
2727| -3,599999 0 0
2728| -3,899999 0 0
2729| -4,2 0 0
2730| -4,5 0 0
2731| -4,8 0 0
2732| -5,1 0 0
2733| -5,4 0 0
2734| -5,7 0 0
2735| -6 0 0
2736| -6,300001 0 0
2737| -6,600001 0 0
2738| -6,900001 0 0
2739| -7,200001 0 0
2740| -7,500001 0 0
2741| -7,800001 0 0
2742| -8,1 0 0
2743| -8,4 0 0
2744| -8,7 0 0
2745| -8,999999 0 0
2746| -8,999999 4 0
2747| -9,299999 8 0
2748| -9,599998 12 0
2749| -9,899999 16 0
2750| -10,2 20 0
2751| -10,5 20 0
2752| 0 0 0
2753| 0 0 0
2754| 0 0 0
2755| 0 0 0
2756| 0 0 0
2757| 0 0 0
2758| 0 0 0
2759| 0 0 0
2760| 0 0 0
2761| 0 0 0
2762| 0 0 0
2763| 0 0 0
2764| 0 0 0
2765| 0 4 0
2766| 0 8 0
2767| 0 12 0
2768| 0 16 0
2769| 0 20 0
2770| 0 24 0
2771| 0 28 0
2772| 0 32 0
2773| 0 36 0
2774| 0 40 0
2775| 0 43,99999 0
2776| 0 47,99999 0
2777| 0 51,99999 0
2778| 0 55,99999 0
2779| 0 60 0
2780| 0 64 0
2781| 0 68 0
2782| 0 72 0
2783| 0 76,00001 0
2784| 0 80,00001 0
2785| -0,3 84,00001 0
2786| -0,6 88,00002 0
2787| -0,9 92,00002 0
2788| -1,2 96,00002 0
2789| -1,5 100 0
2790| -1,8 104 0
2791| -2,1 108 0
2792| -2,1 112 0
2793| -2,1 116 0
2794| -2,1 120 0
2795| -2,1 124 0
2796| -2,1 128 0
2797| -2,1 132 0
2798| -2,4 136 0
2799| -2,7 140 0
2800| -3 144 0
2801| -3,299999 148 0
2802| -3,299999 152 0
2803| -3,299999 156 0
2804| -3,299999 160 0
2805| -3,299999 164 0
2806| -3,299999 168 0
2807| -3,299999 171,9999 0
2808| -3,299999 175,9999 0
2809| -3,299999 179,9999 0
2810| -3,299999 183,9999 0
2811| -3,299999 187,9999 0
2812| -3,299999 191,9999 0
2813| -3,299999 195,9999 0
2814| -3,299999 199,9999 0
2815| -3,299999 203,9999 0
2816| -3,299999 207,9999 0
2817| -3,299999 211,9999 0
2818| -3,299999 215,9999 0
2819| 0 219,9999 0
2820| 0,3 223,9999 0
2821| 0,6 227,9999 0
2822| 0,9 231,9999 0
2823| 0,9 235,9999 0
2824| 0,9 239,9999 0
2825| 0,9 243,9999 0
2826| 0,9 247,9999 0
2827| 0,9 251,9999 0
2828| 1,2 255,9999 0
2829| 1,5 259,9999 0
2830| 1,5 263,9999 0
2831| 1,5 267,9999 0
2832| 1,5 271,9998 0
2833| 1,5 275,9998 0
2834| 1,5 279,9998 0
2835| 1,5 283,9998 0
2836| 1,5 287,9998 0
2837| 1,5 291,9998 0
2838| 1,5 295,9998 0
2839| 0 0 0
2840| 0 0 0
2841| 0 0 0
2842| 0 0 0
2843| 0 0 0
2844| 0 0 0
2845| 0 0 0
2846| 0 0 0
2847| 0 0 0
2848| 0 0 0
2849| 0 0 0
2850| 0 0 0
2851| 0 0 0
2852| -0,3 0 0
2853| -0,3 4 0
2854| -0,3 8 0
2855| -0,3 12 0
2856| -0,3 16 0
2857| -0,6 20 0
2858| -0,9 24 0
2859| -0,9 28 0
2860| -0,9 32 0
2861| -0,9 36 0
2862| -1,2 40 0
2863| -1,5 43,99999 0
2864| -1,8 47,99999 0
2865| -2,1 51,99999 0
2866| -2,4 55,99999 0
2867| -2,7 60 0
2868| -2,7 64 0
2869| -2,7 68 0
2870| -2,7 72 0
2871| -2,7 76,00001 0
2872| -3 80,00001 0
2873| -3,299999 84,00001 0
2874| -3,599999 88,00002 0
2875| -3,899999 92,00002 0
2876| -4,2 96,00002 0
2877| -4,5 100 0
2878| -4,5 104 0
2879| -4,5 108 0
2880| -4,5 112 0
2881| -4,5 116 0
2882| 0 0 0
2883| 0 0 0
2884| 0 0 0
2885| 0 0 0
2886| 0 0 0
2887| 0 0 0
2888| 0 0 0
2889| 0 0 0
2890| 0 0 0
2891| 0 0 0
2892| 0 0 0
2893| 0 0 0
2894| 0 0 0
2895| 0 0 0
2896| 0 0 0
2897| 0 0 0
2898| -0,3 0 0
2899| -0,6 0 0
2900| -0,9 0 0
2901| -1,2 0 0
2902| -1,5 0 0
2903| 0 0 0
2904| 0 0 0
2905| 0 0 0
2906| 0 0 0
2907| -0,3 0 0
2908| -0,6 0 0
2909| -0,9 0 0
2910| -1,2 0 0
2911| -1,5 0 0
2912| -1,8 0 0
2913| -2,1 0 0
2914| -2,4 0 0
2915| -2,7 0 0
2916| -3 0 0
2917| 0 0 0
2918| 0 0 0
2919| -0,3 0 0
2920| -0,6 0 0
2921| -0,9 0 0
2922| -1,2 0 0
2923| -1,5 0 0
2924| -1,8 0 0
2925| -2,1 0 0
2926| -2,4 0 0
2927| -2,7 0 0
2928| -3 0 0
2929| -3,299999 0 0
2930| -3,599999 0 0
2931| -3,899999 0 0
2932| -4,2 0 0
2933| -4,5 0 0
2934| -4,8 0 0
2935| -5,1 0 0
2936| -5,4 0 0
2937| -5,7 0 0
2938| -6 0 0
2939| -6,300001 0 0
2940| -6,600001 0 0
2941| -6,900001 0 0
2942| -7,200001 0 0
2943| -7,500001 0 0
2944| -7,800001 0 0
2945| -8,1 0 0
2946| 0 0 0
2947| 0 0 0
2948| 0 0 0
2949| 0 0 0
2950| 0 0 0
2951| 0 0 0
2952| 0 0 0
2953| 0 0 0
2954| 0 0 0
2955| 0 0 0
2956| 0,3 0 0
2957| 0,6 0 0
2958| 0,9 0 0
2959| 1,2 0 0
2960| 1,5 0 0
2961| 0 0 0
2962| 0 0 0
2963| 0 4 0
2964| 0 8 0
2965| 0 12 0
2966| 0 16 0
2967| 0 20 0
2968| -0,3 24 0
2969| -0,6 28 0
2970| -0,9 32 0
2971| -1,2 36 0
2972| -1,2 40 0
2973| -1,2 43,99999 0
2974| -1,2 47,99999 0
2975| -1,2 51,99999 0
2976| -1,5 55,99999 0
2977| -1,5 60 0
2978| -1,5 64 0
2979| -1,5 68 0
2980| -1,5 72 0
2981| -1,8 76,00001 0
2982| -2,1 80,00001 0
2983| -2,4 84,00001 0
2984| -2,7 84,00001 0
2985| -3 84,00001 0
2986| -3,299999 84,00001 0
2987| -3,599999 84,00001 0
2988| -3,899999 84,00001 0
2989| -4,2 84,00001 0
2990| -4,5 84,00001 0
2991| -4,8 84,00001 0
2992| -5,1 84,00001 0
2993| -5,4 84,00001 0
2994| -5,4 88,00002 0
2995| -5,4 92,00002 0
2996| -5,4 96,00002 0
2997| -5,7 100 0
2998| -6 104 0
2999| -6,300001 108 0
3000| -6,600001 112 0
3001| -6,900001 112 0
3002| -7,200001 112 0
3003| -7,500001 112 0
3004| -7,800001 112 0
3005| -8,1 112 0
3006| -8,4 116 0
3007| -8,7 116 0
3008| -8,999999 116 0
3009| -9,299999 116 0
3010| -9,599998 120 0
3011| -9,899999 124 0
3012| -10,2 128 0
3013| -10,5 132 0
3014| -10,8 136 0
3015| -10,8 140 0
3016| -10,8 144 0
3017| -10,8 148 0
3018| -10,8 152 0
3019| -10,8 156 0
3020| -10,8 160 0
3021| -10,8 164 0
3022| -10,8 168 0
3023| -10,8 171,9999 0
3024| -10,8 175,9999 0
3025| -10,8 179,9999 0
3026| -10,8 183,9999 0
3027| -10,8 187,9999 0
3028| -10,8 191,9999 0
3029| -10,8 195,9999 0
3030| -10,8 199,9999 0
3031| -10,8 203,9999 0
3032| -10,8 207,9999 0
3033| -10,8 211,9999 0
3034| -10,8 215,9999 0
3035| -10,8 219,9999 0
3036| -10,8 223,9999 0
3037| 0 227,9999 0
3038| 0,3 231,9999 0
3039| 0,6 235,9999 0
3040| 0,9 239,9999 0
3041| 1,2 243,9999 0
3042| 1,5 247,9999 0
3043| 1,5 251,9999 0
3044| 1,5 255,9999 0
3045| 1,5 259,9999 0
3046| 1,5 263,9999 0
3047| 1,5 267,9999 0
3048| 1,5 271,9998 0
3049| 1,5 275,9998 0
3050| 1,5 279,9998 0
3051| 1,5 283,9998 0
3052| 0 287,9998 0
3053| 0 291,9998 0
3054| 0 295,9998 0
3055| 0 299,9998 0
3056| 0 303,9998 0
3057| -0,3 307,9998 0
3058| -0,6 311,9998 0
3059| -0,9 315,9998 0
3060| -1,2 319,9998 0
3061| -1,5 323,9998 0
3062| -1,8 327,9998 0
3063| -1,8 331,9998 0
3064| -1,8 335,9998 0
3065| -1,8 339,9998 0
3066| -2,1 343,9998 0
3067| -2,4 347,9998 0
3068| -2,7 351,9998 0
3069| -3 355,9998 0
3070| -3,299999 359,9998 0
3071| -3,599999 363,9998 0
3072| -3,599999 367,9998 0
3073| -3,599999 371,9998 0
3074| -3,599999 375,9998 0
3075| -3,599999 379,9998 0
3076| -3,599999 383,9998 0
3077| -3,899999 387,9998 0
3078| -4,2 391,9998 0
3079| -4,5 395,9998 0
3080| -4,5 399,9997 0
3081| -4,5 400 0
3082| -4,5 400 0
3083| -4,5 400 0
3084| -4,5 400 0
3085| -4,5 400 0
3086| -4,5 400 0
3087| -4,5 400 0
3088| -4,5 400 0
3089| -4,5 400 0
3090| -4,5 400 0
3091| -4,5 400 0
3092| -4,5 400 0
3093| -4,5 400 0
3094| -4,5 400 0
3095| -4,5 400 0
3096| -4,5 400 0
3097| -4,5 400 0
3098| -4,5 400 0
3099| -4,5 400 0
3100| -4,5 400 0
3101| -4,5 400 0
3102| 0 400 0
3103| 0,3 400 0
3104| 0,6 400 0
3105| 0,6 400 0
3106| 0,6 400 0
3107| 0,6 400 0
3108| 0,6 400 0
3109| 0,9 400 0
3110| 1,2 400 0
3111| 1,5 400 0
3112| 1,5 400 0
3113| 1,5 400 0
3114| 1,5 400 0
3115| 1,5 400 0
3116| 1,5 400 0
3117| 1,8 400 0
3118| 2,1 400 0
3119| 2,4 400 0
3120| 2,7 400 0
3121| 2,7 400 0
3122| 2,7 400 0
3123| 2,7 400 0
3124| 2,7 400 0
3125| 2,7 400 0
3126| 2,7 400 0
3127| 2,7 400 0
3128| 2,7 400 0
3129| 2,7 400 0
3130| 2,7 400 0
3131| 2,7 400 0
3132| 2,7 400 0
3133| 2,7 400 0
3134| 2,7 400 0
3135| 2,7 400 0
3136| 0 400 0
3137| -0,3 400 0
3138| -0,6 400 0
3139| -0,6 400 0
3140| -0,6 400 0
3141| -0,6 400 0
3142| -0,6 400 0
3143| -0,6 400 0
3144| -0,6 400 0
3145| -0,6 400 0
3146| -0,9 400 0
3147| -1,2 400 0
3148| -1,5 400 0
3149| -1,8 400 0
3150| -2,1 400 0
3151| -2,1 400 0
3152| -2,1 400 0
3153| -2,4 400 0
3154| -2,7 400 0
3155| -3 400 0
3156| -3,299999 400 0
3157| -3,599999 400 0
3158| -3,899999 400 0
3159| -4,2 400 0
3160| -4,5 400 0
3161| -4,8 400 0
3162| -4,8 400 0
3163| -4,8 400 0
3164| -4,8 400 0
3165| -4,8 400 0
3166| -4,8 400 0
3167| -4,8 400 0
3168| -4,8 400 0
3169| -4,8 400 0
3170| -4,8 400 0
3171| -4,8 400 0
3172| 0 400 0
3173| 0,3 400 0
3174| 0,3 400 0
3175| 0,3 400 0
3176| 0,3 400 0
3177| 0,3 400 0
3178| 0,3 400 0
3179| 0,3 400 0
3180| 0,3 400 0
3181| 0,3 400 0
3182| 0,3 400 0
3183| 0,3 400 0
3184| 0,3 400 0
3185| 0,3 400 0
3186| 0,3 400 0
3187| 0,3 400 0
3188| 0,3 400 0
3189| 0,3 400 0
3190| 0,3 400 0
3191| 0,3 400 0
3192| 0,3 400 0
3193| 0,3 400 0
3194| 0,3 400 0
3195| 0,3 400 0
3196| 0,3 400 0
3197| 0,3 400 0
3198| 0,3 400 0
3199| 0,3 400 0
3200| 0,3 400 0
3201| 0 400 0
3202| -0,3 400 0
3203| -0,6 400 0
3204| -0,9 400 0
3205| -0,9 400 0
3206| -0,9 400 0
3207| -0,9 400 0
3208| -0,9 400 0
3209| -0,9 400 0
3210| -0,9 400 0
3211| -0,9 400 0
3212| -1,2 400 0
3213| -1,5 400 0
3214| -1,8 400 0
3215| -2,1 400 0
3216| -2,4 400 0
3217| -2,7 400 0
3218| -3 400 0
3219| -3,299999 400 0
3220| -3,599999 400 0
3221| -3,899999 400 0
3222| -4,2 400 0
3223| -4,5 400 0
3224| -4,5 400 0
3225| -4,5 400 0
3226| -4,5 400 0
3227| -4,8 400 0
3228| -5,1 400 0
3229| -5,4 400 0
3230| -5,7 400 0
3231| -6 400 0
3232| -6,300001 400 0
3233| -6,600001 400 0
3234| -6,900001 400 0
3235| -7,200001 400 0
3236| -7,500001 400 0
3237| -7,800001 400 0
3238| -8,1 400 0
3239| -8,4 400 0
3240| -8,7 400 0
3241| -8,999999 400 0
3242| -9,299999 400 0
3243| -9,599998 400 0
3244| -9,899999 400 0
3245| -10,2 400 0
3246| -10,5 400 0
3247| -10,8 400 0
3248| -10,8 400 0
3249| -10,8 400 0
3250| -10,8 400 0
3251| -10,8 400 0
3252| -11,1 400 0
3253| -11,4 400 0
3254| -11,7 400 0
3255| -12 400 0
3256| -12,3 400 0
3257| -12,6 400 0
3258| -12,9 400 0
3259| -12,9 400 0
3260| -12,9 400 0
3261| -12,9 400 0
3262| -12,9 400 0
3263| -12,9 400 0
3264| 0 400 0
3265| 0,3 400 0
3266| 0,6 400 0
3267| 0,9 400 0
3268| 1,2 400 0
3269| 1,5 400 0
3270| 1,8 400 0
3271| 2,1 400 0
3272| 2,4 400 0
3273| 2,7 400 0
3274| 2,7 400 0
3275| 2,7 400 0
3276| 2,7 400 0
3277| 2,7 400 0
3278| 2,7 400 0
3279| 2,7 400 0
3280| 2,7 400 0
3281| 2,7 400 0
3282| 3 400 0
3283| 3,299999 400 0
3284| 3,599999 400 0
3285| 3,899999 400 0
3286| 4,2 400 0
3287| 4,5 400 0
3288| 4,8 400 0
3289| 5,1 400 0
3290| 5,4 400 0
3291| 5,7 400 0
3292| 6 400 0
3293| 6,300001 400 0
3294| 6,600001 400 0
3295| 6,900001 400 0
3296| 7,200001 400 0
3297| 7,500001 400 0
3298| 7,800001 400 0
3299| 8,1 400 0
3300| 8,4 400 0
3301| 8,7 400 0
3302| 8,999999 400 0
3303| 9,299999 400 0
3304| 9,599998 400 0
3305| 9,899999 400 0
3306| 10,2 400 0
3307| 10,5 400 0
3308| 10,8 400 0
3309| 11,1 400 0
3310| 11,4 400 0
3311| 11,7 400 0
3312| 12 400 0
3313| 12,3 400 0
3314| 12,6 400 0
3315| 12,9 400 0
3316| 13,2 400 0
3317| 13,5 400 0
3318| 13,79999 400 0
3319| 14,09999 400 0
3320| 14,39999 400 0
3321| 14,69999 400 0
3322| 14,99999 400 0
3323| 15,29999 400 0
3324| 15,59999 400 0
3325| 15,89999 400 0
3326| 16,19999 400 0
3327| 16,49999 400 0
3328| 16,79999 400 0
3329| 17,09999 400 0
3330| 17,39999 400 0
3331| 17,69999 400 0
3332| 17,99999 400 0
3333| 18,29999 400 0
3334| 18,59999 400 0
3335| 18,89999 400 0
3336| 19,19999 400 0
3337| 0 0 0
3338| 0 0 0
3339| 0 0 0
3340| 0 4 0
3341| 0 8 0
3342| 0 12 0
3343| 0 16 0
3344| 0 20 0
3345| 0 24 0
3346| 0 28 0
3347| 0 32 0
3348| 0 36 0
3349| 0 40 0
3350| 0 43,99999 0
3351| 0 47,99999 0
3352| 0 51,99999 0
3353| -0,3 55,99999 0
3354| -0,6 60 0
3355| -0,9 64 0
3356| -1,2 68 0
3357| -1,5 72 0
3358| -1,5 76,00001 0
3359| -1,5 80,00001 0
3360| -1,5 84,00001 0
3361| -1,5 88,00002 0
3362| -1,8 92,00002 0
3363| -2,1 96,00002 0
3364| -2,4 100 0
3365| -2,7 104 0
3366| -3 108 0
3367| -3,299999 112 0
3368| -3,599999 116 0
3369| -3,899999 120 0
3370| -4,2 124 0
3371| -4,5 128 0
3372| -4,8 132 0
3373| -5,1 136 0
3374| -5,4 140 0
3375| -5,7 144 0
3376| -6 148 0
3377| -6,300001 152 0
3378| -6,600001 156 0
3379| -6,900001 156 0
3380| -7,200001 156 0
3381| -7,500001 156 0
3382| -7,800001 156 0
3383| -8,1 156 0
3384| -8,4 156 0
3385| -8,7 156 0
3386| -8,999999 156 0
3387| -9,299999 156 0
3388| -9,599998 156 0
3389| -9,899999 156 0
3390| -10,2 156 0
3391| -10,5 156 0
3392| -10,8 160 0
3393| -11,1 164 0
3394| -11,4 168 0
3395| -11,7 168 0
3396| -12 171,9999 0
3397| -12,3 171,9999 0
3398| -12,6 171,9999 0
3399| -12,9 171,9999 0
3400| -13,2 171,9999 0
3401| -13,5 171,9999 0
3402| -13,79999 171,9999 0
3403| -14,09999 171,9999 0
3404| -14,39999 171,9999 0
3405| -14,69999 171,9999 0
3406| -14,99999 171,9999 0
3407| -15,29999 171,9999 0
3408| -15,59999 171,9999 0
3409| -15,89999 171,9999 0
3410| -16,19999 171,9999 0
3411| -16,49999 171,9999 0
3412| -16,79999 171,9999 0
3413| -17,09999 171,9999 0
3414| -17,39999 171,9999 0
3415| -17,69999 171,9999 0
3416| -17,99999 171,9999 0
3417| -18,29999 171,9999 0
3418| -18,59999 171,9999 0
3419| -18,89999 171,9999 0
3420| -19,19999 171,9999 0
3421| -19,49999 171,9999 0
3422| -19,79999 171,9999 0
3423| -20,09999 171,9999 0
3424| -20,39999 171,9999 0
3425| -20,69999 171,9999 0
3426| -20,99999 171,9999 0
3427| -21,29999 171,9999 0
3428| -21,59999 171,9999 0
3429| -21,89999 171,9999 0
3430| -22,19999 171,9999 0
3431| -22,49999 171,9999 0
3432| -22,79999 171,9999 0
3433| -23,09999 171,9999 0
3434| -23,39999 171,9999 0
3435| -23,69999 171,9999 0
3436| -23,99999 171,9999 0
3437| -24,29999 171,9999 0
3438| -24,59999 171,9999 0
3439| -24,89998 171,9999 0
3440| -25,19999 171,9999 0
3441| -25,49998 171,9999 0
3442| -25,79998 171,9999 0
3443| -25,79998 175,9999 0
3444| -25,79998 179,9999 0
3445| -25,79998 183,9999 0
3446| -25,79998 187,9999 0
3447| -25,79998 191,9999 0
3448| -25,79998 195,9999 0
3449| -25,79998 199,9999 0
3450| -25,79998 203,9999 0
3451| -25,79998 207,9999 0
3452| -25,79998 211,9999 0
3453| -25,79998 215,9999 0
3454| -25,79998 219,9999 0
3455| -25,79998 223,9999 0
3456| -25,79998 227,9999 0
3457| -25,79998 231,9999 0
3458| -25,79998 235,9999 0
3459| -25,79998 239,9999 0
3460| 0 0 0
3461| 0 0 0
3462| 0 0 0
3463| 0 0 0
3464| 0 0 0
3465| 0 0 0
3466| 0 0 0
3467| 0 0 0
3468| 0 0 0
3469| 0 0 0
3470| 0 0 0
3471| 0 0 0
3472| 0 0 0
3473| 0 0 0
3474| 0 0 0
3475| 0 0 0
3476| 0 0 0
3477| 0 0 0
3478| 0 4 0
3479| 0 8 0
3480| 0 12 0
3481| 0 16 0
3482| 0,3 20 0
3483| 0,6 24 0
3484| 0,9 28 0
3485| 1,2 32 0
3486| 1,2 36 0
3487| 1,2 40 0
3488| 1,2 43,99999 0
3489| 1,5 47,99999 0
3490| 1,8 51,99999 0
3491| 2,1 55,99999 0
3492| 2,4 60 0
3493| 2,7 64 0
3494| 3 68 0
3495| 3,299999 72 0
3496| 3,599999 76,00001 0
3497| 3,899999 80,00001 0
3498| 4,2 84,00001 0
3499| 4,2 88,00002 0
3500| 4,2 92,00002 0
3501| 4,2 96,00002 0
3502| 4,2 100 0
3503| 4,2 104 0
3504| 4,2 108 0
3505| 4,2 112 0
3506| 4,2 116 0
3507| 4,2 120 0
3508| 4,2 124 0
3509| 4,2 128 0
3510| 4,2 132 0
3511| 4,2 136 0
3512| 4,2 140 0
3513| 4,2 144 0
3514| 4,2 148 0
3515| 4,2 152 0
3516| 4,2 156 0
3517| 0 160 0
3518| -0,3 164 0
3519| -0,6 168 0
3520| -0,9 171,9999 0
3521| -1,2 175,9999 0
3522| -1,5 175,9999 0
3523| 0 0 0
3524| 0 0 0
3525| 0 0 0
3526| -0,3 0 0
3527| -0,6 0 0
3528| -0,9 0 0
3529| -1,2 0 0
3530| -1,5 0 0
3531| -1,8 0 0
3532| -2,1 0 0
3533| -2,4 0 0
3534| -2,7 0 0
3535| -3 0 0
3536| -3,299999 0 0
3537| -3,599999 0 0
3538| -3,899999 0 0
3539| -4,2 0 0
3540| -4,5 0 0
3541| -4,8 0 0
3542| -5,1 0 0
3543| -5,4 0 0
3544| -5,7 0 0
3545| -6 0 0
3546| -6,300001 0 0
3547| -6,600001 0 0
3548| -6,900001 0 0
3549| -7,200001 0 0
3550| -7,500001 0 0
3551| -7,800001 0 0
3552| -8,1 0 0
3553| -8,4 0 0
3554| -8,7 0 0
3555| -8,999999 0 0
3556| -9,299999 0 0
3557| -9,599998 0 0
3558| -9,899999 0 0
3559| -10,2 0 0
3560| -10,5 0 0
3561| -10,8 0 0
3562| -11,1 0 0
3563| -11,4 0 0
3564| -11,7 0 0
3565| -12 0 0
3566| -12,3 0 0
3567| -12,6 0 0
3568| -12,9 0 0
3569| -13,2 0 0
3570| -13,5 0 0
3571| -13,79999 0 0
3572| -14,09999 0 0
3573| -14,39999 0 0
3574| -14,69999 0 0
3575| -14,99999 0 0
3576| -15,29999 0 0
3577| -15,59999 0 0
3578| -15,89999 0 0
3579| -16,19999 0 0
3580| -16,49999 0 0
3581| -16,79999 0 0
3582| -17,09999 0 0
3583| -17,39999 0 0
3584| -17,69999 0 0
3585| -17,99999 0 0
3586| -18,29999 0 0
3587| -18,59999 0 0
3588| -18,89999 0 0
3589| -19,19999 0 0
3590| -19,49999 0 0
3591| -19,79999 0 0
3592| -20,09999 0 0
3593| -20,39999 0 0
3594| -20,69999 0 0
3595| -20,99999 0 0
3596| -21,29999 0 0
3597| -21,59999 0 0
3598| -21,89999 0 0
3599| -22,19999 0 0
3600| -22,49999 0 0
3601| -22,79999 0 0
3602| -23,09999 0 0
3603| -23,39999 4 0
3604| -23,39999 8 0
3605| -23,39999 12 0
3606| -23,39999 16 0
3607| -23,39999 20 0
3608| -23,39999 24 0
3609| -23,39999 28 0
3610| -23,39999 32 0
3611| -23,39999 36 0
3612| -23,39999 40 0
3613| -23,69999 43,99999 0
3614| -23,99999 47,99999 0
3615| -24,29999 51,99999 0
3616| -24,59999 55,99999 0
3617| -24,89998 60 0
3618| -25,19999 64 0
3619| -25,49998 68 0
3620| -25,79998 72 0
3621| -26,09998 76,00001 0
3622| -26,39998 80,00001 0
3623| -26,69998 84,00001 0
3624| -26,99998 88,00002 0
3625| -27,29998 92,00002 0
3626| -27,59998 96,00002 0
3627| -27,59998 100 0
3628| -27,59998 104 0
3629| -27,89998 108 0
3630| -28,19998 112 0
3631| -28,49998 116 0
3632| 0 0 0
3633| 0 0 0
3634| -0,3 4 0
3635| -0,6 8 0
3636| -0,6 12 0
3637| -0,6 16 0
3638| -0,6 20 0
3639| -0,6 24 0
3640| -0,6 28 0
3641| -0,6 32 0
3642| -0,6 36 0
3643| -0,6 40 0
3644| -0,6 43,99999 0
3645| -0,9 47,99999 0
3646| -1,2 51,99999 0
3647| -1,5 55,99999 0
3648| -1,8 60 0
3649| -2,1 64 0
3650| -2,4 68 0
3651| -2,7 72 0
3652| -3 76,00001 0
3653| -3,299999 80,00001 0
3654| -3,599999 84,00001 0
3655| -3,899999 88,00002 0
3656| -4,2 92,00002 0
3657| -4,5 96,00002 0
3658| -4,8 100 0
3659| -5,1 104 0
3660| -5,4 108 0
3661| -5,7 112 0
3662| -6 116 0
3663| -6,300001 120 0
3664| -6,600001 124 0
3665| -6,900001 128 0
3666| -7,200001 132 0
3667| -7,500001 136 0
3668| -7,800001 136 0
3669| -8,1 136 0
3670| -8,4 136 0
3671| -8,7 136 0
3672| -8,999999 136 0
3673| -9,299999 136 0
3674| -9,599998 136 0
3675| -9,899999 136 0
3676| -10,2 136 0
3677| -10,2 140 0
3678| -10,2 144 0
3679| -10,2 148 0
3680| -10,5 152 0
3681| -10,8 156 0
3682| -11,1 160 0
3683| -11,1 164 0
3684| -11,1 168 0
3685| -11,1 171,9999 0
3686| -11,1 175,9999 0
3687| -11,1 179,9999 0
3688| -11,1 183,9999 0
3689| -11,1 187,9999 0
3690| -11,1 191,9999 0
3691| -11,1 195,9999 0
3692| -11,1 199,9999 0
3693| -11,1 203,9999 0
3694| 0 207,9999 0
3695| 0,3 211,9999 0
3696| 0,6 215,9999 0
3697| 0,9 219,9999 0
3698| 1,2 223,9999 0
3699| 1,2 227,9999 0
3700| 1,2 231,9999 0
3701| 1,2 235,9999 0
3702| 1,2 239,9999 0
3703| 1,2 243,9999 0
3704| 1,2 247,9999 0
3705| 0 0 0
3706| 0 0 0
3707| 0 0 0
3708| 0 0 0
3709| 0 0 0
3710| 0 0 0
3711| 0 0 0
3712| 0 0 0
3713| 0 0 0
3714| 0 0 0
3715| 0 0 0
3716| 0 0 0
3717| 0 0 0
3718| 0 0 0
3719| 0 4 0
3720| 0 8 0
3721| 0 12 0
3722| 0 16 0
3723| 0 20 0
3724| 0 24 0
3725| 0 28 0
3726| -0,3 32 0
3727| -0,6 36 0
3728| -0,9 40 0
3729| -1,2 43,99999 0
3730| -1,5 47,99999 0
3731| -1,8 51,99999 0
3732| -2,1 55,99999 0
3733| -2,4 60 0
3734| -2,7 60 0
3735| -3 60 0
3736| -3,299999 60 0
3737| -3,599999 60 0
3738| -3,899999 60 0
3739| -4,2 60 0
3740| -4,5 60 0
3741| -4,8 60 0
3742| -5,1 60 0
3743| -5,4 60 0
3744| -5,7 60 0
3745| -6 60 0
3746| -6,300001 60 0
3747| -6,600001 60 0
3748| -6,900001 60 0
3749| -7,200001 60 0
3750| -7,500001 60 0
3751| -7,800001 60 0
3752| -8,1 60 0
3753| -8,4 60 0
3754| -8,7 60 0
3755| -8,999999 60 0
3756| -9,299999 60 0
3757| -9,599998 60 0
3758| -9,899999 60 0
3759| -10,2 60 0
3760| -10,5 60 0
3761| -10,8 60 0
3762| -11,1 60 0
3763| -11,4 60 0
3764| -11,7 60 0
3765| -12 60 0
3766| -12,3 60 0
3767| -12,6 60 0
3768| -12,9 60 0
3769| -13,2 60 0
3770| -13,5 60 0
3771| -13,79999 60 0
3772| -14,09999 64 0
3773| -14,39999 68 0
3774| -14,69999 72 0
3775| -14,99999 76,00001 0
3776| -15,29999 80,00001 0
3777| -15,59999 84,00001 0
3778| -15,59999 88,00002 0
3779| -15,59999 92,00002 0
3780| -15,59999 96,00002 0
3781| -15,89999 100 0
3782| -16,19999 104 0
3783| -16,49999 108 0
3784| -16,79999 108 0
3785| -17,09999 108 0
3786| -17,39999 108 0
3787| -17,69999 108 0
3788| -17,99999 108 0
3789| -18,29999 108 0
3790| -18,59999 108 0
3791| -18,89999 108 0
3792| -19,19999 108 0
3793| -19,49999 108 0
3794| -19,79999 108 0
3795| -20,09999 108 0
3796| -20,39999 108 0
3797| -20,69999 108 0
3798| -20,99999 108 0
3799| -21,29999 108 0
3800| -21,59999 108 0
3801| -21,89999 108 0
3802| -22,19999 112 0
3803| -22,49999 116 0
3804| -22,79999 120 0
3805| -23,09999 124 0
3806| -23,39999 128 0
3807| -23,69999 132 0
3808| -23,99999 136 0
3809| -24,29999 140 0
3810| -24,59999 144 0
3811| -24,89998 148 0
3812| -25,19999 152 0
3813| -25,49998 156 0
3814| -25,79998 160 0
3815| -26,09998 160 0
3816| -26,39998 160 0
3817| -26,69998 160 0
3818| -26,99998 160 0
3819| -27,29998 160 0
3820| -27,59998 160 0
3821| -27,89998 160 0
3822| -28,19998 160 0
3823| -28,49998 160 0
3824| -28,79998 160 0
3825| -29,09998 160 0
3826| -29,39998 160 0
3827| -29,69998 160 0
3828| -29,99998 160 0
3829| -30 0 0
3830| -30 -4 0
3831| -30 -8 0
3832| -30 -12 0
3833| -30 -16 0
3834| 0 -20 0
3835| 0,3 -24 0
3836| 0,3 -28 0
3837| 0,3 -32 0
3838| 0,3 -36 0
3839| 0,6 -40 0
3840| 0,9 -43,99999 0
3841| 1,2 -47,99999 0
3842| 1,5 -51,99999 0
3843| 1,8 -55,99999 0
3844| 2,1 -60 0
3845| 2,4 -64 0
3846| 2,7 -68 0
3847| 2,7 -72 0
3848| 2,7 -76,00001 0
3849| 2,7 -80,00001 0
3850| 2,7 -84,00001 0
3851| 2,7 -88,00002 0
3852| 2,7 -92,00002 0
3853| 2,7 -96,00002 0
3854| 2,7 -100 0
3855| 2,7 -104 0
3856| 2,7 -108 0
3857| 0 0 0
3858| 0 0 0
3859| 0 0 0
3860| 0 0 0
3861| 0,3 -4 0
3862| 0,6 -8 0
3863| 0,9 -12 0
3864| 1,2 -16 0
3865| 1,5 -20 0
3866| 1,8 -24 0
3867| 2,1 -28 0
3868| 2,4 -32 0
3869| 2,7 -36 0
3870| 3 -40 0
3871| 3,299999 -43,99999 0
3872| 3,599999 -47,99999 0
3873| 3,899999 -51,99999 0
3874| 4,2 -55,99999 0
3875| 4,5 -60 0
3876| 4,8 -64 0
3877| 5,1 -68 0
3878| 5,4 -72 0
3879| 5,7 -76,00001 0
3880| 6 -80,00001 0
3881| 6,300001 -84,00001 0
3882| 6,600001 -88,00002 0
3883| 6,900001 -92,00002 0
3884| 7,200001 -96,00002 0
3885| 7,500001 -100 0
3886| 7,800001 -104 0
3887| 8,1 -108 0
3888| 8,4 -112 0
3889| 8,7 -116 0
3890| 8,999999 -120 0
3891| 9,299999 -124 0
3892| 9,599998 -128 0
3893| 9,899999 -132 0
3894| 10,2 -136 0
3895| 10,5 -140 0
3896| 10,8 -144 0
3897| 11,1 -148 0
3898| 11,4 -152 0
3899| 11,7 -156 0
3900| 12 -160 0
3901| 12,3 -164 0
3902| 12,6 -168 0
3903| 12,9 -171,9999 0
3904| 13,2 -175,9999 0
3905| 13,5 -179,9999 0
3906| 13,79999 -183,9999 0
3907| 14,09999 -187,9999 0
3908| 14,39999 -191,9999 0
3909| 14,69999 -195,9999 0
3910| 14,99999 -199,9999 0
3911| 15,29999 -203,9999 0
3912| 15,59999 -207,9999 0
3913| 15,89999 -211,9999 0
3914| 16,19999 -215,9999 0
3915| 16,49999 -219,9999 0
3916| 16,79999 -223,9999 0
3917| 17,09999 -227,9999 0
3918| 17,39999 -231,9999 0
3919| 17,69999 -235,9999 0
3920| 17,99999 -239,9999 0
3921| 18,29999 -243,9999 0
3922| 18,59999 -247,9999 0
3923| 18,89999 -251,9999 0
3924| 19,19999 -255,9999 0
3925| 19,49999 -259,9999 0
3926| 19,79999 -263,9999 0
3927| 20,09999 -267,9999 0
3928| 20,39999 -271,9998 0
3929| 20,69999 -275,9998 0
3930| 0 0 0
3931| 0 0 0
3932| 0 0 0
3933| -0,3 0 0
3934| -0,6 0 0
3935| -0,9 4 0
3936| -1,2 8 0
3937| -1,5 12 0
3938| -1,8 16 0
3939| -2,1 20 0
3940| -2,4 24 0
3941| -2,7 28 0
3942| -3 32 0
3943| -3,299999 36 0
3944| -3,599999 40 0
3945| -3,899999 43,99999 0
3946| -4,2 47,99999 0
3947| -4,5 51,99999 0
3948| -4,8 55,99999 0
3949| -5,1 60 0
3950| -5,4 64 0
3951| -5,7 68 0
3952| -6 72 0
3953| -6,300001 76,00001 0
3954| -6,600001 80,00001 0
3955| -6,900001 84,00001 0
3956| -7,200001 88,00002 0
3957| -7,500001 92,00002 0
3958| -7,800001 96,00002 0
3959| -8,1 100 0
3960| -8,4 104 0
3961| -8,7 108 0
3962| -8,999999 112 0
3963| -9,299999 116 0
3964| -9,599998 120 0
3965| -9,899999 124 0
3966| -10,2 128 0
3967| -10,5 132 0
3968| -10,8 136 0
3969| -11,1 140 0
3970| -11,4 144 0
3971| -11,7 148 0
3972| -12 152 0
3973| -12,3 156 0
3974| -12,6 160 0
3975| -12,9 164 0
3976| -13,2 168 0
3977| -13,5 171,9999 0
3978| -13,79999 175,9999 0
3979| -14,09999 179,9999 0
3980| -14,39999 183,9999 0
3981| -14,69999 187,9999 0
3982| -14,99999 191,9999 0
3983| -15,29999 195,9999 0
3984| -15,59999 199,9999 0
3985| -15,89999 203,9999 0
3986| -16,19999 207,9999 0
3987| -16,49999 211,9999 0
3988| -16,79999 215,9999 0
3989| -17,09999 219,9999 0
3990| -17,39999 223,9999 0
3991| -17,69999 227,9999 0
3992| -17,99999 231,9999 0
3993| -18,29999 235,9999 0
3994| -18,59999 239,9999 0
3995| -18,89999 243,9999 0
3996| -19,19999 247,9999 0
3997| -19,49999 251,9999 0
3998| -19,79999 255,9999 0
3999| -20,09999 259,9999 0
4000| -20,39999 263,9999 0
4001| -20,69999 267,9999 0
4002| -20,99999 271,9998 0
4003| -21,29999 275,9998 0
4004| -21,59999 279,9998 0
4005| -21,89999 283,9998 0
4006| -22,19999 287,9998 0
4007| -22,49999 291,9998 0
4008| -22,79999 295,9998 0
4009| -23,09999 299,9998 0
4010| -23,39999 303,9998 0
4011| -23,69999 307,9998 0
4012| -23,99999 311,9998 0
4013| -24,29999 311,9998 0
4014| -24,59999 311,9998 0
4015| -24,89998 311,9998 0
4016| -25,19999 315,9998 0
4017| -25,49998 319,9998 0
4018| -25,79998 323,9998 0
4019| -26,09998 327,9998 0
4020| -26,39998 331,9998 0
4021| -26,69998 335,9998 0
4022| -26,99998 339,9998 0
4023| -27,29998 343,9998 0
4024| -27,59998 347,9998 0
4025| -27,89998 351,9998 0
4026| -28,19998 355,9998 0
4027| -28,49998 359,9998 0
4028| -28,79998 359,9998 0
4029| -29,09998 359,9998 0
4030| -29,39998 359,9998 0
4031| -29,69998 359,9998 0
4032| -29,99998 359,9998 0
4033| -30 359,9998 0
4034| -30 359,9998 0
4035| -30 359,9998 0
4036| -30 359,9998 0
4037| -30 359,9998 0
4038| -30 359,9998 0
4039| -30 363,9998 0
4040| -30 367,9998 0
4041| -30 371,9998 0
4042| -30 375,9998 0
4043| -30 379,9998 0
4044| -30 383,9998 0
4045| -30 387,9998 0
4046| -30 391,9998 0
4047| -30 395,9998 0
4048| -30 395,9998 0
4049| -30 395,9998 0
4050| -30 395,9998 0
4051| -30 395,9998 0
4052| -30 395,9998 0
4053| -30 395,9998 0
4054| -30 395,9998 0
4055| -30 395,9998 0
4056| -30 395,9998 0
4057| -30 395,9998 0
4058| -30 395,9998 0
4059| -30 395,9998 0
4060| -30 395,9998 0
4061| -30 395,9998 0
4062| -30 395,9998 0
4063| -30 395,9998 0
4064| -30 395,9998 0
4065| -30 395,9998 0
4066| -30 395,9998 0
4067| -30 395,9998 0
4068| -30 395,9998 0
4069| -30 395,9998 0
4070| -30 395,9998 0
4071| -30 395,9998 0
4072| -30 395,9998 0
4073| -30 395,9998 0
4074| -30 395,9998 0
4075| -30 395,9998 0
4076| -30 395,9998 0
4077| -30 395,9998 0
4078| -30 395,9998 0
4079| -30 395,9998 0
4080| -30 395,9998 0
4081| -30 395,9998 0
4082| -30 395,9998 0
4083| -30 395,9998 0
4084| -30 395,9998 0
4085| 0 395,9998 0
4086| 0,3 395,9998 0
4087| 0,6 395,9998 0
4088| 0,9 395,9998 0
4089| 1,2 395,9998 0
4090| 1,5 395,9998 0
4091| 1,8 395,9998 0
4092| 2,1 395,9998 0
4093| 2,4 395,9998 0
4094| 2,7 395,9998 0
4095| 3 0 0
4096| 3,299999 -4 0
4097| 3,299999 -8 0
4098| 3,299999 -12 0
4099| 3,299999 -16 0
4100| 3,299999 -20 0
4101| 3,299999 -24 0
4102| 3,299999 -28 0
4103| 3,299999 -32 0
4104| 3,299999 -36 0
4105| 3,299999 -40 0
4106| 3,299999 -43,99999 0
4107| 3,299999 -47,99999 0
4108| 3,299999 -51,99999 0
4109| 3,299999 -55,99999 0
4110| 3,299999 -60 0
4111| 3,299999 -64 0
4112| 3,299999 -68 0
4113| 3,299999 -72 0
4114| 3,299999 -76,00001 0
4115| 3,299999 -80,00001 0
4116| 3,299999 -84,00001 0
4117| 3,299999 -88,00002 0
4118| 3,299999 -92,00002 0
4119| 3,299999 -96,00002 0
4120| 3,299999 -100 0
4121| 3,299999 -104 0
4122| 3,299999 -108 0
4123| 3,299999 -112 0
4124| 3,299999 -116 0
4125| 3,299999 -120 0
4126| 3,299999 -124 0
4127| 3,299999 -128 0
4128| 3,299999 -132 0
4129| 3,299999 -136 0
4130| 3,299999 -140 0
4131| 3,299999 -144 0
4132| 3,299999 -148 0
4133| 3,299999 -152 0
4134| 3,299999 -156 0
4135| 3,299999 -160 0
4136| 3,299999 -164 0
4137| 3,299999 -168 0
4138| 3,299999 -171,9999 0
4139| 3,299999 -175,9999 0
4140| 3,299999 -179,9999 0
4141| 3,299999 -183,9999 0
4142| 3,299999 -187,9999 0
4143| 3,299999 -191,9999 0
4144| 3,299999 -195,9999 0
4145| 3,299999 -199,9999 0
4146| 3,299999 -203,9999 0
4147| 3,299999 -207,9999 0
4148| 3,299999 -211,9999 0
4149| 3,299999 -215,9999 0
4150| 3,299999 -219,9999 0
4151| 3,299999 -223,9999 0
4152| 3,299999 -227,9999 0
4153| 3,299999 -231,9999 0
4154| 3,299999 -235,9999 0
4155| 3,299999 -239,9999 0
4156| 3,299999 -243,9999 0
4157| 3,299999 -247,9999 0
4158| 3,299999 -251,9999 0
4159| 3,299999 -255,9999 0
4160| 3,299999 -259,9999 0
4161| 3,299999 -263,9999 0
4162| 3,299999 -267,9999 0
4163| 3,299999 -271,9998 0
4164| 3,299999 -275,9998 0
4165| 3,299999 -279,9998 0
4166| 3,299999 -283,9998 0
4167| 3,299999 -287,9998 0
4168| 3,299999 -291,9998 0
4169| 3,299999 -295,9998 0
4170| 3,299999 -299,9998 0
4171| 3,299999 -303,9998 0
4172| 0 0 0
4173| 0 0 0
4174| 0 0 0
4175| 0 0 0
4176| 0 0 0
4177| 0 0 0
4178| 0 0 0
4179| 0 0 0
4180| 0 0 0
4181| 0 0 0
4182| 0 0 0
4183| 0 0 0
4184| 0 0 0
4185| 0 0 0
4186| 0 0 0
4187| 0 0 0
4188| 0 0 0
4189| 0 0 0
4190| 0 0 0
4191| 0 0 0
4192| 0 0 0
4193| 0 0 0
4194| 0 0 0
4195| 0 0 0
4196| 0 0 0
4197| 0 0 0
4198| 0 0 0
4199| 0 0 0
4200| 0 0 0
4201| 0 0 0
4202| 0 0 0
4203| 0 0 0
4204| 0 0 0
4205| 0 0 0
4206| 0 0 0
4207| 0 0 0
4208| 0 0 0
4209| 0 0 0
4210| 0 0 0
4211| 0 0 0
4212| 0 0 0
4213| 0 0 0
4214| 0 0 0
4215| 0 0 0
4216| 0 0 0
4217| 0 0 0
4218| 0 0 0
4219| 0 0 0
4220| 0 0 0
4221| 0 0 0
4222| 0 0 0
4223| 0 0 0
4224| 0 0 0
4225| 0 0 0
4226| 0 0 0
4227| 0 0 0
4228| 0 0 0
4229| 0 0 0
4230| 0 0 0
4231| 0 0 0
4232| 0 0 0
4233| 0 0 0
4234| 0 0 0
4235| 0 0 0
4236| 0 0 0
4237| 0 0 0
4238| 0 0 0
4239| 0 0 0
4240| 0 0 0
4241| 0 0 0
4242| 0 0 0
4243| 0 0 0
4244| 0 0 0
4245| 0 0 0
4246| 0 0 0
4247| 0 0 0
4248| 0 0 0
4249| 0 0 0
4250| 0 0 0
4251| 0 0 0
4252| 0 0 0
4253| 0 0 0
4254| 0 0 0
4255| 0 0 0
4256| 0 0 0
4257| 0 0 0
4258| 0 0 0
4259| 0 0 0
4260| 0 0 0
4261| 0 0 0
4262| 0 0 0
4263| 0 0 0
4264| 0 0 0
4265| 0 0 0
4266| 0 0 0
4267| 0 0 0
4268| 0 0 0
4269| 0 0 0
4270| 0 0 0
4271| 0 0 0
4272| 0 0 0
4273| 0 0 0
4274| 0 0 0
4275| 0 0 0
4276| 0 0 0
4277| 0 0 0
4278| 0 0 0
4279| 0 0 0
4280| 0 0 0
4281| 0 0 0
4282| 0 0 0
4283| 0 0 0
4284| 0 0 0
4285| 0 0 0
4286| 0 0 0
4287| 0 0 0
4288| 0 0 0
4289| 0 0 0
4290| 0 0 0
4291| 0 0 0
4292| 0 0 0
4293| 0 0 0
4294| 0 0 0
4295| 0 0 0
4296| 0 0 0
4297| 0 0 0
4298| 0 0 0
4299| 0 0 0
4300| 0 0 0
4301| 0 0 0
4302| 0 0 0
4303| 0 0 0
4304| 0 0 0
4305| 0 0 0
4306| 0 0 0
4307| 0 0 0
4308| 0 0 0
4309| 0 0 0
4310| 0 0 0
4311| 0 0 0
4312| 0 0 0
4313| 0 0 0
4314| 0 0 0
4315| 0 0 0
4316| 0 0 0
4317| 0 0 0
4318| 0 0 0
4319| 0 0 0
4320| 0 0 0
4321| 0 0 0
4322| 0 0 0
4323| 0 0 0
4324| 0 0 0
4325| 0 0 0
4326| 0 0 0
4327| 0 0 0
4328| 0 0 0
4329| 0 0 0
4330| 0 0 0
4331| 0 0 0
4332| 0 0 0
4333| 0 0 0
4334| 0 0 0
4335| 0 0 0
4336| 0 0 0
4337| 0 0 0
4338| 0 0 0
4339| 0 0 0
4340| 0 0 0
4341| 0 0 0
4342| 0 0 0
4343| 0 0 0
4344| 0 0 0
4345| 0 0 0
4346| 0 0 0
4347| 0 0 0
4348| 0 0 0
4349| 0 0 0
4350| 0 0 0
4351| 0 0 0
4352| 0 0 0
4353| 0 0 0
4354| 0 0 0
4355| 0 0 0
4356| 0 0 0
4357| 0 0 0
4358| 0 0 0
4359| 0 0 0
4360| 0 0 0
4361| 0 0 0
4362| 0 0 0
4363| 0 0 0
4364| 0 0 0
4365| 0 0 0
4366| 0 0 0
4367| 0 0 0
4368| 0 0 0
4369| 0 0 0
4370| 0 0 0
4371| 0 0 0
4372| 0 0 0
4373| 0 0 0
4374| 0 0 0
4375| 0 0 0
4376| 0 0 0
4377| 0 0 0
4378| 0 0 0
4379| 0 0 0
4380| 0 0 0
4381| 0 0 0
4382| 0 0 0
4383| 0 0 0
4384| 0 0 0
4385| 0 0 0
4386| 0 0 0
4387| 0 0 0
4388| 0 0 0
4389| 0 0 0
4390| 0 0 0
4391| 0 0 0
4392| 0 0 0
4393| 0 0 0
4394| 0 0 0
4395| 0 0 0
4396| 0 0 0
4397| 0 0 0
4398| 0 0 0
4399| 0 0 0
4400| 0 0 0
4401| 0 0 0
4402| 0 0 0
4403| 0 0 0
4404| 0 0 0
4405| 0 0 0
4406| 0 0 0
4407| 0 0 0
4408| 0 0 0
4409| 0 0 0
4410| 0 0 0
4411| 0 0 0
4412| 0 0 0
4413| 0 0 0
4414| 0 0 0
4415| 0 0 0
4416| 0 0 0
4417| 0 0 0
4418| 0 0 0
4419| 0 0 0
4420| 0 0 0
4421| 0 0 0
4422| 0 0 0
4423| 0 0 0
4424| 0 0 0
4425| 0 0 0
4426| 0 0 0
4427| 0 0 0
4428| 0 0 0
4429| 0 0 0
4430| 0 0 0
4431| 0 0 0
4432| 0 0 0
4433| 0 0 0
4434| 0 0 0
4435| 0 0 0
4436| 0 0 0
4437| 0 0 0
4438| 0 0 0
4439| 0 0 0
4440| 0 0 0
4441| 0 0 0
4442| 0 0 0
4443| 0 0 0
4444| 0 0 0
4445| 0 0 0
4446| 0 0 0
4447| 0 0 0
4448| 0 0 0
4449| 0 0 0
4450| 0 0 0
4451| 0 0 0
4452| 0 0 0
4453| 0 0 0
4454| 0 0 0
4455| 0 0 0
4456| 0 0 0
4457| 0 0 0
4458| 0 0 0
4459| 0 0 0
4460| 0 0 0
4461| 0 0 0
4462| 0 0 0
4463| 0 0 0
4464| 0 0 0
4465| 0 0 0
4466| 0 0 0
4467| 0 0 0
4468| 0 0 0
4469| 0 0 0
4470| 0 0 0
4471| 0 0 0
4472| 0 0 0
4473| 0 0 0
4474| 0 0 0
4475| 0 0 0
4476| 0 0 0
4477| 0 0 0
4478| 0 0 0
4479| 0 0 0
4480| 0 0 0
4481| 0 0 0
4482| 0 0 0
4483| 0 0 0
4484| 0 0 0
4485| 0 0 0
4486| 0 0 0
4487| 0 0 0
4488| 0 0 0
4489| 0 0 0
4490| 0 0 0
4491| 0 0 0
4492| 0 0 0
4493| 0 0 0
4494| 0 0 0
4495| 0 0 0
4496| 0 0 0
4497| 0 0 0
4498| 0 0 0
4499| 0 0 0
4500| 0 0 0
4501| 0 0 0
4502| 0 0 0
4503| 0 0 0
4504| 0 0 0
4505| 0 0 0
4506| 0 0 0
4507| 0 0 0
4508| 0 0 0
4509| 0 0 0
4510| 0 0 0
4511| 0 0 0
4512| 0 0 0
4513| 0 0 0
4514| 0 0 0
4515| 0 0 0
4516| 0 0 0
4517| 0 0 0
4518| 0 0 0
4519| 0 0 0
4520| 0 0 0
4521| 0 0 0
4522| 0 0 0
4523| 0 0 0
4524| 0 0 0
4525| 0 0 0
4526| 0 0 0
4527| 0 0 0
4528| 0 0 0
4529| 0 0 0
4530| 0 0 0
4531| 0 0 0
4532| 0 0 0
4533| 0 0 0
4534| 0 0 0
4535| 0 0 0
4536| 0 0 0
4537| 0 0 0
4538| 0 0 0
4539| 0 0 0
4540| 0 0 0
4541| 0 0 0
4542| 0 0 0
4543| 0 0 0
4544| 0 0 0
4545| 0 0 0
4546| 0 0 0
4547| 0 0 0
4548| 0 0 0
4549| 0 0 0
4550| 0 0 0
4551| 0 0 0
4552| 0 0 0
4553| 0 0 0
4554| 0 0 0
4555| 0 0 0
4556| 0 0 0
4557| 0 0 0
4558| 0 0 0
4559| 0 0 0
4560| 0 0 0
4561| 0 0 0
4562| 0 0 0
4563| 0 0 0
4564| 0 0 0
4565| 0 0 0
4566| 0 0 0
4567| 0 0 0
4568| 0 0 0
4569| 0 0 0
4570| 0 0 0
4571| 0 0 0
4572| 0 0 0
4573| 0 0 0
4574| 0 0 0
4575| 0 0 0
4576| 0 0 0
4577| 0 0 0
4578| 0 0 0
4579| 0 0 0
4580| 0 0 0
4581| 0 0 0
4582| 0 0 0
4583| 0 0 0
4584| 0 0 0
4585| 0 0 0
4586| 0 0 0
4587| 0 0 0
4588| 0 0 0
4589| 0 0 0
4590| 0 0 0
4591| 0 0 0
4592| 0 0 0
4593| 0 0 0
4594| 0 0 0
4595| 0 0 0
4596| 0 0 0
4597| 0 0 0
4598| 0 0 0
4599| 0 0 0
4600| 0 0 0
4601| 0 0 0
4602| 0 0 0
4603| 0 0 0
4604| 0 0 0
4605| 0 0 0
4606| 0 0 0
4607| 0 0 0
4608| 0 0 0
4609| 0 0 0
4610| 0 0 0
4611| 0 0 0
4612| 0 0 0
4613| 0 0 0
4614| 0 0 0
4615| 0 0 0
4616| 0 0 0
4617| 0 0 0
4618| 0 0 0
4619| 0 0 0
4620| 0 0 0
4621| 0 0 0
4622| 0 0 0
4623| 0 0 0
4624| 0 0 0
4625| 0 0 0
4626| 0 0 0
4627| 0 0 0
4628| 0 0 0
4629| 0 0 0
4630| 0 0 0
4631| 0 0 0
4632| 0 0 0
4633| 0 0 0
4634| 0 0 0
4635| 0 0 0
4636| 0 0 0
4637| 0 0 0
4638| 0 0 0
4639| 0 0 0
4640| 0 0 0
4641| 0 0 0
4642| 0 0 0
4643| 0 0 0
4644| 0 0 0
4645| 0 0 0
4646| 0 0 0
4647| 0 0 0
4648| 0 0 0
4649| 0 0 0
4650| 0 0 0
4651| 0 0 0
4652| 0 0 0
4653| 0 0 0
4654| 0 0 0
4655| 0 0 0
4656| 0 0 0
4657| 0 0 0
4658| 0 0 0
4659| 0 0 0
4660| 0 0 0
4661| 0 0 0
4662| 0 0 0
4663| 0 0 0
4664| 0 0 0
4665| 0 0 0
4666| 0 0 0
4667| 0 0 0
4668| 0 0 0
4669| 0 0 0
4670| 0 0 0
4671| 0 0 0
4672| 0 0 0
4673| 0 0 0
4674| 0 0 0
4675| 0 0 0
4676| 0 0 0
4677| 0 0 0
4678| 0 0 0
4679| 0 0 0
4680| 0 0 0
4681| 0 0 0
4682| 0 0 0
4683| 0 0 0
4684| 0 0 0
4685| 0 0 0
4686| 0 0 0
4687| 0 0 0
4688| 0 0 0
4689| 0 0 0
4690| 0 0 0
4691| 0 0 0
4692| 0 0 0
4693| 0 0 0
4694| 0 0 0
4695| 0 0 0
4696| 0 0 0
4697| 0 0 0
4698| 0 0 0
4699| 0 0 0
4700| 0 0 0
4701| 0 0 0
4702| 0 0 0
4703| 0 0 0
4704| 0 0 0
4705| 0 0 0
4706| 0 0 0
4707| 0 0 0
4708| 0 0 0
4709| 0 0 0
4710| 0 0 0
4711| 0 0 0
4712| 0 0 0
4713| 0 0 0
4714| 0 0 0
4715| 0 0 0
4716| 0 0 0
4717| 0 0 0
4718| 0 0 0
4719| 0 0 0
4720| 0 0 0
4721| 0 0 0
4722| 0 0 0
4723| 0 0 0
4724| 0 0 0
4725| 0 0 0
4726| 0 0 0
4727| 0 0 0
4728| 0 0 0
4729| 0 0 0
4730| 0 0 0
4731| 0 0 0
4732| 0 0 0
4733| 0 0 0
4734| 0 0 0
4735| 0 0 0
4736| 0 0 0
4737| 0 0 0
4738| 0 0 0
4739| 0 0 0

