1| 0 0 0
2| 0 0 0
3| 0 0 0
4| 0 0 0
5| 0 0 0
6| 0 0 0
7| 0 0 0
8| 0 0 0
9| 0 0 0
10| 0 0 0
11| 0 0 0
12| 0 0 0
13| 0 0 0
14| 0 0 0
15| 0 0 0
16| 0 0 0
17| 0 0 0
18| 0 0 0
19| 0 0 0
20| 0 0 0
21| 0 0 0
22| 0 0 0
23| 0 0 0
24| 0 0 0
25| 0 0 0
26| 0 0 0
27| 0 0 0
28| 0 0 0
29| 0 0 0
30| 0 0 0
31| 0 0 0
32| 0 0 0
33| 0 0 0
34| 0 0 0
35| 0 0 0
36| 0 0 0
37| 0 0 0
38| 0 0 0
39| 0 0 0
40| 0 0 0
41| 0 0 0
42| 0 0 0
43| 0 0 0
44| 0 0 0
45| 0 0 0
46| 0 0 0
47| 0 0 0
48| 0 0 0
49| 0 0 0
50| 0 0 0
51| 0 0 0
52| 0 0 0
53| 0 0 0
54| 0 0 0
55| 0 0 0
56| 0 0 0
57| 0 0 0
58| 0 0 0
59| 0 0 0
60| 0 0 0
61| 0 0 0
62| 0 0 0
63| 0 0 0
64| 0 0 0
65| 0 0 0
66| 0 0 0
67| 0 0 0
68| 0 0 0
69| 0 0 0
70| 0 0 0
71| 0 0 0
72| 0 0 0
73| 0 0 0
74| 0 0 0
75| 0 0 0
76| 0 0 0
77| 0 0 0
78| 0 0 0
79| 0 0 0
80| 0 0 0
81| 0 0 0
82| 0 0 0
83| 0 0 0
84| 0 0 0
85| 0 0 0
86| 0 0 0
87| 0 0 0
88| 0 0 0
89| 0 0 0
90| 0 0 0
91| 0 0 0
92| 0 0 0
93| 0 0 0
94| 0 0 0
95| 0 0 0
96| 0 0 0
97| 0 0 0
98| 0 0 0
99| 0 0 0
100| 0 0 0
101| 0 0 0
102| 0 0 0
103| 0 0 0
104| 0 0 0
105| 0 0 0
106| 0 0 0
107| 0 0 0
108| 0 0 0
109| 0 0 0
110| 0 0 0
111| 0 0 0
112| 0 0 0
113| 0 0 0
114| 0 0 0
115| 0 0 0
116| 0 0 0
117| 0 0 0
118| 0 0 0
119| 0 0 0
120| 0 0 0
121| 0 0 0
122| 0 0 0
123| 0 0 0
124| 0 0 0
125| 0 0 0
126| 0 0 0
127| 0 0 0
128| 0 0 0
129| 0 0 0
130| 0 0 0
131| 0 0 0
132| 0 0 0
133| 0 0 0
134| 0 0 0
135| 0 0 0
136| 0 0 0
137| 0 0 0
138| 0 0 0
139| 0 0 0
140| 0 0 0
141| 0 0 0
142| 0 0 0
143| 0 0 0
144| 0 0 0
145| 0 0 0
146| 0 0 0
147| 0 0 0
148| 0 0 0
149| 0 0 0
150| 0 0 0
151| 0 0 0
152| 0 0 0
153| 0 0 0
154| 0 0 0
155| 0 0 0
156| 0 0 0
157| 0 0 0
158| 0 0 0
159| 0 0 0
160| 0 0 0
161| 0 0 0
162| 0 0 0
163| 0 0 0
164| 0 0 0
165| 0 0 0
166| 0 0 0
167| 0 0 0
168| 0 0 0
169| 0 0 0
170| 0 0 0
171| 0 0 0
172| 0 0 0
173| 0 0 0
174| 0 0 0
175| 0 0 0
176| 0 0 0
177| 0 0 0
178| 0 0 0
179| 0 0 0
180| 0 0 0
181| 0 0 0
182| 0 0 0
183| 0 0 0
184| 0 0 0
185| 0 0 0
186| 0 0 0
187| 0 0 0
188| 0 0 0
189| 0 0 0
190| 0 0 0
191| 0 0 0
192| 0 0 0
193| 0 0 0
194| 0 0 0
195| 0 0 0
196| 0 0 0
197| 0 0 0
198| 0 0 0
199| 0 0 0
200| 0 0 0
201| 0 0 0
202| 0 0 0
203| 0 0 0
204| 0 0 0
205| 0 0 0
206| 0 0 0
207| 0 0 0
208| 0 0 0
209| 0 0 0
210| 0 0 0
211| 0 0 0
212| 0 0 0
213| 0 0 0
214| 0 0 0
215| 0 0 0
216| 0 0 0
217| 0 0 0
218| 0 0 0
219| 0 0 0
220| 0 0 0
221| 0 0 0
222| 0 0 0
223| 0 0 0
224| 0 0 0
225| 0 0 0
226| 0 0 0
227| 0 0 0
228| 0 0 0
229| 0 0 0
230| 0 0 0
231| 0 0 0
232| 0 0 0
233| 0 0 0
234| 0 0 0
235| 0 0 0
236| 0 0 0
237| 0 0 0
238| 0 0 0
239| 0 0 0
240| 0 0 0
241| 0 0 0
242| 0 0 0
243| 0 0 0
244| 0 0 0
245| 0 0 0
246| 0 0 0
247| 0 0 0
248| 0 0 0
249| 0 0 0
250| 0 0 0
251| 0 0 0
252| 0 0 0
253| 0 0 0
254| 0 0 0
255| 0 0 0
256| 0 0 0
257| 0 0 0
258| 0 0 0
259| 0 0 0
260| 0 0 0
261| 0 0 0
262| 0 0 0
263| 0 0 0
264| 0 0 0
265| 0 0 0
266| 0 0 0
267| 0 0 0
268| 0 0 0
269| 0 0 0
270| 0 0 0
271| 0 0 0
272| 0 0 0
273| 0 0 0
274| 0 0 0
275| 0 0 0
276| 0 0 0
277| 0 0 0
278| 0 0 0
279| 0 0 0
280| 0 0 0
281| 0 0 0
282| 0 0 0
283| 0 0 0
284| 0 0 0
285| 0 0 0
286| 0 0 0
287| 0 0 0
288| 0 0 0
289| 0 0 0
290| 0 0 0
291| 0 0 0
292| 0 0 0
293| 0 0 0
294| 0 0 0
295| 0 0 0
296| 0 0 0
297| 0 0 0
298| 0 0 0
299| 0 0 0
300| 0 0 0
301| 0 0 0
302| 0 0 0
303| 0 0 0
304| 0 0 0
305| 0 0 0
306| 0 0 0
307| 0 0 0
308| 0 0 0
309| 0 0 0
310| 0 0 0
311| 0 0 0
312| 0 0 0
313| 0 0 0
314| 0 0 0
315| 0 0 0
316| 0 0 0
317| 0 0 0
318| 0 0 0
319| 0 0 0
320| 0 0 0
321| 0 0 0
322| 0 0 0
323| 0 0 0
324| 0 0 0
325| 0 0 0
326| 0 0 0
327| 0 0 0
328| 0 0 0
329| 0 0 0
330| 0 0 0
331| 0 0 0
332| 0 0 0
333| 0 0 0
334| 0 0 0
335| 0 0 0
336| 0 0 0
337| 0 0 0
338| 0 0 0
339| 0 0 0
340| 0 0 0
341| 0 0 0
342| 0 0 0
343| 0 0 0
344| 0 0 0
345| 0 0 0
346| 0 0 0
347| 0 0 0
348| 0 0 0
349| 0 0 0
350| 0 0 0
351| 0 0 0
352| 0 0 0
353| 0 0 0
354| 0 0 0
355| 0 0 0
356| 0 0 0
357| 0 0 0
358| 0 0 0
359| 0 0 0
360| 0 0 0
361| 0 0 0
362| 0 0 0
363| 0 0 0
364| 0 0 0
365| 0 0 0
366| 0 0 0
367| 0 0 0
368| 0 0 0
369| 0 0 0
370| 0 0 0
371| 0 0 0
372| 0 0 0
373| 0 0 0
374| 0 0 0
375| 0 0 0
376| 0 0 0
377| 0 0 0
378| 0 0 0
379| 0 0 0
380| 0 0 0
381| 0 0 0
382| 0 0 0
383| 0 0 0
384| 0 0 0
385| 0 0 0
386| 0 0 0
387| 0 0 0
388| 0 0 0
389| 0 0 0
390| 0 0 0
391| 0 0 0
392| 0 0 0
393| 0 0 0
394| 0 0 0
395| 0 0 0
396| 0 0 0
397| 0 0 0
398| 0 0 0
399| 0 0 0
400| 0 0 0
401| 0 0 0
402| 0 0 0
403| 0 0 0
404| 0 0 0
405| 0 0 0
406| 0 0 0
407| 0 0 0
408| 0 0 0
409| 0 0 0
410| 0 0 0
411| 0 0 0
412| 0 0 0
413| 0 0 0
414| 0 0 0
415| 0 0 0
416| 0 0 0
417| 0 0 0
418| 0 0 0
419| 0 0 0
420| 0 0 0
421| 0 0 0
422| 0 0 0
423| 0 0 0
424| 0 0 0
425| 0 0 0
426| 0 0 0
427| 0 0 0
428| 0 0 0
429| 0 0 0
430| 0 0 0
431| 0 0 0
432| 0 0 0
433| 0 0 0
434| 0 0 0
435| 0 0 0
436| 0 0 0
437| 0 0 0
438| 0 0 0
439| 0 0 0
440| 0 0 0
441| 0 0 0
442| 0 0 0
443| 0 0 0
444| 0 0 0
445| 0 0 0
446| 0 0 0
447| 0 0 0
448| 0 0 0
449| 0 0 0
450| 0 0 0
451| 0 0 0
452| 0 0 0
453| 0 0 0
454| 0 0 0
455| 0 0 0
456| 0 0 0
457| 0 0 0
458| 0 0 0
459| 0 0 0
460| 0 0 0
461| 0 0 0
462| 0 0 0
463| 0 0 0
464| 0 0 0
465| 0 0 0
466| 0 0 0
467| 0 0 0
468| 0 0 0
469| 0 0 0
470| 0 0 0
471| 0 0 0
472| 0 0 0
473| 0 0 0
474| 0 0 0
475| 0 0 0
476| 0 0 0
477| 0 0 0
478| 0 0 0
479| 0 0 0
480| 0 0 0
481| 0 0 0
482| 0 0 0
483| 0 0 0
484| 0 0 0
485| 0 0 0
486| 0 0 0
487| 0 0 0
488| 0 0 0
489| 0 0 0
490| 0 0 0
491| 0 0 0
492| 0 0 0
493| 0 0 0
494| 0 0 0
495| 0 0 0
496| 0 0 0
497| 0 0 0
498| 0 0 0
499| 0 0 0
500| 0 0 0
501| 0 0 0
502| 0 0 0
503| 0 0 0
504| 0 0 0
505| 0 0 0
506| 0 0 0
507| 0 0 0
508| 0 0 0
509| 0 0 0
510| 0 0 0
511| 0 0 0
512| 0 0 0
513| 0 0 0
514| 0 0 0
515| 0 0 0
516| 0 0 0
517| 0 0 0
518| 0 0 0
519| 0 0 0
520| 0 0 0
521| 0 0 0
522| 0 0 0
523| 0 0 0
524| 0 0 0
525| 0 0 0
526| 0 0 0
527| 0 0 0
528| 0 0 0
529| 0 0 0
530| 0 0 0
531| 0 0 0
532| 0 0 0
533| 0 0 0
534| 0 0 0
535| 0 0 0
536| 0 0 0
537| 0 0 0
538| 0 0 0
539| 0 0 0
540| 0 0 0
541| 0 0 0
542| 0 0 0
543| 0 0 0
544| 0 0 0
545| 0 0 0
546| 0 0 0
547| 0 0 0
548| 0 0 0
549| 0 0 0
550| 0 0 0
551| 0 0 0
552| 0 0 0
553| 0 0 0
554| 0 0 0
555| 0 0 0
556| 0 0 0
557| 0 0 0
558| 0 0 0
559| 0 0 0
560| 0 0 0
561| 0 0 0
562| 0 0 0
563| 0 0 0
564| 0 0 0
565| 0 0 0
566| 0 0 0
567| 0 0 0
568| 0 0 0
569| 0 0 0
570| 0 0 0
571| 0 0 0
572| 0 0 0
573| 0 0 0
574| 0 0 0
575| 0 0 0
576| 0 0 0
577| 0 0 0
578| 0 0 0
579| 0 0 0
580| 0 0 0
581| 0 0 0
582| 0 0 0
583| 0 0 0
584| 0 0 0
585| 0 0 0
586| 0 0 0
587| 0 0 0
588| 0 0 0
589| 0 0 0
590| 0 0 0
591| 0 0 0
592| 0 0 0
593| 0 0 0
594| 0 0 0
595| 0 0 0
596| 0 0 0
597| 0 0 0
598| 0 0 0
599| 0 0 0
600| 0 0 0
601| 0 0 0
602| 0 0 0
603| 0 0 0
604| 0 0 0
605| 0 0 0
606| 0 0 0
607| 0 0 0
608| 0 0 0
609| 0 0 0
610| 0 0 0
611| 0 0 0
612| 0 0 0
613| 0 0 0
614| 0 0 0
615| 0 0 0
616| 0 0 0
617| 0 0 0
618| 0 0 0
619| 0 0 0
620| 0 0 0
621| 0 0 0
622| 0 0 0
623| 0 0 0
624| 0 0 0
625| 0 0 0
626| 0 0 0
627| 0 0 0
628| 0 0 0
629| 0 0 0
630| 0 0 0
631| 0 0 0
632| 0 0 0
633| 0 0 0
634| 0 0 0
635| 0 0 0
636| 0 0 0
637| 0 0 0
638| 0 0 0
639| 0 0 0
640| 0 0 0
641| 0 0 0
642| 0 0 0
643| 0 0 0
644| 0 0 0
645| 0 0 0
646| 0 0 0
647| 0 0 0
648| 0 0 0
649| 0 0 0
650| 0 0 0
651| 0 0 0
652| 0 0 0
653| 0 0 0
654| 0 0 0
655| 0 0 0
656| 0 0 0
657| 0 0 0
658| 0 0 0
659| 0 0 0
660| 0 0 0
661| 0 0 0
662| 0 0 0
663| 0 0 0
664| 0 0 0
665| 0 0 0
666| 0 0 0
667| 0 0 0
668| 0 0 0
669| 0 0 0
670| 0 0 0
671| 0 0 0
672| 0 0 0
673| 0 0 0
674| 0 0 0
675| 0 0 0
676| 0 0 0
677| 0 0 0
678| 0 0 0
679| 0 0 0
680| 0 0 0
681| 0 0 0
682| 0 0 0
683| 0 0 0
684| 0 0 0
685| 0 0 0
686| 0 0 0
687| 0 0 0
688| 0 0 0
689| 0 0 0
690| 0 0 0
691| 0 0 0
692| 0 0 0
693| 0 0 0
694| 0 0 0
695| 0 0 0
696| 0 0 0
697| 0 0 0
698| 0 0 0
699| 0 0 0
700| 0 0 0
701| 0 0 0
702| 0 0 0
703| 0 0 0
704| 0 0 0
705| 0 0 0
706| 0 0 0
707| 0 0 0
708| 0 0 0
709| 0 0 0
710| 0 0 0
711| 0 0 0
712| 0 0 0
713| 0 0 0
714| 0 0 0
715| 0 0 0
716| 0 0 0
717| 0 0 0
718| 0 0 0
719| 0 0 0
720| 0 0 0
721| 0 0 0
722| 0 0 0
723| 0 0 0
724| 0 0 0
725| 0 0 0
726| 0 0 0
727| 0 0 0
728| 0 0 0
729| 0 0 0
730| 0 0 0
731| 0 0 0
732| 0 0 0
733| 0 0 0
734| 0 0 0
735| 0 0 0
736| 0 0 0
737| 0 0 0
738| 0 0 0
739| 0 0 0
740| 0 0 0
741| 0 0 0
742| 0 0 0
743| 0 0 0
744| 0 0 0
745| 0 0 0
746| 0 0 0
747| 0 0 0
748| 0 0 0
749| 0 0 0
750| 0 0 0
751| 0 0 0
752| 0 0 0
753| 0 0 0
754| 0 0 0
755| 0 0 0
756| 0 0 0
757| 0 0 0
758| 0 0 0
759| 0 0 0
760| 0 0 0
761| 0 0 0
762| 0 0 0
763| 0 0 0
764| 0 0 0
765| 0 0 0
766| 0 0 0
767| 0 0 0
768| 0 0 0
769| 0 0 0
770| 0 0 0
771| 0 0 0
772| 0 0 0
773| 0 4 0
774| 0 8 0
775| 0 12 0
776| 0 16 0
777| 0 0 0
778| 0 0 0
779| 0 0 0
780| 0 0 0
781| 0 0 0
782| 0 0 0
783| 0 0 0
784| 0 0 0
785| 0 0 0
786| 0 0 0
787| 0 0 0
788| 0 0 0
789| 0 0 0
790| 0 0 0
791| 0 0 0
792| 0 0 0
793| 0 0 0
794| 0 0 0
795| 0 0 0
796| 0 0 0
797| 0 0 0
798| 0 0 0
799| 0 0 0
800| 0 0 0
801| 0 0 0
802| 0 0 0
803| 0 0 0
804| 0 0 0
805| 0 0 0
806| 0 0 0
807| 0 4 0
808| 0 8 0
809| 0 12 0
810| 0 16 0
811| 0 20 0
812| 0 24 0
813| 0 28 0
814| 0 32 0
815| 0 36 0
816| 0 40 0
817| 0 43,99999 0
818| 0 47,99999 0
819| 0 51,99999 0
820| 0 55,99999 0
821| 0 60 0
822| 0 64 0
823| 0 68 0
824| 0 72 0
825| 0 76,00001 0
826| 0 80,00001 0
827| 0 84,00001 0
828| 0 88,00002 0
829| 0 92,00002 0
830| 0 96,00002 0
831| 0 100 0
832| 0 104 0
833| 0 108 0
834| 0 112 0
835| 0 116 0
836| 0 120 0
837| 0 124 0
838| 0 128 0
839| 0 132 0
840| 0 136 0
841| 0 140 0
842| 0 144 0
843| 0 148 0
844| 0 152 0
845| 0 156 0
846| 0 160 0
847| 0 164 0
848| 0 168 0
849| 0 171,9999 0
850| 0 175,9999 0
851| 0 179,9999 0
852| 0 183,9999 0
853| 0 187,9999 0
854| 0 191,9999 0
855| 0 195,9999 0
856| 0 199,9999 0
857| 0 203,9999 0
858| 0 207,9999 0
859| 0 211,9999 0
860| 0 215,9999 0
861| 0 219,9999 0
862| 0 223,9999 0
863| 0 227,9999 0
864| 0 231,9999 0
865| 0 235,9999 0
866| 0 239,9999 0
867| 0 243,9999 0
868| 0 247,9999 0
869| 0 251,9999 0
870| 0 0 0
871| 0 0 0
872| 0 0 0
873| 0 0 0
874| 0 0 0
875| 0 0 0
876| 0 0 0
877| 0 0 0
878| 0 0 0
879| 0 0 0
880| 0 0 0
881| 0 0 0
882| 0 0 0
883| 0 0 0
884| 0 0 0
885| 0 0 0
886| 0 0 0
887| 0 0 0
888| 0 0 0
889| 0 0 0
890| 0 0 0
891| 0 0 0
892| 0 0 0
893| 0 0 0
894| 0 0 0
895| 0 4 0
896| 0 8 0
897| 0 12 0
898| 0 16 0
899| 0 20 0
900| 0 24 0
901| 0 28 0
902| 0 32 0
903| 0 36 0
904| 0 40 0
905| 0 43,99999 0
906| 0 47,99999 0
907| 0 51,99999 0
908| 0 55,99999 0
909| 0 60 0
910| 0 64 0
911| 0 68 0
912| 0 72 0
913| 0 76,00001 0
914| 0 80,00001 0
915| 0 84,00001 0
916| 0 88,00002 0
917| 0 92,00002 0
918| 0 96,00002 0
919| 0 100 0
920| 0 104 0
921| 0 108 0
922| 0 112 0
923| 0 116 0
924| 0 120 0
925| 0 124 0
926| 0 128 0
927| 0 132 0
928| 0 136 0
929| 0 140 0
930| 0 144 0
931| 0 148 0
932| 0 152 0
933| 0 156 0
934| 0 160 0
935| 0 164 0
936| 0 168 0
937| 0 171,9999 0
938| 0 175,9999 0
939| 0 179,9999 0
940| 0 183,9999 0
941| 0 187,9999 0
942| 0 191,9999 0
943| 0 195,9999 0
944| 0 199,9999 0
945| 0 203,9999 0
946| 0 207,9999 0
947| 0 211,9999 0
948| 0 215,9999 0
949| 0 219,9999 0
950| 0 223,9999 0
951| 0 227,9999 0
952| 0 231,9999 0
953| 0 235,9999 0
954| 0 239,9999 0
955| 0 243,9999 0
956| 0 247,9999 0
957| 0 251,9999 0
958| 0 255,9999 0
959| 0 259,9999 0
960| 0,3 263,9999 0
961| 0,6 267,9999 0
962| 0,9 271,9998 0
963| 1,2 275,9998 0
964| 1,5 279,9998 0
965| 1,8 283,9998 0
966| 1,8 287,9998 0
967| 1,8 291,9998 0
968| 1,8 295,9998 0
969| 1,8 299,9998 0
970| 1,8 303,9998 0
971| 1,8 307,9998 0
972| 1,8 311,9998 0
973| 1,8 315,9998 0
974| 1,8 319,9998 0
975| 1,8 323,9998 0
976| 1,8 327,9998 0
977| 1,8 331,9998 0
978| 1,8 335,9998 0
979| 1,8 339,9998 0
980| 1,8 343,9998 0
981| 1,8 347,9998 0
982| 1,8 351,9998 0
983| 1,8 355,9998 0
984| 1,8 359,9998 0
985| 1,8 363,9998 0
986| 1,8 367,9998 0
987| 1,8 371,9998 0
988| 1,8 375,9998 0
989| 1,8 379,9998 0
990| 1,8 383,9998 0
991| 1,8 387,9998 0
992| 1,8 391,9998 0
993| 1,8 395,9998 0
994| 1,8 399,9997 0
995| 1,8 400 0
996| 1,8 400 0
997| 1,8 400 0
998| 1,8 400 0
999| 1,8 400 0
1000| 1,8 400 0
1001| 1,8 400 0
1002| 1,8 400 0
1003| 1,8 400 0
1004| 1,8 400 0
1005| 1,8 400 0
1006| 1,8 400 0
1007| 1,8 400 0
1008| 1,8 400 0
1009| 1,8 400 0
1010| 1,8 400 0
1011| 1,8 400 0
1012| 1,8 400 0
1013| 1,8 400 0
1014| 1,8 400 0
1015| 1,8 400 0
1016| 1,8 400 0
1017| 0 400 0
1018| -0,3 400 0
1019| -0,3 400 0
1020| -0,3 400 0
1021| -0,3 400 0
1022| -0,3 400 0
1023| -0,3 400 0
1024| -0,3 400 0
1025| -0,3 400 0
1026| -0,3 400 0
1027| -0,3 400 0
1028| -0,3 400 0
1029| -0,3 400 0
1030| -0,3 400 0
1031| -0,3 400 0
1032| -0,3 400 0
1033| -0,3 400 0
1034| -0,3 400 0
1035| -0,3 400 0
1036| -0,3 400 0
1037| -0,3 400 0
1038| 0 400 0
1039| 0,3 400 0
1040| 0,3 400 0
1041| 0,3 400 0
1042| 0,3 400 0
1043| 0,3 400 0
1044| 0,3 400 0
1045| 0,3 400 0
1046| 0,3 400 0
1047| 0,3 400 0
1048| 0,3 400 0
1049| 0,3 400 0
1050| 0,3 400 0
1051| 0,3 400 0
1052| 0,3 400 0
1053| 0,3 400 0
1054| 0,3 400 0
1055| 0,3 400 0
1056| 0,3 400 0
1057| 0,3 400 0
1058| 0,3 400 0
1059| 0 0 0
1060| 0 0 0
1061| 0 0 0
1062| 0 0 0
1063| 0 0 0
1064| 0 0 0
1065| 0 0 0
1066| 0 0 0
1067| 0 0 0
1068| 0 0 0
1069| 0 0 0
1070| 0 0 0
1071| 0,3 0 0
1072| 0,6 0 0
1073| 0,9 0 0
1074| 1,2 0 0
1075| 1,5 0 0
1076| 1,8 0 0
1077| 2,1 0 0
1078| 2,4 0 0
1079| 2,7 0 0
1080| 3 0 0
1081| 3,299999 0 0
1082| 3,599999 0 0
1083| 3,899999 0 0
1084| 4,2 0 0
1085| 4,5 0 0
1086| 0 0 0
1087| 0 0 0
1088| 0 0 0
1089| 0 0 0
1090| 0 0 0
1091| 0 0 0
1092| 0 0 0
1093| 0 0 0
1094| 0 0 0
1095| 0 0 0
1096| 0 0 0
1097| 0 0 0
1098| 0 0 0
1099| 0 0 0
1100| 0 0 0
1101| 0 0 0
1102| 0 0 0
1103| 0 0 0
1104| 0,3 0 0
1105| 0,6 0 0
1106| 0,9 0 0
1107| 1,2 0 0
1108| 1,5 0 0
1109| 1,8 0 0
1110| 2,1 0 0
1111| 2,4 0 0
1112| 2,7 0 0
1113| 3 0 0
1114| 3,299999 0 0
1115| 3,599999 0 0
1116| 3,899999 0 0
1117| 4,2 0 0
1118| 4,5 0 0
1119| 4,8 0 0
1120| 5,1 0 0
1121| 5,4 0 0
1122| 5,7 0 0
1123| 6 0 0
1124| 6,300001 0 0
1125| 6,600001 0 0
1126| 6,900001 0 0
1127| 7,200001 0 0
1128| 7,500001 0 0
1129| 7,800001 0 0
1130| 8,1 0 0
1131| 8,4 0 0
1132| 8,7 0 0
1133| 8,999999 0 0
1134| 9,299999 0 0
1135| 9,599998 0 0
1136| 9,899999 0 0
1137| 10,2 0 0
1138| 10,5 0 0
1139| 0 0 0
1140| 0 0 0
1141| 0 0 0
1142| 0 0 0
1143| 0 0 0
1144| 0 0 0
1145| 0 0 0
1146| 0 0 0
1147| 0 0 0
1148| 0 0 0
1149| 0 0 0
1150| 0 0 0
1151| 0 0 0
1152| 0 0 0
1153| 0 0 0
1154| 0 0 0
1155| 0 0 0
1156| 0 0 0
1157| 0 0 0
1158| 0 0 0
1159| 0 0 0
1160| 0 0 0
1161| 0 0 0
1162| 0 0 0
1163| 0 0 0
1164| 0 0 0
1165| 0 0 0
1166| 0 0 0
1167| 0 0 0
1168| 0 0 0
1169| 0 0 0
1170| 0 0 0
1171| 0 0 0
1172| 0 0 0
1173| 0 0 0
1174| 0 0 0
1175| 0 0 0
1176| 0 0 0
1177| 0 0 0
1178| 0 0 0
1179| 0 4 0
1180| 0 8 0
1181| 0 12 0
1182| 0 16 0
1183| 0 20 0
1184| 0 24 0
1185| 0 28 0
1186| 0 32 0
1187| 0 36 0
1188| 0 40 0
1189| 0 43,99999 0
1190| 0 47,99999 0
1191| 0 51,99999 0
1192| 0 55,99999 0
1193| 0 60 0
1194| 0 64 0
1195| 0 68 0
1196| 0 72 0
1197| 0 76,00001 0
1198| 0 80,00001 0
1199| 0 84,00001 0
1200| 0 88,00002 0
1201| 0 92,00002 0
1202| 0 96,00002 0
1203| 0 100 0
1204| 0 104 0
1205| 0 108 0
1206| 0 112 0
1207| 0 116 0
1208| 0 120 0
1209| 0 124 0
1210| 0 128 0
1211| 0 132 0
1212| 0 136 0
1213| 0 140 0
1214| 0 144 0
1215| 0 148 0
1216| 0 152 0
1217| 0 156 0
1218| 0 160 0
1219| 0 164 0
1220| 0 168 0
1221| 0 171,9999 0
1222| 0 175,9999 0
1223| 0 179,9999 0
1224| 0 183,9999 0
1225| 0 187,9999 0
1226| 0 191,9999 0
1227| 0 195,9999 0
1228| 0 199,9999 0
1229| 0 203,9999 0
1230| 0 207,9999 0
1231| 0 211,9999 0
1232| 0 215,9999 0
1233| 0 219,9999 0
1234| 0 223,9999 0
1235| 0 227,9999 0
1236| 0 231,9999 0
1237| 0 235,9999 0
1238| 0 239,9999 0
1239| 0 243,9999 0
1240| 0 247,9999 0
1241| 0 251,9999 0
1242| 0 255,9999 0
1243| 0 259,9999 0
1244| 0 263,9999 0
1245| 0 267,9999 0
1246| 0 271,9998 0
1247| 0 275,9998 0
1248| 0 279,9998 0
1249| 0 283,9998 0
1250| 0 287,9998 0
1251| 0 0 0
1252| 0 0 0
1253| 0 0 0
1254| 0 0 0
1255| 0 0 0
1256| 0 0 0
1257| 0 0 0
1258| 0 0 0
1259| 0 0 0
1260| 0 0 0
1261| 0 0 0
1262| 0 0 0
1263| 0 0 0
1264| 0 0 0
1265| 0 4 0
1266| 0 8 0
1267| 0 12 0
1268| 0 16 0
1269| 0 20 0
1270| 0 24 0
1271| 0 28 0
1272| 0 32 0
1273| 0 36 0
1274| 0 40 0
1275| 0 43,99999 0
1276| 0 47,99999 0
1277| -0,3 51,99999 0
1278| -0,6 55,99999 0
1279| -0,9 60 0
1280| -1,2 64 0
1281| -1,2 68 0
1282| -1,2 72 0
1283| -1,2 76,00001 0
1284| -1,2 80,00001 0
1285| -1,2 84,00001 0
1286| -1,2 88,00002 0
1287| -1,2 92,00002 0
1288| -1,2 96,00002 0
1289| -1,2 100 0
1290| -1,2 104 0
1291| -1,2 108 0
1292| -1,2 112 0
1293| -1,2 116 0
1294| -1,2 120 0
1295| -1,2 124 0
1296| -1,2 128 0
1297| -1,2 132 0
1298| -1,2 136 0
1299| -1,2 140 0
1300| -1,2 144 0
1301| -1,2 148 0
1302| -1,5 152 0
1303| -1,8 156 0
1304| -2,1 160 0
1305| -2,4 164 0
1306| -2,7 168 0
1307| -3 171,9999 0
1308| -3,299999 175,9999 0
1309| -3,599999 179,9999 0
1310| -3,899999 183,9999 0
1311| -4,2 187,9999 0
1312| -4,2 191,9999 0
1313| -4,2 195,9999 0
1314| -4,2 199,9999 0
1315| -4,2 203,9999 0
1316| -4,2 207,9999 0
1317| -4,2 211,9999 0
1318| -4,2 215,9999 0
1319| -4,2 219,9999 0
1320| -4,2 223,9999 0
1321| -4,2 227,9999 0
1322| -4,2 231,9999 0
1323| -4,2 235,9999 0
1324| -4,2 239,9999 0
1325| -4,2 243,9999 0
1326| -4,2 247,9999 0
1327| -4,2 251,9999 0
1328| -4,2 255,9999 0
1329| -4,2 259,9999 0
1330| -4,2 263,9999 0
1331| -4,2 267,9999 0
1332| -4,2 271,9998 0
1333| -4,2 275,9998 0
1334| -4,2 279,9998 0
1335| -4,2 283,9998 0
1336| -4,2 287,9998 0
1337| -4,2 291,9998 0
1338| -4,2 295,9998 0
1339| -4,2 299,9998 0
1340| -4,2 303,9998 0
1341| -4,2 307,9998 0
1342| -4,2 311,9998 0
1343| -4,2 315,9998 0
1344| -4,2 319,9998 0
1345| -4,2 323,9998 0
1346| -4,2 327,9998 0
1347| -4,2 331,9998 0
1348| -4,2 335,9998 0
1349| -4,2 339,9998 0
1350| -4,2 343,9998 0
1351| -4,2 347,9998 0
1352| -4,2 351,9998 0
1353| -4,2 355,9998 0
1354| -4,2 359,9998 0
1355| -4,2 363,9998 0
1356| -4,2 367,9998 0
1357| -4,2 371,9998 0
1358| -4,2 375,9998 0
1359| -4,2 379,9998 0
1360| -4,2 383,9998 0
1361| -4,2 387,9998 0
1362| 0 391,9998 0
1363| 0,3 395,9998 0
1364| 0,6 399,9997 0
1365| 0,9 400 0
1366| 1,2 400 0
1367| 1,5 400 0
1368| 1,8 400 0
1369| 2,1 400 0
1370| 2,4 400 0
1371| 2,7 400 0
1372| 3 400 0
1373| 3 400 0
1374| 3 400 0
1375| 3 400 0
1376| 3 400 0
1377| 3 400 0
1378| 3 400 0
1379| 3 400 0
1380| 3 400 0
1381| 3 400 0
1382| 3 400 0
1383| 3 400 0
1384| 3 400 0
1385| 3 400 0
1386| 3 400 0
1387| 3 400 0
1388| 3 400 0
1389| 3 400 0
1390| 3 400 0
1391| 3 400 0
1392| 3 400 0
1393| 3 400 0
1394| 3 400 0
1395| 0 400 0
1396| -0,3 400 0
1397| -0,6 400 0
1398| -0,6 400 0
1399| -0,6 400 0
1400| -0,6 400 0
1401| -0,6 400 0
1402| -0,6 400 0
1403| -0,6 400 0
1404| -0,6 400 0
1405| -0,6 400 0
1406| -0,6 400 0
1407| -0,6 400 0
1408| -0,6 400 0
1409| -0,6 400 0
1410| -0,6 400 0
1411| -0,6 400 0
1412| -0,6 400 0
1413| -0,6 400 0
1414| -0,6 400 0
1415| -0,9 400 0
1416| -1,2 400 0
1417| -1,5 400 0
1418| -1,5 400 0
1419| -1,5 400 0
1420| -1,5 400 0
1421| -1,5 400 0
1422| -1,5 400 0
1423| -1,5 400 0
1424| -1,5 400 0
1425| -1,5 400 0
1426| -1,5 400 0
1427| -1,5 400 0
1428| -1,5 400 0
1429| -1,5 400 0
1430| -1,5 400 0
1431| -1,5 400 0
1432| -1,5 400 0
1433| -1,5 400 0
1434| -1,5 400 0
1435| -1,8 400 0
1436| -2,1 400 0
1437| -2,4 400 0
1438| -2,4 400 0
1439| -2,4 400 0
1440| -2,4 400 0
1441| -2,4 400 0
1442| -2,4 400 0
1443| -2,4 400 0
1444| -2,4 400 0
1445| -2,4 400 0
1446| -2,4 400 0
1447| -2,4 400 0
1448| -2,4 400 0
1449| -2,4 400 0
1450| -2,4 400 0
1451| -2,4 400 0
1452| -2,4 400 0
1453| -2,4 400 0
1454| -2,4 400 0
1455| -2,4 400 0
1456| -2,4 400 0
1457| -2,4 400 0
1458| -2,4 400 0
1459| -2,4 400 0
1460| -2,4 400 0
1461| -2,4 400 0
1462| -2,4 400 0
1463| -2,7 400 0
1464| -3 400 0
1465| -3,299999 400 0
1466| -3,599999 400 0
1467| -3,899999 400 0
1468| -4,2 400 0
1469| -4,5 400 0
1470| -4,5 400 0
1471| -4,5 400 0
1472| -4,5 400 0
1473| -4,5 400 0
1474| -4,5 400 0
1475| -4,5 400 0
1476| -4,5 400 0
1477| -4,5 400 0
1478| -4,5 400 0
1479| -4,5 400 0
1480| -4,5 400 0
1481| -4,5 400 0
1482| -4,5 400 0
1483| -4,5 400 0
1484| -4,5 400 0
1485| -4,5 400 0
1486| -4,5 400 0
1487| 0 400 0
1488| 0,3 400 0
1489| 0,6 400 0
1490| 0,9 400 0
1491| 1,2 400 0
1492| 1,2 400 0
1493| 1,2 400 0
1494| 1,2 400 0
1495| 1,2 400 0
1496| 1,2 400 0
1497| 1,2 400 0
1498| 1,2 400 0
1499| 1,2 400 0
1500| 1,2 400 0
1501| 1,2 400 0
1502| 1,2 400 0
1503| 1,5 400 0
1504| 1,8 400 0
1505| 2,1 400 0
1506| 2,4 400 0
1507| 2,4 400 0
1508| 2,4 400 0
1509| 2,4 400 0
1510| 2,4 400 0
1511| 2,4 400 0
1512| 2,4 400 0
1513| 2,4 400 0
1514| 2,4 400 0
1515| 0 400 0
1516| -0,3 400 0
1517| -0,6 400 0
1518| -0,9 400 0
1519| -1,2 400 0
1520| -1,2 400 0
1521| -1,2 400 0
1522| -1,2 400 0
1523| -1,2 400 0
1524| -1,2 400 0
1525| -1,2 400 0
1526| -1,2 400 0
1527| -1,5 400 0
1528| -1,8 400 0
1529| -2,1 400 0
1530| -2,4 400 0
1531| -2,4 400 0
1532| -2,4 400 0
1533| -2,4 400 0
1534| -2,4 400 0
1535| -2,4 400 0
1536| -2,4 400 0
1537| -2,4 400 0
1538| -2,4 400 0
1539| -2,4 400 0
1540| -2,4 400 0
1541| -2,4 400 0
1542| -2,7 400 0
1543| -3 400 0
1544| -3,299999 400 0
1545| -3,599999 400 0
1546| -3,899999 400 0
1547| -4,2 400 0
1548| -4,5 400 0
1549| -4,8 400 0
1550| -5,1 400 0
1551| -5,1 400 0
1552| -5,1 400 0
1553| -5,1 400 0
1554| -5,1 400 0
1555| -5,1 400 0
1556| 0 400 0
1557| 0,3 400 0
1558| 0,3 400 0
1559| 0,3 400 0
1560| 0,3 400 0
1561| 0,3 400 0
1562| 0,6 400 0
1563| 0,9 400 0
1564| 1,2 400 0
1565| 1,5 400 0
1566| 1,5 400 0
1567| 1,5 400 0
1568| 1,5 400 0
1569| 1,5 400 0
1570| 1,5 400 0
1571| 1,8 400 0
1572| 1,8 400 0
1573| 1,8 400 0
1574| 1,8 400 0
1575| 1,8 400 0
1576| 1,8 400 0
1577| 1,8 400 0
1578| 1,8 400 0
1579| 1,8 400 0
1580| 1,8 400 0
1581| 1,8 400 0
1582| 0 400 0
1583| -0,3 400 0
1584| -0,6 400 0
1585| -0,9 400 0
1586| -1,2 400 0
1587| -1,2 400 0
1588| -1,2 400 0
1589| -1,2 400 0
1590| -1,2 400 0
1591| -1,2 400 0
1592| -1,2 400 0
1593| -1,2 400 0
1594| -1,2 400 0
1595| -1,2 400 0
1596| -1,2 400 0
1597| -1,2 400 0
1598| -1,2 400 0
1599| -1,2 400 0
1600| 0 400 0
1601| 0,3 400 0
1602| 0,6 400 0
1603| 0,9 400 0
1604| 0,9 400 0
1605| 0,9 400 0
1606| 0,9 400 0
1607| 0,9 400 0
1608| 0,9 400 0
1609| 0,9 400 0
1610| 0,9 400 0
1611| 0,9 400 0
1612| 0,9 400 0
1613| 0,9 400 0
1614| 0,9 400 0
1615| 0,9 400 0
1616| 0,9 400 0
1617| 0,9 400 0
1618| 0,9 400 0
1619| 0,9 400 0
1620| 0,9 400 0
1621| 0,9 400 0
1622| 0,9 400 0
1623| 0,9 400 0
1624| 0,9 400 0
1625| 0,9 400 0
1626| 0,9 400 0
1627| 0,9 400 0
1628| 0,9 400 0
1629| 0,9 400 0
1630| 0,9 400 0
1631| 0,9 400 0
1632| 0,9 400 0
1633| 0,9 400 0
1634| 0,9 400 0
1635| 0,9 400 0
1636| 0 0 0
1637| 0 0 0
1638| 0 0 0
1639| 0 0 0
1640| 0 0 0
1641| 0 0 0
1642| 0 0 0
1643| -0,3 0 0
1644| -0,6 0 0
1645| -0,9 0 0
1646| -1,2 0 0
1647| -1,5 0 0
1648| -1,8 0 0
1649| 0 0 0
1650| 0 0 0
1651| 0 0 0
1652| 0 0 0
1653| 0 0 0
1654| 0 0 0
1655| 0 0 0
1656| 0 0 0
1657| 0 0 0
1658| 0 0 0
1659| 0 0 0
1660| 0 0 0
1661| 0 0 0
1662| 0 0 0
1663| 0 0 0
1664| 0 0 0
1665| 0 0 0
1666| 0 0 0
1667| 0 0 0
1668| 0 0 0
1669| 0 0 0
1670| 0 0 0
1671| 0 0 0
1672| 0 0 0
1673| 0 0 0
1674| 0 0 0
1675| 0 0 0
1676| 0 0 0
1677| 0 0 0
1678| 0 0 0
1679| -0,3 0 0
1680| -0,6 0 0
1681| -0,9 0 0
1682| -1,2 0 0
1683| -1,5 0 0
1684| -1,8 0 0
1685| -2,1 0 0
1686| -2,4 0 0
1687| -2,7 0 0
1688| -3 0 0
1689| -3,299999 0 0
1690| -3,599999 0 0
1691| -3,899999 0 0
1692| -4,2 0 0
1693| -4,5 0 0
1694| 0 0 0
1695| 0 0 0
1696| 0 0 0
1697| 0 0 0
1698| -0,3 0 0
1699| -0,6 0 0
1700| -0,9 0 0
1701| -1,2 0 0
1702| -1,5 0 0
1703| -1,8 0 0
1704| -2,1 0 0
1705| -2,4 0 0
1706| 0 0 0
1707| 0 0 0
1708| 0 0 0
1709| 0 0 0
1710| 0 0 0
1711| 0 0 0
1712| 0 0 0
1713| 0 0 0
1714| 0 0 0
1715| 0 0 0
1716| 0 0 0
1717| 0 0 0
1718| 0 0 0
1719| 0 0 0
1720| 0 0 0
1721| 0 0 0
1722| 0 0 0
1723| 0 4 0
1724| 0 8 0
1725| 0 12 0
1726| 0 16 0
1727| 0 20 0
1728| -0,3 24 0
1729| -0,6 28 0
1730| -0,9 32 0
1731| -1,2 36 0
1732| -1,5 40 0
1733| -1,8 43,99999 0
1734| -2,1 47,99999 0
1735| -2,4 51,99999 0
1736| -2,7 55,99999 0
1737| -3 60 0
1738| -3,299999 64 0
1739| -3,599999 68 0
1740| -3,899999 72 0
1741| -4,2 76,00001 0
1742| -4,5 80,00001 0
1743| -4,8 84,00001 0
1744| -5,1 88,00002 0
1745| -5,4 92,00002 0
1746| -5,7 96,00002 0
1747| -6 96,00002 0
1748| -6,300001 96,00002 0
1749| -6,600001 96,00002 0
1750| -6,900001 96,00002 0
1751| 0 0 0
1752| 0 0 0
1753| -0,3 0 0
1754| -0,6 0 0
1755| -0,9 0 0
1756| -1,2 0 0
1757| 0 0 0
1758| 0 0 0
1759| 0 0 0
1760| 0 0 0
1761| 0 0 0
1762| 0 0 0
1763| 0 0 0
1764| 0 0 0
1765| 0 0 0
1766| 0 0 0
1767| 0 0 0
1768| -0,3 0 0
1769| -0,6 0 0
1770| -0,9 0 0
1771| -1,2 0 0
1772| -1,5 0 0
1773| -1,8 0 0
1774| -2,1 0 0
1775| -2,4 4 0
1776| -2,7 8 0
1777| -3 8 0
1778| -3,299999 8 0
1779| -3,599999 8 0
1780| -3,899999 8 0
1781| -4,2 8 0
1782| -4,5 8 0
1783| -4,8 8 0
1784| -5,1 8 0
1785| -5,4 8 0
1786| -5,7 8 0
1787| -6 8 0
1788| -6,300001 8 0
1789| -6,600001 8 0
1790| -6,900001 8 0
1791| -7,200001 8 0
1792| -7,500001 8 0
1793| -7,800001 8 0
1794| -8,1 8 0
1795| -8,4 8 0
1796| -8,7 8 0
1797| -8,999999 8 0
1798| -9,299999 8 0
1799| -9,599998 8 0
1800| -9,899999 8 0
1801| -10,2 8 0
1802| -10,5 8 0
1803| -10,8 8 0
1804| -11,1 8 0
1805| -11,4 8 0
1806| -11,7 8 0
1807| -12 8 0
1808| -12,3 8 0
1809| -12,6 8 0
1810| -12,9 8 0
1811| -13,2 8 0
1812| -13,5 8 0
1813| -13,79999 8 0
1814| -14,09999 8 0
1815| -14,39999 8 0
1816| -14,69999 8 0
1817| -14,99999 8 0
1818| -15,29999 8 0
1819| -15,59999 8 0
1820| -15,89999 8 0
1821| -16,19999 8 0
1822| -16,49999 8 0
1823| -16,79999 8 0
1824| -17,09999 8 0
1825| -17,39999 8 0
1826| -17,69999 8 0
1827| -17,99999 8 0
1828| -17,99999 12 0
1829| -17,99999 16 0
1830| -17,99999 20 0
1831| -17,99999 24 0
1832| -17,99999 28 0
1833| -17,99999 32 0
1834| -17,99999 36 0
1835| -17,99999 40 0
1836| -17,99999 43,99999 0
1837| -17,99999 47,99999 0
1838| -17,99999 51,99999 0
1839| -17,99999 55,99999 0
1840| -17,99999 60 0
1841| -17,99999 64 0
1842| -17,99999 68 0
1843| -17,99999 72 0
1844| -17,99999 76,00001 0
1845| -17,99999 80,00001 0
1846| -17,99999 84,00001 0
1847| -17,99999 88,00002 0
1848| -17,99999 92,00002 0
1849| -17,99999 96,00002 0
1850| -17,99999 100 0
1851| -17,99999 104 0
1852| -17,99999 108 0
1853| -17,99999 112 0
1854| -17,99999 116 0
1855| -17,99999 120 0
1856| -17,99999 124 0
1857| 0 0 0
1858| 0 0 0
1859| 0,3 0 0
1860| 0,6 0 0
1861| 0,9 0 0
1862| 1,2 0 0
1863| 1,5 0 0
1864| 1,8 0 0
1865| 2,1 0 0
1866| 2,4 0 0
1867| 2,7 0 0
1868| 3 0 0
1869| 3,299999 0 0
1870| 3,599999 0 0
1871| 3,899999 0 0
1872| 4,2 0 0
1873| 4,5 0 0
1874| 4,8 0 0
1875| 5,1 0 0
1876| 5,1 0 0
1877| 5,1 4 0
1878| 5,1 8 0
1879| 5,1 12 0
1880| 5,1 16 0
1881| 5,1 20 0
1882| 5,1 24 0
1883| 5,1 28 0
1884| 5,1 32 0
1885| 5,1 36 0
1886| 5,1 40 0
1887| 5,1 43,99999 0
1888| 5,1 47,99999 0
1889| 5,1 51,99999 0
1890| 5,1 55,99999 0
1891| 0 0 0
1892| 0 0 0
1893| 0 0 0
1894| 0 0 0
1895| 0 0 0
1896| 0 0 0
1897| 0 0 0
1898| 0 0 0
1899| 0 0 0
1900| 0 0 0
1901| 0 0 0
1902| 0 0 0
1903| 0 0 0
1904| 0 0 0
1905| 0 0 0
1906| 0 0 0
1907| 0 0 0
1908| 0 0 0
1909| 0 0 0
1910| 0 0 0
1911| 0 0 0
1912| 0 4 0
1913| 0 8 0
1914| 0 12 0
1915| 0 16 0
1916| 0 20 0
1917| 0 24 0
1918| 0 28 0
1919| 0 32 0
1920| 0 36 0
1921| 0 40 0
1922| 0 43,99999 0
1923| 0,3 47,99999 0
1924| 0,6 51,99999 0
1925| 0,9 51,99999 0
1926| 1,2 51,99999 0
1927| 1,5 51,99999 0
1928| 1,8 51,99999 0
1929| 2,1 51,99999 0
1930| 2,4 51,99999 0
1931| 2,4 55,99999 0
1932| 2,4 60 0
1933| 2,4 64 0
1934| 2,4 68 0
1935| 2,4 72 0
1936| 2,4 76,00001 0
1937| 0 0 0
1938| 0 0 0
1939| 0 0 0
1940| 0 0 0
1941| 0 0 0
1942| 0 0 0
1943| 0 0 0
1944| 0 0 0
1945| 0 0 0
1946| 0 0 0
1947| 0,3 0 0
1948| 0,3 4 0
1949| 0,3 8 0
1950| 0,3 12 0
1951| 0,3 16 0
1952| 0,3 20 0
1953| 0,3 24 0
1954| 0,3 28 0
1955| 0,3 32 0
1956| 0,3 36 0
1957| 0,3 40 0
1958| 0,3 43,99999 0
1959| 0,3 47,99999 0
1960| 0,3 51,99999 0
1961| 0,3 55,99999 0
1962| 0 0 0
1963| 0 0 0
1964| 0 0 0
1965| 0 0 0
1966| 0 0 0
1967| 0 0 0
1968| 0 0 0
1969| 0 0 0
1970| 0 0 0
1971| 0 0 0
1972| 0 0 0
1973| 0 0 0
1974| 0 0 0
1975| 0 0 0
1976| 0 0 0
1977| 0 0 0
1978| 0 0 0
1979| 0 0 0
1980| 0 0 0
1981| 0 -4 0
1982| 0 -8 0
1983| 0 -12 0
1984| 0 -16 0
1985| 0 -20 0
1986| 0 -24 0
1987| 0 -28 0
1988| 0 -32 0
1989| 0 -36 0
1990| 0 -40 0
1991| 0 -43,99999 0
1992| 0 -47,99999 0
1993| 0 -51,99999 0
1994| 0 -55,99999 0
1995| 0 -60 0
1996| 0 -64 0
1997| 0 -68 0
1998| 0 -72 0
1999| 0 -76,00001 0
2000| 0 -80,00001 0
2001| 0 -84,00001 0
2002| 0 -88,00002 0
2003| 0 -92,00002 0
2004| 0 -96,00002 0
2005| 0 -100 0
2006| 0 -104 0
2007| 0 0 0
2008| 0 0 0
2009| 0 0 0
2010| 0 0 0
2011| 0 0 0
2012| 0 0 0
2013| 0 0 0
2014| 0 0 0
2015| 0 0 0
2016| 0 -4 0
2017| 0 -8 0
2018| 0 -12 0
2019| 0 -16 0
2020| 0 -20 0
2021| 0 -24 0
2022| 0 -28 0
2023| 0 -32 0
2024| 0 -36 0
2025| 0 -40 0
2026| 0 -43,99999 0
2027| 0 -47,99999 0
2028| 0 -51,99999 0
2029| 0 -55,99999 0
2030| 0 -60 0
2031| 0 -64 0
2032| 0 -68 0
2033| 0 -72 0
2034| 0 -76,00001 0
2035| 0 -80,00001 0
2036| 0 -84,00001 0
2037| 0 0 0
2038| 0 0 0
2039| 0 0 0
2040| 0 0 0
2041| 0 0 0
2042| 0 0 0
2043| 0 -4 0
2044| 0 -8 0
2045| 0 -12 0
2046| 0 -16 0
2047| 0 -20 0
2048| 0 -24 0
2049| 0 -28 0
2050| 0 -32 0
2051| 0 -36 0
2052| 0 -40 0
2053| 0 -43,99999 0
2054| 0 -47,99999 0
2055| 0 -51,99999 0
2056| 0 -55,99999 0
2057| 0 -60 0
2058| 0 -64 0
2059| 0 -68 0
2060| 0 -72 0
2061| 0 0 0
2062| 0 0 0
2063| 0 0 0
2064| 0 0 0
2065| 0 0 0
2066| 0 0 0
2067| 0 0 0
2068| 0 0 0
2069| 0 0 0
2070| 0 0 0
2071| 0 0 0
2072| 0 0 0
2073| 0 0 0
2074| 0 0 0
2075| 0 0 0
2076| 0 -4 0
2077| 0 -8 0
2078| 0 -12 0
2079| 0 -16 0
2080| 0 -20 0
2081| 0 -24 0
2082| 0 -28 0
2083| 0 -32 0
2084| 0 -36 0
2085| 0 -40 0
2086| 0 -43,99999 0
2087| 0 -47,99999 0
2088| 0 -51,99999 0
2089| 0 -55,99999 0
2090| 0 -60 0
2091| 0 -64 0
2092| 0 0 0
2093| 0 0 0
2094| 0 0 0
2095| 0 0 0
2096| 0 0 0
2097| 0 0 0
2098| 0 0 0
2099| 0 0 0
2100| 0 0 0
2101| 0 0 0
2102| 0 0 0
2103| 0 0 0
2104| 0,3 0 0
2105| 0,6 0 0
2106| 0,9 0 0
2107| 1,2 0 0
2108| 1,5 0 0
2109| 1,8 0 0
2110| 2,1 0 0
2111| 0 0 0
2112| 0 0 0
2113| 0 0 0
2114| 0 0 0
2115| 0 0 0
2116| 0 0 0
2117| 0 0 0
2118| 0 0 0
2119| 0 0 0
2120| 0 0 0
2121| 0 0 0
2122| 0 0 0
2123| 0 0 0
2124| 0 0 0
2125| 0 0 0
2126| 0 0 0
2127| 0 0 0
2128| 0 0 0
2129| 0,3 0 0
2130| 0,6 0 0
2131| 0,9 0 0
2132| 1,2 0 0
2133| 1,5 0 0
2134| 1,8 0 0
2135| 2,1 0 0
2136| 2,4 0 0
2137| 2,7 0 0
2138| 3 0 0
2139| 3,299999 0 0
2140| 3,599999 0 0
2141| 3,899999 0 0
2142| 4,2 0 0
2143| 4,5 0 0
2144| 4,8 0 0
2145| 5,1 0 0
2146| 5,4 0 0
2147| 5,7 0 0
2148| 6 0 0
2149| 6,300001 0 0
2150| 6,600001 0 0
2151| 6,900001 0 0
2152| 7,200001 0 0
2153| 7,500001 0 0
2154| 7,800001 0 0
2155| 8,1 0 0
2156| 0 0 0
2157| 0 0 0
2158| 0 0 0
2159| 0 0 0
2160| 0 0 0
2161| 0 0 0
2162| 0 0 0
2163| 0 0 0
2164| 0 0 0
2165| 0 0 0
2166| 0 0 0
2167| 0 0 0
2168| 0 0 0
2169| 0 0 0
2170| 0 0 0
2171| 0 0 0
2172| 0,3 0 0
2173| 0,6 0 0
2174| 0,9 0 0
2175| 1,2 0 0
2176| 1,5 0 0
2177| 1,8 0 0
2178| 2,1 0 0
2179| 0 0 0
2180| 0 0 0
2181| 0 0 0
2182| 0 0 0
2183| 0 0 0
2184| 0 0 0
2185| 0 0 0
2186| 0 0 0
2187| 0 0 0
2188| -0,3 0 0
2189| -0,6 0 0
2190| -0,9 0 0
2191| -1,2 0 0
2192| -1,5 0 0
2193| -1,8 0 0
2194| -2,1 0 0
2195| -2,4 0 0
2196| -2,7 0 0
2197| -3 0 0
2198| -3,299999 0 0
2199| -3,599999 0 0
2200| -3,899999 0 0
2201| -4,2 0 0
2202| -4,5 0 0
2203| -4,8 0 0
2204| -5,1 0 0
2205| -5,4 0 0
2206| -5,7 0 0
2207| -6 0 0
2208| -6,300001 0 0
2209| -6,600001 0 0
2210| -6,900001 0 0
2211| -7,200001 0 0
2212| -7,500001 0 0
2213| -7,800001 0 0
2214| -8,1 0 0
2215| -8,4 0 0
2216| 0 0 0
2217| 0 0 0
2218| 0 0 0
2219| 0 0 0
2220| 0 -4 0
2221| 0 -8 0
2222| 0 -12 0
2223| 0 -16 0
2224| 0 -20 0
2225| 0 -24 0
2226| 0 -28 0
2227| 0 -32 0
2228| 0 -36 0
2229| 0 -40 0
2230| 0 -43,99999 0
2231| 0 -47,99999 0
2232| 0 -51,99999 0
2233| 0 -55,99999 0
2234| 0 -60 0
2235| 0 -64 0
2236| 0 -68 0
2237| 0,3 -72 0
2238| 0,6 -76,00001 0
2239| 0,9 -80,00001 0
2240| 1,2 -84,00001 0
2241| 1,5 -88,00002 0
2242| 1,8 -92,00002 0
2243| 2,1 -96,00002 0
2244| 2,4 -100 0
2245| 2,7 -104 0
2246| 2,7 -108 0
2247| 2,7 -112 0
2248| 2,7 -116 0
2249| 2,7 -120 0
2250| 2,7 -124 0
2251| 2,7 -128 0
2252| 2,7 -132 0
2253| 2,7 -136 0
2254| 2,7 -140 0
2255| 2,7 -144 0
2256| 2,7 -148 0
2257| 2,7 -152 0
2258| 2,7 -156 0
2259| 2,7 -160 0
2260| 2,7 -164 0
2261| 2,7 -168 0
2262| 2,7 -171,9999 0
2263| 2,7 -175,9999 0
2264| 2,7 -179,9999 0
2265| 2,7 -183,9999 0
2266| 0 0 0
2267| 0 0 0
2268| 0 0 0
2269| 0 0 0
2270| 0 0 0
2271| 0 0 0
2272| 0 0 0
2273| -0,3 0 0
2274| -0,6 0 0
2275| -0,9 0 0
2276| -1,2 0 0
2277| -1,5 0 0
2278| -1,8 0 0
2279| -2,1 0 0
2280| -2,4 0 0
2281| -2,7 0 0
2282| -3 0 0
2283| -3,299999 0 0
2284| -3,599999 0 0
2285| -3,899999 0 0
2286| -4,2 0 0
2287| 0 0 0
2288| 0 0 0
2289| 0 0 0
2290| 0 0 0
2291| 0 0 0
2292| 0 0 0
2293| 0 0 0
2294| 0 0 0
2295| 0 0 0
2296| 0 0 0
2297| 0 0 0
2298| 0 0 0
2299| 0 0 0
2300| 0 0 0
2301| 0 0 0
2302| 0 0 0
2303| 0 0 0
2304| 0 0 0
2305| 0 0 0
2306| 0 0 0
2307| 0 0 0
2308| 0 0 0
2309| 0 0 0
2310| 0 0 0
2311| 0 0 0
2312| 0 0 0
2313| -0,3 0 0
2314| -0,6 0 0
2315| -0,9 0 0
2316| -1,2 0 0
2317| -1,5 0 0
2318| 0 0 0
2319| 0 0 0
2320| 0 0 0
2321| 0 0 0
2322| 0 0 0
2323| 0 0 0
2324| 0 0 0
2325| 0 0 0
2326| 0 0 0
2327| 0 0 0
2328| 0 0 0
2329| 0 0 0
2330| 0 0 0
2331| 0 0 0
2332| 0 0 0
2333| 0 0 0
2334| 0 0 0
2335| 0 0 0
2336| 0 0 0
2337| 0 0 0
2338| 0 0 0
2339| 0 0 0
2340| 0 0 0
2341| 0 0 0
2342| 0 0 0
2343| 0 0 0
2344| 0 0 0
2345| 0 0 0
2346| 0 0 0
2347| 0 0 0
2348| 0 0 0
2349| 0 0 0
2350| 0 0 0
2351| 0 0 0
2352| 0 0 0
2353| 0 0 0
2354| 0 0 0
2355| 0 0 0
2356| 0 0 0
2357| 0 0 0
2358| 0 0 0
2359| 0 0 0
2360| 0 0 0
2361| 0 0 0
2362| 0 0 0
2363| 0 0 0
2364| 0 0 0
2365| 0 0 0
2366| 0 0 0
2367| 0 0 0
2368| 0 0 0
2369| 0 0 0
2370| 0 0 0
2371| 0 0 0
2372| 0 0 0
2373| 0 0 0
2374| 0 0 0
2375| 0 0 0
2376| 0 0 0
2377| 0 0 0
2378| 0 0 0
2379| 0 0 0
2380| 0 0 0
2381| 0 0 0
2382| 0 0 0
2383| 0 0 0
2384| 0 0 0
2385| 0 0 0
2386| 0 0 0
2387| 0 0 0
2388| 0 0 0
2389| 0 0 0
2390| 0 0 0
2391| 0 0 0
2392| 0 0 0
2393| 0 0 0
2394| 0 0 0
2395| 0 0 0
2396| 0 0 0
2397| 0 0 0
2398| 0 4 0
2399| 0 8 0
2400| 0 12 0
2401| 0 16 0
2402| 0 0 0
2403| 0 0 0
2404| 0 0 0
2405| 0 0 0
2406| 0 0 0
2407| 0 0 0
2408| 0 0 0
2409| 0 0 0
2410| 0 0 0
2411| 0 0 0
2412| 0 0 0
2413| 0 0 0
2414| 0 0 0
2415| 0 0 0
2416| 0 0 0
2417| 0 0 0
2418| 0 0 0
2419| 0 0 0
2420| 0 0 0
2421| 0 0 0
2422| 0 0 0
2423| 0 4 0
2424| 0 8 0
2425| 0 12 0
2426| 0 16 0
2427| 0 20 0
2428| 0 24 0
2429| 0 28 0
2430| 0 0 0
2431| 0 0 0
2432| 0 0 0
2433| 0 0 0
2434| 0 0 0
2435| 0 0 0
2436| 0 0 0
2437| 0 0 0
2438| 0 0 0
2439| 0 0 0
2440| 0 0 0
2441| 0 0 0
2442| 0 0 0
2443| 0 0 0
2444| 0 0 0
2445| 0 4 0
2446| 0 8 0
2447| 0 12 0
2448| 0 16 0
2449| 0 20 0
2450| 0 24 0
2451| 0 28 0
2452| 0 0 0
2453| 0 0 0
2454| 0 0 0
2455| 0 0 0
2456| 0 0 0
2457| 0 0 0
2458| 0 0 0
2459| 0 0 0
2460| 0 0 0
2461| 0 0 0
2462| 0 0 0
2463| 0 0 0
2464| 0 0 0
2465| 0 0 0
2466| 0 0 0
2467| 0 0 0
2468| 0 0 0
2469| 0 0 0
2470| 0 0 0
2471| 0 0 0
2472| 0 0 0
2473| 0 0 0
2474| 0 0 0
2475| 0 0 0
2476| 0 0 0
2477| 0 0 0
2478| 0 0 0
2479| 0 0 0
2480| 0 0 0
2481| 0 0 0
2482| 0 0 0
2483| 0 0 0
2484| 0 0 0
2485| 0 0 0
2486| 0 0 0
2487| 0 0 0
2488| 0 0 0
2489| 0 0 0
2490| 0 0 0
2491| 0 0 0
2492| 0 0 0
2493| 0 0 0
2494| 0 0 0
2495| 0 0 0
2496| 0 0 0
2497| 0 4 0
2498| 0 8 0
2499| 0 12 0
2500| 0 16 0
2501| 0 20 0
2502| 0 24 0
2503| 0 28 0
2504| 0 32 0
2505| 0 36 0
2506| 0 40 0
2507| 0 0 0
2508| 0 0 0
2509| 0 0 0
2510| 0 0 0
2511| 0 0 0
2512| 0 0 0
2513| 0 0 0
2514| 0 0 0
2515| 0 0 0
2516| 0 0 0
2517| 0 0 0
2518| 0 0 0
2519| 0 0 0
2520| 0 0 0
2521| 0 0 0
2522| 0 0 0
2523| 0 0 0
2524| 0 0 0
2525| 0 0 0
2526| 0 0 0
2527| 0 0 0
2528| 0,3 0 0
2529| 0,6 0 0
2530| 0,9 0 0
2531| 1,2 0 0
2532| 0 0 0
2533| 0 0 0
2534| 0 0 0
2535| 0 0 0
2536| 0 0 0
2537| 0 0 0
2538| 0 0 0
2539| 0 0 0
2540| 0 0 0
2541| 0 0 0
2542| 0 0 0
2543| 0 0 0
2544| 0 0 0
2545| 0 0 0
2546| 0 0 0
2547| 0 0 0
2548| 0 0 0
2549| 0 0 0
2550| 0 0 0
2551| 0 0 0
2552| 0 0 0
2553| 0 0 0
2554| 0 4 0
2555| 0 8 0
2556| 0 12 0
2557| 0 16 0
2558| 0 20 0
2559| 0 24 0
2560| 0 28 0
2561| 0 32 0
2562| 0 36 0
2563| 0 40 0
2564| 0 43,99999 0
2565| 0 47,99999 0
2566| 0 51,99999 0
2567| 0,3 55,99999 0
2568| 0,6 60 0
2569| 0,9 64 0
2570| 1,2 68 0
2571| 1,5 72 0
2572| 1,5 76,00001 0
2573| 1,5 80,00001 0
2574| 1,5 84,00001 0
2575| 1,5 88,00002 0
2576| 1,5 92,00002 0
2577| 0 0 0
2578| 0 0 0
2579| 0 0 0
2580| 0 0 0
2581| 0 0 0
2582| 0 0 0
2583| 0 0 0
2584| 0 0 0
2585| 0 0 0
2586| 0 0 0
2587| 0 0 0
2588| 0 4 0
2589| 0 8 0
2590| 0 12 0
2591| 0 16 0
2592| 0 20 0
2593| 0 24 0
2594| 0 28 0
2595| 0 32 0
2596| 0 36 0
2597| 0 40 0
2598| 0 43,99999 0
2599| 0 47,99999 0
2600| 0 51,99999 0
2601| 0 55,99999 0
2602| 0 0 0
2603| 0 0 0
2604| 0 0 0
2605| 0 0 0
2606| 0 0 0
2607| 0 0 0
2608| 0 0 0
2609| 0 0 0
2610| 0 0 0
2611| 0,3 0 0
2612| 0,6 0 0
2613| 0,9 0 0
2614| 1,2 0 0
2615| 1,5 0 0
2616| 1,8 0 0
2617| 2,1 0 0
2618| 2,4 0 0
2619| 2,7 0 0
2620| 0 0 0
2621| 0 0 0
2622| 0 0 0
2623| 0 0 0
2624| 0 0 0
2625| 0 0 0
2626| 0 0 0
2627| 0 0 0
2628| 0 0 0
2629| 0 0 0
2630| 0 0 0
2631| 0 0 0
2632| 0 0 0
2633| 0 0 0
2634| 0 0 0
2635| 0 0 0
2636| 0 0 0
2637| 0 0 0
2638| 0 0 0
2639| 0 0 0
2640| 0 0 0
2641| 0 0 0
2642| 0 0 0
2643| 0 0 0
2644| 0 0 0
2645| 0,3 0 0
2646| 0,6 0 0
2647| 0,9 0 0
2648| 1,2 0 0
2649| 1,5 0 0
2650| 1,8 0 0
2651| 0 0 0
2652| 0 0 0
2653| 0 0 0
2654| 0 0 0
2655| 0 0 0
2656| 0 0 0
2657| 0 0 0
2658| 0 0 0
2659| 0 0 0
2660| 0 0 0
2661| 0 0 0
2662| 0 0 0
2663| 0 0 0
2664| 0 0 0
2665| 0 0 0
2666| 0 0 0
2667| 0 0 0
2668| 0 0 0
2669| 0 0 0
2670| 0 0 0
2671| 0 0 0
2672| 0,3 0 0
2673| 0,6 0 0
2674| 0,9 0 0
2675| 1,2 0 0
2676| 1,5 0 0
2677| 0 0 0
2678| 0 0 0
2679| 0 0 0
2680| 0 0 0
2681| 0 0 0
2682| 0 0 0
2683| 0 0 0
2684| 0 0 0
2685| 0 0 0
2686| 0 0 0
2687| 0 0 0
2688| 0 0 0
2689| 0 0 0
2690| 0 0 0
2691| 0 0 0
2692| 0 0 0
2693| 0 0 0
2694| 0 0 0
2695| 0 0 0
2696| 0 0 0
2697| 0 0 0
2698| 0 0 0
2699| 0 0 0
2700| 0 0 0
2701| 0 0 0
2702| 0 0 0
2703| 0 0 0
2704| 0 0 0
2705| 0 0 0
2706| 0 0 0
2707| 0 0 0
2708| 0 0 0
2709| 0 0 0
2710| 0 0 0
2711| 0 0 0
2712| 0,3 0 0
2713| 0,6 0 0
2714| 0,9 0 0
2715| 1,2 0 0
2716| 1,5 0 0
2717| 1,8 0 0
2718| 2,1 0 0
2719| 0 0 0
2720| 0 0 0
2721| 0 0 0
2722| 0 0 0
2723| 0 0 0
2724| 0 0 0
2725| 0 0 0
2726| 0 0 0
2727| 0 0 0
2728| 0,3 0 0
2729| 0,6 0 0
2730| 0,9 0 0
2731| 1,2 0 0
2732| 1,5 0 0
2733| 1,8 0 0
2734| 2,1 0 0
2735| 2,4 0 0
2736| 0 0 0
2737| 0 0 0
2738| 0 0 0
2739| 0 0 0
2740| 0 0 0
2741| 0 0 0
2742| 0 0 0
2743| 0 0 0
2744| 0 0 0
2745| 0 0 0
2746| 0 0 0
2747| 0,3 0 0
2748| 0,6 0 0
2749| 0,9 0 0
2750| 1,2 0 0
2751| 1,5 0 0
2752| 1,8 0 0
2753| 2,1 0 0
2754| 2,4 0 0
2755| 2,7 0 0
2756| 3 0 0
2757| 0 0 0
2758| 0 0 0
2759| 0 0 0
2760| 0 0 0
2761| 0 0 0
2762| 0 0 0
2763| 0 0 0
2764| 0 0 0
2765| 0 0 0
2766| 0 0 0
2767| 0 0 0
2768| 0 0 0
2769| 0 0 0
2770| 0 0 0
2771| 0 0 0
2772| 0 0 0
2773| 0 0 0
2774| 0,3 0 0
2775| 0,6 0 0
2776| 0,9 0 0
2777| 1,2 0 0
2778| 1,5 0 0
2779| 1,8 0 0
2780| 2,1 0 0
2781| 2,4 0 0
2782| 2,7 0 0
2783| 0 0 0
2784| 0 0 0
2785| 0 0 0
2786| 0 0 0
2787| 0 0 0
2788| 0 0 0
2789| 0 0 0
2790| 0 0 0
2791| 0 0 0
2792| 0 0 0
2793| 0,3 0 0
2794| 0,6 0 0
2795| 0,9 0 0
2796| 1,2 0 0
2797| 1,5 0 0
2798| 1,8 0 0
2799| 2,1 0 0
2800| 2,4 0 0
2801| 2,7 0 0
2802| 3 0 0
2803| 3,299999 0 0
2804| 3,599999 0 0
2805| 3,899999 0 0
2806| 4,2 0 0
2807| 4,5 0 0
2808| 4,8 0 0
2809| 5,1 0 0
2810| 0 0 0
2811| 0 0 0
2812| 0 0 0
2813| 0 0 0
2814| 0 0 0
2815| 0 0 0
2816| 0 0 0
2817| 0 0 0
2818| 0 0 0
2819| 0 0 0
2820| 0 0 0
2821| 0 0 0
2822| 0 0 0
2823| 0 0 0
2824| 0 0 0
2825| 0 0 0
2826| 0 0 0
2827| 0,3 0 0
2828| 0,6 0 0
2829| 0,9 0 0
2830| 1,2 0 0
2831| 1,5 0 0
2832| 1,8 0 0
2833| 2,1 0 0
2834| 2,4 0 0
2835| 2,7 0 0
2836| 3 0 0
2837| 3,299999 0 0
2838| 3,599999 0 0
2839| 3,899999 0 0
2840| 4,2 0 0
2841| 4,5 0 0
2842| 4,8 0 0
2843| 0 0 0
2844| 0 0 0
2845| 0 0 0
2846| 0 0 0
2847| 0 0 0
2848| 0 0 0
2849| 0 0 0
2850| 0 0 0
2851| 0 0 0
2852| 0 0 0
2853| 0 0 0
2854| 0 0 0
2855| 0 0 0
2856| 0 0 0
2857| 0 0 0
2858| 0 0 0
2859| 0 0 0
2860| 0 0 0
2861| 0 0 0
2862| 0 0 0
2863| 0 0 0
2864| 0 0 0
2865| 0 0 0
2866| 0 0 0
2867| 0 0 0
2868| 0 0 0
2869| 0 0 0
2870| 0 0 0
2871| 0 0 0
2872| 0 0 0
2873| 0 0 0
2874| 0 0 0
2875| 0 0 0
2876| 0 0 0
2877| 0 0 0
2878| 0 0 0
2879| 0 0 0
2880| 0 0 0
2881| 0 0 0
2882| 0 0 0
2883| 0,3 0 0
2884| 0,6 0 0
2885| 0,9 0 0
2886| 1,2 0 0
2887| 1,5 0 0
2888| 1,8 0 0
2889| 2,1 0 0
2890| 2,4 0 0
2891| 0 0 0
2892| 0 0 0
2893| 0 0 0
2894| 0 0 0
2895| 0 0 0
2896| 0 0 0
2897| 0 0 0
2898| 0 0 0
2899| 0 0 0
2900| 0 0 0
2901| 0 0 0
2902| 0 0 0
2903| 0 0 0
2904| 0 0 0
2905| 0 0 0
2906| 0 0 0
2907| 0 0 0
2908| 0 0 0
2909| 0 4 0
2910| 0 8 0
2911| 0 12 0
2912| 0 16 0
2913| 0 20 0
2914| 0 24 0
2915| 0 28 0
2916| 0 32 0
2917| 0 36 0
2918| 0 0 0
2919| 0 0 0
2920| 0 0 0
2921| 0 0 0
2922| 0 0 0
2923| 0 0 0
2924| 0 0 0
2925| 0 0 0
2926| 0 0 0
2927| 0 0 0
2928| 0 0 0
2929| 0 0 0
2930| 0 0 0
2931| 0 0 0
2932| 0 0 0
2933| 0 0 0
2934| 0 0 0
2935| 0 0 0
2936| 0 0 0
2937| 0 0 0
2938| 0 0 0
2939| 0 0 0
2940| 0 0 0
2941| 0 0 0
2942| 0 0 0
2943| 0 0 0
2944| 0 0 0
2945| 0 0 0
2946| 0 0 0
2947| 0 0 0
2948| 0 0 0
2949| 0 0 0
2950| 0 0 0
2951| 0 0 0
2952| 0 0 0
2953| 0 0 0
2954| 0 0 0
2955| 0 0 0
2956| 0 0 0
2957| 0 0 0
2958| 0 0 0
2959| 0 0 0
2960| 0 0 0
2961| 0 0 0
2962| 0 0 0
2963| 0 0 0
2964| 0 0 0
2965| 0 0 0
2966| 0 0 0
2967| 0 0 0
2968| 0 4 0
2969| 0 8 0
2970| 0 12 0
2971| 0 16 0
2972| 0 20 0
2973| 0 24 0
2974| 0 28 0
2975| 0 32 0
2976| 0 36 0
2977| 0 40 0
2978| 0 43,99999 0
2979| 0 47,99999 0
2980| 0 51,99999 0
2981| 0 55,99999 0
2982| 0 60 0
2983| 0 64 0
2984| 0 68 0
2985| 0 72 0
2986| 0 76,00001 0
2987| 0 80,00001 0
2988| 0 84,00001 0
2989| 0 88,00002 0
2990| 0 92,00002 0
2991| 0 96,00002 0
2992| 0 100 0
2993| 0 104 0
2994| 0,3 108 0
2995| 0,6 112 0
2996| 0,9 112 0
2997| 1,2 112 0
2998| 1,5 112 0
2999| 1,8 112 0
3000| 2,1 112 0
3001| 2,4 112 0
3002| 2,7 112 0
3003| 3 112 0
3004| 3,299999 112 0
3005| 3,599999 112 0
3006| 3,899999 112 0
3007| 4,2 112 0
3008| 4,5 112 0
3009| 4,8 116 0
3010| 5,1 120 0
3011| 5,1 124 0
3012| 5,1 128 0
3013| 5,1 132 0
3014| 5,1 136 0
3015| 5,1 140 0
3016| 5,1 144 0
3017| 5,1 148 0
3018| 5,1 152 0
3019| 5,1 156 0
3020| 5,1 160 0
3021| 5,1 164 0
3022| 5,1 168 0
3023| 5,1 171,9999 0
3024| 5,1 175,9999 0
3025| 5,1 179,9999 0
3026| 5,1 183,9999 0
3027| 5,1 187,9999 0
3028| 5,1 191,9999 0
3029| 5,1 195,9999 0
3030| 5,1 199,9999 0
3031| 5,1 203,9999 0
3032| 5,1 207,9999 0
3033| 5,1 211,9999 0
3034| 5,1 215,9999 0
3035| 5,1 219,9999 0
3036| 0 0 0
3037| 0 0 0
3038| 0 0 0
3039| 0 0 0
3040| 0 0 0
3041| 0 0 0
3042| 0 0 0
3043| 0 0 0
3044| 0 0 0
3045| -0,3 0 0
3046| -0,6 0 0
3047| -0,9 0 0
3048| -1,2 0 0
3049| -1,5 0 0
3050| -1,8 0 0
3051| -2,1 0 0
3052| 0 0 0
3053| 0 0 0
3054| 0 0 0
3055| 0 0 0
3056| 0 0 0
3057| 0 0 0
3058| 0 0 0
3059| 0 0 0
3060| 0 0 0
3061| 0 0 0
3062| 0 0 0
3063| 0 0 0
3064| 0 0 0
3065| 0 0 0
3066| 0 0 0
3067| 0 0 0
3068| 0 0 0
3069| 0 0 0
3070| -0,3 0 0
3071| -0,6 0 0
3072| -0,9 0 0
3073| -1,2 0 0
3074| 0 0 0
3075| 0 0 0
3076| 0 0 0
3077| 0 0 0
3078| 0 0 0
3079| 0 0 0
3080| 0 0 0
3081| 0 0 0
3082| 0 0 0
3083| 0 0 0
3084| 0 0 0
3085| 0 0 0
3086| 0 0 0
3087| 0 0 0
3088| 0 0 0
3089| 0 0 0
3090| 0 0 0
3091| 0 0 0
3092| -0,3 0 0
3093| -0,6 0 0
3094| -0,9 0 0
3095| -1,2 0 0
3096| -1,5 0 0
3097| 0 0 0
3098| 0 0 0
3099| 0 0 0
3100| 0 0 0
3101| 0 0 0
3102| 0 0 0
3103| 0 0 0
3104| 0 0 0
3105| 0 0 0
3106| 0 0 0
3107| 0 0 0
3108| 0 0 0
3109| 0 0 0
3110| 0 0 0
3111| 0 0 0
3112| 0 0 0
3113| 0 0 0
3114| 0 0 0
3115| 0 0 0
3116| 0 0 0
3117| 0 0 0
3118| 0 0 0
3119| 0 0 0
3120| 0 4 0
3121| 0 8 0
3122| 0 12 0
3123| 0 16 0
3124| 0 20 0
3125| 0 24 0
3126| 0 28 0
3127| 0 32 0
3128| 0 0 0
3129| 0 0 0
3130| 0 0 0
3131| 0 0 0
3132| 0 0 0
3133| 0 0 0
3134| 0 0 0
3135| 0 0 0
3136| 0 0 0
3137| 0 0 0
3138| 0 0 0
3139| 0 0 0
3140| 0 0 0
3141| 0 0 0
3142| -0,3 0 0
3143| -0,6 0 0
3144| -0,9 0 0
3145| -1,2 0 0
3146| -1,5 0 0
3147| 0 0 0
3148| 0 0 0
3149| 0 0 0
3150| 0 0 0
3151| 0 0 0
3152| 0 0 0
3153| 0 0 0
3154| 0 0 0
3155| 0 0 0
3156| 0 0 0
3157| -0,3 0 0
3158| -0,6 0 0
3159| -0,9 0 0
3160| -1,2 0 0
3161| -1,5 0 0
3162| -1,8 0 0
3163| -2,1 0 0
3164| -2,4 0 0
3165| -2,7 0 0
3166| -3 0 0
3167| 0 0 0
3168| 0 0 0
3169| 0 0 0
3170| 0 0 0
3171| 0 0 0
3172| 0 0 0
3173| 0 0 0
3174| 0 0 0
3175| 0 0 0
3176| 0 0 0
3177| 0 4 0
3178| 0 8 0
3179| 0 12 0
3180| 0 16 0
3181| 0 20 0
3182| 0 24 0
3183| 0 28 0
3184| 0 32 0
3185| 0 36 0
3186| 0 40 0
3187| 0 43,99999 0
3188| 0 47,99999 0
3189| 0 51,99999 0
3190| 0 55,99999 0
3191| 0 60 0
3192| 0 64 0
3193| 0 68 0
3194| 0 72 0
3195| 0 76,00001 0
3196| 0 80,00001 0
3197| 0 84,00001 0
3198| 0 88,00002 0
3199| 0 92,00002 0
3200| 0 96,00002 0
3201| 0 100 0
3202| 0 104 0
3203| 0 108 0
3204| 0 112 0
3205| 0 116 0
3206| 0 120 0
3207| 0 124 0
3208| 0 128 0
3209| 0 132 0
3210| 0 136 0
3211| 0 140 0
3212| 0 144 0
3213| 0 148 0
3214| 0 152 0
3215| 0 156 0
3216| 0 160 0
3217| 0 164 0
3218| 0 168 0
3219| 0 171,9999 0
3220| 0 175,9999 0
3221| 0 179,9999 0
3222| 0 183,9999 0
3223| 0 187,9999 0
3224| 0 0 0
3225| 0 0 0
3226| 0 0 0
3227| 0 0 0
3228| 0 0 0
3229| 0 0 0
3230| 0 0 0
3231| 0 0 0
3232| 0 0 0
3233| 0 0 0
3234| 0 0 0
3235| 0 0 0
3236| 0 0 0
3237| 0 0 0
3238| 0 4 0
3239| 0 8 0
3240| 0 12 0
3241| 0 16 0
3242| -0,3 20 0
3243| -0,6 24 0
3244| -0,9 28 0
3245| -1,2 32 0
3246| -1,5 36 0
3247| -1,5 40 0
3248| -1,5 43,99999 0
3249| -1,5 47,99999 0
3250| -1,5 51,99999 0
3251| -1,5 55,99999 0
3252| -1,5 60 0
3253| -1,5 64 0
3254| -1,5 68 0
3255| -1,5 72 0
3256| -1,5 76,00001 0
3257| -1,5 80,00001 0
3258| -1,5 84,00001 0
3259| 0 0 0
3260| 0 0 0
3261| 0 0 0
3262| 0 0 0
3263| 0 0 0
3264| 0 0 0
3265| 0 0 0
3266| 0 0 0
3267| 0 0 0
3268| 0 0 0
3269| 0 0 0
3270| 0 0 0
3271| 0 0 0
3272| 0 0 0
3273| 0 0 0
3274| 0 0 0
3275| 0 0 0
3276| 0 0 0
3277| 0 0 0
3278| 0 0 0
3279| 0 0 0
3280| 0 0 0
3281| 0 0 0
3282| 0 0 0
3283| 0 0 0
3284| 0 0 0
3285| 0 0 0
3286| 0 0 0
3287| 0 0 0
3288| 0 0 0
3289| 0 4 0
3290| 0 8 0
3291| 0 12 0
3292| 0 16 0
3293| 0 20 0
3294| 0 24 0
3295| 0 28 0
3296| 0 32 0
3297| 0 36 0
3298| 0 40 0
3299| 0 43,99999 0
3300| 0 47,99999 0
3301| 0 51,99999 0
3302| 0 55,99999 0
3303| 0 60 0
3304| 0 64 0
3305| 0 68 0
3306| 0 72 0
3307| 0 76,00001 0
3308| 0 80,00001 0
3309| 0 84,00001 0
3310| 0 88,00002 0
3311| 0 92,00002 0
3312| 0 0 0
3313| 0 0 0
3314| 0 0 0
3315| 0 0 0
3316| 0 0 0
3317| 0 0 0
3318| 0 0 0
3319| 0 0 0
3320| 0 0 0
3321| 0 0 0
3322| 0 0 0
3323| 0 0 0
3324| 0 0 0
3325| 0 0 0
3326| 0 4 0
3327| 0 8 0
3328| 0 12 0
3329| 0 16 0
3330| 0 20 0
3331| 0 24 0
3332| 0 28 0
3333| 0 32 0
3334| 0 36 0
3335| -0,3 40 0
3336| -0,6 43,99999 0
3337| -0,6 47,99999 0
3338| -0,6 51,99999 0
3339| -0,6 55,99999 0
3340| -0,6 60 0
3341| -0,6 64 0
3342| -0,6 68 0
3343| -0,6 72 0
3344| -0,6 76,00001 0
3345| -0,6 80,00001 0
3346| -0,6 84,00001 0
3347| -0,6 88,00002 0
3348| -0,6 92,00002 0
3349| -0,6 96,00002 0
3350| -0,6 100 0
3351| -0,6 104 0
3352| -0,6 108 0
3353| -0,6 112 0
3354| -0,6 116 0
3355| -0,6 120 0
3356| -0,6 124 0
3357| -0,6 128 0
3358| -0,6 132 0
3359| -0,6 136 0
3360| -0,6 140 0
3361| -0,6 144 0
3362| -0,6 148 0
3363| 0 0 0
3364| 0 0 0
3365| 0 0 0
3366| 0 0 0
3367| 0 0 0
3368| 0 0 0
3369| 0 0 0
3370| 0 0 0
3371| 0 0 0
3372| 0 0 0
3373| 0 0 0
3374| 0 0 0
3375| 0 0 0
3376| 0 0 0
3377| 0 0 0
3378| 0 0 0
3379| 0 0 0
3380| 0 0 0
3381| 0 0 0
3382| 0 0 0
3383| 0 4 0
3384| 0 8 0
3385| 0 12 0
3386| 0 16 0
3387| 0 20 0
3388| 0 24 0
3389| 0 28 0
3390| 0 32 0
3391| 0 36 0
3392| 0 40 0
3393| 0 43,99999 0
3394| 0 47,99999 0
3395| 0 51,99999 0
3396| 0 55,99999 0
3397| 0 60 0
3398| 0 64 0
3399| 0 68 0
3400| 0 72 0
3401| 0 76,00001 0
3402| 0 80,00001 0
3403| 0 84,00001 0
3404| 0 88,00002 0
3405| 0 92,00002 0
3406| 0 96,00002 0
3407| 0 100 0
3408| 0 104 0
3409| 0 108 0
3410| 0 112 0
3411| 0 116 0
3412| 0 120 0
3413| 0 124 0
3414| 0 128 0
3415| 0 132 0
3416| 0 136 0
3417| 0 0 0
3418| 0 0 0
3419| 0 0 0
3420| 0 0 0
3421| 0 0 0
3422| 0 0 0
3423| 0 0 0
3424| 0 0 0
3425| 0 0 0
3426| 0 0 0
3427| 0 0 0
3428| 0 0 0
3429| 0,3 0 0
3430| 0,6 0 0
3431| 0,9 4 0
3432| 0,9 8 0
3433| 0,9 12 0
3434| 0,9 16 0
3435| 0,9 20 0
3436| 0,9 24 0
3437| 0,9 28 0
3438| 0,9 32 0
3439| 0,9 36 0
3440| 0,9 40 0
3441| 0,9 43,99999 0
3442| 0,9 47,99999 0
3443| 0,9 51,99999 0
3444| 0,9 55,99999 0
3445| 0,9 60 0
3446| 0,9 64 0
3447| 0 0 0
3448| 0 0 0
3449| 0 0 0
3450| 0 0 0
3451| 0 0 0
3452| 0 0 0
3453| 0 0 0
3454| 0 0 0
3455| 0 4 0
3456| 0 8 0
3457| 0 12 0
3458| 0 16 0
3459| 0 20 0
3460| 0 24 0
3461| 0 28 0
3462| 0 32 0
3463| 0 36 0
3464| 0 40 0
3465| 0 43,99999 0
3466| 0 47,99999 0
3467| 0 51,99999 0
3468| 0 55,99999 0
3469| 0 60 0
3470| 0 64 0
3471| 0 68 0
3472| 0 72 0
3473| 0 76,00001 0
3474| 0 0 0
3475| 0 0 0
3476| 0 0 0
3477| 0 0 0
3478| 0 0 0
3479| 0 0 0
3480| 0 0 0
3481| 0 0 0
3482| 0 0 0
3483| 0 0 0
3484| 0 0 0
3485| 0 0 0
3486| 0 0 0
3487| 0 0 0
3488| 0 0 0
3489| 0 0 0
3490| 0 0 0
3491| 0 0 0
3492| 0 4 0
3493| 0 8 0
3494| 0 12 0
3495| 0 16 0
3496| 0 20 0
3497| 0 24 0
3498| 0 28 0
3499| 0 32 0
3500| 0 36 0
3501| 0 40 0
3502| 0 0 0
3503| 0 0 0
3504| 0 0 0
3505| 0 4 0
3506| 0 8 0
3507| 0 12 0
3508| 0 16 0
3509| 0 20 0
3510| 0 24 0
3511| 0 28 0
3512| 0 32 0
3513| 0 0 0
3514| 0 0 0
3515| 0 0 0
3516| 0 0 0
3517| 0 0 0
3518| 0 0 0
3519| 0 0 0
3520| 0 4 0
3521| 0 8 0
3522| 0 12 0
3523| 0 16 0
3524| 0 20 0
3525| 0 24 0
3526| 0 28 0
3527| 0 32 0
3528| 0 36 0
3529| 0 40 0
3530| 0 43,99999 0
3531| 0 47,99999 0
3532| 0 51,99999 0
3533| 0 55,99999 0
3534| 0 60 0
3535| 0 64 0
3536| 0 68 0
3537| 0 72 0
3538| 0 76,00001 0
3539| 0 80,00001 0
3540| 0 84,00001 0
3541| 0 88,00002 0
3542| 0 92,00002 0
3543| 0 96,00002 0
3544| 0 100 0
3545| 0 104 0
3546| 0 108 0
3547| 0 112 0
3548| 0 116 0
3549| 0 120 0
3550| 0 124 0
3551| 0 128 0
3552| 0 132 0
3553| 0 0 0
3554| 0 0 0
3555| 0 0 0
3556| 0 0 0
3557| 0 0 0
3558| 0 0 0
3559| 0 0 0
3560| 0 0 0
3561| 0 0 0
3562| 0 0 0
3563| 0 4 0
3564| 0 8 0
3565| 0 12 0
3566| 0 16 0
3567| 0 20 0
3568| 0 24 0
3569| 0 28 0
3570| 0 32 0
3571| 0 36 0
3572| 0,3 40 0
3573| 0,6 43,99999 0
3574| 0,9 47,99999 0
3575| 1,2 51,99999 0
3576| 1,5 55,99999 0
3577| 1,5 60 0
3578| 1,5 64 0
3579| 1,5 68 0
3580| 1,5 72 0
3581| 1,5 76,00001 0
3582| 1,5 80,00001 0
3583| 1,5 84,00001 0
3584| 1,5 88,00002 0
3585| 1,5 92,00002 0
3586| 1,5 96,00002 0
3587| 1,5 100 0
3588| 1,5 104 0
3589| 1,8 108 0
3590| 2,1 112 0
3591| 2,4 116 0
3592| 2,7 120 0
3593| 3 124 0
3594| 3 128 0
3595| 3 132 0
3596| 3 136 0
3597| 3 140 0
3598| 3 144 0
3599| 3 148 0
3600| 3 152 0
3601| 3 156 0
3602| 3 160 0
3603| 3 164 0
3604| 3 168 0
3605| 3 171,9999 0
3606| 3 175,9999 0
3607| 3 179,9999 0
3608| 3 183,9999 0
3609| 3 187,9999 0
3610| 3 191,9999 0
3611| 3 195,9999 0
3612| 3 199,9999 0
3613| 3 203,9999 0
3614| 3 207,9999 0
3615| 3 211,9999 0
3616| 3 215,9999 0
3617| 0 219,9999 0
3618| -0,3 223,9999 0
3619| -0,6 227,9999 0
3620| -0,9 231,9999 0
3621| -1,2 235,9999 0
3622| -1,2 239,9999 0
3623| -1,2 243,9999 0
3624| -1,2 247,9999 0
3625| -1,2 251,9999 0
3626| -1,2 255,9999 0
3627| -1,2 259,9999 0
3628| -1,2 263,9999 0
3629| -1,2 267,9999 0
3630| -1,5 271,9998 0
3631| -1,8 275,9998 0
3632| -2,1 279,9998 0
3633| -2,4 283,9998 0
3634| -2,7 287,9998 0
3635| -3 291,9998 0
3636| -3 295,9998 0
3637| -3 299,9998 0
3638| -3 303,9998 0
3639| -3 307,9998 0
3640| -3 311,9998 0
3641| -3 315,9998 0
3642| -3 319,9998 0
3643| -3 323,9998 0
3644| -3 327,9998 0
3645| -3 331,9998 0
3646| -3 335,9998 0
3647| -3 339,9998 0
3648| -3 343,9998 0
3649| -3 347,9998 0
3650| -3 351,9998 0
3651| -3 355,9998 0
3652| -3 359,9998 0
3653| -3 363,9998 0
3654| -3 367,9998 0
3655| -3 371,9998 0
3656| -3 375,9998 0
3657| -3 379,9998 0
3658| -3 383,9998 0
3659| -3 387,9998 0
3660| -3 391,9998 0
3661| -3 395,9998 0
3662| -3 399,9997 0
3663| -3 400 0
3664| -3 400 0
3665| 0 400 0
3666| 0,3 400 0
3667| 0,6 400 0
3668| 0,6 400 0
3669| 0,6 400 0
3670| 0,6 400 0
3671| 0,6 400 0
3672| 0,6 400 0
3673| 0,6 400 0
3674| 0,6 400 0
3675| 0,6 400 0
3676| 0,6 400 0
3677| 0,6 400 0
3678| 0,6 400 0
3679| 0,9 400 0
3680| 0,9 400 0
3681| 0,9 400 0
3682| 0,9 400 0
3683| 0,9 400 0
3684| 0,9 400 0
3685| 0,9 400 0
3686| 0,9 400 0
3687| 0,9 400 0
3688| 0,9 400 0
3689| 0,9 400 0
3690| 0,9 400 0
3691| 0,9 400 0
3692| 0,9 400 0
3693| 0,9 400 0
3694| 0,9 400 0
3695| 0,9 400 0
3696| 0,9 400 0
3697| 0,9 400 0
3698| 0,9 400 0
3699| 0,9 400 0
3700| 0,9 400 0
3701| 0,9 400 0
3702| 0,9 400 0
3703| 0,9 400 0
3704| 0,9 400 0
3705| 0,9 400 0
3706| 0,9 400 0
3707| 0,9 400 0
3708| 0,9 400 0
3709| 0,9 400 0
3710| 0,9 400 0
3711| 0,9 400 0
3712| 0,9 400 0
3713| 0,9 400 0
3714| 0,9 400 0
3715| 0,9 400 0
3716| 0,9 400 0
3717| 0,9 400 0
3718| 0,9 400 0
3719| 0,9 400 0
3720| 0,9 400 0
3721| 0,9 400 0
3722| 0,9 400 0
3723| 0,9 400 0
3724| 0,9 400 0
3725| 0,9 400 0
3726| 0,9 400 0
3727| 0,9 400 0
3728| 0,9 400 0
3729| 0,9 400 0
3730| 0,9 400 0
3731| 0,9 400 0
3732| 0,9 400 0
3733| 0,9 400 0
3734| 0,9 400 0
3735| 0,9 400 0
3736| 0,9 400 0
3737| 0,9 400 0
3738| 0,9 400 0
3739| 0,9 400 0
3740| 0,9 400 0
3741| 0,9 400 0
3742| 0,9 400 0
3743| 0,9 400 0
3744| 0,9 400 0
3745| 0,9 400 0
3746| 0 400 0
3747| -0,3 400 0
3748| -0,6 400 0
3749| -0,6 400 0
3750| -0,6 400 0
3751| -0,6 400 0
3752| -0,6 400 0
3753| -0,6 400 0
3754| -0,6 400 0
3755| -0,6 400 0
3756| -0,6 400 0
3757| -0,6 400 0
3758| -0,6 400 0
3759| -0,6 400 0
3760| -0,6 400 0
3761| -0,6 400 0
3762| -0,6 400 0
3763| -0,6 400 0
3764| -0,6 400 0
3765| -0,6 400 0
3766| -0,6 400 0
3767| -0,6 400 0
3768| -0,6 400 0
3769| -0,6 400 0
3770| -0,6 400 0
3771| -0,6 400 0
3772| -0,6 400 0
3773| -0,6 400 0
3774| -0,6 400 0
3775| -0,6 400 0
3776| -0,6 400 0
3777| -0,6 400 0
3778| -0,6 400 0
3779| -0,6 400 0
3780| -0,6 400 0
3781| -0,6 400 0
3782| -0,6 400 0
3783| -0,6 400 0
3784| -0,6 400 0
3785| -0,6 400 0
3786| -0,6 400 0
3787| -0,6 400 0
3788| -0,6 400 0
3789| -0,6 400 0
3790| -0,6 400 0
3791| -0,6 400 0
3792| -0,6 400 0
3793| -0,6 400 0
3794| -0,6 400 0
3795| -0,6 400 0
3796| -0,6 400 0
3797| -0,6 400 0
3798| -0,6 400 0
3799| -0,6 400 0
3800| -0,6 400 0
3801| -0,6 400 0
3802| -0,6 400 0
3803| -0,6 400 0
3804| -0,6 400 0
3805| -0,6 400 0
3806| -0,6 400 0
3807| -0,6 400 0
3808| -0,6 400 0
3809| -0,6 400 0
3810| -0,6 400 0
3811| -0,6 400 0
3812| -0,6 400 0
3813| -0,6 400 0
3814| -0,6 400 0
3815| -0,6 400 0
3816| -0,6 400 0
3817| -0,6 400 0
3818| 0 400 0
3819| 0,3 400 0
3820| 0,6 400 0
3821| 0,9 400 0
3822| 0,9 400 0
3823| 0,9 400 0
3824| 0,9 400 0
3825| 0,9 400 0
3826| 0,9 400 0
3827| 0,9 400 0
3828| 0,9 400 0
3829| 1,2 400 0
3830| 1,5 400 0
3831| 1,8 400 0
3832| 2,1 400 0
3833| 2,4 400 0
3834| 2,7 400 0
3835| 3 400 0
3836| 3,299999 400 0
3837| 3,299999 400 0
3838| 3,299999 400 0
3839| 3,299999 400 0
3840| 3,299999 400 0
3841| 3,299999 400 0
3842| 3,299999 400 0
3843| 3,299999 400 0
3844| 3,299999 400 0
3845| 3,299999 400 0
3846| 3,299999 400 0
3847| 3,299999 400 0
3848| 3,299999 400 0
3849| 3,299999 400 0
3850| 3,299999 400 0
3851| 3,599999 400 0
3852| 3,899999 400 0
3853| 4,2 400 0
3854| 4,5 400 0
3855| 4,5 400 0
3856| 4,5 400 0
3857| 4,5 400 0
3858| 4,5 400 0
3859| 4,5 400 0
3860| 4,5 400 0
3861| 4,5 400 0
3862| 4,5 400 0
3863| 4,5 400 0
3864| 4,5 400 0
3865| 4,5 400 0
3866| 4,5 400 0
3867| 4,5 400 0
3868| 4,5 400 0
3869| 4,5 400 0
3870| 4,5 400 0
3871| 4,5 400 0
3872| 4,5 400 0
3873| 4,5 400 0
3874| 4,5 400 0
3875| 4,5 400 0
3876| 4,5 400 0
3877| 4,5 400 0
3878| 4,5 400 0
3879| 4,5 400 0
3880| 4,5 400 0
3881| 4,5 400 0
3882| 4,5 400 0
3883| 4,5 400 0
3884| 4,5 400 0
3885| 4,5 400 0
3886| 4,5 400 0
3887| 0 400 0
3888| -0,3 400 0
3889| -0,6 400 0
3890| -0,9 400 0
3891| -0,9 400 0
3892| -0,9 400 0
3893| -0,9 400 0
3894| -0,9 400 0
3895| -0,9 400 0
3896| -0,9 400 0
3897| -0,9 400 0
3898| -0,9 400 0
3899| -0,9 400 0
3900| -0,9 400 0
3901| -0,9 400 0
3902| -0,9 400 0
3903| -0,9 400 0
3904| -0,9 400 0
3905| -0,9 400 0
3906| -0,9 400 0
3907| -0,9 400 0
3908| -0,9 400 0
3909| -0,9 400 0
3910| -0,9 400 0
3911| -0,9 400 0
3912| -0,9 400 0
3913| -0,9 400 0
3914| -0,9 400 0
3915| -0,9 400 0
3916| -0,9 400 0
3917| -0,9 400 0
3918| -0,9 400 0
3919| -0,9 400 0
3920| -0,9 400 0
3921| -0,9 400 0
3922| -0,9 400 0
3923| 0 400 0
3924| 0,3 400 0
3925| 0,6 400 0
3926| 0,9 400 0
3927| 0,9 400 0
3928| 0,9 400 0
3929| 0,9 400 0
3930| 0,9 400 0
3931| 0,9 400 0
3932| 0,9 400 0
3933| 0,9 400 0
3934| 0,9 400 0
3935| 0,9 400 0
3936| 0,9 400 0
3937| 0,9 400 0
3938| 0,9 400 0
3939| 0,9 400 0
3940| 0,9 400 0
3941| 0,9 400 0
3942| 0,9 400 0
3943| 0,9 400 0
3944| 0,9 400 0
3945| 0,9 400 0
3946| 0,9 400 0
3947| 0,9 400 0
3948| 0,9 400 0
3949| 0,9 400 0
3950| 0,9 400 0
3951| 0,9 400 0
3952| 0,9 400 0
3953| 0,9 400 0
3954| 0,9 400 0
3955| 0,9 400 0
3956| 0,9 400 0
3957| 0,9 400 0
3958| 0,9 400 0
3959| 0,9 400 0
3960| 0,9 400 0
3961| 0,9 400 0
3962| 0 0 0
3963| 0 0 0
3964| 0 0 0
3965| 0 0 0
3966| 0 0 0
3967| 0 0 0
3968| 0 0 0
3969| 0 0 0
3970| 0 0 0
3971| 0 0 0
3972| 0 0 0
3973| -0,3 0 0
3974| -0,6 0 0
3975| -0,9 0 0
3976| 0 0 0
3977| 0 0 0
3978| 0 0 0
3979| 0 0 0
3980| 0 0 0
3981| 0 0 0
3982| 0 0 0
3983| 0 -4 0
3984| 0 -8 0
3985| 0 -12 0
3986| 0 -16 0
3987| 0 -20 0
3988| 0 -24 0
3989| 0 -28 0
3990| 0 -32 0
3991| 0 -36 0
3992| 0 -40 0
3993| 0 -43,99999 0
3994| 0 -47,99999 0
3995| 0 -51,99999 0
3996| 0 -55,99999 0
3997| -0,3 -55,99999 0
3998| -0,6 -55,99999 0
3999| -0,9 -55,99999 0
4000| -1,2 -55,99999 0
4001| -1,5 -55,99999 0
4002| -1,8 -55,99999 0
4003| -2,1 -55,99999 0
4004| -2,4 -55,99999 0
4005| -2,7 -55,99999 0
4006| -3 -55,99999 0
4007| -3,299999 -55,99999 0
4008| -3,599999 -55,99999 0
4009| -3,899999 -55,99999 0
4010| -4,2 -55,99999 0
4011| -4,5 -55,99999 0
4012| -4,8 -55,99999 0
4013| -5,1 -55,99999 0
4014| -5,4 -55,99999 0
4015| -5,7 -55,99999 0
4016| -6 -55,99999 0
4017| -6,300001 -55,99999 0
4018| -6,600001 -55,99999 0
4019| -6,900001 -55,99999 0
4020| -7,200001 -55,99999 0
4021| -7,500001 -55,99999 0
4022| 0 0 0
4023| 0 0 0
4024| 0 0 0
4025| 0 0 0
4026| 0 0 0
4027| 0 0 0
4028| 0 0 0
4029| 0 0 0
4030| 0 0 0
4031| 0 0 0
4032| -0,3 0 0
4033| -0,6 0 0
4034| -0,9 0 0
4035| -1,2 0 0
4036| -1,5 0 0
4037| -1,8 0 0
4038| -2,1 0 0
4039| -2,4 0 0
4040| -2,7 0 0
4041| -3 0 0
4042| -3,299999 0 0
4043| -3,599999 0 0
4044| -3,899999 0 0
4045| -4,2 0 0
4046| -4,5 0 0
4047| -4,8 0 0
4048| -5,1 0 0
4049| -5,4 0 0
4050| -5,7 0 0
4051| -6 0 0
4052| -6,300001 0 0
4053| -6,600001 0 0
4054| -6,900001 0 0
4055| -7,200001 0 0
4056| -7,500001 0 0
4057| -7,800001 0 0
4058| -8,1 0 0
4059| -8,4 0 0
4060| -8,7 0 0
4061| 0 0 0
4062| 0 0 0
4063| 0 0 0
4064| 0 0 0
4065| 0 0 0
4066| 0 0 0
4067| 0 0 0
4068| 0 0 0
4069| 0 0 0
4070| -0,3 0 0
4071| -0,6 0 0
4072| -0,9 0 0
4073| -1,2 0 0
4074| -1,5 0 0
4075| -1,8 0 0
4076| -2,1 0 0
4077| -2,4 0 0
4078| -2,7 0 0
4079| -3 0 0
4080| -3,299999 0 0
4081| -3,599999 0 0
4082| -3,899999 0 0
4083| -4,2 0 0
4084| -4,5 0 0
4085| -4,8 0 0
4086| -5,1 0 0
4087| -5,4 0 0
4088| -5,7 0 0
4089| -6 0 0
4090| -6,300001 0 0
4091| -6,600001 0 0
4092| -6,900001 0 0
4093| -7,200001 0 0
4094| -7,500001 0 0
4095| -7,800001 0 0
4096| -8,1 0 0
4097| -8,4 0 0
4098| -8,7 0 0
4099| -8,999999 0 0
4100| -9,299999 0 0
4101| -9,599998 0 0
4102| 0 0 0
4103| 0 0 0
4104| 0 0 0
4105| 0 0 0
4106| 0 0 0
4107| 0 0 0
4108| 0 0 0
4109| -0,3 0 0
4110| -0,6 0 0
4111| -0,9 0 0
4112| -1,2 0 0
4113| -1,5 0 0
4114| -1,8 0 0
4115| -2,1 0 0
4116| -2,4 0 0
4117| -2,7 0 0
4118| -3 0 0
4119| -3,299999 0 0
4120| -3,599999 0 0
4121| -3,899999 0 0
4122| -4,2 0 0
4123| -4,5 0 0
4124| -4,8 0 0
4125| -5,1 0 0
4126| -5,4 0 0
4127| 0 0 0
4128| 0 0 0
4129| 0 0 0
4130| 0 0 0
4131| 0 0 0
4132| -0,3 0 0
4133| -0,6 0 0
4134| -0,9 0 0
4135| -1,2 0 0
4136| -1,5 0 0
4137| -1,8 0 0
4138| -2,1 0 0
4139| -2,4 0 0
4140| -2,7 0 0
4141| -3 0 0
4142| -3,299999 0 0
4143| -3,599999 0 0
4144| -3,899999 0 0
4145| -4,2 0 0
4146| -4,5 0 0
4147| -4,8 0 0
4148| -5,1 0 0
4149| -5,4 0 0
4150| -5,7 4 0
4151| -6 8 0
4152| -6,300001 12 0
4153| -6,600001 16 0
4154| -6,900001 20 0
4155| -7,200001 24 0
4156| -7,500001 28 0
4157| -7,800001 32 0
4158| -8,1 36 0
4159| -8,4 40 0
4160| -8,7 43,99999 0
4161| -8,999999 47,99999 0
4162| -9,299999 51,99999 0
4163| -9,599998 55,99999 0
4164| -9,899999 60 0
4165| -10,2 64 0
4166| -10,5 68 0
4167| -10,5 72 0
4168| -10,5 76,00001 0
4169| -10,5 80,00001 0
4170| -10,5 84,00001 0
4171| -10,5 88,00002 0
4172| -10,5 92,00002 0
4173| -10,5 96,00002 0
4174| -10,5 100 0
4175| -10,5 104 0
4176| -10,8 108 0
4177| -11,1 112 0
4178| -11,4 116 0
4179| -11,7 120 0
4180| -12 124 0
4181| -12,3 128 0
4182| -12,6 132 0
4183| -12,9 136 0
4184| -13,2 140 0
4185| -13,2 144 0
4186| -13,2 148 0
4187| -13,2 152 0
4188| -13,2 156 0
4189| -13,2 160 0
4190| -13,2 164 0
4191| 0 168 0
4192| 0,3 171,9999 0
4193| 0,6 175,9999 0
4194| 0,9 179,9999 0
4195| 0,9 183,9999 0
4196| 0,9 187,9999 0
4197| 0,9 191,9999 0
4198| 0,9 195,9999 0
4199| 0,9 199,9999 0
4200| 0,9 203,9999 0
4201| 0,9 207,9999 0
4202| 0,9 211,9999 0
4203| 0,9 215,9999 0
4204| 0,9 219,9999 0
4205| 0,9 223,9999 0
4206| 0,9 227,9999 0
4207| 0,9 231,9999 0
4208| 0,9 235,9999 0
4209| 0 239,9999 0
4210| -0,3 243,9999 0
4211| -0,6 247,9999 0
4212| -0,9 251,9999 0
4213| -1,2 255,9999 0
4214| -1,2 259,9999 0
4215| -1,2 263,9999 0
4216| -1,2 267,9999 0
4217| -1,2 271,9998 0
4218| -1,2 275,9998 0
4219| -1,2 279,9998 0
4220| -1,2 283,9998 0
4221| -1,2 287,9998 0
4222| -1,2 291,9998 0
4223| -1,2 295,9998 0
4224| -1,2 299,9998 0
4225| -1,5 303,9998 0
4226| -1,8 307,9998 0
4227| -2,1 311,9998 0
4228| -2,4 315,9998 0
4229| -2,7 319,9998 0
4230| -3 323,9998 0
4231| -3,299999 327,9998 0
4232| -3,299999 331,9998 0
4233| -3,299999 335,9998 0
4234| -3,299999 339,9998 0
4235| -3,299999 343,9998 0
4236| -3,299999 347,9998 0
4237| -3,299999 351,9998 0
4238| -3,299999 355,9998 0
4239| -3,299999 359,9998 0
4240| -3,299999 363,9998 0
4241| -3,299999 367,9998 0
4242| -3,299999 371,9998 0
4243| -3,299999 375,9998 0
4244| -3,299999 379,9998 0
4245| -3,299999 383,9998 0
4246| -3,299999 387,9998 0
4247| -3,299999 391,9998 0
4248| -3,299999 395,9998 0
4249| -3,299999 399,9997 0
4250| -3,299999 400 0
4251| -3,299999 400 0
4252| -3,299999 400 0
4253| -3,299999 400 0
4254| -3,299999 400 0
4255| -3,299999 400 0
4256| -3,299999 400 0
4257| -3,299999 400 0
4258| -3,299999 400 0
4259| -3,299999 400 0
4260| -3,299999 400 0
4261| -3,299999 400 0
4262| -3,299999 400 0
4263| 0 400 0
4264| 0,3 400 0
4265| 0,6 400 0
4266| 0,9 400 0
4267| 0,9 400 0
4268| 0,9 400 0
4269| 0,9 400 0
4270| 0,9 400 0
4271| 0,9 400 0
4272| 0,9 400 0
4273| 0,9 400 0
4274| 0,9 400 0
4275| 0,9 400 0
4276| 0,9 400 0
4277| 0,9 400 0
4278| 0,9 400 0
4279| 0,9 400 0
4280| 0,9 400 0
4281| 0,9 400 0
4282| 0,9 400 0
4283| 0,9 400 0
4284| 0,9 400 0
4285| 0,9 400 0
4286| 0,9 400 0
4287| 0,9 400 0
4288| 0,9 400 0
4289| 0,9 400 0
4290| 0,9 400 0
4291| 0,9 400 0
4292| 0,9 400 0
4293| 0,9 400 0
4294| 0,9 400 0
4295| 0,9 400 0
4296| 0,9 400 0
4297| 0,9 400 0
4298| 0,9 400 0
4299| 0,9 400 0
4300| 0,9 400 0
4301| 0,9 400 0
4302| 0,9 400 0
4303| 0 400 0
4304| -0,3 400 0
4305| -0,6 400 0
4306| -0,9 400 0
4307| -0,9 400 0
4308| -0,9 400 0
4309| -0,9 400 0
4310| -0,9 400 0
4311| -0,9 400 0
4312| -0,9 400 0
4313| -0,9 400 0
4314| -0,9 400 0
4315| -0,9 400 0
4316| -0,9 400 0
4317| -0,9 400 0
4318| -0,9 400 0
4319| -0,9 400 0
4320| -0,9 400 0
4321| -0,9 400 0
4322| -0,9 400 0
4323| -1,2 400 0
4324| -1,5 400 0
4325| -1,8 400 0
4326| -2,1 400 0
4327| -2,1 400 0
4328| -2,1 400 0
4329| -2,1 400 0
4330| -2,1 400 0
4331| -2,1 400 0
4332| -2,1 400 0
4333| -2,1 400 0
4334| -2,1 400 0
4335| -2,1 400 0
4336| -2,1 400 0
4337| -2,1 400 0
4338| -2,1 400 0
4339| -2,1 400 0
4340| -2,1 400 0
4341| 0 400 0
4342| 0,3 400 0
4343| 0,6 400 0
4344| 0,6 400 0
4345| 0,6 400 0
4346| 0,6 400 0
4347| 0,6 400 0
4348| 0,6 400 0
4349| 0,6 400 0
4350| 0,6 400 0
4351| 0,6 400 0
4352| 0,6 400 0
4353| 0,6 400 0
4354| 0,6 400 0
4355| 0,6 400 0
4356| 0,6 400 0
4357| 0,6 400 0
4358| 0,6 400 0
4359| 0,6 400 0
4360| 0,6 400 0
4361| 0,6 400 0
4362| 0,6 400 0
4363| 0,6 400 0
4364| 0,6 400 0
4365| 0,6 400 0
4366| 0,6 400 0
4367| 0,6 400 0
4368| 0,6 400 0
4369| 0,6 400 0
4370| 0,6 400 0
4371| 0,6 400 0
4372| 0,6 400 0
4373| 0,6 400 0
4374| 0,6 400 0
4375| 0,6 400 0
4376| 0,6 400 0
4377| 0,6 400 0
4378| 0,6 400 0
4379| 0,6 400 0
4380| 0,6 400 0
4381| 0,6 400 0
4382| 0,6 400 0
4383| 0,6 400 0
4384| 0,6 400 0
4385| 0,6 400 0
4386| 0,6 400 0
4387| 0,6 400 0
4388| 0,6 400 0
4389| 0,6 400 0
4390| 0,6 400 0
4391| 0,6 400 0
4392| 0,6 400 0
4393| 0,6 400 0
4394| 0,6 400 0
4395| 0,6 400 0
4396| 0,6 400 0
4397| 0,6 400 0
4398| 0,6 400 0
4399| 0,6 400 0
4400| 0,6 400 0
4401| 0,6 400 0
4402| 0,6 400 0
4403| 0,6 400 0
4404| 0,6 400 0
4405| 0,6 400 0
4406| 0,6 400 0
4407| 0,6 400 0
4408| 0,6 400 0
4409| 0,6 400 0
4410| 0,6 400 0
4411| 0,6 400 0
4412| 0,6 400 0
4413| 0,6 400 0
4414| 0,6 400 0
4415| 0,6 400 0
4416| 0,6 400 0
4417| 0,6 400 0
4418| 0,6 400 0
4419| 0,6 400 0
4420| 0,6 400 0
4421| 0,6 400 0
4422| 0,6 400 0
4423| 0,6 400 0
4424| 0,6 400 0
4425| 0,6 400 0
4426| 0,6 400 0
4427| 0,6 400 0
4428| 0,6 400 0
4429| 0 400 0
4430| -0,3 400 0
4431| -0,6 400 0
4432| -0,6 400 0
4433| -0,6 400 0
4434| -0,6 400 0
4435| -0,6 400 0
4436| -0,6 400 0
4437| -0,6 400 0
4438| -0,6 400 0
4439| -0,6 400 0
4440| -0,6 400 0
4441| -0,6 400 0
4442| -0,6 400 0
4443| -0,6 400 0
4444| -0,6 400 0
4445| -0,6 400 0
4446| -0,6 400 0
4447| -0,6 400 0
4448| -0,6 400 0
4449| -0,6 400 0
4450| -0,6 400 0
4451| -0,6 400 0
4452| -0,6 400 0
4453| -0,6 400 0
4454| -0,6 400 0
4455| -0,6 400 0
4456| -0,6 400 0
4457| -0,6 400 0
4458| -0,6 400 0
4459| -0,6 400 0
4460| -0,6 400 0
4461| -0,6 400 0
4462| -0,6 400 0
4463| -0,6 400 0
4464| -0,6 400 0
4465| -0,6 400 0
4466| -0,6 400 0
4467| -0,6 400 0
4468| -0,6 400 0
4469| -0,6 400 0
4470| -0,6 400 0
4471| -0,6 400 0
4472| -0,6 400 0
4473| -0,6 400 0
4474| -0,6 400 0
4475| -0,6 400 0
4476| -0,6 400 0
4477| -0,6 400 0
4478| -0,6 400 0
4479| -0,6 400 0
4480| -0,6 400 0
4481| -0,6 400 0
4482| -0,6 400 0
4483| -0,6 400 0
4484| -0,6 400 0
4485| -0,6 400 0
4486| -0,6 400 0
4487| -0,6 400 0
4488| -0,6 400 0
4489| -0,6 400 0
4490| -0,6 400 0
4491| -0,6 400 0
4492| -0,6 400 0
4493| -0,6 400 0
4494| -0,6 400 0
4495| -0,6 400 0
4496| -0,6 400 0
4497| -0,6 400 0
4498| -0,6 400 0
4499| -0,6 400 0
4500| -0,6 400 0
4501| -0,6 400 0
4502| -0,6 400 0
4503| -0,6 400 0
4504| -0,6 400 0
4505| -0,6 400 0
4506| -0,6 400 0
4507| -0,6 400 0
4508| -0,6 400 0
4509| -0,6 400 0
4510| -0,6 400 0
4511| -0,6 400 0
4512| -0,6 400 0
4513| -0,6 400 0
4514| -0,6 400 0
4515| -0,6 400 0
4516| -0,6 400 0
4517| -0,6 400 0
4518| -0,6 400 0
4519| -0,6 400 0
4520| -0,6 400 0
4521| -0,6 400 0
4522| -0,6 400 0
4523| -0,6 400 0
4524| -0,6 400 0
4525| -0,6 400 0
4526| -0,6 400 0
4527| -0,6 400 0
4528| -0,6 400 0
4529| -0,6 400 0
4530| -0,6 400 0
4531| -0,6 400 0
4532| -0,6 400 0
4533| -0,6 400 0
4534| -0,6 400 0
4535| -0,6 400 0
4536| -0,6 400 0
4537| -0,6 400 0
4538| -0,6 400 0
4539| -0,6 400 0
4540| -0,6 400 0
4541| -0,6 400 0
4542| -0,6 400 0
4543| -0,6 400 0
4544| -0,6 400 0
4545| -0,6 400 0
4546| -0,6 400 0
4547| -0,6 400 0
4548| -0,6 400 0
4549| -0,6 400 0
4550| -0,6 400 0
4551| -0,6 400 0
4552| -0,6 400 0
4553| -0,6 400 0
4554| -0,6 400 0
4555| -0,6 400 0
4556| -0,6 400 0
4557| -0,6 400 0
4558| -0,6 400 0
4559| -0,6 400 0
4560| -0,6 400 0
4561| -0,6 400 0
4562| -0,6 400 0
4563| -0,6 400 0
4564| -0,6 400 0
4565| -0,6 400 0
4566| -0,6 400 0
4567| -0,6 400 0
4568| -0,6 400 0
4569| -0,6 400 0
4570| -0,6 400 0
4571| -0,6 400 0
4572| -0,6 400 0
4573| -0,6 400 0
4574| -0,6 400 0
4575| -0,6 400 0
4576| -0,6 400 0
4577| -0,6 400 0
4578| -0,6 400 0
4579| -0,6 400 0
4580| -0,6 400 0
4581| -0,6 400 0
4582| -0,6 400 0
4583| -0,6 400 0
4584| -0,6 400 0
4585| -0,6 400 0
4586| -0,6 400 0
4587| -0,6 400 0
4588| -0,6 400 0
4589| -0,6 400 0
4590| -0,6 400 0
4591| -0,6 400 0
4592| -0,6 400 0
4593| -0,6 400 0
4594| -0,6 400 0
4595| -0,6 400 0
4596| -0,6 400 0
4597| -0,6 400 0
4598| -0,6 400 0
4599| -0,6 400 0
4600| -0,6 400 0
4601| -0,6 400 0
4602| -0,6 400 0
4603| -0,6 400 0
4604| -0,6 400 0
4605| -0,6 400 0
4606| -0,6 400 0
4607| -0,6 400 0
4608| -0,6 400 0
4609| -0,6 400 0
4610| -0,6 400 0
4611| -0,6 400 0
4612| -0,6 400 0
4613| -0,6 400 0
4614| -0,6 400 0
4615| -0,6 400 0
4616| -0,6 400 0
4617| -0,6 400 0
4618| -0,6 400 0
4619| -0,6 400 0
4620| -0,6 400 0
4621| -0,6 400 0
4622| -0,6 400 0
4623| -0,6 400 0
4624| -0,6 400 0
4625| -0,6 400 0
4626| -0,6 400 0
4627| -0,6 400 0
4628| -0,6 400 0
4629| -0,6 400 0
4630| -0,6 400 0
4631| -0,6 400 0
4632| -0,6 400 0
4633| -0,6 400 0
4634| -0,6 400 0
4635| -0,6 400 0
4636| -0,6 400 0
4637| -0,6 400 0
4638| -0,6 400 0
4639| -0,6 400 0
4640| -0,6 400 0
4641| -0,6 400 0
4642| -0,6 400 0
4643| -0,6 400 0
4644| -0,6 400 0
4645| -0,6 400 0
4646| -0,6 400 0
4647| -0,6 400 0
4648| -0,6 400 0
4649| -0,6 400 0
4650| -0,6 400 0
4651| -0,6 400 0
4652| -0,6 400 0
4653| -0,6 400 0
4654| -0,6 400 0
4655| -0,6 400 0
4656| -0,6 400 0
4657| -0,6 400 0
4658| -0,6 400 0
4659| -0,6 400 0
4660| -0,6 400 0
4661| -0,6 400 0
4662| -0,6 400 0
4663| -0,6 400 0
4664| -0,6 400 0
4665| -0,6 400 0
4666| -0,6 400 0
4667| -0,6 400 0
4668| -0,6 400 0
4669| -0,6 400 0
4670| -0,6 400 0
4671| -0,6 400 0
4672| -0,6 400 0
4673| -0,6 400 0
4674| -0,6 400 0
4675| -0,6 400 0
4676| -0,6 400 0
4677| -0,6 400 0
4678| -0,6 400 0
4679| -0,6 400 0
4680| -0,6 400 0
4681| -0,6 400 0
4682| -0,6 400 0
4683| -0,6 400 0
4684| -0,6 400 0
4685| -0,6 400 0
4686| -0,6 400 0
4687| -0,6 400 0
4688| -0,6 400 0
4689| -0,6 400 0
4690| -0,6 400 0
4691| -0,6 400 0
4692| -0,6 400 0
4693| -0,6 400 0
4694| -0,6 400 0
4695| -0,6 400 0
4696| -0,6 400 0
4697| -0,6 400 0
4698| -0,6 400 0
4699| -0,6 400 0
4700| -0,6 400 0
4701| -0,6 400 0
4702| -0,6 400 0
4703| -0,6 400 0
4704| -0,6 400 0
4705| -0,6 400 0
4706| -0,6 400 0
4707| -0,6 400 0
4708| -0,6 400 0
4709| -0,6 400 0
4710| -0,6 400 0
4711| -0,6 400 0
4712| -0,6 400 0
4713| -0,6 400 0
4714| -0,6 400 0
4715| -0,6 400 0
4716| -0,6 400 0
4717| 0 400 0
4718| 0,3 400 0
4719| 0,6 400 0
4720| 0,9 400 0
4721| 0,9 400 0
4722| 0,9 400 0
4723| 0,9 400 0
4724| 0,9 400 0
4725| 0,9 400 0
4726| 0,9 400 0
4727| 0,9 400 0
4728| 0,9 400 0
4729| 0,9 400 0
4730| 0,9 400 0
4731| 0,9 400 0
4732| 0,9 400 0
4733| 0,9 400 0
4734| 0,9 400 0
4735| 0,9 400 0
4736| 0,9 400 0
4737| 0,9 400 0
4738| 0,9 400 0
4739| 0,9 400 0
4740| 0,9 400 0
4741| 0,9 400 0
4742| 0,9 400 0
4743| 0,9 400 0
4744| 0,9 400 0
4745| 0,9 400 0
4746| 0,9 400 0
4747| 0,9 400 0
4748| 0,9 400 0
4749| 0,9 400 0
4750| 0,9 400 0
4751| 0,9 400 0
4752| 0,9 400 0
4753| 0,9 400 0
4754| 0,9 400 0
4755| 0,9 400 0
4756| 0,9 400 0
4757| 0,9 400 0
4758| 0,9 400 0
4759| 0,9 400 0
4760| 0,9 400 0
4761| 0,9 400 0
4762| 0,9 400 0
4763| 0,9 400 0
4764| 0,9 400 0
4765| 0,9 400 0
4766| 0,9 400 0
4767| 0,9 400 0
4768| 0,9 400 0
4769| 0,9 400 0
4770| 0,9 400 0
4771| 0,9 400 0
4772| 0,9 400 0
4773| 0,9 400 0
4774| 0,9 400 0
4775| 0,9 400 0
4776| 0,9 400 0
4777| 0,9 400 0
4778| 0,9 400 0
4779| 0,9 400 0
4780| 0,9 400 0
4781| 0,9 400 0
4782| 0,9 400 0
4783| 0,9 400 0
4784| 0,9 400 0
4785| 0,9 400 0
4786| 0,9 400 0
4787| 0,9 400 0
4788| 0,9 400 0
4789| 0,9 400 0
4790| 0,9 400 0
4791| 0,9 400 0
4792| 0,9 400 0
4793| 0,9 400 0
4794| 0,9 400 0
4795| 0,9 400 0
4796| 0,9 400 0
4797| 0,9 400 0
4798| 0,9 400 0
4799| 0,9 400 0
4800| 0,9 400 0
4801| 0,9 400 0
4802| 0,9 400 0
4803| 0,9 400 0
4804| 0,9 400 0
4805| 0,9 400 0
4806| 0,9 400 0
4807| 0,9 400 0
4808| 0,9 400 0
4809| 0,9 400 0
4810| 0,9 400 0
4811| 0,9 400 0
4812| 0,9 400 0
4813| 0,9 400 0
4814| 0,9 400 0
4815| 0,9 400 0
4816| 0,9 400 0
4817| 0,9 400 0
4818| 0,9 400 0
4819| 0,9 400 0
4820| 0,9 400 0
4821| 0,9 400 0
4822| 0,9 400 0
4823| 0,9 400 0
4824| 0,9 400 0
4825| 0,9 400 0
4826| 0,9 400 0
4827| 0,9 400 0
4828| 0,9 400 0
4829| 0,9 400 0
4830| 0,9 400 0
4831| 0,9 400 0
4832| 0,9 400 0
4833| 0,9 400 0
4834| 0,9 400 0
4835| 0,9 400 0
4836| 0,9 400 0
4837| 0,9 400 0
4838| 0,9 400 0
4839| 0,9 400 0
4840| 0,9 400 0
4841| 0,9 400 0
4842| 0,9 400 0
4843| 0,9 400 0
4844| 0,9 400 0
4845| 0,9 400 0
4846| 0,9 400 0
4847| 0,9 400 0
4848| 0,9 400 0
4849| 0,9 400 0
4850| 0,9 400 0
4851| 0,9 400 0
4852| 0,9 400 0
4853| 0,9 400 0
4854| 0,9 400 0
4855| 0,9 400 0
4856| 0,9 400 0
4857| 0,9 400 0
4858| 0,9 400 0
4859| 0,9 400 0
4860| 0,9 400 0
4861| 0,9 400 0
4862| 0,9 400 0
4863| 0,9 400 0
4864| 0,9 400 0
4865| 0,9 400 0
4866| 0,9 400 0
4867| 0 400 0
4868| -0,3 400 0
4869| -0,6 400 0
4870| -0,9 400 0
4871| -1,2 400 0
4872| -1,5 400 0
4873| -1,8 400 0
4874| -2,1 400 0
4875| -2,4 400 0
4876| -2,7 400 0
4877| -2,7 400 0
4878| -2,7 400 0
4879| -2,7 400 0
4880| -2,7 400 0
4881| 0 0 0
4882| 0 0 0
4883| 0 0 0
4884| 0 0 0
4885| 0 0 0
4886| 0 0 0
4887| -0,3 0 0
4888| -0,6 0 0
4889| -0,9 0 0
4890| -1,2 0 0
4891| -1,5 0 0
4892| -1,8 0 0
4893| -2,1 0 0
4894| -2,4 0 0
4895| -2,7 0 0
4896| -3 -4 0
4897| -3 -8 0
4898| -3 -12 0
4899| -3 -16 0
4900| -3 -20 0
4901| -3 -24 0
4902| -3 -28 0
4903| -3 -32 0
4904| -3 -36 0
4905| -3 -40 0
4906| -3 -43,99999 0
4907| -3 -47,99999 0
4908| -3 -51,99999 0
4909| -3 -55,99999 0
4910| -3 -60 0
4911| -3 -64 0
4912| -3 -68 0
4913| -3 -72 0
4914| -3 -76,00001 0
4915| -3 -80,00001 0
4916| -3 -84,00001 0
4917| -3 -88,00002 0
4918| 0 0 0
4919| 0 0 0
4920| 0 0 0
4921| -0,3 0 0
4922| -0,6 0 0
4923| -0,9 0 0
4924| -1,2 0 0
4925| -1,5 0 0
4926| -1,8 0 0
4927| -2,1 0 0
4928| -2,4 0 0
4929| -2,7 0 0
4930| -3 0 0
4931| -3,299999 0 0
4932| -3,599999 0 0
4933| -3,899999 0 0
4934| -4,2 0 0
4935| -4,5 0 0
4936| -4,8 0 0
4937| -5,1 0 0
4938| -5,4 0 0
4939| -5,7 0 0
4940| -6 0 0
4941| 0 0 0
4942| 0 0 0
4943| 0 0 0
4944| 0 0 0
4945| 0 0 0
4946| 0 0 0
4947| 0 0 0
4948| 0 0 0
4949| 0 0 0
4950| 0 0 0
4951| -0,3 0 0
4952| -0,6 0 0
4953| -0,9 0 0
4954| -1,2 0 0
4955| -1,5 0 0
4956| -1,8 0 0
4957| -2,1 0 0
4958| -2,4 0 0
4959| -2,7 0 0
4960| -3 0 0
4961| -3,299999 0 0
4962| -3,599999 0 0
4963| -3,899999 0 0
4964| -4,2 0 0
4965| -4,5 0 0
4966| -4,8 0 0
4967| -5,1 0 0
4968| -5,4 0 0
4969| -5,7 0 0
4970| -6 0 0
4971| -6,300001 0 0
4972| -6,600001 0 0
4973| -6,900001 0 0
4974| -7,200001 0 0
4975| -7,500001 0 0
4976| -7,800001 0 0
4977| -8,1 0 0
4978| -8,4 0 0
4979| -8,7 0 0
4980| -8,999999 0 0
4981| -9,299999 0 0
4982| -9,599998 0 0
4983| -9,899999 0 0
4984| -10,2 0 0
4985| -10,5 0 0
4986| -10,8 0 0
4987| -11,1 0 0
4988| -11,4 0 0
4989| -11,7 0 0
4990| -12 0 0
4991| -12,3 0 0
4992| -12,6 0 0
4993| -12,9 0 0
4994| -13,2 0 0
4995| -13,5 0 0
4996| -13,79999 0 0
4997| 0 0 0
4998| 0 0 0
4999| 0 0 0
5000| 0 0 0
5001| 0 0 0
5002| -0,3 0 0
5003| -0,6 0 0
5004| -0,9 0 0
5005| -1,2 0 0
5006| -1,5 0 0
5007| 0 0 0
5008| 0 0 0
5009| 0 0 0
5010| 0 0 0
5011| 0 0 0
5012| 0 0 0
5013| 0 0 0
5014| 0 0 0
5015| 0 0 0
5016| 0 0 0
5017| -0,3 0 0
5018| -0,6 0 0
5019| -0,9 0 0
5020| -1,2 0 0
5021| -1,5 0 0
5022| -1,8 0 0
5023| -2,1 0 0
5024| -2,4 0 0
5025| -2,7 0 0
5026| -3 0 0
5027| -3,299999 0 0
5028| -3,599999 0 0
5029| -3,899999 0 0
5030| -4,2 0 0
5031| -4,5 0 0
5032| -4,8 0 0
5033| -5,1 0 0
5034| -5,4 0 0
5035| -5,7 0 0
5036| -6 0 0
5037| -6,300001 0 0
5038| -6,600001 0 0
5039| -6,900001 0 0
5040| -7,200001 0 0
5041| -7,500001 0 0
5042| -7,800001 0 0
5043| -8,1 0 0
5044| -8,4 0 0
5045| -8,7 0 0
5046| -8,999999 0 0
5047| -9,299999 0 0
5048| -9,599998 0 0
5049| -9,899999 0 0
5050| -10,2 0 0
5051| -10,5 0 0
5052| -10,8 0 0
5053| -11,1 0 0
5054| -11,4 0 0
5055| -11,7 0 0
5056| -12 0 0
5057| -12,3 0 0
5058| 0 0 0
5059| 0 0 0
5060| 0 0 0
5061| 0 0 0
5062| 0 0 0
5063| 0 0 0
5064| 0 0 0
5065| 0 0 0
5066| 0 0 0
5067| 0 0 0
5068| 0 0 0
5069| 0 0 0
5070| 0 0 0
5071| 0 0 0
5072| 0 0 0
5073| 0 4 0
5074| 0 8 0
5075| 0 12 0
5076| 0 16 0
5077| 0 20 0
5078| 0 24 0
5079| 0 28 0
5080| 0 32 0
5081| 0 36 0
5082| -0,3 40 0
5083| -0,6 43,99999 0
5084| -0,9 47,99999 0
5085| -1,2 51,99999 0
5086| -1,5 55,99999 0
5087| -1,8 60 0
5088| -2,1 64 0
5089| -2,4 68 0
5090| -2,7 72 0
5091| -3 76,00001 0
5092| -3,299999 80,00001 0
5093| -3,599999 84,00001 0
5094| -3,899999 88,00002 0
5095| -3,899999 92,00002 0
5096| -3,899999 96,00002 0
5097| -3,899999 100 0
5098| -3,899999 104 0
5099| -3,899999 108 0
5100| -3,899999 112 0
5101| -3,899999 116 0
5102| -3,899999 120 0
5103| -3,899999 124 0
5104| -3,899999 128 0
5105| -3,899999 132 0
5106| -3,899999 136 0
5107| -3,899999 140 0
5108| -3,899999 144 0
5109| -3,899999 148 0
5110| -3,899999 152 0
5111| -4,2 156 0
5112| -4,5 160 0
5113| -4,8 164 0
5114| -5,1 168 0
5115| -5,4 171,9999 0
5116| -5,7 175,9999 0
5117| -6 179,9999 0
5118| -6 183,9999 0
5119| -6 187,9999 0
5120| -6 191,9999 0
5121| -6 195,9999 0
5122| -6 199,9999 0
5123| -6 203,9999 0
5124| -6 207,9999 0
5125| -6 211,9999 0
5126| -6 215,9999 0
5127| -6 219,9999 0
5128| -6 223,9999 0
5129| -6 227,9999 0
5130| -6 231,9999 0
5131| -6 235,9999 0
5132| -6 239,9999 0
5133| -6 243,9999 0
5134| -6 247,9999 0
5135| -6 251,9999 0
5136| -6 255,9999 0
5137| 0 0 0
5138| 0 0 0
5139| 0 0 0
5140| 0,3 0 0
5141| 0,6 0 0
5142| 0,9 0 0
5143| 1,2 0 0
5144| 1,5 0 0
5145| 1,8 0 0
5146| 2,1 0 0
5147| 2,4 0 0
5148| 2,7 0 0
5149| 3 0 0
5150| 3,299999 0 0
5151| 3,599999 0 0
5152| 3,899999 0 0
5153| 4,2 0 0
5154| 4,5 0 0
5155| 4,8 0 0
5156| 5,1 0 0
5157| 5,4 0 0
5158| 5,7 4 0
5159| 6 8 0
5160| 6,300001 12 0
5161| 6,300001 16 0
5162| 6,600001 20 0
5163| 6,900001 24 0
5164| 7,200001 28 0
5165| 7,500001 32 0
5166| 7,800001 36 0
5167| 8,1 40 0
5168| 8,4 43,99999 0
5169| 8,7 47,99999 0
5170| 8,999999 51,99999 0
5171| 9,299999 55,99999 0
5172| 9,599998 60 0
5173| 9,899999 64 0
5174| 10,2 68 0
5175| 10,5 72 0
5176| 10,8 76,00001 0
5177| 11,1 80,00001 0
5178| 11,4 84,00001 0
5179| 11,4 88,00002 0
5180| 11,4 92,00002 0
5181| 0 0 0
5182| 0 0 0
5183| 0 0 0
5184| 0 0 0
5185| 0 0 0
5186| 0 0 0
5187| 0 0 0
5188| 0 4 0
5189| 0 8 0
5190| 0 12 0
5191| 0 16 0
5192| 0 20 0
5193| 0 24 0
5194| 0 0 0
5195| 0 0 0
5196| 0 0 0
5197| 0 0 0
5198| 0 0 0
5199| 0 0 0
5200| 0 0 0
5201| 0 0 0
5202| 0 4 0
5203| 0 8 0
5204| 0 12 0
5205| 0 16 0
5206| 0 20 0
5207| 0 24 0
5208| 0 28 0
5209| 0 32 0
5210| 0 36 0
5211| 0 40 0
5212| 0,3 43,99999 0
5213| 0,6 47,99999 0
5214| 0,9 51,99999 0
5215| 1,2 55,99999 0
5216| 1,5 60 0
5217| 1,8 64 0
5218| 1,8 68 0
5219| 1,8 72 0
5220| 1,8 76,00001 0
5221| 1,8 80,00001 0
5222| 1,8 84,00001 0
5223| 1,8 88,00002 0
5224| 1,8 92,00002 0
5225| 1,8 96,00002 0
5226| 1,8 100 0
5227| 1,8 104 0
5228| 1,8 108 0
5229| 1,8 112 0
5230| 1,8 116 0
5231| 1,8 120 0
5232| 2,1 124 0
5233| 2,4 128 0
5234| 2,7 132 0
5235| 3 136 0
5236| 3,299999 140 0
5237| 3,599999 144 0
5238| 3,899999 148 0
5239| 3,899999 152 0
5240| 3,899999 156 0
5241| 3,899999 160 0
5242| 3,899999 164 0
5243| 3,899999 168 0
5244| 3,899999 171,9999 0
5245| 3,899999 175,9999 0
5246| 3,899999 179,9999 0
5247| 3,899999 183,9999 0
5248| 3,899999 187,9999 0
5249| 3,899999 191,9999 0
5250| 3,899999 195,9999 0
5251| 3,899999 199,9999 0
5252| 4,2 203,9999 0
5253| 4,5 207,9999 0
5254| 4,8 211,9999 0
5255| 5,1 215,9999 0
5256| 5,4 219,9999 0
5257| 5,4 223,9999 0
5258| 5,4 227,9999 0
5259| 5,4 231,9999 0
5260| 5,4 235,9999 0
5261| 5,4 239,9999 0
5262| 5,4 243,9999 0
5263| 0 0 0
5264| 0 0 0
5265| 0 0 0
5266| 0 0 0
5267| 0 0 0
5268| 0 0 0
5269| 0 0 0
5270| 0 0 0
5271| 0 0 0
5272| 0 0 0
5273| 0 0 0
5274| 0 0 0
5275| 0 0 0
5276| 0 0 0
5277| 0 0 0
5278| 0 0 0
5279| 0 4 0
5280| 0 8 0
5281| 0 12 0
5282| 0 16 0
5283| 0 20 0
5284| 0 24 0
5285| 0 28 0
5286| 0 32 0
5287| 0 0 0
5288| 0 0 0
5289| 0 0 0
5290| 0 0 0
5291| 0 0 0
5292| 0 0 0
5293| 0 0 0
5294| 0 0 0
5295| 0 0 0
5296| 0 0 0
5297| 0 0 0
5298| 0 0 0
5299| 0 0 0
5300| 0 0 0
5301| 0 4 0
5302| 0 8 0
5303| 0 12 0
5304| 0 16 0
5305| 0 20 0
5306| 0 24 0
5307| 0 28 0
5308| 0 32 0
5309| 0 0 0
5310| 0 0 0
5311| 0 0 0
5312| 0 0 0
5313| 0 0 0
5314| 0 0 0
5315| 0 0 0
5316| 0 0 0
5317| 0 0 0
5318| 0 4 0
5319| 0 8 0
5320| 0 12 0
5321| 0 16 0
5322| 0 20 0
5323| 0 24 0
5324| 0 0 0
5325| 0 0 0
5326| 0 0 0
5327| 0 0 0
5328| 0 0 0
5329| 0 0 0
5330| 0 0 0
5331| 0 0 0
5332| 0 0 0
5333| 0 0 0
5334| 0 4 0
5335| 0 8 0
5336| 0 12 0
5337| 0,3 12 0
5338| 0,6 12 0
5339| 0,9 12 0
5340| 1,2 12 0
5341| 1,5 12 0
5342| 1,8 12 0
5343| 2,1 12 0
5344| 2,4 12 0
5345| 2,7 12 0
5346| 3 12 0
5347| 3,299999 12 0
5348| 3,599999 12 0
5349| 3,899999 12 0
5350| 4,2 12 0
5351| 0 0 0
5352| 0 0 0
5353| 0 0 0
5354| 0 0 0
5355| 0 0 0
5356| 0 4 0
5357| 0 8 0
5358| 0 12 0
5359| 0 16 0
5360| 0 20 0
5361| 0 24 0
5362| 0 28 0
5363| 0 32 0
5364| 0 36 0
5365| 0 40 0
5366| 0 43,99999 0
5367| 0 47,99999 0
5368| 0,3 51,99999 0
5369| 0,6 55,99999 0
5370| 0,9 60 0
5371| 1,2 64 0
5372| 1,5 68 0
5373| 1,8 72 0
5374| 2,1 76,00001 0
5375| 2,4 80,00001 0
5376| 2,7 84,00001 0
5377| 3 88,00002 0
5378| 3,299999 92,00002 0
5379| 3,599999 96,00002 0
5380| 3,899999 100 0
5381| 4,2 104 0
5382| 4,5 108 0
5383| 4,8 108 0
5384| 0 0 0
5385| 0 0 0
5386| 0 0 0
5387| 0 0 0
5388| 0 0 0
5389| 0 0 0
5390| 0 0 0
5391| 0 0 0
5392| 0 0 0
5393| 0 4 0
5394| 0 8 0
5395| 0 12 0
5396| 0 16 0
5397| 0 20 0
5398| 0 24 0
5399| 0 28 0
5400| 0 32 0
5401| 0,3 36 0
5402| 0,6 40 0
5403| 0,9 43,99999 0
5404| 1,2 47,99999 0
5405| 1,5 51,99999 0
5406| 1,8 55,99999 0
5407| 2,1 60 0
5408| 2,4 64 0
5409| 2,7 68 0
5410| 3 72 0
5411| 3,299999 76,00001 0
5412| 3,599999 80,00001 0
5413| 3,899999 84,00001 0
5414| 4,2 88,00002 0
5415| 4,5 92,00002 0
5416| 4,8 96,00002 0
5417| 4,8 100 0
5418| 4,8 104 0
5419| 4,8 108 0
5420| 4,8 112 0
5421| 4,8 116 0
5422| 4,8 120 0
5423| 4,8 124 0
5424| 4,8 128 0
5425| 4,8 132 0
5426| 4,8 136 0
5427| 5,1 140 0
5428| 5,4 144 0
5429| 5,7 148 0
5430| 6 152 0
5431| 6,300001 152 0
5432| 6,600001 152 0
5433| 6,900001 152 0
5434| 7,200001 152 0
5435| 7,500001 152 0
5436| 7,800001 152 0
5437| 8,1 152 0
5438| 8,4 152 0
5439| 8,7 152 0
5440| 0 0 0
5441| 0 0 0
5442| 0 0 0
5443| 0 0 0
5444| 0 0 0
5445| 0 4 0
5446| 0 8 0
5447| 0 12 0
5448| 0 16 0
5449| 0 20 0
5450| 0 24 0
5451| 0 28 0
5452| 0 32 0
5453| 0 36 0
5454| 0 40 0
5455| 0 43,99999 0
5456| 0 47,99999 0
5457| 0 51,99999 0
5458| 0 55,99999 0
5459| 0 60 0
5460| 0 64 0
5461| 0 68 0
5462| 0 72 0
5463| 0 76,00001 0
5464| 0 80,00001 0
5465| 0 84,00001 0
5466| 0 88,00002 0
5467| 0 92,00002 0
5468| 0 96,00002 0
5469| 0 100 0
5470| 0 104 0
5471| 0 108 0
5472| 0 112 0
5473| 0 116 0
5474| 0 120 0
5475| 0 124 0
5476| 0 0 0
5477| 0 0 0
5478| 0 0 0
5479| 0 0 0
5480| 0 0 0
5481| 0 0 0
5482| 0 0 0
5483| 0 0 0
5484| 0 0 0
5485| 0 0 0
5486| 0 0 0
5487| 0 0 0
5488| 0 0 0
5489| 0 0 0
5490| 0 0 0
5491| 0,3 0 0
5492| 0,6 0 0
5493| 0,9 0 0
5494| 1,2 0 0
5495| 1,5 0 0
5496| 1,5 0 0
5497| 1,5 4 0
5498| 1,5 8 0
5499| 1,5 12 0
5500| 1,5 16 0
5501| 1,5 20 0
5502| 1,5 24 0
5503| 1,5 28 0
5504| 1,5 32 0
5505| 1,5 36 0
5506| 1,5 40 0
5507| 1,5 43,99999 0
5508| 1,5 47,99999 0
5509| 1,8 51,99999 0
5510| 2,1 55,99999 0
5511| 2,4 60 0
5512| 2,7 64 0
5513| 3 68 0
5514| 3,299999 72 0
5515| 3,599999 76,00001 0
5516| 3,899999 80,00001 0
5517| 4,2 84,00001 0
5518| 4,2 88,00002 0
5519| 4,2 92,00002 0
5520| 4,2 96,00002 0
5521| 4,2 100 0
5522| 4,2 104 0
5523| 4,2 108 0
5524| 4,2 112 0
5525| 4,2 116 0
5526| 4,2 120 0
5527| 4,2 124 0
5528| 4,2 128 0
5529| 4,2 132 0
5530| 4,5 136 0
5531| 4,8 140 0
5532| 5,1 140 0
5533| 5,4 140 0
5534| 5,7 140 0
5535| 6 140 0
5536| 6,300001 140 0
5537| 0 0 0
5538| 0 0 0
5539| 0 0 0
5540| 0 0 0
5541| 0 0 0
5542| 0 4 0
5543| 0 8 0
5544| 0 12 0
5545| 0 16 0
5546| 0 20 0
5547| 0 24 0
5548| 0 28 0
5549| 0 32 0
5550| 0 36 0
5551| 0 40 0
5552| 0 43,99999 0
5553| 0 47,99999 0
5554| 0 51,99999 0
5555| 0 55,99999 0
5556| 0 60 0
5557| 0 64 0
5558| 0 68 0
5559| 0 72 0
5560| 0 76,00001 0
5561| 0 80,00001 0
5562| 0 84,00001 0
5563| 0 88,00002 0
5564| 0 92,00002 0
5565| 0 96,00002 0
5566| 0 100 0
5567| 0 104 0
5568| 0 108 0
5569| 0 112 0
5570| 0 116 0
5571| 0 120 0
5572| 0 124 0
5573| 0 128 0
5574| 0 132 0
5575| 0 136 0
5576| 0 140 0
5577| 0 144 0
5578| 0 148 0
5579| 0 152 0
5580| 0 156 0
5581| 0 160 0
5582| 0 164 0
5583| 0 168 0
5584| 0 171,9999 0
5585| 0 175,9999 0
5586| 0 179,9999 0
5587| 0 183,9999 0
5588| 0 187,9999 0
5589| 0 191,9999 0
5590| 0 195,9999 0
5591| 0 199,9999 0
5592| 0 203,9999 0
5593| 0 207,9999 0
5594| 0 211,9999 0
5595| 0 215,9999 0
5596| 0 219,9999 0
5597| 0 223,9999 0
5598| 0 227,9999 0
5599| 0 231,9999 0
5600| 0 235,9999 0
5601| 0 239,9999 0
5602| 0 243,9999 0
5603| 0 247,9999 0
5604| 0 251,9999 0
5605| 0 255,9999 0
5606| 0 259,9999 0
5607| 0 263,9999 0
5608| 0 267,9999 0
5609| 0 271,9998 0
5610| 0 275,9998 0
5611| 0 279,9998 0
5612| 0 283,9998 0
5613| 0 287,9998 0
5614| 0 291,9998 0
5615| 0 295,9998 0
5616| 0 299,9998 0
5617| 0 303,9998 0
5618| 0 307,9998 0
5619| 0 311,9998 0
5620| 0 315,9998 0
5621| 0 319,9998 0
5622| 0 323,9998 0
5623| 0 327,9998 0
5624| 0 331,9998 0
5625| 0 335,9998 0
5626| 0 339,9998 0
5627| 0 343,9998 0
5628| 0 347,9998 0
5629| 0 351,9998 0
5630| 0 355,9998 0
5631| 0 359,9998 0
5632| 0 363,9998 0
5633| 0 367,9998 0
5634| 0 371,9998 0
5635| 0 375,9998 0
5636| 0 379,9998 0
5637| 0 0 0
5638| 0 0 0
5639| 0 0 0
5640| 0 0 0
5641| 0 0 0
5642| 0 0 0
5643| 0 0 0
5644| 0 0 0
5645| 0 0 0
5646| 0 4 0
5647| 0 8 0
5648| 0 12 0
5649| 0 16 0
5650| 0 20 0
5651| 0 24 0
5652| 0 28 0
5653| 0 32 0
5654| 0 36 0
5655| 0 40 0
5656| 0 43,99999 0
5657| 0 47,99999 0
5658| 0 51,99999 0
5659| 0 55,99999 0
5660| 0 60 0
5661| 0 64 0
5662| 0 68 0
5663| 0 72 0
5664| 0 76,00001 0
5665| 0 80,00001 0
5666| 0 84,00001 0
5667| 0 0 0
5668| 0 0 0
5669| 0 0 0
5670| 0 0 0
5671| 0 0 0
5672| 0 0 0
5673| 0 0 0
5674| 0 4 0
5675| 0 8 0
5676| 0 12 0
5677| 0 16 0
5678| 0 20 0
5679| 0 24 0
5680| 0 28 0
5681| 0 32 0
5682| 0 36 0
5683| 0 40 0
5684| 0 43,99999 0
5685| 0 47,99999 0
5686| 0 51,99999 0
5687| 0 55,99999 0
5688| 0 60 0
5689| 0 64 0
5690| 0 68 0
5691| 0 72 0
5692| 0 76,00001 0
5693| 0 80,00001 0
5694| 0 84,00001 0
5695| 0 88,00002 0
5696| 0 92,00002 0
5697| 0 96,00002 0
5698| 0 100 0
5699| 0 104 0
5700| 0 108 0
5701| 0 112 0
5702| 0 116 0
5703| 0 120 0
5704| 0 124 0
5705| 0 128 0
5706| 0 132 0
5707| 0 136 0
5708| 0 140 0
5709| 0 144 0
5710| 0 148 0
5711| 0 152 0
5712| 0 156 0
5713| 0 160 0
5714| 0 164 0
5715| 0 168 0
5716| 0 171,9999 0
5717| 0 175,9999 0
5718| 0 179,9999 0
5719| 0 183,9999 0
5720| 0 187,9999 0
5721| 0 191,9999 0
5722| 0 195,9999 0
5723| 0 199,9999 0
5724| 0 203,9999 0
5725| 0 207,9999 0
5726| 0 211,9999 0
5727| 0 215,9999 0
5728| 0 219,9999 0
5729| 0 223,9999 0
5730| 0 227,9999 0
5731| 0 231,9999 0
5732| 0 235,9999 0
5733| 0 239,9999 0
5734| 0 243,9999 0
5735| 0 247,9999 0
5736| 0 251,9999 0
5737| 0 255,9999 0
5738| 0 259,9999 0
5739| 0 263,9999 0
5740| 0 267,9999 0
5741| 0 271,9998 0
5742| 0 275,9998 0
5743| 0 0 0
5744| 0 0 0
5745| 0 0 0
5746| 0 0 0
5747| 0 0 0
5748| 0 0 0
5749| 0 0 0
5750| 0 0 0
5751| 0 0 0
5752| 0 4 0
5753| 0 8 0
5754| 0 12 0
5755| 0 16 0
5756| 0 20 0
5757| 0 24 0
5758| 0 28 0
5759| 0 32 0
5760| 0 36 0
5761| 0 40 0
5762| 0 43,99999 0
5763| 0 47,99999 0
5764| 0 51,99999 0
5765| 0 55,99999 0
5766| 0 60 0
5767| 0 64 0
5768| 0 68 0
5769| 0 72 0
5770| 0 76,00001 0
5771| 0 80,00001 0
5772| 0 84,00001 0
5773| 0 88,00002 0
5774| 0 92,00002 0
5775| 0 96,00002 0
5776| 0 100 0
5777| 0 104 0
5778| 0 108 0
5779| 0 112 0
5780| 0 116 0
5781| 0 120 0
5782| 0 124 0
5783| 0 128 0
5784| 0 132 0
5785| 0 136 0
5786| 0 140 0
5787| 0 144 0
5788| 0 148 0
5789| 0 152 0
5790| 0 156 0
5791| 0 160 0
5792| 0 164 0
5793| 0 168 0
5794| 0 171,9999 0
5795| 0 175,9999 0
5796| 0 179,9999 0
5797| 0 183,9999 0
5798| 0 187,9999 0
5799| 0 191,9999 0
5800| 0 195,9999 0
5801| 0 199,9999 0
5802| 0 203,9999 0
5803| 0 207,9999 0
5804| 0 211,9999 0
5805| 0,3 215,9999 0
5806| 0,6 219,9999 0
5807| 0,9 223,9999 0
5808| 1,2 227,9999 0
5809| 1,5 231,9999 0
5810| 1,8 235,9999 0
5811| 2,1 239,9999 0
5812| 2,4 243,9999 0
5813| 2,4 247,9999 0
5814| 2,4 251,9999 0
5815| 2,4 255,9999 0
5816| 2,4 259,9999 0
5817| 2,4 263,9999 0
5818| 2,4 267,9999 0
5819| 2,4 271,9998 0
5820| 2,4 275,9998 0
5821| 2,4 279,9998 0
5822| 2,4 283,9998 0
5823| 2,4 287,9998 0
5824| 2,4 291,9998 0
5825| 2,4 295,9998 0
5826| 2,4 299,9998 0
5827| 2,7 303,9998 0
5828| 3 307,9998 0
5829| 3,299999 311,9998 0
5830| 3,599999 315,9998 0
5831| 3,899999 319,9998 0
5832| 4,2 323,9998 0
5833| 4,2 327,9998 0
5834| 4,2 331,9998 0
5835| 4,2 335,9998 0
5836| 4,2 339,9998 0
5837| 0 0 0
5838| 0 0 0
5839| 0 0 0
5840| 0 0 0
5841| 0 0 0
5842| 0 0 0
5843| 0 0 0
5844| 0 4 0
5845| 0 8 0
5846| 0 12 0
5847| 0 16 0
5848| 0 20 0
5849| 0 24 0
5850| 0 28 0
5851| 0 32 0
5852| 0 36 0
5853| 0 40 0
5854| 0 43,99999 0
5855| 0 47,99999 0
5856| 0 51,99999 0
5857| 0 55,99999 0
5858| 0 60 0
5859| 0 64 0
5860| 0 68 0
5861| 0 72 0
5862| 0 76,00001 0
5863| 0 80,00001 0
5864| 0 84,00001 0
5865| 0 88,00002 0
5866| 0 92,00002 0
5867| 0 96,00002 0
5868| 0 100 0
5869| 0 104 0
5870| 0 108 0
5871| 0 112 0
5872| 0 116 0
5873| 0 120 0
5874| 0 124 0
5875| 0 128 0
5876| 0 132 0
5877| 0 136 0
5878| 0 140 0
5879| 0 144 0
5880| 0 148 0
5881| 0 152 0
5882| 0 156 0
5883| 0 160 0
5884| 0 164 0
5885| 0 168 0
5886| 0 171,9999 0
5887| 0 175,9999 0
5888| 0 179,9999 0
5889| 0 183,9999 0
5890| 0 187,9999 0
5891| 0 191,9999 0
5892| 0 195,9999 0
5893| 0 199,9999 0
5894| 0 203,9999 0
5895| 0 207,9999 0
5896| 0 211,9999 0
5897| 0 215,9999 0
5898| 0,3 219,9999 0
5899| 0,6 223,9999 0
5900| 0,9 227,9999 0
5901| 1,2 231,9999 0
5902| 1,2 235,9999 0
5903| 1,2 239,9999 0
5904| 1,2 243,9999 0
5905| 1,2 247,9999 0
5906| 1,2 251,9999 0
5907| 1,2 255,9999 0
5908| 1,2 259,9999 0
5909| 1,2 263,9999 0
5910| 1,2 267,9999 0
5911| 1,2 271,9998 0
5912| 1,2 275,9998 0
5913| 1,2 279,9998 0
5914| 1,2 283,9998 0
5915| 1,2 287,9998 0
5916| 1,5 291,9998 0
5917| 1,8 295,9998 0
5918| 2,1 299,9998 0
5919| 2,4 303,9998 0
5920| 2,7 307,9998 0
5921| 3 311,9998 0
5922| 3 315,9998 0
5923| 3 319,9998 0
5924| 3 323,9998 0
5925| 3 327,9998 0
5926| 3 331,9998 0
5927| 3 335,9998 0
5928| 3 339,9998 0
5929| 3 343,9998 0
5930| 3 347,9998 0
5931| 3 351,9998 0
5932| 3 355,9998 0
5933| 3 359,9998 0
5934| 3 363,9998 0
5935| 3 367,9998 0
5936| 3 371,9998 0
5937| 3 375,9998 0
5938| 3 379,9998 0
5939| 3 383,9998 0
5940| 3 387,9998 0
5941| 3 391,9998 0
5942| 3 395,9998 0
5943| 3 399,9997 0
5944| 3 400 0
5945| 3 400 0
5946| 3 400 0
5947| 3 400 0
5948| 3 400 0
5949| 3 400 0
5950| 3 400 0
5951| 3 400 0
5952| 3 400 0
5953| 3 400 0
5954| 3 400 0
5955| 3 400 0
5956| 3 400 0
5957| 0 400 0
5958| -0,3 400 0
5959| -0,6 400 0
5960| -0,9 400 0
5961| -0,9 400 0
5962| -0,9 400 0
5963| -0,9 400 0
5964| -0,9 400 0
5965| -0,9 400 0
5966| -0,9 400 0
5967| -0,9 400 0
5968| -0,9 400 0
5969| -0,9 400 0
5970| -0,9 400 0
5971| -0,9 400 0
5972| -0,9 400 0
5973| -0,9 400 0
5974| -0,9 400 0
5975| -1,2 400 0
5976| -1,5 400 0
5977| -1,5 400 0
5978| -1,5 400 0
5979| -1,5 400 0
5980| -1,5 400 0
5981| -1,5 400 0
5982| -1,5 400 0
5983| -1,5 400 0
5984| -1,5 400 0
5985| -1,5 400 0
5986| -1,5 400 0
5987| 0 400 0
5988| 0,3 400 0
5989| 0,6 400 0
5990| 0,9 400 0
5991| 1,2 400 0
5992| 1,5 400 0
5993| 1,5 400 0
5994| 1,5 400 0
5995| 1,5 400 0
5996| 1,5 400 0
5997| 1,5 400 0
5998| 1,5 400 0
5999| 1,5 400 0
6000| 1,5 400 0
6001| 1,5 400 0
6002| 1,5 400 0
6003| 1,5 400 0
6004| 1,5 400 0
6005| 1,8 400 0
6006| 2,1 400 0
6007| 2,4 400 0
6008| 2,7 400 0
6009| 2,7 400 0
6010| 2,7 400 0
6011| 2,7 400 0
6012| 2,7 400 0
6013| 2,7 400 0
6014| 2,7 400 0
6015| 2,7 400 0
6016| 2,7 400 0
6017| 2,7 400 0
6018| 2,7 400 0
6019| 2,7 400 0
6020| 0 400 0
6021| -0,3 400 0
6022| -0,3 400 0
6023| -0,3 400 0
6024| -0,3 400 0
6025| -0,3 400 0
6026| -0,3 400 0
6027| -0,3 400 0
6028| -0,3 400 0
6029| -0,3 400 0
6030| 0 400 0
6031| 0,3 400 0
6032| 0,6 400 0
6033| 0,6 400 0
6034| 0,6 400 0
6035| 0,6 400 0
6036| 0,6 400 0
6037| 0,6 400 0
6038| 0,6 400 0
6039| 0,6 400 0
6040| 0,6 400 0
6041| 0,6 400 0
6042| 0 400 0
6043| -0,3 400 0
6044| -0,6 400 0
6045| -0,6 400 0
6046| -0,6 400 0
6047| -0,6 400 0
6048| -0,6 400 0
6049| -0,6 400 0
6050| -0,6 400 0
6051| -0,6 400 0
6052| -0,6 400 0
6053| -0,6 400 0
6054| -0,6 400 0
6055| -0,6 400 0
6056| -0,6 400 0
6057| -0,6 400 0
6058| -0,6 400 0
6059| -0,6 400 0
6060| -0,6 400 0
6061| -0,6 400 0
6062| -0,6 400 0
6063| -0,6 400 0
6064| -0,6 400 0
6065| -0,6 400 0
6066| -0,6 400 0
6067| -0,6 400 0
6068| -0,6 400 0
6069| -0,6 400 0
6070| -0,6 400 0
6071| -0,6 400 0
6072| -0,6 400 0
6073| -0,6 400 0
6074| -0,6 400 0
6075| -0,6 400 0
6076| -0,6 400 0
6077| -0,6 400 0
6078| -0,6 400 0
6079| -0,6 400 0
6080| -0,6 400 0
6081| -0,6 400 0
6082| -0,6 400 0
6083| -0,6 400 0
6084| -0,6 400 0
6085| -0,6 400 0
6086| -0,6 400 0
6087| -0,6 400 0
6088| -0,6 400 0
6089| -0,6 400 0
6090| -0,6 400 0
6091| -0,6 400 0
6092| -0,6 400 0
6093| -0,6 400 0
6094| -0,6 400 0
6095| -0,6 400 0
6096| -0,6 400 0
6097| -0,6 400 0
6098| -0,6 400 0
6099| -0,6 400 0
6100| -0,6 400 0
6101| -0,6 400 0
6102| -0,6 400 0
6103| -0,6 400 0
6104| -0,6 400 0
6105| -0,6 400 0
6106| -0,6 400 0
6107| -0,6 400 0
6108| -0,6 400 0
6109| -0,6 400 0
6110| -0,6 400 0
6111| -0,6 400 0
6112| -0,6 400 0
6113| -0,6 400 0
6114| -0,6 400 0
6115| -0,6 400 0
6116| -0,6 400 0
6117| -0,6 400 0
6118| -0,6 400 0
6119| -0,6 400 0
6120| -0,6 400 0
6121| -0,6 400 0
6122| -0,6 400 0
6123| -0,6 400 0
6124| -0,6 400 0
6125| -0,6 400 0
6126| -0,6 400 0
6127| -0,6 400 0
6128| 0 400 0
6129| 0,3 400 0
6130| 0,6 400 0
6131| 0,6 400 0
6132| 0,6 400 0
6133| 0,6 400 0
6134| 0,6 400 0
6135| 0,6 400 0
6136| 0,6 400 0
6137| 0,6 400 0
6138| 0,6 400 0
6139| 0,6 400 0
6140| 0,6 400 0
6141| 0,6 400 0
6142| 0,6 400 0
6143| 0,6 400 0
6144| 0,6 400 0
6145| 0,6 400 0
6146| 0,6 400 0
6147| 0,6 400 0
6148| 0,6 400 0
6149| 0,6 400 0
6150| 0,6 400 0
6151| 0,6 400 0
6152| 0,6 400 0
6153| 0,9 400 0
6154| 1,2 400 0
6155| 1,5 400 0
6156| 1,5 400 0
6157| 1,5 400 0
6158| 1,5 400 0
6159| 1,5 400 0
6160| 1,5 400 0
6161| 1,5 400 0
6162| 1,5 400 0
6163| 1,5 400 0
6164| 1,5 400 0
6165| 1,5 400 0
6166| 0 400 0
6167| -0,3 400 0
6168| -0,6 400 0
6169| -0,9 400 0
6170| -0,9 400 0
6171| -0,9 400 0
6172| -0,9 400 0
6173| -0,9 400 0
6174| -0,9 400 0
6175| -0,9 400 0
6176| -0,9 400 0
6177| -0,9 400 0
6178| -0,9 400 0
6179| -0,9 400 0
6180| -0,9 400 0
6181| -0,9 400 0
6182| -0,9 400 0
6183| -0,9 400 0
6184| -0,9 400 0
6185| -0,9 400 0
6186| -0,9 400 0
6187| -0,9 400 0
6188| -0,9 400 0
6189| -0,9 400 0
6190| -0,9 400 0
6191| -0,9 400 0
6192| -0,9 400 0
6193| -0,9 400 0
6194| -0,9 400 0
6195| -0,9 400 0
6196| -0,9 400 0
6197| -0,9 400 0
6198| -0,9 400 0
6199| -0,9 400 0
6200| -0,9 400 0
6201| -0,9 400 0
6202| -0,9 400 0
6203| -0,9 400 0
6204| -0,9 400 0
6205| -0,9 400 0
6206| -0,9 400 0
6207| -0,9 400 0
6208| -0,9 400 0
6209| -0,9 400 0
6210| -0,9 400 0
6211| -0,9 400 0
6212| -0,9 400 0
6213| -0,9 400 0
6214| -0,9 400 0
6215| -0,9 400 0
6216| -0,9 400 0
6217| -0,9 400 0
6218| -0,9 400 0
6219| -0,9 400 0
6220| 0 400 0
6221| 0,3 400 0
6222| 0,6 400 0
6223| 0,9 400 0
6224| 0,9 400 0
6225| 0,9 400 0
6226| 0,9 400 0
6227| 0,9 400 0
6228| 0,9 400 0
6229| 0,9 400 0
6230| 0,9 400 0
6231| 0,9 400 0
6232| 0 0 0
6233| 0 0 0
6234| 0 0 0
6235| 0 0 0
6236| 0 0 0
6237| 0 0 0
6238| 0 4 0
6239| 0 8 0
6240| 0 12 0
6241| 0 16 0
6242| 0 0 0
6243| 0 0 0
6244| 0 0 0
6245| 0 0 0
6246| 0 0 0
6247| 0 0 0
6248| 0 0 0
6249| 0 0 0
6250| 0 0 0
6251| 0 0 0
6252| 0 0 0
6253| 0 0 0
6254| 0 0 0
6255| 0 0 0
6256| 0 0 0
6257| 0 0 0
6258| 0 0 0
6259| 0 0 0
6260| 0 -4 0
6261| 0 -8 0
6262| 0 -12 0
6263| 0 -16 0
6264| 0 -20 0
6265| 0 -24 0
6266| 0 0 0
6267| 0 0 0
6268| 0 0 0

