1| 0 0 0
2| 0 0 0
3| 0 0 0
4| 0 0 0
5| 0 0 0
6| 0 0 0
7| 0 0 0
8| 0 0 0
9| 0 0 0
10| 0 0 0
11| 0 0 0
12| 0 0 0
13| 0 0 0
14| 0 0 0
15| 0 0 0
16| 0 0 0
17| 0 0 0
18| 0 0 0
19| 0 0 0
20| 0 0 0
21| 0 0 0
22| 0 0 0
23| 0 0 0
24| 0 0 0
25| 0 0 0
26| 0 0 0
27| 0 0 0
28| 0 0 0
29| 0 0 0
30| 0 0 0
31| 0 0 0
32| 0 0 0
33| 0 0 0
34| 0 0 0
35| 0,3 0 0
36| 0,6 0 0
37| 0,9 0 0
38| 1,2 0 0
39| 1,5 0 0
40| 1,8 0 0
41| 2,1 0 0
42| 2,4 0 0
43| 2,7 0 0
44| 3 0 0
45| 3,299999 0 0
46| 3,599999 0 0
47| 3,899999 0 0
48| 4,2 0 0
49| 4,5 0 0
50| 4,8 0 0
51| 5,1 0 0
52| 5,4 0 0
53| 5,7 0 0
54| 6 0 0
55| 6,300001 0 0
56| 6,600001 0 0
57| 6,900001 0 0
58| 7,200001 0 0
59| 7,500001 0 0
60| 7,800001 0 0
61| 8,1 0 0
62| 8,4 0 0
63| 8,7 0 0
64| 8,999999 0 0
65| 9,299999 4 0
66| 9,299999 8 0
67| 9,299999 12 0
68| 9,299999 16 0
69| 9,299999 20 0
70| 9,299999 24 0
71| 9,299999 28 0
72| 0 32 0
73| -0,3 36 0
74| -0,6 40 0
75| -0,9 43,99999 0
76| -1,2 47,99999 0
77| -1,5 51,99999 0
78| -1,8 55,99999 0
79| -2,1 60 0
80| -2,4 64 0
81| -2,7 68 0
82| -3 72 0
83| -3,299999 76,00001 0
84| -3,599999 80,00001 0
85| -3,899999 84,00001 0
86| -4,2 88,00002 0
87| -4,5 92,00002 0
88| -4,8 96,00002 0
89| -5,1 100 0
90| -5,4 104 0
91| -5,7 108 0
92| -6 112 0
93| -6,300001 116 0
94| -6,600001 120 0
95| -6,900001 124 0
96| -7,200001 128 0
97| -7,500001 132 0
98| -7,800001 136 0
99| -8,1 140 0
100| -8,4 144 0
101| -8,7 148 0
102| -8,999999 152 0
103| -9,299999 156 0
104| -9,599998 160 0
105| -9,899999 164 0
106| -10,2 168 0
107| -10,5 171,9999 0
108| -10,8 175,9999 0
109| -11,1 179,9999 0
110| -11,4 183,9999 0
111| -11,7 187,9999 0
112| -12 191,9999 0
113| -12,3 195,9999 0
114| -12,6 199,9999 0
115| -12,9 203,9999 0
116| -13,2 207,9999 0
117| -13,5 211,9999 0
118| -13,79999 215,9999 0
119| -14,09999 219,9999 0
120| -14,39999 223,9999 0
121| -14,69999 227,9999 0
122| -14,99999 231,9999 0
123| -15,29999 235,9999 0
124| -15,59999 239,9999 0
125| -15,89999 243,9999 0
126| -16,19999 247,9999 0
127| -16,49999 251,9999 0
128| -16,79999 255,9999 0
129| -17,09999 259,9999 0
130| -17,39999 263,9999 0
131| -17,69999 267,9999 0
132| -17,99999 271,9998 0
133| -18,29999 275,9998 0
134| -18,59999 279,9998 0
135| -18,89999 283,9998 0
136| -19,19999 287,9998 0
137| -19,49999 291,9998 0
138| -19,79999 295,9998 0
139| -20,09999 299,9998 0
140| -20,39999 303,9998 0
141| -20,69999 307,9998 0
142| -20,99999 311,9998 0
143| -21,29999 315,9998 0
144| -21,59999 319,9998 0
145| -21,89999 323,9998 0
146| -22,19999 327,9998 0
147| -22,49999 331,9998 0
148| -22,79999 335,9998 0
149| -23,09999 339,9998 0
150| -23,39999 343,9998 0
151| -23,69999 347,9998 0
152| -23,99999 351,9998 0
153| -24,29999 355,9998 0
154| -24,59999 359,9998 0
155| -24,59999 363,9998 0
156| -24,59999 367,9998 0
157| -24,59999 371,9998 0
158| -24,59999 375,9998 0
159| -24,59999 379,9998 0
160| -24,59999 383,9998 0
161| -24,59999 387,9998 0
162| 0 391,9998 0
163| 0,3 395,9998 0
164| 0,6 399,9997 0
165| 0,9 400 0
166| 1,2 400 0
167| 1,5 400 0
168| 1,8 400 0
169| 2,1 400 0
170| 2,4 400 0
171| 2,7 400 0
172| 3 400 0
173| 3,299999 400 0
174| 3,599999 400 0
175| 3,899999 400 0
176| 4,2 400 0
177| 4,5 400 0
178| 4,8 400 0
179| 5,1 400 0
180| 5,4 400 0
181| 5,7 400 0
182| 6 400 0
183| 6,300001 400 0
184| 6,600001 400 0
185| 6,900001 400 0
186| 7,200001 400 0
187| 7,500001 400 0
188| 7,800001 400 0
189| 8,1 400 0
190| 8,4 400 0
191| 8,7 400 0
192| 8,999999 400 0
193| 9,299999 400 0
194| 9,599998 400 0
195| 9,899999 400 0
196| 10,2 400 0
197| 10,5 400 0
198| 10,8 400 0
199| 11,1 400 0
200| 11,4 400 0
201| 11,7 400 0
202| 12 400 0
203| 12,3 400 0
204| 12,6 400 0
205| 12,9 400 0
206| 13,2 400 0
207| 13,5 400 0
208| 13,79999 400 0
209| 14,09999 400 0
210| 14,39999 400 0
211| 14,69999 400 0
212| 14,99999 400 0
213| 15,29999 400 0
214| 15,59999 400 0
215| 15,89999 400 0
216| 16,19999 400 0
217| 16,49999 400 0
218| 16,79999 400 0
219| 17,09999 400 0
220| 17,39999 400 0
221| 17,69999 400 0
222| 17,99999 400 0
223| 18,29999 400 0
224| 18,59999 400 0
225| 18,89999 400 0
226| 19,19999 400 0
227| 19,49999 400 0
228| 19,79999 400 0
229| 20,09999 400 0
230| 20,39999 400 0
231| 20,69999 400 0
232| 20,99999 400 0
233| 21,29999 400 0
234| 21,59999 400 0
235| 21,89999 400 0
236| 22,19999 400 0
237| 22,49999 400 0
238| 22,79999 400 0
239| 23,09999 400 0
240| 23,39999 400 0
241| 23,69999 400 0
242| 23,99999 400 0
243| 24,29999 400 0
244| 24,59999 400 0
245| 24,89998 400 0
246| 25,19999 400 0
247| 25,19999 400 0
248| 25,19999 400 0
249| 25,19999 400 0
250| 25,19999 400 0
251| 25,19999 400 0
252| 25,19999 400 0
253| 25,19999 400 0
254| 25,19999 400 0
255| 25,19999 400 0
256| 25,19999 400 0
257| 25,19999 400 0
258| 25,19999 400 0
259| 25,19999 400 0
260| 25,19999 400 0
261| 25,19999 400 0
262| 25,19999 400 0
263| 25,19999 400 0
264| 25,19999 400 0
265| 25,19999 400 0
266| 25,19999 400 0
267| 25,19999 400 0
268| 25,19999 400 0
269| 25,19999 400 0
270| 25,19999 400 0
271| 0 400 0
272| -0,3 400 0
273| -0,6 400 0
274| -0,9 400 0
275| -1,2 400 0
276| -1,2 400 0
277| -1,2 400 0
278| -1,2 400 0
279| -1,2 400 0
280| -1,2 400 0
281| -1,5 400 0
282| -1,8 400 0
283| -2,1 400 0
284| -2,1 400 0
285| -2,1 400 0
286| -2,1 400 0
287| -2,1 400 0
288| -2,1 400 0
289| -2,1 400 0
290| -2,1 400 0
291| -2,4 400 0
292| -2,7 400 0
293| -3 400 0
294| -3,299999 400 0
295| -3,599999 400 0
296| -3,899999 400 0
297| -4,2 400 0
298| -4,5 400 0
299| -4,8 400 0
300| -5,1 400 0
301| -5,4 400 0
302| -5,7 400 0
303| -5,7 400 0
304| -5,7 400 0
305| -5,7 400 0
306| -5,7 400 0
307| -5,7 400 0
308| -5,7 400 0
309| -5,7 400 0
310| -5,7 400 0
311| -5,7 400 0
312| -5,7 400 0
313| -5,7 400 0
314| -5,7 400 0
315| -5,7 400 0
316| -5,7 400 0
317| -5,7 400 0
318| -5,7 400 0
319| -5,7 400 0
320| 0 400 0
321| 0,3 400 0
322| 0,6 400 0
323| 0,9 400 0
324| 1,2 400 0
325| 1,5 400 0
326| 1,8 400 0
327| 2,1 400 0
328| 2,4 400 0
329| 2,7 400 0
330| 3 400 0
331| 3,299999 400 0
332| 3,599999 400 0
333| 3,899999 400 0
334| 4,2 400 0
335| 4,5 400 0
336| 4,8 400 0
337| 5,1 400 0
338| 5,4 400 0
339| 5,7 400 0
340| 6 400 0
341| 6,300001 400 0
342| 6,600001 400 0
343| 6,900001 400 0
344| 7,200001 400 0
345| 7,500001 400 0
346| 7,800001 400 0
347| 8,1 400 0
348| 8,4 400 0
349| 8,7 400 0
350| 8,999999 400 0
351| 9,299999 400 0
352| 9,599998 400 0
353| 9,899999 400 0
354| 10,2 400 0
355| 10,5 400 0
356| 10,8 400 0
357| 10,8 400 0
358| 10,8 400 0
359| 10,8 400 0
360| 10,8 400 0
361| 10,8 400 0
362| 10,8 400 0
363| 10,8 400 0
364| 10,8 400 0
365| 10,8 400 0
366| 10,8 400 0
367| 10,8 400 0
368| 10,8 400 0
369| 10,8 400 0
370| 10,8 400 0
371| 10,8 400 0
372| 10,8 400 0
373| 10,8 400 0
374| 10,8 400 0
375| 10,8 400 0
376| 10,8 400 0
377| 10,8 400 0
378| 10,8 400 0
379| 10,8 400 0
380| 10,8 400 0
381| 10,8 400 0
382| 10,8 400 0
383| 10,8 400 0
384| 10,8 400 0
385| 10,8 400 0
386| 10,8 400 0
387| 10,8 400 0
388| 10,8 400 0
389| 10,8 400 0
390| 10,8 400 0
391| 10,8 400 0
392| 10,8 400 0
393| 10,8 400 0
394| 10,8 400 0
395| 10,8 400 0
396| 10,8 400 0
397| 10,8 400 0
398| 10,8 400 0
399| 10,8 400 0
400| 10,8 400 0
401| 10,8 400 0
402| 10,8 400 0
403| 0 400 0
404| -0,3 400 0
405| -0,6 400 0
406| -0,9 400 0
407| -1,2 400 0
408| -1,5 400 0
409| -1,8 400 0
410| -2,1 400 0
411| -2,4 400 0
412| -2,7 400 0
413| -3 400 0
414| -3,299999 400 0
415| -3,599999 400 0
416| -3,899999 400 0
417| -4,2 400 0
418| -4,5 400 0
419| -4,8 400 0
420| -5,1 400 0
421| -5,4 400 0
422| -5,7 400 0
423| -6 400 0
424| -6,300001 400 0
425| -6,300001 400 0
426| -6,300001 400 0
427| -6,300001 400 0
428| -6,300001 400 0
429| -6,300001 400 0
430| -6,300001 400 0
431| -6,300001 400 0
432| -6,300001 400 0
433| -6,300001 400 0
434| -6,300001 400 0
435| -6,300001 400 0
436| -6,300001 400 0
437| -6,300001 400 0
438| -6,300001 400 0
439| -6,300001 400 0
440| -6,300001 400 0
441| -6,300001 400 0
442| -6,300001 400 0
443| -6,300001 400 0
444| -6,300001 400 0
445| -6,300001 400 0
446| -6,300001 400 0
447| -6,300001 400 0
448| -6,300001 400 0
449| -6,300001 400 0
450| -6,300001 400 0
451| -6,300001 400 0
452| -6,300001 400 0
453| -6,300001 400 0
454| -6,300001 400 0
455| -6,300001 400 0
456| -6,300001 400 0
457| -6,300001 400 0
458| -6,300001 400 0
459| -6,300001 400 0
460| -6,300001 400 0
461| -6,300001 400 0
462| -6,300001 400 0
463| -6,300001 400 0
464| -6,300001 400 0
465| -6,300001 400 0
466| -6,300001 400 0
467| -6,300001 400 0
468| -6,300001 400 0
469| -6,300001 400 0
470| -6,300001 400 0
471| -6,300001 400 0
472| -6,300001 400 0
473| -6,300001 400 0
474| -6,300001 400 0
475| -6,300001 400 0
476| -6,300001 400 0
477| -6,300001 400 0
478| -6,300001 400 0
479| -6,300001 400 0
480| -6,300001 400 0
481| -6,300001 400 0
482| -6,300001 400 0
483| -6,300001 400 0
484| -6,300001 400 0
485| -6,300001 400 0
486| -6,300001 400 0
487| -6,300001 400 0
488| -6,300001 400 0
489| -6,300001 400 0
490| -6,300001 400 0
491| -6,300001 400 0
492| -6,300001 400 0
493| -6,300001 400 0
494| -6,300001 400 0
495| -6,300001 400 0
496| -6,300001 400 0
497| -6,300001 400 0
498| -6,300001 400 0
499| -6,300001 400 0
500| -6,300001 400 0
501| -6,300001 400 0
502| 0 400 0
503| 0,3 400 0
504| 0,6 400 0
505| 0,9 400 0
506| 1,2 400 0
507| 1,5 400 0
508| 1,8 400 0
509| 2,1 400 0
510| 2,4 400 0
511| 2,7 400 0
512| 3 400 0
513| 3,299999 400 0
514| 3,599999 400 0
515| 3,899999 400 0
516| 4,2 400 0
517| 4,5 400 0
518| 4,8 400 0
519| 5,1 400 0
520| 5,4 400 0
521| 5,7 400 0
522| 6 400 0
523| 6,300001 400 0
524| 6,600001 400 0
525| 6,900001 400 0
526| 7,200001 400 0
527| 7,500001 400 0
528| 7,800001 400 0
529| 8,1 400 0
530| 8,4 400 0
531| 8,7 400 0
532| 8,999999 400 0
533| 9,299999 400 0
534| 9,599998 400 0
535| 9,899999 400 0
536| 10,2 400 0
537| 10,5 400 0
538| 10,8 400 0
539| 11,1 400 0
540| 11,4 400 0
541| 11,7 400 0
542| 12 400 0
543| 12,3 400 0
544| 12,6 400 0
545| 12,9 400 0
546| 13,2 400 0
547| 13,5 400 0
548| 13,79999 400 0
549| 14,09999 400 0
550| 14,39999 400 0
551| 14,69999 400 0
552| 14,99999 400 0
553| 15,29999 400 0
554| 15,59999 400 0
555| 15,89999 400 0
556| 16,19999 400 0
557| 16,49999 400 0
558| 16,79999 400 0
559| 17,09999 400 0
560| 17,39999 400 0
561| 17,69999 400 0
562| 17,99999 400 0
563| 18,29999 400 0
564| 18,59999 400 0
565| 18,89999 400 0
566| 19,19999 400 0
567| 19,49999 400 0
568| 19,79999 400 0
569| 20,09999 400 0
570| 20,39999 400 0
571| 20,69999 400 0
572| 0 400 0
573| 0 400 0
574| 0 400 0
575| 0 400 0
576| 0 400 0
577| 0 400 0
578| 0 400 0
579| 0 400 0
580| 0 400 0
581| 0 400 0
582| 0 400 0
583| 0 400 0
584| 0 400 0
585| 0 400 0
586| 0 400 0
587| 0 400 0
588| 0 400 0
589| 0 400 0
590| 0 400 0
591| 0 400 0
592| 0 400 0
593| 0 400 0
594| 0 400 0
595| 0 400 0
596| 0 400 0
597| 0 400 0
598| 0 400 0
599| 0 400 0
600| 0 400 0
601| 0 400 0
602| 0 400 0
603| 0 400 0
604| 0 400 0
605| 0 400 0
606| 0 400 0
607| 0 400 0
608| 0 400 0
609| 0 400 0
610| 0 400 0
611| 0 400 0
612| 0 400 0
613| 0 400 0
614| 0 400 0
615| 0 400 0
616| 0 400 0
617| 0 400 0
618| 0 400 0
619| 0 400 0
620| 0 400 0
621| 0 400 0
622| 0 400 0
623| 0 400 0
624| 0 400 0
625| 0 400 0
626| -0,3 400 0
627| -0,6 400 0
628| -0,9 400 0
629| -1,2 400 0
630| 0 0 0
631| 0 0 0
632| 0 0 0
633| 0 -4 0
634| 0 -8 0
635| 0 -12 0
636| 0 -16 0
637| 0 -20 0
638| 0 -24 0
639| 0 -28 0
640| 0 -32 0
641| 0 -36 0
642| 0 0 0
643| 0 0 0
644| 0 0 0
645| 0 0 0
646| 0 -4 0
647| 0 0 0
648| 0 0 0
649| 0 0 0
650| 0 -4 0
651| 0 -8 0
652| 0 -12 0
653| 0 -16 0
654| 0 -20 0
655| 0 0 0
656| 0 0 0
657| 0 0 0
658| 0 -4 0
659| 0 -8 0
660| 0 -12 0
661| 0 -16 0
662| 0 0 0
663| 0 0 0
664| 0 0 0
665| 0 0 0
666| 0 0 0
667| 0 0 0
668| 0 0 0
669| 0 0 0
670| 0 0 0
671| 0 0 0
672| 0 0 0
673| 0 0 0
674| 0 0 0
675| 0 0 0
676| 0 0 0
677| 0 0 0
678| 0 0 0
679| 0 0 0
680| 0 0 0
681| 0 0 0
682| 0 0 0
683| 0 0 0
684| 0 0 0
685| 0 0 0
686| 0 0 0
687| 0 0 0
688| 0 0 0
689| 0 0 0
690| 0 0 0
691| 0 0 0
692| 0 0 0
693| 0 0 0
694| 0 0 0
695| 0 0 0
696| 0 0 0
697| 0 0 0
698| 0 0 0
699| 0 0 0
700| 0 0 0
701| 0 0 0
702| 0 0 0
703| 0 0 0
704| 0 0 0
705| 0 0 0
706| 0,3 0 0
707| 0,6 0 0
708| 0,9 0 0
709| 1,2 0 0
710| 1,5 0 0
711| 1,8 0 0
712| 2,1 0 0
713| 2,4 4 0
714| 2,7 8 0
715| 3 12 0
716| 3,299999 16 0
717| 3,599999 20 0
718| 3,899999 24 0
719| 4,2 28 0
720| 4,5 32 0
721| 4,8 36 0
722| 5,1 36 0
723| 5,4 36 0
724| 5,7 36 0
725| 6 36 0
726| 6,300001 36 0
727| 0 0 0
728| 0 0 0
729| 0 0 0
730| 0 0 0
731| 0 0 0
732| 0 0 0
733| 0 0 0
734| 0 0 0
735| 0 0 0
736| 0 0 0
737| 0 0 0
738| 0 0 0
739| 0 0 0
740| 0 0 0
741| 0,3 0 0
742| 0,6 0 0
743| 0,9 0 0
744| 1,2 0 0
745| 1,5 0 0
746| 1,8 0 0
747| 2,1 0 0
748| 2,4 0 0
749| 2,7 0 0
750| 3 0 0
751| 3,299999 0 0
752| 3,599999 0 0
753| 3,899999 0 0
754| 4,2 0 0
755| 4,5 0 0
756| 4,8 0 0
757| 5,1 0 0
758| 5,4 0 0
759| 5,7 0 0
760| 6 4 0
761| 6,300001 8 0
762| 6,600001 12 0
763| 6,900001 16 0
764| 7,200001 20 0
765| 7,500001 24 0
766| 7,800001 28 0
767| 8,1 32 0
768| 8,4 36 0
769| 8,7 40 0
770| 8,999999 43,99999 0
771| 9,299999 47,99999 0
772| 9,599998 51,99999 0
773| 9,899999 55,99999 0
774| 10,2 60 0
775| 10,5 64 0
776| 10,8 68 0
777| 11,1 72 0
778| 11,4 76,00001 0
779| 11,7 80,00001 0
780| 12 84,00001 0
781| 12,3 88,00002 0
782| 12,6 92,00002 0
783| 12,9 96,00002 0
784| 13,2 100 0
785| 13,5 100 0
786| 13,79999 100 0
787| 14,09999 100 0
788| 14,39999 100 0
789| 14,69999 100 0
790| 14,99999 100 0
791| 15,29999 100 0
792| 15,59999 100 0
793| 15,89999 100 0
794| 16,19999 100 0
795| 16,49999 100 0
796| 16,79999 100 0
797| 17,09999 100 0
798| 17,39999 100 0
799| 17,69999 100 0
800| 17,99999 100 0
801| 18,29999 100 0
802| 18,59999 100 0
803| 18,89999 100 0
804| 19,19999 100 0
805| 19,49999 100 0
806| 19,79999 100 0
807| 20,09999 100 0
808| 20,39999 100 0
809| 20,69999 100 0
810| 20,99999 100 0
811| 21,29999 100 0
812| 21,59999 100 0
813| 21,89999 100 0
814| 22,19999 100 0
815| 22,49999 100 0
816| 0 0 0
817| 0 0 0
818| 0 0 0
819| 0 0 0
820| 0,3 0 0
821| 0,6 0 0
822| 0,9 0 0
823| 1,2 4 0
824| 1,5 8 0
825| 1,8 12 0
826| 2,1 16 0
827| 2,4 20 0
828| 2,7 24 0
829| 3 28 0
830| 3,299999 32 0
831| 3,599999 36 0
832| 3,899999 40 0
833| 4,2 43,99999 0
834| 4,5 47,99999 0
835| 4,8 51,99999 0
836| 5,1 55,99999 0
837| 5,4 60 0
838| 5,7 64 0
839| 6 68 0
840| 6,300001 72 0
841| 6,600001 76,00001 0
842| 6,900001 80,00001 0
843| 7,200001 84,00001 0
844| 7,500001 88,00002 0
845| 7,800001 92,00002 0
846| 8,1 96,00002 0
847| 8,4 100 0
848| 8,7 104 0
849| 8,999999 108 0
850| 9,299999 112 0
851| 9,599998 116 0
852| 9,899999 120 0
853| 10,2 124 0
854| 10,5 128 0
855| 10,8 132 0
856| 11,1 136 0
857| 11,4 140 0
858| 11,7 144 0
859| 12 148 0
860| 12,3 152 0
861| 12,6 156 0
862| 12,9 160 0
863| 13,2 164 0
864| 13,5 168 0
865| 13,79999 171,9999 0
866| 14,09999 175,9999 0
867| 14,39999 179,9999 0
868| 14,69999 183,9999 0
869| 14,99999 187,9999 0
870| 15,29999 191,9999 0
871| 15,59999 195,9999 0
872| 15,89999 199,9999 0
873| 16,19999 203,9999 0
874| 16,49999 207,9999 0
875| 16,79999 211,9999 0
876| 17,09999 215,9999 0
877| 17,39999 219,9999 0
878| 17,69999 223,9999 0
879| 17,99999 227,9999 0
880| 18,29999 231,9999 0
881| 18,59999 235,9999 0
882| 18,89999 239,9999 0
883| 19,19999 243,9999 0
884| 19,49999 247,9999 0
885| 19,79999 251,9999 0
886| 20,09999 255,9999 0
887| 20,39999 259,9999 0
888| 20,69999 263,9999 0
889| 20,99999 267,9999 0
890| 21,29999 271,9998 0
891| 21,59999 275,9998 0
892| 21,89999 279,9998 0
893| 22,19999 283,9998 0
894| 22,49999 287,9998 0
895| 22,79999 291,9998 0
896| 23,09999 295,9998 0
897| 23,39999 299,9998 0
898| 23,69999 303,9998 0
899| 23,99999 307,9998 0
900| 24,29999 311,9998 0
901| 24,59999 315,9998 0
902| 24,89998 319,9998 0
903| 25,19999 323,9998 0
904| 25,49998 327,9998 0
905| 25,79998 331,9998 0
906| 26,09998 335,9998 0
907| 26,39998 339,9998 0
908| 26,69998 343,9998 0
909| 26,99998 347,9998 0
910| 27,29998 351,9998 0
911| 27,59998 355,9998 0
912| 27,89998 359,9998 0
913| 28,19998 363,9998 0
914| 28,49998 367,9998 0
915| 28,79998 371,9998 0
916| 29,09998 375,9998 0
917| 29,39998 379,9998 0
918| 29,69998 383,9998 0
919| 29,99998 387,9998 0
920| 30 391,9998 0
921| 30 395,9998 0
922| 30 399,9997 0
923| 30 400 0
924| 30 400 0
925| 30 400 0
926| 30 400 0
927| 30 400 0
928| 30 400 0
929| 30 400 0
930| 30 400 0
931| 30 400 0
932| 30 400 0
933| 30 400 0
934| 30 400 0
935| 30 400 0
936| 30 400 0
937| 30 400 0
938| 30 400 0
939| 30 400 0
940| 30 400 0
941| 30 400 0
942| 30 400 0
943| 30 400 0
944| 30 400 0
945| 30 400 0
946| 30 400 0
947| 30 400 0
948| 30 400 0
949| 30 400 0
950| 30 400 0
951| 30 400 0
952| 30 400 0
953| 30 400 0
954| 30 400 0
955| 30 400 0
956| 30 400 0
957| 30 400 0
958| 30 400 0
959| 30 400 0
960| 30 400 0
961| 30 400 0
962| 30 400 0
963| 30 400 0
964| 30 400 0
965| 30 400 0
966| 30 400 0
967| 30 400 0
968| 30 400 0
969| 30 400 0
970| 30 400 0
971| 30 400 0
972| 30 400 0
973| 30 400 0
974| 30 400 0
975| 30 400 0
976| 0 400 0
977| -0,3 400 0
978| -0,6 400 0
979| -0,9 400 0
980| -1,2 400 0
981| -1,5 400 0
982| -1,5 400 0
983| -1,5 400 0
984| -1,5 400 0
985| -1,5 400 0
986| -1,5 400 0
987| -1,5 400 0
988| -1,8 400 0
989| -2,1 400 0
990| -2,4 400 0
991| -2,7 400 0
992| -3 400 0
993| 0 0 0
994| 0 0 0
995| 0 0 0
996| 0 0 0
997| 0 0 0
998| 0 0 0
999| 0 0 0
1000| 0 0 0
1001| 0 0 0
1002| 0 0 0
1003| 0 0 0
1004| 0 0 0
1005| 0 0 0
1006| 0 0 0
1007| 0 0 0
1008| 0 0 0
1009| 0 0 0
1010| 0 0 0
1011| 0 0 0
1012| 0 0 0
1013| 0 0 0
1014| 0 0 0
1015| 0 0 0
1016| 0 0 0
1017| 0 0 0
1018| 0 0 0
1019| 0 0 0
1020| 0 0 0
1021| 0 0 0
1022| 0 0 0
1023| 0 0 0
1024| 0 0 0
1025| 0 0 0
1026| 0 0 0
1027| 0 0 0
1028| 0 0 0
1029| 0 -4 0
1030| 0 -8 0
1031| 0 -12 0
1032| 0 0 0
1033| 0 0 0
1034| 0 0 0
1035| 0 0 0
1036| 0 0 0
1037| 0 0 0
1038| 0 0 0
1039| 0 0 0
1040| 0 0 0
1041| 0 0 0
1042| 0 0 0
1043| 0 0 0
1044| 0 0 0
1045| 0 0 0
1046| 0 0 0
1047| 0 0 0
1048| 0 0 0
1049| 0 0 0
1050| 0 0 0
1051| 0 0 0
1052| 0 0 0
1053| 0 0 0
1054| 0 0 0
1055| 0 0 0
1056| 0 0 0
1057| 0 0 0
1058| 0 0 0
1059| 0,3 0 0
1060| 0,6 0 0
1061| 0,9 0 0
1062| 1,2 0 0
1063| 1,5 0 0
1064| 1,8 0 0
1065| 2,1 0 0
1066| 2,4 0 0
1067| 2,7 0 0
1068| 3 0 0
1069| 3,299999 0 0
1070| 3,599999 0 0
1071| 3,899999 0 0
1072| 4,2 0 0
1073| 4,5 0 0
1074| 4,8 0 0
1075| 5,1 0 0
1076| 5,4 0 0
1077| 5,7 0 0
1078| 6 0 0
1079| 6,300001 0 0
1080| 6,600001 0 0
1081| 6,900001 0 0
1082| 7,200001 0 0
1083| 7,500001 0 0
1084| 7,800001 0 0
1085| 8,1 0 0
1086| 8,4 0 0
1087| 8,7 4 0
1088| 8,999999 8 0
1089| 9,299999 12 0
1090| 9,599998 16 0
1091| 9,899999 20 0
1092| 10,2 24 0
1093| 10,5 28 0
1094| 10,8 32 0
1095| 11,1 36 0
1096| 11,4 40 0
1097| 11,7 43,99999 0
1098| 12 47,99999 0
1099| 12,3 51,99999 0
1100| 12,6 55,99999 0
1101| 12,9 60 0
1102| 13,2 64 0
1103| 13,5 68 0
1104| 13,79999 72 0
1105| 14,09999 76,00001 0
1106| 14,39999 80,00001 0
1107| 14,69999 84,00001 0
1108| 14,99999 88,00002 0
1109| 15,29999 92,00002 0
1110| 15,59999 96,00002 0
1111| 15,89999 100 0
1112| 16,19999 104 0
1113| 16,49999 108 0
1114| 16,79999 112 0
1115| 17,09999 116 0
1116| 17,39999 120 0
1117| 17,69999 124 0
1118| 17,99999 128 0
1119| 18,29999 132 0
1120| 18,59999 136 0
1121| 18,89999 140 0
1122| 19,19999 144 0
1123| 19,49999 148 0
1124| 19,79999 152 0
1125| 20,09999 156 0
1126| 20,39999 160 0
1127| 20,69999 164 0
1128| 20,99999 168 0
1129| 21,29999 171,9999 0
1130| 21,59999 175,9999 0
1131| 21,89999 179,9999 0
1132| 22,19999 183,9999 0
1133| 22,49999 187,9999 0
1134| 22,79999 191,9999 0
1135| 23,09999 195,9999 0
1136| 23,39999 199,9999 0
1137| 23,69999 203,9999 0
1138| 23,99999 207,9999 0
1139| 24,29999 211,9999 0
1140| 24,59999 215,9999 0
1141| 24,89998 219,9999 0
1142| 25,19999 223,9999 0
1143| 25,49998 227,9999 0
1144| 25,79998 231,9999 0
1145| 26,09998 235,9999 0
1146| 26,39998 239,9999 0
1147| 26,69998 243,9999 0
1148| 26,99998 247,9999 0
1149| 27,29998 251,9999 0
1150| 27,59998 255,9999 0
1151| 27,89998 259,9999 0
1152| 28,19998 263,9999 0
1153| 28,49998 267,9999 0
1154| 28,79998 271,9998 0
1155| 29,09998 275,9998 0
1156| 29,39998 279,9998 0
1157| 29,69998 283,9998 0
1158| 29,99998 287,9998 0
1159| 30 291,9998 0
1160| 30 295,9998 0
1161| 30 299,9998 0
1162| 30 303,9998 0
1163| 30 307,9998 0
1164| 30 311,9998 0
1165| 30 315,9998 0
1166| 30 319,9998 0
1167| 30 323,9998 0
1168| 30 327,9998 0
1169| 30 331,9998 0
1170| 30 335,9998 0
1171| 30 339,9998 0
1172| 30 343,9998 0
1173| 30 347,9998 0
1174| 30 351,9998 0
1175| 30 355,9998 0
1176| 30 359,9998 0
1177| 30 363,9998 0
1178| 30 367,9998 0
1179| 30 371,9998 0
1180| 30 375,9998 0
1181| 30 379,9998 0
1182| 30 383,9998 0
1183| 30 387,9998 0
1184| 30 391,9998 0
1185| 30 395,9998 0
1186| 30 399,9997 0
1187| 30 400 0
1188| 30 400 0
1189| 30 400 0
1190| 30 400 0
1191| 30 400 0
1192| 30 400 0
1193| 30 400 0
1194| 30 400 0
1195| 30 400 0
1196| 30 400 0
1197| 30 400 0
1198| 30 400 0
1199| 30 400 0
1200| 30 400 0
1201| 30 400 0
1202| 30 400 0
1203| 30 400 0
1204| 30 400 0
1205| 30 400 0
1206| 30 400 0
1207| 0 0 0
1208| 0 0 0
1209| 0 0 0
1210| 0 0 0
1211| 0 0 0
1212| 0 0 0
1213| 0 0 0
1214| 0 4 0
1215| 0 8 0
1216| 0 12 0
1217| 0 16 0
1218| 0 20 0
1219| 0 24 0
1220| 0 28 0
1221| 0 32 0
1222| 0 36 0
1223| 0 40 0
1224| 0 43,99999 0
1225| 0 47,99999 0
1226| 0 51,99999 0
1227| 0 55,99999 0
1228| 0 60 0
1229| 0 64 0
1230| 0 68 0
1231| 0 72 0
1232| 0 76,00001 0
1233| 0 80,00001 0
1234| 0 84,00001 0
1235| 0 88,00002 0
1236| 0 92,00002 0
1237| 0 96,00002 0
1238| 0,3 100 0
1239| 0,6 104 0
1240| 0,9 104 0
1241| 1,2 104 0
1242| 1,5 104 0
1243| 1,8 104 0
1244| 2,1 104 0
1245| 2,4 104 0
1246| 2,7 104 0
1247| 3 104 0
1248| 3,299999 104 0
1249| 3,599999 104 0
1250| 3,899999 104 0
1251| 4,2 104 0
1252| 4,5 104 0
1253| 4,8 104 0
1254| 5,1 104 0
1255| 5,4 104 0
1256| 5,7 104 0
1257| 6 104 0
1258| 6,300001 104 0
1259| 6,600001 104 0
1260| 6,900001 104 0
1261| 7,200001 104 0
1262| 7,500001 104 0
1263| 7,800001 104 0
1264| 8,1 104 0
1265| 8,4 104 0
1266| 8,7 104 0
1267| 8,999999 104 0
1268| 9,299999 104 0
1269| 9,599998 104 0
1270| 9,899999 104 0
1271| 10,2 104 0
1272| 10,5 104 0
1273| 10,8 104 0
1274| 11,1 104 0
1275| 11,4 104 0
1276| 11,7 104 0
1277| 12 104 0
1278| 12,3 104 0
1279| 12,6 104 0
1280| 12,9 104 0
1281| 13,2 104 0
1282| 13,5 104 0
1283| 13,79999 104 0
1284| 14,09999 104 0
1285| 14,39999 104 0
1286| 14,69999 104 0
1287| 14,99999 104 0
1288| 15,29999 104 0
1289| 15,59999 104 0
1290| 15,89999 104 0
1291| 16,19999 104 0
1292| 16,49999 104 0
1293| 0 0 0
1294| 0 0 0
1295| 0 0 0
1296| 0 0 0
1297| 0 4 0
1298| 0 8 0
1299| 0 12 0
1300| 0 16 0
1301| 0 20 0
1302| 0 24 0
1303| 0 28 0
1304| 0 32 0
1305| 0 36 0
1306| 0 40 0
1307| 0 43,99999 0
1308| 0 47,99999 0
1309| 0 51,99999 0
1310| 0 55,99999 0
1311| 0 60 0
1312| 0 64 0
1313| 0 68 0
1314| 0 72 0
1315| 0 76,00001 0
1316| 0 80,00001 0
1317| 0 84,00001 0
1318| 0 88,00002 0
1319| 0 92,00002 0
1320| 0 96,00002 0
1321| 0 100 0
1322| 0 104 0
1323| 0 108 0
1324| 0 112 0
1325| 0 116 0
1326| 0 120 0
1327| 0 124 0
1328| 0 128 0
1329| 0 132 0
1330| 0 136 0
1331| 0 140 0
1332| 0 144 0
1333| 0 148 0
1334| 0 152 0
1335| 0 156 0
1336| 0 160 0
1337| 0 164 0
1338| 0 168 0
1339| 0 171,9999 0
1340| 0 175,9999 0
1341| 0 179,9999 0
1342| 0 183,9999 0
1343| 0 187,9999 0
1344| 0,3 191,9999 0
1345| 0,6 195,9999 0
1346| 0,9 199,9999 0
1347| 1,2 203,9999 0
1348| 1,5 207,9999 0
1349| 1,8 211,9999 0
1350| 1,8 215,9999 0
1351| 1,8 219,9999 0
1352| 1,8 223,9999 0
1353| 1,8 227,9999 0
1354| 1,8 231,9999 0
1355| 1,8 235,9999 0
1356| 1,8 239,9999 0
1357| 2,1 243,9999 0
1358| 2,4 247,9999 0
1359| 2,7 251,9999 0
1360| 3 255,9999 0
1361| 3,299999 259,9999 0
1362| 3,299999 263,9999 0
1363| 3,299999 267,9999 0
1364| 3,299999 271,9998 0
1365| 3,299999 275,9998 0
1366| 3,299999 279,9998 0
1367| 3,299999 283,9998 0
1368| 3,299999 287,9998 0
1369| 3,299999 291,9998 0
1370| 3,299999 295,9998 0
1371| 3,299999 299,9998 0
1372| 3,299999 303,9998 0
1373| 3,299999 307,9998 0
1374| 3,299999 311,9998 0
1375| 3,299999 315,9998 0
1376| 3,299999 319,9998 0
1377| 3,299999 323,9998 0
1378| 3,299999 327,9998 0
1379| 3,299999 331,9998 0
1380| 3,299999 335,9998 0
1381| 3,299999 339,9998 0
1382| 3,299999 343,9998 0
1383| 3,299999 347,9998 0
1384| 3,299999 351,9998 0
1385| 3,299999 355,9998 0
1386| 3,299999 359,9998 0
1387| 3,299999 363,9998 0
1388| 3,299999 367,9998 0
1389| 3,299999 371,9998 0
1390| 3,299999 375,9998 0
1391| 3,299999 379,9998 0
1392| 3,299999 383,9998 0
1393| 3,299999 387,9998 0
1394| 3,299999 391,9998 0
1395| 3,299999 395,9998 0
1396| 3,299999 399,9997 0
1397| 3,299999 400 0
1398| 3,299999 400 0
1399| 3,299999 400 0
1400| 3,299999 400 0
1401| 3,299999 400 0
1402| 3,299999 400 0
1403| 3,299999 400 0
1404| 3,299999 400 0
1405| 3,299999 400 0
1406| 3,299999 400 0
1407| 3,299999 400 0
1408| 3,299999 400 0
1409| 3,299999 400 0
1410| 3,299999 400 0
1411| 3,299999 400 0
1412| 3,299999 400 0
1413| 3,299999 400 0
1414| 3,299999 400 0
1415| 3,299999 400 0
1416| 3,299999 400 0
1417| 0 400 0
1418| -0,3 400 0
1419| -0,6 400 0
1420| -0,9 400 0
1421| -1,2 400 0
1422| -1,5 400 0
1423| -1,8 400 0
1424| -2,1 400 0
1425| -2,4 400 0
1426| -2,7 400 0
1427| -3 400 0
1428| -3,299999 400 0
1429| -3,599999 400 0
1430| -3,899999 400 0
1431| -4,2 400 0
1432| -4,5 400 0
1433| -4,8 400 0
1434| -5,1 400 0
1435| -5,4 400 0
1436| -5,7 400 0
1437| -6 400 0
1438| -6,300001 400 0
1439| -6,600001 400 0
1440| -6,900001 400 0
1441| -7,200001 400 0
1442| -7,500001 400 0
1443| -7,800001 400 0
1444| -8,1 400 0
1445| -8,4 400 0
1446| -8,7 400 0
1447| -8,999999 400 0
1448| -9,299999 400 0
1449| -9,599998 400 0
1450| -9,899999 400 0
1451| -9,899999 400 0
1452| -9,899999 400 0
1453| -9,899999 400 0
1454| -9,899999 400 0
1455| -9,899999 400 0
1456| -9,899999 400 0
1457| -9,899999 400 0
1458| -9,899999 400 0
1459| -9,899999 400 0
1460| -9,899999 400 0
1461| -9,899999 400 0
1462| -9,899999 400 0
1463| -9,899999 400 0
1464| -9,899999 400 0
1465| 0 0 0
1466| 0 0 0
1467| 0 0 0
1468| 0 0 0
1469| 0 0 0
1470| 0 0 0
1471| 0 4 0
1472| 0 8 0
1473| 0 12 0
1474| 0 16 0
1475| 0 20 0
1476| 0 24 0
1477| 0 28 0
1478| 0 32 0
1479| 0 36 0
1480| 0 40 0
1481| 0 43,99999 0
1482| 0 47,99999 0
1483| 0 51,99999 0
1484| 0 55,99999 0
1485| 0 60 0
1486| 0 64 0
1487| 0 68 0
1488| 0 72 0
1489| 0 76,00001 0
1490| 0 80,00001 0
1491| 0 84,00001 0
1492| 0 88,00002 0
1493| 0 92,00002 0
1494| 0 96,00002 0
1495| 0 100 0
1496| 0 104 0
1497| 0 108 0
1498| 0 112 0
1499| 0 116 0
1500| 0 120 0
1501| 0 124 0
1502| 0 128 0
1503| 0 132 0
1504| 0 136 0
1505| 0 140 0
1506| 0 144 0
1507| 0 148 0
1508| 0 152 0
1509| 0 156 0
1510| 0 160 0
1511| 0 164 0
1512| 0 168 0
1513| 0 171,9999 0
1514| 0 175,9999 0
1515| 0 179,9999 0
1516| 0 183,9999 0
1517| 0 187,9999 0
1518| 0 191,9999 0
1519| 0 195,9999 0
1520| 0 199,9999 0
1521| 0 203,9999 0
1522| 0 207,9999 0
1523| 0 211,9999 0
1524| 0 215,9999 0
1525| 0 219,9999 0
1526| 0 223,9999 0
1527| 0 227,9999 0
1528| 0 231,9999 0
1529| 0 235,9999 0
1530| 0 239,9999 0
1531| 0 243,9999 0
1532| 0 247,9999 0
1533| 0 251,9999 0
1534| 0 255,9999 0
1535| 0 259,9999 0
1536| 0 263,9999 0
1537| 0 267,9999 0
1538| 0 271,9998 0
1539| 0 275,9998 0
1540| 0 279,9998 0
1541| 0 283,9998 0
1542| 0 287,9998 0
1543| 0 291,9998 0
1544| 0 295,9998 0
1545| 0 299,9998 0
1546| 0 303,9998 0
1547| 0 307,9998 0
1548| 0 311,9998 0
1549| 0 315,9998 0
1550| 0 319,9998 0
1551| 0 323,9998 0
1552| 0 327,9998 0
1553| 0,3 331,9998 0
1554| 0,6 335,9998 0
1555| 0,9 339,9998 0
1556| 1,2 343,9998 0
1557| 1,5 343,9998 0
1558| 1,8 343,9998 0
1559| 2,1 343,9998 0
1560| 2,4 343,9998 0
1561| 2,7 343,9998 0
1562| 3 343,9998 0
1563| 3,299999 343,9998 0
1564| 3,599999 343,9998 0
1565| 3,899999 343,9998 0
1566| 4,2 343,9998 0
1567| 4,5 343,9998 0
1568| 4,8 343,9998 0
1569| 5,1 343,9998 0
1570| 5,4 343,9998 0
1571| 5,7 343,9998 0
1572| 6 343,9998 0
1573| 6,300001 343,9998 0
1574| 6,600001 343,9998 0
1575| 6,900001 343,9998 0
1576| 7,200001 343,9998 0
1577| 7,500001 343,9998 0
1578| 7,800001 343,9998 0
1579| 8,1 343,9998 0
1580| 8,4 343,9998 0
1581| 8,7 343,9998 0
1582| 8,999999 343,9998 0
1583| 9,299999 343,9998 0
1584| 9,599998 343,9998 0
1585| 9,899999 343,9998 0
1586| 0 0 0
1587| 0 0 0
1588| 0 0 0
1589| 0 0 0
1590| 0 0 0
1591| 0 0 0
1592| 0 0 0
1593| 0 0 0
1594| 0 0 0
1595| 0 0 0
1596| 0 0 0
1597| 0 0 0
1598| 0 0 0
1599| 0 0 0
1600| 0 0 0
1601| 0 0 0
1602| 0 0 0
1603| 0 0 0
1604| 0 0 0
1605| 0 0 0
1606| 0 0 0
1607| 0 0 0
1608| 0 0 0
1609| 0 0 0
1610| 0 0 0
1611| 0 0 0
1612| 0 0 0
1613| 0 0 0
1614| 0 0 0
1615| 0 0 0
1616| 0 0 0
1617| 0 0 0
1618| 0 0 0
1619| 0 0 0
1620| 0 0 0
1621| 0 0 0
1622| 0 0 0
1623| 0 0 0
1624| 0 0 0
1625| 0 0 0
1626| 0 0 0
1627| 0 0 0
1628| 0 0 0
1629| 0 0 0
1630| 0 0 0
1631| 0 0 0
1632| 0 0 0
1633| 0 0 0
1634| 0 0 0
1635| 0 0 0
1636| 0 0 0
1637| 0 0 0
1638| 0 0 0
1639| 0 0 0
1640| 0 0 0
1641| 0 0 0
1642| 0 0 0
1643| 0 0 0
1644| 0 0 0
1645| 0 0 0
1646| 0 0 0
1647| 0 0 0
1648| 0 -4 0
1649| 0 -8 0
1650| 0 -12 0
1651| 0 -16 0
1652| 0 -20 0
1653| 0 -24 0
1654| 0 -28 0
1655| 0 -32 0
1656| 0 -36 0
1657| 0 -40 0
1658| 0 -43,99999 0
1659| 0 -47,99999 0
1660| 0 -51,99999 0
1661| 0 -55,99999 0
1662| 0 -60 0
1663| 0 -64 0
1664| 0 -68 0
1665| 0 -72 0
1666| 0 -76,00001 0
1667| 0 -80,00001 0
1668| 0 -84,00001 0
1669| 0 -88,00002 0
1670| 0 -92,00002 0
1671| 0 -96,00002 0
1672| 0 -100 0
1673| 0 -104 0
1674| 0 -108 0
1675| 0 -112 0
1676| 0 -116 0
1677| 0 -120 0
1678| 0 -124 0
1679| 0 -128 0
1680| 0 -132 0
1681| 0 -136 0
1682| 0 -140 0
1683| 0 -144 0
1684| 0 -148 0
1685| 0 -152 0
1686| 0 -156 0
1687| 0 -160 0
1688| 0 -164 0
1689| 0 -168 0
1690| 0 -171,9999 0
1691| 0 -175,9999 0
1692| 0 -179,9999 0
1693| 0 -183,9999 0
1694| 0 -187,9999 0
1695| 0 -191,9999 0
1696| 0 -195,9999 0
1697| 0 -199,9999 0
1698| 0 -203,9999 0
1699| 0 -207,9999 0
1700| 0 -211,9999 0
1701| 0 -215,9999 0
1702| 0 -219,9999 0
1703| 0 -223,9999 0
1704| 0 -227,9999 0
1705| 0 -231,9999 0
1706| 0 -235,9999 0
1707| 0 -239,9999 0
1708| 0 -243,9999 0
1709| 0 -247,9999 0
1710| 0 -251,9999 0
1711| 0 -255,9999 0
1712| 0 -259,9999 0
1713| 0 -263,9999 0
1714| 0 -267,9999 0
1715| 0 -271,9998 0
1716| 0 -275,9998 0
1717| 0 -279,9998 0
1718| 0 -283,9998 0
1719| 0 -287,9998 0
1720| 0 -291,9998 0
1721| 0 -295,9998 0
1722| 0 -299,9998 0
1723| 0 -303,9998 0
1724| 0 -307,9998 0
1725| 0 -311,9998 0
1726| 0 -315,9998 0
1727| 0 -319,9998 0
1728| 0 -323,9998 0
1729| 0 -327,9998 0
1730| 0 -331,9998 0
1731| 0 -335,9998 0
1732| 0 -339,9998 0
1733| 0 -343,9998 0
1734| 0 -347,9998 0
1735| 0 -351,9998 0
1736| 0 -355,9998 0
1737| 0 -359,9998 0
1738| 0 -363,9998 0
1739| 0 -367,9998 0
1740| 0 -371,9998 0
1741| 0 -375,9998 0
1742| 0 -379,9998 0
1743| 0 -383,9998 0
1744| 0 -387,9998 0
1745| 0 -391,9998 0
1746| 0 -395,9998 0
1747| 0 -399,9997 0
1748| 0 -400 0
1749| 0 -400 0
1750| 0 -400 0
1751| 0 -400 0
1752| 0 -400 0
1753| 0 -400 0
1754| 0 -400 0
1755| 0 0 0
1756| 0 0 0
1757| 0 0 0
1758| 0 0 0
1759| 0 0 0
1760| 0 0 0
1761| 0 0 0
1762| 0 0 0
1763| 0 4 0
1764| 0 8 0
1765| 0 12 0
1766| 0 16 0
1767| 0 20 0
1768| 0 24 0
1769| 0 28 0
1770| 0 32 0
1771| 0 36 0
1772| 0 40 0
1773| 0 43,99999 0
1774| 0 47,99999 0
1775| 0 51,99999 0
1776| 0 55,99999 0
1777| 0 60 0
1778| 0 64 0
1779| 0 68 0
1780| 0 72 0
1781| 0 76,00001 0
1782| 0 80,00001 0
1783| 0 84,00001 0
1784| 0 88,00002 0
1785| 0 92,00002 0
1786| 0 96,00002 0
1787| 0 100 0
1788| 0 104 0
1789| 0 108 0
1790| 0 112 0
1791| 0 116 0
1792| 0 120 0
1793| 0 124 0
1794| 0 0 0
1795| 0 0 0
1796| 0 0 0
1797| 0 0 0
1798| 0 4 0
1799| 0 8 0
1800| 0 12 0
1801| 0 16 0
1802| 0 20 0
1803| 0 24 0
1804| 0 28 0
1805| 0 32 0
1806| 0 36 0
1807| 0 40 0
1808| 0 43,99999 0
1809| 0 47,99999 0
1810| 0 51,99999 0
1811| 0 55,99999 0
1812| 0 60 0
1813| 0 64 0
1814| 0 68 0
1815| 0 72 0
1816| 0 76,00001 0
1817| 0 80,00001 0
1818| 0 84,00001 0
1819| 0 88,00002 0
1820| 0 92,00002 0
1821| 0 96,00002 0
1822| 0 100 0
1823| 0 104 0
1824| 0 108 0
1825| 0 112 0
1826| 0 116 0
1827| 0 120 0
1828| 0 124 0
1829| 0 128 0
1830| 0 132 0
1831| 0 136 0
1832| 0 140 0
1833| 0 144 0
1834| 0 148 0
1835| 0 152 0
1836| 0 156 0
1837| 0 160 0
1838| 0 164 0
1839| 0 168 0
1840| 0 171,9999 0
1841| 0 175,9999 0
1842| 0 179,9999 0
1843| 0 183,9999 0
1844| 0 187,9999 0
1845| 0 191,9999 0
1846| 0 195,9999 0
1847| 0 0 0
1848| 0 0 0
1849| 0 0 0
1850| 0 0 0
1851| 0 0 0
1852| 0 0 0
1853| 0 0 0
1854| 0 0 0
1855| 0 0 0
1856| 0 0 0
1857| 0 0 0
1858| -0,3 0 0
1859| -0,6 0 0
1860| -0,9 0 0
1861| -1,2 0 0
1862| -1,5 0 0
1863| -1,8 0 0
1864| -2,1 0 0
1865| -2,4 0 0
1866| -2,7 0 0
1867| -3 0 0
1868| -3,299999 0 0
1869| -3,599999 0 0
1870| -3,899999 0 0
1871| -4,2 0 0
1872| -4,5 4 0
1873| -4,8 8 0
1874| -5,1 12 0
1875| -5,4 16 0
1876| -5,7 20 0
1877| -6 24 0
1878| -6,300001 28 0
1879| -6,600001 32 0
1880| -6,900001 36 0
1881| -7,200001 40 0
1882| -7,500001 43,99999 0
1883| -7,800001 47,99999 0
1884| -8,1 51,99999 0
1885| -8,4 55,99999 0
1886| -8,7 60 0
1887| -8,999999 64 0
1888| -9,299999 68 0
1889| -9,599998 72 0
1890| -9,899999 76,00001 0
1891| -10,2 80,00001 0
1892| -10,5 84,00001 0
1893| -10,8 88,00002 0
1894| -11,1 92,00002 0
1895| -11,4 96,00002 0
1896| -11,7 100 0
1897| -12 104 0
1898| -12,3 108 0
1899| -12,6 112 0
1900| -12,9 116 0
1901| -13,2 120 0
1902| -13,5 124 0
1903| -13,79999 128 0
1904| -14,09999 132 0
1905| -14,39999 136 0
1906| -14,69999 140 0
1907| -14,99999 144 0
1908| -15,29999 148 0
1909| -15,59999 152 0
1910| -15,89999 156 0
1911| -16,19999 160 0
1912| -16,49999 164 0
1913| -16,79999 168 0
1914| -17,09999 171,9999 0
1915| -17,39999 175,9999 0
1916| -17,69999 179,9999 0
1917| -17,99999 183,9999 0
1918| -18,29999 187,9999 0
1919| -18,59999 191,9999 0
1920| -18,89999 195,9999 0
1921| -19,19999 199,9999 0
1922| -19,49999 203,9999 0
1923| -19,79999 207,9999 0
1924| -20,09999 211,9999 0
1925| -20,39999 215,9999 0
1926| -20,69999 219,9999 0
1927| -20,99999 223,9999 0
1928| -21,29999 227,9999 0
1929| -21,59999 231,9999 0
1930| -21,89999 235,9999 0
1931| -22,19999 239,9999 0
1932| -22,49999 243,9999 0
1933| -22,79999 247,9999 0
1934| -23,09999 251,9999 0
1935| -23,39999 255,9999 0
1936| -23,69999 259,9999 0
1937| -23,99999 263,9999 0
1938| -24,29999 267,9999 0
1939| -24,59999 271,9998 0
1940| -24,89998 275,9998 0
1941| -25,19999 279,9998 0
1942| -25,49998 283,9998 0
1943| -25,79998 287,9998 0
1944| -26,09998 291,9998 0
1945| -26,39998 295,9998 0
1946| -26,69998 299,9998 0
1947| -26,99998 303,9998 0
1948| -27,29998 307,9998 0
1949| -27,59998 311,9998 0
1950| -27,89998 315,9998 0
1951| -28,19998 319,9998 0
1952| -28,49998 323,9998 0
1953| -28,79998 327,9998 0
1954| -29,09998 331,9998 0
1955| -29,39998 335,9998 0
1956| -29,69998 339,9998 0
1957| -29,99998 343,9998 0
1958| -30 347,9998 0
1959| -30 351,9998 0
1960| -30 355,9998 0
1961| -30 359,9998 0
1962| -30 363,9998 0
1963| -30 367,9998 0
1964| -30 371,9998 0
1965| -30 375,9998 0
1966| -30 379,9998 0
1967| -30 383,9998 0
1968| -30 387,9998 0
1969| -30 391,9998 0
1970| -30 395,9998 0
1971| -30 399,9997 0
1972| -30 400 0
1973| -30 400 0
1974| -30 400 0
1975| 0 0 0
1976| 0 0 0
1977| 0 0 0
1978| 0 0 0
1979| 0 0 0
1980| 0 0 0
1981| 0 0 0
1982| 0 0 0
1983| 0 0 0
1984| 0 0 0
1985| 0 0 0
1986| 0 0 0
1987| 0 0 0
1988| 0 0 0
1989| 0 0 0
1990| 0 0 0
1991| 0 0 0
1992| 0 0 0
1993| 0 0 0
1994| 0 0 0
1995| 0 0 0
1996| 0 0 0
1997| 0 0 0
1998| 0 0 0
1999| 0 0 0
2000| 0 0 0
2001| 0 0 0
2002| 0 0 0
2003| 0 0 0
2004| 0 0 0
2005| 0 0 0
2006| 0 0 0
2007| 0 0 0
2008| 0 0 0
2009| 0 0 0
2010| 0 0 0
2011| 0 0 0
2012| 0 0 0
2013| 0 0 0
2014| 0 0 0
2015| 0 0 0
2016| 0 0 0
2017| 0 -4 0
2018| 0 -8 0
2019| 0 -12 0
2020| 0 -16 0
2021| 0 -20 0
2022| 0 -24 0
2023| 0 -28 0
2024| 0 -32 0
2025| 0 -36 0
2026| 0 -40 0
2027| 0 -43,99999 0
2028| 0 -47,99999 0
2029| 0 -51,99999 0
2030| 0 -55,99999 0
2031| 0 -60 0
2032| 0 -64 0
2033| 0 -68 0
2034| 0 -72 0
2035| 0 -76,00001 0
2036| 0 -80,00001 0
2037| 0 -84,00001 0
2038| 0 -88,00002 0
2039| 0 -92,00002 0
2040| 0 -96,00002 0
2041| 0 -100 0
2042| 0 -104 0
2043| 0 -108 0
2044| 0 -112 0
2045| 0 -116 0
2046| 0 -120 0
2047| 0 -124 0
2048| 0 -128 0
2049| 0 -132 0
2050| 0 -136 0
2051| 0 -140 0
2052| 0 -144 0
2053| 0 -148 0
2054| 0 -152 0
2055| 0 -156 0
2056| 0 -160 0
2057| 0 -164 0
2058| 0 -168 0
2059| 0 -171,9999 0
2060| 0 -175,9999 0
2061| 0 -179,9999 0
2062| 0 -183,9999 0
2063| 0 -187,9999 0
2064| 0 -191,9999 0
2065| 0 -195,9999 0
2066| 0 -199,9999 0
2067| 0 -203,9999 0
2068| 0 -207,9999 0
2069| 0 0 0
2070| 0 0 0
2071| 0 0 0
2072| 0 0 0
2073| 0 0 0
2074| 0 0 0
2075| 0 0 0
2076| 0 0 0
2077| 0 0 0
2078| 0 0 0
2079| 0 0 0
2080| 0 0 0
2081| 0 0 0
2082| 0 0 0
2083| 0 0 0
2084| 0 -4 0
2085| 0 -8 0
2086| 0 -12 0
2087| 0 -16 0
2088| 0 -20 0
2089| 0 -24 0
2090| 0 -28 0
2091| 0 -32 0
2092| 0 -36 0
2093| 0 -40 0
2094| 0 -43,99999 0
2095| 0 -47,99999 0
2096| 0 -51,99999 0
2097| 0 -55,99999 0
2098| 0 -60 0
2099| 0 -64 0
2100| 0 -68 0
2101| 0 -72 0
2102| 0 -76,00001 0
2103| 0 -80,00001 0
2104| 0 -84,00001 0
2105| 0 -88,00002 0
2106| 0 -92,00002 0
2107| 0 -96,00002 0
2108| 0 -100 0
2109| 0 -104 0
2110| 0 -108 0
2111| 0 -112 0
2112| 0 0 0
2113| 0 0 0
2114| 0 0 0
2115| 0 0 0
2116| 0 0 0
2117| 0 0 0
2118| 0 0 0
2119| 0 0 0
2120| 0 0 0
2121| 0 0 0
2122| 0 0 0
2123| 0 0 0
2124| 0 0 0
2125| 0 0 0
2126| 0 0 0
2127| 0 0 0
2128| 0 0 0
2129| 0 0 0
2130| 0 0 0
2131| 0 0 0
2132| 0 0 0
2133| 0 0 0
2134| 0 0 0
2135| 0 0 0
2136| 0 0 0
2137| 0 0 0
2138| 0 0 0
2139| 0 0 0
2140| 0 0 0
2141| 0 -4 0
2142| 0 -8 0
2143| 0 -12 0
2144| 0 -16 0
2145| 0 -20 0
2146| 0 -24 0
2147| 0 -28 0
2148| 0 -32 0
2149| 0 -36 0
2150| 0 -40 0
2151| 0 -43,99999 0
2152| 0 -47,99999 0
2153| 0 -51,99999 0
2154| 0 -55,99999 0
2155| 0 -60 0
2156| 0 -64 0
2157| 0 -68 0
2158| 0 -72 0
2159| 0 -76,00001 0
2160| 0 -80,00001 0
2161| 0 -84,00001 0
2162| 0 -88,00002 0
2163| 0 -92,00002 0
2164| 0 -96,00002 0
2165| 0 -100 0
2166| 0 -104 0
2167| 0 -108 0
2168| 0 -112 0
2169| 0 -116 0
2170| 0 -120 0
2171| 0 -124 0
2172| 0 -128 0
2173| 0 -132 0
2174| 0 -136 0
2175| 0 -140 0
2176| 0 -144 0
2177| 0 -148 0
2178| 0 -152 0
2179| 0 -156 0
2180| 0 -160 0
2181| 0 0 0
2182| 0 0 0
2183| 0 0 0
2184| 0 0 0
2185| 0 0 0
2186| 0 0 0
2187| 0 0 0
2188| 0 0 0
2189| 0 0 0
2190| 0 0 0
2191| 0 0 0
2192| 0 0 0
2193| 0 0 0
2194| 0 0 0
2195| 0 0 0
2196| 0 0 0
2197| 0 0 0
2198| 0 0 0
2199| 0 0 0
2200| 0 0 0
2201| 0 0 0
2202| 0 0 0
2203| 0 0 0
2204| 0 0 0
2205| 0 0 0
2206| 0 0 0
2207| 0 0 0
2208| 0 0 0
2209| 0 0 0
2210| 0 0 0
2211| 0 0 0
2212| 0 0 0
2213| 0 0 0
2214| 0 0 0
2215| 0 0 0
2216| 0 0 0
2217| 0 0 0
2218| 0 0 0
2219| 0 0 0
2220| 0 0 0
2221| 0 0 0
2222| 0 0 0
2223| 0 0 0
2224| 0 0 0
2225| 0 0 0
2226| 0 0 0
2227| 0 0 0
2228| 0 0 0
2229| 0 0 0
2230| 0 0 0
2231| 0 0 0
2232| 0 0 0
2233| 0 0 0
2234| 0 0 0
2235| 0 0 0
2236| 0 0 0
2237| 0 0 0
2238| 0 0 0
2239| 0 0 0
2240| 0 0 0
2241| 0 0 0
2242| 0 0 0
2243| 0 0 0
2244| 0 0 0
2245| 0 0 0
2246| 0 0 0
2247| 0 0 0
2248| 0 0 0
2249| 0 0 0
2250| 0 0 0
2251| 0 0 0
2252| 0 0 0
2253| 0 0 0
2254| 0 0 0
2255| 0 0 0
2256| 0 0 0
2257| 0 0 0
2258| 0 0 0
2259| 0 0 0
2260| 0 0 0
2261| 0 0 0
2262| 0 0 0
2263| 0 0 0
2264| 0 0 0
2265| 0 0 0
2266| 0 0 0
2267| 0 0 0
2268| 0 0 0
2269| 0 0 0
2270| 0 0 0
2271| 0 0 0
2272| 0 0 0
2273| 0 0 0
2274| 0 0 0
2275| 0 0 0
2276| 0 0 0
2277| 0 0 0
2278| 0 0 0
2279| 0 0 0
2280| 0 0 0
2281| 0 0 0
2282| 0 0 0
2283| 0 0 0
2284| 0 0 0
2285| 0 0 0
2286| 0 0 0
2287| 0 0 0
2288| 0 0 0
2289| 0 0 0
2290| 0 0 0
2291| 0 0 0
2292| 0 0 0
2293| 0 0 0
2294| 0 0 0
2295| 0 0 0
2296| 0 0 0
2297| 0 0 0
2298| 0 0 0
2299| 0 0 0
2300| 0 0 0
2301| 0 0 0
2302| 0 0 0
2303| 0 0 0
2304| 0 0 0
2305| 0 0 0
2306| 0 0 0
2307| 0 0 0
2308| 0 0 0
2309| 0 0 0
2310| 0 0 0
2311| 0 0 0
2312| 0 0 0
2313| 0 0 0
2314| 0 0 0
2315| 0 0 0
2316| 0 0 0
2317| 0 0 0
2318| 0 0 0
2319| 0 0 0
2320| 0 0 0
2321| 0 0 0
2322| 0 0 0
2323| 0 -4 0
2324| 0 -8 0
2325| 0 -12 0
2326| 0 -16 0
2327| 0 -20 0
2328| 0 -24 0
2329| 0 -28 0
2330| 0 -32 0
2331| 0 -36 0
2332| 0 -40 0
2333| 0 -43,99999 0
2334| 0 -47,99999 0
2335| 0 -51,99999 0
2336| 0 -55,99999 0
2337| 0 -60 0

