1| 0 0 0
2| 0 0 0
3| 0 0 0
4| 0 0 0
5| 0 0 0
6| 0 0 0
7| 0 0 0
8| 0 0 0
9| 0 0 0
10| 0 0 0
11| 0 0 0
12| 0 0 0
13| 0 0 0
14| 0 0 0
15| 0 0 0
16| 0 0 0
17| 0 0 0
18| 0 0 0
19| 0 0 0
20| 0 0 0
21| 0 0 0
22| 0 0 0
23| 0 0 0
24| 0 0 0
25| 0 0 0
26| 0 0 0
27| 0 0 0
28| 0 0 0
29| 0 0 0
30| 0 0 0
31| 0 0 0
32| 0 0 0
33| 0 0 0
34| 0 0 0
35| 0 0 0
36| 0 0 0
37| 0 0 0
38| 0 0 0
39| 0 0 0
40| 0 0 0
41| 0 0 0
42| 0 0 0
43| 0 0 0
44| 0 0 0
45| 0 0 0
46| 0 0 0
47| 0 0 0
48| 0 0 0
49| 0 0 0
50| 0 0 0
51| 0 0 0
52| 0 0 0
53| 0 0 0
54| 0 0 0
55| 0 0 0
56| 0 0 0
57| 0 0 0
58| 0 0 0
59| 0 0 0
60| 0 0 0
61| 0 0 0
62| 0 0 0
63| 0 0 0
64| 0 0 0
65| 0 0 0
66| 0 0 0
67| 0 0 0
68| 0 0 0
69| 0 0 0
70| 0 0 0
71| 0 0 0
72| 0 0 0
73| 0 0 0
74| 0 0 0
75| 0 0 0
76| 0 0 0
77| 0 0 0
78| 0 0 0
79| 0 0 0
80| 0 0 0
81| 0 0 0
82| 0 0 0
83| 0 0 0
84| 0 0 0
85| 0 0 0
86| 0 0 0
87| 0 0 0
88| 0 0 0
89| 0 0 0
90| 0 0 0
91| 0 0 0
92| 0 0 0
93| 0 0 0
94| 0 0 0
95| 0 0 0
96| 0 0 0
97| 0 0 0
98| 0 0 0
99| 0 0 0
100| 0 0 0
101| 0 0 0
102| 0 0 0
103| 0 4 0
104| 0 8 0
105| 0 12 0
106| 0 16 0
107| 0 20 0
108| 0 24 0
109| 0 28 0
110| 0 32 0
111| 0 36 0
112| 0 40 0
113| 0 43,99999 0
114| 0 47,99999 0
115| 0 51,99999 0
116| 0 55,99999 0
117| 0 60 0
118| 0,3 64 0
119| 0,6 68 0
120| 0,9 72 0
121| 1,2 76,00001 0
122| 1,5 80,00001 0
123| 1,8 84,00001 0
124| 2,1 88,00002 0
125| 2,4 92,00002 0
126| 2,7 96,00002 0
127| 3 100 0
128| 3,299999 104 0
129| 3,299999 108 0
130| 3,299999 112 0
131| 3,299999 116 0
132| 3,299999 120 0
133| 3,299999 124 0
134| 3,299999 128 0
135| 3,299999 132 0
136| 3,299999 136 0
137| 3,299999 140 0
138| 3,299999 144 0
139| 3,299999 148 0
140| 3,599999 152 0
141| 3,899999 156 0
142| 3,899999 160 0
143| 3,899999 164 0
144| 3,899999 168 0
145| 3,899999 171,9999 0
146| 3,899999 175,9999 0
147| 3,899999 179,9999 0
148| 3,899999 183,9999 0
149| 3,899999 187,9999 0
150| 3,899999 191,9999 0
151| 3,899999 195,9999 0
152| 3,899999 199,9999 0
153| 3,899999 203,9999 0
154| 3,899999 207,9999 0
155| 3,899999 211,9999 0
156| 4,2 215,9999 0
157| 4,2 219,9999 0
158| 4,2 223,9999 0
159| 4,2 227,9999 0
160| 4,2 231,9999 0
161| 4,2 235,9999 0
162| 4,2 239,9999 0
163| 4,2 243,9999 0
164| 4,2 247,9999 0
165| 4,2 251,9999 0
166| 4,2 255,9999 0
167| 4,2 259,9999 0
168| 4,2 263,9999 0
169| 4,2 267,9999 0
170| 4,2 271,9998 0
171| 4,2 275,9998 0
172| 4,2 279,9998 0
173| 4,2 283,9998 0
174| 4,2 287,9998 0
175| 4,2 291,9998 0
176| 4,2 295,9998 0
177| 4,2 299,9998 0
178| 4,2 303,9998 0
179| 4,2 307,9998 0
180| 4,2 311,9998 0
181| 4,2 315,9998 0
182| 4,2 319,9998 0
183| 4,2 323,9998 0
184| 4,2 327,9998 0
185| 4,2 331,9998 0
186| 4,2 335,9998 0
187| 4,2 339,9998 0
188| 4,2 343,9998 0
189| 4,2 347,9998 0
190| 4,2 351,9998 0
191| 4,2 355,9998 0
192| 4,2 359,9998 0
193| 4,2 363,9998 0
194| 4,2 367,9998 0
195| 4,2 371,9998 0
196| 4,2 375,9998 0
197| 0 379,9998 0
198| -0,3 383,9998 0
199| -0,6 387,9998 0
200| -0,9 391,9998 0
201| -1,2 395,9998 0
202| -1,5 399,9997 0
203| -1,8 400 0
204| -2,1 400 0
205| -2,4 400 0
206| -2,7 400 0
207| -3 400 0
208| -3,299999 400 0
209| -3,299999 400 0
210| -3,299999 400 0
211| -3,299999 400 0
212| -3,299999 400 0
213| -3,299999 400 0
214| -3,299999 400 0
215| -3,299999 400 0
216| 0 400 0
217| 0,3 400 0
218| 0,6 400 0
219| 0,9 400 0
220| 0,9 400 0
221| 0,9 400 0
222| 0,9 400 0
223| 0,9 400 0
224| 0,9 400 0
225| 0,9 400 0
226| 0,9 400 0
227| 0,9 400 0
228| 0,9 400 0
229| 0,9 400 0
230| 0,9 400 0
231| 0,9 400 0
232| 0,9 400 0
233| 0,9 400 0
234| 0,9 400 0
235| 0,9 400 0
236| 0,9 400 0
237| 0,9 400 0
238| 0,9 400 0
239| 0,9 400 0
240| 0,9 400 0
241| 0,9 400 0
242| 0,9 400 0
243| 0,9 400 0
244| 0,9 400 0
245| 1,2 400 0
246| 1,5 400 0
247| 1,8 400 0
248| 1,8 400 0
249| 1,8 400 0
250| 1,8 400 0
251| 1,8 400 0
252| 1,8 400 0
253| 1,8 400 0
254| 1,8 400 0
255| 1,8 400 0
256| 2,1 400 0
257| 2,4 400 0
258| 2,4 400 0
259| 2,4 400 0
260| 2,4 400 0
261| 2,4 400 0
262| 2,4 400 0
263| 2,4 400 0
264| 2,4 400 0
265| 2,4 400 0
266| 2,4 400 0
267| 2,4 400 0
268| 2,4 400 0
269| 2,4 400 0
270| 2,4 400 0
271| 2,4 400 0
272| 0 0 0
273| 0 0 0
274| 0 0 0
275| 0 0 0
276| 0 0 0
277| 0 0 0
278| 0 0 0
279| 0 0 0
280| 0 0 0
281| 0 0 0
282| 0 0 0
283| 0 0 0
284| 0 0 0
285| 0 0 0
286| 0 0 0
287| 0 0 0
288| 0 0 0
289| 0 0 0
290| 0 0 0
291| 0 0 0
292| 0 0 0
293| 0 0 0
294| 0 0 0
295| 0 0 0
296| 0 0 0
297| 0 0 0
298| 0 0 0
299| 0 0 0
300| 0 0 0
301| 0 0 0
302| 0 0 0
303| 0 0 0
304| 0 -4 0
305| 0 -8 0
306| 0 -12 0
307| 0 -16 0
308| -0,3 -20 0
309| -0,6 -24 0
310| -0,6 -28 0
311| -0,6 -32 0
312| -0,6 -36 0
313| -0,6 -40 0
314| -0,6 -43,99999 0
315| -0,9 -47,99999 0
316| -1,2 -51,99999 0
317| -1,5 -55,99999 0
318| -1,8 -60 0
319| -2,1 -64 0
320| -2,4 -68 0
321| -2,7 -72 0
322| -3 -76,00001 0
323| -3,299999 -80,00001 0
324| -3,599999 -84,00001 0
325| -3,899999 -88,00002 0
326| -4,2 -92,00002 0
327| -4,5 -96,00002 0
328| -4,8 -100 0
329| -5,1 -104 0
330| -5,4 -108 0
331| -5,7 -112 0
332| -6 -116 0
333| -6,300001 -120 0
334| -6,600001 -124 0
335| -6,900001 -128 0
336| -7,200001 -132 0
337| -7,500001 -136 0
338| -7,800001 -140 0
339| -8,1 -144 0
340| -8,4 -148 0
341| -8,7 -152 0
342| -8,999999 -156 0
343| -9,299999 -160 0
344| -9,599998 -164 0
345| -9,899999 -168 0
346| -10,2 -171,9999 0
347| -10,5 -175,9999 0
348| -10,8 -179,9999 0
349| -11,1 -183,9999 0
350| -11,1 -187,9999 0
351| -11,1 -191,9999 0
352| 0 0 0
353| 0 0 0
354| 0 0 0
355| 0 0 0
356| 0 0 0
357| -0,3 0 0
358| -0,6 0 0
359| -0,9 0 0
360| -1,2 0 0
361| -1,5 0 0
362| -1,8 0 0
363| -2,1 0 0
364| -2,4 0 0
365| -2,7 0 0
366| -3 0 0
367| -3 0 0
368| -3 4 0
369| -3 8 0
370| -3,299999 12 0
371| -3,599999 16 0
372| -3,899999 16 0
373| -4,2 16 0
374| -4,5 16 0
375| -4,8 16 0
376| -5,1 16 0
377| -5,4 16 0
378| -5,7 16 0
379| -6 16 0
380| -6,300001 16 0
381| -6,600001 16 0
382| -6,900001 16 0
383| -7,200001 20 0
384| -7,500001 24 0
385| -7,800001 28 0
386| -8,1 32 0
387| -8,4 36 0
388| -8,4 40 0
389| -8,4 43,99999 0
390| -8,4 47,99999 0
391| -8,4 51,99999 0
392| -8,4 55,99999 0
393| -8,4 60 0
394| -8,4 64 0
395| -8,4 68 0
396| -8,4 72 0
397| -8,4 76,00001 0
398| -8,4 80,00001 0
399| -8,4 84,00001 0
400| -8,4 88,00002 0
401| -8,4 92,00002 0
402| -8,4 96,00002 0
403| -8,4 100 0
404| -8,4 104 0
405| -8,4 108 0
406| -8,4 112 0
407| -8,4 116 0
408| -8,4 120 0
409| -8,4 124 0
410| -8,4 128 0
411| -8,4 132 0
412| -8,4 136 0
413| 0 136 0
414| 0,3 136 0
415| 0,6 136 0
416| 0,9 136 0
417| 1,2 136 0
418| 0 0 0
419| 0 0 0
420| 0 0 0
421| 0 0 0
422| 0 0 0
423| 0 4 0
424| 0 8 0
425| 0 12 0
426| 0 16 0
427| 0,3 20 0
428| 0,6 24 0
429| 0,9 28 0
430| 1,2 32 0
431| 1,5 36 0
432| 1,8 40 0
433| 2,1 43,99999 0
434| 2,4 47,99999 0
435| 2,7 51,99999 0
436| 3 55,99999 0
437| 0 0 0
438| 0 0 0
439| 0 0 0
440| 0 0 0
441| 0 0 0
442| 0 0 0
443| 0 0 0
444| 0 0 0
445| 0 0 0
446| 0 0 0
447| 0 0 0
448| 0 0 0
449| 0,3 0 0
450| 0,6 0 0
451| 0 0 0
452| 0 0 0
453| 0 0 0
454| 0 0 0
455| 0 0 0
456| 0 0 0
457| 0 0 0
458| 0 0 0
459| 0 0 0
460| 0 0 0
461| 0 0 0
462| 0 0 0
463| 0,3 0 0
464| 0,6 0 0
465| 0,9 0 0
466| 1,2 0 0
467| 1,5 0 0
468| 1,8 0 0
469| 2,1 0 0
470| 2,4 0 0
471| 2,7 0 0
472| 3 0 0
473| 3,299999 0 0
474| 3,599999 0 0
475| 3,899999 0 0
476| 4,2 0 0
477| 4,5 0 0
478| 4,8 0 0
479| 5,1 0 0
480| 5,4 0 0
481| 5,7 0 0
482| 6 0 0
483| 6,300001 0 0
484| 6,600001 0 0
485| 6,900001 0 0
486| 7,200001 0 0
487| 7,500001 0 0
488| 7,800001 0 0
489| 8,1 0 0
490| 8,4 0 0
491| 8,7 0 0
492| 8,999999 0 0
493| 9,299999 0 0
494| 9,599998 0 0
495| 9,899999 0 0
496| 10,2 0 0
497| 0 0 0
498| 0 0 0
499| 0 0 0
500| 0 0 0
501| 0 0 0
502| 0 0 0
503| 0 0 0
504| 0 0 0
505| 0 0 0
506| -0,3 0 0
507| -0,6 0 0
508| -0,9 0 0
509| -1,2 0 0
510| 0 0 0
511| 0 0 0
512| 0 0 0
513| 0 0 0
514| 0 0 0
515| 0 0 0
516| 0 0 0
517| 0 0 0
518| 0,3 0 0
519| 0,6 0 0
520| 0,9 0 0
521| 1,2 0 0
522| 0 0 0
523| 0 0 0
524| 0 0 0
525| 0 0 0
526| 0 0 0
527| 0 0 0
528| 0 0 0
529| 0 4 0
530| 0 8 0
531| 0 12 0
532| 0,3 16 0
533| 0,6 20 0
534| 0,9 24 0
535| 1,2 28 0
536| 1,5 32 0
537| 1,5 36 0
538| 1,5 40 0
539| 1,5 43,99999 0
540| 1,5 47,99999 0
541| 1,5 51,99999 0
542| 1,5 55,99999 0
543| 1,5 60 0
544| 1,5 64 0
545| 1,5 68 0
546| 1,5 72 0
547| 1,8 76,00001 0
548| 2,1 80,00001 0
549| 2,4 84,00001 0
550| 2,7 88,00002 0
551| 3 92,00002 0
552| 3,299999 96,00002 0
553| 3,599999 100 0
554| 3,599999 104 0
555| 3,599999 108 0
556| 3,599999 112 0
557| 3,599999 116 0
558| 3,599999 120 0
559| 3,599999 124 0
560| 3,599999 128 0
561| 3,599999 132 0
562| 3,599999 136 0
563| 3,599999 140 0
564| 3,599999 144 0
565| 3,599999 148 0
566| 3,599999 152 0
567| 3,599999 156 0
568| 3,599999 160 0
569| 3,599999 164 0
570| 3,599999 168 0
571| 3,599999 171,9999 0
572| 3,599999 175,9999 0
573| 3,599999 179,9999 0
574| 3,599999 183,9999 0
575| 3,599999 187,9999 0
576| 3,599999 191,9999 0
577| 3,599999 195,9999 0
578| 0 199,9999 0
579| -0,3 203,9999 0
580| -0,3 207,9999 0
581| -0,3 211,9999 0
582| -0,3 215,9999 0
583| -0,3 219,9999 0
584| -0,3 223,9999 0
585| -0,3 227,9999 0
586| -0,3 231,9999 0
587| -0,3 235,9999 0
588| -0,3 239,9999 0
589| -0,3 243,9999 0
590| -0,3 247,9999 0
591| -0,3 251,9999 0
592| -0,3 255,9999 0
593| -0,3 259,9999 0
594| -0,3 263,9999 0
595| -0,3 267,9999 0
596| -0,3 271,9998 0
597| -0,3 275,9998 0
598| -0,3 279,9998 0
599| -0,3 283,9998 0
600| -0,3 287,9998 0
601| -0,3 291,9998 0
602| -0,3 295,9998 0
603| -0,3 299,9998 0
604| -0,3 303,9998 0
605| -0,3 307,9998 0
606| -0,3 311,9998 0
607| -0,3 315,9998 0
608| -0,6 319,9998 0
609| -0,9 323,9998 0
610| -1,2 327,9998 0
611| -1,5 331,9998 0
612| -1,5 335,9998 0
613| -1,5 339,9998 0
614| -1,5 343,9998 0
615| -1,5 347,9998 0
616| -1,5 351,9998 0
617| -1,5 355,9998 0
618| -1,5 359,9998 0
619| -1,5 363,9998 0
620| -1,5 367,9998 0
621| -1,5 371,9998 0
622| -1,5 375,9998 0
623| -1,5 379,9998 0
624| -1,5 383,9998 0
625| -1,5 387,9998 0
626| -1,5 391,9998 0
627| -1,5 395,9998 0
628| -1,5 399,9997 0
629| -1,5 400 0
630| -1,5 400 0
631| -1,5 400 0
632| -1,5 400 0
633| -1,5 400 0
634| -1,5 400 0
635| -1,5 400 0
636| -1,5 400 0
637| -1,5 400 0
638| -1,5 400 0
639| -1,5 400 0
640| -1,5 400 0
641| -1,5 400 0
642| -1,5 400 0
643| -1,5 400 0
644| -1,5 400 0
645| -1,5 400 0
646| -1,5 400 0
647| -1,5 400 0
648| -1,5 400 0
649| -1,5 400 0
650| 0 400 0
651| 0,3 400 0
652| 0,6 400 0
653| 0,9 400 0
654| 1,2 400 0
655| 1,5 400 0
656| 1,8 400 0
657| 1,8 400 0
658| 1,8 400 0
659| 1,8 400 0
660| 1,8 400 0
661| 1,8 400 0
662| 0 0 0
663| 0 0 0
664| 0 0 0
665| 0 0 0
666| 0 0 0
667| 0 0 0
668| 0 0 0
669| 0 0 0
670| 0 0 0
671| 0 0 0
672| 0 0 0
673| 0 0 0
674| 0,3 0 0
675| 0,6 0 0
676| 0,9 0 0
677| 1,2 0 0
678| 1,5 0 0
679| 1,8 0 0
680| 2,1 0 0
681| 2,4 0 0
682| 0 0 0
683| 0 0 0
684| 0 0 0
685| 0 0 0
686| 0 0 0
687| 0 0 0
688| 0 0 0
689| 0 0 0
690| 0 0 0
691| 0 0 0
692| 0 0 0
693| 0 0 0
694| 0 0 0
695| 0 0 0
696| 0 0 0
697| 0 0 0
698| 0,3 0 0
699| 0,6 0 0
700| 0,9 0 0
701| 1,2 0 0
702| 1,5 0 0
703| 1,8 0 0
704| 2,1 0 0
705| 2,4 0 0
706| 0 0 0
707| 0 0 0
708| 0 0 0
709| 0 0 0
710| 0,3 0 0
711| 0,6 0 0
712| 0,9 0 0
713| 0 0 0
714| 0 0 0
715| 0 0 0
716| 0 0 0
717| 0 0 0
718| 0,3 0 0
719| 0,6 0 0
720| 0,9 0 0
721| 1,2 0 0
722| 1,5 0 0
723| 1,8 0 0
724| 2,1 0 0
725| 2,4 4 0
726| 2,7 8 0
727| 0 0 0
728| 0 0 0
729| 0,3 0 0
730| 0,6 4 0
731| 0,9 8 0
732| 1,2 12 0
733| 1,5 16 0
734| 1,8 20 0
735| 2,1 24 0
736| 2,4 28 0
737| 2,7 32 0
738| 3 36 0
739| 3,299999 40 0
740| 3,599999 43,99999 0
741| 3,899999 47,99999 0
742| 3,899999 51,99999 0
743| 3,899999 55,99999 0
744| 3,899999 60 0
745| 3,899999 64 0
746| 3,899999 68 0
747| 3,899999 72 0
748| 3,899999 76,00001 0
749| 3,899999 80,00001 0
750| 3,899999 84,00001 0
751| 3,899999 88,00002 0
752| 3,899999 92,00002 0
753| 3,899999 96,00002 0
754| 3,899999 100 0
755| 3,899999 104 0
756| 3,899999 108 0
757| 3,899999 112 0
758| 3,899999 116 0
759| 3,899999 120 0
760| 3,899999 124 0
761| 3,899999 128 0
762| 3,899999 132 0
763| 3,899999 136 0
764| 3,899999 140 0
765| 3,899999 144 0
766| 3,899999 148 0
767| 3,899999 152 0
768| 0 156 0
769| -0,3 160 0
770| -0,6 164 0
771| -0,9 168 0
772| -1,2 171,9999 0
773| -1,5 175,9999 0
774| -1,8 175,9999 0
775| -2,1 175,9999 0
776| -2,4 175,9999 0
777| -2,7 175,9999 0
778| -3 175,9999 0
779| -3,299999 175,9999 0
780| -3,599999 175,9999 0
781| -3,899999 175,9999 0
782| -4,2 175,9999 0
783| -4,5 175,9999 0
784| 0 0 0
785| 0 0 0
786| 0 0 0
787| 0 0 0
788| 0 0 0
789| 0 0 0
790| 0 0 0
791| 0 0 0
792| 0 0 0
793| 0 0 0
794| 0 0 0
795| 0 0 0
796| 0 0 0
797| 0 0 0
798| 0 0 0
799| 0 0 0
800| 0 0 0
801| 0 0 0
802| 0 0 0
803| 0 0 0
804| 0 0 0
805| 0 0 0
806| 0 0 0
807| 0 0 0
808| -0,3 0 0
809| 0 0 0
810| 0 0 0
811| 0 0 0
812| 0 0 0
813| 0 4 0
814| 0 8 0
815| 0 12 0
816| 0 16 0
817| 0 20 0
818| -0,3 24 0
819| -0,6 28 0
820| -0,9 32 0
821| -1,2 36 0
822| -1,5 40 0
823| -1,5 43,99999 0
824| -1,5 47,99999 0
825| -1,5 51,99999 0
826| -1,5 55,99999 0
827| -1,5 60 0
828| -1,5 64 0
829| -1,5 68 0
830| -1,8 72 0
831| -2,1 76,00001 0
832| -2,4 80,00001 0
833| -2,7 84,00001 0
834| -3 88,00002 0
835| -3 92,00002 0
836| -3 96,00002 0
837| -3 100 0
838| -3 104 0
839| -3 108 0
840| -3 112 0
841| -3 116 0
842| -3 120 0
843| -3 124 0
844| -3 128 0
845| -3 132 0
846| -3 136 0
847| -3 140 0
848| -3 144 0
849| -3 148 0
850| -3 152 0
851| -3 156 0
852| -3 160 0
853| 0 164 0
854| 0,3 168 0
855| 0,6 171,9999 0
856| 0,6 175,9999 0
857| 0,6 179,9999 0
858| 0,6 183,9999 0
859| 0,6 187,9999 0
860| 0,6 191,9999 0
861| 0,6 195,9999 0
862| 0,6 199,9999 0
863| 0,6 203,9999 0
864| 0,6 207,9999 0
865| 0,6 211,9999 0
866| 0,6 215,9999 0
867| 0,6 219,9999 0
868| 0,6 223,9999 0
869| 0,6 227,9999 0
870| 0,6 231,9999 0
871| 0,6 235,9999 0
872| 0,6 239,9999 0
873| 0,6 243,9999 0
874| 0,6 247,9999 0
875| 0 251,9999 0
876| -0,3 255,9999 0
877| -0,6 259,9999 0
878| -0,6 263,9999 0
879| -0,6 267,9999 0
880| -0,6 271,9998 0
881| -0,6 275,9998 0
882| -0,6 279,9998 0
883| -0,6 283,9998 0
884| -0,6 287,9998 0
885| -0,6 291,9998 0
886| -0,6 295,9998 0
887| -0,9 299,9998 0
888| -0,9 303,9998 0
889| -0,9 307,9998 0
890| -0,9 311,9998 0
891| -0,9 315,9998 0
892| -1,2 319,9998 0
893| -1,5 323,9998 0
894| -1,8 327,9998 0
895| -1,8 331,9998 0
896| -1,8 335,9998 0
897| -1,8 339,9998 0
898| -1,8 343,9998 0
899| -1,8 347,9998 0
900| -1,8 351,9998 0
901| -1,8 355,9998 0
902| -2,1 359,9998 0
903| -2,4 363,9998 0
904| -2,7 367,9998 0
905| -2,7 371,9998 0
906| -2,7 375,9998 0
907| -2,7 379,9998 0
908| -2,7 383,9998 0
909| -2,7 387,9998 0
910| -2,7 391,9998 0
911| -2,7 395,9998 0
912| -2,7 399,9997 0
913| -2,7 400 0
914| -2,7 400 0
915| -2,7 400 0
916| -2,7 400 0
917| -2,7 400 0
918| -2,7 400 0
919| -2,7 400 0
920| -3 400 0
921| -3,299999 400 0
922| -3,599999 400 0
923| -3,899999 400 0
924| -4,2 400 0
925| -4,2 400 0
926| -4,2 400 0
927| 0 0 0
928| 0 0 0
929| 0 0 0
930| 0 0 0
931| 0 0 0
932| 0 0 0
933| 0 0 0
934| 0 0 0
935| 0 0 0
936| 0 0 0
937| 0 0 0
938| 0 0 0
939| 0 0 0
940| 0 0 0
941| -0,3 0 0
942| -0,6 0 0
943| -0,9 0 0
944| 0 0 0
945| 0 0 0
946| 0 0 0
947| 0 4 0
948| 0 8 0
949| 0 12 0
950| 0 16 0
951| 0 20 0
952| 0 24 0
953| -0,3 28 0
954| -0,6 32 0
955| -0,9 36 0
956| -1,2 40 0
957| -1,5 43,99999 0
958| -1,5 47,99999 0
959| -1,5 51,99999 0
960| -1,5 55,99999 0
961| -1,8 60 0
962| -2,1 64 0
963| -2,4 68 0
964| -2,7 72 0
965| -2,7 76,00001 0
966| -2,7 80,00001 0
967| -2,7 84,00001 0
968| -2,7 88,00002 0
969| -3 92,00002 0
970| -3,299999 96,00002 0
971| -3,599999 100 0
972| -3,899999 104 0
973| -3,899999 108 0
974| -3,899999 112 0
975| -3,899999 116 0
976| -3,899999 120 0
977| -4,2 124 0
978| -4,5 128 0
979| -4,8 132 0
980| -5,1 136 0
981| -5,4 140 0
982| -5,4 144 0
983| -5,4 148 0
984| -5,4 152 0
985| -5,4 156 0
986| -5,4 160 0
987| -5,7 164 0
988| -6 168 0
989| -6,300001 171,9999 0
990| -6,300001 175,9999 0
991| -6,300001 179,9999 0
992| -6,300001 183,9999 0
993| -6,300001 187,9999 0
994| -6,300001 191,9999 0
995| -6,300001 195,9999 0
996| -6,300001 199,9999 0
997| -6,300001 203,9999 0
998| -6,300001 207,9999 0
999| -6,300001 211,9999 0
1000| -6,300001 215,9999 0
1001| -6,300001 219,9999 0
1002| -6,300001 223,9999 0
1003| -6,300001 227,9999 0
1004| -6,300001 231,9999 0
1005| 0 235,9999 0
1006| 0,3 239,9999 0
1007| 0,6 243,9999 0
1008| 0,9 247,9999 0
1009| 1,2 251,9999 0
1010| 1,5 255,9999 0
1011| 1,8 259,9999 0
1012| 2,1 263,9999 0
1013| 2,4 267,9999 0
1014| 2,7 271,9998 0
1015| 2,7 275,9998 0
1016| 2,7 279,9998 0
1017| 2,7 283,9998 0
1018| 2,7 287,9998 0
1019| 2,7 291,9998 0
1020| 2,7 295,9998 0
1021| 2,7 299,9998 0
1022| 2,7 303,9998 0
1023| 2,7 307,9998 0
1024| 2,7 311,9998 0
1025| 2,7 315,9998 0
1026| 2,7 319,9998 0
1027| 3 323,9998 0
1028| 3,299999 327,9998 0
1029| 3,599999 331,9998 0
1030| 3,899999 335,9998 0
1031| 4,2 339,9998 0
1032| 4,5 343,9998 0
1033| 4,8 347,9998 0
1034| 5,1 351,9998 0
1035| 5,1 355,9998 0
1036| 5,1 359,9998 0
1037| 5,1 363,9998 0
1038| 5,1 367,9998 0
1039| 5,1 371,9998 0
1040| 5,1 375,9998 0
1041| 5,1 379,9998 0
1042| 5,1 383,9998 0
1043| 5,1 387,9998 0
1044| 5,1 391,9998 0
1045| 5,1 395,9998 0
1046| 5,1 399,9997 0
1047| 0 400 0
1048| -0,3 400 0
1049| -0,6 400 0
1050| -0,9 400 0
1051| -1,2 400 0
1052| -1,5 400 0
1053| -1,8 400 0
1054| -2,1 400 0
1055| -2,1 400 0
1056| -2,1 400 0
1057| -2,1 400 0
1058| -2,1 400 0
1059| -2,1 400 0
1060| -2,1 400 0
1061| -2,1 400 0
1062| -2,1 400 0
1063| -2,1 400 0
1064| -2,1 400 0
1065| -2,1 400 0
1066| -2,1 400 0
1067| -2,1 400 0
1068| -2,1 400 0
1069| -2,1 400 0
1070| -2,1 400 0
1071| -2,1 400 0
1072| -2,1 400 0
1073| -2,1 400 0
1074| -2,1 400 0
1075| -2,1 400 0
1076| -2,1 400 0
1077| -2,1 400 0
1078| -2,1 400 0
1079| -2,1 400 0
1080| -2,1 400 0
1081| -2,1 400 0
1082| -2,1 400 0
1083| -2,1 400 0
1084| -2,1 400 0
1085| -2,1 400 0
1086| -2,1 400 0
1087| -2,1 400 0
1088| -2,1 400 0
1089| -2,1 400 0
1090| -2,1 400 0
1091| -2,1 400 0
1092| -2,1 400 0
1093| -2,1 400 0
1094| -2,1 400 0
1095| -2,1 400 0
1096| -2,1 400 0
1097| -2,1 400 0
1098| 0 400 0
1099| 0,3 400 0
1100| 0,6 400 0
1101| 0,9 400 0
1102| 0,9 400 0
1103| 0,9 400 0
1104| 0,9 400 0
1105| 0,9 400 0
1106| 0,9 400 0
1107| 0,9 400 0
1108| 0,9 400 0
1109| 0,9 400 0
1110| 0,9 400 0
1111| 0,9 400 0
1112| 0,9 400 0
1113| 0,9 400 0
1114| 1,2 400 0
1115| 1,5 400 0
1116| 1,8 400 0
1117| 2,1 400 0
1118| 2,1 400 0
1119| 2,1 400 0
1120| 2,1 400 0
1121| 2,1 400 0
1122| 2,1 400 0
1123| 2,1 400 0
1124| 2,1 400 0
1125| 2,1 400 0
1126| 2,1 400 0
1127| 2,1 400 0
1128| 2,1 400 0
1129| 2,1 400 0
1130| 2,1 400 0
1131| 2,1 400 0
1132| 2,1 400 0
1133| 2,1 400 0
1134| 2,1 400 0
1135| 2,1 400 0
1136| 2,1 400 0
1137| 2,1 400 0
1138| 2,1 400 0
1139| 2,1 400 0
1140| 2,1 400 0
1141| 2,1 400 0
1142| 0 400 0
1143| -0,3 400 0
1144| -0,6 400 0
1145| -0,6 400 0
1146| -0,6 400 0
1147| -0,6 400 0
1148| -0,6 400 0
1149| -0,6 400 0
1150| -0,9 400 0
1151| -1,2 400 0
1152| -1,2 400 0
1153| -1,2 400 0
1154| -1,2 400 0
1155| -1,2 400 0
1156| -1,2 400 0
1157| -1,2 400 0
1158| -1,5 400 0
1159| -1,8 400 0
1160| -1,8 400 0
1161| -1,8 400 0
1162| -1,8 400 0
1163| -1,8 400 0
1164| -1,8 400 0
1165| -1,8 400 0
1166| -1,8 400 0
1167| -1,8 400 0
1168| -1,8 400 0
1169| -1,8 400 0
1170| -1,8 400 0
1171| -1,8 400 0
1172| 0 400 0
1173| 0,3 400 0
1174| 0,6 400 0
1175| 0,6 400 0
1176| 0,6 400 0
1177| 0,6 400 0
1178| 0,6 400 0
1179| 0,6 400 0
1180| 0,6 400 0
1181| 0,6 400 0
1182| 0,6 400 0
1183| 0,6 400 0
1184| 0,6 400 0
1185| 0,6 400 0
1186| 0,6 400 0
1187| 0,6 400 0
1188| 0,6 400 0
1189| 0 400 0
1190| -0,3 400 0
1191| -0,6 400 0
1192| -0,9 400 0
1193| -0,9 400 0
1194| -0,9 400 0
1195| -0,9 400 0
1196| -0,9 400 0
1197| -1,2 400 0
1198| -1,5 400 0
1199| -1,8 400 0
1200| -2,1 400 0
1201| -2,4 400 0
1202| -2,4 400 0
1203| -2,4 400 0
1204| -2,4 400 0
1205| -2,4 400 0
1206| -2,4 400 0
1207| -2,4 400 0
1208| -2,4 400 0
1209| -2,4 400 0
1210| -2,4 400 0
1211| -2,4 400 0
1212| -2,4 400 0
1213| -2,4 400 0
1214| -2,4 400 0
1215| -2,4 400 0
1216| -2,4 400 0
1217| -2,4 400 0
1218| -2,4 400 0
1219| -2,4 400 0
1220| -2,4 400 0
1221| -2,4 400 0
1222| -2,4 400 0
1223| -2,4 400 0
1224| -2,4 400 0
1225| -2,4 400 0
1226| -2,4 400 0
1227| -2,4 400 0
1228| 0 400 0
1229| 0,3 400 0
1230| 0,6 400 0
1231| 0,9 400 0
1232| 0,9 400 0
1233| 0,9 400 0
1234| 0,9 400 0
1235| 0,9 400 0
1236| 0,9 400 0
1237| 1,2 400 0
1238| 1,5 400 0
1239| 1,8 400 0
1240| 2,1 400 0
1241| 2,1 400 0
1242| 2,1 400 0
1243| 2,1 400 0
1244| 2,1 400 0
1245| 2,1 400 0
1246| 2,1 400 0
1247| 2,1 400 0
1248| 2,1 400 0
1249| 2,1 400 0
1250| 2,1 400 0
1251| 2,1 400 0
1252| 0 400 0
1253| -0,3 400 0
1254| -0,6 400 0
1255| -0,9 400 0
1256| -0,9 400 0
1257| -0,9 400 0
1258| -0,9 400 0
1259| -0,9 400 0
1260| -0,9 400 0
1261| -1,2 400 0
1262| -1,5 400 0
1263| -1,8 400 0
1264| -2,1 400 0
1265| -2,1 400 0
1266| -2,1 400 0
1267| -2,1 400 0
1268| -2,1 400 0
1269| -2,1 400 0
1270| -2,1 400 0
1271| -2,1 400 0
1272| -2,1 400 0
1273| -2,1 400 0
1274| -2,1 400 0
1275| -2,1 400 0
1276| -2,1 400 0
1277| -2,1 400 0
1278| -2,1 400 0
1279| -2,1 400 0
1280| -2,1 400 0
1281| -2,1 400 0
1282| -2,1 400 0
1283| -2,1 400 0
1284| -2,1 400 0
1285| -2,1 400 0
1286| -2,1 400 0
1287| -2,1 400 0
1288| -2,1 400 0
1289| -2,1 400 0
1290| -2,1 400 0
1291| -2,1 400 0
1292| -2,1 400 0
1293| -2,1 400 0
1294| -2,1 400 0
1295| -2,1 400 0
1296| -2,1 400 0
1297| -2,1 400 0
1298| -2,1 400 0
1299| -2,1 400 0
1300| 0 400 0
1301| 0,3 400 0
1302| 0,6 400 0
1303| 0,9 400 0
1304| 0,9 400 0
1305| 0,9 400 0
1306| 0,9 400 0
1307| 0,9 400 0
1308| 0,9 400 0
1309| 1,2 400 0
1310| 1,5 400 0
1311| 1,5 400 0
1312| 1,5 400 0
1313| 1,5 400 0
1314| 1,5 400 0
1315| 1,5 400 0
1316| 1,8 400 0
1317| 1,8 400 0
1318| 1,8 400 0
1319| 1,8 400 0
1320| 1,8 400 0
1321| 1,8 400 0
1322| 1,8 400 0
1323| 1,8 400 0
1324| 1,8 400 0
1325| 1,8 400 0
1326| 1,8 400 0
1327| 1,8 400 0
1328| 1,8 400 0
1329| 1,8 400 0
1330| 1,8 400 0
1331| 1,8 400 0
1332| 0 400 0
1333| -0,3 400 0
1334| -0,3 400 0
1335| -0,3 400 0
1336| -0,3 400 0
1337| -0,3 400 0
1338| -0,3 400 0
1339| -0,3 400 0
1340| -0,3 400 0
1341| -0,3 400 0
1342| -0,3 400 0
1343| -0,3 400 0
1344| -0,3 400 0
1345| -0,3 400 0
1346| -0,3 400 0
1347| -0,3 400 0
1348| -0,6 400 0
1349| -0,9 400 0
1350| -1,2 400 0
1351| -1,2 400 0
1352| -1,2 400 0
1353| -1,2 400 0
1354| -1,2 400 0
1355| -1,2 400 0
1356| -1,2 400 0
1357| -1,2 400 0
1358| -1,2 400 0
1359| -1,2 400 0
1360| -1,2 400 0
1361| -1,2 400 0
1362| -1,2 400 0
1363| -1,2 400 0
1364| -1,2 400 0
1365| -1,2 400 0
1366| -1,2 400 0
1367| -1,2 400 0
1368| -1,2 400 0
1369| -1,2 400 0
1370| -1,2 400 0
1371| 0 0 0
1372| 0 0 0
1373| 0 0 0
1374| 0 0 0
1375| 0 0 0
1376| 0 0 0
1377| 0 0 0
1378| 0 0 0
1379| 0 0 0
1380| 0,3 0 0
1381| 0,6 0 0
1382| 0 0 0
1383| 0 0 0
1384| 0 0 0
1385| 0 0 0
1386| 0 0 0
1387| 0 0 0
1388| 0 0 0
1389| 0 0 0
1390| 0 0 0
1391| 0 0 0
1392| 0 0 0
1393| 0 0 0
1394| 0 0 0
1395| 0 0 0
1396| 0 0 0
1397| 0 0 0
1398| 0 0 0
1399| 0 0 0
1400| 0 0 0
1401| 0 0 0
1402| 0 0 0
1403| 0,3 0 0
1404| 0,6 0 0
1405| 0,9 0 0
1406| 1,2 0 0
1407| 1,5 0 0
1408| 1,8 0 0
1409| 2,1 0 0
1410| 2,4 0 0
1411| 2,7 0 0
1412| 3 0 0
1413| 3,299999 0 0
1414| 3,599999 0 0
1415| 3,899999 0 0
1416| 4,2 0 0
1417| 4,5 0 0
1418| 4,8 4 0
1419| 5,1 8 0
1420| 5,4 12 0
1421| 5,7 16 0
1422| 6 16 0
1423| 6,300001 16 0
1424| 6,600001 16 0
1425| 6,900001 16 0
1426| 7,200001 16 0
1427| 7,500001 20 0
1428| 7,800001 24 0
1429| 8,1 28 0
1430| 8,4 28 0
1431| 8,7 28 0
1432| 8,999999 32 0
1433| 9,299999 36 0
1434| 9,599998 40 0
1435| 9,899999 43,99999 0
1436| 10,2 47,99999 0
1437| 10,5 51,99999 0
1438| 10,8 55,99999 0
1439| 11,1 60 0
1440| 11,4 64 0
1441| 11,7 68 0
1442| 12 72 0
1443| 12,3 76,00001 0
1444| 12,6 80,00001 0
1445| 12,9 84,00001 0
1446| 13,2 88,00002 0
1447| 13,5 92,00002 0
1448| 13,79999 96,00002 0
1449| 14,09999 100 0
1450| 14,39999 104 0
1451| 14,69999 108 0
1452| 14,99999 112 0
1453| 15,29999 116 0
1454| 15,59999 120 0
1455| 15,89999 124 0
1456| 16,19999 128 0
1457| 16,49999 132 0
1458| 16,79999 136 0
1459| 17,09999 140 0
1460| 17,39999 144 0
1461| 17,69999 148 0
1462| 17,99999 152 0
1463| 18,29999 156 0
1464| 18,59999 160 0
1465| 18,89999 164 0
1466| 19,19999 168 0
1467| 19,49999 171,9999 0
1468| 19,79999 175,9999 0
1469| 20,09999 179,9999 0
1470| 20,39999 183,9999 0
1471| 20,69999 183,9999 0
1472| 20,99999 183,9999 0
1473| 21,29999 183,9999 0
1474| 21,59999 183,9999 0
1475| 21,89999 183,9999 0
1476| 22,19999 183,9999 0
1477| 22,49999 183,9999 0
1478| 22,79999 183,9999 0
1479| 23,09999 183,9999 0
1480| 23,39999 183,9999 0
1481| 23,69999 183,9999 0
1482| 23,99999 183,9999 0
1483| 24,29999 187,9999 0
1484| 24,59999 191,9999 0
1485| 24,89998 195,9999 0
1486| 25,19999 195,9999 0
1487| 25,49998 195,9999 0
1488| 25,79998 195,9999 0
1489| 26,09998 199,9999 0
1490| 26,39998 203,9999 0
1491| 26,69998 207,9999 0
1492| 26,99998 211,9999 0
1493| 27,29998 215,9999 0
1494| 27,59998 219,9999 0
1495| 27,89998 219,9999 0
1496| 28,19998 219,9999 0
1497| 28,49998 219,9999 0
1498| 28,79998 219,9999 0
1499| 29,09998 219,9999 0
1500| 29,39998 223,9999 0
1501| 29,69998 227,9999 0
1502| 29,99998 227,9999 0
1503| 30 227,9999 0
1504| 30 227,9999 0
1505| 30 227,9999 0
1506| 30 227,9999 0
1507| 30 227,9999 0
1508| 30 227,9999 0
1509| 30 227,9999 0
1510| 30 227,9999 0
1511| 30 227,9999 0
1512| 30 227,9999 0
1513| 30 227,9999 0
1514| 30 227,9999 0
1515| 30 227,9999 0
1516| 30 227,9999 0
1517| 30 231,9999 0
1518| 30 235,9999 0
1519| 30 239,9999 0
1520| 30 243,9999 0
1521| 30 247,9999 0
1522| 30 251,9999 0
1523| 30 255,9999 0
1524| 30 259,9999 0
1525| 30 263,9999 0
1526| 30 267,9999 0
1527| 30 271,9998 0
1528| 30 275,9998 0
1529| 30 279,9998 0
1530| 30 283,9998 0
1531| 30 287,9998 0
1532| 30 291,9998 0
1533| 30 295,9998 0
1534| 30 299,9998 0
1535| 30 303,9998 0
1536| 30 307,9998 0
1537| 30 311,9998 0
1538| 30 315,9998 0
1539| 30 319,9998 0
1540| 30 323,9998 0
1541| 30 327,9998 0
1542| 30 331,9998 0
1543| 30 335,9998 0
1544| 30 339,9998 0
1545| 30 343,9998 0
1546| 30 347,9998 0
1547| 30 351,9998 0
1548| 30 355,9998 0
1549| 30 359,9998 0
1550| 30 363,9998 0
1551| 30 367,9998 0
1552| 30 371,9998 0
1553| 30 375,9998 0
1554| 30 379,9998 0
1555| 30 383,9998 0
1556| 30 387,9998 0
1557| 30 391,9998 0
1558| 30 395,9998 0
1559| 30 399,9997 0
1560| 30 400 0
1561| 30 400 0
1562| 30 400 0
1563| 30 400 0
1564| 30 400 0
1565| 30 400 0
1566| 0 400 0
1567| -0,3 400 0
1568| -0,6 400 0
1569| -0,9 400 0
1570| -1,2 400 0
1571| -1,5 400 0
1572| -1,8 400 0
1573| -2,1 400 0
1574| -2,4 400 0
1575| -2,7 400 0
1576| -3 400 0
1577| -3,299999 400 0
1578| -3,599999 400 0
1579| -3,899999 400 0
1580| -4,2 400 0
1581| -4,5 400 0
1582| -4,8 400 0
1583| -5,1 400 0
1584| -5,4 400 0
1585| -5,7 400 0
1586| -6 400 0
1587| -6,300001 400 0
1588| -6,600001 400 0
1589| -6,600001 400 0
1590| -6,600001 400 0
1591| -6,600001 400 0
1592| -6,600001 400 0
1593| -6,600001 400 0
1594| -6,600001 400 0
1595| -6,600001 400 0
1596| -6,600001 400 0
1597| 0 400 0
1598| 0,3 400 0
1599| 0,6 400 0
1600| 0,9 400 0
1601| 1,2 400 0
1602| 1,5 400 0
1603| 1,8 400 0
1604| 2,1 400 0
1605| 2,4 400 0
1606| 2,7 400 0
1607| 3 400 0
1608| 3,299999 400 0
1609| 3,599999 400 0
1610| 3,599999 400 0
1611| 3,599999 400 0
1612| 3,599999 400 0
1613| 3,599999 400 0
1614| 3,599999 400 0
1615| 3,599999 400 0
1616| 3,599999 400 0
1617| 3,599999 400 0
1618| 3,599999 400 0
1619| 3,599999 400 0
1620| 3,599999 400 0
1621| 3,599999 400 0
1622| 3,599999 400 0
1623| 3,599999 400 0
1624| 3,599999 400 0
1625| 3,599999 400 0
1626| 3,599999 400 0
1627| 3,599999 400 0
1628| 3,599999 400 0
1629| 3,599999 400 0
1630| 3,599999 400 0
1631| 3,599999 400 0
1632| 3,599999 400 0
1633| 3,599999 400 0
1634| 3,599999 400 0
1635| 3,599999 400 0
1636| 3,599999 400 0
1637| 3,599999 400 0
1638| 3,599999 400 0
1639| 3,599999 400 0
1640| 0 400 0
1641| -0,3 400 0
1642| -0,6 400 0
1643| -0,9 400 0
1644| -1,2 400 0
1645| -1,5 400 0
1646| -1,8 400 0
1647| -2,1 400 0
1648| -2,4 400 0
1649| -2,7 400 0
1650| -3 400 0
1651| -3,299999 400 0
1652| -3,599999 400 0
1653| -3,899999 400 0
1654| -4,2 400 0
1655| -4,5 400 0
1656| -4,8 400 0
1657| -4,8 400 0
1658| -4,8 400 0
1659| -4,8 400 0
1660| -4,8 400 0
1661| -4,8 400 0
1662| -5,1 400 0
1663| -5,4 400 0
1664| -5,7 400 0
1665| -6 400 0
1666| -6,300001 400 0
1667| -6,300001 400 0
1668| -6,300001 400 0
1669| -6,300001 400 0
1670| -6,300001 400 0
1671| -6,300001 400 0
1672| -6,300001 400 0
1673| -6,300001 400 0
1674| -6,300001 400 0
1675| -6,300001 400 0
1676| -6,300001 400 0
1677| -6,300001 400 0
1678| -6,300001 400 0
1679| -6,300001 400 0
1680| -6,300001 400 0
1681| -6,300001 400 0
1682| -6,300001 400 0
1683| -6,300001 400 0
1684| -6,300001 400 0
1685| -6,300001 400 0
1686| -6,300001 400 0
1687| -6,300001 400 0
1688| -6,600001 400 0
1689| -6,900001 400 0
1690| -7,200001 400 0
1691| -7,500001 400 0
1692| -7,800001 400 0
1693| -8,1 400 0
1694| -8,4 400 0
1695| -8,7 400 0
1696| -8,999999 400 0
1697| -9,299999 400 0
1698| -9,599998 400 0
1699| -9,899999 400 0
1700| -10,2 400 0
1701| -10,5 400 0
1702| -10,8 400 0
1703| -10,8 400 0
1704| -10,8 400 0
1705| -10,8 400 0
1706| -10,8 400 0
1707| -10,8 400 0
1708| -10,8 400 0
1709| -10,8 400 0
1710| -10,8 400 0
1711| -10,8 400 0
1712| -10,8 400 0
1713| -10,8 400 0
1714| -10,8 400 0
1715| -10,8 400 0
1716| -10,8 400 0
1717| -10,8 400 0
1718| -10,8 400 0
1719| 0 400 0
1720| 0,3 400 0
1721| 0,6 400 0
1722| 0,9 400 0
1723| 1,2 400 0
1724| 1,5 400 0
1725| 1,8 400 0
1726| 2,1 400 0
1727| 2,4 400 0
1728| 2,7 400 0
1729| 3 400 0
1730| 3,299999 400 0
1731| 3,599999 400 0
1732| 3,899999 400 0
1733| 4,2 400 0
1734| 4,5 400 0
1735| 4,8 400 0
1736| 5,1 400 0
1737| 5,4 400 0
1738| 5,7 400 0
1739| 6 400 0
1740| 6,300001 400 0
1741| 6,600001 400 0
1742| 6,900001 400 0
1743| 7,200001 400 0
1744| 7,500001 400 0
1745| 7,800001 400 0
1746| 8,1 400 0
1747| 8,4 400 0
1748| 8,7 400 0
1749| 8,999999 400 0
1750| 9,299999 400 0
1751| 9,599998 400 0
1752| 0 400 0
1753| -0,3 400 0
1754| -0,6 400 0
1755| -0,9 400 0
1756| -1,2 400 0
1757| -1,5 400 0
1758| -1,8 400 0
1759| -2,1 400 0
1760| -2,4 400 0
1761| -2,7 400 0
1762| -3 400 0
1763| -3,299999 400 0
1764| -3,599999 400 0
1765| -3,899999 400 0
1766| -4,2 400 0
1767| -4,5 400 0
1768| -4,8 400 0
1769| -5,1 400 0
1770| -5,4 400 0
1771| -5,7 400 0
1772| 0 400 0
1773| 0,3 400 0
1774| 0,6 400 0
1775| 0,9 400 0
1776| 1,2 400 0
1777| 1,5 400 0
1778| 1,8 400 0
1779| 2,1 400 0
1780| 2,4 400 0
1781| 2,7 400 0
1782| 3 400 0
1783| 3,299999 400 0
1784| 3,599999 400 0
1785| 3,899999 400 0
1786| 4,2 400 0
1787| 4,5 400 0
1788| 4,8 400 0
1789| 5,1 400 0
1790| 5,4 400 0
1791| 5,7 400 0
1792| 6 400 0
1793| 6,300001 400 0
1794| 6,600001 400 0
1795| 6,900001 400 0
1796| 7,200001 400 0
1797| 7,500001 400 0
1798| 7,800001 400 0
1799| 0 400 0
1800| -0,3 400 0
1801| -0,6 400 0
1802| -0,9 400 0
1803| -1,2 400 0
1804| -1,5 400 0
1805| -1,8 400 0
1806| -2,1 400 0
1807| -2,4 400 0
1808| -2,7 400 0
1809| -3 400 0
1810| -3,299999 400 0
1811| -3,599999 400 0
1812| -3,899999 400 0
1813| -4,2 400 0
1814| -4,5 400 0
1815| -4,8 400 0
1816| -5,1 400 0
1817| -5,4 400 0
1818| -5,7 400 0
1819| -6 400 0
1820| -6,300001 400 0
1821| -6,600001 400 0
1822| -6,900001 400 0
1823| -7,200001 400 0
1824| -7,200001 400 0
1825| -7,200001 400 0
1826| 0 400 0
1827| 0,3 400 0
1828| 0,6 400 0
1829| 0,9 400 0
1830| 1,2 400 0
1831| 1,5 400 0
1832| 1,8 400 0
1833| 2,1 400 0
1834| 2,4 400 0
1835| 2,7 400 0
1836| 3 400 0
1837| 3,299999 400 0
1838| 3,599999 400 0
1839| 3,899999 400 0
1840| 4,2 400 0
1841| 4,5 400 0
1842| 4,8 400 0
1843| 5,1 400 0
1844| 5,4 400 0
1845| 5,7 400 0
1846| 6 400 0
1847| 6,300001 400 0
1848| 6,600001 400 0
1849| 6,900001 400 0
1850| 7,200001 400 0
1851| 7,500001 400 0
1852| 7,800001 400 0
1853| 8,1 400 0
1854| 8,4 400 0
1855| 8,7 400 0
1856| 8,999999 400 0
1857| 8,999999 400 0
1858| 8,999999 400 0
1859| 0 400 0
1860| -0,3 400 0
1861| -0,6 400 0
1862| -0,9 400 0
1863| -1,2 400 0
1864| -1,5 400 0
1865| -1,8 400 0
1866| -2,1 400 0
1867| -2,4 400 0
1868| -2,7 400 0
1869| -3 400 0
1870| -3,299999 400 0
1871| -3,599999 400 0
1872| -3,899999 400 0
1873| -4,2 400 0
1874| -4,5 400 0
1875| -4,8 400 0
1876| -5,1 400 0
1877| -5,4 400 0
1878| -5,7 400 0
1879| -6 400 0
1880| -6,300001 400 0
1881| -6,600001 400 0
1882| -6,900001 400 0
1883| 0 400 0
1884| 0,3 400 0
1885| 0,6 400 0
1886| 0,9 400 0
1887| 1,2 400 0
1888| 1,5 400 0
1889| 1,8 400 0
1890| 2,1 400 0
1891| 2,4 400 0
1892| 2,7 400 0
1893| 3 400 0
1894| 3,299999 400 0
1895| 3,599999 400 0
1896| 3,899999 400 0
1897| 4,2 400 0
1898| 4,5 400 0
1899| 4,8 400 0
1900| 5,1 400 0
1901| 5,4 400 0
1902| 5,7 400 0
1903| 6 400 0
1904| 6,300001 400 0
1905| 6,600001 400 0
1906| 6,900001 400 0
1907| 7,200001 400 0
1908| 7,500001 400 0
1909| 7,800001 400 0
1910| 8,1 400 0
1911| 8,4 400 0
1912| 0 400 0
1913| 0 400 0
1914| -0,3 400 0
1915| -0,6 400 0
1916| -0,9 400 0
1917| -0,9 400 0
1918| -0,9 400 0
1919| -0,9 400 0
1920| -0,9 400 0
1921| -0,9 400 0
1922| -1,2 400 0
1923| -1,5 400 0
1924| 0 0 0
1925| 0 0 0
1926| 0 0 0
1927| 0 0 0
1928| 0 -4 0
1929| 0 -8 0
1930| 0 -12 0
1931| 0 -16 0
1932| 0 -20 0
1933| 0 -24 0
1934| 0 -28 0
1935| 0 -32 0
1936| 0 -36 0
1937| 0 -40 0
1938| 0 -43,99999 0
1939| 0 -47,99999 0
1940| 0 -51,99999 0
1941| 0 -55,99999 0
1942| 0 -60 0
1943| 0 -64 0
1944| 0 -68 0
1945| 0 -72 0
1946| 0 0 0
1947| 0 0 0
1948| 0 0 0
1949| 0 0 0
1950| 0 0 0
1951| 0 0 0
1952| 0 0 0
1953| 0 0 0
1954| 0 0 0
1955| 0 0 0
1956| 0 0 0
1957| 0 0 0
1958| 0 0 0
1959| 0 0 0
1960| 0 0 0
1961| 0 0 0
1962| 0 0 0
1963| 0 0 0
1964| 0 0 0
1965| 0 0 0
1966| 0 0 0
1967| 0 0 0
1968| 0 0 0
1969| 0 0 0
1970| 0 0 0
1971| 0 0 0
1972| 0 0 0
1973| 0 0 0
1974| 0 0 0
1975| 0 0 0
1976| 0 0 0
1977| 0 0 0
1978| 0 0 0
1979| 0 0 0
1980| 0 0 0
1981| 0 0 0
1982| 0 0 0
1983| 0 0 0
1984| 0 0 0
1985| 0 0 0
1986| 0 0 0
1987| 0 0 0
1988| 0 0 0
1989| 0 0 0
1990| 0 0 0
1991| 0 0 0
1992| 0 0 0
1993| 0 0 0
1994| 0 0 0
1995| 0 0 0
1996| 0 0 0
1997| 0 0 0
1998| 0 0 0
1999| 0 0 0
2000| 0 0 0
2001| 0 0 0
2002| 0 0 0
2003| 0 0 0
2004| 0 0 0
2005| 0 0 0
2006| 0 0 0
2007| 0 0 0
2008| 0 0 0
2009| 0 0 0
2010| 0 0 0
2011| 0 0 0
2012| 0 0 0
2013| 0 0 0
2014| 0 0 0
2015| 0 0 0
2016| 0 0 0
2017| 0 0 0
2018| 0 0 0
2019| 0 0 0
2020| 0 0 0
2021| 0 0 0
2022| 0 0 0
2023| 0 0 0
2024| 0 0 0
2025| 0 0 0
2026| 0 0 0
2027| 0 0 0
2028| 0 0 0
2029| 0 0 0
2030| 0 0 0
2031| 0 0 0
2032| 0 0 0
2033| 0 0 0
2034| 0 0 0
2035| 0 0 0
2036| 0 0 0
2037| 0 0 0
2038| 0 0 0
2039| 0 0 0
2040| 0 0 0
2041| 0 0 0
2042| 0 0 0
2043| 0 0 0
2044| 0 0 0
2045| 0 0 0
2046| 0 0 0
2047| 0 0 0
2048| 0 0 0
2049| 0 0 0
2050| 0 0 0
2051| 0 0 0
2052| 0 0 0
2053| 0 0 0
2054| 0 0 0
2055| 0 0 0
2056| 0 0 0
2057| 0 0 0
2058| 0 0 0
2059| 0 0 0
2060| 0 0 0
2061| 0 0 0
2062| 0 0 0
2063| 0 0 0
2064| 0 0 0
2065| 0 0 0
2066| 0 0 0
2067| 0 0 0
2068| 0 0 0
2069| 0 0 0
2070| 0 0 0
2071| 0 0 0
2072| 0 0 0
2073| 0 0 0
2074| 0 0 0
2075| 0 0 0
2076| 0 0 0
2077| 0 0 0
2078| 0 0 0
2079| 0 0 0
2080| 0 0 0
2081| 0 0 0
2082| 0 0 0
2083| 0 0 0

