1| 0 0 0
2| 0 0 0
3| 0 0 0
4| 0 0 0
5| 0 0 0
6| 0 0 0
7| 0 0 0
8| 0 0 0
9| 0 0 0
10| 0 0 0
11| 0 0 0
12| 0 0 0
13| 0 0 0
14| 0 0 0
15| 0 0 0
16| 0 0 0
17| 0 0 0
18| 0 0 0
19| 0 0 0
20| 0 0 0
21| 0 0 0
22| 0 0 0
23| 0 0 0
24| 0 0 0
25| 0 0 0
26| 0 0 0
27| 0 0 0
28| 0 0 0
29| 0 0 0
30| 0 0 0
31| 0 0 0
32| 0 0 0
33| 0 0 0
34| 0 0 0
35| 0 0 0
36| 0 0 0
37| 0 0 0
38| 0 0 0
39| 0 0 0
40| 0 0 0
41| 0 0 0
42| 0 0 0
43| 0 0 0
44| 0 0 0
45| 0 0 0
46| 0 0 0
47| 0 0 0
48| 0 0 0
49| 0 0 0
50| 0 0 0
51| 0 0 0
52| 0 0 0
53| 0 0 0
54| 0 0 0
55| 0 0 0
56| 0 0 0
57| 0 0 0
58| 0 0 0
59| 0 0 0
60| 0 0 0
61| 0 0 0
62| 0 0 0
63| 0 0 0
64| 0 0 0
65| 0 0 0
66| 0 0 0
67| 0 0 0
68| 0 0 0
69| 0 0 0
70| 0 0 0
71| 0 0 0
72| 0 0 0
73| 0 0 0
74| 0 0 0
75| 0 0 0
76| 0 0 0
77| 0 0 0
78| 0 0 0
79| 0 0 0
80| 0 0 0
81| 0 0 0
82| 0 0 0
83| 0 0 0
84| 0 0 0
85| 0 0 0
86| 0 0 0
87| 0 0 0
88| 0 0 0
89| 0 0 0
90| 0 0 0
91| 0 0 0
92| 0 0 0
93| 0 0 0
94| 0 0 0
95| 0 0 0
96| 0 0 0
97| 0 0 0
98| 0 4 0
99| 0 8 0
100| 0 12 0
101| 0 16 0
102| 0 20 0
103| 0 24 0
104| 0 28 0
105| 0 32 0
106| 0 36 0
107| 0 40 0
108| 0 43,99999 0
109| 0 47,99999 0
110| 0 51,99999 0
111| 0 55,99999 0
112| 0 60 0
113| 0 64 0
114| 0 68 0
115| 0 72 0
116| 0 76,00001 0
117| 0 80,00001 0
118| 0 84,00001 0
119| 0 88,00002 0
120| 0 92,00002 0
121| 0 96,00002 0
122| 0 100 0
123| 0 104 0
124| 0 108 0
125| 0 112 0
126| 0 116 0
127| 0 120 0
128| 0 124 0
129| 0 128 0
130| 0 132 0
131| 0 136 0
132| 0 140 0
133| 0 144 0
134| 0 148 0
135| 0 152 0
136| 0 156 0
137| 0 160 0
138| 0 164 0
139| 0 168 0
140| 0 171,9999 0
141| 0 175,9999 0
142| 0 179,9999 0
143| 0 183,9999 0
144| 0 187,9999 0
145| 0 191,9999 0
146| 0 195,9999 0
147| 0 199,9999 0
148| 0 203,9999 0
149| 0 207,9999 0
150| 0 211,9999 0
151| 0 215,9999 0
152| 0 219,9999 0
153| 0 223,9999 0
154| 0 227,9999 0
155| 0 231,9999 0
156| 0 235,9999 0
157| 0 239,9999 0
158| 0 243,9999 0
159| 0 247,9999 0
160| 0 251,9999 0
161| 0 255,9999 0
162| 0 259,9999 0
163| 0 263,9999 0
164| 0 267,9999 0
165| 0 271,9998 0
166| 0 275,9998 0
167| 0 279,9998 0
168| 0 283,9998 0
169| 0 287,9998 0
170| 0 291,9998 0
171| 0 295,9998 0
172| 0 299,9998 0
173| 0 303,9998 0
174| 0 307,9998 0
175| 0,3 311,9998 0
176| 0,6 315,9998 0
177| 0,6 319,9998 0
178| 0,6 323,9998 0
179| 0,6 327,9998 0
180| 0,6 331,9998 0
181| 0,6 335,9998 0
182| 0,9 339,9998 0
183| 1,2 343,9998 0
184| 1,5 347,9998 0
185| 1,5 351,9998 0
186| 1,5 355,9998 0
187| 1,8 359,9998 0
188| 2,1 363,9998 0
189| 2,4 367,9998 0
190| 2,4 371,9998 0
191| 2,4 375,9998 0
192| 2,4 379,9998 0
193| 2,7 383,9998 0
194| 3 387,9998 0
195| 3 391,9998 0
196| 3 395,9998 0
197| 3,299999 399,9997 0
198| 3,599999 400 0
199| 3,599999 400 0
200| 3,599999 400 0
201| 3,599999 400 0
202| 3,899999 400 0
203| 4,2 400 0
204| 4,2 400 0
205| 4,2 400 0
206| 4,2 400 0
207| 4,5 400 0
208| 4,5 400 0
209| 4,5 400 0
210| 4,5 400 0
211| 4,5 400 0
212| 4,8 400 0
213| 4,8 400 0
214| 4,8 400 0
215| 4,8 400 0
216| 4,8 400 0
217| 4,8 400 0
218| 4,8 400 0
219| 4,8 400 0
220| 4,8 400 0
221| 4,8 400 0
222| 4,8 400 0
223| 4,8 400 0
224| 4,8 400 0
225| 4,8 400 0
226| 0 400 0
227| -0,3 400 0
228| -0,6 400 0
229| -0,9 400 0
230| -1,2 400 0
231| -1,5 400 0
232| -1,8 400 0
233| -2,1 400 0
234| -2,4 400 0
235| -2,4 400 0
236| -2,4 400 0
237| -2,4 400 0
238| -2,7 400 0
239| -3 400 0
240| -3,299999 400 0
241| -3,599999 400 0
242| -3,899999 400 0
243| -4,2 400 0
244| -4,5 400 0
245| -4,8 400 0
246| -5,1 400 0
247| -5,1 400 0
248| -5,1 400 0
249| -5,1 400 0
250| -5,1 400 0
251| -5,1 400 0
252| -5,1 400 0
253| -5,1 400 0
254| -5,1 400 0
255| -5,1 400 0
256| -5,1 400 0
257| -5,1 400 0
258| -5,1 400 0
259| -5,1 400 0
260| -5,1 400 0
261| -5,1 400 0
262| 0 0 0
263| 0 0 0
264| 0 0 0
265| 0 0 0
266| 0 0 0
267| 0 0 0
268| 0 0 0
269| 0 0 0
270| 0 0 0
271| 0 0 0
272| 0 0 0
273| 0,3 0 0
274| 0,6 0 0
275| 0,9 0 0
276| 1,2 0 0
277| 0 0 0
278| 0 0 0
279| 0 0 0
280| 0 0 0
281| 0 0 0
282| 0 0 0
283| 0,3 0 0
284| 0,6 0 0
285| 0,9 0 0
286| 1,2 0 0
287| 1,5 0 0
288| 1,8 0 0
289| 2,1 0 0
290| 0 0 0
291| 0 0 0
292| 0,3 0 0
293| 0,6 0 0
294| 0,9 0 0
295| 1,2 0 0
296| 1,5 0 0
297| 1,8 0 0
298| 2,1 0 0
299| 2,4 0 0
300| 2,7 0 0
301| 3 0 0
302| 3,299999 0 0
303| 3,599999 0 0
304| 3,899999 0 0
305| 4,2 0 0
306| 4,5 0 0
307| 4,8 0 0
308| 5,1 0 0
309| 5,4 0 0
310| 5,7 0 0
311| 6 -4 0
312| 6,300001 -8 0
313| 6,600001 -8 0
314| 6,900001 -8 0
315| 7,200001 -8 0
316| 7,500001 -8 0
317| 7,800001 -8 0
318| 8,1 -8 0
319| 8,4 -8 0
320| 8,7 -8 0
321| 8,999999 -8 0
322| 9,299999 -8 0
323| 9,599998 -8 0
324| 9,899999 -8 0
325| 10,2 -8 0
326| 10,5 -8 0
327| 10,8 -8 0
328| 11,1 -8 0
329| 11,4 -8 0
330| 11,7 -8 0
331| 12 -8 0
332| 12,3 -8 0
333| 12,6 -8 0
334| 12,9 -8 0
335| 13,2 -8 0
336| 13,5 -8 0
337| 0 0 0
338| 0 0 0
339| 0 0 0
340| 0 4 0
341| 0 8 0
342| 0 12 0
343| 0 16 0
344| 0 20 0
345| 0 24 0
346| 0 28 0
347| 0 32 0
348| 0 36 0
349| 0 40 0
350| 0 43,99999 0
351| 0 47,99999 0
352| 0 51,99999 0
353| 0 55,99999 0
354| 0 60 0
355| 0 64 0
356| 0 68 0
357| 0 72 0
358| 0 76,00001 0
359| 0 80,00001 0
360| 0 84,00001 0
361| 0 88,00002 0
362| 0 92,00002 0
363| 0 96,00002 0
364| 0 100 0
365| 0 104 0
366| 0 108 0
367| 0 112 0
368| 0 116 0
369| 0 120 0
370| 0 124 0
371| 0 128 0
372| 0 132 0
373| 0 136 0
374| 0 140 0
375| 0 144 0
376| 0,3 148 0
377| 0,6 152 0
378| 0,6 156 0
379| 0,6 160 0
380| 0,6 164 0
381| 0,9 168 0
382| 1,2 171,9999 0
383| 1,5 175,9999 0
384| 1,5 179,9999 0
385| 1,5 183,9999 0
386| 1,8 187,9999 0
387| 2,1 191,9999 0
388| 2,4 195,9999 0
389| 2,7 199,9999 0
390| 3 203,9999 0
391| 3,299999 207,9999 0
392| 3,599999 211,9999 0
393| 3,599999 215,9999 0
394| 3,599999 219,9999 0
395| 3,899999 223,9999 0
396| 4,2 227,9999 0
397| 4,5 231,9999 0
398| 4,5 235,9999 0
399| 4,5 239,9999 0
400| 4,5 243,9999 0
401| 4,8 247,9999 0
402| 5,1 251,9999 0
403| 5,1 255,9999 0
404| 5,1 259,9999 0
405| 5,1 263,9999 0
406| 5,1 267,9999 0
407| 5,1 271,9998 0
408| 5,1 275,9998 0
409| 5,1 279,9998 0
410| 5,1 283,9998 0
411| 5,1 287,9998 0
412| 5,1 291,9998 0
413| 5,1 295,9998 0
414| 5,1 299,9998 0
415| 5,1 303,9998 0
416| 5,1 307,9998 0
417| 5,4 311,9998 0
418| 5,4 315,9998 0
419| 0 319,9998 0
420| -0,3 323,9998 0
421| -0,6 327,9998 0
422| -0,9 331,9998 0
423| -1,2 335,9998 0
424| -1,5 339,9998 0
425| -1,8 343,9998 0
426| -2,1 347,9998 0
427| -2,4 351,9998 0
428| -2,7 355,9998 0
429| -3 359,9998 0
430| -3,299999 363,9998 0
431| -3,599999 367,9998 0
432| -3,899999 371,9998 0
433| -3,899999 375,9998 0
434| -3,899999 379,9998 0
435| -3,899999 383,9998 0
436| -3,899999 387,9998 0
437| -3,899999 391,9998 0
438| -3,899999 395,9998 0
439| -3,899999 399,9997 0
440| -3,899999 400 0
441| -3,899999 400 0
442| -3,899999 400 0
443| -3,899999 400 0
444| -3,899999 400 0
445| -4,2 400 0
446| -4,5 400 0
447| -4,8 400 0
448| -5,1 400 0
449| -5,1 400 0
450| -5,1 400 0
451| -5,1 400 0
452| -5,1 400 0
453| -5,1 400 0
454| -5,1 400 0
455| -5,1 400 0
456| -5,1 400 0
457| 0 400 0
458| 0,3 400 0
459| 0,6 400 0
460| 0,9 400 0
461| 0,9 400 0
462| 0,9 400 0
463| 0,9 400 0
464| 0,9 400 0
465| 0,9 400 0
466| 1,2 400 0
467| 1,5 400 0
468| 1,8 400 0
469| 2,1 400 0
470| 2,4 400 0
471| 2,7 400 0
472| 2,7 400 0
473| 2,7 400 0
474| 2,7 400 0
475| 2,7 400 0
476| 2,7 400 0
477| 2,7 400 0
478| 2,7 400 0
479| 2,7 400 0
480| 2,7 400 0
481| 2,7 400 0
482| 2,7 400 0
483| 2,7 400 0
484| 2,7 400 0
485| 2,7 400 0
486| 0 400 0
487| -0,3 400 0
488| -0,6 400 0
489| -0,9 400 0
490| -1,2 400 0
491| -1,5 400 0
492| -1,8 400 0
493| -2,1 400 0
494| -2,4 400 0
495| -2,4 400 0
496| -2,4 400 0
497| -2,4 400 0
498| -2,4 400 0
499| -2,4 400 0
500| -2,4 400 0
501| -2,4 400 0
502| -2,4 400 0
503| -2,4 400 0
504| -2,4 400 0
505| -2,4 400 0
506| -2,7 400 0
507| -3 400 0
508| -3,299999 400 0
509| -3,599999 400 0
510| -3,599999 400 0
511| -3,599999 400 0
512| -3,599999 400 0
513| -3,599999 400 0
514| -3,599999 400 0
515| -3,599999 400 0
516| -3,599999 400 0
517| -3,599999 400 0
518| -3,599999 400 0
519| -3,599999 400 0
520| -3,599999 400 0
521| -3,599999 400 0
522| -3,599999 400 0
523| -3,599999 400 0
524| -3,599999 400 0
525| -3,599999 400 0
526| -3,599999 400 0
527| -3,599999 400 0
528| -3,599999 400 0
529| -3,599999 400 0
530| -3,599999 400 0
531| -3,599999 400 0
532| -3,599999 400 0
533| 0 400 0
534| 0,3 400 0
535| 0,6 400 0
536| 0,9 400 0
537| 1,2 400 0
538| 1,5 400 0
539| 1,8 400 0
540| 2,1 400 0
541| 2,1 400 0
542| 2,1 400 0
543| 2,1 400 0
544| 2,1 400 0
545| 2,1 400 0
546| 2,1 400 0
547| 2,1 400 0
548| 2,1 400 0
549| 2,1 400 0
550| 2,1 400 0
551| 2,1 400 0
552| 2,4 400 0
553| 2,7 400 0
554| 3 400 0
555| 3 400 0
556| 3 400 0
557| 3 400 0
558| 3 400 0
559| 3 400 0
560| 3 400 0
561| 3 400 0
562| 3 400 0
563| 3 400 0
564| 3 400 0
565| 3 400 0
566| 3 400 0
567| 0 400 0
568| -0,3 400 0
569| -0,6 400 0
570| -0,9 400 0
571| -1,2 400 0
572| -1,5 400 0
573| -1,8 400 0
574| -1,8 400 0
575| -1,8 400 0
576| -1,8 400 0
577| -1,8 400 0
578| 0 0 0
579| 0 0 0
580| 0 0 0
581| 0 0 0
582| -0,3 0 0
583| 0 0 0
584| 0 0 0
585| 0 0 0
586| 0 0 0
587| 0 0 0
588| 0 0 0
589| 0 0 0
590| 0 0 0
591| 0 0 0
592| -0,3 0 0
593| -0,6 0 0
594| -0,9 0 0
595| -1,2 0 0
596| -1,5 0 0
597| -1,8 0 0
598| -2,1 0 0
599| -2,4 0 0
600| -2,7 0 0
601| -3 0 0
602| -3,299999 0 0
603| -3,599999 0 0
604| -3,899999 0 0
605| -4,2 0 0
606| -4,5 0 0
607| -4,8 0 0
608| -5,1 0 0
609| -5,4 0 0
610| -5,7 0 0
611| -6 0 0
612| -6,300001 0 0
613| 0 0 0
614| 0 0 0
615| 0 0 0
616| 0 0 0
617| 0 0 0
618| 0 0 0
619| 0 0 0
620| 0 0 0
621| 0 0 0
622| 0 0 0
623| 0 0 0
624| 0 0 0
625| 0 0 0
626| -0,3 0 0
627| -0,6 0 0
628| -0,9 0 0
629| -1,2 0 0
630| -1,5 0 0
631| -1,8 0 0
632| -2,1 0 0
633| 0 0 0
634| 0 0 0
635| -0,3 0 0
636| -0,6 0 0
637| -0,9 0 0
638| -1,2 0 0
639| -1,5 0 0
640| -1,5 0 0
641| -1,5 4 0
642| -1,5 8 0
643| -1,5 12 0
644| -1,5 16 0
645| -1,8 20 0
646| -2,1 24 0
647| -2,4 28 0
648| -2,7 32 0
649| -3 36 0
650| -3,299999 40 0
651| -3,599999 43,99999 0
652| -3,899999 47,99999 0
653| -4,2 51,99999 0
654| -4,2 55,99999 0
655| 0 0 0
656| 0 0 0
657| 0 0 0
658| 0 4 0
659| -0,3 8 0
660| -0,6 12 0
661| -0,9 16 0
662| -1,2 20 0
663| -1,5 24 0
664| -1,8 28 0
665| -2,1 32 0
666| 0 0 0
667| 0 0 0
668| 0 0 0
669| 0 0 0
670| 0 0 0
671| 0 0 0
672| 0 0 0
673| 0 0 0
674| 0 0 0
675| 0 0 0
676| -0,3 0 0
677| -0,6 0 0
678| -0,9 0 0
679| -1,2 0 0
680| -1,5 0 0
681| -1,8 0 0
682| -2,1 0 0
683| -2,4 0 0
684| -2,7 0 0
685| -3 0 0
686| -3,299999 0 0
687| -3,599999 0 0
688| -3,899999 0 0
689| 0 0 0
690| 0 0 0
691| 0 0 0
692| -0,3 0 0
693| -0,6 0 0
694| -0,9 0 0
695| -1,2 4 0
696| -1,5 4 0
697| -1,8 4 0
698| -2,1 4 0
699| -2,4 4 0
700| -2,7 8 0
701| -3 12 0
702| -3,299999 16 0
703| -3,599999 16 0
704| -3,899999 16 0
705| -4,2 16 0
706| -4,5 16 0
707| -4,8 16 0
708| -5,1 16 0
709| -5,4 16 0
710| -5,7 16 0
711| -6 20 0
712| -6,300001 24 0
713| -6,600001 28 0
714| -6,900001 32 0
715| -7,200001 32 0
716| -7,500001 32 0
717| -7,800001 32 0
718| -8,1 32 0
719| -8,4 32 0
720| -8,4 36 0
721| -8,4 40 0
722| -8,4 43,99999 0
723| -8,4 47,99999 0
724| -8,4 51,99999 0
725| -8,4 55,99999 0
726| -8,4 60 0
727| -8,4 64 0
728| -8,4 68 0
729| -8,4 72 0
730| -8,4 76,00001 0
731| -8,4 80,00001 0
732| 0 84,00001 0
733| 0,3 88,00002 0
734| 0,6 92,00002 0
735| 0,9 96,00002 0
736| 1,2 100 0
737| 1,2 104 0
738| 1,2 108 0
739| 1,2 112 0
740| 1,2 116 0
741| 1,5 120 0
742| 1,8 124 0
743| 2,1 128 0
744| 2,4 132 0
745| 2,7 136 0
746| 3 140 0
747| 3 144 0
748| 3 148 0
749| 3 152 0
750| 3 156 0
751| 3 160 0
752| 3 164 0
753| 3 168 0
754| 3 171,9999 0
755| 3 175,9999 0
756| 3 179,9999 0
757| 3 183,9999 0
758| 3,299999 187,9999 0
759| 3,599999 191,9999 0
760| 3,899999 195,9999 0
761| 4,2 199,9999 0
762| 4,5 203,9999 0
763| 0 0 0
764| 0 0 0
765| 0 0 0
766| 0 0 0
767| 0 0 0
768| 0 0 0
769| 0 0 0
770| 0 0 0
771| 0 0 0
772| 0 0 0
773| 0 0 0
774| 0 0 0
775| 0 0 0
776| 0 0 0
777| 0 0 0
778| 0 0 0
779| 0 0 0
780| 0 0 0
781| 0 0 0
782| 0 0 0
783| 0 4 0
784| 0 8 0
785| 0 12 0
786| 0 16 0
787| 0 20 0
788| 0 24 0
789| 0 28 0
790| 0 32 0
791| 0 36 0
792| 0 40 0
793| 0 43,99999 0
794| 0 47,99999 0
795| 0 51,99999 0
796| 0 55,99999 0
797| 0 60 0
798| 0 64 0
799| 0 68 0
800| 0 72 0
801| 0 76,00001 0
802| 0 80,00001 0
803| 0 84,00001 0
804| 0 88,00002 0
805| 0 92,00002 0
806| 0 96,00002 0
807| 0 100 0
808| 0 104 0
809| 0 108 0
810| 0 112 0
811| 0 116 0
812| 0 120 0
813| 0 124 0
814| 0 128 0
815| 0 132 0
816| 0 136 0
817| 0 140 0
818| 0 144 0
819| 0 148 0
820| 0 152 0
821| 0 156 0
822| 0 160 0
823| 0 164 0
824| 0 168 0
825| 0 171,9999 0
826| 0 175,9999 0
827| 0 179,9999 0
828| 0 183,9999 0
829| 0 187,9999 0
830| 0 191,9999 0
831| 0 195,9999 0
832| 0 199,9999 0
833| 0 203,9999 0
834| 0 207,9999 0
835| -0,3 211,9999 0
836| -0,6 215,9999 0
837| -0,9 219,9999 0
838| -0,9 223,9999 0
839| -0,9 227,9999 0
840| -0,9 231,9999 0
841| -0,9 235,9999 0
842| -0,9 239,9999 0
843| -1,2 243,9999 0
844| -1,5 247,9999 0
845| -1,8 251,9999 0
846| -2,1 255,9999 0
847| -2,4 259,9999 0
848| -2,7 263,9999 0
849| -3 267,9999 0
850| -3,299999 271,9998 0
851| -3,599999 275,9998 0
852| -3,899999 279,9998 0
853| -3,899999 283,9998 0
854| -3,899999 287,9998 0
855| -3,899999 291,9998 0
856| -3,899999 295,9998 0
857| -3,899999 299,9998 0
858| -3,899999 303,9998 0
859| -3,899999 307,9998 0
860| -3,899999 311,9998 0
861| -3,899999 315,9998 0
862| 0 315,9998 0
863| 0,3 319,9998 0
864| 0,6 323,9998 0
865| 0,6 327,9998 0
866| 0,6 331,9998 0
867| 0,9 335,9998 0
868| 1,2 335,9998 0
869| 0 0 0
870| 0 0 0
871| 0 0 0
872| 0 0 0
873| 0 0 0
874| 0,3 0 0
875| 0,6 0 0
876| 0,9 0 0
877| 1,2 0 0
878| 1,5 0 0
879| 1,8 0 0
880| 2,1 0 0
881| 0 0 0
882| 0 0 0
883| 0 0 0
884| 0 0 0
885| 0 0 0
886| 0 0 0
887| 0,3 0 0
888| 0,6 0 0
889| 0,9 0 0
890| 1,2 0 0
891| 1,5 0 0
892| 1,8 0 0
893| 2,1 0 0
894| 2,4 0 0
895| 2,7 0 0
896| 3 0 0
897| 3,299999 0 0
898| 3,599999 0 0
899| 0 0 0
900| 0 0 0
901| 0 0 0
902| 0 0 0
903| 0 0 0
904| 0 0 0
905| 0 0 0
906| 0 0 0
907| 0,3 0 0
908| 0,6 0 0
909| 0,9 0 0
910| 1,2 0 0
911| 1,5 0 0
912| 1,8 0 0
913| 2,1 0 0
914| 2,4 0 0
915| 2,7 0 0
916| 0 0 0
917| 0 0 0
918| 0 0 0
919| 0 0 0
920| 0,3 0 0
921| 0,6 0 0
922| 0,9 0 0
923| 1,2 0 0
924| 1,5 0 0
925| 1,8 0 0
926| 2,1 0 0
927| 2,4 0 0
928| 2,7 4 0
929| 3 8 0
930| 3,299999 12 0
931| 3,599999 16 0
932| 3,899999 20 0
933| 3,899999 24 0
934| 3,899999 28 0
935| 3,899999 32 0
936| 3,899999 36 0
937| 4,2 40 0
938| 4,5 43,99999 0
939| 4,8 47,99999 0
940| 5,1 51,99999 0
941| 5,4 55,99999 0
942| 5,7 60 0
943| 6 64 0
944| 6,300001 68 0
945| 6,300001 72 0
946| 6,300001 76,00001 0
947| 6,300001 80,00001 0
948| 6,300001 84,00001 0
949| 6,300001 88,00002 0
950| 6,300001 92,00002 0
951| 6,300001 96,00002 0
952| 6,300001 100 0
953| 6,300001 104 0
954| 6,300001 108 0
955| 6,300001 112 0
956| 6,300001 116 0
957| 6,300001 120 0
958| 6,300001 124 0
959| 6,300001 128 0
960| 6,300001 132 0
961| 0 0 0
962| 0 0 0
963| 0 0 0
964| 0 4 0
965| 0 8 0
966| 0 12 0
967| 0 16 0
968| 0 20 0
969| 0 24 0
970| 0 28 0
971| 0 32 0
972| 0 36 0
973| 0 40 0
974| 0 43,99999 0
975| 0 47,99999 0
976| 0 51,99999 0
977| 0 55,99999 0
978| 0 60 0
979| -0,3 64 0
980| -0,6 68 0
981| -0,9 72 0
982| -0,9 76,00001 0
983| -0,9 80,00001 0
984| -0,9 84,00001 0
985| -0,9 88,00002 0
986| -0,9 92,00002 0
987| -0,9 96,00002 0
988| -0,9 100 0
989| -0,9 104 0
990| -0,9 108 0
991| -0,9 112 0
992| -0,9 116 0
993| -1,2 120 0
994| -1,5 124 0
995| -1,8 128 0
996| -2,1 132 0
997| -2,4 136 0
998| -2,7 140 0
999| -2,7 144 0
1000| -2,7 148 0
1001| -2,7 152 0
1002| -2,7 156 0
1003| -2,7 160 0
1004| -2,7 164 0
1005| -2,7 168 0
1006| -2,7 171,9999 0
1007| -2,7 175,9999 0
1008| -2,7 179,9999 0
1009| -2,7 183,9999 0
1010| -2,7 187,9999 0
1011| -2,7 191,9999 0
1012| -2,7 195,9999 0
1013| -2,7 199,9999 0
1014| -2,7 203,9999 0
1015| -2,7 207,9999 0
1016| -2,7 211,9999 0
1017| -2,7 215,9999 0
1018| -2,7 219,9999 0
1019| -2,7 223,9999 0
1020| -2,7 227,9999 0
1021| -2,7 231,9999 0
1022| -2,7 235,9999 0
1023| -2,7 239,9999 0
1024| -2,7 243,9999 0
1025| -2,7 247,9999 0
1026| -2,7 251,9999 0
1027| -2,7 255,9999 0
1028| -2,7 259,9999 0
1029| -2,7 263,9999 0
1030| -2,7 267,9999 0
1031| -2,7 271,9998 0
1032| -2,7 275,9998 0
1033| -2,7 279,9998 0
1034| -2,7 283,9998 0
1035| -2,7 287,9998 0
1036| -2,7 291,9998 0
1037| -2,7 295,9998 0
1038| -2,7 299,9998 0
1039| -2,7 303,9998 0
1040| -2,7 307,9998 0
1041| -2,7 311,9998 0
1042| 0 315,9998 0
1043| 0,3 319,9998 0
1044| 0,6 323,9998 0
1045| 0,9 327,9998 0
1046| 1,2 331,9998 0
1047| 1,2 335,9998 0
1048| 1,2 339,9998 0
1049| 1,2 343,9998 0
1050| 1,2 347,9998 0
1051| 1,2 351,9998 0
1052| 1,2 355,9998 0
1053| 1,2 359,9998 0
1054| 1,5 363,9998 0
1055| 1,8 367,9998 0
1056| 2,1 371,9998 0
1057| 2,4 375,9998 0
1058| 2,7 379,9998 0
1059| 2,7 383,9998 0
1060| 2,7 387,9998 0
1061| 2,7 391,9998 0
1062| 2,7 395,9998 0
1063| 2,7 399,9997 0
1064| 2,7 400 0
1065| 2,7 400 0
1066| 2,7 400 0
1067| 2,7 400 0
1068| 2,7 400 0
1069| 2,7 400 0
1070| 2,7 400 0
1071| 2,7 400 0
1072| 2,7 400 0
1073| 2,7 400 0
1074| 2,7 400 0
1075| 2,7 400 0
1076| 2,7 400 0
1077| 2,7 400 0
1078| 2,7 400 0
1079| 2,7 400 0
1080| 0 400 0
1081| -0,3 400 0
1082| -0,3 400 0
1083| -0,3 400 0
1084| -0,3 400 0
1085| -0,3 400 0
1086| -0,3 400 0
1087| -0,3 400 0
1088| -0,3 400 0
1089| -0,3 400 0
1090| -0,3 400 0
1091| -0,3 400 0
1092| -0,3 400 0
1093| -0,3 400 0
1094| -0,3 400 0
1095| -0,3 400 0
1096| -0,3 400 0
1097| -0,3 400 0
1098| -0,3 400 0
1099| -0,3 400 0
1100| -0,3 400 0
1101| -0,3 400 0
1102| -0,3 400 0
1103| -0,3 400 0
1104| -0,3 400 0
1105| -0,3 400 0
1106| -0,3 400 0
1107| 0 400 0
1108| 0,3 400 0
1109| 0,6 400 0
1110| 0,9 400 0
1111| 1,2 400 0
1112| 1,2 400 0
1113| 1,2 400 0
1114| 1,2 400 0
1115| 1,2 400 0
1116| 1,2 400 0
1117| 1,2 400 0
1118| 1,2 400 0
1119| 1,2 400 0
1120| 1,2 400 0
1121| 1,2 400 0
1122| 1,2 400 0
1123| 1,2 400 0
1124| 1,2 400 0
1125| 0 0 0
1126| 0 0 0
1127| 0 0 0
1128| 0 0 0
1129| 0 0 0
1130| 0 0 0
1131| 0 0 0
1132| 0 0 0
1133| 0 4 0
1134| 0 8 0
1135| 0 12 0
1136| 0 16 0
1137| 0 20 0
1138| 0 24 0
1139| 0 28 0
1140| 0 32 0
1141| 0 36 0
1142| 0 40 0
1143| 0 43,99999 0
1144| 0 0 0
1145| 0 0 0
1146| 0 0 0
1147| 0 0 0
1148| 0 0 0
1149| 0 0 0
1150| 0 0 0
1151| 0 0 0
1152| 0 0 0
1153| 0 0 0
1154| 0 0 0
1155| 0 0 0
1156| 0 0 0
1157| 0 0 0
1158| 0 0 0
1159| 0 0 0
1160| 0 0 0
1161| 0 0 0
1162| 0 0 0
1163| 0 0 0
1164| 0 0 0
1165| 0 0 0
1166| 0 0 0
1167| 0 0 0
1168| 0 0 0
1169| 0 0 0
1170| 0 0 0
1171| 0 0 0
1172| 0 0 0
1173| 0 0 0
1174| 0 0 0
1175| 0 0 0
1176| 0 0 0
1177| 0 0 0
1178| 0 0 0
1179| 0 0 0
1180| 0 0 0
1181| 0 0 0
1182| 0 0 0
1183| 0 0 0
1184| 0,3 0 0
1185| 0,6 0 0
1186| 0,9 0 0
1187| 1,2 0 0
1188| 1,5 0 0
1189| 1,8 0 0
1190| 2,1 0 0
1191| 2,4 0 0
1192| 2,7 0 0
1193| 0 0 0
1194| 0 0 0
1195| 0 0 0
1196| 0 0 0
1197| 0,3 0 0
1198| 0,6 0 0
1199| 0,9 0 0
1200| 1,2 0 0
1201| 1,5 0 0
1202| 0 0 0
1203| 0 0 0
1204| 0 0 0
1205| 0 0 0
1206| 0 0 0
1207| 0 0 0
1208| 0 0 0
1209| 0 0 0
1210| 0 0 0
1211| 0,3 0 0
1212| 0,6 0 0
1213| 0,9 4 0
1214| 1,2 8 0
1215| 1,5 12 0
1216| 1,8 16 0
1217| 2,1 20 0
1218| 2,4 24 0
1219| 2,7 28 0
1220| 3 32 0
1221| 3,299999 36 0
1222| 3,599999 40 0
1223| 3,899999 43,99999 0
1224| 4,2 43,99999 0
1225| 0 0 0
1226| 0 0 0
1227| 0 0 0
1228| 0 0 0
1229| 0 0 0
1230| 0 0 0
1231| 0 0 0
1232| 0 0 0
1233| 0 0 0
1234| 0 0 0
1235| 0 0 0
1236| 0 0 0
1237| 0,3 0 0
1238| 0 0 0
1239| 0 0 0
1240| 0 0 0
1241| 0 0 0
1242| 0 0 0
1243| 0 0 0
1244| 0 0 0
1245| 0 0 0
1246| 0 0 0
1247| 0 0 0
1248| 0 0 0
1249| 0 0 0
1250| 0 0 0
1251| 0 0 0
1252| 0 0 0
1253| 0 0 0
1254| 0 0 0
1255| 0 0 0
1256| 0 0 0
1257| 0 0 0
1258| 0 0 0
1259| 0 0 0
1260| 0 0 0
1261| 0 0 0
1262| 0 0 0
1263| 0 0 0
1264| 0 0 0
1265| 0 0 0
1266| 0 0 0
1267| 0 0 0
1268| 0 0 0
1269| 0 0 0
1270| 0 0 0
1271| 0 0 0
1272| 0 0 0
1273| 0 0 0
1274| -0,3 0 0
1275| -0,6 0 0
1276| -0,9 0 0
1277| -1,2 0 0
1278| -1,5 0 0
1279| -1,8 0 0
1280| -2,1 0 0
1281| -2,4 0 0
1282| -2,7 0 0
1283| -3 0 0
1284| -3,299999 0 0
1285| -3,599999 0 0
1286| -3,899999 0 0
1287| -4,2 0 0
1288| -4,5 0 0
1289| -4,8 0 0
1290| -5,1 0 0
1291| -5,4 0 0
1292| -5,7 0 0
1293| -6 0 0
1294| -6,300001 0 0
1295| -6,600001 0 0
1296| -6,900001 0 0
1297| -7,200001 0 0
1298| -7,500001 0 0
1299| -7,800001 0 0
1300| -8,1 0 0
1301| -8,4 0 0
1302| -8,7 0 0
1303| -8,999999 0 0
1304| -9,299999 0 0
1305| -9,599998 0 0
1306| -9,899999 0 0
1307| -10,2 0 0
1308| -10,5 0 0
1309| -10,8 0 0
1310| -11,1 0 0
1311| -11,4 0 0
1312| -11,7 0 0
1313| -12 0 0
1314| -12,3 0 0
1315| -12,6 0 0
1316| -12,9 0 0
1317| -13,2 0 0
1318| -13,5 0 0
1319| -13,79999 0 0
1320| -14,09999 0 0
1321| -14,39999 0 0
1322| -14,69999 0 0
1323| -14,99999 0 0
1324| -15,29999 4 0
1325| -15,59999 8 0
1326| -15,89999 12 0
1327| -16,19999 16 0
1328| -16,49999 20 0
1329| -16,79999 24 0
1330| -16,79999 28 0
1331| -16,79999 32 0
1332| -16,79999 36 0
1333| -17,09999 40 0
1334| -17,39999 43,99999 0
1335| -17,69999 47,99999 0
1336| -17,99999 51,99999 0
1337| -17,99999 55,99999 0
1338| -17,99999 60 0
1339| -17,99999 64 0
1340| -17,99999 68 0
1341| -17,99999 72 0
1342| -17,99999 76,00001 0
1343| -17,99999 80,00001 0
1344| -17,99999 84,00001 0
1345| -17,99999 88,00002 0
1346| -17,99999 92,00002 0
1347| -17,99999 96,00002 0
1348| -17,99999 100 0
1349| -17,99999 104 0
1350| -17,99999 108 0
1351| -17,99999 112 0
1352| -17,99999 116 0
1353| -17,99999 120 0
1354| -17,99999 124 0
1355| -17,99999 128 0
1356| -17,99999 132 0
1357| -17,99999 136 0
1358| -17,99999 140 0
1359| -17,99999 144 0
1360| -17,99999 148 0
1361| -17,99999 152 0
1362| 0 156 0
1363| 0,3 160 0
1364| 0,6 164 0
1365| 0,9 168 0
1366| 1,2 171,9999 0
1367| 1,5 175,9999 0
1368| 1,8 179,9999 0
1369| 2,1 183,9999 0
1370| 2,4 187,9999 0
1371| 2,7 191,9999 0
1372| 2,7 195,9999 0
1373| 2,7 199,9999 0
1374| 2,7 203,9999 0
1375| 2,7 207,9999 0
1376| 2,7 211,9999 0
1377| 2,7 215,9999 0
1378| 2,7 219,9999 0
1379| 2,7 223,9999 0
1380| 2,7 227,9999 0
1381| 2,7 231,9999 0
1382| 2,7 235,9999 0
1383| 2,7 239,9999 0
1384| 2,7 243,9999 0
1385| 2,7 247,9999 0
1386| 2,7 251,9999 0
1387| 2,7 255,9999 0
1388| 2,7 259,9999 0
1389| 2,7 263,9999 0
1390| 2,7 267,9999 0
1391| 2,7 271,9998 0
1392| 2,7 275,9998 0
1393| 2,7 279,9998 0
1394| 2,7 283,9998 0
1395| 2,7 287,9998 0
1396| 2,7 291,9998 0
1397| 2,7 295,9998 0
1398| 0 299,9998 0
1399| -0,3 303,9998 0
1400| -0,6 307,9998 0
1401| -0,9 311,9998 0
1402| -1,2 315,9998 0
1403| -1,5 319,9998 0
1404| -1,8 323,9998 0
1405| -2,1 327,9998 0
1406| -2,4 331,9998 0
1407| -2,7 335,9998 0
1408| -3 339,9998 0
1409| -3,299999 343,9998 0
1410| -3,599999 347,9998 0
1411| -3,899999 351,9998 0
1412| -3,899999 355,9998 0
1413| -3,899999 359,9998 0
1414| -3,899999 363,9998 0
1415| -3,899999 367,9998 0
1416| -3,899999 371,9998 0
1417| -3,899999 375,9998 0
1418| -3,899999 379,9998 0
1419| -3,899999 383,9998 0
1420| -3,899999 387,9998 0
1421| -4,2 391,9998 0
1422| -4,5 395,9998 0
1423| -4,8 399,9997 0
1424| -5,1 400 0
1425| -5,1 400 0
1426| 0 0 0
1427| 0 0 0
1428| 0 0 0
1429| 0 0 0
1430| 0 -4 0
1431| 0 -8 0
1432| 0 -12 0
1433| 0 -16 0
1434| 0 -20 0
1435| 0 -24 0
1436| 0 -28 0
1437| 0 -32 0
1438| 0 -36 0
1439| 0 -40 0
1440| 0 -43,99999 0
1441| 0 -47,99999 0
1442| 0 -51,99999 0
1443| 0 -55,99999 0
1444| 0 -60 0
1445| 0 -64 0
1446| 0 -68 0
1447| 0 -72 0
1448| 0 -76,00001 0
1449| 0 -80,00001 0
1450| 0 -84,00001 0
1451| 0 -88,00002 0
1452| 0 -92,00002 0
1453| 0 -96,00002 0
1454| 0 -100 0
1455| 0 -104 0
1456| 0 -108 0
1457| 0 -112 0
1458| 0 -116 0
1459| 0 -120 0
1460| 0 -124 0
1461| 0 -128 0
1462| 0 0 0
1463| 0 0 0
1464| 0 0 0
1465| 0 0 0
1466| 0 0 0
1467| 0 0 0
1468| 0 0 0
1469| 0 0 0
1470| 0 0 0
1471| 0 0 0
1472| 0 0 0
1473| 0 0 0
1474| 0 -4 0
1475| 0 -8 0
1476| 0 -12 0
1477| 0 -16 0
1478| 0 -20 0
1479| 0 -24 0
1480| 0 -28 0
1481| 0 -32 0
1482| 0 -36 0
1483| 0 -40 0
1484| 0 -43,99999 0
1485| 0 -47,99999 0
1486| 0 -51,99999 0
1487| 0 -55,99999 0
1488| 0 -60 0
1489| 0 -64 0
1490| 0 -68 0
1491| 0 -72 0
1492| 0 -76,00001 0
1493| 0 -80,00001 0
1494| 0 -84,00001 0
1495| 0 -88,00002 0
1496| 0 -92,00002 0
1497| 0 -96,00002 0
1498| 0 -100 0
1499| 0 -104 0
1500| 0 -108 0
1501| 0 -112 0
1502| 0 -116 0
1503| 0 -120 0
1504| 0 -124 0
1505| 0 -128 0
1506| 0 -132 0
1507| 0 -136 0
1508| 0 -140 0
1509| 0 -144 0
1510| 0 -148 0
1511| 0 -152 0
1512| 0 -156 0
1513| 0 -160 0
1514| 0 -164 0
1515| 0 -168 0
1516| 0 -171,9999 0
1517| 0 -175,9999 0
1518| 0 -179,9999 0
1519| 0 -183,9999 0
1520| 0 -187,9999 0
1521| 0 -191,9999 0
1522| 0 -195,9999 0
1523| 0 -199,9999 0
1524| 0 -203,9999 0
1525| 0 -207,9999 0
1526| 0 -211,9999 0
1527| 0 -215,9999 0
1528| 0 -219,9999 0
1529| 0 -223,9999 0
1530| 0 -227,9999 0
1531| 0 -231,9999 0
1532| 0 -235,9999 0
1533| 0 -239,9999 0
1534| 0 -243,9999 0
1535| 0 -247,9999 0
1536| 0 -251,9999 0
1537| 0 -255,9999 0
1538| 0 -259,9999 0
1539| 0 -263,9999 0
1540| 0 -267,9999 0
1541| 0 -271,9998 0
1542| 0 -275,9998 0
1543| 0 -279,9998 0
1544| 0 -283,9998 0
1545| 0 -287,9998 0
1546| 0 -291,9998 0
1547| 0 -295,9998 0
1548| 0 -299,9998 0
1549| 0 -303,9998 0
1550| 0 -307,9998 0
1551| 0 -311,9998 0
1552| 0 -315,9998 0
1553| 0 -319,9998 0
1554| 0 -323,9998 0
1555| 0 -327,9998 0
1556| 0 -331,9998 0
1557| 0 -335,9998 0
1558| 0 -339,9998 0
1559| 0 -343,9998 0
1560| 0 -347,9998 0
1561| 0 -351,9998 0
1562| 0 -355,9998 0
1563| 0 -359,9998 0
1564| 0 -363,9998 0
1565| 0 -367,9998 0
1566| 0 -371,9998 0
1567| 0 -375,9998 0
1568| 0 -379,9998 0
1569| 0 -383,9998 0
1570| 0 -387,9998 0
1571| 0 -391,9998 0
1572| 0 -395,9998 0
1573| 0 -399,9997 0
1574| 0 -400 0
1575| 0 -400 0
1576| 0 -400 0
1577| 0 -400 0
1578| 0 -400 0
1579| 0 -400 0
1580| 0 -400 0
1581| 0 -400 0
1582| 0 -400 0
1583| 0 -400 0
1584| 0 -400 0
1585| 0 -400 0
1586| 0 -400 0
1587| 0 -400 0
1588| 0 -400 0
1589| 0 -400 0
1590| 0 -400 0
1591| 0 -400 0
1592| 0 -400 0
1593| 0 -400 0
1594| 0 -400 0
1595| 0 -400 0
1596| 0 -400 0
1597| 0 -400 0
1598| 0 -400 0
1599| 0 -400 0
1600| 0 -400 0
1601| 0 -400 0
1602| 0 -400 0
1603| 0 -400 0
1604| 0 -400 0
1605| 0 -400 0
1606| 0 -400 0
1607| 0 -400 0
1608| 0 -400 0
1609| 0 -400 0
1610| 0 -400 0
1611| 0 -400 0
1612| 0 -400 0
1613| 0 -400 0
1614| 0 -400 0
1615| 0 -400 0
1616| 0 -400 0
1617| 0 -400 0
1618| 0 -400 0
1619| 0 -400 0
1620| 0 -400 0
1621| 0 -400 0
1622| 0 -400 0
1623| 0 -400 0
1624| 0 -400 0
1625| 0 -400 0
1626| 0 -400 0
1627| 0 -400 0
1628| 0 -400 0
1629| 0 -400 0
1630| 0 -400 0
1631| 0 -400 0
1632| 0 -400 0
1633| 0 -400 0
1634| 0 -400 0
1635| 0 -400 0
1636| 0 -400 0
1637| 0 -400 0
1638| 0 -400 0
1639| 0 -400 0
1640| 0 -400 0
1641| 0 -400 0
1642| 0 -400 0
1643| 0 -400 0
1644| 0 -400 0
1645| 0 -400 0
1646| 0 -400 0
1647| 0 -400 0
1648| 0 -400 0
1649| 0 -400 0
1650| 0 -400 0
1651| 0 -400 0
1652| 0 -400 0
1653| 0 -400 0
1654| 0 -400 0
1655| 0 -400 0
1656| 0 -400 0
1657| 0 -400 0
1658| 0 -400 0
1659| 0 -400 0
1660| 0 -400 0
1661| 0 -400 0
1662| 0 -400 0
1663| 0 -400 0
1664| 0 -400 0
1665| 0 -400 0
1666| 0 -400 0
1667| 0 -400 0
1668| 0 -400 0
1669| 0 -400 0
1670| 0 -400 0
1671| 0 -400 0
1672| 0 -400 0
1673| 0 -400 0
1674| 0 -400 0
1675| 0 -400 0
1676| 0 -400 0
1677| 0 -400 0
1678| 0 -400 0
1679| 0 -400 0
1680| 0 -400 0
1681| 0 -400 0
1682| 0 -400 0
1683| 0 -400 0
1684| 0 -400 0
1685| 0 -400 0
1686| 0 -400 0
1687| 0 -400 0
1688| 0 -400 0
1689| 0 -400 0
1690| 0 -400 0
1691| 0 -400 0
1692| 0 -400 0
1693| 0 -400 0
1694| 0 -400 0
1695| 0 -400 0
1696| 0 -400 0
1697| 0 -400 0
1698| 0 -400 0
1699| 0 -400 0
1700| 0 -400 0
1701| 0 -400 0
1702| 0 -400 0
1703| 0,3 -400 0
1704| 0,6 -400 0
1705| 0,9 -400 0
1706| 1,2 -400 0
1707| 1,5 -400 0
1708| 1,8 -400 0
1709| 2,1 -400 0
1710| 2,4 -400 0
1711| 2,7 -400 0
1712| 3 -400 0
1713| 3,299999 -400 0
1714| 3,299999 -400 0
1715| 3,299999 -400 0
1716| 3,299999 -400 0
1717| 3,299999 -400 0
1718| 3,299999 -400 0
1719| 3,299999 -400 0
1720| 3,299999 -400 0
1721| 3,299999 -400 0
1722| 3,299999 -400 0
1723| 3,299999 -400 0
1724| 3,299999 -400 0
1725| 3,299999 -400 0
1726| 3,299999 -400 0
1727| 3,299999 -400 0
1728| 3,299999 -400 0
1729| 3,299999 -400 0
1730| 3,299999 -400 0
1731| 3,299999 -400 0
1732| 3,299999 -400 0
1733| 3,299999 -400 0
1734| 3,299999 -400 0
1735| 3,299999 -400 0
1736| 3,299999 -400 0
1737| 3,299999 -400 0
1738| 3,299999 -400 0
1739| 3,299999 -400 0
1740| 3,299999 -400 0
1741| 3,299999 -400 0
1742| 3,299999 -400 0
1743| 3,299999 -400 0
1744| 3,299999 -400 0
1745| 3,299999 -400 0
1746| 3,299999 -400 0
1747| 3,299999 -400 0
1748| 3,299999 -400 0
1749| 3,299999 -400 0
1750| 3,299999 -400 0
1751| 3,299999 -400 0
1752| 0 0 0
1753| 0 0 0
1754| 0 0 0
1755| 0 0 0
1756| 0 0 0
1757| 0 0 0
1758| 0 0 0
1759| 0 0 0
1760| 0 0 0
1761| 0 0 0
1762| 0 0 0
1763| 0 0 0
1764| 0 0 0
1765| 0 0 0
1766| 0 0 0
1767| 0 0 0
1768| 0 0 0
1769| 0 0 0
1770| 0 0 0
1771| 0 0 0
1772| 0 0 0
1773| 0 4 0
1774| 0 8 0
1775| 0 12 0
1776| 0 0 0
1777| 0 0 0
1778| 0 0 0
1779| 0 4 0
1780| 0 8 0
1781| 0 12 0
1782| 0 16 0
1783| 0 20 0
1784| 0 24 0
1785| 0 28 0
1786| 0 32 0
1787| 0 36 0
1788| 0 0 0
1789| 0 0 0
1790| 0 0 0
1791| 0 0 0
1792| 0 0 0
1793| 0 0 0
1794| 0 0 0
1795| 0 0 0
1796| 0 0 0
1797| 0 0 0
1798| 0 0 0
1799| 0 0 0
1800| -0,3 0 0
1801| -0,6 4 0
1802| -0,9 8 0
1803| -1,2 12 0
1804| -1,5 16 0
1805| -1,8 20 0
1806| -2,1 24 0
1807| -2,1 28 0
1808| -2,1 32 0
1809| -2,1 36 0
1810| -2,1 40 0
1811| -2,1 43,99999 0
1812| -2,1 47,99999 0
1813| -2,1 51,99999 0
1814| -2,1 55,99999 0
1815| -2,1 60 0
1816| -2,1 64 0
1817| -2,1 68 0
1818| -2,1 72 0
1819| -2,4 76,00001 0
1820| -2,7 80,00001 0
1821| -3 84,00001 0
1822| -3,299999 88,00002 0
1823| -3,599999 92,00002 0
1824| -3,899999 96,00002 0
1825| -4,2 100 0
1826| -4,2 104 0
1827| -4,2 108 0
1828| -4,2 112 0
1829| -4,2 116 0
1830| 0 0 0
1831| 0 0 0
1832| 0 0 0
1833| 0 0 0
1834| 0 0 0
1835| 0 0 0
1836| 0 0 0
1837| 0 4 0
1838| 0 8 0
1839| 0 12 0
1840| 0 16 0
1841| 0 20 0
1842| 0 24 0
1843| 0 28 0
1844| 0 32 0
1845| 0 36 0
1846| 0 40 0
1847| 0 43,99999 0
1848| 0 47,99999 0
1849| 0 51,99999 0
1850| 0 55,99999 0
1851| 0 60 0
1852| 0 64 0
1853| 0 68 0
1854| 0 72 0
1855| 0 76,00001 0
1856| -0,3 80,00001 0
1857| -0,6 84,00001 0
1858| -0,9 88,00002 0
1859| -1,2 92,00002 0
1860| -1,5 96,00002 0
1861| -1,5 100 0
1862| -1,5 104 0
1863| -1,5 108 0
1864| -1,5 112 0
1865| -1,5 116 0
1866| -1,5 120 0
1867| -1,8 124 0
1868| -2,1 128 0
1869| -2,4 132 0
1870| -2,7 136 0
1871| -3 140 0
1872| -3,299999 144 0
1873| -3,599999 148 0
1874| -3,899999 152 0
1875| -4,2 156 0
1876| -4,2 160 0
1877| -4,2 164 0
1878| -4,2 168 0
1879| -4,2 171,9999 0
1880| -4,2 175,9999 0
1881| -4,2 179,9999 0
1882| -4,2 183,9999 0
1883| -4,2 187,9999 0
1884| -4,2 191,9999 0
1885| -4,2 195,9999 0
1886| -4,2 199,9999 0
1887| -4,2 203,9999 0
1888| -4,2 207,9999 0
1889| -4,2 211,9999 0
1890| -4,2 215,9999 0
1891| -4,2 219,9999 0
1892| -4,2 223,9999 0
1893| -4,2 227,9999 0
1894| -4,2 231,9999 0
1895| -4,2 235,9999 0
1896| -4,2 239,9999 0
1897| -4,2 243,9999 0
1898| -4,2 247,9999 0
1899| -4,2 251,9999 0
1900| -4,2 255,9999 0
1901| -4,2 259,9999 0
1902| -4,2 263,9999 0
1903| -4,2 267,9999 0
1904| 0 271,9998 0
1905| 0,3 275,9998 0
1906| 0,6 279,9998 0
1907| 0,9 283,9998 0
1908| 0,9 287,9998 0
1909| 0,9 291,9998 0
1910| 0,9 295,9998 0
1911| 0,9 299,9998 0
1912| 0,9 303,9998 0
1913| 0,9 307,9998 0
1914| 0,9 311,9998 0
1915| 0,9 315,9998 0
1916| 0,9 319,9998 0
1917| 0,9 323,9998 0
1918| 0,9 327,9998 0
1919| 0,9 331,9998 0
1920| 0,9 335,9998 0
1921| 0,9 339,9998 0
1922| 0,9 343,9998 0
1923| 0,9 347,9998 0
1924| 0,9 351,9998 0
1925| 0,9 355,9998 0
1926| 0,9 359,9998 0
1927| 0 0 0
1928| 0 0 0
1929| 0 0 0
1930| 0 0 0
1931| 0 4 0
1932| 0 8 0
1933| 0 12 0
1934| 0 16 0
1935| 0 20 0
1936| 0 24 0
1937| 0 0 0
1938| 0 0 0
1939| 0 0 0
1940| 0 0 0
1941| 0 0 0
1942| 0 0 0
1943| 0 0 0
1944| 0 0 0
1945| 0 0 0
1946| 0 0 0
1947| 0 0 0
1948| 0 0 0
1949| 0 0 0
1950| 0 0 0
1951| 0 0 0
1952| 0 0 0
1953| 0 0 0
1954| 0 0 0
1955| 0 0 0
1956| 0 0 0
1957| 0 0 0
1958| 0 0 0
1959| 0 0 0
1960| 0 0 0
1961| 0 0 0
1962| 0 0 0
1963| 0 0 0
1964| 0 0 0
1965| 0 0 0
1966| 0 0 0
1967| 0 0 0
1968| 0 0 0
1969| 0 0 0
1970| 0 0 0
1971| 0 0 0
1972| 0 0 0
1973| 0 0 0
1974| 0 0 0
1975| 0 0 0
1976| 0 0 0
1977| 0 0 0
1978| 0 0 0
1979| 0 0 0
1980| 0 0 0
1981| 0 0 0
1982| 0 0 0
1983| -0,3 0 0
1984| -0,6 0 0
1985| -0,9 0 0
1986| -1,2 0 0
1987| -1,5 4 0
1988| 0 0 0
1989| 0 0 0
1990| 0 0 0
1991| 0 0 0
1992| -0,3 0 0
1993| -0,6 0 0
1994| -0,9 0 0
1995| -0,9 4 0
1996| -0,9 8 0
1997| -0,9 12 0
1998| -0,9 16 0
1999| -0,9 20 0
2000| -1,2 24 0
2001| -1,5 28 0
2002| -1,8 32 0
2003| 0 0 0
2004| 0 0 0
2005| 0 0 0
2006| 0 0 0
2007| 0 0 0
2008| 0 0 0
2009| 0 0 0
2010| 0 0 0
2011| -0,3 0 0
2012| -0,6 0 0
2013| -0,9 0 0
2014| -1,2 4 0
2015| -1,5 8 0
2016| -1,5 12 0
2017| -1,5 16 0
2018| -1,5 20 0
2019| -1,5 24 0
2020| -1,5 28 0
2021| -1,8 32 0
2022| -2,1 36 0
2023| -2,1 40 0
2024| -2,1 43,99999 0
2025| -2,1 47,99999 0
2026| -2,1 51,99999 0
2027| -2,1 55,99999 0
2028| -2,1 60 0
2029| -2,1 64 0
2030| -2,1 68 0
2031| -2,1 72 0
2032| -2,1 76,00001 0
2033| -2,1 80,00001 0
2034| -2,1 84,00001 0
2035| -2,1 88,00002 0
2036| -2,1 92,00002 0
2037| -2,1 96,00002 0
2038| -2,1 100 0
2039| -2,1 104 0
2040| -2,1 108 0
2041| -2,1 112 0
2042| -2,1 116 0
2043| -2,1 120 0
2044| -2,1 124 0
2045| -2,1 128 0
2046| -2,1 132 0
2047| -2,1 136 0
2048| -2,1 140 0
2049| -2,1 144 0
2050| -2,1 148 0
2051| -2,1 152 0
2052| -2,1 156 0
2053| -2,1 160 0
2054| -2,1 164 0
2055| -2,1 168 0
2056| -2,1 171,9999 0
2057| -2,1 175,9999 0
2058| -2,1 179,9999 0
2059| -2,1 183,9999 0
2060| -2,1 187,9999 0
2061| -2,1 191,9999 0
2062| -2,1 195,9999 0
2063| -2,1 199,9999 0
2064| -2,1 203,9999 0
2065| -2,1 207,9999 0
2066| -2,1 211,9999 0
2067| -2,1 215,9999 0
2068| -2,1 219,9999 0
2069| -2,1 223,9999 0
2070| -2,1 227,9999 0
2071| -2,1 231,9999 0
2072| -2,1 235,9999 0
2073| -2,1 239,9999 0
2074| -2,1 243,9999 0
2075| -2,1 247,9999 0
2076| -2,1 251,9999 0
2077| -2,1 255,9999 0
2078| 0 259,9999 0
2079| 0,3 263,9999 0
2080| 0,6 267,9999 0
2081| 0,6 271,9998 0
2082| 0,6 275,9998 0
2083| 0,6 279,9998 0
2084| 0,6 283,9998 0
2085| 0,6 287,9998 0
2086| 0,6 291,9998 0
2087| 0,6 295,9998 0
2088| 0,6 299,9998 0
2089| 0,6 303,9998 0
2090| 0,6 307,9998 0
2091| 0,6 311,9998 0
2092| 0,6 315,9998 0
2093| 0,6 319,9998 0
2094| 0,6 323,9998 0
2095| 0,6 327,9998 0
2096| 0,6 331,9998 0
2097| 0,6 335,9998 0
2098| 0,6 339,9998 0
2099| 0,6 343,9998 0
2100| 0,6 347,9998 0
2101| 0,6 351,9998 0
2102| 0,6 355,9998 0
2103| 0,6 359,9998 0
2104| 0,6 363,9998 0
2105| 0,6 367,9998 0
2106| 0,6 371,9998 0
2107| 0,6 375,9998 0
2108| 0,6 379,9998 0
2109| 0,6 383,9998 0
2110| 0,6 387,9998 0
2111| 0,6 391,9998 0
2112| 0,6 395,9998 0
2113| 0,6 399,9997 0
2114| 0,6 400 0
2115| 0,6 400 0
2116| 0,6 400 0
2117| 0,6 400 0
2118| 0,6 400 0
2119| 0,6 400 0
2120| 0,6 400 0
2121| 0,6 400 0
2122| 0,6 400 0
2123| 0,6 400 0
2124| 0,6 400 0
2125| 0,6 400 0
2126| 0,6 400 0
2127| 0,6 400 0
2128| 0,6 400 0
2129| 0,6 400 0
2130| 0,6 400 0
2131| 0,6 400 0
2132| 0,9 400 0
2133| 1,2 400 0
2134| 1,5 400 0
2135| 1,8 400 0
2136| 2,1 400 0
2137| 2,4 400 0
2138| 2,7 400 0
2139| 3 400 0
2140| 3,299999 400 0
2141| 3,599999 400 0
2142| 3,599999 400 0
2143| 3,599999 400 0
2144| 3,599999 400 0
2145| 3,599999 400 0
2146| 3,599999 400 0
2147| 3,899999 400 0
2148| 4,2 400 0
2149| 4,5 400 0
2150| 4,8 400 0
2151| 5,1 400 0
2152| 5,1 400 0
2153| 5,1 400 0
2154| 5,1 400 0
2155| 5,1 400 0
2156| 5,1 400 0
2157| 5,1 400 0
2158| 5,4 400 0
2159| 5,7 400 0
2160| 5,7 400 0
2161| 5,7 400 0
2162| 5,7 400 0
2163| 5,7 400 0
2164| 5,7 400 0
2165| 5,7 400 0
2166| 5,7 400 0
2167| 5,7 400 0
2168| 5,7 400 0
2169| 5,7 400 0
2170| 5,7 400 0
2171| 5,7 400 0
2172| 5,7 400 0
2173| 5,7 400 0
2174| 0 0 0
2175| 0 0 0
2176| 0 0 0
2177| 0 0 0
2178| -0,3 0 0
2179| -0,6 0 0
2180| -0,9 0 0
2181| -1,2 0 0
2182| -1,5 0 0
2183| -1,8 0 0
2184| -2,1 0 0
2185| -2,4 0 0
2186| -2,7 0 0
2187| -3 0 0
2188| -3 0 0
2189| -3 4 0
2190| -3 8 0
2191| -3 12 0
2192| -3 16 0
2193| -3 20 0
2194| -3 24 0
2195| -3 28 0
2196| -3 32 0
2197| -3 36 0
2198| -3 40 0
2199| -3 43,99999 0
2200| -3 47,99999 0
2201| -3 51,99999 0
2202| -3 55,99999 0
2203| -3 60 0
2204| -3 64 0
2205| -3 68 0
2206| -3 72 0
2207| 0 76,00001 0
2208| 0,3 80,00001 0
2209| 0,6 84,00001 0
2210| 0,9 88,00002 0
2211| 1,2 92,00002 0
2212| 1,5 96,00002 0
2213| 1,8 100 0
2214| 2,1 104 0
2215| 2,4 108 0
2216| 2,7 112 0
2217| 3 116 0
2218| 3 120 0
2219| 3 124 0
2220| 3 128 0
2221| 3 132 0
2222| 3 136 0
2223| 3 140 0
2224| 3 144 0
2225| 3 148 0
2226| 3 152 0
2227| 3 156 0
2228| 3 160 0
2229| 3 164 0
2230| 3 168 0
2231| 3 171,9999 0
2232| 3 175,9999 0
2233| 3 179,9999 0
2234| 3 183,9999 0
2235| 3 187,9999 0
2236| 3 191,9999 0
2237| 3 195,9999 0
2238| 3 199,9999 0
2239| 3 203,9999 0
2240| 3 207,9999 0
2241| 3 211,9999 0
2242| 3 215,9999 0
2243| 3 219,9999 0
2244| 3 223,9999 0
2245| 3 227,9999 0
2246| 3 231,9999 0
2247| 3 235,9999 0
2248| 3 239,9999 0
2249| 3 243,9999 0
2250| 3 247,9999 0
2251| 3 251,9999 0
2252| 3 255,9999 0
2253| 3 259,9999 0
2254| 3 263,9999 0
2255| 3 267,9999 0
2256| 3 271,9998 0
2257| 3 275,9998 0
2258| 3 279,9998 0
2259| 0 283,9998 0
2260| -0,3 287,9998 0
2261| -0,6 291,9998 0
2262| -0,9 295,9998 0
2263| -1,2 299,9998 0
2264| -1,5 303,9998 0
2265| -1,8 307,9998 0
2266| -2,1 311,9998 0
2267| -2,1 315,9998 0
2268| -2,1 319,9998 0
2269| -2,1 323,9998 0
2270| -2,1 327,9998 0
2271| -2,1 331,9998 0
2272| -2,1 335,9998 0
2273| -2,1 339,9998 0
2274| -2,1 343,9998 0
2275| -2,1 347,9998 0
2276| -2,1 351,9998 0
2277| -2,1 355,9998 0
2278| -2,1 359,9998 0
2279| -2,1 363,9998 0
2280| -2,1 367,9998 0
2281| -2,1 371,9998 0
2282| -2,1 375,9998 0
2283| -2,1 379,9998 0
2284| -2,1 383,9998 0
2285| -2,1 387,9998 0
2286| -2,1 391,9998 0
2287| -2,1 395,9998 0
2288| -2,1 399,9997 0
2289| -2,1 400 0
2290| -2,1 400 0
2291| -2,1 400 0
2292| -2,1 400 0
2293| -2,1 400 0
2294| -2,1 400 0
2295| 0 400 0
2296| 0,3 400 0
2297| 0,6 400 0
2298| 0,9 400 0
2299| 1,2 400 0
2300| 1,5 400 0
2301| 1,8 400 0
2302| 2,1 400 0
2303| 2,4 400 0
2304| 2,7 400 0
2305| 3 400 0
2306| 3 400 0
2307| 3 400 0
2308| 3 400 0
2309| 3 400 0
2310| 3 400 0
2311| 3 400 0
2312| 3 400 0
2313| 3 400 0
2314| 3 400 0
2315| 3 400 0
2316| 3 400 0
2317| 3 400 0
2318| 3 400 0
2319| 3 400 0
2320| 3 400 0
2321| 3 400 0
2322| 3 400 0
2323| 3 400 0
2324| 3 400 0
2325| 3 400 0
2326| 3 400 0
2327| 3 400 0
2328| 3 400 0
2329| 3 400 0
2330| 3 400 0
2331| 3 400 0
2332| 3 400 0
2333| 3 400 0
2334| 3 400 0
2335| 3 400 0
2336| 3 400 0
2337| 3 400 0
2338| 3 400 0
2339| 3 400 0
2340| 3 400 0
2341| 3 400 0
2342| 3 400 0
2343| 3 400 0
2344| 3 400 0
2345| 3 400 0
2346| 3 400 0
2347| 3 400 0
2348| 3 400 0
2349| 3 400 0
2350| 3 400 0
2351| 3 400 0
2352| 3 400 0
2353| 3 400 0
2354| 3 400 0
2355| 3 400 0
2356| 3 400 0
2357| 3 400 0
2358| 3 400 0
2359| 3 400 0
2360| 3 400 0
2361| 3 400 0
2362| 3 400 0
2363| 3 400 0
2364| 3 400 0
2365| 3 400 0
2366| 3 400 0
2367| 3 400 0
2368| 3 400 0
2369| 0 400 0
2370| -0,3 400 0
2371| -0,6 400 0
2372| -0,9 400 0
2373| -1,2 400 0
2374| -1,5 400 0
2375| -1,8 400 0
2376| -2,1 400 0
2377| -2,1 400 0
2378| -2,1 400 0
2379| -2,1 400 0
2380| -2,4 400 0
2381| -2,7 400 0
2382| -3 400 0
2383| -3,299999 400 0
2384| -3,299999 400 0
2385| -3,299999 400 0
2386| -3,299999 400 0
2387| -3,299999 400 0
2388| -3,299999 400 0
2389| -3,299999 400 0
2390| -3,299999 400 0
2391| -3,299999 400 0
2392| -3,299999 400 0
2393| -3,299999 400 0
2394| -3,299999 400 0
2395| 0 400 0
2396| 0,3 400 0
2397| 0,6 400 0
2398| 0,6 400 0
2399| 0,6 400 0
2400| 0,6 400 0
2401| 0,6 400 0
2402| 0,6 400 0
2403| 0,9 400 0
2404| 1,2 400 0
2405| 1,5 400 0
2406| 1,8 400 0
2407| 1,8 400 0
2408| 1,8 400 0
2409| 1,8 400 0
2410| 1,8 400 0
2411| 1,8 400 0
2412| 1,8 400 0
2413| 1,8 400 0
2414| 1,8 400 0
2415| 1,8 400 0
2416| 1,8 400 0
2417| 1,8 400 0
2418| 1,8 400 0
2419| 1,8 400 0
2420| 1,8 400 0
2421| 1,8 400 0
2422| 1,8 400 0
2423| 1,8 400 0
2424| 1,8 400 0
2425| 1,8 400 0
2426| 1,8 400 0
2427| 1,8 400 0
2428| 1,8 400 0
2429| 1,8 400 0
2430| 1,8 400 0
2431| 1,8 400 0
2432| 1,8 400 0
2433| 1,8 400 0
2434| 1,8 400 0
2435| 1,8 400 0
2436| 1,8 400 0
2437| 1,8 400 0
2438| 0 400 0
2439| -0,3 400 0
2440| -0,6 400 0
2441| -0,9 400 0
2442| -0,9 400 0
2443| -0,9 400 0
2444| -0,9 400 0
2445| -0,9 400 0
2446| -0,9 400 0
2447| -0,9 400 0
2448| -0,9 400 0
2449| -0,9 400 0
2450| -0,9 400 0
2451| -0,9 400 0
2452| -0,9 400 0
2453| -0,9 400 0
2454| -1,2 400 0
2455| -1,5 400 0
2456| -1,8 400 0
2457| -1,8 400 0
2458| -1,8 400 0
2459| -1,8 400 0
2460| -1,8 400 0
2461| -1,8 400 0
2462| -1,8 400 0
2463| -1,8 400 0
2464| -1,8 400 0
2465| -1,8 400 0
2466| -1,8 400 0
2467| -1,8 400 0
2468| -1,8 400 0
2469| -1,8 400 0
2470| -1,8 400 0
2471| -1,8 400 0
2472| -1,8 400 0
2473| -1,8 400 0
2474| -1,8 400 0
2475| -1,8 400 0
2476| -1,8 400 0
2477| -1,8 400 0
2478| -2,1 400 0
2479| -2,4 400 0
2480| -2,7 400 0
2481| -3 400 0
2482| -3,299999 400 0
2483| -3,599999 400 0
2484| -3,599999 400 0
2485| -3,599999 400 0
2486| -3,599999 400 0
2487| -3,599999 400 0
2488| -3,599999 400 0
2489| -3,599999 400 0
2490| -3,599999 400 0
2491| 0 400 0
2492| 0,3 400 0
2493| 0,3 400 0
2494| 0,3 400 0
2495| 0,3 400 0
2496| 0,3 400 0
2497| 0,6 400 0
2498| 0,9 400 0
2499| 1,2 400 0
2500| 1,5 400 0
2501| 1,8 400 0
2502| 2,1 400 0
2503| 2,4 400 0
2504| 2,4 400 0
2505| 2,4 400 0
2506| 2,4 400 0
2507| 2,4 400 0
2508| 2,4 400 0
2509| 2,4 400 0
2510| 2,4 400 0
2511| 2,4 400 0
2512| 2,4 400 0
2513| 2,4 400 0
2514| 2,4 400 0
2515| 2,4 400 0
2516| 2,4 400 0
2517| 2,4 400 0
2518| 2,4 400 0
2519| 2,4 400 0
2520| 2,4 400 0
2521| 2,4 400 0
2522| 0 400 0
2523| -0,3 400 0
2524| -0,6 400 0
2525| -0,9 400 0
2526| -0,9 400 0
2527| -0,9 400 0
2528| -0,9 400 0
2529| -0,9 400 0
2530| -1,2 400 0
2531| -1,5 400 0
2532| -1,8 400 0
2533| -1,8 400 0
2534| -1,8 400 0
2535| -1,8 400 0
2536| -2,1 400 0
2537| -2,4 400 0
2538| -2,7 400 0
2539| -2,7 400 0
2540| -2,7 400 0
2541| -2,7 400 0
2542| -2,7 400 0
2543| -2,7 400 0
2544| -2,7 400 0
2545| -2,7 400 0
2546| -2,7 400 0
2547| -2,7 400 0
2548| -2,7 400 0
2549| -2,7 400 0
2550| -2,7 400 0
2551| -2,7 400 0
2552| -2,7 400 0
2553| -2,7 400 0
2554| -2,7 400 0
2555| -2,7 400 0
2556| -2,7 400 0
2557| -2,7 400 0
2558| -2,7 400 0
2559| -2,7 400 0
2560| -2,7 400 0
2561| -2,7 400 0
2562| -2,7 400 0
2563| -2,7 400 0
2564| -2,7 400 0
2565| -2,7 400 0
2566| -2,7 400 0
2567| -2,7 400 0
2568| -2,7 400 0
2569| 0 400 0
2570| 0,3 400 0
2571| 0,6 400 0
2572| 0,6 400 0
2573| 0,6 400 0
2574| 0,6 400 0
2575| 0,6 400 0
2576| 0,6 400 0
2577| 0,6 400 0
2578| 0,6 400 0
2579| 0,6 400 0
2580| 0,6 400 0
2581| 0,6 400 0
2582| 0,6 400 0
2583| 0,6 400 0
2584| 0,6 400 0
2585| 0,6 400 0
2586| 0,6 400 0
2587| 0,6 400 0
2588| 0,6 400 0
2589| 0,6 400 0
2590| 0,6 400 0
2591| 0,6 400 0
2592| 0,6 400 0
2593| 0 400 0
2594| -0,3 400 0
2595| -0,6 400 0
2596| -0,9 400 0
2597| -1,2 400 0
2598| -1,5 400 0
2599| -1,5 400 0
2600| -1,5 400 0
2601| -1,5 400 0
2602| -1,5 400 0
2603| -1,5 400 0
2604| -1,8 400 0
2605| -2,1 400 0
2606| -2,4 400 0
2607| -2,4 400 0
2608| -2,4 400 0
2609| -2,4 400 0
2610| -2,4 400 0
2611| -2,7 400 0
2612| -3 400 0
2613| -3,299999 400 0
2614| -3,299999 400 0
2615| -3,299999 400 0
2616| -3,299999 400 0
2617| -3,599999 400 0
2618| -3,899999 400 0
2619| -4,2 400 0
2620| -4,2 400 0
2621| -4,2 400 0
2622| -4,2 400 0
2623| -4,2 400 0
2624| -4,5 400 0
2625| -4,8 400 0
2626| -5,1 400 0
2627| -5,1 400 0
2628| -5,1 400 0
2629| -5,1 400 0
2630| -5,1 400 0
2631| -5,1 400 0
2632| -5,4 400 0
2633| -5,7 400 0
2634| -5,7 400 0
2635| -5,7 400 0
2636| -5,7 400 0
2637| -5,7 400 0
2638| -5,7 400 0
2639| -5,7 400 0
2640| -5,7 400 0
2641| -5,7 400 0
2642| 0 400 0
2643| 0,3 400 0
2644| 0,6 400 0
2645| 0,9 400 0
2646| 0,9 400 0
2647| 0,9 400 0
2648| 0,9 400 0
2649| 0,9 400 0
2650| 1,2 400 0
2651| 1,5 400 0
2652| 1,5 400 0
2653| 1,5 400 0
2654| 1,5 400 0
2655| 1,5 400 0
2656| 1,8 400 0
2657| 2,1 400 0
2658| 2,4 400 0
2659| 2,4 400 0
2660| 2,4 400 0
2661| 2,4 400 0
2662| 2,4 400 0
2663| 2,4 400 0
2664| 2,4 400 0
2665| 2,4 400 0
2666| 2,4 400 0
2667| 2,4 400 0
2668| 2,4 400 0
2669| 0 400 0
2670| -0,3 400 0
2671| -0,6 400 0
2672| -0,9 400 0
2673| -1,2 400 0
2674| -1,5 400 0
2675| -1,5 400 0
2676| -1,5 400 0
2677| -1,5 400 0
2678| -1,5 400 0
2679| -1,5 400 0
2680| -1,5 400 0
2681| -1,5 400 0
2682| -1,5 400 0
2683| -1,5 400 0
2684| -1,8 400 0
2685| -2,1 400 0
2686| -2,4 400 0
2687| -2,7 400 0
2688| -3 400 0
2689| -3 400 0
2690| -3 400 0
2691| -3 400 0
2692| -3 400 0
2693| -3 400 0
2694| -3 400 0
2695| -3 400 0
2696| -3 400 0
2697| -3 400 0
2698| -3 400 0
2699| -3 400 0
2700| -3 400 0
2701| -3 400 0
2702| -3 400 0
2703| -3 400 0
2704| -3 400 0
2705| -3 400 0
2706| -3 400 0
2707| -3 400 0
2708| -3 400 0
2709| -3 400 0
2710| -3 400 0
2711| -3 400 0
2712| -3 400 0
2713| -3 400 0
2714| -3 400 0
2715| -3 400 0
2716| -3 400 0
2717| 0 400 0
2718| 0,3 400 0
2719| 0,6 400 0
2720| 0,6 400 0
2721| 0,6 400 0
2722| 0,6 400 0
2723| 0,6 400 0
2724| 0,6 400 0
2725| 0,6 400 0
2726| 0,6 400 0
2727| 0,9 400 0
2728| 1,2 400 0
2729| 1,5 400 0
2730| 1,5 400 0
2731| 1,5 400 0
2732| 1,5 400 0
2733| 1,5 400 0
2734| 1,5 400 0
2735| 1,5 400 0
2736| 1,5 400 0
2737| 0 0 0
2738| 0 0 0
2739| 0 0 0
2740| 0 0 0
2741| 0 0 0
2742| 0 0 0
2743| 0 0 0
2744| 0 0 0
2745| 0 0 0
2746| 0 0 0
2747| 0 0 0
2748| 0 0 0
2749| 0 0 0
2750| 0 0 0
2751| 0 0 0
2752| 0 0 0
2753| 0 0 0
2754| 0 0 0
2755| 0 0 0
2756| 0 0 0
2757| 0 0 0
2758| 0 0 0
2759| 0 0 0
2760| 0 0 0
2761| 0 0 0
2762| 0 0 0
2763| 0 0 0
2764| 0 0 0
2765| 0 0 0
2766| 0 0 0
2767| 0 0 0
2768| 0 0 0
2769| 0 0 0
2770| 0 0 0
2771| 0 0 0
2772| 0 0 0
2773| 0 0 0
2774| 0 0 0
2775| 0 0 0
2776| 0 0 0
2777| 0 0 0
2778| 0 0 0
2779| 0 0 0
2780| 0 0 0
2781| 0 0 0
2782| 0 0 0
2783| 0 0 0
2784| 0 0 0
2785| 0 0 0
2786| 0 0 0
2787| 0 0 0
2788| 0 0 0
2789| 0 0 0
2790| 0 0 0
2791| 0 0 0
2792| 0 0 0
2793| 0 0 0
2794| 0 0 0
2795| 0 0 0
2796| 0 0 0
2797| 0 0 0
2798| 0 0 0
2799| 0 0 0
2800| 0 0 0
2801| 0 0 0
2802| 0 0 0
2803| 0 0 0
2804| 0 0 0
2805| 0 0 0
2806| 0 0 0
2807| 0 0 0
2808| 0 0 0
2809| 0 0 0
2810| 0 0 0
2811| 0 0 0
2812| 0 0 0
2813| 0 0 0
2814| 0 0 0
2815| 0 0 0
2816| 0 0 0
2817| 0 0 0
2818| 0 0 0
2819| 0 0 0
2820| 0 0 0
2821| 0 0 0
2822| 0 0 0
2823| 0 0 0
2824| 0 0 0
2825| 0 0 0
2826| 0 0 0
2827| 0 0 0
2828| 0 0 0
2829| 0 0 0
2830| 0 0 0
2831| 0 0 0
2832| 0 0 0
2833| 0 0 0
2834| -0,3 0 0
2835| -0,6 0 0
2836| 0 0 0
2837| 0 0 0
2838| 0 0 0
2839| 0 0 0
2840| 0 0 0
2841| 0 0 0
2842| 0 0 0
2843| 0 0 0
2844| 0 0 0
2845| 0 0 0
2846| 0 0 0
2847| 0 0 0
2848| 0 0 0
2849| 0 0 0
2850| 0 0 0
2851| 0 0 0
2852| 0 0 0
2853| 0 0 0
2854| 0 0 0
2855| 0 0 0
2856| 0 0 0
2857| 0 0 0
2858| 0 0 0
2859| 0 0 0
2860| -0,3 0 0
2861| -0,6 0 0
2862| -0,9 0 0
2863| -1,2 0 0
2864| -1,5 0 0
2865| -1,8 0 0
2866| -2,1 0 0
2867| 0 0 0
2868| 0 0 0
2869| 0 0 0
2870| 0 0 0
2871| 0 0 0
2872| 0 0 0
2873| 0 0 0
2874| 0 0 0
2875| 0 0 0
2876| 0 0 0
2877| -0,3 0 0
2878| -0,6 0 0
2879| -0,9 0 0
2880| -1,2 0 0
2881| -1,5 0 0
2882| -1,8 0 0
2883| 0 0 0
2884| 0 0 0
2885| 0 4 0
2886| 0 8 0
2887| 0 12 0
2888| 0 16 0
2889| 0 20 0
2890| 0 24 0
2891| 0 28 0
2892| 0 32 0
2893| 0 36 0
2894| 0 40 0
2895| 0 43,99999 0
2896| 0 47,99999 0
2897| 0 51,99999 0
2898| 0 55,99999 0
2899| 0 60 0
2900| 0 64 0
2901| 0 68 0
2902| 0 72 0
2903| 0 0 0
2904| 0 0 0
2905| 0 0 0
2906| 0 0 0
2907| 0 4 0
2908| 0 8 0
2909| 0 12 0
2910| 0 16 0
2911| 0 20 0
2912| 0 24 0
2913| 0 28 0
2914| 0 32 0
2915| 0 36 0
2916| 0 40 0
2917| 0 43,99999 0
2918| 0 47,99999 0
2919| 0 51,99999 0
2920| 0 55,99999 0
2921| 0 60 0
2922| 0 64 0
2923| 0 68 0
2924| 0 72 0
2925| 0 76,00001 0
2926| 0 80,00001 0
2927| 0 84,00001 0
2928| 0 88,00002 0
2929| 0 92,00002 0
2930| 0 96,00002 0
2931| 0 100 0
2932| 0 104 0
2933| 0 108 0
2934| 0 112 0
2935| 0 116 0
2936| 0 120 0
2937| 0 124 0
2938| 0 128 0
2939| 0 132 0
2940| 0 136 0
2941| 0 140 0
2942| 0 144 0
2943| 0 148 0
2944| 0 152 0
2945| 0 156 0
2946| 0 160 0
2947| 0 164 0
2948| 0 168 0
2949| 0 171,9999 0
2950| 0 175,9999 0
2951| 0 179,9999 0
2952| 0 183,9999 0
2953| 0 187,9999 0
2954| 0 191,9999 0
2955| 0 195,9999 0
2956| 0 199,9999 0
2957| 0 203,9999 0
2958| 0 207,9999 0
2959| 0 211,9999 0
2960| 0 215,9999 0
2961| 0 219,9999 0
2962| 0 223,9999 0
2963| 0 227,9999 0
2964| -0,3 231,9999 0
2965| -0,6 235,9999 0
2966| -0,9 239,9999 0
2967| -1,2 243,9999 0
2968| -1,5 247,9999 0
2969| -1,8 251,9999 0
2970| -2,1 255,9999 0
2971| -2,4 259,9999 0
2972| -2,7 263,9999 0
2973| -3 267,9999 0
2974| -3,299999 271,9998 0
2975| -3,299999 275,9998 0
2976| -3,299999 279,9998 0
2977| -3,299999 283,9998 0
2978| -3,299999 287,9998 0
2979| -3,299999 291,9998 0
2980| -3,299999 295,9998 0
2981| -3,299999 299,9998 0
2982| -3,299999 303,9998 0
2983| -3,299999 307,9998 0
2984| -3,299999 311,9998 0
2985| -3,299999 315,9998 0
2986| -3,299999 319,9998 0
2987| -3,299999 323,9998 0
2988| -3,299999 327,9998 0
2989| -3,299999 331,9998 0
2990| -3,299999 335,9998 0
2991| -3,299999 339,9998 0
2992| -3,599999 343,9998 0
2993| -3,899999 347,9998 0
2994| -4,2 351,9998 0
2995| -4,5 355,9998 0
2996| -4,8 355,9998 0
2997| 0 0 0
2998| 0 0 0
2999| 0 0 0
3000| 0 0 0
3001| 0 0 0
3002| 0 0 0
3003| 0 0 0
3004| 0 0 0
3005| 0 0 0
3006| 0 0 0
3007| 0 0 0
3008| 0 0 0
3009| 0 0 0
3010| 0 0 0
3011| 0 4 0
3012| 0 8 0
3013| 0 0 0
3014| 0 0 0
3015| 0 0 0
3016| 0 0 0
3017| 0 0 0
3018| 0 0 0
3019| 0 0 0
3020| 0 0 0
3021| 0 0 0
3022| 0 0 0
3023| 0,3 0 0
3024| 0,6 0 0
3025| 0,9 0 0
3026| 1,2 0 0
3027| 1,5 -4 0
3028| 1,8 -8 0
3029| 2,1 -12 0
3030| 2,4 -16 0
3031| 2,7 -20 0
3032| 3 -24 0
3033| 3,299999 -28 0
3034| 3,599999 -32 0
3035| 3,899999 -36 0
3036| 4,2 -40 0
3037| 4,5 -43,99999 0
3038| 4,8 -47,99999 0
3039| 5,1 -51,99999 0
3040| 5,4 -55,99999 0
3041| 5,7 -60 0
3042| 6 -64 0
3043| 6,300001 -68 0
3044| 6,600001 -72 0
3045| 6,900001 -76,00001 0
3046| 7,200001 -76,00001 0
3047| 7,500001 -76,00001 0
3048| 7,800001 -76,00001 0
3049| 8,1 -76,00001 0
3050| 8,4 -76,00001 0
3051| 8,7 -76,00001 0
3052| 8,999999 -76,00001 0
3053| 9,299999 -76,00001 0
3054| 9,599998 -76,00001 0
3055| 9,899999 -76,00001 0
3056| 10,2 -76,00001 0
3057| 10,5 -76,00001 0
3058| 10,8 -76,00001 0
3059| 11,1 -76,00001 0
3060| 11,4 -76,00001 0
3061| 11,7 -76,00001 0
3062| 12 -76,00001 0
3063| 12,3 -76,00001 0
3064| 12,6 -76,00001 0
3065| 12,9 -76,00001 0
3066| 13,2 -76,00001 0
3067| 13,5 -76,00001 0
3068| 13,79999 -76,00001 0
3069| 14,09999 -76,00001 0
3070| 14,39999 -76,00001 0
3071| 14,69999 -76,00001 0
3072| 14,99999 -76,00001 0
3073| 15,29999 -76,00001 0
3074| 15,59999 -76,00001 0
3075| 0 0 0
3076| 0 0 0
3077| 0 0 0
3078| 0 0 0
3079| 0 0 0
3080| 0 0 0
3081| 0 0 0
3082| 0 0 0
3083| -0,3 0 0
3084| -0,6 0 0
3085| -0,9 0 0
3086| -1,2 0 0
3087| -1,5 4 0
3088| -1,8 8 0
3089| -2,1 12 0
3090| -2,4 16 0
3091| -2,7 20 0
3092| -3 24 0
3093| -3,299999 28 0
3094| -3,599999 32 0
3095| -3,899999 36 0
3096| -4,2 40 0
3097| -4,5 43,99999 0
3098| -4,8 47,99999 0
3099| -5,1 51,99999 0
3100| -5,4 55,99999 0
3101| -5,7 60 0
3102| -6 64 0
3103| -6,300001 68 0
3104| -6,600001 72 0
3105| -6,900001 76,00001 0
3106| -7,200001 80,00001 0
3107| -7,500001 84,00001 0
3108| -7,800001 88,00002 0
3109| -8,1 92,00002 0
3110| -8,4 96,00002 0
3111| -8,4 100 0
3112| -8,4 104 0
3113| -8,4 108 0
3114| -8,4 112 0
3115| -8,4 116 0
3116| -8,4 120 0
3117| -8,4 124 0
3118| 0 0 0
3119| 0 0 0
3120| 0 0 0
3121| 0 0 0
3122| 0 0 0
3123| 0 4 0
3124| 0 8 0
3125| 0 12 0
3126| 0 16 0
3127| 0 20 0
3128| 0 24 0
3129| 0 28 0
3130| 0 32 0
3131| 0 36 0
3132| 0 40 0
3133| 0 43,99999 0
3134| 0 47,99999 0
3135| 0 51,99999 0
3136| 0 55,99999 0
3137| -0,3 60 0
3138| -0,6 64 0
3139| -0,9 68 0
3140| -1,2 72 0
3141| -1,5 76,00001 0
3142| -1,8 80,00001 0
3143| -2,1 84,00001 0
3144| -2,1 88,00002 0
3145| -2,1 92,00002 0
3146| -2,1 96,00002 0
3147| -2,1 100 0
3148| -2,1 104 0
3149| -2,1 108 0
3150| -2,1 112 0
3151| -2,1 116 0
3152| -2,1 120 0
3153| -2,1 124 0
3154| -2,1 128 0
3155| -2,1 132 0
3156| -2,1 136 0
3157| -2,4 140 0
3158| -2,7 144 0
3159| -3 148 0
3160| -3,299999 152 0
3161| -3,599999 156 0
3162| -3,899999 160 0
3163| -3,899999 164 0
3164| 0 0 0
3165| 0 0 0
3166| 0 0 0
3167| -0,3 0 0
3168| -0,6 0 0
3169| -0,9 4 0
3170| -0,9 8 0
3171| -0,9 12 0
3172| -0,9 16 0
3173| -0,9 20 0
3174| -0,9 24 0
3175| -0,9 28 0
3176| -0,9 32 0
3177| -0,9 36 0
3178| -0,9 40 0
3179| -0,9 43,99999 0
3180| -0,9 47,99999 0
3181| -0,9 51,99999 0
3182| -0,9 55,99999 0
3183| -0,9 60 0
3184| -0,9 64 0
3185| -0,9 68 0
3186| -0,9 72 0
3187| -0,9 76,00001 0
3188| -0,9 80,00001 0
3189| -0,9 84,00001 0
3190| -0,9 88,00002 0
3191| -0,9 92,00002 0
3192| 0 0 0
3193| 0 0 0
3194| 0 0 0
3195| 0 0 0
3196| 0 0 0
3197| 0 0 0
3198| 0 0 0
3199| 0 0 0
3200| 0 0 0
3201| 0 0 0
3202| 0 4 0
3203| 0 8 0
3204| 0 12 0
3205| 0 0 0
3206| -0,3 0 0
3207| -0,6 0 0
3208| -0,9 4 0
3209| -0,9 8 0
3210| -0,9 12 0
3211| -0,9 16 0
3212| -0,9 20 0
3213| -0,9 24 0
3214| -1,2 28 0
3215| -1,5 32 0
3216| -1,8 36 0
3217| -1,8 40 0
3218| -1,8 43,99999 0
3219| -1,8 47,99999 0
3220| -1,8 51,99999 0
3221| -1,8 55,99999 0
3222| -2,1 60 0
3223| -2,4 64 0
3224| -2,7 68 0
3225| -2,7 72 0
3226| -2,7 76,00001 0
3227| -2,7 80,00001 0
3228| -2,7 84,00001 0
3229| -2,7 88,00002 0
3230| -2,7 92,00002 0
3231| -2,7 96,00002 0
3232| -2,7 100 0
3233| -2,7 104 0
3234| -2,7 108 0
3235| -2,7 112 0
3236| -2,7 116 0
3237| -2,7 120 0
3238| -2,7 124 0
3239| -2,7 128 0
3240| -2,7 132 0
3241| -2,7 136 0
3242| -2,7 140 0
3243| -2,7 144 0
3244| -2,7 148 0
3245| -2,7 152 0
3246| -2,7 156 0
3247| -2,7 160 0
3248| -2,7 164 0
3249| -2,7 168 0
3250| -2,7 171,9999 0
3251| -2,7 175,9999 0
3252| -2,7 179,9999 0
3253| -2,7 183,9999 0
3254| -2,7 187,9999 0
3255| -2,7 191,9999 0
3256| -2,7 195,9999 0
3257| -2,7 199,9999 0
3258| -2,7 203,9999 0
3259| -2,7 207,9999 0
3260| -2,7 211,9999 0
3261| -2,7 215,9999 0
3262| -2,7 219,9999 0
3263| -2,7 223,9999 0
3264| -2,7 227,9999 0
3265| -2,7 231,9999 0
3266| -2,7 235,9999 0
3267| 0 239,9999 0
3268| 0,3 243,9999 0
3269| 0,6 247,9999 0
3270| 0,9 251,9999 0
3271| 0,9 255,9999 0
3272| 0,9 259,9999 0
3273| 0,9 263,9999 0
3274| 0,9 267,9999 0
3275| 0,9 271,9998 0
3276| 0,9 275,9998 0
3277| 1,2 279,9998 0
3278| 1,5 283,9998 0
3279| 1,5 287,9998 0
3280| 1,5 291,9998 0
3281| 1,5 295,9998 0
3282| 1,5 299,9998 0
3283| 1,5 303,9998 0
3284| 1,8 307,9998 0
3285| 2,1 311,9998 0
3286| 2,4 315,9998 0
3287| 2,7 319,9998 0
3288| 3 323,9998 0
3289| 3 327,9998 0
3290| 3 331,9998 0
3291| 3 335,9998 0
3292| 3 339,9998 0
3293| 3 343,9998 0
3294| 3 347,9998 0
3295| 3 351,9998 0
3296| 3 355,9998 0
3297| 3 359,9998 0
3298| 3 363,9998 0
3299| 3 367,9998 0
3300| 3 371,9998 0
3301| 3 375,9998 0
3302| 3 379,9998 0
3303| 0 0 0
3304| 0 0 0
3305| 0 0 0
3306| 0 0 0
3307| 0 0 0
3308| 0 0 0
3309| 0 0 0
3310| 0 0 0
3311| 0 0 0
3312| 0 0 0
3313| 0 0 0
3314| 0 4 0
3315| 0 8 0
3316| 0 12 0
3317| 0 16 0
3318| 0 20 0
3319| 0 0 0
3320| 0 0 0
3321| 0 0 0
3322| 0 0 0
3323| 0 0 0
3324| 0 4 0
3325| 0 0 0
3326| 0 0 0
3327| 0 0 0
3328| 0 0 0
3329| 0 0 0
3330| 0 0 0
3331| 0 0 0
3332| 0 0 0
3333| 0 0 0
3334| 0 0 0
3335| 0 0 0
3336| 0 0 0
3337| 0 0 0
3338| 0 0 0
3339| 0 0 0
3340| 0 4 0
3341| 0 8 0
3342| 0 12 0
3343| 0 16 0
3344| 0 20 0
3345| 0 24 0
3346| 0 28 0
3347| 0 32 0
3348| 0 36 0
3349| 0 40 0
3350| 0 43,99999 0
3351| 0 47,99999 0
3352| 0 51,99999 0
3353| 0 55,99999 0
3354| 0 60 0
3355| 0 64 0
3356| 0 68 0
3357| 0 72 0
3358| 0 76,00001 0
3359| 0 80,00001 0
3360| 0 84,00001 0
3361| 0 88,00002 0
3362| 0 92,00002 0
3363| 0 96,00002 0
3364| 0 100 0
3365| 0 104 0
3366| 0 108 0
3367| 0 112 0
3368| 0 116 0
3369| 0 120 0
3370| 0 124 0
3371| 0 128 0
3372| 0 132 0
3373| 0 136 0
3374| 0 140 0
3375| 0 144 0
3376| 0 148 0
3377| 0 152 0
3378| 0 156 0
3379| 0 160 0
3380| 0 164 0
3381| 0 168 0
3382| 0 171,9999 0
3383| 0 175,9999 0
3384| 0 179,9999 0
3385| 0 183,9999 0
3386| 0 187,9999 0
3387| 0 191,9999 0
3388| 0 195,9999 0
3389| 0 199,9999 0
3390| 0 203,9999 0
3391| 0 207,9999 0
3392| 0 211,9999 0
3393| 0 215,9999 0
3394| 0 219,9999 0
3395| 0 223,9999 0
3396| 0 227,9999 0
3397| 0 231,9999 0
3398| 0 235,9999 0
3399| 0 239,9999 0
3400| 0 243,9999 0
3401| 0 247,9999 0
3402| 0 251,9999 0
3403| 0 255,9999 0
3404| 0 259,9999 0
3405| 0 263,9999 0
3406| 0 267,9999 0
3407| 0 0 0
3408| 0 0 0
3409| 0 0 0
3410| 0 0 0
3411| 0 0 0
3412| 0 0 0
3413| 0 0 0
3414| 0 0 0
3415| 0 0 0
3416| 0 0 0
3417| 0 0 0
3418| 0 0 0
3419| 0 0 0
3420| 0 0 0
3421| 0 0 0
3422| 0 0 0
3423| 0 0 0
3424| 0 0 0
3425| 0 0 0
3426| 0 0 0
3427| 0 0 0
3428| 0 0 0
3429| 0 0 0
3430| 0 0 0
3431| 0 0 0
3432| 0 4 0
3433| 0 8 0
3434| 0 12 0
3435| 0 16 0
3436| 0 20 0
3437| 0 24 0
3438| 0 28 0
3439| 0 32 0
3440| 0 36 0
3441| 0 40 0
3442| 0 43,99999 0
3443| 0 47,99999 0
3444| 0 51,99999 0
3445| 0 55,99999 0
3446| 0 60 0
3447| 0 64 0
3448| 0 68 0
3449| 0 72 0
3450| 0,3 76,00001 0
3451| 0,6 80,00001 0
3452| 0,9 84,00001 0
3453| 1,2 88,00002 0
3454| 1,5 92,00002 0
3455| 1,8 92,00002 0
3456| 2,1 92,00002 0
3457| 2,4 92,00002 0
3458| 2,7 92,00002 0
3459| 3 92,00002 0
3460| 3,299999 92,00002 0
3461| 3,599999 92,00002 0
3462| 3,899999 92,00002 0
3463| 4,2 92,00002 0
3464| 4,5 92,00002 0
3465| 4,8 92,00002 0
3466| 5,1 92,00002 0
3467| 5,4 92,00002 0
3468| 0 0 0
3469| 0 0 0
3470| 0 0 0
3471| 0 0 0
3472| 0,3 0 0
3473| 0,6 4 0
3474| 0,9 8 0
3475| 1,2 12 0
3476| 1,5 16 0
3477| 1,8 20 0
3478| 1,8 24 0
3479| 1,8 28 0
3480| 1,8 32 0
3481| 1,8 36 0
3482| 1,8 40 0
3483| 1,8 43,99999 0
3484| 1,8 47,99999 0
3485| 2,1 51,99999 0
3486| 2,4 55,99999 0
3487| 2,7 60 0
3488| 3 64 0
3489| 3,299999 68 0
3490| 3,599999 72 0
3491| 3,899999 76,00001 0
3492| 4,2 80,00001 0
3493| 4,5 84,00001 0
3494| 4,8 88,00002 0
3495| 5,1 92,00002 0
3496| 5,4 96,00002 0
3497| 5,4 100 0
3498| 5,4 104 0
3499| 5,4 108 0
3500| 5,4 112 0
3501| 5,4 116 0
3502| 5,4 120 0
3503| 5,4 124 0
3504| 5,4 128 0
3505| 5,4 132 0
3506| 5,4 136 0
3507| 5,4 140 0
3508| 5,4 144 0
3509| 5,4 148 0
3510| 5,4 152 0
3511| 5,4 156 0
3512| 5,4 160 0
3513| 5,4 164 0
3514| 0 0 0
3515| 0 0 0
3516| 0 0 0
3517| 0 0 0
3518| 0 0 0
3519| 0 0 0
3520| 0 0 0
3521| 0 0 0
3522| 0 0 0
3523| 0 0 0
3524| 0 0 0
3525| 0 0 0
3526| 0 0 0
3527| 0 0 0
3528| 0 4 0
3529| 0 8 0
3530| 0 12 0
3531| 0 16 0
3532| 0 20 0
3533| 0 24 0
3534| 0,3 28 0
3535| 0,6 32 0
3536| 0,9 36 0
3537| 1,2 40 0
3538| 1,5 43,99999 0
3539| 1,8 47,99999 0
3540| 2,1 51,99999 0
3541| 2,4 55,99999 0
3542| 2,7 60 0
3543| 3 64 0
3544| 3 68 0
3545| 3 72 0
3546| 3 76,00001 0
3547| 3 80,00001 0
3548| 3 84,00001 0
3549| 3 88,00002 0
3550| 3 92,00002 0
3551| 3 96,00002 0
3552| 3 100 0
3553| 3 104 0
3554| 3 108 0
3555| 3 112 0
3556| 3 116 0
3557| 3 120 0
3558| 3 124 0
3559| 3 128 0
3560| 3 132 0
3561| 3 136 0
3562| 3 140 0
3563| 3 144 0
3564| 0 0 0
3565| 0 0 0
3566| 0 0 0
3567| 0 0 0
3568| 0 0 0
3569| 0 0 0
3570| 0 0 0
3571| 0 0 0
3572| 0 0 0
3573| 0 0 0
3574| 0 0 0
3575| 0 0 0
3576| 0 0 0
3577| 0 0 0
3578| 0 0 0
3579| 0 0 0
3580| 0 0 0
3581| 0 0 0
3582| 0 0 0
3583| 0 0 0
3584| 0 0 0
3585| 0 0 0
3586| 0 0 0
3587| 0 4 0
3588| 0 8 0
3589| 0 12 0
3590| 0 16 0
3591| 0 20 0
3592| 0 24 0
3593| 0 28 0
3594| 0 32 0
3595| 0 36 0
3596| 0 0 0
3597| 0 0 0
3598| 0 0 0
3599| 0 0 0
3600| 0 0 0
3601| 0 0 0
3602| 0 0 0
3603| 0 4 0
3604| 0 8 0
3605| 0 0 0
3606| 0 0 0
3607| 0 0 0
3608| 0 0 0
3609| 0 0 0
3610| 0 0 0
3611| 0 0 0
3612| 0 0 0
3613| 0 0 0
3614| 0 0 0
3615| 0 0 0
3616| 0 0 0
3617| 0 0 0
3618| 0 0 0
3619| 0 0 0
3620| 0 0 0
3621| 0 0 0
3622| 0 0 0
3623| 0 0 0
3624| 0 0 0
3625| 0 0 0
3626| 0 0 0
3627| 0 0 0
3628| 0 0 0
3629| 0 0 0
3630| 0 0 0
3631| 0 0 0
3632| 0 0 0
3633| 0 0 0
3634| 0 0 0
3635| 0 0 0
3636| 0 0 0
3637| 0 0 0
3638| 0 0 0
3639| 0 0 0
3640| 0 0 0
3641| 0 0 0
3642| 0 0 0
3643| 0 -4 0
3644| 0 -8 0
3645| 0 -12 0
3646| 0 -16 0
3647| 0 -20 0
3648| 0 -24 0
3649| 0 -28 0
3650| 0 -32 0
3651| 0 -36 0
3652| 0 -40 0
3653| 0 -43,99999 0
3654| 0 -47,99999 0
3655| 0 -51,99999 0
3656| 0 -55,99999 0
3657| 0 -60 0
3658| 0 -64 0
3659| 0 -68 0
3660| 0 -72 0
3661| 0 -76,00001 0
3662| 0 -80,00001 0
3663| 0 -84,00001 0
3664| 0 -88,00002 0
3665| 0 -92,00002 0
3666| 0 -96,00002 0
3667| 0 -100 0
3668| 0 -104 0
3669| 0 -108 0
3670| 0 -112 0
3671| 0 -116 0
3672| 0 -120 0
3673| 0 -124 0
3674| 0 -128 0
3675| 0 -132 0
3676| 0 -136 0
3677| 0 -140 0
3678| 0 -144 0
3679| 0 -148 0
3680| 0 -152 0
3681| 0 -156 0
3682| 0 -160 0
3683| 0 -164 0
3684| 0 -168 0
3685| 0 -171,9999 0
3686| 0 -175,9999 0
3687| 0 -179,9999 0
3688| 0 -183,9999 0
3689| 0 -187,9999 0
3690| 0 -191,9999 0
3691| 0 -195,9999 0
3692| 0 -199,9999 0
3693| 0 -203,9999 0
3694| 0 -207,9999 0
3695| 0 -211,9999 0
3696| 0 -215,9999 0
3697| 0 -219,9999 0
3698| 0 -223,9999 0
3699| 0 -227,9999 0
3700| 0 -231,9999 0
3701| 0 -235,9999 0
3702| 0 -239,9999 0
3703| 0 -243,9999 0
3704| 0 -247,9999 0
3705| 0 -251,9999 0
3706| 0 -255,9999 0
3707| 0 -259,9999 0
3708| 0 -263,9999 0
3709| 0 -267,9999 0
3710| 0 -271,9998 0
3711| 0 -275,9998 0
3712| 0 -279,9998 0
3713| 0 -283,9998 0
3714| 0 -287,9998 0
3715| 0 -291,9998 0
3716| 0 -295,9998 0
3717| 0 -299,9998 0
3718| 0 -303,9998 0
3719| 0 -307,9998 0
3720| 0 -311,9998 0
3721| 0 -315,9998 0
3722| 0 -319,9998 0
3723| 0 -323,9998 0
3724| 0 -327,9998 0
3725| 0 -331,9998 0
3726| 0 -335,9998 0
3727| 0 0 0
3728| 0 0 0
3729| 0 0 0
3730| 0 0 0
3731| 0 0 0
3732| 0 0 0
3733| 0 0 0
3734| 0 0 0
3735| 0 0 0
3736| 0 0 0
3737| 0 0 0
3738| 0 0 0
3739| 0 0 0
3740| 0 0 0
3741| 0 0 0
3742| 0 0 0
3743| 0 0 0
3744| 0 0 0
3745| 0 -4 0
3746| 0 -8 0
3747| 0 -12 0
3748| 0 -16 0
3749| 0 -20 0
3750| 0 -24 0
3751| 0 -28 0
3752| 0 0 0
3753| 0 0 0
3754| 0 0 0
3755| 0 0 0
3756| 0 0 0
3757| 0 0 0
3758| 0 0 0
3759| 0 0 0
3760| 0 0 0
3761| 0 0 0
3762| 0 0 0
3763| 0 0 0
3764| 0 0 0
3765| 0 0 0
3766| 0 0 0
3767| 0 0 0
3768| 0 0 0
3769| 0 0 0
3770| 0 0 0
3771| 0 0 0
3772| 0 0 0
3773| 0 0 0
3774| 0 0 0
3775| 0 0 0
3776| 0 0 0
3777| 0 0 0
3778| 0 -4 0
3779| 0 -8 0
3780| 0 -12 0
3781| 0 -16 0
3782| 0 0 0
3783| 0 0 0
3784| 0 0 0
3785| 0 0 0
3786| 0 0 0
3787| 0 0 0
3788| 0 -4 0
3789| 0 -8 0
3790| 0 -12 0
3791| 0 -16 0
3792| 0 -20 0
3793| 0 -24 0
3794| 0 -28 0
3795| 0 -32 0
3796| 0 -36 0
3797| 0 -40 0
3798| 0 -43,99999 0
3799| 0 -47,99999 0
3800| 0 -51,99999 0
3801| 0 -55,99999 0
3802| 0 -60 0
3803| 0 -64 0
3804| 0 -68 0
3805| 0 -72 0
3806| 0 -76,00001 0
3807| 0 -80,00001 0
3808| 0 0 0
3809| 0 0 0
3810| 0 0 0
3811| 0 0 0
3812| 0 0 0
3813| 0 0 0
3814| 0 0 0
3815| 0 0 0
3816| 0 -4 0
3817| 0 -8 0
3818| 0 -12 0
3819| 0 -16 0
3820| 0 -20 0
3821| -0,3 -24 0
3822| -0,6 -28 0
3823| -0,9 -32 0
3824| -1,2 -36 0
3825| -1,5 -40 0
3826| -1,8 -43,99999 0
3827| -2,1 -47,99999 0
3828| -2,4 -51,99999 0
3829| -2,4 -55,99999 0
3830| -2,4 -60 0
3831| -2,4 -64 0
3832| -2,4 -68 0
3833| -2,4 -72 0
3834| -2,4 -76,00001 0
3835| -2,4 -80,00001 0
3836| -2,4 -84,00001 0
3837| -2,4 -88,00002 0
3838| -2,4 -92,00002 0
3839| -2,4 -96,00002 0
3840| -2,4 -100 0
3841| -2,4 -104 0
3842| -2,4 -108 0
3843| -2,4 -112 0
3844| -2,4 -116 0
3845| -2,4 -120 0
3846| -2,4 -124 0
3847| -2,4 -128 0
3848| -2,7 -132 0
3849| -3 -136 0
3850| -3,299999 -140 0
3851| -3,599999 -144 0
3852| -3,899999 -148 0
3853| -3,899999 -152 0
3854| -3,899999 -156 0
3855| -3,899999 -160 0
3856| -3,899999 -164 0
3857| -3,899999 -168 0
3858| -3,899999 -171,9999 0
3859| -3,899999 -175,9999 0
3860| -3,899999 -179,9999 0
3861| -3,899999 -183,9999 0
3862| -3,899999 -187,9999 0
3863| -3,899999 -191,9999 0
3864| -3,899999 -195,9999 0
3865| -3,899999 -199,9999 0
3866| -3,899999 -203,9999 0
3867| -3,899999 -207,9999 0
3868| -3,899999 -211,9999 0
3869| -3,899999 -215,9999 0
3870| -3,899999 -219,9999 0
3871| -3,899999 -223,9999 0
3872| -3,899999 -227,9999 0
3873| -3,899999 -231,9999 0
3874| -3,899999 -235,9999 0
3875| -3,899999 -239,9999 0
3876| -3,899999 -243,9999 0
3877| -3,899999 -247,9999 0
3878| -3,899999 -251,9999 0
3879| -3,899999 -255,9999 0
3880| -3,899999 -259,9999 0
3881| -3,899999 -263,9999 0
3882| -3,899999 -267,9999 0
3883| -3,899999 -271,9998 0
3884| -3,899999 -275,9998 0
3885| -3,899999 -279,9998 0
3886| -3,899999 -283,9998 0
3887| -3,899999 -287,9998 0
3888| -3,899999 -291,9998 0
3889| -3,899999 -295,9998 0
3890| 0 0 0
3891| 0 0 0
3892| 0 0 0
3893| 0 0 0
3894| 0 0 0
3895| 0 0 0
3896| 0 0 0
3897| 0 0 0
3898| 0 0 0
3899| 0 0 0
3900| 0 0 0
3901| 0 0 0
3902| 0,3 0 0
3903| 0,6 0 0
3904| 0 0 0
3905| 0 0 0
3906| 0 0 0
3907| 0 0 0
3908| 0 0 0
3909| 0 0 0
3910| 0 0 0
3911| 0 0 0
3912| 0 0 0
3913| 0 0 0
3914| 0 0 0
3915| 0 0 0
3916| 0 0 0
3917| 0 0 0
3918| 0 0 0
3919| 0 0 0
3920| 0 0 0
3921| 0 0 0
3922| 0 0 0
3923| 0 0 0
3924| 0 0 0
3925| 0 0 0
3926| 0 0 0
3927| 0 0 0
3928| 0 0 0
3929| 0 0 0
3930| 0 0 0
3931| 0 0 0
3932| 0 0 0
3933| 0 0 0
3934| 0 0 0
3935| 0 0 0
3936| 0 0 0
3937| -0,3 0 0
3938| -0,6 0 0
3939| -0,9 0 0
3940| -1,2 0 0
3941| -1,5 0 0
3942| -1,8 0 0
3943| -2,1 0 0
3944| 0 0 0
3945| 0 0 0
3946| 0 0 0
3947| 0 0 0
3948| 0 0 0
3949| 0 0 0
3950| 0 0 0
3951| 0 0 0
3952| 0 -4 0
3953| -0,3 -8 0
3954| -0,6 -12 0
3955| -0,9 -16 0
3956| -1,2 -20 0
3957| -1,5 -24 0
3958| -1,8 -28 0
3959| -1,8 -32 0
3960| -1,8 -36 0
3961| -1,8 -40 0
3962| -1,8 -43,99999 0
3963| -1,8 -47,99999 0
3964| -1,8 -51,99999 0
3965| -1,8 -55,99999 0
3966| -1,8 -60 0
3967| -1,8 -64 0
3968| -1,8 -68 0
3969| -1,8 -72 0
3970| -1,8 -76,00001 0
3971| -1,8 -80,00001 0
3972| -2,1 -84,00001 0
3973| -2,4 -88,00002 0
3974| -2,4 -92,00002 0
3975| -2,4 -96,00002 0
3976| -2,4 -100 0
3977| 0 0 0
3978| 0 0 0
3979| 0 0 0
3980| 0 0 0
3981| 0 0 0
3982| 0 0 0
3983| 0 0 0
3984| -0,3 0 0
3985| -0,6 0 0
3986| -0,9 0 0
3987| -1,2 0 0
3988| -1,5 0 0
3989| -1,8 0 0
3990| -2,1 0 0
3991| -2,4 0 0
3992| -2,7 0 0
3993| -3 -4 0
3994| -3,299999 -8 0
3995| -3,599999 -12 0
3996| -3,899999 -16 0
3997| 0 0 0
3998| 0 0 0
3999| 0 0 0
4000| 0 0 0
4001| 0 0 0
4002| -0,3 0 0
4003| -0,6 0 0
4004| -0,9 0 0
4005| -1,2 0 0
4006| -1,5 0 0
4007| -1,8 0 0
4008| -2,1 0 0
4009| -2,4 0 0
4010| -2,7 0 0
4011| 0 0 0
4012| 0 0 0
4013| 0 0 0
4014| 0 0 0
4015| 0 0 0
4016| -0,3 0 0
4017| -0,6 0 0
4018| -0,9 0 0
4019| -1,2 0 0
4020| -1,5 0 0
4021| -1,8 0 0
4022| 0 0 0
4023| 0 0 0
4024| 0 0 0
4025| 0 0 0
4026| 0 0 0
4027| 0 0 0
4028| 0 -4 0
4029| 0 -8 0
4030| 0 -12 0
4031| 0 -16 0
4032| 0 -20 0
4033| -0,3 -24 0
4034| -0,6 -28 0
4035| -0,9 -32 0
4036| -1,2 -36 0
4037| -1,5 -40 0
4038| -1,8 -43,99999 0
4039| -2,1 -47,99999 0
4040| -2,4 -51,99999 0
4041| -2,7 -55,99999 0
4042| -3 -60 0
4043| -3,299999 -64 0
4044| -3,599999 -68 0
4045| -3,899999 -72 0
4046| -4,2 -76,00001 0
4047| -4,5 -80,00001 0
4048| -4,8 -84,00001 0
4049| -5,1 -88,00002 0
4050| -5,4 -92,00002 0
4051| -5,7 -96,00002 0
4052| -6 -100 0
4053| -6,300001 -104 0
4054| -6,600001 -108 0
4055| -6,600001 -112 0
4056| -6,600001 -116 0
4057| -6,600001 -120 0
4058| -6,600001 -124 0
4059| -6,600001 -128 0
4060| -6,900001 -132 0
4061| -7,200001 -136 0
4062| -7,500001 -140 0
4063| -7,800001 -144 0
4064| -8,1 -148 0
4065| -8,4 -152 0
4066| -8,7 -156 0
4067| -8,7 -160 0
4068| -8,7 -164 0
4069| -8,7 -168 0
4070| -8,7 -171,9999 0
4071| -8,7 -175,9999 0
4072| -8,7 -179,9999 0
4073| -8,7 -183,9999 0
4074| -8,7 -187,9999 0
4075| -8,7 -191,9999 0
4076| -8,7 -195,9999 0
4077| -8,7 -199,9999 0
4078| 0 -203,9999 0
4079| 0,3 -207,9999 0
4080| 0,6 -211,9999 0
4081| 0,6 -215,9999 0
4082| 0,6 -219,9999 0
4083| 0,6 -223,9999 0
4084| 0,6 -227,9999 0
4085| 0,6 -231,9999 0
4086| 0,6 -235,9999 0
4087| 0,6 -239,9999 0
4088| 0,6 -243,9999 0
4089| 0,9 -247,9999 0
4090| 1,2 -251,9999 0
4091| 1,5 -255,9999 0
4092| 1,8 -259,9999 0
4093| 2,1 -263,9999 0
4094| 2,4 -267,9999 0
4095| 2,7 -271,9998 0
4096| 3 -275,9998 0
4097| 3 -279,9998 0
4098| 3 -283,9998 0
4099| 3,299999 -287,9998 0
4100| 3,599999 -291,9998 0
4101| 3,899999 -295,9998 0
4102| 4,2 -299,9998 0
4103| 4,5 -303,9998 0
4104| 4,8 -307,9998 0
4105| 5,1 -311,9998 0
4106| 5,4 -315,9998 0
4107| 5,7 -315,9998 0
4108| 6 -315,9998 0
4109| 6,300001 -315,9998 0
4110| 6,600001 -315,9998 0
4111| 6,900001 -315,9998 0
4112| 7,200001 -315,9998 0
4113| 7,500001 -315,9998 0
4114| 7,800001 -315,9998 0
4115| 8,1 -315,9998 0
4116| 8,4 -315,9998 0
4117| 8,7 -315,9998 0
4118| 8,999999 -315,9998 0
4119| 9,299999 -315,9998 0
4120| 9,599998 -315,9998 0
4121| 9,899999 -315,9998 0
4122| 10,2 -315,9998 0
4123| 10,5 -315,9998 0
4124| 10,8 -315,9998 0
4125| 11,1 -315,9998 0
4126| 11,4 -315,9998 0
4127| 11,7 -315,9998 0
4128| 12 -315,9998 0
4129| 12,3 -315,9998 0
4130| 0 0 0
4131| 0 0 0
4132| 0 0 0
4133| 0 4 0
4134| 0 0 0
4135| 0 0 0
4136| 0 0 0
4137| 0,3 0 0
4138| 0,6 0 0
4139| 0,9 0 0
4140| 0,9 0 0
4141| 0,9 4 0
4142| 1,2 8 0
4143| 1,5 12 0
4144| 1,8 16 0
4145| 2,1 20 0
4146| 2,4 24 0
4147| 2,7 24 0
4148| 3 24 0
4149| 3,299999 24 0
4150| 3,599999 24 0
4151| 3,899999 24 0
4152| 4,2 24 0
4153| 4,5 24 0
4154| 4,8 24 0
4155| 5,1 24 0
4156| 5,4 24 0
4157| 5,7 24 0
4158| 6 28 0
4159| 6,300001 32 0
4160| 6,600001 36 0
4161| 6,900001 40 0
4162| 7,200001 40 0
4163| 7,500001 40 0
4164| 7,800001 40 0
4165| 8,1 40 0
4166| 8,4 40 0
4167| 8,7 43,99999 0
4168| 8,999999 47,99999 0
4169| 9,299999 47,99999 0
4170| 9,599998 47,99999 0
4171| 9,899999 47,99999 0
4172| 10,2 51,99999 0
4173| 10,5 55,99999 0
4174| 10,8 55,99999 0
4175| 11,1 55,99999 0
4176| 11,4 55,99999 0
4177| 11,7 55,99999 0
4178| 12 55,99999 0
4179| 12,3 55,99999 0
4180| 12,6 55,99999 0
4181| 12,9 55,99999 0
4182| 13,2 55,99999 0
4183| 13,5 55,99999 0
4184| 13,79999 55,99999 0
4185| 14,09999 55,99999 0
4186| 14,39999 55,99999 0
4187| 14,69999 55,99999 0
4188| 14,99999 55,99999 0
4189| 15,29999 55,99999 0
4190| 15,59999 55,99999 0
4191| 15,89999 55,99999 0
4192| 16,19999 55,99999 0
4193| 16,49999 55,99999 0
4194| 16,79999 55,99999 0
4195| 17,09999 55,99999 0
4196| 17,39999 55,99999 0
4197| 17,69999 55,99999 0
4198| 0 0 0
4199| 0 0 0
4200| 0 0 0
4201| 0 0 0
4202| 0 0 0
4203| 0 0 0
4204| 0 0 0
4205| 0 0 0
4206| 0 0 0
4207| 0 0 0
4208| 0 0 0
4209| 0 0 0
4210| 0 0 0
4211| 0 0 0
4212| 0 0 0
4213| 0 0 0
4214| 0 0 0
4215| 0 0 0
4216| 0 0 0
4217| 0 0 0
4218| 0 0 0
4219| 0 0 0
4220| 0 0 0
4221| 0 0 0
4222| 0 0 0
4223| 0 0 0
4224| 0 0 0
4225| 0 0 0
4226| 0 -4 0
4227| 0 -8 0
4228| 0 -12 0
4229| 0 -16 0
4230| 0 -20 0
4231| 0 -24 0
4232| 0 -28 0
4233| 0 -32 0
4234| 0 -36 0
4235| 0 -40 0
4236| 0 -43,99999 0
4237| 0 -47,99999 0
4238| 0 -51,99999 0
4239| 0 -55,99999 0
4240| 0 -60 0
4241| 0 -64 0
4242| 0 -68 0
4243| 0 -72 0
4244| 0 -76,00001 0
4245| 0 -80,00001 0
4246| 0 -84,00001 0
4247| 0 -88,00002 0
4248| 0 -92,00002 0
4249| 0 -96,00002 0
4250| 0 -100 0
4251| 0 -104 0
4252| 0 -108 0
4253| 0 -112 0
4254| 0 -116 0
4255| 0 -120 0
4256| 0 -124 0
4257| 0 -128 0
4258| 0 -132 0
4259| 0 -136 0
4260| 0 -140 0
4261| 0 -144 0
4262| 0 -148 0
4263| 0 -152 0
4264| 0 -156 0
4265| 0 -160 0
4266| 0 -164 0
4267| 0 -168 0
4268| 0 -171,9999 0
4269| 0 0 0
4270| 0 0 0
4271| 0 0 0
4272| 0 0 0
4273| 0 0 0
4274| 0 0 0
4275| 0 0 0
4276| 0 0 0
4277| 0 0 0
4278| 0 0 0
4279| 0 0 0
4280| 0 0 0
4281| 0 0 0
4282| 0 0 0
4283| 0 0 0
4284| 0 0 0
4285| 0 0 0
4286| 0 0 0
4287| 0 0 0
4288| 0 0 0
4289| 0 0 0
4290| 0 0 0
4291| 0 0 0
4292| 0 0 0
4293| 0 0 0
4294| 0 0 0
4295| 0 0 0
4296| 0 0 0
4297| 0 0 0
4298| 0 0 0
4299| 0 0 0
4300| 0 4 0
4301| 0 8 0
4302| 0 12 0
4303| 0 16 0
4304| 0 20 0
4305| 0 24 0
4306| 0 28 0
4307| 0 32 0
4308| 0 36 0
4309| 0 40 0
4310| 0 43,99999 0
4311| 0 47,99999 0
4312| 0 51,99999 0
4313| 0 55,99999 0
4314| 0 60 0
4315| 0 64 0
4316| 0 68 0
4317| 0 72 0
4318| 0 76,00001 0
4319| 0 80,00001 0
4320| 0 84,00001 0
4321| 0 88,00002 0
4322| 0 92,00002 0
4323| 0 96,00002 0
4324| 0 100 0
4325| 0 104 0
4326| 0 108 0
4327| 0 112 0
4328| 0 116 0
4329| 0 120 0
4330| 0 124 0
4331| 0 128 0
4332| 0 132 0
4333| 0 136 0
4334| 0 140 0
4335| 0 144 0
4336| 0 148 0
4337| 0 152 0
4338| 0 156 0
4339| 0 160 0
4340| 0 164 0
4341| 0 168 0
4342| 0 171,9999 0
4343| 0 175,9999 0
4344| 0 179,9999 0
4345| 0 183,9999 0
4346| 0 187,9999 0
4347| 0 191,9999 0
4348| 0 195,9999 0
4349| 0 199,9999 0
4350| 0 203,9999 0
4351| 0 207,9999 0
4352| 0 211,9999 0
4353| 0 215,9999 0
4354| 0 219,9999 0
4355| 0 223,9999 0
4356| 0 227,9999 0
4357| 0 231,9999 0
4358| 0 0 0
4359| 0 0 0
4360| 0 0 0
4361| 0 0 0
4362| 0 0 0
4363| 0 0 0
4364| 0 0 0
4365| 0 0 0
4366| 0 0 0
4367| 0 0 0
4368| 0 0 0
4369| 0 0 0
4370| 0 0 0
4371| 0 0 0
4372| 0 0 0
4373| 0 0 0
4374| 0 0 0
4375| 0 0 0
4376| 0 0 0
4377| 0 0 0
4378| 0 0 0
4379| 0 0 0
4380| 0 0 0
4381| 0 0 0
4382| 0 0 0
4383| 0 0 0
4384| 0 0 0
4385| 0 0 0
4386| 0 0 0
4387| 0 0 0
4388| 0 0 0
4389| 0 0 0
4390| 0 0 0
4391| 0 0 0
4392| 0 0 0
4393| 0 0 0
4394| 0 0 0
4395| 0 0 0
4396| 0 0 0
4397| 0 0 0
4398| 0 0 0

