1| 0 0 0
2| 0 0 0
3| 0 0 0
4| 0 0 0
5| 0 0 0
6| 0 0 0
7| 0 0 0
8| 0 0 0
9| 0 0 0
10| 0 0 0
11| 0 0 0
12| 0 0 0
13| 0 0 0
14| 0 0 0
15| 0 0 0
16| 0 0 0
17| 0 0 0
18| 0 0 0
19| 0 0 0
20| 0 0 0
21| 0 0 0
22| 0 0 0
23| 0 0 0
24| 0 0 0
25| 0 0 0
26| 0 0 0
27| 0 0 0
28| 0 0 0
29| 0 0 0
30| 0 0 0
31| 0 0 0
32| 0 0 0
33| 0 0 0
34| 0 0 0
35| 0 0 0
36| 0 0 0
37| 0 0 0
38| 0 0 0
39| 0 0 0
40| 0 0 0
41| 0 0 0
42| 0 0 0
43| 0 0 0
44| 0 0 0
45| 0 0 0
46| 0 0 0
47| 0 0 0
48| 0 0 0
49| 0 0 0
50| 0 0 0
51| 0 0 0
52| 0 0 0
53| 0 0 0
54| 0 0 0
55| 0 0 0
56| 0 0 0
57| 0 0 0
58| 0 0 0
59| 0 0 0
60| 0 0 0
61| 0 0 0
62| 0 0 0
63| 0 0 0
64| 0 0 0
65| 0 0 0
66| 0 0 0
67| 0 0 0
68| 0 0 0
69| 0 0 0
70| 0 0 0
71| 0 0 0
72| 0 0 0
73| 0 0 0
74| 0 0 0
75| 0 0 0
76| 0 0 0
77| 0 0 0
78| 0 0 0
79| 0 0 0
80| 0 0 0
81| 0 0 0
82| 0 0 0
83| 0 0 0
84| 0 0 0
85| 0 0 0
86| 0 0 0
87| 0 0 0
88| 0 0 0
89| 0 0 0
90| 0 0 0
91| 0 0 0
92| 0 0 0
93| 0 0 0
94| 0 0 0
95| 0 0 0
96| 0 0 0
97| 0 0 0
98| 0 0 0
99| 0 0 0
100| 0 0 0
101| 0 0 0
102| 0 0 0
103| 0 0 0
104| 0 4 0
105| 0 8 0
106| 0 12 0
107| 0 16 0
108| 0 20 0
109| 0 0 0
110| 0 0 0
111| 0 0 0
112| 0 0 0
113| 0 0 0
114| 0 0 0
115| 0 0 0
116| 0 0 0
117| 0 0 0
118| 0 4 0
119| 0 8 0
120| 0 12 0
121| 0 16 0
122| 0 20 0
123| 0 24 0
124| 0 28 0
125| 0 32 0
126| 0 36 0
127| 0 40 0
128| 0 43,99999 0
129| 0 47,99999 0
130| 0 51,99999 0
131| 0 55,99999 0
132| 0 60 0
133| 0 64 0
134| 0 68 0
135| 0 72 0
136| 0 76,00001 0
137| 0 80,00001 0
138| 0 84,00001 0
139| 0 88,00002 0
140| 0 92,00002 0
141| 0 96,00002 0
142| 0 100 0
143| 0 104 0
144| 0 108 0
145| 0 112 0
146| 0 116 0
147| 0 120 0
148| 0 124 0
149| 0 128 0
150| 0 132 0
151| 0 136 0
152| 0 140 0
153| 0 144 0
154| 0 148 0
155| 0 152 0
156| 0 156 0
157| 0 160 0
158| 0 164 0
159| 0 168 0
160| 0 171,9999 0
161| 0 175,9999 0
162| 0 179,9999 0
163| 0 183,9999 0
164| 0 187,9999 0
165| 0 191,9999 0
166| 0 195,9999 0
167| 0 199,9999 0
168| 0 203,9999 0
169| 0 207,9999 0
170| 0 211,9999 0
171| 0 215,9999 0
172| 0 219,9999 0
173| 0 223,9999 0
174| 0 227,9999 0
175| 0 231,9999 0
176| 0 235,9999 0
177| 0 239,9999 0
178| 0 243,9999 0
179| 0 247,9999 0
180| 0 251,9999 0
181| 0 255,9999 0
182| 0 259,9999 0
183| 0 263,9999 0
184| 0 267,9999 0
185| 0 271,9998 0
186| 0 275,9998 0
187| 0 279,9998 0
188| 0 283,9998 0
189| 0 287,9998 0
190| 0 291,9998 0
191| 0 295,9998 0
192| 0 299,9998 0
193| 0 303,9998 0
194| 0 307,9998 0
195| 0 311,9998 0
196| 0 315,9998 0
197| 0 319,9998 0
198| 0 323,9998 0
199| 0 327,9998 0
200| 0 331,9998 0
201| 0 335,9998 0
202| 0 339,9998 0
203| 0 343,9998 0
204| 0 347,9998 0
205| 0 351,9998 0
206| 0 355,9998 0
207| 0 359,9998 0
208| 0 363,9998 0
209| 0 367,9998 0
210| 0 371,9998 0
211| 0 375,9998 0
212| 0 379,9998 0
213| 0 383,9998 0
214| 0 387,9998 0
215| 0 391,9998 0
216| 0 395,9998 0
217| 0 399,9997 0
218| 0 400 0
219| 0 400 0
220| 0 400 0
221| 0 400 0
222| 0 400 0
223| 0 400 0
224| 0 400 0
225| 0 400 0
226| 0 400 0
227| 0 400 0
228| 0 400 0
229| 0 400 0
230| 0 400 0
231| 0 400 0
232| 0 400 0
233| 0 400 0
234| 0 400 0
235| 0 400 0
236| 0 400 0
237| 0 400 0
238| 0 400 0
239| 0 400 0
240| 0 400 0
241| 0 400 0
242| 0 400 0
243| 0 400 0
244| 0 400 0
245| 0 400 0
246| 0 400 0
247| 0 0 0
248| 0 0 0
249| 0 0 0
250| 0 0 0
251| 0 0 0
252| 0 0 0
253| 0 0 0
254| 0 0 0
255| 0 0 0
256| 0 0 0
257| 0 0 0
258| 0,3 0 0
259| 0,6 0 0
260| 0,9 0 0
261| 1,2 0 0
262| 1,5 0 0
263| 1,8 0 0
264| 2,1 0 0
265| 2,4 0 0
266| 2,7 0 0
267| 0 0 0
268| 0 0 0
269| 0 0 0
270| 0 0 0
271| 0 0 0
272| 0 0 0
273| 0 0 0
274| 0 0 0
275| 0,3 0 0
276| 0,6 0 0
277| 0,9 0 0
278| 1,2 0 0
279| 1,5 0 0
280| 1,8 0 0
281| 2,1 0 0
282| 2,4 0 0
283| 2,7 0 0
284| 3 0 0
285| 3,299999 0 0
286| 3,599999 0 0
287| 3,899999 0 0
288| 4,2 0 0
289| 4,5 0 0
290| 4,8 0 0
291| 5,1 0 0
292| 5,4 0 0
293| 5,7 0 0
294| 6 0 0
295| 6,300001 0 0
296| 6,600001 0 0
297| 6,900001 0 0
298| 7,200001 0 0
299| 7,500001 0 0
300| 7,800001 0 0
301| 8,1 0 0
302| 8,4 0 0
303| 8,7 0 0
304| 8,999999 0 0
305| 9,299999 0 0
306| 9,599998 0 0
307| 9,899999 0 0
308| 10,2 0 0
309| 0 0 0
310| 0 0 0
311| 0 0 0
312| 0 0 0
313| 0 0 0
314| 0 0 0
315| 0 0 0
316| 0 0 0
317| 0 0 0
318| 0 0 0
319| 0 0 0
320| 0 0 0
321| 0 0 0
322| 0 0 0
323| 0 0 0
324| 0 0 0
325| 0 0 0
326| 0 0 0
327| 0 0 0
328| 0 0 0
329| 0 4 0
330| 0 8 0
331| 0 12 0
332| 0 16 0
333| 0 20 0
334| 0 24 0
335| 0 28 0
336| 0 32 0
337| 0 36 0
338| 0 40 0
339| 0 43,99999 0
340| 0 47,99999 0
341| 0 51,99999 0
342| 0 55,99999 0
343| 0 60 0
344| 0 64 0
345| 0 68 0
346| 0 72 0
347| 0 76,00001 0
348| 0 80,00001 0
349| 0 84,00001 0
350| 0 88,00002 0
351| 0 92,00002 0
352| 0 0 0
353| 0 0 0
354| 0 0 0
355| 0 0 0
356| 0 0 0
357| 0 0 0
358| 0 0 0
359| 0 0 0
360| 0 0 0
361| 0 0 0
362| 0 4 0
363| 0 8 0
364| 0 12 0
365| 0 16 0
366| 0 20 0
367| 0 24 0
368| 0 28 0
369| 0 32 0
370| 0 36 0
371| 0 40 0
372| 0 43,99999 0
373| 0 47,99999 0
374| 0 51,99999 0
375| 0 55,99999 0
376| 0 60 0
377| 0 64 0
378| 0 68 0
379| 0 72 0
380| 0 76,00001 0
381| 0 80,00001 0
382| 0 84,00001 0
383| 0 88,00002 0
384| 0 92,00002 0
385| 0 96,00002 0
386| 0 100 0
387| 0 104 0
388| 0 108 0
389| 0 112 0
390| 0 116 0
391| 0 120 0
392| 0 124 0
393| 0 128 0
394| 0 132 0
395| 0 136 0
396| 0 140 0
397| 0 144 0
398| 0 148 0
399| 0 152 0
400| 0 156 0
401| 0 160 0
402| 0 164 0
403| 0 0 0
404| 0 0 0
405| 0 0 0
406| 0 0 0
407| 0 0 0
408| 0 0 0
409| 0,3 0 0
410| 0,6 0 0
411| 0,9 0 0
412| 1,2 0 0
413| 1,5 0 0
414| 1,8 0 0
415| 2,1 0 0
416| 2,4 0 0
417| 2,7 0 0
418| 3 0 0
419| 3,299999 0 0
420| 3,599999 0 0
421| 3,899999 0 0
422| 4,2 0 0
423| 4,5 0 0
424| 4,8 0 0
425| 5,1 0 0
426| 5,4 0 0
427| 5,7 0 0
428| 6 0 0
429| 6,300001 0 0
430| 6,600001 0 0
431| 6,900001 0 0
432| 7,200001 0 0
433| 7,500001 0 0
434| 7,800001 0 0
435| 8,1 0 0
436| 8,4 0 0
437| 8,7 0 0
438| 8,999999 0 0
439| 9,299999 0 0
440| 9,599998 0 0
441| 9,899999 0 0
442| 10,2 0 0
443| 10,5 0 0
444| 10,8 0 0
445| 11,1 0 0
446| 11,4 0 0
447| 11,7 0 0
448| 12 0 0
449| 12,3 0 0
450| 12,6 0 0
451| 12,9 0 0
452| 0 0 0
453| 0 0 0
454| 0 0 0
455| 0 0 0
456| 0 0 0
457| 0 0 0
458| 0 4 0
459| 0 8 0
460| 0 12 0
461| 0 16 0
462| 0 20 0
463| 0 24 0
464| 0 28 0
465| 0 32 0
466| 0 36 0
467| 0 40 0
468| 0 43,99999 0
469| 0 47,99999 0
470| 0 51,99999 0
471| 0 55,99999 0
472| 0 60 0
473| 0 64 0
474| 0 68 0
475| 0 72 0
476| 0 76,00001 0
477| 0 80,00001 0
478| 0 84,00001 0
479| 0 0 0
480| 0 0 0
481| 0 0 0
482| 0 0 0
483| 0 0 0
484| 0 0 0
485| 0 4 0
486| 0 8 0
487| 0 12 0
488| 0 16 0
489| 0 20 0
490| 0 24 0
491| 0 28 0
492| 0 32 0
493| 0 36 0
494| 0 40 0
495| 0 43,99999 0
496| 0 47,99999 0
497| 0 51,99999 0
498| 0 55,99999 0
499| 0 60 0
500| 0 64 0
501| 0 68 0
502| 0 72 0
503| 0 76,00001 0
504| 0 80,00001 0
505| 0 84,00001 0
506| 0 88,00002 0
507| 0 92,00002 0
508| 0 96,00002 0
509| 0 100 0
510| 0 104 0
511| 0 108 0
512| 0 112 0
513| 0 116 0
514| 0 120 0
515| 0 124 0
516| 0 128 0
517| 0 132 0
518| 0 136 0
519| 0 140 0
520| 0 144 0
521| 0 148 0
522| 0 152 0
523| 0 156 0
524| 0 160 0
525| 0 164 0
526| 0 168 0
527| 0 171,9999 0
528| 0 175,9999 0
529| 0 179,9999 0
530| 0 183,9999 0
531| 0 187,9999 0
532| 0 191,9999 0
533| 0 195,9999 0
534| 0 199,9999 0
535| 0 203,9999 0
536| 0 207,9999 0
537| 0 211,9999 0
538| 0 215,9999 0
539| 0 219,9999 0
540| 0 223,9999 0
541| 0 227,9999 0
542| 0 231,9999 0
543| 0 235,9999 0
544| 0 239,9999 0
545| 0 243,9999 0
546| 0 247,9999 0
547| 0 251,9999 0
548| 0 255,9999 0
549| 0 259,9999 0
550| 0 263,9999 0
551| 0 267,9999 0
552| 0 271,9998 0
553| 0 275,9998 0
554| 0 279,9998 0
555| 0 283,9998 0
556| 0 287,9998 0
557| 0 291,9998 0
558| 0 295,9998 0
559| 0 299,9998 0
560| 0 303,9998 0
561| 0 307,9998 0
562| 0 311,9998 0
563| 0 315,9998 0
564| 0 319,9998 0
565| 0 323,9998 0
566| 0 327,9998 0
567| 0 331,9998 0
568| 0 335,9998 0
569| 0 339,9998 0
570| 0 343,9998 0
571| 0 347,9998 0
572| 0 351,9998 0
573| 0 355,9998 0
574| 0 359,9998 0
575| 0 363,9998 0
576| 0 367,9998 0
577| 0 371,9998 0
578| 0 375,9998 0
579| 0 379,9998 0
580| 0 383,9998 0
581| 0 387,9998 0
582| 0 391,9998 0
583| 0 395,9998 0
584| 0 399,9997 0
585| 0 400 0
586| 0 400 0
587| 0 400 0
588| 0 400 0
589| 0 400 0
590| 0 400 0
591| 0 400 0
592| 0 400 0
593| 0 400 0
594| 0 400 0
595| 0 400 0
596| 0 400 0
597| 0 400 0
598| 0 400 0
599| 0 400 0
600| 0 400 0
601| 0 400 0
602| 0 400 0
603| 0 400 0
604| 0 400 0
605| 0 400 0
606| 0 400 0
607| 0 400 0
608| 0 400 0
609| 0 400 0
610| 0 400 0
611| 0 400 0
612| 0 400 0
613| 0 400 0
614| 0 400 0
615| 0 400 0
616| 0 400 0
617| 0 400 0
618| 0 400 0
619| 0 400 0
620| 0 400 0
621| 0 400 0
622| 0 400 0
623| 0 400 0
624| 0 400 0
625| 0 400 0
626| 0 400 0
627| 0 400 0
628| 0 400 0
629| 0 400 0
630| 0 400 0
631| 0 400 0
632| 0 400 0
633| 0 400 0
634| 0 400 0
635| 0 400 0
636| 0 400 0
637| 0 0 0
638| 0 0 0
639| 0 0 0
640| 0 0 0
641| 0 0 0
642| 0 0 0
643| 0 0 0
644| 0 0 0
645| 0 0 0
646| 0 0 0
647| 0 0 0
648| 0 0 0
649| 0 0 0
650| 0 0 0
651| 0 0 0
652| 0 0 0
653| 0 0 0
654| -0,3 0 0
655| -0,6 0 0
656| -0,9 0 0
657| -1,2 0 0
658| -1,5 0 0
659| -1,8 0 0
660| -2,1 0 0
661| -2,4 0 0
662| -2,7 0 0
663| -3 0 0
664| -3,299999 0 0
665| -3,599999 0 0
666| -3,899999 0 0
667| 0 0 0
668| 0 0 0
669| 0 0 0
670| 0 0 0
671| 0 0 0
672| 0 0 0
673| -0,3 0 0
674| -0,6 0 0
675| -0,9 0 0
676| -1,2 0 0
677| 0 0 0
678| 0 0 0
679| 0 0 0
680| 0 0 0
681| 0 0 0
682| 0 0 0
683| 0 0 0
684| 0 4 0
685| 0 8 0
686| 0 12 0
687| 0 16 0
688| 0 20 0
689| 0 24 0
690| 0 28 0
691| 0 32 0
692| 0 36 0
693| 0 40 0
694| 0 43,99999 0
695| 0 47,99999 0
696| 0 51,99999 0
697| 0 55,99999 0
698| 0 60 0
699| 0 64 0
700| 0 68 0
701| 0 72 0
702| 0 76,00001 0
703| 0 80,00001 0
704| 0 84,00001 0
705| 0 88,00002 0
706| 0 92,00002 0
707| 0 96,00002 0
708| 0 100 0
709| 0 104 0
710| 0 108 0
711| 0 112 0
712| 0 116 0
713| 0 120 0
714| 0 124 0
715| 0 128 0
716| 0 132 0
717| 0 136 0
718| 0 140 0
719| 0 144 0
720| 0 148 0
721| 0 152 0
722| 0 156 0
723| 0 160 0
724| 0 0 0
725| 0 0 0
726| 0 0 0
727| 0 0 0
728| 0 0 0
729| 0 0 0
730| 0 0 0
731| 0 0 0
732| 0 0 0
733| 0 0 0
734| 0 0 0
735| 0 0 0
736| 0 0 0
737| 0 0 0
738| 0 0 0
739| 0 0 0
740| 0 0 0
741| 0 0 0
742| 0 0 0
743| 0 0 0
744| 0 0 0
745| -0,3 0 0
746| -0,6 0 0
747| -0,9 0 0
748| -1,2 0 0
749| -1,5 0 0
750| -1,8 0 0
751| -2,1 0 0
752| -2,4 0 0
753| -2,7 0 0
754| -3 0 0
755| -3,299999 0 0
756| -3,599999 0 0
757| -3,899999 0 0
758| -4,2 0 0
759| -4,5 0 0
760| -4,8 0 0
761| -5,1 0 0
762| -5,4 0 0
763| -5,7 0 0
764| -6 0 0
765| -6,300001 0 0
766| -6,600001 0 0
767| -6,900001 0 0
768| -7,200001 0 0
769| 0 0 0
770| 0 0 0
771| 0 0 0
772| 0 0 0
773| 0 0 0
774| 0 0 0
775| 0 0 0
776| 0 0 0
777| -0,3 0 0
778| -0,6 0 0
779| -0,9 0 0
780| -1,2 0 0
781| -1,5 0 0
782| 0 0 0
783| 0 0 0
784| 0 0 0
785| 0 0 0
786| 0 0 0
787| 0 0 0
788| 0 0 0
789| 0 0 0
790| 0 0 0
791| 0 0 0
792| 0 0 0
793| 0 0 0
794| 0 0 0
795| 0 0 0
796| 0 0 0
797| 0 0 0
798| 0 0 0
799| 0 0 0
800| 0 0 0
801| 0 0 0
802| 0 0 0
803| 0 0 0
804| 0 0 0
805| 0 4 0
806| 0 8 0
807| 0 12 0
808| 0 16 0
809| 0 20 0
810| 0 24 0
811| 0 28 0
812| 0 32 0
813| 0 36 0
814| 0 40 0
815| 0 43,99999 0
816| 0 47,99999 0
817| 0 51,99999 0
818| 0,3 55,99999 0
819| 0,6 60 0
820| 0,9 64 0
821| 1,2 68 0
822| 1,2 72 0
823| 1,2 76,00001 0
824| 1,2 80,00001 0
825| 1,2 84,00001 0
826| 1,2 88,00002 0
827| 1,2 92,00002 0
828| 1,2 96,00002 0
829| 1,2 100 0
830| 1,2 104 0
831| 1,2 108 0
832| 1,2 112 0
833| 1,2 116 0
834| 1,2 120 0
835| 1,2 124 0
836| 1,2 128 0
837| 1,2 132 0
838| 1,2 136 0
839| 1,2 140 0
840| 1,2 144 0
841| 1,2 148 0
842| 1,2 152 0
843| 1,2 156 0
844| 1,2 160 0
845| 1,2 164 0
846| 1,2 168 0
847| 1,2 171,9999 0
848| 1,2 175,9999 0
849| 1,2 179,9999 0
850| 1,2 183,9999 0
851| 1,2 187,9999 0
852| 0 0 0
853| 0 0 0
854| 0 0 0
855| 0 0 0
856| 0 0 0
857| 0 4 0
858| 0 8 0
859| 0 12 0
860| 0 16 0
861| 0 20 0
862| 0 24 0
863| 0 28 0
864| 0 32 0
865| 0 36 0
866| 0 40 0
867| 0 43,99999 0
868| 0 47,99999 0
869| 0 51,99999 0
870| 0 55,99999 0
871| 0 0 0
872| 0 0 0
873| 0 0 0
874| 0 0 0
875| 0 0 0
876| 0 0 0
877| 0 0 0
878| 0 0 0
879| 0 0 0
880| 0 0 0
881| 0 4 0
882| 0 8 0
883| 0 12 0
884| 0 16 0
885| 0 20 0
886| 0 24 0
887| 0 28 0
888| 0 32 0
889| 0 36 0
890| 0 40 0
891| 0 43,99999 0
892| 0 47,99999 0
893| 0 51,99999 0
894| 0 55,99999 0
895| 0 60 0
896| 0 64 0
897| 0 68 0
898| 0 72 0
899| 0 76,00001 0
900| 0 80,00001 0
901| 0 84,00001 0
902| 0 88,00002 0
903| 0 92,00002 0
904| 0 96,00002 0
905| 0 100 0
906| 0 104 0
907| 0 108 0
908| 0 112 0
909| 0 116 0
910| 0 120 0
911| 0 124 0
912| 0 128 0
913| 0 132 0
914| 0 136 0
915| 0 140 0
916| 0 144 0
917| 0 148 0
918| 0 152 0
919| 0 156 0
920| 0 160 0
921| 0 164 0
922| 0 168 0
923| 0 171,9999 0
924| 0 175,9999 0
925| 0 179,9999 0
926| 0 183,9999 0
927| 0 187,9999 0
928| 0 191,9999 0
929| 0 195,9999 0
930| 0 199,9999 0
931| 0 203,9999 0
932| 0 0 0
933| 0 0 0
934| 0 0 0
935| 0 0 0
936| 0 0 0
937| 0 0 0
938| 0 0 0
939| 0 0 0
940| 0 0 0
941| 0 0 0
942| 0 0 0
943| 0 4 0
944| -0,3 8 0
945| -0,6 12 0
946| -0,9 16 0
947| -1,2 20 0
948| -1,2 24 0
949| -1,2 28 0
950| -1,2 32 0
951| -1,2 36 0
952| -1,2 40 0
953| -1,2 43,99999 0
954| -1,5 47,99999 0
955| -1,8 51,99999 0
956| -2,1 55,99999 0
957| -2,4 60 0
958| -2,7 64 0
959| -3 68 0
960| -3 72 0
961| -3 76,00001 0
962| -3 80,00001 0
963| -3 84,00001 0
964| -3 88,00002 0
965| -3 92,00002 0
966| -3 96,00002 0
967| -3 100 0
968| -3 104 0
969| -3 108 0
970| -3 112 0
971| -3 116 0
972| -3 120 0
973| -3 124 0
974| -3 128 0
975| -3 132 0
976| -3 136 0
977| -3 140 0
978| -3 144 0
979| -3 148 0
980| -3 152 0
981| -3 156 0
982| -3 160 0
983| -3 164 0
984| -3 168 0
985| -3 171,9999 0
986| -3 175,9999 0
987| -3 179,9999 0
988| -3 183,9999 0
989| -3 187,9999 0
990| -3 191,9999 0
991| -3 195,9999 0
992| -3 199,9999 0
993| -3 203,9999 0
994| -3 207,9999 0
995| -3 211,9999 0
996| -3 215,9999 0
997| -3 219,9999 0
998| -3 223,9999 0
999| 0 0 0
1000| 0 0 0
1001| 0 0 0
1002| 0 0 0
1003| 0 0 0
1004| 0 0 0
1005| 0 0 0
1006| 0 0 0
1007| 0 -4 0
1008| 0 -8 0
1009| 0 -12 0
1010| 0 -16 0
1011| 0 -20 0
1012| 0 -24 0
1013| 0 -28 0
1014| 0 -32 0
1015| 0 -36 0
1016| 0 -40 0
1017| 0 0 0
1018| 0 0 0
1019| 0 0 0
1020| 0 0 0
1021| 0 0 0
1022| 0 0 0
1023| 0 0 0
1024| 0 0 0
1025| 0 0 0
1026| 0 0 0
1027| 0 0 0
1028| 0 0 0
1029| 0 0 0
1030| 0 0 0
1031| 0 0 0
1032| 0 0 0
1033| 0 0 0
1034| 0 0 0
1035| 0 0 0
1036| 0 0 0
1037| 0 0 0
1038| 0,3 0 0
1039| 0,6 0 0
1040| 0,9 0 0
1041| 1,2 0 0
1042| 0 0 0
1043| 0 0 0
1044| 0 0 0
1045| 0 0 0
1046| 0 0 0
1047| 0 0 0
1048| 0 0 0
1049| 0 0 0
1050| 0 0 0
1051| 0 0 0
1052| 0 0 0
1053| 0 0 0
1054| 0,3 0 0
1055| 0,6 0 0
1056| 0,9 0 0
1057| 1,2 0 0
1058| 0 0 0
1059| 0 0 0
1060| 0 0 0
1061| 0 0 0
1062| 0 0 0
1063| 0 0 0
1064| 0 0 0
1065| 0 0 0
1066| 0 0 0
1067| 0 0 0
1068| 0 0 0
1069| 0 0 0
1070| 0 0 0
1071| 0 0 0
1072| 0 0 0
1073| 0 0 0
1074| 0 0 0
1075| 0 0 0
1076| 0 0 0
1077| 0 0 0
1078| 0,3 0 0
1079| 0,6 0 0
1080| 0,9 0 0
1081| 1,2 0 0
1082| 1,5 0 0
1083| 1,8 0 0
1084| 0 0 0
1085| 0 0 0
1086| 0 0 0
1087| 0 0 0
1088| 0 0 0
1089| 0 0 0
1090| 0 0 0
1091| 0 0 0
1092| 0 0 0
1093| 0 0 0
1094| 0 0 0
1095| 0 0 0
1096| 0 0 0
1097| 0 0 0
1098| 0 0 0
1099| 0 0 0
1100| 0 0 0
1101| 0,3 0 0
1102| 0,6 0 0
1103| 0,9 0 0
1104| 1,2 0 0
1105| 1,5 0 0
1106| 1,8 0 0
1107| 2,1 0 0
1108| 0 0 0
1109| 0 0 0
1110| 0 0 0
1111| 0 0 0
1112| 0 0 0
1113| 0 0 0
1114| 0 0 0
1115| 0 0 0
1116| 0 0 0
1117| 0 0 0
1118| 0 0 0
1119| 0 0 0
1120| 0 0 0
1121| 0 0 0
1122| 0 0 0
1123| 0 0 0
1124| 0 0 0
1125| 0 0 0
1126| 0 0 0
1127| 0 0 0
1128| 0,3 0 0
1129| 0,6 0 0
1130| 0,9 0 0
1131| 1,2 0 0
1132| 0 0 0
1133| 0 0 0
1134| 0 0 0
1135| 0 0 0
1136| 0 0 0
1137| 0 0 0
1138| 0 0 0
1139| 0 0 0
1140| 0 0 0
1141| 0 0 0
1142| 0 0 0
1143| 0 0 0
1144| 0 0 0
1145| 0 0 0
1146| 0 0 0
1147| 0 0 0
1148| 0 0 0
1149| 0 0 0
1150| 0 0 0
1151| 0 0 0
1152| 0 4 0
1153| 0 8 0
1154| 0 12 0
1155| 0 16 0
1156| 0 20 0
1157| 0 24 0
1158| 0 28 0
1159| 0 32 0
1160| 0 36 0
1161| 0 40 0
1162| 0 43,99999 0
1163| 0 47,99999 0
1164| 0 51,99999 0
1165| 0 55,99999 0
1166| 0 60 0
1167| 0 64 0
1168| 0 68 0
1169| 0 72 0
1170| 0 76,00001 0
1171| 0 80,00001 0
1172| 0 84,00001 0
1173| 0 88,00002 0
1174| 0 92,00002 0
1175| 0 96,00002 0
1176| 0 100 0
1177| 0 0 0
1178| 0 0 0
1179| 0 0 0
1180| 0 0 0
1181| 0 0 0
1182| 0 0 0
1183| 0 0 0
1184| 0 0 0
1185| 0 0 0
1186| 0 0 0
1187| 0 0 0
1188| -0,3 0 0
1189| -0,6 0 0
1190| -0,9 0 0
1191| -1,2 0 0
1192| -1,5 0 0
1193| -1,8 0 0
1194| -2,1 0 0
1195| -2,4 0 0
1196| -2,7 0 0
1197| -3 0 0
1198| -3,299999 0 0
1199| -3,599999 0 0
1200| -3,899999 0 0
1201| -4,2 0 0
1202| -4,5 0 0
1203| -4,8 0 0
1204| -5,1 0 0
1205| -5,4 0 0
1206| -5,7 0 0
1207| -6 0 0
1208| -6,300001 0 0
1209| -6,600001 0 0
1210| -6,900001 0 0
1211| -7,200001 0 0
1212| -7,500001 0 0
1213| -7,800001 0 0
1214| -8,1 0 0
1215| -8,4 0 0
1216| -8,7 0 0
1217| -8,999999 0 0
1218| -9,299999 0 0
1219| -9,599998 0 0
1220| -9,899999 0 0
1221| -10,2 0 0
1222| -10,5 0 0
1223| -10,8 0 0
1224| -11,1 0 0
1225| -11,4 0 0
1226| -11,7 0 0
1227| -12 0 0
1228| -12,3 0 0
1229| -12,6 0 0
1230| -12,9 0 0
1231| -13,2 0 0
1232| -13,5 0 0
1233| -13,79999 0 0
1234| -14,09999 0 0
1235| -14,39999 0 0
1236| 0 0 0
1237| 0 0 0
1238| 0 0 0
1239| 0 0 0
1240| 0 0 0
1241| 0 0 0
1242| 0 0 0
1243| 0 0 0
1244| 0 0 0
1245| 0 0 0
1246| 0 0 0
1247| 0 0 0
1248| 0 0 0
1249| 0 0 0
1250| 0 0 0
1251| 0 0 0
1252| 0 0 0
1253| 0 0 0
1254| 0 0 0
1255| 0 0 0
1256| 0 0 0
1257| 0 0 0
1258| 0 0 0
1259| 0 0 0
1260| 0 0 0
1261| 0 0 0
1262| 0 0 0
1263| 0 0 0
1264| 0 4 0
1265| 0 8 0
1266| 0 12 0
1267| 0 16 0
1268| 0 20 0
1269| 0 24 0
1270| 0 28 0
1271| 0 32 0
1272| 0 36 0
1273| 0 40 0
1274| 0 43,99999 0
1275| 0 47,99999 0
1276| 0 51,99999 0
1277| 0 55,99999 0
1278| 0 60 0
1279| 0 64 0
1280| 0 68 0
1281| 0 72 0
1282| 0 76,00001 0
1283| 0 80,00001 0
1284| 0 84,00001 0
1285| 0 88,00002 0
1286| 0 92,00002 0
1287| 0 0 0
1288| 0 0 0
1289| 0 0 0
1290| 0 0 0
1291| 0 0 0
1292| 0 0 0
1293| 0 0 0
1294| 0 0 0
1295| 0 0 0
1296| 0 0 0
1297| 0 0 0
1298| 0 0 0
1299| 0 0 0
1300| 0 0 0
1301| 0 0 0
1302| 0 0 0
1303| 0 0 0
1304| 0 0 0
1305| 0 0 0
1306| 0 0 0
1307| 0 0 0
1308| 0 4 0
1309| 0 8 0
1310| 0 12 0
1311| 0 16 0
1312| 0 20 0
1313| 0 24 0
1314| 0 28 0
1315| 0 32 0
1316| 0 36 0
1317| 0 40 0
1318| 0 43,99999 0
1319| 0 47,99999 0
1320| 0 0 0
1321| 0 0 0
1322| 0 0 0
1323| 0 0 0
1324| 0 0 0
1325| 0 0 0
1326| 0 0 0
1327| 0 0 0
1328| 0 4 0
1329| 0 8 0
1330| 0 12 0
1331| 0 16 0
1332| 0 20 0
1333| 0 24 0
1334| 0 28 0
1335| 0 32 0
1336| 0 36 0
1337| 0 40 0
1338| 0 43,99999 0
1339| 0 47,99999 0
1340| 0 0 0
1341| 0 0 0
1342| 0 0 0
1343| 0 0 0
1344| 0 0 0
1345| 0 0 0
1346| 0 0 0
1347| 0 0 0
1348| 0 0 0
1349| 0 0 0
1350| 0 0 0
1351| 0 0 0
1352| 0 0 0
1353| 0 0 0
1354| 0 0 0
1355| 0 0 0
1356| 0 0 0
1357| 0 0 0
1358| 0 0 0
1359| 0 0 0
1360| 0 0 0
1361| 0 0 0
1362| 0 0 0
1363| 0 0 0
1364| 0 0 0
1365| 0 0 0
1366| 0 0 0
1367| 0 0 0
1368| 0 0 0
1369| 0 0 0
1370| 0 0 0
1371| 0 0 0
1372| 0 0 0
1373| 0 0 0
1374| 0 0 0
1375| 0 0 0
1376| 0 0 0
1377| 0 0 0
1378| 0 0 0
1379| 0 0 0
1380| 0 0 0
1381| 0 0 0
1382| 0 0 0
1383| 0 4 0
1384| 0 8 0
1385| 0 12 0
1386| 0 16 0
1387| 0 20 0
1388| 0 24 0
1389| 0 28 0
1390| 0 32 0
1391| 0 36 0
1392| 0 40 0
1393| 0 43,99999 0
1394| 0 47,99999 0
1395| 0 51,99999 0
1396| 0 55,99999 0
1397| 0 60 0
1398| 0 64 0
1399| 0 68 0
1400| 0 72 0
1401| 0 76,00001 0
1402| 0 80,00001 0
1403| 0 84,00001 0
1404| 0 88,00002 0
1405| 0 92,00002 0
1406| 0 96,00002 0
1407| 0 100 0
1408| 0 104 0
1409| 0 108 0
1410| 0 112 0
1411| 0 116 0
1412| 0 120 0
1413| 0 124 0
1414| 0 128 0
1415| 0 132 0
1416| 0 136 0
1417| 0 140 0
1418| 0 144 0
1419| 0 148 0
1420| 0 152 0
1421| 0 156 0
1422| 0 160 0
1423| 0 164 0
1424| 0 168 0
1425| 0 171,9999 0
1426| 0 175,9999 0
1427| 0 179,9999 0
1428| 0 183,9999 0
1429| 0 187,9999 0
1430| 0 191,9999 0
1431| 0 195,9999 0
1432| 0 199,9999 0
1433| 0 203,9999 0
1434| 0 207,9999 0
1435| 0 211,9999 0
1436| 0 215,9999 0
1437| 0 219,9999 0
1438| 0 223,9999 0
1439| 0 227,9999 0
1440| 0 231,9999 0
1441| 0 235,9999 0
1442| 0 239,9999 0
1443| 0 243,9999 0
1444| 0 0 0
1445| 0 0 0
1446| 0 0 0
1447| 0 0 0
1448| 0 0 0
1449| 0 0 0
1450| 0 0 0
1451| 0 0 0
1452| 0 0 0
1453| 0 0 0
1454| 0 4 0
1455| 0 8 0
1456| 0 12 0
1457| 0 16 0
1458| 0 20 0
1459| 0 24 0
1460| 0 28 0
1461| 0 32 0
1462| 0 36 0
1463| 0 40 0
1464| 0 43,99999 0
1465| 0 47,99999 0
1466| 0 51,99999 0
1467| 0 55,99999 0
1468| 0 60 0
1469| 0 64 0
1470| 0 68 0
1471| 0 72 0
1472| 0 76,00001 0
1473| 0 80,00001 0
1474| 0 84,00001 0
1475| 0 88,00002 0
1476| 0 92,00002 0
1477| 0 96,00002 0
1478| 0 100 0
1479| 0 104 0
1480| 0 108 0
1481| 0 112 0
1482| 0 116 0
1483| 0 120 0
1484| 0 124 0
1485| 0 128 0
1486| 0 132 0
1487| 0 136 0
1488| 0 140 0
1489| 0 144 0
1490| 0 148 0
1491| 0 152 0
1492| 0 156 0
1493| 0 160 0
1494| 0 164 0
1495| 0 168 0
1496| 0 171,9999 0
1497| 0 175,9999 0
1498| 0 179,9999 0
1499| 0 183,9999 0
1500| 0 187,9999 0
1501| 0 191,9999 0
1502| 0 195,9999 0
1503| 0 199,9999 0
1504| 0 203,9999 0
1505| 0 207,9999 0
1506| 0 211,9999 0
1507| 0 215,9999 0
1508| 0 219,9999 0
1509| 0 223,9999 0
1510| 0 227,9999 0
1511| 0 231,9999 0
1512| 0 235,9999 0
1513| 0 239,9999 0
1514| 0 243,9999 0
1515| 0 247,9999 0
1516| 0 251,9999 0
1517| 0 255,9999 0
1518| 0 259,9999 0
1519| 0 263,9999 0
1520| 0 267,9999 0
1521| 0 271,9998 0
1522| 0 275,9998 0
1523| 0 279,9998 0
1524| 0 283,9998 0
1525| 0 287,9998 0
1526| 0 291,9998 0
1527| 0 295,9998 0
1528| 0 299,9998 0
1529| 0 303,9998 0
1530| 0 307,9998 0
1531| 0 311,9998 0
1532| 0 315,9998 0
1533| 0 319,9998 0
1534| 0 323,9998 0
1535| 0 327,9998 0
1536| 0 331,9998 0
1537| 0 335,9998 0
1538| 0 339,9998 0
1539| 0 343,9998 0
1540| 0 347,9998 0
1541| 0 351,9998 0
1542| 0 355,9998 0
1543| 0 359,9998 0
1544| 0 363,9998 0
1545| 0 367,9998 0
1546| 0 371,9998 0
1547| 0 375,9998 0
1548| 0 379,9998 0
1549| 0 383,9998 0
1550| 0 387,9998 0
1551| 0 391,9998 0
1552| 0 395,9998 0
1553| 0 399,9997 0
1554| 0 400 0
1555| 0 400 0
1556| 0 400 0
1557| 0 400 0
1558| 0 400 0
1559| 0 400 0
1560| 0 400 0
1561| 0 400 0
1562| 0 400 0
1563| 0 400 0
1564| 0 400 0
1565| 0 400 0
1566| 0 400 0
1567| 0 400 0
1568| 0 400 0
1569| 0 400 0
1570| 0 400 0
1571| 0 400 0
1572| 0 400 0
1573| 0 400 0
1574| 0 400 0
1575| 0 400 0
1576| 0 400 0
1577| 0 400 0
1578| 0 400 0
1579| 0 400 0
1580| 0 400 0
1581| 0 400 0
1582| 0 400 0
1583| 0 400 0
1584| 0 400 0
1585| 0 400 0
1586| 0 400 0
1587| 0 400 0
1588| 0 400 0
1589| 0 400 0
1590| 0 400 0
1591| 0 400 0
1592| 0 400 0
1593| 0 400 0
1594| 0 400 0
1595| 0 400 0
1596| 0 0 0
1597| 0 0 0
1598| 0 0 0
1599| 0 0 0
1600| 0 0 0
1601| 0 0 0
1602| 0 0 0
1603| 0 0 0
1604| 0 0 0
1605| 0 0 0
1606| 0 4 0
1607| 0 8 0
1608| 0 12 0
1609| 0 16 0
1610| 0 20 0
1611| 0 24 0
1612| 0 28 0
1613| 0 32 0
1614| 0 36 0
1615| 0 40 0
1616| 0 43,99999 0
1617| 0 47,99999 0
1618| 0 51,99999 0
1619| 0 55,99999 0
1620| 0 60 0
1621| 0 64 0
1622| 0 68 0
1623| 0 72 0
1624| 0 76,00001 0
1625| 0 80,00001 0
1626| 0 84,00001 0
1627| 0 88,00002 0
1628| 0 92,00002 0
1629| 0 96,00002 0
1630| 0 100 0
1631| 0 0 0
1632| 0 0 0
1633| 0 0 0
1634| 0 0 0
1635| 0 0 0
1636| 0 0 0
1637| 0 0 0
1638| 0 0 0
1639| 0 0 0
1640| 0 0 0
1641| 0 0 0
1642| 0 0 0
1643| 0 4 0
1644| 0 8 0
1645| 0 12 0
1646| 0 16 0
1647| 0 20 0
1648| 0 24 0
1649| 0 28 0
1650| 0 32 0
1651| 0 36 0
1652| 0 40 0
1653| 0 43,99999 0
1654| 0 47,99999 0
1655| 0 51,99999 0
1656| 0 55,99999 0
1657| 0 60 0
1658| 0 64 0
1659| 0 68 0
1660| 0 72 0
1661| 0 76,00001 0
1662| 0 0 0
1663| 0 0 0
1664| 0 0 0
1665| 0 0 0
1666| 0 0 0
1667| 0 0 0
1668| 0 0 0
1669| 0 0 0
1670| 0 0 0
1671| 0 0 0
1672| 0 4 0
1673| 0 8 0
1674| 0 12 0
1675| 0 16 0
1676| 0 20 0
1677| 0 24 0
1678| 0 28 0
1679| 0 32 0
1680| 0 36 0
1681| 0 40 0
1682| 0 43,99999 0
1683| 0 47,99999 0
1684| 0 51,99999 0
1685| 0 55,99999 0
1686| 0 60 0
1687| 0 64 0
1688| 0 68 0
1689| 0 72 0
1690| 0 76,00001 0
1691| 0 80,00001 0
1692| 0 84,00001 0
1693| 0 88,00002 0
1694| 0 92,00002 0
1695| 0 96,00002 0
1696| 0 100 0
1697| 0 104 0
1698| 0 108 0
1699| 0 0 0
1700| 0 0 0
1701| 0 0 0
1702| 0 0 0
1703| 0 0 0
1704| 0 0 0
1705| 0 4 0
1706| 0 8 0
1707| 0 12 0
1708| 0 16 0
1709| 0 20 0
1710| 0 24 0
1711| 0 28 0
1712| 0 32 0
1713| 0 36 0
1714| 0 40 0
1715| 0 43,99999 0
1716| 0 47,99999 0
1717| 0 51,99999 0
1718| 0 55,99999 0
1719| 0 60 0
1720| 0 64 0
1721| 0 68 0
1722| 0 72 0
1723| 0 76,00001 0
1724| 0 80,00001 0
1725| 0 84,00001 0
1726| 0 88,00002 0
1727| 0 92,00002 0
1728| 0 96,00002 0
1729| 0 100 0
1730| 0 104 0
1731| 0 108 0
1732| 0 112 0
1733| 0 116 0
1734| 0 120 0
1735| 0 124 0
1736| 0 128 0
1737| 0 132 0
1738| 0 136 0
1739| 0 140 0
1740| 0 144 0
1741| 0 148 0
1742| 0 152 0
1743| 0 156 0
1744| 0 160 0
1745| 0 164 0
1746| 0 168 0
1747| 0 171,9999 0
1748| 0 175,9999 0
1749| 0 179,9999 0
1750| 0 0 0
1751| 0 0 0
1752| 0 0 0
1753| 0 0 0
1754| 0 0 0
1755| 0 0 0
1756| 0 0 0
1757| 0 0 0
1758| 0 0 0
1759| 0 0 0
1760| 0 0 0
1761| 0 0 0
1762| 0 0 0
1763| 0 0 0
1764| 0 0 0
1765| 0 0 0
1766| 0 0 0
1767| 0 0 0
1768| 0 0 0
1769| 0 0 0
1770| 0 0 0
1771| 0,3 0 0
1772| 0,6 0 0
1773| 0,9 0 0
1774| 1,2 0 0
1775| 1,5 0 0
1776| 1,8 0 0
1777| 2,1 0 0
1778| 2,4 0 0
1779| 2,7 0 0
1780| 3 0 0
1781| 3,299999 0 0
1782| 3,599999 0 0
1783| 3,899999 0 0
1784| 4,2 0 0
1785| 4,5 0 0
1786| 4,8 0 0
1787| 5,1 0 0
1788| 5,4 0 0
1789| 5,7 0 0
1790| 6 0 0
1791| 6,300001 0 0
1792| 6,600001 0 0
1793| 6,900001 0 0
1794| 7,200001 0 0
1795| 7,500001 0 0
1796| 7,800001 0 0
1797| 8,1 0 0
1798| 8,4 0 0
1799| 8,7 0 0
1800| 8,999999 0 0
1801| 9,299999 0 0
1802| 0 0 0
1803| 0 0 0
1804| 0 0 0
1805| 0 0 0
1806| 0 0 0
1807| 0 0 0
1808| 0 0 0
1809| 0 0 0
1810| 0 0 0
1811| 0,3 0 0
1812| 0,6 0 0
1813| 0,9 0 0
1814| 1,2 0 0
1815| 1,5 0 0
1816| 0 0 0
1817| 0 0 0
1818| 0 0 0
1819| 0 0 0
1820| 0 0 0
1821| 0,3 0 0
1822| 0,6 0 0
1823| 0,9 0 0
1824| 1,2 0 0
1825| 1,5 0 0
1826| 1,8 0 0
1827| 2,1 0 0
1828| 2,4 0 0
1829| 2,7 0 0
1830| 3 0 0
1831| 3,299999 0 0
1832| 3,599999 0 0
1833| 3,899999 0 0
1834| 4,2 0 0
1835| 4,5 0 0
1836| 4,8 0 0
1837| 5,1 0 0
1838| 5,4 0 0
1839| 5,7 0 0
1840| 6 0 0
1841| 6,300001 0 0
1842| 6,600001 0 0
1843| 6,900001 0 0
1844| 7,200001 0 0
1845| 7,500001 0 0
1846| 7,800001 0 0
1847| 8,1 0 0
1848| 8,4 0 0
1849| 8,7 0 0
1850| 8,999999 0 0
1851| 9,299999 0 0
1852| 9,599998 0 0
1853| 9,899999 0 0
1854| 10,2 0 0
1855| 10,5 0 0
1856| 0 0 0
1857| 0 0 0
1858| 0 4 0
1859| 0 8 0
1860| 0 12 0
1861| 0 16 0
1862| 0 20 0
1863| 0 24 0
1864| 0 28 0
1865| 0 32 0
1866| 0 36 0
1867| 0 40 0
1868| 0 43,99999 0
1869| 0 47,99999 0
1870| 0 51,99999 0
1871| 0 55,99999 0
1872| 0 60 0
1873| 0 64 0
1874| 0 68 0
1875| 0 72 0
1876| 0 76,00001 0
1877| 0 80,00001 0
1878| 0 84,00001 0
1879| 0 88,00002 0
1880| 0 92,00002 0
1881| 0 96,00002 0
1882| 0 100 0
1883| 0 104 0
1884| 0 108 0
1885| 0 112 0
1886| 0 116 0
1887| 0 120 0
1888| 0 124 0
1889| 0 128 0
1890| 0 132 0
1891| 0 136 0
1892| 0 140 0
1893| 0 144 0
1894| 0 148 0
1895| 0 152 0
1896| 0 156 0
1897| 0 160 0
1898| 0 164 0
1899| 0 168 0
1900| 0 171,9999 0
1901| 0 175,9999 0
1902| 0 179,9999 0
1903| 0 183,9999 0
1904| 0 187,9999 0
1905| 0 191,9999 0
1906| 0 195,9999 0
1907| 0 199,9999 0
1908| 0 203,9999 0
1909| 0 207,9999 0
1910| 0 211,9999 0
1911| 0 215,9999 0
1912| 0 219,9999 0
1913| 0 223,9999 0
1914| 0 227,9999 0
1915| 0 231,9999 0
1916| 0 235,9999 0
1917| 0 239,9999 0
1918| 0 243,9999 0
1919| 0 247,9999 0
1920| 0 251,9999 0
1921| 0 255,9999 0
1922| 0 259,9999 0
1923| 0 263,9999 0
1924| 0 267,9999 0
1925| 0 271,9998 0
1926| 0 275,9998 0
1927| 0 279,9998 0
1928| 0 283,9998 0
1929| 0 287,9998 0
1930| 0 291,9998 0
1931| 0 295,9998 0
1932| 0 299,9998 0
1933| 0 303,9998 0
1934| 0 0 0
1935| 0 0 0
1936| 0 0 0
1937| 0 0 0
1938| 0 0 0
1939| 0 0 0
1940| 0 0 0
1941| 0 0 0
1942| 0 0 0
1943| 0 4 0
1944| 0 8 0
1945| 0 12 0
1946| 0 16 0
1947| 0 20 0
1948| 0 24 0
1949| 0 28 0
1950| 0 32 0
1951| 0 36 0
1952| 0 40 0
1953| 0 43,99999 0
1954| 0 47,99999 0
1955| 0 51,99999 0
1956| 0 55,99999 0
1957| 0 60 0
1958| 0 64 0
1959| 0 68 0
1960| 0 72 0
1961| 0 76,00001 0
1962| 0 80,00001 0
1963| 0 84,00001 0
1964| 0 88,00002 0
1965| 0 92,00002 0
1966| 0 96,00002 0
1967| 0 0 0
1968| 0 0 0
1969| 0 0 0
1970| 0 0 0
1971| 0 0 0
1972| 0 0 0
1973| 0 4 0
1974| 0 8 0
1975| 0 12 0
1976| 0 16 0
1977| 0 0 0
1978| 0 0 0
1979| 0 0 0
1980| 0 0 0
1981| 0 0 0
1982| 0 0 0
1983| 0 0 0
1984| 0 0 0
1985| 0 0 0
1986| 0 0 0
1987| 0 0 0
1988| 0 0 0
1989| 0 0 0
1990| 0 0 0
1991| 0 4 0
1992| -0,3 4 0
1993| 0 0 0
1994| 0 0 0
1995| 0 0 0
1996| 0 0 0
1997| 0 0 0
1998| 0 0 0
1999| 0 0 0
2000| -0,3 0 0
2001| -0,6 0 0
2002| -0,9 0 0
2003| -1,2 0 0
2004| -1,5 0 0
2005| -1,8 0 0
2006| -2,1 0 0
2007| -2,4 0 0
2008| -2,7 0 0
2009| -3 0 0
2010| -3,299999 0 0
2011| -3,599999 0 0
2012| -3,899999 0 0
2013| -4,2 0 0
2014| -4,5 0 0
2015| -4,8 0 0
2016| -5,1 0 0
2017| -5,4 0 0
2018| -5,7 0 0
2019| -6 0 0
2020| -6,300001 0 0
2021| -6,600001 0 0
2022| 0 0 0
2023| 0 0 0
2024| 0 0 0
2025| 0 0 0
2026| 0 0 0
2027| 0 0 0
2028| 0 0 0
2029| 0 0 0
2030| 0 0 0
2031| 0 0 0
2032| 0 0 0
2033| 0 0 0
2034| 0 0 0
2035| 0 0 0
2036| 0 0 0
2037| 0 0 0
2038| 0 0 0
2039| 0 0 0
2040| 0 0 0
2041| 0 0 0
2042| 0,3 0 0
2043| 0,6 0 0
2044| 0,9 0 0
2045| 1,2 0 0
2046| 1,5 0 0
2047| 1,8 0 0
2048| 2,1 0 0
2049| 2,4 0 0
2050| 2,7 0 0
2051| 3 0 0
2052| 3,299999 0 0
2053| 3,599999 0 0
2054| 0 0 0
2055| 0 0 0
2056| 0 0 0
2057| 0 0 0
2058| 0 0 0
2059| 0 0 0
2060| 0 4 0
2061| 0 8 0
2062| 0 12 0
2063| 0 16 0
2064| 0 20 0
2065| 0 24 0
2066| 0 28 0
2067| 0 0 0
2068| 0 0 0
2069| 0 0 0
2070| 0 0 0
2071| 0 0 0
2072| 0 0 0
2073| 0 0 0
2074| 0 0 0
2075| 0 0 0
2076| 0 0 0
2077| 0 0 0
2078| 0 0 0
2079| 0 0 0
2080| 0 0 0
2081| -0,3 0 0
2082| -0,6 0 0
2083| -0,9 0 0
2084| -1,2 0 0
2085| -1,5 0 0
2086| -1,8 0 0
2087| -2,1 0 0
2088| -2,4 0 0
2089| -2,7 0 0
2090| -3 0 0
2091| -3,299999 0 0
2092| -3,599999 0 0
2093| -3,899999 0 0
2094| -4,2 0 0
2095| -4,5 0 0
2096| -4,8 0 0
2097| -5,1 0 0
2098| -5,4 0 0
2099| -5,7 0 0
2100| -6 0 0
2101| -6,300001 0 0
2102| -6,600001 0 0
2103| -6,900001 0 0
2104| -7,200001 0 0
2105| -7,500001 0 0
2106| -7,800001 0 0
2107| 0 0 0
2108| 0 0 0
2109| 0 0 0
2110| 0,3 0 0
2111| 0,6 0 0
2112| 0,9 0 0
2113| 1,2 0 0
2114| 1,5 0 0
2115| 1,8 0 0
2116| 2,1 0 0
2117| 2,4 0 0
2118| 2,7 0 0
2119| 3 0 0
2120| 3,299999 0 0
2121| 3,599999 0 0
2122| 3,899999 0 0
2123| 4,2 0 0
2124| 4,5 0 0
2125| 4,8 0 0
2126| 5,1 0 0
2127| 5,4 0 0
2128| 5,7 0 0
2129| 6 0 0
2130| 6,300001 0 0
2131| 6,600001 0 0
2132| 6,900001 0 0
2133| 7,200001 0 0
2134| 7,500001 0 0
2135| 7,800001 0 0
2136| 8,1 0 0
2137| 8,4 0 0
2138| 8,7 0 0
2139| 8,999999 0 0
2140| 9,299999 0 0
2141| 9,599998 0 0
2142| 9,899999 0 0
2143| 10,2 0 0
2144| 10,5 0 0
2145| 10,8 0 0
2146| 11,1 0 0
2147| 11,4 0 0
2148| 11,7 0 0
2149| 0 0 0
2150| 0 0 0
2151| 0 0 0
2152| 0 0 0
2153| 0 0 0
2154| 0 0 0
2155| 0 4 0
2156| 0 8 0
2157| 0 12 0
2158| 0 16 0
2159| 0 20 0
2160| 0 24 0
2161| 0 28 0
2162| 0 32 0
2163| 0 36 0
2164| 0 40 0
2165| 0 43,99999 0
2166| 0 47,99999 0
2167| 0 51,99999 0
2168| 0 55,99999 0
2169| 0 60 0
2170| 0 64 0
2171| 0 68 0
2172| 0 72 0
2173| 0 76,00001 0
2174| 0 80,00001 0
2175| 0 84,00001 0
2176| 0 88,00002 0
2177| 0 92,00002 0
2178| 0 96,00002 0
2179| 0 100 0
2180| 0 104 0
2181| 0 108 0
2182| 0 112 0
2183| 0 116 0
2184| 0 120 0
2185| 0 124 0
2186| 0 128 0
2187| 0 132 0
2188| 0 136 0
2189| 0 140 0
2190| 0 144 0
2191| 0 148 0
2192| 0 152 0
2193| 0 156 0
2194| 0 160 0
2195| 0 164 0
2196| 0 168 0
2197| 0 171,9999 0
2198| 0 175,9999 0
2199| 0 179,9999 0
2200| 0 183,9999 0
2201| 0 187,9999 0
2202| 0 191,9999 0
2203| 0 195,9999 0
2204| 0 199,9999 0
2205| 0 203,9999 0
2206| 0 207,9999 0
2207| 0 211,9999 0
2208| 0 215,9999 0
2209| 0 219,9999 0
2210| 0 223,9999 0
2211| 0 227,9999 0
2212| 0 231,9999 0
2213| 0 235,9999 0
2214| 0 239,9999 0
2215| 0 243,9999 0
2216| 0 247,9999 0
2217| 0 251,9999 0
2218| 0 255,9999 0
2219| 0 259,9999 0
2220| 0 263,9999 0
2221| 0 267,9999 0
2222| 0 271,9998 0
2223| 0 275,9998 0
2224| 0 279,9998 0
2225| 0 283,9998 0
2226| 0 287,9998 0
2227| 0 291,9998 0
2228| 0 295,9998 0
2229| 0 299,9998 0
2230| 0 303,9998 0
2231| 0 307,9998 0
2232| 0 311,9998 0
2233| 0 315,9998 0
2234| 0 319,9998 0
2235| 0 323,9998 0
2236| 0 327,9998 0
2237| 0 331,9998 0
2238| 0 335,9998 0
2239| 0 339,9998 0
2240| 0 343,9998 0
2241| 0 347,9998 0
2242| 0 351,9998 0
2243| 0 355,9998 0
2244| 0 359,9998 0
2245| 0 363,9998 0
2246| 0 367,9998 0
2247| 0 371,9998 0
2248| 0 375,9998 0
2249| 0 379,9998 0
2250| 0 383,9998 0
2251| 0 387,9998 0
2252| 0 391,9998 0
2253| 0 395,9998 0
2254| 0 399,9997 0
2255| 0 400 0
2256| 0 400 0
2257| 0 400 0
2258| 0 400 0
2259| 0 400 0
2260| 0 400 0
2261| 0 400 0
2262| 0 400 0
2263| 0 400 0
2264| 0 400 0
2265| 0 400 0
2266| 0 400 0
2267| 0 400 0
2268| 0 400 0
2269| 0 400 0
2270| 0 400 0
2271| 0 400 0
2272| 0 400 0
2273| 0 400 0
2274| 0 400 0
2275| 0 400 0
2276| 0 400 0
2277| 0 400 0
2278| 0 400 0
2279| 0 400 0
2280| 0 400 0
2281| 0 400 0
2282| 0 400 0
2283| 0 400 0
2284| 0 400 0
2285| 0 400 0
2286| 0 400 0
2287| 0 400 0
2288| 0 400 0
2289| 0 400 0
2290| 0 400 0
2291| 0 400 0
2292| 0 400 0
2293| 0 400 0
2294| 0 400 0
2295| 0 400 0
2296| 0 400 0
2297| 0 400 0
2298| 0 400 0
2299| 0 400 0
2300| 0 400 0
2301| 0 400 0
2302| 0 400 0
2303| 0 400 0
2304| 0 400 0
2305| 0 400 0
2306| 0 400 0
2307| 0 400 0
2308| 0 400 0
2309| 0 400 0
2310| 0 400 0
2311| 0 400 0
2312| 0 400 0
2313| 0 400 0
2314| 0 400 0
2315| 0 400 0
2316| 0 400 0
2317| 0 400 0
2318| 0 400 0
2319| 0 400 0
2320| 0 400 0
2321| 0 400 0
2322| 0 400 0
2323| 0 400 0
2324| 0 400 0
2325| 0 400 0
2326| 0 400 0
2327| 0 400 0
2328| 0 400 0
2329| 0 400 0
2330| 0 400 0
2331| 0 400 0
2332| 0 400 0
2333| 0 400 0
2334| 0 400 0
2335| 0 400 0
2336| 0 400 0
2337| 0 400 0
2338| 0 400 0
2339| 0 400 0
2340| 0 400 0
2341| 0 400 0
2342| 0 400 0
2343| 0 400 0
2344| 0 400 0
2345| 0 400 0
2346| 0 400 0
2347| 0 400 0
2348| 0 400 0
2349| 0 400 0
2350| 0 400 0
2351| 0 400 0
2352| 0 400 0
2353| 0 400 0
2354| 0 400 0
2355| 0 400 0
2356| 0 400 0
2357| 0 400 0
2358| 0 400 0
2359| 0 400 0
2360| 0 400 0
2361| 0 400 0
2362| 0 400 0
2363| 0 400 0
2364| 0 400 0
2365| 0 400 0
2366| 0 400 0
2367| 0 400 0
2368| 0 400 0
2369| 0 400 0
2370| 0 400 0
2371| 0 400 0
2372| 0 400 0
2373| 0 400 0
2374| 0 400 0
2375| 0 400 0
2376| 0 400 0
2377| 0 400 0
2378| 0 400 0
2379| 0 400 0
2380| 0 400 0
2381| 0 400 0
2382| 0 400 0
2383| 0 400 0
2384| 0 400 0
2385| 0 400 0
2386| 0 400 0
2387| 0 400 0
2388| 0 400 0
2389| 0 400 0
2390| 0 400 0
2391| 0 400 0
2392| 0 400 0
2393| 0 400 0
2394| 0 400 0
2395| 0 400 0
2396| 0 400 0
2397| 0 400 0
2398| 0 400 0
2399| 0 400 0
2400| 0 400 0
2401| 0 400 0
2402| 0 400 0
2403| 0 400 0
2404| 0 400 0
2405| 0 400 0
2406| 0 400 0
2407| 0 400 0
2408| 0 400 0
2409| 0 400 0
2410| 0 400 0
2411| 0 400 0
2412| 0 400 0
2413| 0 400 0
2414| 0 400 0
2415| 0 400 0
2416| 0 400 0
2417| 0 400 0
2418| 0 400 0
2419| 0 400 0
2420| 0 400 0
2421| 0 400 0
2422| 0 400 0
2423| 0 400 0
2424| 0 400 0
2425| 0 400 0
2426| 0 400 0
2427| 0 400 0
2428| 0 400 0
2429| 0 400 0
2430| 0 400 0
2431| 0 400 0
2432| 0 400 0
2433| 0 400 0
2434| 0 400 0
2435| 0 400 0
2436| 0 400 0
2437| 0 400 0
2438| 0 400 0
2439| 0 400 0
2440| 0 400 0
2441| 0 400 0
2442| 0 400 0
2443| 0 400 0
2444| 0 400 0
2445| 0 400 0
2446| 0 400 0
2447| 0 400 0
2448| 0 400 0
2449| 0 400 0
2450| 0 400 0
2451| 0 400 0
2452| 0 400 0
2453| 0 400 0
2454| 0 400 0
2455| 0 400 0
2456| 0 400 0
2457| 0 400 0
2458| 0 400 0
2459| 0 400 0
2460| 0 400 0
2461| 0 400 0
2462| 0 400 0
2463| 0 400 0
2464| 0 400 0
2465| 0 400 0
2466| 0 400 0
2467| 0 400 0
2468| 0 400 0
2469| 0 400 0
2470| 0 400 0
2471| 0 400 0
2472| 0 400 0
2473| 0 400 0
2474| 0 400 0
2475| 0 400 0
2476| 0 400 0
2477| 0 400 0
2478| 0 400 0
2479| 0 400 0
2480| 0 400 0
2481| 0 400 0
2482| 0 400 0
2483| 0 400 0
2484| 0 400 0
2485| 0 400 0
2486| 0 400 0
2487| 0 400 0
2488| 0 400 0
2489| 0 400 0
2490| 0 400 0
2491| 0 400 0
2492| 0 400 0
2493| 0 400 0
2494| 0 400 0
2495| 0 400 0
2496| 0 400 0
2497| 0 400 0
2498| 0 400 0
2499| 0 400 0
2500| 0 400 0
2501| 0 400 0
2502| 0 400 0
2503| 0 400 0
2504| 0 400 0
2505| 0 400 0
2506| 0 0 0
2507| 0 0 0
2508| 0 0 0
2509| 0 0 0
2510| 0 0 0
2511| 0 0 0
2512| 0 0 0
2513| 0 0 0
2514| 0 0 0
2515| 0 0 0
2516| 0 0 0
2517| 0 0 0
2518| 0 0 0
2519| 0 0 0
2520| 0 0 0
2521| 0 0 0
2522| 0 0 0
2523| 0 0 0
2524| 0 0 0
2525| 0 0 0
2526| 0 0 0
2527| 0 0 0
2528| 0 0 0
2529| 0 0 0
2530| 0 0 0
2531| 0 0 0
2532| 0 0 0
2533| 0 0 0
2534| 0 4 0
2535| 0 8 0
2536| 0 12 0
2537| 0 16 0
2538| 0 20 0
2539| 0 24 0
2540| 0 28 0
2541| 0 32 0
2542| 0 36 0
2543| 0 40 0
2544| 0 43,99999 0
2545| 0 47,99999 0
2546| 0 51,99999 0
2547| 0 55,99999 0
2548| 0 60 0
2549| 0 64 0
2550| 0 68 0
2551| 0 72 0
2552| 0 76,00001 0
2553| 0 80,00001 0
2554| 0 84,00001 0
2555| 0 88,00002 0
2556| 0 92,00002 0
2557| 0 96,00002 0
2558| 0 100 0
2559| 0 104 0
2560| 0 108 0
2561| 0 112 0
2562| 0 116 0
2563| 0 120 0
2564| 0 124 0
2565| 0 128 0
2566| 0 132 0
2567| 0 136 0
2568| 0 140 0
2569| 0 144 0
2570| 0 148 0
2571| 0 152 0
2572| 0 156 0
2573| 0 160 0
2574| 0 164 0
2575| 0 168 0
2576| 0 171,9999 0
2577| 0 175,9999 0
2578| 0 0 0
2579| 0 0 0
2580| 0 0 0
2581| 0 0 0
2582| 0 0 0
2583| 0 0 0
2584| 0 0 0
2585| 0 0 0
2586| 0 0 0
2587| 0 0 0
2588| 0 0 0
2589| 0 0 0
2590| 0 0 0
2591| 0 0 0
2592| 0 0 0
2593| 0 0 0
2594| 0 0 0
2595| 0 0 0
2596| 0 0 0
2597| 0 0 0
2598| 0 0 0
2599| 0 0 0
2600| 0 0 0
2601| 0 0 0
2602| 0 0 0
2603| 0 0 0
2604| 0 0 0
2605| 0 0 0
2606| 0 0 0
2607| 0 0 0
2608| 0 0 0
2609| 0 0 0
2610| 0 0 0
2611| 0 0 0
2612| 0 0 0
2613| 0 0 0
2614| 0 0 0
2615| 0 0 0
2616| 0 0 0
2617| 0 0 0
2618| 0 0 0
2619| 0 0 0
2620| 0 0 0
2621| 0 0 0
2622| 0 0 0
2623| 0 0 0
2624| 0 0 0
2625| 0 0 0
2626| 0 0 0
2627| 0 0 0
2628| 0 0 0
2629| 0 0 0
2630| 0 0 0
2631| 0 0 0
2632| 0 0 0
2633| 0 0 0
2634| 0 0 0
2635| 0 0 0
2636| 0 0 0
2637| 0 0 0
2638| 0 0 0
2639| 0 0 0
2640| -0,3 0 0
2641| -0,6 0 0
2642| -0,9 0 0
2643| -1,2 0 0
2644| -1,5 0 0
2645| -1,8 0 0
2646| -2,1 0 0
2647| -2,4 0 0
2648| 0 0 0
2649| 0 0 0
2650| 0 0 0
2651| 0 0 0
2652| 0 0 0
2653| 0 0 0
2654| 0 0 0
2655| 0 0 0
2656| 0 0 0
2657| 0 0 0
2658| 0 0 0
2659| 0 0 0
2660| 0 0 0
2661| 0 0 0
2662| 0 0 0
2663| 0 0 0
2664| 0 0 0
2665| 0 0 0
2666| 0 0 0
2667| 0 0 0
2668| 0 0 0
2669| 0 0 0
2670| 0 0 0
2671| 0 0 0
2672| 0 0 0
2673| 0 0 0
2674| 0 0 0
2675| 0 0 0
2676| 0 0 0
2677| 0 0 0
2678| 0 0 0
2679| 0 0 0
2680| 0 0 0
2681| 0 0 0
2682| 0 0 0
2683| 0 0 0
2684| 0 0 0
2685| 0 0 0
2686| 0 0 0
2687| -0,3 0 0
2688| -0,6 0 0
2689| -0,9 0 0
2690| -1,2 0 0
2691| -1,5 0 0
2692| -1,8 0 0
2693| -2,1 0 0
2694| -2,4 0 0
2695| -2,7 0 0
2696| -3 0 0
2697| -3,299999 0 0
2698| -3,599999 0 0
2699| -3,899999 0 0
2700| -4,2 0 0
2701| -4,5 0 0
2702| -4,8 0 0
2703| -5,1 0 0
2704| -5,4 0 0
2705| -5,7 0 0
2706| -6 0 0
2707| -6,300001 0 0
2708| -6,600001 0 0
2709| -6,900001 0 0
2710| -7,200001 0 0
2711| -7,500001 0 0
2712| -7,800001 0 0
2713| -8,1 0 0
2714| -8,4 0 0
2715| -8,7 0 0
2716| 0 0 0
2717| 0 0 0
2718| 0 0 0
2719| 0 0 0
2720| 0 0 0
2721| 0 0 0
2722| 0 0 0
2723| 0 0 0
2724| 0 4 0
2725| 0 8 0
2726| 0 12 0
2727| 0 16 0
2728| 0 20 0
2729| 0 24 0
2730| 0 28 0
2731| 0 32 0
2732| 0 36 0
2733| 0 40 0
2734| 0 43,99999 0
2735| 0 47,99999 0
2736| 0 51,99999 0
2737| 0 55,99999 0
2738| 0 60 0
2739| 0 64 0
2740| 0 68 0
2741| 0 72 0
2742| 0 76,00001 0
2743| 0 80,00001 0
2744| 0 84,00001 0
2745| 0 88,00002 0
2746| 0 92,00002 0
2747| 0 96,00002 0
2748| 0 100 0
2749| 0 104 0
2750| 0 108 0
2751| 0 112 0
2752| 0 116 0
2753| 0 120 0
2754| 0 124 0
2755| 0 128 0
2756| 0 132 0
2757| 0 136 0
2758| 0 140 0
2759| 0 144 0
2760| 0 148 0
2761| 0 152 0
2762| 0 156 0
2763| 0 160 0
2764| 0 164 0
2765| 0 168 0
2766| 0 171,9999 0
2767| 0 175,9999 0
2768| 0 179,9999 0
2769| 0 183,9999 0
2770| 0 187,9999 0
2771| 0 191,9999 0
2772| 0 195,9999 0
2773| 0 199,9999 0
2774| 0 203,9999 0
2775| 0 207,9999 0
2776| 0 211,9999 0
2777| 0 215,9999 0
2778| 0 219,9999 0
2779| 0 223,9999 0
2780| 0 227,9999 0
2781| 0 231,9999 0
2782| 0 235,9999 0
2783| 0 239,9999 0
2784| 0 243,9999 0
2785| 0 247,9999 0
2786| 0 251,9999 0
2787| 0 255,9999 0
2788| 0 259,9999 0
2789| 0 263,9999 0
2790| 0 267,9999 0
2791| 0 271,9998 0
2792| 0 275,9998 0
2793| 0 279,9998 0
2794| 0 283,9998 0
2795| 0 287,9998 0
2796| 0 291,9998 0
2797| 0 295,9998 0
2798| 0 299,9998 0
2799| 0 303,9998 0
2800| 0 307,9998 0
2801| 0 311,9998 0
2802| 0 315,9998 0
2803| 0 319,9998 0
2804| 0 323,9998 0
2805| 0 327,9998 0
2806| 0 331,9998 0
2807| 0 335,9998 0
2808| 0 339,9998 0
2809| 0 343,9998 0
2810| 0 347,9998 0
2811| 0 351,9998 0
2812| 0 355,9998 0
2813| 0 359,9998 0
2814| 0 363,9998 0
2815| 0 367,9998 0
2816| 0 371,9998 0
2817| 0 375,9998 0
2818| 0 379,9998 0
2819| 0 383,9998 0
2820| 0 387,9998 0
2821| 0 391,9998 0
2822| 0 395,9998 0
2823| 0 399,9997 0
2824| 0 400 0
2825| 0 400 0
2826| 0 400 0
2827| 0 400 0
2828| 0 400 0
2829| 0 400 0
2830| 0 400 0
2831| 0 400 0
2832| 0 400 0
2833| 0 400 0
2834| 0 400 0
2835| 0 400 0
2836| 0 400 0
2837| 0 400 0
2838| 0 400 0
2839| 0 400 0
2840| 0 400 0
2841| 0 0 0
2842| 0 0 0
2843| 0 0 0
2844| 0 4 0
2845| 0 8 0
2846| 0 12 0
2847| 0 16 0
2848| 0 20 0
2849| 0 24 0
2850| 0 28 0
2851| 0 32 0
2852| 0 0 0
2853| 0 0 0
2854| 0 0 0
2855| 0 0 0
2856| 0 0 0
2857| 0 0 0
2858| -0,3 0 0
2859| -0,6 0 0
2860| -0,9 0 0
2861| -1,2 0 0
2862| -1,5 0 0
2863| -1,8 0 0
2864| -2,1 0 0
2865| -2,4 0 0
2866| -2,7 0 0
2867| -3 0 0
2868| -3,299999 0 0
2869| -3,599999 0 0
2870| -3,899999 0 0
2871| -4,2 0 0
2872| -4,5 0 0
2873| 0 0 0
2874| 0 0 0
2875| 0 0 0
2876| 0 0 0
2877| 0 0 0
2878| 0 0 0
2879| 0 0 0
2880| 0 0 0
2881| 0 0 0
2882| 0 0 0
2883| -0,3 0 0
2884| -0,6 0 0
2885| -0,9 0 0
2886| -1,2 0 0
2887| 0 0 0
2888| 0 0 0
2889| 0 0 0
2890| 0 0 0
2891| 0 0 0
2892| 0 0 0
2893| 0 4 0
2894| 0 8 0
2895| 0 12 0
2896| 0 16 0
2897| 0 20 0
2898| 0 24 0
2899| 0 28 0
2900| 0 32 0
2901| 0 36 0
2902| 0 40 0
2903| 0 43,99999 0
2904| 0 47,99999 0
2905| 0 51,99999 0
2906| 0 55,99999 0
2907| 0 60 0
2908| 0 64 0
2909| 0 68 0
2910| 0 72 0
2911| 0 76,00001 0
2912| 0 80,00001 0
2913| 0 84,00001 0
2914| 0 88,00002 0
2915| 0 92,00002 0
2916| 0 96,00002 0
2917| 0 100 0
2918| 0 0 0
2919| 0 0 0
2920| 0 0 0
2921| 0 0 0
2922| 0 0 0
2923| 0 0 0
2924| 0 0 0
2925| 0 0 0
2926| 0 0 0
2927| 0 0 0
2928| 0 0 0
2929| 0 0 0
2930| 0 0 0
2931| 0 0 0
2932| 0 0 0
2933| 0 0 0
2934| 0 0 0
2935| 0 0 0
2936| 0 0 0
2937| 0 0 0
2938| 0 0 0
2939| 0 0 0
2940| 0 0 0
2941| 0 0 0
2942| 0 0 0
2943| 0 0 0
2944| 0 0 0
2945| 0 0 0
2946| 0 0 0
2947| 0 0 0
2948| 0 0 0
2949| 0 0 0
2950| 0 0 0
2951| 0 0 0
2952| 0 0 0
2953| 0 0 0
2954| 0 0 0
2955| 0 0 0
2956| 0 0 0
2957| 0 0 0
2958| 0 0 0
2959| 0 0 0
2960| 0 0 0
2961| 0 0 0
2962| 0 0 0
2963| 0 0 0
2964| 0 0 0
2965| 0 0 0
2966| 0 0 0
2967| 0 0 0
2968| 0 0 0
2969| 0 0 0
2970| 0 0 0
2971| 0 0 0
2972| 0 0 0
2973| 0 0 0
2974| 0 0 0
2975| 0 0 0
2976| 0 0 0
2977| 0 0 0
2978| 0 0 0
2979| 0 0 0
2980| 0 0 0
2981| 0 0 0
2982| 0 0 0
2983| 0 0 0
2984| 0 0 0
2985| 0 0 0

