1| 0 0 0
2| 0 0 0
3| 0 0 0
4| 0 0 0
5| 0 0 0
6| 0 0 0
7| 0 0 0
8| 0 0 0
9| 0 0 0
10| 0 0 0
11| 0 0 0
12| 0 0 0
13| 0 0 0
14| 0 0 0
15| 0 0 0
16| 0 0 0
17| 0 0 0
18| 0 0 0
19| 0 0 0
20| 0 0 0
21| 0 0 0
22| 0 0 0
23| 0 0 0
24| 0 0 0
25| 0 0 0
26| 0 0 0
27| 0 0 0
28| 0 0 0
29| 0 0 0
30| 0 0 0
31| 0 0 0
32| 0 0 0
33| 0 0 0
34| 0 0 0
35| 0 0 0
36| 0 0 0
37| 0 0 0
38| 0 0 0
39| 0 0 0
40| 0 0 0
41| 0 0 0
42| 0 0 0
43| 0 0 0
44| 0 0 0
45| 0 0 0
46| 0 0 0
47| 0 0 0
48| 0 0 0
49| 0 0 0
50| 0 0 0
51| 0 0 0
52| 0 0 0
53| 0 0 0
54| 0 0 0
55| 0 0 0
56| 0 0 0
57| 0 0 0
58| 0 0 0
59| 0 0 0
60| 0 0 0
61| 0 0 0
62| 0 0 0
63| 0 0 0
64| 0 0 0
65| 0 0 0
66| 0 0 0
67| 0 0 0
68| 0 0 0
69| 0 0 0
70| 0 0 0
71| 0 0 0
72| 0 0 0
73| 0 0 0
74| 0 0 0
75| 0 0 0
76| 0 0 0
77| 0 0 0
78| 0 0 0
79| 0 0 0
80| 0 0 0
81| 0 0 0
82| 0 0 0
83| 0 0 0
84| 0 0 0
85| 0 0 0
86| 0 0 0
87| 0 0 0
88| 0 0 0
89| 0 0 0
90| 0 0 0
91| 0 0 0
92| 0 0 0
93| 0 0 0
94| 0 0 0
95| 0 0 0
96| 0 0 0
97| 0 0 0
98| 0 0 0
99| 0 0 0
100| 0 0 0
101| 0 0 0
102| 0 0 0
103| 0 0 0
104| 0 0 0
105| 0 0 0
106| 0 0 0
107| 0 0 0
108| 0 0 0
109| 0 0 0
110| 0 0 0
111| 0 0 0
112| 0 0 0
113| 0 0 0
114| 0 0 0
115| 0 0 0
116| 0 0 0
117| 0 0 0
118| 0 0 0
119| 0 0 0
120| 0 0 0
121| 0 0 0
122| 0 0 0
123| 0 0 0
124| 0 0 0
125| 0 0 0
126| 0 0 0
127| 0 0 0
128| 0 0 0
129| 0 0 0
130| 0 0 0
131| 0 0 0
132| 0 0 0
133| 0 0 0
134| 0 0 0
135| 0 0 0
136| 0 0 0
137| 0 0 0
138| 0 0 0
139| 0 0 0
140| 0 0 0
141| 0 0 0
142| 0 0 0
143| 0 0 0
144| 0 0 0
145| 0 0 0
146| 0 0 0
147| 0 0 0
148| 0 0 0
149| 0 0 0
150| 0 0 0
151| 0 0 0
152| 0 0 0
153| 0 0 0
154| 0 0 0
155| 0 0 0
156| 0 0 0
157| 0 0 0
158| 0 0 0
159| 0 0 0
160| 0 0 0
161| 0 0 0
162| 0 0 0
163| 0 0 0
164| 0 0 0
165| 0 0 0
166| 0 0 0
167| 0 0 0
168| 0 0 0
169| 0 0 0
170| 0 0 0
171| 0 0 0
172| 0 0 0
173| 0 0 0
174| 0 0 0
175| 0 0 0
176| 0 0 0
177| 0 0 0
178| 0 0 0
179| 0 0 0
180| 0 0 0
181| 0 0 0
182| 0 0 0
183| 0 0 0
184| 0 0 0
185| 0 0 0
186| 0 0 0
187| 0 0 0
188| 0 0 0
189| 0 0 0
190| 0 4 0
191| 0 8 0
192| 0 12 0
193| 0 16 0
194| 0 20 0
195| 0 24 0
196| 0 28 0
197| 0 32 0
198| 0 36 0
199| 0 40 0
200| 0 43,99999 0
201| 0 47,99999 0
202| 0 51,99999 0
203| 0 55,99999 0
204| 0 60 0
205| 0 64 0
206| 0 68 0
207| 0 72 0
208| 0 76,00001 0
209| 0 80,00001 0
210| 0 84,00001 0
211| 0 88,00002 0
212| 0 92,00002 0
213| 0 96,00002 0
214| 0 100 0
215| 0 104 0
216| 0 108 0
217| 0 112 0
218| 0 116 0
219| 0 120 0
220| 0 124 0
221| 0 128 0
222| 0 132 0
223| 0 136 0
224| 0 140 0
225| 0 144 0
226| 0 148 0
227| 0 152 0
228| 0 156 0
229| 0 160 0
230| 0 164 0
231| 0 168 0
232| 0 171,9999 0
233| 0 175,9999 0
234| 0 179,9999 0
235| 0 183,9999 0
236| 0 187,9999 0
237| 0 191,9999 0
238| 0 195,9999 0
239| 0 199,9999 0
240| 0 203,9999 0
241| 0 207,9999 0
242| 0 211,9999 0
243| 0 215,9999 0
244| 0 219,9999 0
245| 0 223,9999 0
246| 0 227,9999 0
247| 0 231,9999 0
248| 0 235,9999 0
249| 0 239,9999 0
250| 0 243,9999 0
251| 0 247,9999 0
252| 0 251,9999 0
253| 0 255,9999 0
254| 0 259,9999 0
255| 0 263,9999 0
256| 0 267,9999 0
257| 0 271,9998 0
258| 0 275,9998 0
259| 0 279,9998 0
260| 0 283,9998 0
261| 0 287,9998 0
262| 0 291,9998 0
263| 0 295,9998 0
264| 0 299,9998 0
265| 0 303,9998 0
266| 0 307,9998 0
267| 0 0 0
268| 0 0 0
269| 0 0 0
270| 0 0 0
271| 0 0 0
272| 0 0 0
273| 0 4 0
274| 0 8 0
275| 0 12 0
276| 0 16 0
277| 0 20 0
278| 0 24 0
279| 0 28 0
280| 0 32 0
281| 0 36 0
282| 0 40 0
283| 0 43,99999 0
284| 0 47,99999 0
285| 0 51,99999 0
286| 0 55,99999 0
287| 0 60 0
288| 0 64 0
289| 0 68 0
290| 0 72 0
291| 0 76,00001 0
292| 0 80,00001 0
293| 0 84,00001 0
294| 0 88,00002 0
295| 0 92,00002 0
296| 0 96,00002 0
297| 0 100 0
298| 0 104 0
299| 0 108 0
300| 0 112 0
301| 0 116 0
302| 0 120 0
303| 0 124 0
304| 0 128 0
305| 0 132 0
306| 0 136 0
307| 0 140 0
308| 0 144 0
309| 0 148 0
310| 0 152 0
311| 0 156 0
312| 0 160 0
313| 0 164 0
314| 0 168 0
315| 0 171,9999 0
316| 0 175,9999 0
317| 0 179,9999 0
318| 0 183,9999 0
319| 0 187,9999 0
320| 0 191,9999 0
321| 0 195,9999 0
322| 0 199,9999 0
323| 0 203,9999 0
324| 0 207,9999 0
325| 0 211,9999 0
326| 0 215,9999 0
327| 0 219,9999 0
328| 0 223,9999 0
329| 0 227,9999 0
330| 0 231,9999 0
331| 0 235,9999 0
332| 0 239,9999 0
333| 0 243,9999 0
334| 0 247,9999 0
335| 0 251,9999 0
336| 0 255,9999 0
337| 0 259,9999 0
338| 0 263,9999 0
339| 0 267,9999 0
340| 0 271,9998 0
341| 0 275,9998 0
342| 0 279,9998 0
343| 0 283,9998 0
344| 0 287,9998 0
345| 0 291,9998 0
346| 0 295,9998 0
347| 0 299,9998 0
348| 0 303,9998 0
349| 0 307,9998 0
350| 0 311,9998 0
351| 0 315,9998 0
352| 0 319,9998 0
353| 0 323,9998 0
354| 0 327,9998 0
355| 0 331,9998 0
356| 0 335,9998 0
357| 0 339,9998 0
358| 0 343,9998 0
359| 0 347,9998 0
360| 0 351,9998 0
361| 0 355,9998 0
362| 0 359,9998 0
363| 0 363,9998 0
364| 0 367,9998 0
365| 0 371,9998 0
366| 0 375,9998 0
367| 0 379,9998 0
368| 0 383,9998 0
369| 0 387,9998 0
370| 0 391,9998 0
371| 0 395,9998 0
372| 0 399,9997 0
373| 0 400 0
374| 0 400 0
375| 0 400 0
376| 0 400 0
377| 0 400 0
378| 0 400 0
379| 0 400 0
380| 0 400 0
381| 0 400 0
382| 0 400 0
383| 0 400 0
384| -0,3 400 0
385| -0,6 400 0
386| -0,9 400 0
387| -1,2 400 0
388| -1,5 400 0
389| -1,8 400 0
390| -2,1 400 0
391| -2,4 400 0
392| -2,7 400 0
393| -3 400 0
394| -3,299999 400 0
395| -3,599999 400 0
396| -3,899999 400 0
397| -4,2 400 0
398| -4,5 400 0
399| -4,8 400 0
400| -5,1 400 0
401| -5,4 400 0
402| -5,7 400 0
403| -6 400 0
404| -6,300001 400 0
405| -6,600001 400 0
406| -6,900001 400 0
407| -7,200001 400 0
408| -7,500001 400 0
409| -7,800001 400 0
410| -8,1 400 0
411| -8,4 400 0
412| -8,7 400 0
413| -8,999999 400 0
414| 0 0 0
415| 0 0 0
416| 0 0 0
417| 0 0 0
418| 0 0 0
419| 0 0 0
420| 0 0 0
421| 0 0 0
422| 0 4 0
423| 0 8 0
424| 0 12 0
425| 0 16 0
426| 0 20 0
427| 0 24 0
428| 0 28 0
429| 0 32 0
430| 0 36 0
431| 0 40 0
432| 0 43,99999 0
433| 0 47,99999 0
434| 0 51,99999 0
435| 0 55,99999 0
436| 0 60 0
437| 0 64 0
438| 0 68 0
439| 0 72 0
440| 0 76,00001 0
441| 0 80,00001 0
442| 0 84,00001 0
443| 0 88,00002 0
444| 0 92,00002 0
445| 0 96,00002 0
446| 0 100 0
447| 0 104 0
448| 0 108 0
449| 0 112 0
450| 0 116 0
451| 0 120 0
452| 0 124 0
453| 0 128 0
454| 0 132 0
455| 0 136 0
456| 0 140 0
457| 0 144 0
458| 0 148 0
459| 0 152 0
460| 0 156 0
461| 0 160 0
462| 0 164 0
463| 0 0 0
464| 0 0 0
465| 0 0 0
466| 0 0 0
467| -0,3 0 0
468| -0,6 0 0
469| -0,9 0 0
470| -1,2 0 0
471| -1,5 0 0
472| -1,8 0 0
473| -2,1 0 0
474| -2,4 0 0
475| -2,7 0 0
476| -3 0 0
477| -3,299999 0 0
478| -3,599999 0 0
479| -3,899999 0 0
480| -4,2 0 0
481| -4,5 0 0
482| -4,8 0 0
483| -5,1 0 0
484| -5,4 0 0
485| -5,7 0 0
486| -6 0 0
487| -6,300001 0 0
488| -6,600001 0 0
489| -6,900001 0 0
490| -7,200001 0 0
491| -7,500001 0 0
492| -7,800001 0 0
493| -8,1 0 0
494| -8,4 0 0
495| 0 0 0
496| 0 0 0
497| 0 0 0
498| 0 0 0
499| 0 4 0
500| 0 8 0
501| 0 12 0
502| 0 16 0
503| 0 20 0
504| 0 24 0
505| 0 28 0
506| 0 32 0
507| 0 36 0
508| 0 40 0
509| 0 43,99999 0
510| 0 47,99999 0
511| 0 51,99999 0
512| 0 55,99999 0
513| 0 60 0
514| 0 64 0
515| 0 68 0
516| 0 72 0
517| 0 76,00001 0
518| 0 80,00001 0
519| 0 84,00001 0
520| 0 88,00002 0
521| 0 92,00002 0
522| 0 96,00002 0
523| 0 100 0
524| 0 104 0
525| 0 108 0
526| 0 112 0
527| 0 116 0
528| 0 120 0
529| 0 124 0
530| 0 128 0
531| 0 132 0
532| 0 136 0
533| 0 140 0
534| 0 144 0
535| 0 148 0
536| 0 152 0
537| 0 156 0
538| 0 160 0
539| 0 164 0
540| 0 168 0
541| 0 171,9999 0
542| 0 175,9999 0
543| 0 179,9999 0
544| 0 183,9999 0
545| 0 187,9999 0
546| 0 191,9999 0
547| 0 195,9999 0
548| 0 199,9999 0
549| 0 203,9999 0
550| 0 207,9999 0
551| 0 211,9999 0
552| 0 215,9999 0
553| 0 219,9999 0
554| 0 223,9999 0
555| 0 227,9999 0
556| 0 231,9999 0
557| 0 235,9999 0
558| 0 239,9999 0
559| 0 243,9999 0
560| 0 247,9999 0
561| 0 251,9999 0
562| 0 255,9999 0
563| 0 259,9999 0
564| 0 263,9999 0
565| 0 267,9999 0
566| 0 271,9998 0
567| 0 275,9998 0
568| 0 279,9998 0
569| 0 283,9998 0
570| 0 287,9998 0
571| 0 291,9998 0
572| 0 295,9998 0
573| 0 299,9998 0
574| 0 303,9998 0
575| 0 307,9998 0
576| 0 311,9998 0
577| 0 315,9998 0
578| 0 319,9998 0
579| 0 323,9998 0
580| 0 327,9998 0
581| 0 331,9998 0
582| 0 335,9998 0
583| 0 339,9998 0
584| 0 343,9998 0
585| 0 347,9998 0
586| 0 351,9998 0
587| 0 355,9998 0
588| 0 359,9998 0
589| 0 363,9998 0
590| 0 367,9998 0
591| 0 371,9998 0
592| 0 375,9998 0
593| 0 379,9998 0
594| 0 383,9998 0
595| 0 387,9998 0
596| 0 391,9998 0
597| 0 395,9998 0
598| 0 399,9997 0
599| 0 400 0
600| 0 400 0
601| 0 400 0
602| 0 400 0
603| 0 400 0
604| 0 400 0
605| 0 400 0
606| 0 400 0
607| 0 400 0
608| 0 400 0
609| 0 400 0
610| 0 400 0
611| 0 400 0
612| 0 400 0
613| 0 400 0
614| 0 400 0
615| 0 400 0
616| 0 400 0
617| 0 400 0
618| 0 400 0
619| 0 400 0
620| 0 400 0
621| 0 400 0
622| 0 400 0
623| 0 400 0
624| 0 400 0
625| 0 400 0
626| 0 400 0
627| 0 400 0
628| 0 400 0
629| 0 400 0
630| 0 400 0
631| 0 400 0
632| 0 400 0
633| 0 400 0
634| 0 400 0
635| 0 400 0
636| 0 400 0
637| 0 400 0
638| 0 400 0
639| 0 400 0
640| 0 400 0
641| 0 400 0
642| 0 400 0
643| 0 400 0
644| 0 400 0
645| 0 400 0
646| 0 400 0
647| 0 400 0
648| 0 400 0
649| 0 400 0
650| 0 400 0
651| 0 400 0
652| 0 400 0
653| 0 400 0
654| 0 400 0
655| 0,3 400 0
656| 0,6 400 0
657| 0,9 400 0
658| 1,2 400 0
659| 1,5 400 0
660| 1,8 400 0
661| 2,1 400 0
662| 2,1 400 0
663| 2,1 400 0
664| 2,1 400 0
665| 2,1 400 0
666| 2,1 400 0
667| 2,1 400 0
668| 2,1 400 0
669| 2,1 400 0
670| 2,1 400 0
671| 2,1 400 0
672| 2,1 400 0
673| 2,1 400 0
674| 2,1 400 0
675| 2,4 400 0
676| 2,7 400 0
677| 3 400 0
678| 3,299999 400 0
679| 3,599999 400 0
680| 3,899999 400 0
681| 4,2 400 0
682| 4,2 400 0
683| 4,2 400 0
684| 4,2 400 0
685| 4,2 400 0
686| 4,2 400 0
687| 4,2 400 0
688| 4,2 400 0
689| 4,2 400 0
690| 4,2 400 0
691| 4,2 400 0
692| 4,2 400 0
693| 4,2 400 0
694| 4,2 400 0
695| 4,2 400 0
696| 4,2 400 0
697| 4,2 400 0
698| 4,2 400 0
699| 4,2 400 0
700| 4,2 400 0
701| 4,2 400 0
702| 4,2 400 0
703| 4,2 400 0
704| 4,2 400 0
705| 4,2 400 0
706| 4,2 400 0
707| 4,2 400 0
708| 4,2 400 0
709| 4,2 400 0
710| 4,2 400 0
711| 4,2 400 0
712| 4,2 400 0
713| 4,2 400 0
714| 4,2 400 0
715| 4,2 400 0
716| 4,2 400 0
717| 0 400 0
718| -0,3 400 0
719| -0,6 400 0
720| -0,9 400 0
721| -1,2 400 0
722| -1,2 400 0
723| -1,2 400 0
724| -1,2 400 0
725| -1,2 400 0
726| -1,2 400 0
727| -1,2 400 0
728| -1,2 400 0
729| -1,2 400 0
730| -1,2 400 0
731| -1,2 400 0
732| -1,2 400 0
733| -1,2 400 0
734| -1,5 400 0
735| -1,8 400 0
736| -2,1 400 0
737| -2,4 400 0
738| -2,7 400 0
739| -3 400 0
740| -3,299999 400 0
741| -3,599999 400 0
742| -3,899999 400 0
743| -4,2 400 0
744| -4,2 400 0
745| -4,2 400 0
746| -4,2 400 0
747| -4,2 400 0
748| -4,2 400 0
749| -4,2 400 0
750| -4,2 400 0
751| -4,2 400 0
752| -4,2 400 0
753| -4,2 400 0
754| -4,2 400 0
755| -4,2 400 0
756| -4,2 400 0
757| -4,2 400 0
758| -4,2 400 0
759| -4,2 400 0
760| -4,2 400 0
761| -4,2 400 0
762| -4,2 400 0
763| -4,2 400 0
764| -4,2 400 0
765| -4,2 400 0
766| -4,2 400 0
767| -4,2 400 0
768| 0 0 0
769| 0 0 0
770| 0 0 0
771| 0 0 0
772| 0 0 0
773| 0 0 0
774| 0 0 0
775| 0 4 0
776| 0 8 0
777| 0 12 0
778| 0 16 0
779| 0 20 0
780| 0 24 0
781| 0 28 0
782| 0 32 0
783| 0 36 0
784| 0 40 0
785| 0 43,99999 0
786| 0 47,99999 0
787| 0 51,99999 0
788| 0 55,99999 0
789| 0 60 0
790| 0 64 0
791| 0 68 0
792| 0 72 0
793| 0 76,00001 0
794| 0 80,00001 0
795| 0 84,00001 0
796| 0 88,00002 0
797| 0 92,00002 0
798| 0 96,00002 0
799| 0 100 0
800| 0 104 0
801| 0 108 0
802| 0 112 0
803| 0 116 0
804| 0 120 0
805| 0 124 0
806| 0 128 0
807| 0 132 0
808| 0 136 0
809| 0 140 0
810| 0 144 0
811| 0 148 0
812| 0 152 0
813| 0 156 0
814| 0 156 0
815| 0,3 156 0
816| 0,6 156 0
817| 0,9 156 0
818| 1,2 156 0
819| 1,5 156 0
820| 1,8 156 0
821| 2,1 156 0
822| 2,4 156 0
823| 2,7 156 0
824| 3 156 0
825| 3,299999 156 0
826| 3,599999 156 0
827| 3,899999 156 0
828| 4,2 156 0
829| 4,5 156 0
830| 4,8 156 0
831| 5,1 156 0
832| 5,4 156 0
833| 5,7 156 0
834| 6 156 0
835| 6,300001 156 0
836| 6,600001 156 0
837| 6,900001 156 0
838| 0 0 0
839| 0 0 0
840| 0 0 0
841| 0 0 0
842| 0 0 0
843| 0 0 0
844| 0 0 0
845| 0 0 0
846| 0 4 0
847| 0 8 0
848| 0 12 0
849| 0 16 0
850| 0 20 0
851| 0 24 0
852| 0 28 0
853| 0 32 0
854| 0 36 0
855| 0 40 0
856| 0 43,99999 0
857| 0 47,99999 0
858| 0 51,99999 0
859| 0 55,99999 0
860| 0 0 0
861| 0 0 0
862| 0 0 0
863| 0 0 0
864| 0 0 0
865| 0 0 0
866| 0 0 0
867| -0,3 0 0
868| -0,6 0 0
869| -0,9 0 0
870| -1,2 0 0
871| -1,5 0 0
872| -1,8 0 0
873| -2,1 0 0
874| 0 0 0
875| 0 0 0
876| 0 0 0
877| 0 0 0
878| 0 0 0
879| 0 0 0
880| 0 0 0
881| 0 0 0
882| 0 0 0
883| 0 0 0
884| 0 0 0
885| 0 0 0
886| 0 0 0
887| 0 0 0
888| 0 0 0
889| 0 0 0
890| 0 0 0
891| 0 0 0
892| 0 0 0
893| -0,3 0 0
894| -0,6 0 0
895| -0,9 0 0
896| -1,2 0 0
897| -1,5 0 0
898| -1,8 0 0
899| -2,1 0 0
900| -2,4 0 0
901| -2,7 0 0
902| 0 0 0
903| 0 0 0
904| 0 0 0
905| 0 0 0
906| 0 0 0
907| 0 0 0
908| 0 0 0
909| 0 0 0
910| 0 0 0
911| 0,3 0 0
912| 0,6 0 0
913| 0,9 0 0
914| 1,2 0 0
915| 1,5 0 0
916| 1,8 0 0
917| 2,1 0 0
918| 2,4 0 0
919| 2,7 0 0
920| 3 0 0
921| 3,299999 0 0
922| 3,599999 0 0
923| 3,899999 0 0
924| 4,2 0 0
925| 4,5 0 0
926| 4,8 0 0
927| 5,1 0 0
928| 5,4 0 0
929| 5,7 0 0
930| 6 0 0
931| 6,300001 0 0
932| 6,600001 0 0
933| 6,900001 0 0
934| 7,200001 0 0
935| 7,500001 0 0
936| 7,800001 0 0
937| 8,1 0 0
938| 0 0 0
939| 0 0 0
940| 0 0 0
941| 0 0 0
942| 0 0 0
943| 0 0 0
944| 0 0 0
945| 0,3 0 0
946| 0,6 0 0
947| 0,9 0 0
948| 1,2 0 0
949| 1,5 0 0
950| 1,8 0 0
951| 2,1 0 0
952| 2,4 0 0
953| 0 0 0
954| 0 0 0
955| 0 0 0
956| 0 0 0
957| 0 0 0
958| 0 0 0
959| 0 0 0
960| 0 0 0
961| 0 0 0
962| 0 4 0
963| 0 8 0
964| 0 12 0
965| 0 16 0
966| 0 20 0
967| 0 24 0
968| 0 28 0
969| 0 32 0
970| 0 36 0
971| 0 40 0
972| 0 43,99999 0
973| 0 47,99999 0
974| 0 51,99999 0
975| 0 55,99999 0
976| 0 60 0
977| 0 64 0
978| 0 68 0
979| 0 72 0
980| 0 76,00001 0
981| 0 80,00001 0
982| 0 84,00001 0
983| 0 88,00002 0
984| 0 92,00002 0
985| 0 96,00002 0
986| 0 100 0
987| 0 104 0
988| 0 108 0
989| 0 112 0
990| 0 116 0
991| 0 120 0
992| 0 124 0
993| 0 128 0
994| 0 132 0
995| 0 136 0
996| 0 140 0
997| 0 144 0
998| 0 148 0
999| 0 152 0
1000| 0 156 0
1001| 0 160 0
1002| 0 164 0
1003| 0 168 0
1004| 0 171,9999 0
1005| 0 175,9999 0
1006| 0 179,9999 0
1007| 0 183,9999 0
1008| 0 187,9999 0
1009| 0 191,9999 0
1010| 0 195,9999 0
1011| 0 199,9999 0
1012| 0 203,9999 0
1013| 0 207,9999 0
1014| 0 211,9999 0
1015| 0 215,9999 0
1016| 0 219,9999 0
1017| 0 223,9999 0
1018| 0 227,9999 0
1019| 0 231,9999 0
1020| 0 235,9999 0
1021| 0 239,9999 0
1022| 0 243,9999 0
1023| 0 247,9999 0
1024| 0 251,9999 0
1025| 0 255,9999 0
1026| 0 259,9999 0
1027| 0 263,9999 0
1028| 0 267,9999 0
1029| 0 271,9998 0
1030| 0 275,9998 0
1031| 0 279,9998 0
1032| 0 283,9998 0
1033| 0 0 0
1034| 0 0 0
1035| 0 0 0
1036| 0 0 0
1037| 0,3 0 0
1038| 0,6 0 0
1039| 0,9 0 0
1040| 1,2 0 0
1041| 1,5 0 0
1042| 1,8 0 0
1043| 2,1 0 0
1044| 2,4 0 0
1045| 2,7 0 0
1046| 3 0 0
1047| 3,299999 0 0
1048| 3,599999 0 0
1049| 3,899999 0 0
1050| 4,2 0 0
1051| 4,5 0 0
1052| 4,8 0 0
1053| 5,1 0 0
1054| 5,4 0 0
1055| 5,7 0 0
1056| 6 0 0
1057| 6,300001 0 0
1058| 6,600001 0 0
1059| 0 0 0
1060| 0 0 0
1061| 0 0 0
1062| 0 0 0
1063| 0 0 0
1064| 0 4 0
1065| 0 8 0
1066| 0 12 0
1067| 0 16 0
1068| 0 20 0
1069| 0 24 0
1070| 0 28 0
1071| 0 32 0
1072| 0 36 0
1073| 0 40 0
1074| 0 43,99999 0
1075| 0 47,99999 0
1076| 0 51,99999 0
1077| 0 55,99999 0
1078| 0 60 0
1079| 0 64 0
1080| 0 68 0
1081| 0 72 0
1082| 0 76,00001 0
1083| 0 80,00001 0
1084| 0 84,00001 0
1085| 0 88,00002 0
1086| 0 92,00002 0
1087| 0 96,00002 0
1088| 0 100 0
1089| 0 104 0
1090| 0 108 0
1091| 0 112 0
1092| 0 116 0
1093| 0 120 0
1094| 0 124 0
1095| 0 128 0
1096| 0 132 0
1097| 0 136 0
1098| 0 140 0
1099| 0 144 0
1100| 0 148 0
1101| 0 152 0
1102| 0 156 0
1103| 0 160 0
1104| 0 164 0
1105| 0 168 0
1106| 0 171,9999 0
1107| 0 175,9999 0
1108| 0 179,9999 0
1109| 0 183,9999 0
1110| 0 187,9999 0
1111| 0 191,9999 0
1112| 0 195,9999 0
1113| 0 199,9999 0
1114| 0 203,9999 0
1115| 0 207,9999 0
1116| 0 211,9999 0
1117| 0 215,9999 0
1118| 0 219,9999 0
1119| 0 223,9999 0
1120| 0 227,9999 0
1121| 0 231,9999 0
1122| 0 235,9999 0
1123| 0 239,9999 0
1124| 0 243,9999 0
1125| 0 247,9999 0
1126| 0 251,9999 0
1127| 0 255,9999 0
1128| 0 259,9999 0
1129| 0 263,9999 0
1130| 0 267,9999 0
1131| 0 271,9998 0
1132| 0 275,9998 0
1133| 0 279,9998 0
1134| 0 283,9998 0
1135| 0 287,9998 0
1136| 0 291,9998 0
1137| 0 295,9998 0
1138| 0 299,9998 0
1139| 0 303,9998 0
1140| 0 307,9998 0
1141| 0 311,9998 0
1142| 0 315,9998 0
1143| 0 319,9998 0
1144| 0 323,9998 0
1145| 0 327,9998 0
1146| 0 331,9998 0
1147| 0 335,9998 0
1148| 0 339,9998 0
1149| 0 343,9998 0
1150| 0 347,9998 0
1151| 0 351,9998 0
1152| 0 355,9998 0
1153| 0 359,9998 0
1154| 0 363,9998 0
1155| 0 367,9998 0
1156| 0 371,9998 0
1157| 0 375,9998 0
1158| 0 379,9998 0
1159| 0 383,9998 0
1160| 0 387,9998 0
1161| 0 391,9998 0
1162| 0 395,9998 0
1163| 0 399,9997 0
1164| 0 400 0
1165| 0 400 0
1166| 0 400 0
1167| 0 400 0
1168| 0 400 0
1169| 0 400 0
1170| 0 400 0
1171| 0 400 0
1172| 0 400 0
1173| 0 400 0
1174| 0 400 0
1175| 0 400 0
1176| 0 400 0
1177| 0 400 0
1178| 0 400 0
1179| 0 400 0
1180| 0 400 0
1181| 0 400 0
1182| 0 400 0
1183| 0 400 0
1184| 0 400 0
1185| 0 400 0
1186| 0 400 0
1187| 0 400 0
1188| 0 400 0
1189| 0 400 0
1190| 0 400 0
1191| 0 400 0
1192| 0,3 400 0
1193| 0,6 400 0
1194| 0,9 400 0
1195| 1,2 400 0
1196| 1,5 400 0
1197| 1,8 400 0
1198| 2,1 400 0
1199| 2,4 400 0
1200| 0 0 0
1201| 0 0 0
1202| 0 0 0
1203| 0 0 0
1204| 0 0 0
1205| 0,3 0 0
1206| 0,6 0 0
1207| 0,9 0 0
1208| 1,2 0 0
1209| 1,5 0 0
1210| 1,8 0 0
1211| 2,1 0 0
1212| 0 0 0
1213| 0 0 0
1214| 0 0 0
1215| 0 0 0
1216| 0 0 0
1217| 0 0 0
1218| 0 4 0
1219| 0 8 0
1220| 0 12 0
1221| 0 16 0
1222| 0 20 0
1223| 0 24 0
1224| 0 28 0
1225| 0 32 0
1226| 0 36 0
1227| 0 40 0
1228| 0 43,99999 0
1229| 0 47,99999 0
1230| 0 51,99999 0
1231| 0 55,99999 0
1232| 0 60 0
1233| 0 64 0
1234| 0 68 0
1235| 0 72 0
1236| 0 76,00001 0
1237| 0 80,00001 0
1238| 0 84,00001 0
1239| 0 88,00002 0
1240| 0 92,00002 0
1241| 0 96,00002 0
1242| 0 100 0
1243| 0 104 0
1244| 0 108 0
1245| 0 112 0
1246| 0 116 0
1247| 0 120 0
1248| 0 124 0
1249| 0 128 0
1250| 0 132 0
1251| 0 136 0
1252| 0 140 0
1253| 0 144 0
1254| 0 148 0
1255| 0 152 0
1256| 0 156 0
1257| 0 160 0
1258| 0 164 0
1259| 0 168 0
1260| 0 171,9999 0
1261| 0 175,9999 0
1262| 0 179,9999 0
1263| 0 183,9999 0
1264| 0 187,9999 0
1265| 0 191,9999 0
1266| 0 195,9999 0
1267| 0 199,9999 0
1268| 0 203,9999 0
1269| 0 207,9999 0
1270| 0 211,9999 0
1271| 0 215,9999 0
1272| 0 219,9999 0
1273| 0 223,9999 0
1274| 0 227,9999 0
1275| 0 231,9999 0
1276| 0 235,9999 0
1277| 0 239,9999 0
1278| 0 243,9999 0
1279| 0 247,9999 0
1280| 0 251,9999 0
1281| 0 255,9999 0
1282| 0 259,9999 0
1283| 0 263,9999 0
1284| 0 267,9999 0
1285| 0 271,9998 0
1286| 0 0 0
1287| 0 0 0
1288| -0,3 0 0
1289| -0,6 0 0
1290| -0,9 0 0
1291| -1,2 0 0
1292| -1,5 0 0
1293| -1,8 0 0
1294| -2,1 0 0
1295| -2,4 0 0
1296| -2,7 0 0
1297| -3 0 0
1298| -3,299999 0 0
1299| -3,599999 0 0
1300| -3,899999 0 0
1301| -4,2 0 0
1302| -4,5 0 0
1303| -4,8 0 0
1304| -5,1 0 0
1305| -5,4 0 0
1306| -5,7 0 0
1307| -6 0 0
1308| 0 0 0
1309| 0 0 0
1310| 0 0 0
1311| 0 0 0
1312| 0 0 0
1313| 0 4 0
1314| 0 8 0
1315| 0 12 0
1316| 0 16 0
1317| 0 20 0
1318| 0 24 0
1319| 0 28 0
1320| 0 32 0
1321| 0 36 0
1322| 0 40 0
1323| 0 43,99999 0
1324| 0 47,99999 0
1325| 0 51,99999 0
1326| 0 55,99999 0
1327| 0 60 0
1328| 0 64 0
1329| 0 68 0
1330| 0 72 0
1331| 0 76,00001 0
1332| 0 80,00001 0
1333| 0 84,00001 0
1334| 0 88,00002 0
1335| 0 92,00002 0
1336| 0 96,00002 0
1337| 0 100 0
1338| 0 104 0
1339| 0 108 0
1340| 0 112 0
1341| 0 116 0
1342| 0 120 0
1343| 0 124 0
1344| 0 128 0
1345| 0 132 0
1346| 0 136 0
1347| 0 140 0
1348| 0 144 0
1349| 0 148 0
1350| 0 152 0
1351| 0 156 0
1352| 0 160 0
1353| 0 164 0
1354| 0 168 0
1355| 0 0 0
1356| 0 0 0
1357| -0,3 0 0
1358| -0,6 0 0
1359| -0,9 0 0
1360| -1,2 0 0
1361| -1,5 0 0
1362| -1,8 0 0
1363| -2,1 0 0
1364| -2,4 0 0
1365| -2,7 0 0
1366| -3 0 0
1367| -3,299999 0 0
1368| -3,599999 0 0
1369| -3,899999 0 0
1370| -4,2 0 0
1371| -4,5 0 0
1372| -4,8 0 0
1373| -5,1 0 0
1374| -5,4 0 0
1375| -5,7 0 0
1376| -6 0 0
1377| -6,300001 0 0
1378| -6,600001 0 0
1379| 0 0 0
1380| 0 0 0
1381| 0 0 0
1382| 0 0 0
1383| 0 0 0
1384| 0 4 0
1385| 0 8 0
1386| 0 12 0
1387| 0 16 0
1388| 0 20 0
1389| 0 24 0
1390| 0 28 0
1391| 0 32 0
1392| 0 36 0
1393| 0 40 0
1394| 0 43,99999 0
1395| 0 47,99999 0
1396| 0 51,99999 0
1397| 0 55,99999 0
1398| 0 60 0
1399| 0 64 0
1400| 0 68 0
1401| 0 72 0
1402| 0 76,00001 0
1403| 0 80,00001 0
1404| 0 84,00001 0
1405| 0 88,00002 0
1406| 0 92,00002 0
1407| 0 96,00002 0
1408| 0 100 0
1409| 0 104 0
1410| 0 108 0
1411| 0 112 0
1412| 0 116 0
1413| 0 120 0
1414| 0 124 0
1415| 0 128 0
1416| 0 132 0
1417| 0 136 0
1418| 0 140 0
1419| 0 144 0
1420| 0 148 0
1421| 0 152 0
1422| 0 156 0
1423| 0 160 0
1424| 0 164 0
1425| 0 168 0
1426| 0 171,9999 0
1427| 0 175,9999 0
1428| 0 179,9999 0
1429| 0 183,9999 0
1430| 0 187,9999 0
1431| 0 191,9999 0
1432| 0 195,9999 0
1433| 0 199,9999 0
1434| 0 203,9999 0
1435| 0 207,9999 0
1436| 0 211,9999 0
1437| 0 215,9999 0
1438| 0 219,9999 0
1439| 0 223,9999 0
1440| 0 227,9999 0
1441| 0 231,9999 0
1442| 0 235,9999 0
1443| 0 239,9999 0
1444| 0 243,9999 0
1445| 0 247,9999 0
1446| 0 251,9999 0
1447| 0 255,9999 0
1448| 0 259,9999 0
1449| 0 263,9999 0
1450| 0 267,9999 0
1451| 0 271,9998 0
1452| 0 275,9998 0
1453| 0 279,9998 0
1454| 0 283,9998 0
1455| 0 287,9998 0
1456| 0 291,9998 0
1457| 0 295,9998 0
1458| 0 299,9998 0
1459| 0 303,9998 0
1460| 0 307,9998 0
1461| 0 311,9998 0
1462| -0,3 315,9998 0
1463| -0,6 315,9998 0
1464| -0,9 315,9998 0
1465| -1,2 315,9998 0
1466| -1,5 315,9998 0
1467| -1,8 315,9998 0
1468| -2,1 315,9998 0
1469| -2,4 315,9998 0
1470| -2,7 315,9998 0
1471| -3 315,9998 0
1472| -3,299999 315,9998 0
1473| -3,599999 315,9998 0
1474| -3,899999 315,9998 0
1475| -4,2 315,9998 0
1476| -4,5 315,9998 0
1477| -4,8 315,9998 0
1478| -5,1 315,9998 0
1479| -5,4 315,9998 0
1480| -5,7 315,9998 0
1481| -6 315,9998 0
1482| 0 0 0
1483| 0 0 0
1484| 0 0 0
1485| 0 0 0
1486| 0 0 0
1487| 0 0 0
1488| -0,3 0 0
1489| -0,6 0 0
1490| -0,9 0 0
1491| -1,2 0 0
1492| -1,5 0 0
1493| -1,8 0 0
1494| -2,1 0 0
1495| 0 0 0
1496| 0 0 0
1497| 0 0 0
1498| 0 0 0
1499| 0 0 0
1500| 0 0 0
1501| 0 0 0
1502| 0 0 0
1503| 0 0 0
1504| 0 4 0
1505| 0 8 0
1506| 0 12 0
1507| 0 16 0
1508| 0 20 0
1509| 0 24 0
1510| 0 28 0
1511| 0 32 0
1512| 0 36 0
1513| 0 40 0
1514| 0 43,99999 0
1515| 0 47,99999 0
1516| 0 51,99999 0
1517| 0 55,99999 0
1518| 0 60 0
1519| 0 64 0
1520| 0 68 0
1521| 0 72 0
1522| 0 76,00001 0
1523| 0 80,00001 0
1524| 0 84,00001 0
1525| 0 88,00002 0
1526| 0 92,00002 0
1527| 0 96,00002 0
1528| 0 100 0
1529| 0 104 0
1530| 0 108 0
1531| 0 112 0
1532| 0 116 0
1533| 0 120 0
1534| 0 124 0
1535| 0 128 0
1536| 0 132 0
1537| 0 136 0
1538| 0 140 0
1539| 0 144 0
1540| 0 148 0
1541| 0 152 0
1542| 0 156 0
1543| 0 160 0
1544| 0 164 0
1545| 0 168 0
1546| 0 171,9999 0
1547| 0 175,9999 0
1548| 0 179,9999 0
1549| 0 183,9999 0
1550| 0 187,9999 0
1551| 0 191,9999 0
1552| 0 195,9999 0
1553| 0 199,9999 0
1554| 0 203,9999 0
1555| 0 207,9999 0
1556| 0 211,9999 0
1557| 0 215,9999 0
1558| 0 219,9999 0
1559| 0 223,9999 0
1560| 0 227,9999 0
1561| 0 231,9999 0
1562| 0 0 0
1563| -0,3 0 0
1564| -0,6 0 0
1565| -0,9 0 0
1566| -1,2 0 0
1567| -1,5 0 0
1568| -1,8 0 0
1569| -2,1 0 0
1570| -2,4 0 0
1571| -2,7 0 0
1572| -3 0 0
1573| -3,299999 0 0
1574| -3,599999 0 0
1575| -3,899999 0 0
1576| -4,2 0 0
1577| -4,5 0 0
1578| -4,8 0 0
1579| -5,1 0 0
1580| -5,4 0 0
1581| -5,7 0 0
1582| -6 0 0
1583| -6,300001 0 0
1584| -6,600001 0 0
1585| -6,900001 0 0
1586| -7,200001 0 0
1587| -7,500001 0 0
1588| -7,800001 0 0
1589| -8,1 0 0
1590| -8,4 0 0
1591| -8,7 0 0
1592| -8,999999 0 0
1593| 0 0 0
1594| 0 0 0
1595| 0 0 0
1596| 0 0 0
1597| 0 0 0
1598| 0 4 0
1599| 0 8 0
1600| 0 12 0
1601| 0 16 0
1602| 0 20 0
1603| 0 24 0
1604| 0 28 0
1605| 0 32 0
1606| 0 36 0
1607| 0 40 0
1608| 0 43,99999 0
1609| 0 47,99999 0
1610| 0 51,99999 0
1611| 0 55,99999 0
1612| 0 60 0
1613| 0 64 0
1614| 0 68 0
1615| 0 72 0
1616| 0 76,00001 0
1617| 0 80,00001 0
1618| 0 84,00001 0
1619| 0 88,00002 0
1620| 0 92,00002 0
1621| 0 96,00002 0
1622| 0 100 0
1623| 0 104 0
1624| 0 108 0
1625| 0 112 0
1626| 0 116 0
1627| 0 120 0
1628| 0 124 0
1629| 0 0 0
1630| 0 0 0
1631| 0 0 0
1632| 0 0 0
1633| 0 0 0
1634| 0 0 0
1635| 0,3 0 0
1636| 0,6 0 0
1637| 0,9 0 0
1638| 1,2 0 0
1639| 1,5 0 0
1640| 1,8 0 0
1641| 2,1 0 0
1642| 2,4 0 0
1643| 2,7 0 0
1644| 3 0 0
1645| 3,299999 0 0
1646| 3,599999 0 0
1647| 3,899999 0 0
1648| 4,2 0 0
1649| 4,5 0 0
1650| 4,8 0 0
1651| 5,1 0 0
1652| 5,4 0 0
1653| 5,7 0 0
1654| 6 0 0
1655| 6,300001 0 0
1656| 6,600001 0 0
1657| 0 0 0
1658| 0 0 0
1659| 0 0 0
1660| 0 0 0
1661| 0 0 0
1662| 0 0 0
1663| 0 0 0
1664| 0 4 0
1665| 0 8 0
1666| 0 12 0
1667| 0 16 0
1668| 0 20 0
1669| 0 24 0
1670| 0 28 0
1671| 0 32 0
1672| 0 36 0
1673| 0 40 0
1674| 0 43,99999 0
1675| 0 47,99999 0
1676| 0 51,99999 0
1677| 0 55,99999 0
1678| 0 60 0
1679| 0 64 0
1680| 0 68 0
1681| 0 72 0
1682| 0 76,00001 0
1683| 0 80,00001 0
1684| 0 84,00001 0
1685| 0 88,00002 0
1686| 0 92,00002 0
1687| 0 96,00002 0
1688| 0 100 0
1689| 0 104 0
1690| 0 108 0
1691| 0 112 0
1692| 0 116 0
1693| 0 120 0
1694| 0 124 0
1695| 0 128 0
1696| 0 132 0
1697| 0 136 0
1698| 0 140 0
1699| 0 144 0
1700| 0 148 0
1701| 0 152 0
1702| 0 156 0
1703| 0 160 0
1704| 0 164 0
1705| 0 168 0
1706| 0 171,9999 0
1707| 0 175,9999 0
1708| 0 179,9999 0
1709| 0 183,9999 0
1710| 0 187,9999 0
1711| 0 191,9999 0
1712| 0 195,9999 0
1713| 0 199,9999 0
1714| 0 203,9999 0
1715| 0 207,9999 0
1716| 0 211,9999 0
1717| 0 215,9999 0
1718| 0 219,9999 0
1719| 0 223,9999 0
1720| 0 227,9999 0
1721| 0 231,9999 0
1722| 0 235,9999 0
1723| 0 239,9999 0
1724| 0 243,9999 0
1725| 0 247,9999 0
1726| 0 251,9999 0
1727| 0 255,9999 0
1728| 0 259,9999 0
1729| 0 263,9999 0
1730| 0 267,9999 0
1731| 0 271,9998 0
1732| 0 275,9998 0
1733| 0 279,9998 0
1734| 0 283,9998 0
1735| 0 287,9998 0
1736| 0 291,9998 0
1737| 0 295,9998 0
1738| 0 299,9998 0
1739| 0 303,9998 0
1740| 0 307,9998 0
1741| 0 311,9998 0
1742| 0 315,9998 0
1743| 0 319,9998 0
1744| 0 323,9998 0
1745| 0 327,9998 0
1746| 0 331,9998 0
1747| 0 335,9998 0
1748| 0 339,9998 0
1749| 0 343,9998 0
1750| 0 347,9998 0
1751| 0 351,9998 0
1752| 0 355,9998 0
1753| 0 359,9998 0
1754| 0 363,9998 0
1755| 0 367,9998 0
1756| 0 371,9998 0
1757| 0 375,9998 0
1758| 0 379,9998 0
1759| 0 383,9998 0
1760| 0 387,9998 0
1761| 0 391,9998 0
1762| 0 395,9998 0
1763| 0 399,9997 0
1764| 0 400 0
1765| 0 400 0
1766| 0 400 0
1767| 0 400 0
1768| 0 400 0
1769| 0 400 0
1770| 0 400 0
1771| 0 400 0
1772| 0 400 0
1773| 0 400 0
1774| 0 400 0
1775| 0 400 0
1776| 0 400 0
1777| 0 400 0
1778| 0 400 0
1779| 0 400 0
1780| 0 400 0
1781| 0 400 0
1782| 0 400 0
1783| 0 400 0
1784| 0 400 0
1785| 0 400 0
1786| 0 400 0
1787| 0 400 0
1788| 0 400 0
1789| 0 400 0
1790| 0 400 0
1791| 0 400 0
1792| 0 400 0
1793| 0 400 0
1794| 0 0 0
1795| 0 0 0
1796| 0 0 0
1797| 0 0 0
1798| 0 0 0
1799| 0 0 0
1800| 0 0 0
1801| 0 0 0
1802| 0 0 0
1803| 0 0 0
1804| 0 0 0
1805| 0 0 0
1806| 0 0 0
1807| 0 0 0
1808| 0 4 0
1809| 0 8 0
1810| 0 12 0
1811| 0 16 0
1812| 0 20 0
1813| 0 24 0
1814| 0 28 0
1815| 0 32 0
1816| 0 36 0
1817| 0 40 0
1818| 0 43,99999 0
1819| 0 47,99999 0
1820| 0 51,99999 0
1821| 0 55,99999 0
1822| 0 60 0
1823| 0 64 0
1824| 0 68 0
1825| 0 72 0
1826| 0 76,00001 0
1827| 0 80,00001 0
1828| 0 84,00001 0
1829| 0 88,00002 0
1830| 0 92,00002 0
1831| 0 96,00002 0
1832| 0 100 0
1833| 0 104 0
1834| 0 108 0
1835| 0 112 0
1836| 0 116 0
1837| 0 0 0
1838| 0 0 0
1839| 0 0 0
1840| 0 0 0
1841| 0 0 0
1842| 0 0 0
1843| 0 0 0
1844| 0 0 0
1845| 0 0 0
1846| 0 0 0
1847| 0 0 0
1848| 0 0 0
1849| 0 0 0
1850| 0 0 0
1851| 0 0 0
1852| 0 0 0
1853| 0 0 0
1854| 0 0 0
1855| 0 0 0
1856| 0 0 0
1857| 0 0 0
1858| 0,3 0 0
1859| 0,6 0 0
1860| 0,9 0 0
1861| 1,2 0 0
1862| 1,5 0 0
1863| 1,8 0 0
1864| 2,1 0 0
1865| 2,4 0 0
1866| 2,7 0 0
1867| 3 0 0
1868| 3,299999 0 0
1869| 3,599999 0 0
1870| 3,899999 0 0
1871| 4,2 0 0
1872| 4,5 0 0
1873| 4,8 0 0
1874| 5,1 0 0
1875| 5,4 0 0
1876| 5,7 0 0
1877| 6 0 0
1878| 6,300001 0 0
1879| 6,600001 0 0
1880| 6,900001 0 0
1881| 7,200001 0 0
1882| 7,500001 0 0
1883| 7,800001 0 0
1884| 8,1 0 0
1885| 8,4 0 0
1886| 8,7 0 0
1887| 0 0 0
1888| 0 0 0
1889| 0 0 0
1890| 0 0 0
1891| 0 0 0
1892| 0 0 0
1893| 0 4 0
1894| 0 8 0
1895| 0 12 0
1896| 0 16 0
1897| 0 20 0
1898| 0 24 0
1899| 0 28 0
1900| 0 32 0
1901| 0 36 0
1902| 0 40 0
1903| 0 43,99999 0
1904| 0 47,99999 0
1905| 0 51,99999 0
1906| 0 55,99999 0
1907| 0 60 0
1908| 0 64 0
1909| 0 68 0
1910| 0 72 0
1911| 0 76,00001 0
1912| 0 80,00001 0
1913| 0 84,00001 0
1914| 0 88,00002 0
1915| 0 92,00002 0
1916| 0 96,00002 0
1917| 0 100 0
1918| 0 104 0
1919| 0 108 0
1920| 0 112 0
1921| 0 116 0
1922| 0 120 0
1923| 0 124 0
1924| 0 128 0
1925| 0 132 0
1926| 0 136 0
1927| 0 140 0
1928| 0 144 0
1929| 0 148 0
1930| 0 152 0
1931| 0 156 0
1932| 0 160 0
1933| 0 164 0
1934| 0 168 0
1935| 0 171,9999 0
1936| 0 175,9999 0
1937| 0 179,9999 0
1938| 0 183,9999 0
1939| 0 187,9999 0
1940| 0 191,9999 0
1941| 0 195,9999 0
1942| 0 199,9999 0
1943| 0 203,9999 0
1944| 0 207,9999 0
1945| 0 211,9999 0
1946| 0 215,9999 0
1947| 0 219,9999 0
1948| 0 223,9999 0
1949| 0 227,9999 0
1950| 0 231,9999 0
1951| 0 235,9999 0
1952| 0 239,9999 0
1953| 0 243,9999 0
1954| 0 247,9999 0
1955| 0 251,9999 0
1956| 0 255,9999 0
1957| 0 259,9999 0
1958| 0 263,9999 0
1959| 0 267,9999 0
1960| 0 271,9998 0
1961| 0 275,9998 0
1962| 0 279,9998 0
1963| 0 283,9998 0
1964| 0 287,9998 0
1965| 0 291,9998 0
1966| 0 295,9998 0
1967| 0 299,9998 0
1968| 0 303,9998 0
1969| 0 307,9998 0
1970| 0 311,9998 0
1971| 0 315,9998 0
1972| 0 319,9998 0
1973| 0 323,9998 0
1974| 0 327,9998 0
1975| 0 331,9998 0
1976| 0 335,9998 0
1977| 0 339,9998 0
1978| 0 343,9998 0
1979| 0 347,9998 0
1980| 0 351,9998 0
1981| 0 355,9998 0
1982| 0 359,9998 0
1983| 0 363,9998 0
1984| 0 367,9998 0
1985| 0 371,9998 0
1986| 0 375,9998 0
1987| 0 379,9998 0
1988| 0 383,9998 0
1989| 0 387,9998 0
1990| 0 391,9998 0
1991| 0 395,9998 0
1992| 0 399,9997 0
1993| 0 400 0
1994| 0 400 0
1995| 0 400 0
1996| 0 400 0
1997| 0 400 0
1998| 0 400 0
1999| 0 400 0
2000| 0 400 0
2001| 0 400 0
2002| 0 400 0
2003| 0 400 0
2004| 0 400 0
2005| 0 400 0
2006| 0 400 0
2007| 0 400 0
2008| 0 400 0
2009| 0 400 0
2010| 0 400 0
2011| 0 400 0
2012| 0 400 0
2013| 0 400 0
2014| 0 400 0
2015| 0 400 0
2016| 0 400 0
2017| 0 400 0
2018| 0 400 0
2019| 0 400 0
2020| 0 400 0
2021| 0 400 0
2022| 0 400 0
2023| 0 400 0
2024| 0 400 0
2025| 0 400 0
2026| 0 400 0
2027| 0 400 0
2028| 0 400 0
2029| 0 400 0
2030| 0 400 0
2031| 0 400 0
2032| 0 400 0
2033| 0 400 0
2034| 0 400 0
2035| 0 400 0
2036| 0 400 0
2037| 0 400 0
2038| 0 400 0
2039| 0 400 0
2040| 0 400 0
2041| 0 400 0
2042| 0 400 0
2043| 0 400 0
2044| 0 400 0
2045| 0 400 0
2046| 0 400 0
2047| 0 400 0
2048| 0 400 0
2049| 0 400 0
2050| 0 400 0
2051| 0 400 0
2052| 0 400 0
2053| 0 400 0
2054| 0 400 0
2055| 0 400 0
2056| -0,3 400 0
2057| -0,6 400 0
2058| -0,9 400 0
2059| -1,2 400 0
2060| -1,2 400 0
2061| -1,2 400 0
2062| -1,2 400 0
2063| -1,2 400 0
2064| -1,2 400 0
2065| -1,2 400 0
2066| -1,2 400 0
2067| -1,2 400 0
2068| -1,2 400 0
2069| -1,2 400 0
2070| -1,2 400 0
2071| -1,2 400 0
2072| -1,2 400 0
2073| -1,2 400 0
2074| -1,2 400 0
2075| -1,2 400 0
2076| -1,2 400 0
2077| -1,2 400 0
2078| -1,2 400 0
2079| -1,2 400 0
2080| -1,2 400 0
2081| -1,2 400 0
2082| -1,2 400 0
2083| -1,2 400 0
2084| -1,2 400 0
2085| -1,2 400 0
2086| -1,2 400 0
2087| -1,2 400 0
2088| -1,2 400 0
2089| -1,2 400 0
2090| -1,2 400 0
2091| -1,2 400 0
2092| -1,2 400 0
2093| -1,2 400 0
2094| -1,2 400 0
2095| -1,2 400 0
2096| -1,2 400 0
2097| -1,2 400 0
2098| -1,2 400 0
2099| -1,2 400 0
2100| -1,2 400 0
2101| -1,2 400 0
2102| -1,2 400 0
2103| -1,2 400 0
2104| -1,2 400 0
2105| -1,2 400 0
2106| -1,2 400 0
2107| -1,2 400 0
2108| -1,2 400 0
2109| -1,2 400 0
2110| -1,2 400 0
2111| -1,2 400 0
2112| -1,2 400 0
2113| -1,2 400 0
2114| -1,2 400 0
2115| -1,2 400 0
2116| -1,2 400 0
2117| -1,2 400 0
2118| -1,2 400 0
2119| -1,2 400 0
2120| -1,2 400 0
2121| -1,2 400 0
2122| -1,2 400 0
2123| -1,2 400 0
2124| -1,2 400 0
2125| -1,2 400 0
2126| -1,2 400 0
2127| -1,2 400 0
2128| -1,2 400 0
2129| -1,2 400 0
2130| -1,2 400 0
2131| -1,2 400 0
2132| -1,2 400 0
2133| -1,2 400 0
2134| -1,2 400 0
2135| -1,2 400 0
2136| -1,2 400 0
2137| -1,2 400 0
2138| -1,2 400 0
2139| -1,2 400 0
2140| -1,2 400 0
2141| -1,2 400 0
2142| -1,2 400 0
2143| -1,2 400 0
2144| -1,2 400 0
2145| -1,2 400 0
2146| -1,2 400 0
2147| -1,2 400 0
2148| -1,2 400 0
2149| -1,2 400 0
2150| -1,2 400 0
2151| -1,2 400 0
2152| -1,2 400 0
2153| -1,2 400 0
2154| -1,2 400 0
2155| -1,2 400 0
2156| 0 0 0
2157| 0 0 0
2158| 0,3 0 0
2159| 0,6 0 0
2160| 0,9 0 0
2161| 1,2 0 0
2162| 1,5 0 0
2163| 1,8 0 0
2164| 2,1 0 0
2165| 2,4 0 0
2166| 2,7 0 0
2167| 3 0 0
2168| 3,299999 0 0
2169| 3,599999 0 0
2170| 0 0 0
2171| 0 0 0
2172| 0 0 0
2173| 0 0 0
2174| 0 0 0
2175| 0 0 0
2176| 0 0 0
2177| 0 4 0
2178| 0 8 0
2179| 0 12 0
2180| 0 16 0
2181| 0 20 0
2182| 0 24 0
2183| 0 28 0
2184| 0 32 0
2185| 0 36 0
2186| 0 40 0
2187| 0 43,99999 0
2188| 0 47,99999 0
2189| 0 51,99999 0
2190| 0 55,99999 0
2191| 0 60 0
2192| 0 64 0
2193| 0 68 0
2194| 0 72 0
2195| 0 76,00001 0
2196| 0 80,00001 0
2197| 0 84,00001 0
2198| 0 88,00002 0
2199| 0 92,00002 0
2200| 0 96,00002 0
2201| 0 100 0
2202| 0 104 0
2203| 0 108 0
2204| 0 112 0
2205| 0 116 0
2206| 0 120 0
2207| 0 124 0
2208| 0 128 0
2209| 0 132 0
2210| 0 136 0
2211| 0 140 0
2212| 0 144 0
2213| 0 148 0
2214| 0 152 0
2215| 0 156 0
2216| 0 160 0
2217| 0 164 0
2218| 0 168 0
2219| 0 171,9999 0
2220| 0 175,9999 0
2221| 0 179,9999 0
2222| 0 183,9999 0
2223| 0 187,9999 0
2224| 0 191,9999 0
2225| 0 195,9999 0
2226| 0 199,9999 0
2227| 0 203,9999 0
2228| 0 207,9999 0
2229| 0 211,9999 0
2230| 0 215,9999 0
2231| 0 219,9999 0
2232| 0 223,9999 0
2233| 0 227,9999 0
2234| 0 231,9999 0
2235| 0 235,9999 0
2236| 0 239,9999 0
2237| 0 243,9999 0
2238| 0 247,9999 0
2239| 0 251,9999 0
2240| 0 255,9999 0
2241| 0 259,9999 0
2242| 0 263,9999 0
2243| 0 267,9999 0
2244| 0 271,9998 0
2245| 0 275,9998 0
2246| 0 279,9998 0
2247| 0 283,9998 0
2248| 0 287,9998 0
2249| 0 291,9998 0
2250| 0 295,9998 0
2251| 0 299,9998 0
2252| 0 303,9998 0
2253| 0 307,9998 0
2254| 0 311,9998 0
2255| 0 315,9998 0
2256| 0 319,9998 0
2257| 0 323,9998 0
2258| 0 327,9998 0
2259| 0 331,9998 0
2260| 0 335,9998 0
2261| 0 339,9998 0
2262| 0 343,9998 0
2263| 0 347,9998 0
2264| 0 351,9998 0
2265| 0 355,9998 0
2266| 0 359,9998 0
2267| 0 363,9998 0
2268| 0 367,9998 0
2269| 0 371,9998 0
2270| 0 375,9998 0
2271| 0 379,9998 0
2272| 0 383,9998 0
2273| 0 387,9998 0
2274| 0 391,9998 0
2275| 0 395,9998 0
2276| 0 399,9997 0
2277| 0 400 0
2278| 0 400 0
2279| 0 400 0
2280| 0 400 0
2281| 0 400 0
2282| 0 400 0
2283| 0 400 0
2284| 0 400 0
2285| 0 400 0
2286| 0 400 0
2287| 0 400 0
2288| 0 400 0
2289| 0 400 0
2290| 0 400 0
2291| 0 400 0
2292| 0 400 0
2293| 0 400 0
2294| 0 400 0
2295| 0 400 0
2296| 0 400 0
2297| 0 400 0
2298| 0 400 0
2299| 0 400 0
2300| 0 400 0
2301| 0 400 0
2302| 0 400 0
2303| 0 400 0
2304| 0 400 0
2305| 0 400 0
2306| 0 400 0
2307| 0 400 0
2308| 0 400 0
2309| 0 400 0
2310| 0 400 0
2311| 0 400 0
2312| 0 400 0
2313| 0 400 0
2314| 0 400 0
2315| 0 400 0
2316| 0 400 0
2317| 0 400 0
2318| 0 400 0
2319| 0 400 0
2320| 0 400 0
2321| 0 400 0
2322| 0 400 0
2323| 0 400 0
2324| 0 400 0
2325| 0 400 0
2326| 0 400 0
2327| 0 400 0
2328| 0 400 0
2329| 0 400 0
2330| 0 400 0
2331| 0 400 0
2332| 0 400 0
2333| 0 400 0
2334| 0 400 0
2335| 0 400 0
2336| 0 400 0
2337| 0 400 0
2338| 0 400 0
2339| 0 400 0
2340| 0 400 0
2341| 0 400 0
2342| 0 400 0
2343| 0 400 0
2344| 0 400 0
2345| 0 400 0
2346| 0 400 0
2347| 0 400 0
2348| 0 400 0
2349| 0 400 0
2350| 0 400 0
2351| 0 400 0
2352| 0 400 0
2353| 0 400 0
2354| 0 400 0
2355| 0 400 0
2356| 0 400 0
2357| 0 400 0
2358| 0 400 0
2359| 0 400 0
2360| 0 400 0
2361| 0 400 0
2362| 0 400 0
2363| 0 400 0
2364| 0 400 0
2365| 0 400 0
2366| 0 400 0
2367| 0 400 0
2368| 0 400 0
2369| 0 400 0
2370| 0 400 0
2371| 0 400 0
2372| 0 400 0
2373| 0 400 0
2374| 0 400 0
2375| 0 400 0
2376| 0 400 0
2377| 0 400 0
2378| 0 400 0
2379| 0 400 0
2380| 0 400 0
2381| 0 400 0
2382| 0 400 0
2383| 0 400 0
2384| 0 400 0
2385| 0 400 0
2386| 0 400 0
2387| 0 400 0
2388| 0 400 0
2389| 0 400 0
2390| 0 400 0
2391| 0 400 0
2392| 0 400 0
2393| 0 400 0
2394| 0 400 0
2395| 0 400 0
2396| 0 400 0
2397| 0 400 0
2398| 0 400 0
2399| 0 400 0
2400| 0 400 0
2401| 0 400 0
2402| 0 400 0
2403| 0 400 0
2404| 0 400 0
2405| 0 400 0
2406| 0 400 0
2407| 0 400 0
2408| 0 400 0
2409| 0 400 0
2410| 0 400 0
2411| 0 400 0
2412| 0 400 0
2413| 0 400 0
2414| 0 400 0
2415| 0 400 0
2416| 0 400 0
2417| 0 400 0
2418| 0 400 0
2419| 0 400 0
2420| 0 400 0
2421| 0 400 0
2422| 0 400 0
2423| 0 400 0
2424| 0 400 0
2425| 0 400 0
2426| 0 400 0
2427| 0 400 0
2428| 0 400 0
2429| 0 400 0
2430| 0 400 0
2431| 0 400 0
2432| 0 400 0
2433| 0 400 0
2434| 0 400 0
2435| 0 400 0
2436| 0 400 0
2437| 0 400 0
2438| 0 400 0
2439| 0 400 0
2440| 0 400 0
2441| 0 400 0
2442| 0 400 0
2443| 0 400 0
2444| 0 400 0
2445| 0 400 0
2446| 0 400 0
2447| 0 400 0
2448| 0 400 0
2449| 0 400 0
2450| 0 400 0
2451| 0 400 0
2452| 0 400 0
2453| 0 400 0
2454| 0 400 0
2455| 0 400 0
2456| 0 400 0
2457| 0 400 0
2458| 0 400 0
2459| 0 400 0
2460| 0 400 0
2461| 0 400 0
2462| 0 400 0
2463| 0 400 0
2464| 0 400 0
2465| 0 400 0
2466| 0 400 0
2467| 0 400 0
2468| 0 400 0
2469| 0 400 0
2470| 0 400 0
2471| 0 400 0
2472| 0 400 0
2473| 0 400 0
2474| 0 400 0
2475| 0 400 0
2476| 0 400 0
2477| 0 400 0
2478| 0 400 0
2479| 0 400 0
2480| 0 400 0
2481| 0 400 0
2482| 0 400 0
2483| 0 400 0
2484| 0 400 0
2485| 0 400 0
2486| 0 400 0
2487| 0 400 0
2488| 0 400 0
2489| 0 400 0
2490| 0 400 0
2491| 0 400 0
2492| 0 400 0
2493| 0 400 0
2494| 0 400 0
2495| 0 400 0
2496| 0 400 0
2497| 0 400 0
2498| 0 400 0
2499| 0 400 0
2500| 0 400 0
2501| 0 400 0
2502| 0 400 0
2503| 0 400 0
2504| 0 400 0
2505| 0 400 0
2506| 0 400 0
2507| 0 400 0
2508| 0 400 0
2509| 0 400 0
2510| 0 400 0
2511| 0 400 0
2512| 0 400 0
2513| 0 400 0
2514| 0 400 0
2515| 0 400 0
2516| 0 400 0
2517| 0 400 0
2518| 0 400 0
2519| 0 400 0
2520| 0 400 0
2521| 0 400 0
2522| 0 400 0
2523| 0 400 0
2524| 0 400 0
2525| 0 400 0
2526| 0 400 0
2527| 0 400 0
2528| 0 400 0
2529| 0 400 0
2530| 0 400 0
2531| 0 400 0
2532| 0 400 0
2533| 0 400 0
2534| 0 400 0
2535| 0 400 0
2536| 0 400 0
2537| 0 400 0
2538| -0,3 400 0
2539| -0,6 400 0
2540| -0,9 400 0
2541| -1,2 400 0
2542| -1,5 400 0
2543| -1,8 400 0
2544| -2,1 400 0
2545| -2,1 400 0
2546| 0 0 0
2547| 0 0 0
2548| 0 0 0
2549| 0 4 0
2550| 0 8 0
2551| 0 12 0
2552| 0 16 0
2553| 0 20 0
2554| 0 24 0
2555| 0 28 0
2556| 0 32 0
2557| 0 36 0
2558| 0 40 0
2559| 0 43,99999 0
2560| 0 47,99999 0
2561| 0 51,99999 0
2562| 0 55,99999 0
2563| 0 60 0
2564| 0 64 0
2565| 0 68 0
2566| 0 72 0
2567| 0 76,00001 0
2568| 0 80,00001 0
2569| 0 84,00001 0
2570| 0 88,00002 0
2571| 0 92,00002 0
2572| 0 96,00002 0
2573| 0 100 0
2574| 0 104 0
2575| 0 108 0
2576| 0 112 0
2577| 0 116 0
2578| 0 120 0
2579| 0 124 0
2580| 0 128 0
2581| 0 132 0
2582| 0 136 0
2583| 0 140 0
2584| 0 144 0
2585| 0 148 0
2586| 0 152 0
2587| 0 156 0
2588| -0,3 160 0
2589| -0,6 164 0
2590| -0,9 168 0
2591| -1,2 171,9999 0
2592| -1,5 175,9999 0
2593| -1,5 179,9999 0
2594| -1,5 183,9999 0
2595| -1,5 187,9999 0
2596| -1,5 191,9999 0
2597| -1,5 195,9999 0
2598| -1,5 199,9999 0
2599| -1,8 203,9999 0
2600| -2,1 207,9999 0
2601| -2,4 211,9999 0
2602| -2,7 215,9999 0
2603| -3 219,9999 0
2604| -3,299999 223,9999 0
2605| -3,599999 227,9999 0
2606| -3,899999 231,9999 0
2607| -3,899999 235,9999 0
2608| -3,899999 239,9999 0
2609| -3,899999 243,9999 0
2610| -3,899999 247,9999 0
2611| -3,899999 251,9999 0
2612| -3,899999 255,9999 0
2613| -3,899999 259,9999 0
2614| -3,899999 263,9999 0
2615| -3,899999 267,9999 0
2616| -3,899999 271,9998 0
2617| -3,899999 275,9998 0
2618| -3,899999 279,9998 0
2619| -3,899999 283,9998 0
2620| -3,899999 287,9998 0
2621| -3,899999 291,9998 0
2622| -3,899999 295,9998 0
2623| -3,899999 299,9998 0
2624| -3,899999 303,9998 0
2625| -3,899999 307,9998 0
2626| -3,899999 311,9998 0
2627| 0 0 0
2628| 0 0 0
2629| 0 0 0
2630| 0,3 0 0
2631| 0,6 0 0
2632| 0,9 0 0
2633| 1,2 0 0
2634| 1,5 0 0
2635| 1,8 0 0
2636| 2,1 0 0
2637| 0 0 0
2638| 0 0 0
2639| 0 0 0
2640| 0 0 0
2641| 0 0 0
2642| 0,3 0 0
2643| 0,6 0 0
2644| 0,9 0 0
2645| 1,2 0 0
2646| 1,5 0 0
2647| 1,8 0 0
2648| 0 0 0
2649| 0 0 0
2650| 0 0 0
2651| 0 0 0
2652| 0 0 0
2653| 0 4 0
2654| 0 8 0
2655| 0 12 0
2656| 0 16 0
2657| 0 20 0
2658| 0 24 0
2659| 0 28 0
2660| 0 32 0
2661| 0 36 0
2662| 0 40 0
2663| 0 43,99999 0
2664| 0 47,99999 0
2665| 0 51,99999 0
2666| 0 55,99999 0
2667| 0 60 0
2668| 0 64 0
2669| 0 68 0
2670| 0 72 0
2671| 0 76,00001 0
2672| 0 0 0
2673| 0,3 0 0
2674| 0,6 0 0
2675| 0,9 0 0
2676| 1,2 0 0
2677| 1,5 0 0
2678| 1,8 0 0
2679| 2,1 0 0
2680| 2,4 0 0
2681| 2,7 0 0
2682| 0 0 0
2683| 0 0 0
2684| 0 0 0
2685| 0 0 0
2686| 0 0 0
2687| 0,3 0 0
2688| 0,6 0 0
2689| 0,9 0 0
2690| 1,2 0 0
2691| 1,5 0 0
2692| 1,8 0 0
2693| 2,1 0 0
2694| 2,4 0 0
2695| 2,7 0 0
2696| 3 0 0
2697| 0 0 0
2698| 0 0 0
2699| 0 0 0
2700| 0 0 0
2701| 0 0 0
2702| 0 0 0
2703| 0 4 0
2704| 0 8 0
2705| 0 12 0
2706| 0 16 0
2707| 0 20 0
2708| 0 24 0
2709| 0 28 0
2710| 0 32 0
2711| 0 36 0
2712| 0 40 0
2713| 0 43,99999 0
2714| 0 47,99999 0
2715| 0 51,99999 0
2716| 0 55,99999 0
2717| 0 60 0
2718| 0 64 0
2719| 0 68 0
2720| 0 72 0
2721| 0 76,00001 0
2722| 0 80,00001 0
2723| 0 84,00001 0
2724| 0 88,00002 0
2725| 0 92,00002 0
2726| 0 96,00002 0
2727| 0 100 0
2728| 0 104 0
2729| 0 108 0
2730| 0 112 0
2731| 0 116 0
2732| 0 120 0
2733| 0 124 0
2734| 0 128 0
2735| 0 132 0
2736| 0 136 0
2737| 0 140 0
2738| 0 144 0
2739| 0 148 0
2740| 0 152 0
2741| 0 156 0
2742| 0 160 0
2743| 0 164 0
2744| 0 168 0
2745| 0 171,9999 0
2746| 0 175,9999 0
2747| 0 179,9999 0
2748| 0 183,9999 0
2749| 0 187,9999 0
2750| 0 191,9999 0
2751| 0 195,9999 0
2752| 0 199,9999 0
2753| 0 203,9999 0
2754| 0 207,9999 0
2755| 0 211,9999 0
2756| 0 215,9999 0
2757| 0 219,9999 0
2758| 0 223,9999 0
2759| 0 227,9999 0
2760| 0 231,9999 0
2761| 0 235,9999 0
2762| 0 239,9999 0
2763| 0 243,9999 0
2764| 0 247,9999 0
2765| 0 251,9999 0
2766| 0 255,9999 0
2767| 0 259,9999 0
2768| 0 263,9999 0
2769| 0 267,9999 0
2770| 0 271,9998 0
2771| 0 275,9998 0
2772| 0 279,9998 0
2773| 0 283,9998 0
2774| 0 287,9998 0
2775| 0 291,9998 0
2776| 0 295,9998 0
2777| 0 299,9998 0
2778| 0 303,9998 0
2779| 0 307,9998 0
2780| 0 311,9998 0
2781| 0 315,9998 0
2782| 0 319,9998 0
2783| 0 323,9998 0
2784| 0 327,9998 0
2785| 0 331,9998 0
2786| 0 335,9998 0
2787| 0 339,9998 0
2788| 0 343,9998 0
2789| 0 347,9998 0
2790| 0 351,9998 0
2791| 0 355,9998 0
2792| 0 359,9998 0
2793| 0 363,9998 0
2794| 0 367,9998 0
2795| 0 371,9998 0
2796| 0 375,9998 0
2797| 0 379,9998 0
2798| 0 383,9998 0
2799| 0 387,9998 0
2800| 0 391,9998 0
2801| 0 395,9998 0
2802| 0 399,9997 0
2803| 0 400 0
2804| 0 400 0
2805| 0 400 0
2806| 0 400 0
2807| 0 400 0
2808| 0 400 0
2809| 0 400 0
2810| 0 400 0
2811| 0 400 0
2812| 0 400 0
2813| 0 400 0
2814| 0 400 0
2815| 0 400 0
2816| 0 400 0
2817| 0 400 0
2818| 0 400 0
2819| 0 400 0
2820| 0 400 0
2821| 0 400 0
2822| 0 400 0
2823| 0 400 0
2824| 0 400 0
2825| 0 400 0
2826| 0 400 0
2827| 0 400 0
2828| 0 400 0
2829| 0 400 0
2830| 0 400 0
2831| 0 400 0
2832| 0 400 0
2833| 0 400 0
2834| 0 400 0
2835| 0 400 0
2836| 0 400 0
2837| 0 400 0
2838| 0 400 0
2839| 0 400 0
2840| 0 400 0
2841| 0 400 0
2842| 0 400 0
2843| 0 400 0
2844| 0 400 0
2845| 0 400 0
2846| 0 400 0
2847| 0 400 0
2848| 0 400 0
2849| 0 400 0
2850| 0 400 0
2851| 0 400 0
2852| 0 400 0
2853| 0 400 0
2854| 0 400 0
2855| 0 400 0
2856| 0 400 0
2857| 0 400 0
2858| 0 400 0
2859| 0 400 0
2860| 0 400 0
2861| 0 400 0
2862| 0 400 0
2863| 0 400 0
2864| 0 400 0
2865| 0 400 0
2866| 0 400 0
2867| 0 400 0
2868| 0 400 0
2869| 0 400 0
2870| 0 400 0
2871| 0 400 0
2872| 0 400 0
2873| 0 400 0
2874| 0 400 0
2875| 0 400 0
2876| 0 400 0
2877| 0 400 0
2878| 0 400 0
2879| 0 400 0
2880| 0 400 0
2881| 0 400 0
2882| 0 400 0
2883| 0 400 0
2884| 0 400 0
2885| 0 400 0
2886| 0 400 0
2887| 0 400 0
2888| 0 400 0
2889| 0 400 0
2890| 0 400 0
2891| 0 400 0
2892| 0 400 0
2893| 0 400 0
2894| 0 400 0
2895| 0 400 0
2896| 0 400 0
2897| 0 400 0
2898| 0 400 0
2899| 0 400 0
2900| 0 400 0
2901| 0 400 0
2902| 0 400 0
2903| 0 400 0
2904| 0 400 0
2905| 0 400 0
2906| 0 400 0
2907| 0 400 0
2908| 0 400 0
2909| 0 400 0
2910| 0 400 0
2911| 0 400 0
2912| 0 400 0
2913| 0 400 0
2914| 0 400 0
2915| 0 400 0
2916| 0 400 0
2917| 0 400 0
2918| 0 400 0
2919| 0 400 0
2920| 0 400 0
2921| 0 400 0
2922| 0 400 0
2923| 0 400 0
2924| 0 400 0
2925| 0 400 0
2926| 0 400 0
2927| 0 400 0
2928| 0 400 0
2929| 0 400 0
2930| 0 400 0
2931| 0 400 0
2932| 0 400 0
2933| 0 400 0
2934| 0 400 0
2935| 0 400 0
2936| 0 400 0
2937| 0 400 0
2938| 0 400 0
2939| 0 400 0
2940| 0 400 0
2941| 0 400 0
2942| 0 400 0
2943| -0,3 400 0
2944| -0,6 400 0
2945| -0,9 400 0
2946| -1,2 400 0
2947| -1,5 400 0
2948| -1,5 400 0
2949| -1,5 400 0
2950| -1,5 400 0
2951| -1,5 400 0
2952| -1,5 400 0
2953| -1,5 400 0
2954| -1,5 400 0
2955| -1,5 400 0
2956| -1,5 400 0
2957| -1,5 400 0
2958| -1,5 400 0
2959| -1,5 400 0
2960| -1,5 400 0
2961| -1,5 400 0
2962| -1,5 400 0
2963| -1,5 400 0
2964| -1,5 400 0
2965| -1,5 400 0
2966| -1,8 400 0
2967| -2,1 400 0
2968| -2,4 400 0
2969| -2,7 400 0
2970| -3 400 0
2971| -3,299999 400 0
2972| -3,599999 400 0
2973| -3,599999 400 0
2974| 0 0 0
2975| 0 0 0
2976| 0 0 0
2977| 0 0 0
2978| 0 0 0
2979| 0 0 0
2980| 0 0 0
2981| 0 0 0
2982| 0 0 0
2983| 0 0 0
2984| 0 0 0
2985| 0 0 0
2986| 0 0 0
2987| 0 0 0
2988| 0 0 0
2989| 0 0 0
2990| 0 0 0
2991| 0 0 0
2992| 0 4 0
2993| 0 8 0
2994| 0 12 0
2995| 0 16 0
2996| 0 20 0
2997| 0 24 0
2998| 0 28 0
2999| 0 32 0
3000| 0 36 0
3001| 0 40 0
3002| 0 43,99999 0
3003| 0 47,99999 0
3004| 0 51,99999 0
3005| 0 55,99999 0
3006| 0 60 0
3007| 0 64 0
3008| 0 68 0
3009| 0 72 0
3010| 0 76,00001 0
3011| 0 80,00001 0
3012| 0 84,00001 0
3013| 0 88,00002 0
3014| 0 92,00002 0
3015| 0 96,00002 0
3016| 0 100 0
3017| 0 104 0
3018| 0 108 0
3019| 0 112 0
3020| 0 116 0
3021| 0 120 0
3022| 0 124 0
3023| 0 128 0
3024| 0 132 0
3025| 0 136 0
3026| 0 140 0
3027| 0 144 0
3028| 0 148 0
3029| 0 152 0
3030| 0 156 0
3031| 0 160 0
3032| 0 164 0
3033| 0 168 0
3034| 0 171,9999 0
3035| 0 175,9999 0
3036| 0 179,9999 0
3037| 0 183,9999 0
3038| 0 187,9999 0
3039| 0 191,9999 0
3040| 0 195,9999 0
3041| 0 199,9999 0
3042| 0 203,9999 0
3043| 0 207,9999 0
3044| 0 211,9999 0
3045| 0 215,9999 0
3046| 0 219,9999 0
3047| 0 223,9999 0
3048| 0 227,9999 0
3049| 0 231,9999 0
3050| 0 235,9999 0
3051| 0 239,9999 0
3052| 0 243,9999 0
3053| 0 0 0
3054| 0 0 0
3055| 0 0 0
3056| 0 0 0
3057| 0 0 0
3058| 0 0 0
3059| 0 0 0
3060| 0 0 0
3061| 0 0 0
3062| 0 0 0
3063| 0 0 0
3064| 0 0 0
3065| 0 4 0
3066| 0 8 0
3067| 0 12 0
3068| 0 16 0
3069| 0 20 0
3070| 0 24 0
3071| 0 28 0
3072| 0 32 0
3073| 0 36 0
3074| 0 40 0
3075| 0 43,99999 0
3076| 0 47,99999 0
3077| 0 51,99999 0
3078| 0 55,99999 0
3079| 0 60 0
3080| 0 64 0
3081| 0 68 0
3082| 0 72 0
3083| 0 76,00001 0
3084| 0 80,00001 0
3085| 0 84,00001 0
3086| 0 88,00002 0
3087| 0 92,00002 0
3088| 0 96,00002 0
3089| 0 100 0
3090| 0 104 0
3091| 0 108 0
3092| 0 112 0
3093| 0 116 0
3094| 0 120 0
3095| 0 124 0
3096| 0 128 0
3097| 0 132 0
3098| 0 136 0
3099| 0 140 0
3100| 0 144 0
3101| 0 148 0
3102| 0 152 0
3103| 0 156 0
3104| 0 160 0
3105| 0 164 0
3106| 0 168 0
3107| 0 171,9999 0
3108| 0 175,9999 0
3109| 0 179,9999 0
3110| 0 183,9999 0
3111| 0 187,9999 0
3112| 0 191,9999 0
3113| 0 195,9999 0
3114| 0 199,9999 0
3115| 0 203,9999 0
3116| 0 207,9999 0
3117| 0 211,9999 0
3118| 0 215,9999 0
3119| 0 219,9999 0
3120| 0 223,9999 0
3121| 0 227,9999 0
3122| 0 231,9999 0
3123| 0 235,9999 0
3124| 0 239,9999 0
3125| 0 243,9999 0
3126| 0 247,9999 0
3127| 0 251,9999 0
3128| 0 255,9999 0
3129| 0 259,9999 0
3130| 0 263,9999 0
3131| 0 267,9999 0
3132| 0 271,9998 0
3133| 0 275,9998 0
3134| 0 279,9998 0
3135| 0 283,9998 0
3136| 0 287,9998 0
3137| 0 291,9998 0
3138| 0 295,9998 0
3139| 0 299,9998 0
3140| 0 303,9998 0
3141| 0 307,9998 0
3142| 0 311,9998 0
3143| 0 315,9998 0
3144| 0 319,9998 0
3145| 0 323,9998 0
3146| 0 327,9998 0
3147| 0 331,9998 0
3148| 0 335,9998 0
3149| 0 339,9998 0
3150| 0 343,9998 0
3151| 0 347,9998 0
3152| 0 351,9998 0
3153| 0 355,9998 0
3154| 0 359,9998 0
3155| 0 363,9998 0
3156| 0 367,9998 0
3157| 0 371,9998 0
3158| 0 375,9998 0
3159| 0 379,9998 0
3160| 0 383,9998 0
3161| 0 387,9998 0
3162| 0 391,9998 0
3163| 0 395,9998 0
3164| 0 399,9997 0
3165| 0 400 0
3166| 0 400 0
3167| 0 400 0
3168| 0 400 0
3169| 0 400 0
3170| 0 400 0
3171| 0 400 0
3172| 0 400 0
3173| 0 400 0
3174| 0 400 0
3175| 0 400 0
3176| 0 400 0
3177| 0 400 0
3178| 0 400 0
3179| 0 400 0
3180| 0 0 0
3181| 0 0 0
3182| 0 0 0
3183| 0 0 0
3184| 0 0 0
3185| 0 0 0
3186| 0 0 0
3187| 0 0 0
3188| 0 4 0
3189| 0 8 0
3190| 0 12 0
3191| 0 16 0
3192| 0 20 0
3193| 0 0 0
3194| 0 0 0
3195| 0 0 0
3196| 0 0 0
3197| 0 0 0
3198| 0 4 0
3199| 0 8 0
3200| 0 12 0
3201| 0 16 0
3202| 0 20 0
3203| 0 24 0
3204| 0 28 0
3205| 0 32 0
3206| 0 36 0
3207| 0 40 0
3208| 0 43,99999 0
3209| 0 47,99999 0
3210| 0 51,99999 0
3211| 0 55,99999 0
3212| 0 60 0
3213| 0 64 0
3214| 0 68 0
3215| 0 72 0
3216| 0 76,00001 0
3217| 0 80,00001 0
3218| 0 84,00001 0
3219| 0 88,00002 0
3220| 0 92,00002 0
3221| 0 96,00002 0
3222| 0 100 0
3223| 0 104 0
3224| 0 108 0
3225| 0 112 0
3226| 0 116 0
3227| 0 120 0
3228| 0 124 0
3229| 0 128 0
3230| 0 132 0
3231| 0 136 0
3232| 0 140 0
3233| 0 144 0
3234| 0 148 0
3235| 0 152 0
3236| 0 156 0
3237| 0 160 0
3238| 0 164 0
3239| 0 168 0
3240| 0 171,9999 0
3241| 0 175,9999 0
3242| 0 179,9999 0
3243| 0 183,9999 0
3244| 0 187,9999 0
3245| 0 191,9999 0
3246| 0 195,9999 0
3247| 0 199,9999 0
3248| 0 203,9999 0
3249| 0 207,9999 0
3250| 0 211,9999 0
3251| 0 215,9999 0
3252| 0 219,9999 0
3253| 0 223,9999 0
3254| 0 227,9999 0
3255| 0 231,9999 0
3256| 0 235,9999 0
3257| 0 239,9999 0
3258| 0 243,9999 0
3259| 0 247,9999 0
3260| 0 251,9999 0
3261| 0 255,9999 0
3262| 0 0 0
3263| 0 0 0
3264| 0 0 0
3265| 0 0 0
3266| 0 0 0
3267| 0 0 0
3268| 0 0 0
3269| 0 0 0
3270| 0 0 0
3271| 0 0 0
3272| 0 0 0
3273| 0 0 0
3274| 0 0 0
3275| 0 0 0
3276| 0 0 0
3277| 0 0 0
3278| 0 0 0
3279| 0 0 0
3280| 0 0 0
3281| 0 0 0
3282| 0 0 0
3283| 0 0 0
3284| 0 0 0
3285| 0 0 0
3286| 0 0 0
3287| 0 0 0
3288| 0 0 0
3289| 0 0 0
3290| -0,3 0 0
3291| -0,6 0 0
3292| -0,9 0 0
3293| -1,2 0 0
3294| -1,5 0 0
3295| -1,8 0 0
3296| -2,1 0 0
3297| -2,4 0 0
3298| -2,7 0 0
3299| -3 0 0
3300| -3,299999 0 0
3301| -3,599999 0 0
3302| -3,899999 0 0
3303| -4,2 0 0
3304| -4,5 0 0
3305| -4,8 0 0
3306| -5,1 0 0
3307| 0 0 0
3308| 0 0 0
3309| 0 0 0
3310| 0 0 0
3311| 0 0 0
3312| 0 0 0
3313| 0 0 0
3314| 0 0 0
3315| 0 0 0
3316| 0 0 0
3317| 0 0 0
3318| 0 0 0
3319| 0 0 0
3320| 0 0 0
3321| 0 0 0
3322| 0 0 0
3323| 0 0 0
3324| 0 0 0
3325| 0 0 0
3326| 0 0 0
3327| 0 0 0
3328| 0 0 0
3329| 0 0 0
3330| 0 4 0
3331| 0 8 0
3332| 0 12 0
3333| 0 16 0
3334| 0 20 0
3335| 0 24 0
3336| 0 28 0
3337| 0 32 0
3338| 0 36 0
3339| 0 40 0
3340| 0 43,99999 0
3341| 0 47,99999 0
3342| 0 51,99999 0
3343| 0 55,99999 0
3344| 0 60 0
3345| 0 64 0
3346| 0 68 0
3347| 0 72 0
3348| 0 76,00001 0
3349| 0 80,00001 0
3350| 0 84,00001 0
3351| 0 88,00002 0
3352| 0 92,00002 0
3353| 0 96,00002 0
3354| 0 100 0
3355| 0 104 0
3356| 0 108 0
3357| 0 112 0
3358| 0 116 0
3359| 0 120 0
3360| 0 124 0
3361| 0 128 0
3362| 0 132 0
3363| 0 136 0
3364| 0 140 0
3365| 0 144 0
3366| 0 148 0
3367| 0 152 0
3368| 0 156 0
3369| 0 160 0
3370| 0 164 0
3371| 0 168 0
3372| 0 0 0
3373| 0 0 0
3374| 0 0 0
3375| 0 0 0
3376| 0 0 0
3377| 0 0 0
3378| 0 0 0
3379| 0 0 0
3380| 0 0 0
3381| 0 0 0
3382| 0 0 0
3383| 0 0 0
3384| 0 0 0
3385| 0 0 0
3386| 0 0 0
3387| 0 0 0
3388| 0 0 0
3389| 0 0 0
3390| 0 0 0
3391| 0 0 0
3392| 0 0 0
3393| 0 4 0
3394| 0 8 0
3395| 0 12 0
3396| 0 16 0
3397| 0 20 0
3398| 0 24 0
3399| 0 28 0
3400| 0 32 0
3401| 0 36 0
3402| 0 40 0
3403| 0 43,99999 0
3404| 0 47,99999 0
3405| 0 51,99999 0
3406| 0 55,99999 0
3407| 0 60 0
3408| 0 64 0
3409| 0 68 0
3410| 0 72 0
3411| 0 76,00001 0
3412| 0 80,00001 0
3413| 0 84,00001 0
3414| 0 88,00002 0
3415| 0 92,00002 0
3416| 0 96,00002 0
3417| 0 100 0
3418| 0 104 0
3419| 0 108 0
3420| 0 112 0
3421| 0 116 0
3422| 0 120 0
3423| 0 124 0
3424| 0 128 0
3425| 0 132 0
3426| 0 136 0
3427| 0 140 0
3428| 0 144 0
3429| 0 148 0
3430| 0 152 0
3431| 0 156 0
3432| 0 160 0
3433| 0 164 0
3434| 0 168 0
3435| 0 171,9999 0
3436| 0 175,9999 0
3437| 0 179,9999 0
3438| 0 183,9999 0
3439| 0 187,9999 0
3440| 0 191,9999 0
3441| 0 195,9999 0
3442| 0 199,9999 0
3443| 0 203,9999 0
3444| 0 207,9999 0
3445| 0 211,9999 0
3446| 0 215,9999 0
3447| 0 219,9999 0
3448| 0 223,9999 0
3449| 0 227,9999 0
3450| 0 231,9999 0
3451| 0 235,9999 0
3452| 0 239,9999 0
3453| 0 243,9999 0
3454| 0 247,9999 0
3455| 0 251,9999 0
3456| 0 255,9999 0
3457| 0 0 0
3458| 0 0 0
3459| 0 0 0
3460| 0 0 0
3461| 0 0 0
3462| 0 0 0
3463| 0 0 0
3464| 0 0 0
3465| 0 0 0
3466| 0 0 0
3467| 0 0 0
3468| 0 0 0
3469| 0 0 0
3470| 0 4 0
3471| 0 8 0
3472| 0 12 0
3473| 0 16 0
3474| 0 20 0
3475| 0 24 0
3476| 0 28 0
3477| 0 32 0
3478| 0 36 0
3479| 0 40 0
3480| 0 43,99999 0
3481| 0 47,99999 0
3482| 0 51,99999 0
3483| 0 55,99999 0
3484| 0 60 0
3485| 0 64 0
3486| 0 68 0
3487| 0 72 0
3488| 0 76,00001 0
3489| 0 80,00001 0
3490| 0 84,00001 0
3491| 0 88,00002 0
3492| 0 92,00002 0
3493| 0 96,00002 0
3494| 0 100 0
3495| 0 104 0
3496| 0 108 0
3497| 0 112 0
3498| 0 116 0
3499| 0 120 0
3500| 0 124 0
3501| 0 128 0
3502| 0 132 0
3503| 0 136 0
3504| 0 140 0
3505| 0 144 0
3506| 0 148 0
3507| 0 152 0
3508| 0 0 0
3509| 0 0 0
3510| 0 0 0
3511| 0 0 0
3512| 0 0 0
3513| 0 0 0
3514| 0 0 0
3515| 0 0 0
3516| 0 0 0
3517| 0 0 0
3518| 0 0 0
3519| 0 0 0
3520| 0 0 0
3521| 0 0 0
3522| 0 0 0
3523| 0 0 0
3524| 0 0 0
3525| 0 0 0
3526| 0 0 0
3527| 0 0 0
3528| 0 0 0
3529| 0 0 0
3530| 0 4 0
3531| 0 8 0
3532| 0 12 0
3533| 0 16 0
3534| 0 20 0
3535| 0 24 0
3536| 0 28 0
3537| 0 32 0
3538| 0 36 0
3539| 0 40 0
3540| 0 43,99999 0
3541| 0 47,99999 0
3542| 0 51,99999 0
3543| 0 55,99999 0
3544| 0 60 0
3545| 0 64 0
3546| 0 68 0
3547| 0 72 0
3548| 0 76,00001 0
3549| 0 80,00001 0
3550| 0 84,00001 0
3551| 0 88,00002 0
3552| 0 92,00002 0
3553| 0 96,00002 0
3554| 0 100 0
3555| 0 104 0
3556| 0 108 0
3557| 0 112 0
3558| 0 116 0
3559| 0 120 0
3560| 0 124 0
3561| 0 128 0
3562| 0 132 0
3563| 0 136 0
3564| 0 140 0
3565| 0 144 0
3566| 0 148 0
3567| 0 152 0
3568| 0 156 0
3569| 0 160 0
3570| 0 164 0
3571| 0 168 0
3572| 0 171,9999 0
3573| 0 175,9999 0
3574| 0 179,9999 0
3575| 0 183,9999 0
3576| 0 187,9999 0
3577| 0 191,9999 0
3578| 0 195,9999 0
3579| 0 199,9999 0
3580| 0 203,9999 0
3581| 0 207,9999 0
3582| 0 211,9999 0
3583| 0 215,9999 0
3584| 0 219,9999 0
3585| 0 223,9999 0
3586| 0 227,9999 0
3587| 0 231,9999 0
3588| 0 235,9999 0
3589| 0 239,9999 0
3590| 0 243,9999 0
3591| 0 247,9999 0
3592| 0 251,9999 0
3593| 0 255,9999 0
3594| 0 259,9999 0
3595| 0 263,9999 0
3596| 0 267,9999 0
3597| 0 271,9998 0
3598| 0 275,9998 0
3599| 0 279,9998 0
3600| 0 283,9998 0
3601| 0 287,9998 0
3602| 0 291,9998 0
3603| 0 295,9998 0
3604| 0 299,9998 0
3605| 0 303,9998 0
3606| 0 307,9998 0
3607| 0 311,9998 0
3608| 0 315,9998 0
3609| 0 319,9998 0
3610| 0 323,9998 0
3611| 0 0 0
3612| 0 0 0
3613| 0 0 0
3614| 0 0 0
3615| 0 0 0
3616| 0 0 0
3617| 0 0 0
3618| 0 4 0
3619| 0 8 0
3620| 0 12 0
3621| 0 16 0
3622| 0 20 0
3623| 0 24 0
3624| 0 28 0
3625| 0 32 0
3626| 0 36 0
3627| 0 40 0
3628| 0 43,99999 0
3629| 0 47,99999 0
3630| 0 51,99999 0
3631| 0 55,99999 0
3632| 0 0 0
3633| 0 0 0
3634| 0 0 0
3635| 0 0 0
3636| 0 0 0
3637| 0 0 0
3638| 0 0 0
3639| 0 0 0
3640| 0 0 0
3641| 0 0 0
3642| 0 0 0
3643| 0 0 0
3644| 0 0 0
3645| 0 0 0
3646| 0 0 0
3647| 0 0 0
3648| 0 0 0
3649| 0 0 0
3650| 0 0 0
3651| 0 0 0
3652| 0 0 0
3653| 0 0 0
3654| 0 0 0
3655| 0 0 0
3656| 0 0 0
3657| 0 0 0
3658| 0 0 0
3659| 0 0 0
3660| 0 0 0
3661| 0 0 0
3662| 0 0 0
3663| 0 0 0
3664| 0 0 0
3665| 0 0 0
3666| 0 0 0
3667| 0 0 0
3668| 0 0 0
3669| 0 0 0
3670| 0 0 0
3671| 0 0 0
3672| 0 0 0
3673| 0 0 0
3674| 0 0 0
3675| 0 0 0
3676| 0 0 0
3677| 0 0 0
3678| 0 0 0
3679| 0 0 0
3680| 0 0 0
3681| 0 0 0
3682| 0 0 0
3683| 0 0 0
3684| 0 0 0
3685| 0 0 0
3686| 0 0 0
3687| 0 0 0
3688| 0 0 0
3689| 0 0 0
3690| 0 0 0
3691| 0 0 0
3692| 0 0 0
3693| 0 0 0
3694| 0 0 0
3695| 0 0 0
3696| 0 0 0
3697| 0 0 0
3698| 0 0 0
3699| 0 0 0
3700| 0 0 0
3701| 0 0 0
3702| 0 0 0
3703| 0 0 0
3704| 0 0 0
3705| 0 0 0
3706| 0 0 0
3707| 0 0 0
3708| 0 0 0
3709| 0 0 0
3710| 0 0 0
3711| 0 0 0
3712| 0 0 0
3713| 0 0 0
3714| 0 0 0
3715| 0 0 0
3716| 0 0 0
3717| 0 0 0
3718| 0 0 0
3719| 0 0 0
3720| 0 0 0
3721| 0 0 0
3722| 0 0 0
3723| 0 0 0
3724| 0 0 0
3725| 0 0 0
3726| 0 0 0
3727| 0 0 0
3728| 0 0 0
3729| 0 0 0
3730| 0 0 0
3731| 0 0 0
3732| 0 0 0
3733| 0 0 0
3734| 0 0 0
3735| 0 0 0
3736| 0 0 0
3737| 0 0 0
3738| 0 0 0
3739| 0 0 0
3740| 0 0 0
3741| 0 0 0
3742| 0 0 0
3743| 0 0 0
3744| 0 0 0
3745| 0 0 0
3746| 0 0 0
3747| 0 0 0
3748| 0 0 0
3749| 0 0 0
3750| 0 0 0
3751| 0 0 0
3752| 0 0 0
3753| 0 0 0
3754| 0 0 0
3755| 0 0 0
3756| 0 0 0
3757| 0 0 0
3758| 0 0 0
3759| 0 0 0
3760| 0 0 0
3761| 0 0 0
3762| 0 0 0
3763| 0 0 0
3764| 0 0 0
3765| 0 0 0
3766| 0 0 0
3767| 0 0 0
3768| 0 0 0
3769| 0 0 0
3770| 0 0 0
3771| 0 0 0
3772| 0 0 0
3773| 0 0 0
3774| 0 0 0
3775| 0 0 0
3776| 0 0 0
3777| 0 0 0
3778| 0 0 0
3779| 0 0 0
3780| 0 0 0
3781| 0 0 0
3782| 0 0 0
3783| 0 0 0
3784| 0 0 0
3785| 0 0 0
3786| 0 0 0
3787| 0 0 0
3788| 0 0 0
3789| 0 0 0
3790| 0 0 0
3791| 0 0 0
3792| 0 0 0
3793| 0 0 0
3794| 0 0 0
3795| 0 0 0
3796| 0 0 0
3797| 0 0 0
3798| 0 0 0
3799| 0 0 0
3800| 0 0 0
3801| 0 0 0
3802| 0 0 0
3803| 0 0 0
3804| 0 0 0
3805| 0 0 0
3806| 0 0 0
3807| 0 0 0
3808| 0 0 0
3809| 0 0 0
3810| 0 0 0
3811| 0 0 0
3812| 0 0 0
3813| 0 0 0
3814| 0 0 0
3815| 0 0 0
3816| 0 0 0
3817| 0 0 0
3818| 0 0 0
3819| 0 0 0
3820| 0 0 0
3821| 0 0 0
3822| 0 0 0
3823| 0 0 0
3824| 0 0 0
3825| 0 0 0
3826| 0 0 0
3827| 0 0 0
3828| 0 0 0
3829| 0 0 0
3830| 0 0 0
3831| 0 0 0
3832| 0 0 0
3833| 0 0 0
3834| 0 0 0
3835| 0 0 0
3836| 0 0 0
3837| 0 0 0
3838| 0 0 0
3839| 0 0 0
3840| 0 0 0
3841| 0 0 0
3842| 0 0 0
3843| 0 0 0
3844| 0 0 0
3845| 0 0 0
3846| 0 0 0
3847| 0 0 0
3848| 0 0 0
3849| 0 0 0
3850| 0 0 0
3851| 0 0 0
3852| 0 0 0
3853| 0 0 0
3854| 0 0 0
3855| 0 0 0
3856| 0 0 0
3857| 0 0 0
3858| 0 0 0
3859| 0 0 0
3860| 0 0 0
3861| 0 0 0
3862| 0 0 0
3863| 0 0 0
3864| 0 0 0
3865| 0 0 0
3866| 0 0 0
3867| 0 0 0
3868| 0 0 0
3869| 0 0 0
3870| 0 0 0
3871| 0 0 0
3872| 0 0 0
3873| 0 0 0
3874| 0 0 0
3875| 0 0 0
3876| 0 0 0
3877| 0 0 0
3878| 0 0 0
3879| 0 0 0
3880| 0 0 0
3881| 0 0 0
3882| 0 0 0
3883| 0 0 0
3884| 0 0 0
3885| 0 0 0
3886| 0 0 0
3887| 0 0 0
3888| 0 0 0
3889| 0 0 0
3890| 0 0 0
3891| 0 0 0
3892| 0 0 0
3893| 0 0 0
3894| 0 0 0
3895| 0 0 0
3896| 0 0 0
3897| 0 0 0
3898| 0 0 0
3899| 0 0 0
3900| 0 0 0
3901| 0 0 0
3902| 0 0 0
3903| 0 0 0
3904| 0 0 0
3905| 0 0 0
3906| 0 0 0
3907| 0 0 0
3908| 0 0 0
3909| 0 0 0
3910| 0 0 0
3911| 0 0 0
3912| 0 0 0
3913| 0 0 0

