1| 0 0 0
2| 0 0 0
3| 0 0 0
4| 0 0 0
5| 0 0 0
6| 0 0 0
7| 0 0 0
8| 0 0 0
9| 0 0 0
10| 0 0 0
11| 0 0 0
12| 0 4 0
13| 0,3 8 0
14| 0,6 12 0
15| 0,9 16 0
16| 1,2 20 0
17| 1,5 24 0
18| 1,8 28 0
19| 2,1 32 0
20| 2,4 36 0
21| 2,7 40 0
22| 3 43,99999 0
23| 3,299999 47,99999 0
24| 3,599999 51,99999 0
25| 3,899999 55,99999 0
26| 4,2 60 0
27| 4,5 64 0
28| 4,8 68 0
29| 5,1 72 0
30| 5,4 76,00001 0
31| 5,7 80,00001 0
32| 6 84,00001 0
33| 6,300001 88,00002 0
34| 6,600001 92,00002 0
35| 6,900001 96,00002 0
36| 7,200001 100 0
37| 7,500001 104 0
38| 7,800001 108 0
39| 8,1 112 0
40| 8,4 116 0
41| 8,7 120 0
42| 8,999999 124 0
43| 9,299999 128 0
44| 9,599998 132 0
45| 9,899999 136 0
46| 10,2 140 0
47| 10,5 144 0
48| 10,8 148 0
49| 11,1 152 0
50| 11,4 156 0
51| 11,7 160 0
52| 12 164 0
53| 12,3 168 0
54| 12,6 171,9999 0
55| 12,9 175,9999 0
56| 13,2 179,9999 0
57| 13,5 183,9999 0
58| 13,79999 187,9999 0
59| 14,09999 191,9999 0
60| 14,39999 195,9999 0
61| 14,69999 199,9999 0
62| 14,99999 203,9999 0
63| 15,29999 207,9999 0
64| 15,29999 211,9999 0
65| 15,29999 215,9999 0
66| 15,29999 219,9999 0
67| 15,29999 223,9999 0
68| 15,29999 227,9999 0
69| 15,29999 231,9999 0
70| 15,29999 235,9999 0
71| 15,29999 239,9999 0
72| 15,29999 243,9999 0
73| 15,29999 247,9999 0
74| 15,29999 251,9999 0
75| 15,29999 255,9999 0
76| 15,29999 259,9999 0
77| 15,29999 263,9999 0
78| 15,29999 267,9999 0
79| 15,29999 271,9998 0
80| 15,29999 275,9998 0
81| 15,29999 279,9998 0
82| 15,29999 283,9998 0
83| 15,29999 287,9998 0
84| 15,29999 291,9998 0
85| 15,29999 295,9998 0
86| 15,29999 299,9998 0
87| 15,29999 303,9998 0
88| 15,29999 307,9998 0
89| 15,29999 311,9998 0
90| 15,29999 315,9998 0
91| 15,29999 319,9998 0
92| 15,29999 323,9998 0
93| 15,29999 327,9998 0
94| 15,29999 331,9998 0
95| 15,29999 335,9998 0
96| 15,29999 339,9998 0
97| 15,29999 343,9998 0
98| 15,29999 347,9998 0
99| 15,29999 351,9998 0
100| 15,29999 355,9998 0
101| 15,29999 359,9998 0
102| 15,29999 363,9998 0
103| 15,29999 367,9998 0
104| 15,29999 371,9998 0
105| 15,29999 375,9998 0
106| 15,29999 379,9998 0
107| 0 383,9998 0
108| -0,3 387,9998 0
109| -0,3 391,9998 0
110| -0,3 395,9998 0
111| -0,3 399,9997 0
112| -0,3 403,9998 0
113| -0,3 400 0
114| -0,3 400 0
115| -0,3 400 0
116| -0,3 400 0
117| -0,3 400 0
118| -0,3 400 0
119| -0,3 400 0
120| -0,3 400 0
121| -0,3 400 0
122| -0,3 400 0
123| -0,3 400 0
124| -0,3 400 0
125| -0,3 400 0
126| -0,3 400 0
127| -0,3 400 0
128| -0,3 400 0
129| -0,3 400 0
130| -0,3 400 0
131| -0,3 400 0
132| -0,3 400 0
133| -0,3 400 0
134| -0,3 400 0
135| -0,3 400 0
136| -0,3 400 0
137| -0,3 400 0
138| -0,3 400 0
139| -0,3 400 0
140| -0,3 400 0
141| -0,3 400 0
142| -0,3 400 0
143| -0,3 400 0
144| -0,3 400 0
145| -0,3 400 0
146| -0,3 400 0
147| -0,3 400 0
148| -0,3 400 0
149| -0,3 400 0
150| -0,3 400 0
151| -0,3 400 0
152| -0,3 400 0
153| -0,3 400 0
154| -0,3 400 0
155| -0,3 400 0
156| -0,3 400 0
157| -0,3 400 0
158| -0,3 400 0
159| -0,3 400 0
160| -0,3 400 0
161| -0,3 400 0
162| -0,3 400 0
163| -0,3 400 0
164| -0,3 400 0
165| -0,3 400 0
166| -0,3 400 0
167| 0 400 0
168| 0,3 400 0
169| 0,6 400 0
170| 0,9 400 0
171| 0,9 400 0
172| 0,9 400 0
173| 0,9 400 0
174| 0,9 400 0
175| 0,9 400 0
176| 0,9 400 0
177| 0,9 400 0
178| 0,9 400 0
179| 0,9 400 0
180| 0,9 400 0
181| 0,9 400 0
182| 0,9 400 0
183| 0,9 400 0
184| 0,9 400 0
185| 0,9 400 0
186| 0,9 400 0
187| 1,2 400 0
188| 1,5 400 0
189| 1,5 400 0
190| 1,5 400 0
191| 1,5 400 0
192| 0 0 0
193| 0 0 0
194| 0 0 0
195| 0 0 0
196| 0 0 0
197| 0 4 0
198| 0 8 0
199| 0 12 0
200| 0 16 0
201| 0 20 0
202| 0 24 0
203| 0 28 0
204| 0 32 0
205| 0 36 0
206| 0 40 0
207| 0 43,99999 0
208| 0 47,99999 0
209| 0 51,99999 0
210| 0 55,99999 0
211| 0 60 0
212| 0 64 0
213| 0 68 0
214| 0 72 0
215| 0 76,00001 0
216| 0 80,00001 0
217| 0 84,00001 0
218| 0 88,00002 0
219| 0 92,00002 0
220| 0 96,00002 0
221| 0 100 0
222| 0 104 0
223| 0 108 0
224| 0 112 0
225| 0 116 0
226| 0 120 0
227| 0 124 0
228| 0 128 0
229| 0 132 0
230| 0 136 0
231| 0 140 0
232| 0 144 0
233| 0 148 0
234| 0 152 0
235| 0 156 0
236| 0 160 0
237| 0 164 0
238| 0 168 0
239| 0 171,9999 0
240| 0 175,9999 0
241| 0 179,9999 0
242| 0 183,9999 0
243| 0 187,9999 0
244| 0 191,9999 0
245| 0 195,9999 0
246| 0 199,9999 0
247| 0 203,9999 0
248| 0 207,9999 0
249| 0 211,9999 0
250| 0 215,9999 0
251| 0 219,9999 0
252| 0 223,9999 0
253| 0 227,9999 0
254| 0 231,9999 0
255| 0 235,9999 0
256| 0 239,9999 0
257| 0 243,9999 0
258| 0 247,9999 0
259| 0 251,9999 0
260| 0 255,9999 0
261| 0 259,9999 0
262| 0 263,9999 0
263| 0 267,9999 0
264| 0 271,9998 0
265| 0 275,9998 0
266| 0 279,9998 0
267| 0 283,9998 0
268| 0 287,9998 0
269| 0 291,9998 0
270| 0 295,9998 0
271| 0 299,9998 0
272| 0 303,9998 0
273| 0 307,9998 0
274| 0 311,9998 0
275| 0 315,9998 0
276| 0 319,9998 0
277| 0 323,9998 0
278| 0 327,9998 0
279| 0 331,9998 0
280| 0 335,9998 0
281| 0 339,9998 0
282| 0 343,9998 0
283| 0 347,9998 0
284| 0 351,9998 0
285| 0 355,9998 0
286| 0 359,9998 0
287| 0 363,9998 0
288| 0 367,9998 0
289| 0 371,9998 0
290| 0 375,9998 0
291| 0 379,9998 0
292| 0 383,9998 0
293| 0 387,9998 0
294| 0 391,9998 0
295| 0 395,9998 0
296| 0 399,9997 0
297| 0 403,9998 0
298| 0 400 0
299| 0 400 0
300| 0 400 0
301| 0 400 0
302| 0 400 0
303| 0 400 0
304| 0 400 0
305| 0 400 0
306| 0 400 0
307| 0 400 0
308| 0 400 0
309| 0 400 0
310| 0 400 0
311| 0 400 0
312| 0 400 0
313| 0 400 0
314| 0 400 0
315| 0 400 0
316| 0 400 0
317| 0 400 0
318| 0 400 0
319| 0 400 0
320| 0 400 0
321| 0 400 0
322| 0 400 0
323| 0 400 0
324| 0 400 0
325| 0 400 0
326| 0 400 0
327| 0 400 0
328| 0 400 0
329| 0 400 0
330| 0 400 0
331| 0 400 0
332| 0 400 0
333| 0 400 0
334| 0 400 0
335| 0 400 0
336| 0 400 0
337| 0 400 0
338| 0 400 0
339| 0 400 0
340| 0 400 0
341| 0 400 0
342| 0 400 0
343| 0 400 0
344| 0 400 0
345| 0 400 0
346| 0 400 0
347| 0 400 0
348| 0 400 0
349| 0 400 0
350| 0 400 0
351| 0 400 0
352| 0 400 0
353| 0 400 0
354| 0 400 0
355| 0 400 0
356| 0 400 0
357| 0 400 0
358| 0 400 0
359| 0 400 0
360| 0 400 0
361| 0 400 0
362| 0 400 0
363| 0 400 0
364| 0 400 0
365| 0 400 0
366| 0 400 0
367| 0 400 0
368| 0 400 0
369| 0 400 0
370| 0 400 0
371| 0 400 0
372| 0 400 0
373| 0 400 0
374| 0 400 0
375| 0 400 0
376| 0 400 0
377| 0 400 0
378| 0 400 0
379| 0 400 0
380| 0 400 0
381| 0 400 0
382| 0 400 0
383| 0 400 0
384| 0 400 0
385| 0 400 0
386| 0 400 0
387| 0 400 0
388| 0 400 0
389| 0 400 0
390| 0 400 0
391| 0 400 0
392| 0 400 0
393| 0 400 0
394| 0 400 0
395| 0 400 0
396| 0 400 0
397| 0 400 0
398| 0 400 0
399| 0 400 0
400| 0 400 0
401| 0 400 0
402| 0 400 0
403| 0 400 0
404| 0 400 0
405| 0 400 0
406| 0 400 0
407| 0 400 0
408| 0 400 0
409| 0 400 0
410| 0 400 0
411| 0 400 0
412| 0 400 0
413| 0 400 0
414| 0 400 0
415| 0 400 0
416| 0 400 0
417| 0 400 0
418| 0 400 0
419| 0 400 0
420| 0 400 0
421| 0 400 0
422| 0 400 0
423| 0 400 0
424| 0 400 0
425| 0 400 0
426| 0 400 0
427| 0 400 0
428| 0 400 0
429| 0 400 0
430| 0 400 0
431| 0 400 0
432| 0 400 0
433| 0 400 0
434| 0 400 0
435| 0 400 0
436| 0 400 0
437| 0 400 0
438| 0 400 0
439| 0 400 0
440| 0 400 0
441| 0 400 0
442| 0 400 0
443| 0 400 0
444| 0 400 0
445| 0 400 0
446| 0 400 0
447| 0 400 0
448| 0 400 0
449| 0 400 0
450| 0 400 0
451| 0 400 0
452| 0 400 0
453| 0 400 0
454| 0 400 0
455| 0 400 0
456| 0 400 0
457| 0 400 0
458| 0 400 0
459| 0 400 0
460| 0 400 0
461| 0 400 0
462| 0 400 0
463| 0 400 0
464| 0 400 0
465| 0 400 0
466| 0 400 0
467| 0 400 0
468| 0 400 0
469| 0 400 0
470| 0 400 0
471| 0 400 0
472| 0 400 0
473| 0 400 0
474| 0 400 0
475| 0 400 0
476| 0 400 0
477| 0 400 0
478| 0 400 0
479| 0 400 0
480| 0 400 0
481| 0 400 0
482| 0 400 0
483| 0 400 0
484| 0 400 0
485| 0 400 0
486| 0 400 0
487| 0 400 0
488| 0 400 0
489| 0 400 0
490| 0 400 0
491| 0 400 0
492| 0 400 0
493| 0 400 0
494| 0 400 0
495| 0 400 0
496| 0 400 0
497| 0 400 0
498| 0 400 0
499| 0 400 0
500| 0 400 0
501| 0 400 0
502| 0 400 0
503| 0 400 0
504| 0 400 0
505| 0 400 0
506| 0 400 0
507| 0 400 0
508| 0 400 0
509| 0 400 0
510| 0 400 0
511| 0 400 0
512| 0 400 0
513| -0,3 400 0
514| -0,6 400 0
515| -0,6 400 0
516| -0,6 400 0
517| -0,6 400 0
518| -0,6 400 0
519| -0,6 400 0
520| -0,6 400 0
521| -0,6 400 0
522| -0,6 400 0
523| -0,6 400 0
524| -0,6 400 0
525| -0,6 400 0
526| -0,6 400 0
527| -0,6 400 0
528| -0,6 400 0
529| -0,6 400 0
530| -0,6 400 0
531| -0,6 400 0
532| -0,6 400 0
533| -0,6 400 0
534| -0,6 400 0
535| -0,6 400 0
536| -0,6 400 0
537| -0,6 400 0
538| -0,6 400 0
539| -0,6 400 0
540| -0,6 400 0
541| -0,6 400 0
542| -0,6 400 0
543| -0,6 400 0
544| -0,6 400 0
545| -0,6 400 0
546| -0,6 400 0
547| -0,6 400 0
548| -0,6 400 0
549| -0,6 400 0
550| -0,6 400 0
551| -0,6 400 0
552| -0,6 400 0
553| -0,6 400 0
554| -0,6 400 0
555| -0,6 400 0
556| -0,6 400 0
557| -0,6 400 0
558| -0,6 400 0
559| -0,6 400 0
560| -0,6 400 0
561| -0,6 400 0
562| -0,6 400 0
563| -0,6 400 0
564| -0,6 400 0
565| -0,6 400 0
566| -0,6 400 0
567| -0,6 400 0
568| -0,6 400 0
569| -0,6 400 0
570| -0,6 400 0
571| -0,6 400 0
572| -0,6 400 0
573| -0,6 400 0
574| -0,6 400 0
575| -0,6 400 0
576| -0,6 400 0
577| -0,6 400 0
578| -0,6 400 0
579| -0,6 400 0
580| -0,6 400 0
581| -0,6 400 0
582| -0,6 400 0
583| -0,6 400 0
584| -0,6 400 0
585| -0,6 400 0
586| -0,6 400 0
587| -0,6 400 0
588| -0,6 400 0
589| -0,6 400 0
590| -0,6 400 0
591| -0,6 400 0
592| -0,6 400 0
593| -0,6 400 0
594| -0,6 400 0
595| -0,6 400 0
596| -0,6 400 0
597| -0,6 400 0
598| -0,6 400 0
599| -0,6 400 0
600| -0,6 400 0
601| -0,6 400 0
602| -0,6 400 0
603| -0,6 400 0
604| -0,6 400 0
605| -0,6 400 0
606| -0,6 400 0
607| -0,6 400 0
608| -0,6 400 0
609| -0,6 400 0
610| -0,6 400 0
611| -0,6 400 0
612| -0,6 400 0
613| -0,6 400 0
614| -0,6 400 0
615| -0,6 400 0
616| -0,6 400 0
617| -0,6 400 0
618| -0,6 400 0
619| -0,6 400 0
620| -0,6 400 0
621| -0,6 400 0
622| -0,6 400 0
623| -0,6 400 0
624| -0,6 400 0
625| -0,6 400 0
626| -0,6 400 0
627| -0,6 400 0
628| -0,6 400 0
629| -0,6 400 0
630| -0,6 400 0
631| -0,6 400 0
632| -0,6 400 0
633| -0,6 400 0
634| -0,6 400 0
635| -0,6 400 0
636| -0,6 400 0
637| -0,6 400 0
638| -0,6 400 0
639| -0,6 400 0
640| -0,6 400 0
641| -0,6 400 0
642| -0,6 400 0
643| -0,6 400 0
644| -0,6 400 0
645| -0,6 400 0
646| -0,6 400 0
647| -0,6 400 0
648| -0,6 400 0
649| -0,6 400 0
650| -0,6 400 0
651| -0,6 400 0
652| -0,6 400 0
653| -0,6 400 0
654| -0,6 400 0
655| -0,6 400 0
656| -0,6 400 0
657| -0,6 400 0
658| -0,6 400 0
659| -0,6 400 0
660| -0,6 400 0
661| -0,6 400 0
662| -0,6 400 0
663| -0,6 400 0
664| -0,6 400 0
665| -0,6 400 0
666| -0,6 400 0
667| -0,6 400 0
668| -0,6 400 0
669| -0,6 400 0
670| -0,6 400 0
671| -0,6 400 0
672| -0,6 400 0
673| -0,6 400 0
674| -0,6 400 0
675| -0,6 400 0
676| -0,6 400 0
677| -0,6 400 0
678| -0,6 400 0
679| -0,6 400 0
680| -0,6 400 0
681| -0,6 400 0
682| -0,6 400 0
683| -0,6 400 0
684| -0,6 400 0
685| -0,6 400 0
686| 0 400 0
687| 0,3 400 0
688| 0,6 400 0
689| 0,9 400 0
690| 1,2 400 0
691| 1,2 400 0
692| 1,2 400 0
693| 1,2 400 0
694| 1,2 400 0
695| 1,2 400 0
696| 1,2 400 0
697| 1,2 400 0
698| 1,2 400 0
699| 1,2 400 0
700| 1,2 400 0
701| 1,2 400 0
702| 1,2 400 0
703| 1,2 400 0
704| 1,2 400 0
705| 1,2 400 0
706| 1,2 400 0
707| 1,2 400 0
708| 1,2 400 0
709| 1,2 400 0
710| 1,2 400 0
711| 1,2 400 0
712| 1,2 400 0
713| 1,2 400 0
714| 1,2 400 0
715| 1,2 400 0
716| 1,2 400 0
717| 1,2 400 0
718| 1,2 400 0
719| 1,2 400 0
720| 1,2 400 0
721| 1,2 400 0
722| 1,2 400 0
723| 1,2 400 0
724| 1,2 400 0
725| 1,2 400 0
726| 1,2 400 0
727| 1,2 400 0
728| 1,2 400 0
729| 1,2 400 0
730| 1,2 400 0
731| 1,2 400 0
732| 0 400 0
733| -0,3 400 0
734| -0,6 400 0
735| -0,9 400 0
736| -0,9 400 0
737| -0,9 400 0
738| -0,9 400 0
739| -0,9 400 0
740| -0,9 400 0
741| -0,9 400 0
742| -0,9 400 0
743| -0,9 400 0
744| -0,9 400 0
745| -0,9 400 0
746| -0,9 400 0
747| -0,9 400 0
748| -0,9 400 0
749| -0,9 400 0
750| -0,9 400 0
751| -0,9 400 0
752| -0,9 400 0
753| -1,2 400 0
754| -1,5 400 0
755| -1,8 400 0
756| -2,1 400 0
757| -2,4 400 0
758| -2,4 400 0
759| -2,4 400 0
760| -2,4 400 0
761| -2,4 400 0
762| -2,4 400 0
763| -2,4 400 0
764| -2,4 400 0
765| -2,4 400 0
766| -2,4 400 0
767| -2,4 400 0
768| -2,4 400 0
769| -2,4 400 0
770| -2,4 400 0
771| -2,4 400 0
772| -2,4 400 0
773| -2,4 400 0
774| -2,4 400 0
775| -2,4 400 0
776| -2,4 400 0
777| -2,4 400 0
778| -2,4 400 0
779| -2,4 400 0
780| -2,4 400 0
781| -2,4 400 0
782| -2,4 400 0
783| -2,4 400 0
784| -2,4 400 0
785| -2,4 400 0
786| -2,4 400 0
787| -2,4 400 0
788| -2,4 400 0
789| -2,4 400 0
790| -2,4 400 0
791| -2,4 400 0
792| -2,4 400 0
793| -2,4 400 0
794| -2,4 400 0
795| -2,4 400 0
796| -2,4 400 0
797| -2,4 400 0
798| -2,4 400 0
799| -2,4 400 0
800| -2,4 400 0
801| -2,4 400 0
802| -2,4 400 0
803| -2,4 400 0
804| -2,4 400 0
805| -2,4 400 0
806| -2,4 400 0
807| -2,4 400 0
808| -2,4 400 0
809| -2,4 400 0
810| -2,4 400 0
811| -2,4 400 0
812| -2,4 400 0
813| -2,4 400 0
814| -2,4 400 0
815| -2,4 400 0
816| -2,7 400 0
817| -3 400 0
818| -3,299999 400 0
819| -3,599999 400 0
820| -3,599999 400 0
821| -3,599999 400 0
822| -3,599999 400 0
823| -3,599999 400 0
824| -3,599999 400 0
825| -3,599999 400 0
826| -3,599999 400 0
827| -3,599999 400 0
828| -3,599999 400 0
829| -3,599999 400 0
830| -3,599999 400 0
831| -3,599999 400 0
832| -3,599999 400 0
833| -3,599999 400 0
834| -3,599999 400 0
835| -3,599999 400 0
836| -3,599999 400 0
837| -3,599999 400 0
838| -3,599999 400 0
839| -3,599999 400 0
840| -3,599999 400 0
841| -3,599999 400 0
842| -3,899999 400 0
843| -4,2 400 0
844| -4,5 400 0
845| -4,8 400 0
846| -5,1 400 0
847| -5,1 400 0
848| -5,1 400 0
849| -5,1 400 0
850| -5,1 400 0
851| -5,1 400 0
852| -5,1 400 0
853| -5,1 400 0
854| -5,1 400 0
855| -5,1 400 0
856| -5,1 400 0
857| -5,1 400 0
858| -5,1 400 0
859| -5,1 400 0
860| -5,1 400 0
861| -5,1 400 0
862| -5,4 400 0
863| -5,7 400 0
864| -6 400 0
865| -6,300001 400 0
866| -6,600001 400 0
867| -6,600001 400 0
868| -6,600001 400 0
869| -6,600001 400 0
870| -6,600001 400 0
871| -6,600001 400 0
872| -6,600001 400 0
873| -6,600001 400 0
874| -6,600001 400 0
875| -6,600001 400 0
876| -6,600001 400 0
877| -6,600001 400 0
878| -6,600001 400 0
879| -6,600001 400 0
880| -6,600001 400 0
881| -6,600001 400 0
882| -6,600001 400 0
883| -6,600001 400 0
884| -6,600001 400 0
885| -6,600001 400 0
886| -6,600001 400 0
887| -6,600001 400 0
888| -6,600001 400 0
889| -6,600001 400 0
890| -6,600001 400 0
891| -6,600001 400 0
892| -6,600001 400 0
893| -6,600001 400 0
894| 0 400 0
895| 0,3 400 0
896| 0,6 400 0
897| 0,6 400 0
898| 0,6 400 0
899| 0,6 400 0
900| 0,6 400 0
901| 0,6 400 0
902| 0,6 400 0
903| 0,6 400 0
904| 0,6 400 0
905| 0,6 400 0
906| 0,6 400 0
907| 0,6 400 0
908| 0,6 400 0
909| 0,6 400 0
910| 0,6 400 0
911| 0,6 400 0
912| 0,6 400 0
913| 0,6 400 0
914| 0,6 400 0
915| 0,6 400 0
916| 0,6 400 0
917| 0 400 0
918| -0,3 400 0
919| -0,6 400 0
920| -0,9 400 0
921| -0,9 400 0
922| -0,9 400 0
923| -0,9 400 0
924| -0,9 400 0
925| -0,9 400 0
926| -0,9 400 0
927| -0,9 400 0
928| -0,9 400 0
929| -0,9 400 0
930| -0,9 400 0
931| -1,2 400 0
932| -1,2 400 0
933| -1,2 400 0
934| -1,2 400 0
935| -1,2 400 0
936| -1,2 400 0
937| -1,2 400 0
938| -1,2 400 0
939| -1,2 400 0
940| -1,2 400 0
941| -1,2 400 0
942| -1,2 400 0
943| -1,2 400 0
944| -1,2 400 0
945| -1,5 400 0
946| -1,8 400 0
947| -2,1 400 0
948| -2,4 400 0
949| -2,4 400 0
950| -2,4 400 0
951| -2,4 400 0
952| -2,4 400 0
953| -2,4 400 0
954| -2,4 400 0
955| -2,4 400 0
956| -2,4 400 0
957| -2,4 400 0
958| -2,4 400 0
959| -2,4 400 0
960| -2,4 400 0
961| -2,4 400 0
962| -2,4 400 0
963| -2,4 400 0
964| -2,4 400 0
965| -2,4 400 0
966| -2,4 400 0
967| -2,4 400 0
968| -2,4 400 0
969| -2,4 400 0
970| -2,4 400 0
971| -2,4 400 0
972| -2,4 400 0
973| -2,4 400 0
974| -2,4 400 0
975| -2,4 400 0
976| -2,4 400 0
977| -2,4 400 0
978| -2,4 400 0
979| -2,4 400 0
980| -2,4 400 0
981| -2,4 400 0
982| -2,4 400 0
983| -2,4 400 0
984| -2,4 400 0
985| -2,4 400 0
986| -2,4 400 0
987| -2,4 400 0
988| -2,4 400 0
989| -2,4 400 0
990| -2,4 400 0
991| -2,4 400 0
992| -2,4 400 0
993| -2,4 400 0
994| -2,7 400 0
995| -3 400 0
996| -3,299999 400 0
997| -3,299999 400 0
998| -3,299999 400 0
999| -3,299999 400 0
1000| -3,299999 400 0
1001| -3,299999 400 0
1002| -3,299999 400 0
1003| -3,299999 400 0
1004| -3,299999 400 0
1005| -3,299999 400 0
1006| -3,299999 400 0
1007| -3,299999 400 0
1008| -3,599999 400 0
1009| -3,899999 400 0
1010| -4,2 400 0
1011| -4,2 400 0
1012| -4,2 400 0
1013| -4,2 400 0
1014| -4,2 400 0
1015| -4,2 400 0
1016| -4,2 400 0
1017| -4,2 400 0
1018| -4,2 400 0
1019| -4,2 400 0
1020| -4,2 400 0
1021| -4,2 400 0
1022| -4,2 400 0
1023| -4,2 400 0
1024| -4,2 400 0
1025| -4,5 400 0
1026| -4,8 400 0
1027| -5,1 400 0
1028| -5,4 400 0
1029| -5,4 400 0
1030| -5,4 400 0
1031| -5,4 400 0
1032| -5,4 400 0
1033| -5,4 400 0
1034| -5,4 400 0
1035| -5,4 400 0
1036| -5,4 400 0
1037| -5,4 400 0
1038| -5,4 400 0
1039| -5,4 400 0
1040| -5,4 400 0
1041| -5,4 400 0
1042| -5,7 400 0
1043| -6 400 0
1044| -6,300001 400 0
1045| -6,600001 400 0
1046| -6,600001 400 0
1047| -6,600001 400 0
1048| -6,600001 400 0
1049| -6,600001 400 0
1050| -6,600001 400 0
1051| -6,600001 400 0
1052| -6,600001 400 0
1053| -6,600001 400 0
1054| -6,600001 400 0
1055| -6,600001 400 0
1056| -6,600001 400 0
1057| -6,600001 400 0
1058| -6,600001 400 0
1059| -6,600001 400 0
1060| -6,600001 400 0
1061| -6,600001 400 0
1062| -6,600001 400 0
1063| -6,600001 400 0
1064| -6,600001 400 0
1065| -6,600001 400 0
1066| -6,600001 400 0
1067| -6,600001 400 0
1068| -6,600001 400 0
1069| -6,600001 400 0
1070| -6,600001 400 0
1071| -6,600001 400 0
1072| -6,600001 400 0
1073| -6,600001 400 0
1074| -6,600001 400 0
1075| -6,600001 400 0
1076| -6,600001 400 0
1077| -6,600001 400 0
1078| -6,600001 400 0
1079| -6,600001 400 0
1080| -6,600001 400 0
1081| -6,600001 400 0
1082| -6,600001 400 0
1083| -6,600001 400 0
1084| -6,600001 400 0
1085| -6,600001 400 0
1086| -6,600001 400 0
1087| -6,600001 400 0
1088| -6,600001 400 0
1089| -6,600001 400 0
1090| -6,600001 400 0
1091| -6,600001 400 0
1092| -6,600001 400 0
1093| -6,600001 400 0
1094| -6,600001 400 0
1095| -6,600001 400 0
1096| -6,600001 400 0
1097| 0 400 0
1098| 0,3 400 0
1099| 0,6 400 0
1100| 0,9 400 0
1101| 0,9 400 0
1102| 0,9 400 0
1103| 0,9 400 0
1104| 0,9 400 0
1105| 0,9 400 0
1106| 0,9 400 0
1107| 0,9 400 0
1108| 0,9 400 0
1109| 0,9 400 0
1110| 0,9 400 0
1111| 0,9 400 0
1112| 0,9 400 0
1113| 0,9 400 0
1114| 0,9 400 0
1115| 0,9 400 0
1116| 0,9 400 0
1117| 0,9 400 0
1118| 0,9 400 0
1119| 0,9 400 0
1120| 0,9 400 0
1121| 0,9 400 0
1122| 0,9 400 0
1123| 0,9 400 0
1124| 0,9 400 0
1125| 0,9 400 0
1126| 0,9 400 0
1127| 0,9 400 0
1128| 0,9 400 0
1129| 0,9 400 0
1130| 0,9 400 0
1131| 0 400 0
1132| -0,3 400 0
1133| -0,6 400 0
1134| -0,9 400 0
1135| -0,9 400 0
1136| -0,9 400 0
1137| -0,9 400 0
1138| -0,9 400 0
1139| -0,9 400 0
1140| -0,9 400 0
1141| -0,9 400 0
1142| -0,9 400 0
1143| -0,9 400 0
1144| -0,9 400 0
1145| -0,9 400 0
1146| -0,9 400 0
1147| -0,9 400 0
1148| -0,9 400 0
1149| -0,9 400 0
1150| -0,9 400 0
1151| -0,9 400 0
1152| -0,9 400 0
1153| -0,9 400 0
1154| -0,9 400 0
1155| -0,9 400 0
1156| -0,9 400 0
1157| -0,9 400 0
1158| -0,9 400 0
1159| -0,9 400 0
1160| -0,9 400 0
1161| -0,9 400 0
1162| -0,9 400 0
1163| -0,9 400 0
1164| -0,9 400 0
1165| -0,9 400 0
1166| -0,9 400 0
1167| -0,9 400 0
1168| -0,9 400 0
1169| -0,9 400 0
1170| -0,9 400 0
1171| -0,9 400 0
1172| -0,9 400 0
1173| -0,9 400 0
1174| -0,9 400 0
1175| -0,9 400 0
1176| -0,9 400 0
1177| -0,9 400 0
1178| -0,9 400 0
1179| -0,9 400 0
1180| -0,9 400 0
1181| -0,9 400 0
1182| -0,9 400 0
1183| -0,9 400 0
1184| -0,9 400 0
1185| -0,9 400 0
1186| -0,9 400 0
1187| -0,9 400 0
1188| -0,9 400 0
1189| -0,9 400 0
1190| -0,9 400 0
1191| -0,9 400 0
1192| -0,9 400 0
1193| -0,9 400 0
1194| -0,9 400 0
1195| -0,9 400 0
1196| -0,9 400 0
1197| -0,9 400 0
1198| -0,9 400 0
1199| -0,9 400 0
1200| -0,9 400 0
1201| -0,9 400 0
1202| -0,9 400 0
1203| -0,9 400 0
1204| -0,9 400 0
1205| -0,9 400 0
1206| -0,9 400 0
1207| -0,9 400 0
1208| -0,9 400 0
1209| -0,9 400 0
1210| -0,9 400 0
1211| -0,9 400 0
1212| -0,9 400 0
1213| -0,9 400 0
1214| -0,9 400 0
1215| -0,9 400 0
1216| -0,9 400 0
1217| -0,9 400 0
1218| -0,9 400 0
1219| -0,9 400 0
1220| -0,9 400 0
1221| -0,9 400 0
1222| -0,9 400 0
1223| -0,9 400 0
1224| -0,9 400 0
1225| -0,9 400 0
1226| -0,9 400 0
1227| -0,9 400 0
1228| -0,9 400 0
1229| -0,9 400 0
1230| -0,9 400 0
1231| 0 400 0
1232| 0,3 400 0
1233| 0,6 400 0
1234| 0,9 400 0
1235| 1,2 400 0
1236| 1,5 400 0
1237| 1,8 400 0
1238| 2,1 400 0
1239| 2,4 400 0
1240| 2,7 400 0
1241| 3 400 0
1242| 3,299999 400 0
1243| 3,299999 400 0
1244| 3,299999 400 0
1245| 3,299999 400 0
1246| 3,299999 400 0
1247| 3,299999 400 0
1248| 3,299999 400 0
1249| 3,299999 400 0
1250| 3,299999 400 0
1251| 3,299999 400 0
1252| 3,299999 400 0
1253| 3,299999 400 0
1254| 3,299999 400 0
1255| 3,299999 400 0
1256| 3,299999 400 0
1257| 3,299999 400 0
1258| 3,299999 400 0
1259| 3,299999 400 0
1260| 3,299999 400 0
1261| 3,299999 400 0
1262| 3,299999 400 0
1263| 3,299999 400 0
1264| 3,299999 400 0
1265| 3,299999 400 0
1266| 3,299999 400 0
1267| 3,299999 400 0
1268| 3,299999 400 0
1269| 3,299999 400 0
1270| 3,299999 400 0
1271| 3,299999 400 0
1272| 3,299999 400 0
1273| 3,299999 400 0
1274| 3,299999 400 0
1275| 3,299999 400 0
1276| 3,299999 400 0
1277| 3,299999 400 0
1278| 3,299999 400 0
1279| 3,299999 400 0
1280| 3,299999 400 0
1281| 3,299999 400 0
1282| 3,299999 400 0
1283| 3,299999 400 0
1284| 3,299999 400 0
1285| 0 400 0
1286| -0,3 400 0
1287| -0,6 400 0
1288| -0,6 400 0
1289| -0,6 400 0
1290| -0,6 400 0
1291| -0,6 400 0
1292| -0,6 400 0
1293| -0,6 400 0
1294| -0,6 400 0
1295| -0,6 400 0
1296| -0,6 400 0
1297| -0,6 400 0
1298| -0,6 400 0
1299| -0,6 400 0
1300| -0,6 400 0
1301| -0,6 400 0
1302| -0,6 400 0
1303| -0,6 400 0
1304| -0,6 400 0
1305| -0,6 400 0
1306| -0,6 400 0
1307| -0,6 400 0
1308| -0,6 400 0
1309| -0,6 400 0
1310| -0,6 400 0
1311| -0,6 400 0
1312| -0,6 400 0
1313| -0,6 400 0
1314| -0,6 400 0
1315| -0,6 400 0
1316| -0,6 400 0
1317| -0,6 400 0
1318| -0,6 400 0
1319| -0,6 400 0
1320| -0,6 400 0
1321| -0,6 400 0
1322| -0,6 400 0
1323| -0,6 400 0
1324| -0,6 400 0
1325| -0,6 400 0
1326| -0,6 400 0
1327| -0,6 400 0
1328| -0,6 400 0
1329| -0,6 400 0
1330| -0,6 400 0
1331| -0,6 400 0
1332| -0,6 400 0
1333| -0,6 400 0
1334| -0,6 400 0
1335| -0,6 400 0
1336| -0,6 400 0
1337| -0,6 400 0
1338| -0,6 400 0
1339| -0,6 400 0
1340| -0,6 400 0
1341| -0,6 400 0
1342| -0,6 400 0
1343| -0,6 400 0
1344| -0,6 400 0
1345| -0,6 400 0
1346| -0,6 400 0
1347| -0,6 400 0
1348| -0,6 400 0
1349| -0,6 400 0
1350| -0,6 400 0
1351| -0,6 400 0
1352| -0,6 400 0
1353| -0,6 400 0
1354| -0,6 400 0
1355| -0,6 400 0
1356| -0,6 400 0
1357| -0,6 400 0
1358| -0,6 400 0
1359| -0,6 400 0
1360| -0,6 400 0
1361| -0,6 400 0
1362| -0,6 400 0
1363| -0,6 400 0
1364| -0,6 400 0
1365| -0,6 400 0
1366| -0,6 400 0
1367| -0,6 400 0
1368| -0,6 400 0
1369| -0,6 400 0
1370| -0,6 400 0
1371| -0,6 400 0
1372| -0,6 400 0
1373| -0,6 400 0
1374| -0,6 400 0
1375| -0,6 400 0
1376| -0,6 400 0
1377| -0,6 400 0
1378| -0,6 400 0
1379| -0,6 400 0
1380| -0,6 400 0
1381| -0,6 400 0
1382| -0,6 400 0
1383| -0,6 400 0
1384| -0,6 400 0
1385| -0,6 400 0
1386| -0,6 400 0
1387| -0,6 400 0
1388| -0,6 400 0
1389| -0,6 400 0
1390| -0,6 400 0
1391| -0,6 400 0
1392| -0,6 400 0
1393| -0,6 400 0
1394| -0,6 400 0
1395| -0,6 400 0
1396| -0,6 400 0
1397| -0,6 400 0
1398| -0,6 400 0
1399| -0,6 400 0
1400| -0,6 400 0
1401| -0,6 400 0
1402| -0,6 400 0
1403| -0,6 400 0
1404| -0,6 400 0
1405| -0,6 400 0
1406| -0,6 400 0
1407| -0,6 400 0
1408| -0,6 400 0
1409| -0,6 400 0
1410| -0,6 400 0
1411| -0,6 400 0
1412| -0,6 400 0
1413| -0,6 400 0
1414| -0,6 400 0
1415| -0,6 400 0
1416| -0,6 400 0
1417| -0,6 400 0
1418| -0,6 400 0
1419| -0,6 400 0
1420| -0,6 400 0
1421| -0,6 400 0
1422| -0,6 400 0
1423| -0,6 400 0
1424| -0,6 400 0
1425| -0,6 400 0
1426| -0,6 400 0
1427| -0,6 400 0
1428| -0,6 400 0
1429| -0,6 400 0
1430| -0,6 400 0
1431| -0,6 400 0
1432| -0,6 400 0
1433| -0,6 400 0
1434| -0,6 400 0
1435| -0,6 400 0
1436| -0,6 400 0
1437| -0,6 400 0
1438| -0,6 400 0
1439| -0,6 400 0
1440| -0,6 400 0
1441| -0,6 400 0
1442| -0,6 400 0
1443| -0,6 400 0
1444| -0,6 400 0
1445| -0,6 400 0
1446| -0,6 400 0
1447| -0,6 400 0
1448| -0,6 400 0
1449| -0,6 400 0
1450| -0,6 400 0
1451| -0,6 400 0
1452| -0,6 400 0
1453| -0,6 400 0
1454| -0,6 400 0
1455| -0,6 400 0
1456| -0,6 400 0
1457| -0,6 400 0
1458| -0,6 400 0
1459| -0,6 400 0
1460| -0,6 400 0
1461| -0,6 400 0
1462| -0,6 400 0
1463| -0,6 400 0
1464| -0,6 400 0
1465| -0,6 400 0
1466| -0,6 400 0
1467| -0,6 400 0
1468| -0,6 400 0
1469| -0,6 400 0
1470| -0,6 400 0
1471| -0,6 400 0
1472| -0,6 400 0
1473| -0,6 400 0
1474| -0,6 400 0
1475| -0,6 400 0
1476| -0,6 400 0
1477| -0,6 400 0
1478| -0,6 400 0
1479| -0,6 400 0
1480| -0,6 400 0
1481| -0,6 400 0
1482| -0,6 400 0
1483| -0,6 400 0
1484| -0,6 400 0
1485| -0,6 400 0
1486| -0,6 400 0
1487| -0,6 400 0
1488| -0,6 400 0
1489| -0,6 400 0
1490| -0,6 400 0
1491| -0,6 400 0
1492| -0,6 400 0
1493| -0,6 400 0
1494| -0,6 400 0
1495| -0,6 400 0
1496| -0,6 400 0
1497| -0,6 400 0
1498| -0,6 400 0
1499| -0,6 400 0
1500| -0,6 400 0
1501| -0,6 400 0
1502| -0,6 400 0
1503| -0,6 400 0
1504| -0,6 400 0
1505| -0,6 400 0
1506| -0,6 400 0
1507| -0,6 400 0
1508| -0,6 400 0
1509| -0,6 400 0
1510| -0,6 400 0
1511| -0,6 400 0
1512| -0,6 400 0
1513| -0,6 400 0
1514| -0,6 400 0
1515| -0,6 400 0
1516| -0,6 400 0
1517| -0,6 400 0
1518| -0,6 400 0
1519| -0,6 400 0
1520| -0,6 400 0
1521| -0,6 400 0
1522| -0,6 400 0
1523| -0,6 400 0
1524| -0,6 400 0
1525| -0,6 400 0
1526| -0,6 400 0
1527| -0,6 400 0
1528| -0,6 400 0
1529| 0 400 0
1530| 0,3 400 0
1531| 0,6 400 0
1532| 0,6 400 0
1533| 0,6 400 0
1534| 0,6 400 0
1535| 0,6 400 0
1536| 0,6 400 0
1537| 0,6 400 0
1538| 0,6 400 0
1539| 0,6 400 0
1540| 0 400 0
1541| -0,3 400 0
1542| -0,6 400 0
1543| -0,9 400 0
1544| -1,2 400 0
1545| -1,5 400 0
1546| -1,8 400 0
1547| -2,1 400 0
1548| -2,4 400 0
1549| -2,7 400 0
1550| -3 400 0
1551| -3 400 0
1552| -3 400 0
1553| -3 400 0
1554| -3 400 0
1555| -3 400 0
1556| -3 400 0
1557| -3 400 0
1558| -3,299999 400 0
1559| -3,599999 400 0
1560| -3,899999 400 0
1561| -4,2 400 0
1562| -4,5 400 0
1563| -4,5 400 0
1564| -4,5 400 0
1565| -4,5 400 0
1566| -4,5 400 0
1567| -4,5 400 0
1568| -4,5 400 0
1569| -4,8 400 0
1570| -5,1 400 0
1571| -5,4 400 0
1572| -5,4 400 0
1573| -5,4 400 0
1574| -5,4 400 0
1575| -5,4 400 0
1576| -5,4 400 0
1577| -5,4 400 0
1578| -5,4 400 0
1579| -5,4 400 0
1580| -5,4 400 0
1581| -5,4 400 0
1582| -5,4 400 0
1583| -5,4 400 0
1584| -5,4 400 0
1585| -5,4 400 0
1586| -5,4 400 0
1587| -5,4 400 0
1588| -5,4 400 0
1589| -5,4 400 0
1590| -5,4 400 0
1591| -5,4 400 0
1592| -5,4 400 0
1593| -5,4 400 0
1594| -5,4 400 0
1595| -5,4 400 0
1596| -5,4 400 0
1597| -5,4 400 0
1598| -5,4 400 0
1599| -5,4 400 0
1600| -5,4 400 0
1601| -5,4 400 0
1602| -5,4 400 0
1603| -5,4 400 0
1604| -5,4 400 0
1605| -5,4 400 0
1606| -5,4 400 0
1607| -5,4 400 0
1608| -5,4 400 0
1609| -5,4 400 0
1610| -5,4 400 0
1611| -5,4 400 0
1612| -5,4 400 0
1613| -5,4 400 0
1614| -5,4 400 0
1615| -5,4 400 0
1616| -5,4 400 0
1617| -5,4 400 0
1618| -5,4 400 0
1619| -5,4 400 0
1620| -5,4 400 0
1621| -5,4 400 0
1622| -5,4 400 0
1623| -5,4 400 0
1624| -5,4 400 0
1625| -5,4 400 0
1626| -5,4 400 0
1627| -5,4 400 0
1628| -5,4 400 0
1629| -5,4 400 0
1630| -5,4 400 0
1631| -5,4 400 0
1632| -5,4 400 0
1633| -5,4 400 0
1634| -5,4 400 0
1635| -5,4 400 0
1636| -5,4 400 0
1637| -5,4 400 0
1638| -5,4 400 0
1639| -5,4 400 0
1640| -5,4 400 0
1641| -5,4 400 0
1642| -5,4 400 0
1643| -5,4 400 0
1644| 0 400 0
1645| 0,3 400 0
1646| 0,6 400 0
1647| 0,6 400 0
1648| 0,6 400 0
1649| 0,6 400 0
1650| 0,6 400 0
1651| 0,6 400 0
1652| 0,6 400 0
1653| 0,6 400 0
1654| 0,6 400 0
1655| 0,6 400 0
1656| 0,6 400 0
1657| 0,6 400 0
1658| 0,6 400 0
1659| 0,6 400 0
1660| 0,6 400 0
1661| 0,6 400 0
1662| 0,6 400 0
1663| 0,6 400 0
1664| 0,6 400 0
1665| 0,6 400 0
1666| 0,6 400 0
1667| 0,6 400 0
1668| 0,6 400 0
1669| 0,6 400 0
1670| 0,9 400 0
1671| 1,2 400 0
1672| 1,2 400 0
1673| 1,2 400 0
1674| 1,2 400 0
1675| 1,2 400 0
1676| 1,2 400 0
1677| 1,2 400 0
1678| 1,2 400 0
1679| 1,2 400 0
1680| 1,2 400 0
1681| 1,2 400 0
1682| 1,2 400 0
1683| 1,2 400 0
1684| 1,2 400 0
1685| 1,2 400 0
1686| 1,2 400 0
1687| 1,2 400 0
1688| 1,2 400 0
1689| 1,2 400 0
1690| 1,2 400 0
1691| 1,2 400 0
1692| 1,2 400 0
1693| 1,2 400 0
1694| 1,2 400 0
1695| 1,2 400 0
1696| 1,2 400 0
1697| 1,2 400 0
1698| 1,2 400 0
1699| 1,2 400 0
1700| 1,2 400 0
1701| 1,2 400 0
1702| 0 400 0
1703| -0,3 400 0
1704| -0,6 400 0
1705| -0,6 400 0
1706| -0,6 400 0
1707| -0,6 400 0
1708| -0,6 400 0
1709| -0,6 400 0
1710| -0,6 400 0
1711| -0,6 400 0
1712| -0,6 400 0
1713| -0,6 400 0
1714| -0,6 400 0
1715| -0,6 400 0
1716| -0,6 400 0
1717| -0,6 400 0
1718| -0,6 400 0
1719| -0,6 400 0
1720| -0,6 400 0
1721| -0,6 400 0
1722| -0,6 400 0
1723| -0,6 400 0
1724| -0,6 400 0
1725| -0,6 400 0
1726| -0,6 400 0
1727| -0,6 400 0
1728| -0,6 400 0
1729| -0,6 400 0
1730| -0,6 400 0
1731| -0,6 400 0
1732| -0,6 400 0
1733| -0,6 400 0
1734| -0,6 400 0
1735| -0,6 400 0
1736| -0,6 400 0
1737| -0,6 400 0
1738| -0,6 400 0
1739| -0,6 400 0
1740| -0,6 400 0
1741| -0,6 400 0
1742| -0,6 400 0
1743| -0,6 400 0
1744| -0,6 400 0
1745| -0,6 400 0
1746| -0,6 400 0
1747| -0,6 400 0
1748| -0,6 400 0
1749| -0,6 400 0
1750| -0,6 400 0
1751| -0,6 400 0
1752| -0,6 400 0
1753| -0,6 400 0
1754| -0,6 400 0
1755| -0,6 400 0
1756| -0,6 400 0
1757| -0,6 400 0
1758| -0,6 400 0
1759| -0,6 400 0
1760| -0,6 400 0
1761| -0,6 400 0
1762| -0,6 400 0
1763| -0,6 400 0
1764| -0,6 400 0
1765| -0,6 400 0
1766| -0,6 400 0
1767| -0,6 400 0
1768| -0,6 400 0
1769| -0,6 400 0
1770| -0,6 400 0
1771| -0,6 400 0
1772| -0,6 400 0
1773| -0,6 400 0
1774| -0,6 400 0
1775| -0,6 400 0
1776| -0,6 400 0
1777| -0,6 400 0
1778| -0,6 400 0
1779| -0,6 400 0
1780| -0,6 400 0
1781| -0,6 400 0
1782| -0,6 400 0
1783| -0,6 400 0
1784| -0,6 400 0
1785| -0,6 400 0
1786| -0,6 400 0
1787| -0,6 400 0
1788| -0,6 400 0
1789| -0,6 400 0
1790| -0,6 400 0
1791| -0,6 400 0
1792| 0 400 0
1793| 0,3 400 0
1794| 0,6 400 0
1795| 0,6 400 0
1796| 0,6 400 0
1797| 0,6 400 0
1798| 0,6 400 0
1799| 0,6 400 0
1800| 0,6 400 0
1801| 0,6 400 0
1802| 0,6 400 0
1803| 0,6 400 0
1804| 0,6 400 0
1805| 0,6 400 0
1806| 0,6 400 0
1807| 0,6 400 0
1808| 0,6 400 0
1809| 0,6 400 0
1810| 0,6 400 0
1811| 0,6 400 0
1812| 0,9 400 0
1813| 0,9 400 0
1814| 0,9 400 0
1815| 0,9 400 0
1816| 0,9 400 0
1817| 0,9 400 0
1818| 0,9 400 0
1819| 0,9 400 0
1820| 0,9 400 0
1821| 0,9 400 0
1822| 0,9 400 0
1823| 0,9 400 0
1824| 0,9 400 0
1825| 0,9 400 0
1826| 0,9 400 0
1827| 1,2 400 0
1828| 1,5 400 0
1829| 1,8 400 0
1830| 1,8 400 0
1831| 1,8 400 0
1832| 1,8 400 0
1833| 1,8 400 0
1834| 1,8 400 0
1835| 1,8 400 0
1836| 1,8 400 0
1837| 1,8 400 0
1838| 1,8 400 0
1839| 1,8 400 0
1840| 1,8 400 0
1841| 1,8 400 0
1842| 1,8 400 0
1843| 1,8 400 0
1844| 1,8 400 0
1845| 1,8 400 0
1846| 2,1 400 0
1847| 2,1 400 0
1848| 2,1 400 0
1849| 2,1 400 0
1850| 2,1 400 0
1851| 2,1 400 0
1852| 2,1 400 0
1853| 2,1 400 0
1854| 2,1 400 0
1855| 2,1 400 0
1856| 2,1 400 0
1857| 2,1 400 0
1858| 2,1 400 0
1859| 2,1 400 0
1860| 2,1 400 0
1861| 2,1 400 0
1862| 2,1 400 0
1863| 2,1 400 0
1864| 2,1 400 0
1865| 2,1 400 0
1866| 2,1 400 0
1867| 2,1 400 0
1868| 2,1 400 0
1869| 2,1 400 0
1870| 2,1 400 0
1871| 2,1 400 0
1872| 2,1 400 0
1873| 2,1 400 0
1874| 2,1 400 0
1875| 2,1 400 0
1876| 2,1 400 0
1877| 2,1 400 0
1878| 2,1 400 0
1879| 2,1 400 0
1880| 2,1 400 0
1881| 2,1 400 0
1882| 2,1 400 0
1883| 2,1 400 0
1884| 0 400 0
1885| -0,3 400 0
1886| -0,6 400 0
1887| -0,6 400 0
1888| -0,6 400 0
1889| -0,6 400 0
1890| -0,6 400 0
1891| -0,6 400 0
1892| -0,6 400 0
1893| -0,6 400 0
1894| -0,6 400 0
1895| -0,6 400 0
1896| -0,6 400 0
1897| -0,6 400 0
1898| -0,6 400 0
1899| -0,6 400 0
1900| -0,6 400 0
1901| -0,6 400 0
1902| -0,6 400 0
1903| -0,6 400 0
1904| -0,6 400 0
1905| -0,6 400 0
1906| -0,6 400 0
1907| -0,6 400 0
1908| -0,6 400 0
1909| -0,6 400 0
1910| -0,6 400 0
1911| -0,6 400 0
1912| -0,6 400 0
1913| -0,6 400 0
1914| -0,6 400 0
1915| -0,6 400 0
1916| -0,6 400 0
1917| -0,6 400 0
1918| -0,6 400 0
1919| -0,6 400 0
1920| -0,6 400 0
1921| -0,6 400 0
1922| -0,6 400 0
1923| -0,6 400 0
1924| 0 400 0
1925| 0,3 400 0
1926| 0,6 400 0
1927| 0,9 400 0
1928| 1,2 400 0
1929| 1,2 400 0
1930| 1,2 400 0
1931| 1,2 400 0
1932| 1,2 400 0
1933| 1,2 400 0
1934| 1,2 400 0
1935| 1,2 400 0
1936| 1,2 400 0
1937| 1,5 400 0
1938| 1,8 400 0
1939| 2,1 400 0
1940| 2,4 400 0
1941| 2,7 400 0
1942| 3 400 0
1943| 3,299999 400 0
1944| 3,599999 400 0
1945| 3,899999 400 0
1946| 4,2 400 0
1947| 4,5 400 0
1948| 4,8 400 0
1949| 5,1 400 0
1950| 5,4 400 0
1951| 5,7 400 0
1952| 6 400 0
1953| 6,300001 400 0
1954| 6,600001 400 0
1955| 6,900001 400 0
1956| 7,200001 400 0
1957| 7,500001 400 0
1958| 7,800001 400 0
1959| 8,1 400 0
1960| 8,4 400 0
1961| 8,7 400 30000
1962| 0 0 30000
1963| 0 0 30000
1964| 0 0 30000
1965| 0 0 30000
1966| 0 0 30000
1967| 0 0 30000
1968| 0 0 30000
1969| 0 0 30000
1970| 0 0 30000
1971| 0 0 30000
1972| 0 0 30000
1973| 0 0 30000
1974| 0 0 30000
1975| 0 0 30000
1976| 0 0 30000
1977| 0 0 30000
1978| 0 0 30000
1979| 0 0 30000
1980| 0 0 30000
1981| 0 0 30000
1982| 0 0 30000
1983| 0 0 30000
1984| 0 0 30000
1985| 0 0 30000
1986| 0 0 30000
1987| 0 0 30000
1988| 0 0 30000
1989| 0 0 30000
1990| 0 0 30000
1991| 0 0 30000
1992| 0 0 30000
1993| 0 0 30000
1994| 0 0 30000
1995| 0 0 30000
1996| 0 0 30000
1997| 0 0 30000
1998| 0 0 30000
1999| 0 0 30000
2000| 0 0 30000
2001| 0 0 30000
2002| 0 0 30000
2003| 0 0 30000
2004| 0 0 30000
2005| 0 0 30000
2006| 0 0 30000
2007| 0 0 30000
2008| 0 0 30000
2009| 0 0 30000
2010| 0 0 30000
2011| 0 0 30000
2012| 0 0 30000
2013| 0 0 30000
2014| 0 0 30000
2015| 0 0 30000
2016| 0 0 30000
2017| 0 0 30000
2018| 0 0 30000
2019| 0 0 30000
2020| 0 0 30000
2021| 0 0 30000
2022| 0 0 30000
2023| 0 0 30000
2024| 0 0 30000
2025| 0 0 30000
2026| 0 0 30000
2027| 0 0 30000
2028| 0 0 30000
2029| 0 0 30000
2030| 0 0 30000
2031| 0 0 30000
2032| 0 0 30000
2033| 0 0 30000
2034| 0 0 30000
2035| 0 0 30000
2036| 0 0 30000
2037| 0 0 30000
2038| 0 0 30000
2039| 0 0 30000
2040| 0 0 30000
2041| 0 0 30000
2042| 0 0 30000
2043| 0 0 30000
2044| 0 0 30000
2045| 0 0 30000
2046| 0 0 30000
2047| 0 0 30000
2048| 0 0 30000
2049| 0 0 30000
2050| 0 0 30000
2051| 0 0 30000
2052| 0 0 30000
2053| 0 0 30000
2054| 0 0 30000
2055| 0 0 30000
2056| 0 0 30000
2057| 0 0 30000
2058| 0 0 30000
2059| 0 0 30000
2060| 0 0 30000
2061| 0 0 30000
2062| 0 0 30000
2063| 0 0 30000
2064| 0 0 30000
2065| 0 0 30000
2066| 0 0 30000
2067| 0 0 30000
2068| 0 0 30000
2069| 0 0 30000
2070| 0 0 30000
2071| 0 0 0
2072| 0 0 0
2073| 0 0 0
2074| 0 0 0
2075| 0 0 0
2076| 0 0 0
2077| 0 0 0
2078| 0 0 0
2079| 0 0 0
2080| 0 0 0
2081| 0 0 0
2082| 0 0 0
2083| 0 0 0
2084| 0 0 0
2085| 0 0 0
2086| 0 0 0
2087| 0 0 0
2088| 0 0 0
2089| 0 0 0
2090| 0 0 0
2091| 0 0 0
2092| 0 0 0
2093| 0 0 0
2094| 0 0 0
2095| 0 0 0
2096| 0 0 0
2097| 0 0 0
2098| 0 0 0
2099| 0 0 0
2100| 0 0 0
2101| 0 0 0
2102| 0 0 0
2103| 0 0 0
2104| 0 0 0
2105| 0 0 0
2106| 0 0 0
2107| 0 0 0
2108| 0 0 0
2109| 0 0 0
2110| 0 0 0
2111| 0 0 0
2112| 0 0 0
2113| 0 0 0
2114| 0 0 0
2115| 0 0 0
2116| 0 0 0
2117| 0 0 0
2118| 0 0 0
2119| 0 0 0
2120| 0 0 0
2121| 0 0 0
2122| 0 0 0
2123| 0 0 0
2124| 0 0 0
2125| 0 0 0
2126| 0 0 0
2127| 0 0 0
2128| 0 0 0
2129| 0 0 0
2130| 0 0 0
2131| 0 0 0
2132| 0 0 0
2133| 0 0 0
2134| 0 0 0
2135| 0 0 0
2136| 0 0 0
2137| 0 0 0
2138| 0 0 0
2139| 0 0 0
2140| 0 0 0
2141| 0 0 0
2142| 0 0 0
2143| 0 0 0
2144| 0 0 0
2145| 0 0 0
2146| 0 0 0
2147| 0 0 0
2148| 0 0 0
2149| 0 0 0
2150| 0 0 0
2151| 0 0 0
2152| 0 0 0
2153| 0 0 0
2154| 0 0 0
2155| 0 0 0
2156| 0 0 0
2157| 0 0 0
2158| 0 0 0
2159| 0 0 0
2160| 0 0 0
2161| 0 0 0
2162| 0 0 0
2163| 0 0 0
2164| 0 0 0
2165| 0 0 0
2166| 0 0 0
2167| 0 0 0
2168| 0 0 0
2169| 0 0 0
2170| 0 0 0
2171| 0 0 0
2172| 0 0 0
2173| 0 0 0
2174| 0 0 0
2175| 0 0 0
2176| 0 0 0
2177| 0 0 0
2178| 0 0 0
2179| 0 0 0
2180| 0 0 0
2181| 0 0 0
2182| 0 0 0
2183| 0 0 0
2184| 0 0 0
2185| 0 0 0
2186| 0 0 0
2187| 0 0 0
2188| 0 0 0
2189| 0 0 0
2190| 0 0 0
2191| 0 0 0
2192| 0 0 0
2193| 0 0 0
2194| 0 0 0
2195| 0 0 0
2196| 0 0 0
2197| 0 0 0
2198| 0 0 0
2199| 0 0 0
2200| 0 0 0
2201| 0 0 0
2202| 0 0 0
2203| 0 0 0
2204| 0 0 0
2205| 0 0 0
2206| 0 0 0
2207| 0 0 0
2208| 0 0 0
2209| 0 0 0
2210| 0 0 0
2211| 0 0 0
2212| 0 0 0
2213| 0 0 0
2214| 0 0 0
2215| 0 0 0
2216| 0 0 0
2217| 0 0 0
2218| 0 0 0
2219| 0 0 0
2220| 0 0 0
2221| 0 0 0
2222| 0 0 0
2223| 0 0 0
2224| 0 0 0
2225| 0 0 0
2226| 0 0 0
2227| 0 0 0
2228| 0 0 0
2229| 0 0 0
2230| 0 0 0
2231| 0 0 0
2232| 0 0 0
2233| 0 0 0
2234| 0 0 0
2235| 0 0 0
2236| 0 0 0
2237| 0 0 0
2238| 0 0 0
2239| 0 0 0
2240| 0 0 0
2241| 0 0 0
2242| 0 0 0
2243| 0 0 0
2244| 0 0 0
2245| 0 0 0
2246| 0 0 0
2247| 0 0 0
2248| 0 0 0
2249| 0 0 0
2250| 0 0 0
2251| 0 0 0
2252| 0 0 0
2253| 0 0 0
2254| 0 0 0
2255| 0 0 0
2256| 0 0 0
2257| 0 0 0
2258| 0 0 0
2259| 0 0 0
2260| 0 0 0
2261| 0 0 0
2262| 0 0 0
2263| 0 0 0
2264| 0 0 0
2265| 0 0 0
2266| 0 0 0
2267| 0 0 0
2268| 0 0 0
2269| 0 0 0
2270| 0 0 0
2271| 0 0 0
2272| 0 0 0
2273| 0 0 0
2274| 0 0 0
2275| 0 0 0
2276| 0 0 0
2277| 0 0 0
2278| 0 0 0
2279| 0 0 0
2280| 0 0 0
2281| 0 0 0
2282| 0 0 0
2283| 0 0 0
2284| 0 0 0
2285| 0 0 0
2286| 0 0 0
2287| 0 0 0
2288| 0 0 0
2289| 0 0 0
2290| 0 0 0
2291| 0 0 0
2292| 0 0 0
2293| 0 0 0
2294| 0 0 0
2295| 0 0 0
2296| 0 0 0
2297| 0 0 0
2298| 0 0 0
2299| 0 0 0
2300| 0 0 0
2301| 0 0 0
2302| 0 0 0
2303| 0 0 0
2304| 0 0 0
2305| 0 0 0
2306| 0 0 0
2307| 0 0 0
2308| 0 0 0
2309| 0 0 0
2310| 0 0 0
2311| 0 0 0
2312| 0 0 0
2313| 0 0 0
2314| 0 0 0
2315| 0 0 0
2316| 0 0 0
2317| 0 0 0
2318| 0 0 0
2319| 0 0 0
2320| 0 0 0
2321| 0 0 0
2322| 0 0 0
2323| 0 0 0
2324| 0 0 0
2325| 0 0 0
2326| 0 0 0
2327| 0 0 0
2328| 0 0 0
2329| 0 0 0
2330| 0 0 0
2331| 0 0 0
2332| 0 0 0
2333| 0 0 0
2334| 0 0 0
2335| 0 0 0
2336| 0 0 0
2337| 0 0 0
2338| 0 0 0
2339| 0 0 0
2340| 0 0 0
2341| 0 0 0
2342| 0 0 0
2343| 0 0 0
2344| 0 0 0
2345| 0 0 0
2346| 0 0 0
2347| 0 0 0
2348| 0 0 0
2349| 0 0 0
2350| 0 0 0
2351| 0 0 0
2352| 0 0 0
2353| 0 0 0
2354| 0 0 0
2355| 0 0 0
2356| 0 0 0
2357| 0 0 0
2358| 0 0 0
2359| 0 0 0
2360| 0 0 0
2361| 0 0 0
2362| 0 0 0
2363| 0 0 0
2364| 0 0 0
2365| 0 0 0
2366| 0 0 0
2367| 0 0 0
2368| 0 0 0
2369| 0 0 0
2370| 0 0 0
2371| 0 0 0
2372| 0 0 0
2373| 0 0 0
2374| 0 0 0
2375| 0 0 0
2376| 0 0 0
2377| 0 0 0
2378| 0 0 0
2379| 0 0 0
2380| 0 0 0
2381| 0 0 0
2382| 0 0 0
2383| 0 0 0
2384| 0 0 0
2385| 0 0 0
2386| 0 0 0
2387| 0 0 0
2388| 0 0 0
2389| 0 0 0
2390| 0 0 0
2391| 0 0 0
2392| 0 0 0
2393| 0 0 0
2394| 0 0 0
2395| 0 0 0
2396| 0 0 0
2397| 0 0 0
2398| 0 0 0
2399| 0 0 0
2400| 0 0 0
2401| 0 0 0
2402| 0 0 0
2403| 0 0 0
2404| 0 0 0
2405| 0 0 0
2406| 0 0 0
2407| 0 0 0
2408| 0 0 0
2409| 0 0 0
2410| 0 0 0
2411| 0 0 0
2412| 0 0 0
2413| 0 0 0
2414| 0 0 0
2415| 0 0 0
2416| 0 0 0
2417| 0 0 0
2418| 0 0 0
2419| 0 0 0
2420| 0 0 0
2421| 0 0 0
2422| 0 0 0
2423| 0 0 0
2424| 0 0 0
2425| 0 0 0
2426| 0 0 0
2427| 0 0 0
2428| 0 0 0
2429| 0 0 0
2430| 0 0 0
2431| 0 0 0
2432| 0 0 0
2433| 0 0 0
2434| 0 0 0
2435| 0 0 0
2436| 0 0 0
2437| 0 0 0
2438| 0 0 0
2439| 0 0 0
2440| 0 0 0
2441| 0 0 0
2442| 0 0 0
2443| 0 0 0
2444| 0 0 0
2445| 0 0 0
2446| 0 0 0
2447| 0 0 0
2448| 0 0 0
2449| 0 0 0
2450| 0 0 0
2451| 0 0 0
2452| 0 0 0
2453| 0 0 0
2454| 0 0 0
2455| 0 0 0
2456| 0 0 0
2457| 0 0 0
2458| 0 0 0
2459| 0 0 0
2460| 0 0 0
2461| 0 0 0
2462| 0 0 0
2463| 0 0 0
2464| 0 0 0
2465| 0 0 0
2466| 0 0 0
2467| 0 0 0
2468| 0 0 0
2469| 0 0 0
2470| 0 0 0
2471| 0 0 0
2472| 0 0 0
2473| 0 0 0
2474| 0 0 0
2475| 0 0 0
2476| 0 0 0
2477| 0 0 0
2478| 0 0 0
2479| 0 0 0
2480| 0 0 0
2481| 0 0 0
2482| 0 0 0
2483| 0 0 0
2484| 0 0 0
2485| 0 0 0
2486| 0 0 0
2487| 0 0 0
2488| 0 0 0
2489| 0 0 0
2490| 0 0 0
2491| 0 0 0
2492| 0 0 0
2493| 0 0 0
2494| 0 0 0
2495| 0 0 0
2496| 0 0 0
2497| 0 0 0
2498| 0 0 0
2499| 0 0 0
2500| 0 0 0
2501| 0 0 0
2502| 0 0 0
2503| 0 0 0
2504| 0 0 0
2505| 0 0 0
2506| 0 0 0
2507| 0 0 0
2508| 0 0 0
2509| 0 0 0
2510| 0 0 0
2511| 0 0 0
2512| 0 0 0
2513| 0 0 0
2514| 0 0 0
2515| 0 0 0
2516| 0 0 0
2517| 0 0 0
2518| 0 0 0
2519| 0 0 0
2520| 0 0 0
2521| 0 0 0
2522| 0 0 0
2523| 0 0 0
2524| 0 0 0
2525| 0 0 0
2526| 0 0 0
2527| 0 0 0
2528| 0 0 0
2529| 0 0 0
2530| 0 0 0
2531| 0 0 0
2532| 0 0 0
2533| 0 0 0
2534| 0 0 0
2535| 0 0 0
2536| 0 0 0
2537| 0 0 0
2538| 0 0 0
2539| 0 0 0
2540| 0 0 0
2541| 0 0 0
2542| 0 0 0
2543| 0 0 0
2544| 0 0 0
2545| 0 0 0
2546| 0 0 0
2547| 0 0 0
2548| 0 0 0
2549| 0 0 0
2550| 0 0 0
2551| 0 0 0
2552| 0 0 0
2553| 0 0 0
2554| 0 0 0
2555| 0 0 0
2556| 0 0 0
2557| 0 0 0
2558| 0 0 0
2559| 0 0 0
2560| 0 0 0
2561| 0 0 0
2562| 0 0 0
2563| 0 0 0
2564| 0 0 0
2565| 0 0 0
2566| 0 0 0
2567| 0 0 0
2568| 0 0 0
2569| 0 0 0
2570| 0 0 0
2571| 0 0 0
2572| 0 0 0
2573| 0 0 0
2574| 0 0 0
2575| 0 0 0
2576| 0 0 0
2577| 0 0 0
2578| 0 0 0
2579| 0 0 0
2580| 0 0 0
2581| 0 0 0
2582| 0 0 0
2583| 0 0 0
2584| 0 0 0
2585| 0 0 0
2586| 0 0 0
2587| 0 0 0
2588| 0 0 0
2589| 0 0 0
2590| 0 0 0
2591| 0 0 0
2592| 0 0 0
2593| 0 0 0
2594| 0 0 0
2595| 0 0 0
2596| 0 0 0
2597| 0 0 0
2598| 0 0 0
2599| 0 0 0
2600| 0 0 0
2601| 0 0 0
2602| 0 0 0
2603| 0 0 0
2604| 0 0 0
2605| 0 0 0
2606| 0 0 0
2607| 0 0 0
2608| 0 0 0
2609| 0 0 0
2610| 0 0 0
2611| 0 0 0
2612| 0 0 0
2613| 0 0 0
2614| 0 0 0
2615| 0 0 0
2616| 0 0 0
2617| 0 0 0
2618| 0 0 0
2619| 0 0 0
2620| 0 0 0
2621| 0 0 0
2622| 0 0 0
2623| 0 0 0
2624| 0 0 0
2625| 0 0 0
2626| 0 0 0
2627| 0 0 0
2628| 0 0 0
2629| 0 0 0
2630| 0 0 0
2631| 0 0 0
2632| 0 0 0
2633| 0 0 0
2634| 0 0 0
2635| 0 0 0
2636| 0 0 0
2637| 0 0 0
2638| 0 0 0
2639| 0 0 0
2640| 0 0 0
2641| 0 0 0
2642| 0 0 0
2643| 0 0 0
2644| 0 0 0
2645| 0 0 0
2646| 0 0 0
2647| 0 0 0
2648| 0 0 0
2649| 0 0 0
2650| 0 0 0
2651| 0 0 0
2652| 0 0 0
2653| 0 0 0
2654| 0 0 0
2655| 0 0 0
2656| 0 0 0
2657| 0 0 0
2658| 0 0 0
2659| 0 -4 0
2660| 0 -8 0
2661| 0 -12 0
2662| 0 -16 0
2663| 0 -20 0
2664| 0 -24 0
2665| 0 -28 0
2666| 0 -32 0
2667| 0 -36 0
2668| 0 -40 0
2669| -0,3 -43,99999 0
2670| -0,6 -47,99999 0
2671| -0,9 -51,99999 0
2672| -1,2 -55,99999 0
2673| -1,5 -60 0
2674| -1,8 -64 0
2675| -2,1 -68 0
2676| -2,4 -72 0
2677| -2,7 -76,00001 0
2678| -3 -80,00001 0
2679| -3,299999 -84,00001 0
2680| -3,599999 -88,00002 0
2681| -3,899999 -92,00002 0
2682| -4,2 -96,00002 0
2683| -4,5 -100 0
2684| -4,8 -104 0
2685| -5,1 -108 0
2686| -5,4 -112 0
2687| -5,7 -116 0
2688| -6 -120 0
2689| -6,300001 -124 0
2690| -6,600001 -128 0
2691| -6,900001 -132 0
2692| -7,200001 -136 0
2693| -7,500001 -140 0
2694| -7,800001 -144 0
2695| -8,1 -148 0
2696| -8,4 -152 0
2697| -8,7 -156 0
2698| -8,999999 -160 0
2699| -9,299999 -164 0
2700| -9,599998 -168 0
2701| -9,899999 -171,9999 0
2702| -10,2 -175,9999 0
2703| -10,5 -179,9999 0
2704| -10,8 -183,9999 0
2705| -11,1 -187,9999 0
2706| -11,4 -191,9999 0
2707| -11,7 -195,9999 0
2708| -12 -199,9999 0
2709| -12,3 -203,9999 0
2710| -12,6 -207,9999 0
2711| -12,9 -211,9999 0
2712| -13,2 -215,9999 0
2713| -13,5 -219,9999 0
2714| -13,79999 -223,9999 0
2715| -14,09999 -227,9999 0
2716| -14,39999 -231,9999 0
2717| -14,69999 -235,9999 0
2718| -14,99999 -239,9999 0
2719| -15,29999 -243,9999 0
2720| -15,59999 -247,9999 0
2721| -15,89999 -251,9999 0
2722| -16,19999 -255,9999 0
2723| -16,49999 -259,9999 0
2724| -16,79999 -263,9999 0
2725| -17,09999 -267,9999 0
2726| -17,39999 -271,9998 0
2727| -17,69999 -275,9998 0
2728| -17,99999 -279,9998 0
2729| -18,29999 -283,9998 0
2730| -18,59999 -287,9998 0
2731| -18,89999 -291,9998 0
2732| -19,19999 -295,9998 0
2733| -19,49999 -299,9998 0
2734| -19,79999 -303,9998 0
2735| -20,09999 -307,9998 0
2736| -20,39999 -311,9998 0
2737| -20,69999 -315,9998 0
2738| -20,99999 -319,9998 0
2739| -21,29999 -323,9998 0
2740| -21,59999 -327,9998 0
2741| -21,89999 -331,9998 0
2742| -22,19999 -335,9998 0
2743| -22,49999 -339,9998 0
2744| -22,79999 -343,9998 0
2745| -23,09999 -347,9998 0
2746| -23,39999 -351,9998 0
2747| -23,69999 -355,9998 0
2748| -23,99999 -359,9998 0
2749| -24,29999 -363,9998 0
2750| -24,59999 -367,9998 0
2751| -24,89998 -371,9998 0
2752| -24,89998 -375,9998 0
2753| -24,89998 -379,9998 0
2754| -24,89998 -383,9998 0
2755| 0 0 0
2756| 0 0 0
2757| 0 0 0
2758| 0 0 0
2759| 0 0 0
2760| 0 0 0
2761| 0 0 0
2762| 0 0 0
2763| 0 0 0
2764| 0 0 0
2765| 0 0 0
2766| 0 0 0
2767| 0 0 0
2768| 0 0 0
2769| 0 0 0
2770| 0 0 0
2771| 0 0 0
2772| 0 0 0
2773| 0 0 0
2774| 0 0 0
2775| 0 0 0
2776| 0 0 0
2777| 0 0 0
2778| 0 0 0
2779| 0 0 0
2780| 0 0 0
2781| 0 0 0
2782| 0 0 0
2783| 0 0 0
2784| 0 0 0
2785| 0 0 0
2786| 0 0 0
2787| 0 0 0
2788| 0 0 0
2789| 0 0 0
2790| 0 0 0
2791| 0 0 0
2792| 0 0 0
2793| 0 0 0
2794| 0 0 0
2795| 0 0 0
2796| 0 0 0
2797| 0 0 0
2798| 0 0 0
2799| 0 0 0
2800| 0 0 0
2801| 0 0 0
2802| 0 0 0
2803| 0 0 0
2804| 0 0 0
2805| 0 0 0
2806| 0 0 0
2807| 0 0 0
2808| 0 0 0
2809| 0 0 0
2810| 0 0 0
2811| 0 0 0
2812| 0 0 0
2813| 0 4 0
2814| 0 8 0
2815| 0 12 0
2816| 0 16 0
2817| 0 20 0
2818| 0 24 0
2819| 0 28 0
2820| 0 32 0
2821| 0,3 36 0
2822| 0,6 40 0
2823| 0,9 43,99999 0
2824| 1,2 47,99999 0
2825| 1,5 51,99999 0
2826| 1,8 55,99999 0
2827| 2,1 60 0
2828| 2,4 64 0
2829| 2,7 68 0
2830| 3 72 0
2831| 3,299999 76,00001 0
2832| 3,599999 80,00001 0
2833| 3,899999 84,00001 0
2834| 4,2 88,00002 0
2835| 4,5 92,00002 0
2836| 4,8 96,00002 0
2837| 5,1 100 0
2838| 5,4 104 0
2839| 5,7 108 0
2840| 6 112 0
2841| 6,300001 116 0
2842| 6,600001 120 0
2843| 6,900001 124 0
2844| 7,200001 128 0
2845| 7,500001 132 0
2846| 7,800001 136 0
2847| 8,1 140 0
2848| 8,4 144 0
2849| 8,7 148 0
2850| 8,999999 152 0
2851| 9,299999 152 0
2852| 9,599998 152 0
2853| 9,899999 152 0
2854| 10,2 152 0
2855| 0 0 0
2856| 0 0 0
2857| 0 0 0
2858| 0 0 0
2859| 0 0 0
2860| 0 0 0
2861| 0 0 0
2862| 0 0 0
2863| 0,3 0 0
2864| 0,6 0 0
2865| 0,9 0 0
2866| 1,2 0 0
2867| 1,5 0 0
2868| 1,8 0 0
2869| 2,1 0 0
2870| 2,4 0 0
2871| 2,7 0 0
2872| 3 0 0
2873| 3,299999 0 0
2874| 3,599999 0 0
2875| 3,899999 0 0
2876| 4,2 0 0
2877| 4,5 0 0
2878| 4,8 0 0
2879| 5,1 0 0
2880| 5,4 0 0
2881| 5,7 0 0
2882| 6 0 0
2883| 6,300001 4 0
2884| 6,600001 8 0
2885| 6,900001 12 0
2886| 7,200001 16 0
2887| 7,500001 20 0
2888| 7,800001 24 0
2889| 8,1 28 0
2890| 8,4 32 0
2891| 8,7 36 0
2892| 8,999999 40 0
2893| 9,299999 43,99999 0
2894| 9,599998 47,99999 0
2895| 9,899999 51,99999 0
2896| 10,2 55,99999 0
2897| 10,5 60 0
2898| 10,8 64 0
2899| 11,1 68 0
2900| 11,4 72 0
2901| 11,7 76,00001 0
2902| 12 80,00001 0
2903| 12,3 84,00001 0
2904| 12,6 88,00002 0
2905| 12,9 92,00002 0
2906| 12,9 96,00002 0
2907| 12,9 100 0
2908| 12,9 104 0
2909| 12,9 108 0
2910| 12,9 112 0
2911| 12,9 116 0
2912| 12,9 120 0
2913| 12,9 124 0
2914| 12,9 128 0
2915| 12,9 132 0
2916| 12,9 136 0
2917| 12,9 140 0
2918| 12,9 144 0
2919| 12,9 148 0
2920| 12,9 152 0
2921| 12,9 156 0
2922| 12,9 160 0
2923| 12,9 164 0
2924| 12,9 168 0
2925| 12,9 171,9999 0
2926| 12,9 175,9999 0
2927| 12,9 179,9999 0
2928| 12,9 183,9999 0
2929| 12,9 187,9999 0
2930| 12,9 191,9999 0
2931| 12,9 195,9999 0
2932| 12,9 199,9999 0
2933| 12,9 203,9999 0
2934| 12,9 207,9999 0
2935| 12,9 211,9999 0
2936| 12,9 215,9999 0
2937| 12,9 219,9999 0
2938| 12,9 223,9999 0
2939| 12,9 227,9999 0
2940| 12,9 231,9999 0
2941| 12,9 235,9999 0
2942| 12,9 239,9999 0
2943| 12,9 243,9999 0
2944| 12,9 247,9999 0
2945| 12,9 251,9999 0
2946| 12,9 255,9999 0
2947| 12,9 259,9999 0
2948| 12,9 263,9999 0
2949| 12,9 267,9999 0
2950| 12,9 271,9998 0
2951| 12,9 275,9998 0
2952| 12,9 279,9998 0
2953| 12,9 283,9998 0
2954| 12,9 287,9998 0
2955| 12,9 291,9998 0
2956| 12,9 295,9998 0
2957| 12,9 299,9998 0
2958| 0 0 0
2959| 0 0 0
2960| 0 0 0
2961| 0 0 0
2962| 0 0 0
2963| 0 0 0
2964| 0 0 0
2965| 0 0 0
2966| 0 0 0
2967| 0 0 0
2968| 0 0 0
2969| 0 0 0
2970| 0 0 0
2971| 0 0 0
2972| 0 0 0
2973| 0 0 0
2974| 0 0 0
2975| 0 0 0
2976| 0 0 0
2977| 0 0 0
2978| 0 0 0
2979| 0 0 0
2980| 0 0 0
2981| 0 0 0
2982| 0 0 0
2983| 0 0 0
2984| 0 0 0
2985| 0 0 0
2986| 0 0 0
2987| 0 0 0
2988| 0 0 0
2989| 0 0 0
2990| 0 0 0
2991| 0 0 0
2992| 0 0 0
2993| 0 0 0
2994| 0 0 0
2995| 0 0 0
2996| 0 0 0
2997| 0 0 0
2998| 0 0 0
2999| 0 0 0
3000| 0 0 0
3001| 0 0 0
3002| 0 0 0
3003| 0 0 0
3004| 0 0 0
3005| 0 0 0
3006| 0 0 0
3007| 0 0 0
3008| 0 0 0
3009| 0 0 0
3010| 0 0 0
3011| 0 0 0
3012| 0 0 0
3013| 0 0 0
3014| 0 0 0
3015| 0 0 0
3016| 0 0 0
3017| 0 0 0
3018| 0 0 0
3019| 0 0 0
3020| 0 0 0
3021| 0 0 0
3022| 0 0 0
3023| 0 0 0
3024| 0 0 0
3025| 0 0 0
3026| 0 0 0
3027| 0 0 0
3028| 0 0 0
3029| 0 0 0
3030| 0 0 0
3031| 0 0 0
3032| 0 0 0
3033| 0 0 0
3034| 0 0 0
3035| 0 0 0
3036| 0 0 0
3037| 0 0 0
3038| 0 0 0
3039| 0 0 0
3040| 0 0 0
3041| 0 0 0
3042| 0 0 0
3043| 0 0 0
3044| 0 0 0
3045| 0 0 0
3046| 0 0 0
3047| 0 0 0
3048| 0 0 0
3049| 0 0 0
3050| 0 0 0
3051| 0 0 0
3052| 0 0 0
3053| 0 0 0
3054| 0 0 0
3055| 0 0 0
3056| 0 0 0
3057| 0 0 0
3058| 0 0 0
3059| 0 0 0
3060| 0 0 0
3061| 0 0 0
3062| 0 0 0
3063| 0 0 0
3064| 0 0 0
3065| 0 0 0
3066| 0 0 0
3067| 0 0 0
3068| 0 0 0
3069| 0 0 0
3070| 0 0 0
3071| 0 0 0
3072| 0 0 0
3073| 0 0 0
3074| 0 0 0
3075| 0 0 0
3076| 0 0 0
3077| 0 0 0
3078| 0 0 0
3079| 0 0 0
3080| 0 0 0
3081| 0 0 0
3082| 0 0 0
3083| 0 0 0
3084| 0 0 0
3085| 0 0 0
3086| 0 0 0
3087| 0 0 0
3088| 0 0 0
3089| 0 0 0
3090| 0 0 0
3091| 0 0 0
3092| 0 0 0
3093| 0 0 0
3094| 0 0 0
3095| 0 0 0
3096| 0 0 0
3097| 0 0 0
3098| 0 0 0
3099| 0 0 0
3100| 0 0 0
3101| 0 0 0
3102| 0 0 0
3103| 0 0 0
3104| 0 0 0
3105| 0 0 0
3106| 0 0 0
3107| 0 0 0
3108| 0 0 0
3109| 0 0 0
3110| 0 0 0
3111| 0 0 0
3112| 0 0 0
3113| 0 0 0
3114| 0 0 0
3115| 0 0 0
3116| 0 0 0
3117| 0 0 0
3118| 0 0 0
3119| 0 0 0
3120| 0 0 0
3121| 0 0 0
3122| 0 0 0
3123| 0 0 0
3124| 0 0 0
3125| 0 0 0
3126| 0 0 0
3127| 0 0 0
3128| 0 0 0
3129| 0 0 0
3130| 0 0 0
3131| 0 0 0
3132| 0 0 0
3133| 0 0 0
3134| 0 0 0
3135| 0 0 0
3136| 0 0 0
3137| 0 0 0
3138| 0 0 0
3139| 0 0 0
3140| 0 0 0
3141| 0 0 0
3142| 0 0 0
3143| 0 0 0
3144| 0 0 0
3145| 0 0 0
3146| 0 0 0
3147| 0 0 0
3148| 0 0 0
3149| 0 0 0
3150| 0 0 0
3151| 0 0 0
3152| 0 0 0
3153| 0 0 0
3154| 0 0 0
3155| 0 0 0
3156| 0 0 0

