1| 0 0 0
2| 0 0 0
3| 0 0 0
4| 0 0 0
5| 0 0 0
6| 0 0 0
7| 0 0 0
8| 0 0 0
9| 0 0 0
10| 0 0 0
11| 0 0 0
12| 0 0 0
13| 0 0 0
14| 0 0 0
15| 0 0 0
16| 0 0 0
17| 0 0 0
18| 0 0 0
19| 0 0 0
20| 0 0 0
21| 0 0 0
22| 0 0 0
23| 0 0 0
24| 0 0 0
25| 0 0 0
26| 0 0 0
27| 0 0 0
28| 0 0 0
29| 0 0 0
30| 0 0 0
31| 0 0 0
32| 0 0 0
33| 0 0 0
34| 0 0 0
35| 0 0 0
36| 0 0 0
37| 0 0 0
38| 0 0 0
39| 0 0 0
40| 0 0 0
41| 0 0 0
42| 0 0 0
43| 0 0 0
44| 0 0 0
45| 0 0 0
46| 0 0 0
47| 0 0 0
48| 0 0 0
49| 0 0 0
50| 0 0 0
51| 0 0 0
52| 0 0 0
53| 0 0 0
54| 0 0 0
55| 0 0 0
56| 0 0 0
57| 0 0 0
58| 0 0 0
59| 0 0 0
60| 0 0 0
61| 0 0 0
62| 0 0 0
63| 0 0 0
64| 0 0 0
65| 0 0 0
66| 0 0 0
67| 0 0 0
68| 0 0 0
69| 0 0 0
70| 0 0 0
71| 0 0 0
72| 0 0 0
73| 0 0 0
74| 0 0 0
75| 0 0 0
76| 0 0 0
77| 0 0 0
78| 0 0 0
79| 0 0 0
80| 0 0 0
81| 0 0 0
82| 0 0 0
83| 0 0 0
84| 0 0 0
85| 0 0 0
86| 0 0 0
87| 0 4 0
88| 0 8 0
89| 0 12 0
90| 0 16 0
91| 0 20 0
92| 0 24 0
93| 0 28 0
94| 0 32 0
95| 0 36 0
96| 0 40 0
97| 0 43,99999 0
98| 0 47,99999 0
99| 0 51,99999 0
100| 0 55,99999 0
101| 0 60 0
102| 0 64 0
103| 0 68 0
104| 0 72 0
105| 0 76,00001 0
106| 0 80,00001 0
107| -0,3 84,00001 0
108| -0,6 88,00002 0
109| -0,9 92,00002 0
110| -1,2 96,00002 0
111| -1,5 100 0
112| -1,8 104 0
113| -2,1 108 0
114| -2,4 112 0
115| -2,7 116 0
116| -3 120 0
117| -3,299999 124 0
118| -3,599999 128 0
119| -3,599999 132 0
120| -3,599999 136 0
121| -3,599999 140 0
122| -3,599999 144 0
123| -3,599999 148 0
124| -3,599999 152 0
125| -3,599999 156 0
126| -3,599999 160 0
127| -3,599999 164 0
128| -3,599999 168 0
129| -3,899999 171,9999 0
130| -4,2 175,9999 0
131| -4,5 179,9999 0
132| -4,8 183,9999 0
133| -5,1 187,9999 0
134| -5,1 191,9999 0
135| -5,1 195,9999 0
136| -5,1 199,9999 0
137| -5,1 203,9999 0
138| -5,1 207,9999 0
139| -5,1 211,9999 0
140| -5,1 215,9999 0
141| -5,1 219,9999 0
142| -5,1 223,9999 0
143| -5,1 227,9999 0
144| -5,1 231,9999 0
145| -5,1 235,9999 0
146| -5,1 239,9999 0
147| -5,1 243,9999 0
148| -5,1 247,9999 0
149| -5,1 251,9999 0
150| -5,1 255,9999 0
151| -5,1 259,9999 0
152| -5,1 263,9999 0
153| -5,1 267,9999 0
154| -5,1 271,9998 0
155| -5,1 275,9998 0
156| -5,1 279,9998 0
157| -5,1 283,9998 0
158| -5,1 287,9998 0
159| -5,1 291,9998 0
160| -5,1 295,9998 0
161| -5,1 299,9998 0
162| -5,1 303,9998 0
163| -5,1 307,9998 0
164| -5,1 311,9998 0
165| -5,1 315,9998 0
166| -5,1 319,9998 0
167| -5,1 323,9998 0
168| -5,1 327,9998 0
169| -5,1 331,9998 0
170| -5,1 335,9998 0
171| -5,1 339,9998 0
172| -5,1 343,9998 0
173| -5,1 347,9998 0
174| -5,1 351,9998 0
175| -5,1 355,9998 0
176| -5,1 359,9998 0
177| -5,1 363,9998 0
178| -5,1 367,9998 0
179| -5,1 371,9998 0
180| -5,1 375,9998 0
181| -5,1 379,9998 0
182| -5,1 383,9998 0
183| -5,1 387,9998 0
184| -5,1 391,9998 0
185| -5,1 395,9998 0
186| -5,1 399,9997 0
187| -5,1 400 0
188| 0 400 0
189| 0,3 400 0
190| 0,6 400 0
191| 0,6 400 0
192| 0,6 400 0
193| 0,6 400 0
194| 0,6 400 0
195| 0,6 400 0
196| 0,6 400 0
197| 0,6 400 0
198| 0,6 400 0
199| 0,6 400 0
200| 0,6 400 0
201| 0,6 400 0
202| 0,6 400 0
203| 0,6 400 0
204| 0,6 400 0
205| 0,6 400 0
206| 0,6 400 0
207| 0,6 400 0
208| 0,6 400 0
209| 0,6 400 0
210| 0,6 400 0
211| 0,6 400 0
212| 0,6 400 0
213| 0,6 400 0
214| 0,6 400 0
215| 0,6 400 0
216| 0,6 400 0
217| 0,6 400 0
218| 0,6 400 0
219| 0,6 400 0
220| 0,6 400 0
221| 0,6 400 0
222| 0,6 400 0
223| 0,6 400 0
224| 0,6 400 0
225| 0,6 400 0
226| 0,6 400 0
227| 0,6 400 0
228| 0,6 400 0
229| 0,6 400 0
230| 0,6 400 0
231| 0,6 400 0
232| 0,6 400 0
233| 0,6 400 0
234| 0,6 400 0
235| 0,6 400 0
236| 0,6 400 0
237| 0,6 400 0
238| 0,6 400 0
239| 0,6 400 0
240| 0,6 400 0
241| 0,6 400 0
242| 0,6 400 0
243| 0,6 400 0
244| 0 400 0
245| -0,3 400 0
246| -0,6 400 0
247| -0,6 400 0
248| -0,6 400 0
249| -0,6 400 0
250| -0,6 400 0
251| -0,6 400 0
252| -0,6 400 0
253| -0,6 400 0
254| -0,6 400 0
255| -0,6 400 0
256| -0,6 400 0
257| -0,6 400 0
258| -0,6 400 0
259| -0,6 400 0
260| -0,9 400 0
261| -1,2 400 0
262| -1,2 400 0
263| -1,2 400 0
264| -1,2 400 0
265| -1,2 400 0
266| -1,2 400 0
267| -1,2 400 0
268| -1,2 400 0
269| -1,2 400 0
270| -1,2 400 0
271| -1,2 400 0
272| -1,2 400 0
273| -1,2 400 0
274| -1,2 400 0
275| -1,2 400 0
276| -1,2 400 0
277| -1,2 400 0
278| -1,2 400 0
279| -1,2 400 0
280| -1,2 400 0
281| -1,2 400 0
282| -1,2 400 0
283| -1,2 400 0
284| -1,2 400 0
285| -1,2 400 0
286| -1,2 400 0
287| -1,2 400 0
288| -1,2 400 0
289| -1,2 400 0
290| -1,2 400 0
291| -1,2 400 0
292| -1,2 400 0
293| -1,2 400 0
294| -1,2 400 0
295| -1,2 400 0
296| -1,2 400 0
297| -1,2 400 0
298| -1,2 400 0
299| -1,2 400 0
300| -1,2 400 0
301| -1,2 400 0
302| -1,2 400 0
303| -1,2 400 0
304| -1,2 400 0
305| -1,2 400 0
306| -1,2 400 0
307| -1,2 400 0
308| -1,2 400 0
309| -1,2 400 0
310| -1,2 400 0
311| -1,2 400 0
312| -1,2 400 0
313| -1,2 400 0
314| -1,2 400 0
315| -1,2 400 0
316| -1,2 400 0
317| -1,2 400 0
318| -1,2 400 0
319| -1,2 400 0
320| -1,2 400 0
321| -1,2 400 0
322| -1,2 400 0
323| -1,2 400 0
324| -1,2 400 0
325| -1,2 400 0
326| -1,2 400 0
327| -1,2 400 0
328| -1,2 400 0
329| -1,2 400 0
330| -1,2 400 0
331| -1,2 400 0
332| -1,2 400 0
333| -1,2 400 0
334| -1,2 400 0
335| -1,2 400 0
336| -1,2 400 0
337| -1,2 400 0
338| -1,2 400 0
339| -1,2 400 0
340| -1,2 400 0
341| -1,2 400 0
342| -1,2 400 0
343| -1,2 400 0
344| -1,2 400 0
345| -1,2 400 0
346| -1,2 400 0
347| -1,2 400 0
348| -1,2 400 0
349| -1,2 400 0
350| -1,2 400 0
351| -1,2 400 0
352| -1,2 400 0
353| -1,2 400 0
354| -1,2 400 0
355| -1,2 400 0
356| -1,2 400 0
357| -1,2 400 0
358| -1,2 400 0
359| -1,2 400 0
360| -1,2 400 0
361| -1,2 400 0
362| -1,2 400 0
363| -1,2 400 0
364| -1,2 400 0
365| -1,2 400 0
366| -1,2 400 0
367| -1,2 400 0
368| -1,2 400 0
369| -1,2 400 0
370| -1,2 400 0
371| -1,2 400 0
372| -1,2 400 0
373| -1,2 400 0
374| -1,2 400 0
375| -1,2 400 0
376| -1,2 400 0
377| -1,2 400 0
378| -1,2 400 0
379| -1,2 400 0
380| -1,2 400 0
381| -1,2 400 0
382| -1,2 400 0
383| -1,2 400 0
384| -1,2 400 0
385| -1,2 400 0
386| -1,2 400 0
387| -1,2 400 0
388| -1,2 400 0
389| -1,2 400 0
390| -1,2 400 0
391| -1,2 400 0
392| -1,2 400 0
393| -1,2 400 0
394| -1,2 400 0
395| -1,2 400 0
396| -1,2 400 0
397| -1,2 400 0
398| -1,2 400 0
399| -1,2 400 0
400| -1,2 400 0
401| -1,2 400 0
402| -1,2 400 0
403| -1,2 400 0
404| -1,2 400 0
405| -1,2 400 0
406| -1,2 400 0
407| -1,2 400 0
408| -1,2 400 0
409| -1,2 400 0
410| -1,2 400 0
411| -1,2 400 0
412| -1,2 400 0
413| -1,2 400 0
414| -1,2 400 0
415| -1,2 400 0
416| -1,2 400 0
417| -1,2 400 0
418| -1,2 400 0
419| -1,2 400 0
420| -1,2 400 0
421| -1,2 400 0
422| -1,2 400 0
423| -1,2 400 0
424| -1,2 400 0
425| -1,2 400 0
426| -1,2 400 0
427| -1,2 400 0
428| -1,2 400 0
429| -1,2 400 0
430| -1,2 400 0
431| -1,2 400 0
432| -1,2 400 0
433| -1,2 400 0
434| -1,2 400 0
435| -1,2 400 0
436| -1,2 400 0
437| -1,2 400 0
438| -1,2 400 0
439| -1,2 400 0
440| -1,2 400 0
441| -1,2 400 0
442| -1,2 400 0
443| -1,2 400 0
444| -1,2 400 0
445| -1,2 400 0
446| -1,2 400 0
447| -1,2 400 0
448| -1,2 400 0
449| -1,2 400 0
450| -1,2 400 0
451| -1,2 400 0
452| -1,2 400 0
453| -1,2 400 0
454| -1,2 400 0
455| -1,2 400 0
456| -1,2 400 0
457| -1,2 400 0
458| -1,2 400 0
459| -1,2 400 0
460| -1,2 400 0
461| -1,2 400 0
462| -1,2 400 0
463| -1,2 400 0
464| -1,2 400 0
465| -1,2 400 0
466| -1,2 400 0
467| -1,2 400 0
468| -1,2 400 0
469| -1,2 400 0
470| -1,2 400 0
471| -1,2 400 0
472| -1,2 400 0
473| -1,2 400 0
474| -1,2 400 0
475| -1,2 400 0
476| 0 400 0
477| 0,3 400 0
478| 0,6 400 0
479| 0,9 400 0
480| 1,2 400 0
481| 1,5 400 0
482| 1,8 400 0
483| 2,1 400 0
484| 2,4 400 0
485| 2,7 400 0
486| 3 400 0
487| 3,299999 400 0
488| 3,599999 400 0
489| 3,899999 400 0
490| 4,2 400 0
491| 4,5 400 0
492| 4,8 400 0
493| 5,1 400 0
494| 5,4 400 0
495| 5,7 400 0
496| 6 400 0
497| 6,300001 400 0
498| 6,600001 400 0
499| 6,900001 400 0
500| 6,900001 400 0
501| 6,900001 400 0
502| 6,900001 400 0
503| 6,900001 400 0
504| 6,900001 400 0
505| 6,900001 400 0
506| 6,900001 400 0
507| 6,900001 400 0
508| 6,900001 400 0
509| 6,900001 400 0
510| 6,900001 400 0
511| 6,900001 400 0
512| 6,900001 400 0
513| 6,900001 400 0
514| 6,900001 400 0
515| 6,900001 400 0
516| 6,900001 400 0
517| 6,900001 400 0
518| 6,900001 400 0
519| 6,900001 400 0
520| 6,900001 400 0
521| 6,900001 400 0
522| 6,900001 400 0
523| 6,900001 400 0
524| 6,900001 400 0
525| 6,900001 400 0
526| 6,900001 400 0
527| 6,900001 400 0
528| 6,900001 400 0
529| 6,900001 400 0
530| 6,900001 400 0
531| 6,900001 400 0
532| 6,900001 400 0
533| 6,900001 400 0
534| 6,900001 400 0
535| 6,900001 400 0
536| 6,900001 400 0
537| 6,900001 400 0
538| 6,900001 400 0
539| 6,900001 400 0
540| 6,900001 400 0
541| 6,900001 400 0
542| 6,900001 400 0
543| 6,900001 400 0
544| 6,900001 400 0
545| 6,900001 400 0
546| 6,900001 400 0
547| 6,900001 400 0
548| 6,900001 400 0
549| 6,900001 400 0
550| 6,900001 400 0
551| 6,900001 400 0
552| 6,900001 400 0
553| 6,900001 400 0
554| 6,900001 400 0
555| 6,900001 400 0
556| 6,900001 400 0
557| 6,900001 400 0
558| 6,900001 400 0
559| 6,900001 400 0
560| 6,900001 400 0
561| 6,900001 400 0
562| 6,900001 400 0
563| 6,900001 400 0
564| 6,900001 400 0
565| 6,900001 400 0
566| 6,900001 400 0
567| 6,900001 400 0
568| 6,900001 400 0
569| 6,900001 400 0
570| 0 400 0
571| -0,3 400 0
572| -0,6 400 0
573| -0,9 400 0
574| -1,2 400 0
575| -1,5 400 0
576| -1,8 400 0
577| -2,1 400 0
578| -2,4 400 0
579| -2,7 400 0
580| -3 400 0
581| -3,299999 400 0
582| -3,599999 400 0
583| -3,899999 400 0
584| -4,2 400 0
585| -4,5 400 0
586| -4,8 400 0
587| -5,1 400 0
588| -5,4 400 0
589| -5,7 400 0
590| -6 400 0
591| -6,300001 400 0
592| -6,600001 400 0
593| -6,600001 400 0
594| -6,600001 400 0
595| -6,600001 400 0
596| -6,600001 400 0
597| -6,600001 400 0
598| -6,600001 400 0
599| -6,600001 400 0
600| -6,600001 400 0
601| -6,600001 400 0
602| -6,600001 400 0
603| -6,600001 400 0
604| -6,600001 400 0
605| -6,600001 400 0
606| -6,600001 400 0
607| -6,600001 400 0
608| -6,600001 400 0
609| -6,600001 400 0
610| -6,600001 400 0
611| -6,600001 400 0
612| -6,600001 400 0
613| -6,600001 400 0
614| -6,600001 400 0
615| -6,600001 400 0
616| -6,600001 400 0
617| -6,600001 400 0
618| -6,600001 400 0
619| -6,600001 400 0
620| -6,600001 400 0
621| -6,600001 400 0
622| -6,600001 400 0
623| -6,600001 400 0
624| -6,600001 400 0
625| -6,600001 400 0
626| -6,600001 400 0
627| -6,600001 400 0
628| -6,600001 400 0
629| -6,600001 400 0
630| -6,600001 400 0
631| -6,600001 400 0
632| -6,600001 400 0
633| -6,600001 400 0
634| -6,600001 400 0
635| -6,600001 400 0
636| -6,600001 400 0
637| -6,600001 400 0
638| -6,600001 400 0
639| -6,600001 400 0
640| -6,600001 400 0
641| -6,600001 400 0
642| -6,600001 400 0
643| -6,600001 400 0
644| -6,600001 400 0
645| -6,600001 400 0
646| -6,600001 400 0
647| -6,600001 400 0
648| -6,600001 400 0
649| -6,600001 400 0
650| -6,600001 400 0
651| -6,600001 400 0
652| -6,600001 400 0
653| -6,600001 400 0
654| -6,600001 400 0
655| -6,600001 400 0
656| -6,600001 400 0
657| -6,600001 400 0
658| -6,600001 400 0
659| -6,600001 400 0
660| -6,600001 400 0
661| -6,600001 400 0
662| -6,600001 400 0
663| -6,600001 400 0
664| -6,600001 400 0
665| -6,600001 400 0
666| -6,600001 400 0
667| -6,600001 400 0
668| -6,600001 400 0
669| -6,600001 400 0
670| -6,600001 400 0
671| -6,600001 400 0
672| -6,600001 400 0
673| -6,600001 400 0
674| -6,600001 400 0
675| -6,600001 400 0
676| -6,600001 400 0
677| -6,600001 400 0
678| -6,600001 400 0
679| -6,600001 400 0
680| -6,600001 400 0
681| -6,600001 400 0
682| -6,600001 400 0
683| -6,600001 400 0
684| -6,600001 400 0
685| -6,600001 400 0
686| -6,600001 400 0
687| -6,600001 400 0
688| -6,600001 400 0
689| -6,600001 400 0
690| -6,600001 400 0
691| -6,600001 400 0
692| -6,600001 400 0
693| -6,600001 400 0
694| -6,600001 400 0
695| -6,600001 400 0
696| -6,600001 400 0
697| -6,600001 400 0
698| -6,600001 400 0
699| -6,600001 400 0
700| -6,600001 400 0
701| -6,600001 400 0
702| -6,600001 400 0
703| -6,600001 400 0
704| -6,600001 400 0
705| -6,600001 400 0
706| -6,600001 400 0
707| -6,600001 400 0
708| -6,600001 400 0
709| -6,600001 400 0
710| -6,600001 400 0
711| -6,600001 400 0
712| -6,600001 400 0
713| -6,600001 400 0
714| -6,600001 400 0
715| -6,600001 400 0
716| -6,600001 400 0
717| -6,600001 400 0
718| -6,600001 400 0
719| -6,600001 400 0
720| -6,600001 400 0
721| -6,600001 400 0
722| -6,600001 400 0
723| -6,600001 400 0
724| -6,600001 400 0
725| -6,600001 400 0
726| -6,600001 400 0
727| -6,600001 400 0
728| -6,600001 400 0
729| -6,600001 400 0
730| -6,600001 400 0
731| -6,600001 400 0
732| -6,600001 400 0
733| -6,600001 400 0
734| -6,600001 400 0
735| -6,600001 400 0
736| -6,600001 400 0
737| -6,600001 400 0
738| -6,600001 400 0
739| -6,600001 400 0
740| -6,600001 400 0
741| -6,600001 400 0
742| -6,600001 400 0
743| -6,600001 400 0
744| -6,600001 400 0
745| -6,600001 400 0
746| -6,600001 400 0
747| -6,600001 400 0
748| -6,600001 400 0
749| -6,600001 400 0
750| 0 400 0
751| 0,3 400 0
752| 0,6 400 0
753| 0,9 400 0
754| 1,2 400 0
755| 1,5 400 0
756| 1,8 400 0
757| 2,1 400 0
758| 2,4 400 0
759| 2,7 400 0
760| 3 400 0
761| 3,299999 400 0
762| 3,599999 400 0
763| 3,899999 400 0
764| 4,2 400 0
765| 4,5 400 0
766| 4,8 400 0
767| 5,1 400 0
768| 5,4 400 0
769| 5,7 400 0
770| 6 400 0
771| 6,300001 400 0
772| 6,600001 400 0
773| 6,600001 400 0
774| 6,600001 400 0
775| 6,600001 400 0
776| 6,600001 400 0
777| 6,600001 400 0
778| 6,600001 400 0
779| 6,600001 400 0
780| 6,600001 400 0
781| 6,600001 400 0
782| 6,600001 400 0
783| 6,600001 400 0
784| 6,600001 400 0
785| 6,600001 400 0
786| 6,600001 400 0
787| 6,600001 400 0
788| 6,600001 400 0
789| 6,600001 400 0
790| 6,600001 400 0
791| 6,600001 400 0
792| 6,600001 400 0
793| 6,600001 400 0
794| 6,600001 400 0
795| 6,600001 400 0
796| 6,600001 400 0
797| 6,600001 400 0
798| 6,600001 400 0
799| 6,600001 400 0
800| 6,600001 400 0
801| 6,600001 400 0
802| 6,600001 400 0
803| 6,600001 400 0
804| 6,600001 400 0
805| 6,600001 400 0
806| 6,600001 400 0
807| 6,600001 400 0
808| 6,600001 400 0
809| 6,600001 400 0
810| 6,600001 400 0
811| 6,600001 400 0
812| 6,600001 400 0
813| 6,600001 400 0
814| 6,600001 400 0
815| 6,600001 400 0
816| 6,600001 400 0
817| 6,600001 400 0
818| 6,600001 400 0
819| 6,600001 400 0
820| 6,600001 400 0
821| 6,600001 400 0
822| 0 400 0
823| -0,3 400 0
824| -0,6 400 0
825| -0,9 400 0
826| -1,2 400 0
827| -1,5 400 0
828| -1,8 400 0
829| -2,1 400 0
830| -2,4 400 0
831| -2,7 400 0
832| -3 400 0
833| -3 400 0
834| -3 400 0
835| -3 400 0
836| -3 400 0
837| -3 400 0
838| -3 400 0
839| -3 400 0
840| -3 400 0
841| -3 400 0
842| -3 400 0
843| -3 400 0
844| -3 400 0
845| -3 400 0
846| -3 400 0
847| -3 400 0
848| -3 400 0
849| -3 400 0
850| -3 400 0
851| -3 400 0
852| -3 400 0
853| -3 400 0
854| -3 400 0
855| -3 400 0
856| -3 400 0
857| -3 400 0
858| -3 400 0
859| -3 400 0
860| -3 400 0
861| -3 400 0
862| -3 400 0
863| -3 400 0
864| -3 400 0
865| -3 400 0
866| -3 400 0
867| -3 400 0
868| -3 400 0
869| -3 400 0
870| -3 400 0
871| -3 400 0
872| -3 400 0
873| -3 400 0
874| 0 400 0
875| 0,3 400 0
876| 0,3 400 0
877| 0,3 400 0
878| 0,3 400 0
879| 0,3 400 0
880| 0,3 400 0
881| 0,3 400 0
882| 0,3 400 0
883| 0,3 400 0
884| 0,3 400 0
885| 0,3 400 0
886| 0,3 400 0
887| 0,3 400 0
888| 0,3 400 0
889| 0,3 400 0
890| 0,3 400 0
891| 0,3 400 0
892| 0,3 400 0
893| 0,3 400 0
894| 0,3 400 0
895| 0,3 400 0
896| 0,3 400 0
897| 0,3 400 0
898| 0,3 400 0
899| 0,3 400 0
900| 0,3 400 0
901| 0,3 400 0
902| 0,3 400 0
903| 0,3 400 0
904| 0,3 400 0
905| 0,3 400 0
906| 0,3 400 0
907| 0,3 400 0
908| 0,3 400 0
909| 0,3 400 0
910| 0,3 400 0
911| 0,3 400 0
912| 0,3 400 0
913| 0,3 400 0
914| 0,3 400 0
915| 0,3 400 0
916| 0,3 400 0
917| 0,3 400 0
918| 0,3 400 0
919| 0,3 400 0
920| 0,3 400 0
921| 0,3 400 0
922| 0,3 400 0
923| 0,3 400 0
924| 0,3 400 0
925| 0,3 400 0
926| 0,3 400 0
927| 0,3 400 0
928| 0,3 400 0
929| 0,3 400 0
930| 0,3 400 0
931| 0,3 400 0
932| 0,3 400 0
933| 0,3 400 0
934| 0,3 400 0
935| 0,3 400 0
936| 0,3 400 0
937| 0,3 400 0
938| 0,3 400 0
939| 0,3 400 0
940| 0,3 400 0
941| 0,3 400 0
942| 0,3 400 0
943| 0,3 400 0
944| 0,3 400 0
945| 0,3 400 0
946| 0,3 400 0
947| 0,3 400 0
948| 0,3 400 0
949| 0,3 400 0
950| 0,3 400 0
951| 0,3 400 0
952| 0,3 400 0
953| 0,3 400 0
954| 0,3 400 0
955| 0,3 400 0
956| 0,3 400 0
957| 0,3 400 0
958| 0,3 400 0
959| 0,3 400 0
960| 0,3 400 0
961| 0,3 400 0
962| 0,3 400 0
963| 0,3 400 0
964| 0,3 400 0
965| 0,3 400 0
966| 0,3 400 0
967| 0,3 400 0
968| 0,3 400 0
969| 0,3 400 0
970| 0,3 400 0
971| 0,3 400 0
972| 0,3 400 0
973| 0,3 400 0
974| 0,3 400 0
975| 0,3 400 0
976| 0,3 400 0
977| 0,3 400 0
978| 0,3 400 0
979| 0,3 400 0
980| 0,3 400 0
981| 0,3 400 0
982| 0,3 400 0
983| 0,3 400 0
984| 0,3 400 0
985| 0,3 400 0
986| 0,3 400 0
987| 0,3 400 0
988| 0,3 400 0
989| 0,3 400 0
990| 0,3 400 0
991| 0,3 400 0
992| 0,3 400 0
993| 0,3 400 0
994| 0,3 400 0
995| 0,3 400 0
996| 0,3 400 0
997| 0,3 400 0
998| 0,3 400 0
999| 0,3 400 0
1000| 0,3 400 0
1001| 0,3 400 0
1002| 0,3 400 0
1003| 0,3 400 0
1004| 0,3 400 0
1005| 0,3 400 0
1006| 0,3 400 0
1007| 0,3 400 0
1008| 0,3 400 0
1009| 0,3 400 0
1010| 0,3 400 0
1011| 0,3 400 0
1012| 0,3 400 0
1013| 0,3 400 0
1014| 0,3 400 0
1015| 0,3 400 0
1016| 0,3 400 0
1017| 0,3 400 0
1018| 0,6 400 0
1019| 0,9 400 0
1020| 1,2 400 0
1021| 1,5 400 0
1022| 1,8 400 0
1023| 2,1 400 0
1024| 2,4 400 0
1025| 2,7 400 0
1026| 3 400 0
1027| 3,299999 400 0
1028| 3,599999 400 0
1029| 3,899999 400 0
1030| 4,2 400 0
1031| 4,5 400 0
1032| 4,8 400 0
1033| 5,1 400 0
1034| 5,1 400 0
1035| 5,1 400 0
1036| 5,4 400 0
1037| 5,7 400 0
1038| 6 400 0
1039| 6,300001 400 0
1040| 6,600001 400 0
1041| 6,900001 400 0
1042| 6,900001 400 0
1043| 6,900001 400 0
1044| 6,900001 400 0
1045| 6,900001 400 0
1046| 6,900001 400 0
1047| 6,900001 400 0
1048| 6,900001 400 0
1049| 6,900001 400 0
1050| 6,900001 400 0
1051| 6,900001 400 0
1052| 6,900001 400 0
1053| 6,900001 400 0
1054| 6,900001 400 0
1055| 6,900001 400 0
1056| 6,900001 400 0
1057| 6,900001 400 0
1058| 6,900001 400 0
1059| 6,900001 400 0
1060| 6,900001 400 0
1061| 6,900001 400 0
1062| 6,900001 400 0
1063| 6,900001 400 0
1064| 6,900001 400 0
1065| 6,900001 400 0
1066| 6,900001 400 0
1067| 6,900001 400 0
1068| 6,900001 400 0
1069| 6,900001 400 0
1070| 6,900001 400 0
1071| 6,900001 400 0
1072| 6,900001 400 0
1073| 6,900001 400 0
1074| 6,900001 400 0
1075| 6,900001 400 0
1076| 6,900001 400 0
1077| 6,900001 400 0
1078| 6,900001 400 0
1079| 6,900001 400 0
1080| 6,900001 400 0
1081| 6,900001 400 0
1082| 6,900001 400 0
1083| 6,900001 400 0
1084| 6,900001 400 0
1085| 6,900001 400 0
1086| 6,900001 400 0
1087| 6,900001 400 0
1088| 6,900001 400 0
1089| 6,900001 400 0
1090| 6,900001 400 0
1091| 6,900001 400 0
1092| 6,900001 400 0
1093| 6,900001 400 0
1094| 6,900001 400 0
1095| 6,900001 400 0
1096| 6,900001 400 0
1097| 6,900001 400 0
1098| 6,900001 400 0
1099| 6,900001 400 0
1100| 6,900001 400 0
1101| 6,900001 400 0
1102| 6,900001 400 0
1103| 6,900001 400 0
1104| 6,900001 400 0
1105| 6,900001 400 0
1106| 6,900001 400 0
1107| 0 400 0
1108| -0,3 400 0
1109| -0,6 400 0
1110| -0,9 400 0
1111| -1,2 400 0
1112| -1,2 400 0
1113| -1,2 400 0
1114| -1,2 400 0
1115| -1,2 400 0
1116| -1,2 400 0
1117| -1,2 400 0
1118| -1,2 400 0
1119| -1,2 400 0
1120| -1,2 400 0
1121| -1,2 400 0
1122| -1,2 400 0
1123| -1,2 400 0
1124| -1,2 400 0
1125| -1,2 400 0
1126| -1,2 400 0
1127| -1,2 400 0
1128| -1,2 400 0
1129| -1,2 400 0
1130| -1,2 400 0
1131| -1,2 400 0
1132| -1,2 400 0
1133| -1,2 400 0
1134| -1,2 400 0
1135| -1,2 400 0
1136| -1,2 400 0
1137| -1,2 400 0
1138| -1,2 400 0
1139| -1,2 400 0
1140| -1,2 400 0
1141| -1,2 400 0
1142| -1,2 400 0
1143| -1,2 400 0
1144| -1,2 400 0
1145| -1,2 400 0
1146| -1,2 400 0
1147| -1,2 400 0
1148| -1,2 400 0
1149| -1,2 400 0
1150| -1,2 400 0
1151| -1,2 400 0
1152| -1,2 400 0
1153| -1,2 400 0
1154| -1,2 400 0
1155| -1,2 400 0
1156| -1,2 400 0
1157| -1,2 400 0
1158| -1,2 400 0
1159| -1,2 400 0
1160| -1,2 400 0
1161| -1,2 400 0
1162| -1,2 400 0
1163| -1,2 400 0
1164| -1,2 400 0
1165| -1,2 400 0
1166| -1,2 400 0
1167| -1,2 400 0
1168| -1,2 400 0
1169| 0 400 0
1170| 0,3 400 0
1171| 0,6 400 0
1172| 0,6 400 0
1173| 0,6 400 0
1174| 0,6 400 0
1175| 0,6 400 0
1176| 0,6 400 0
1177| 0,6 400 0
1178| 0,6 400 0
1179| 0,6 400 0
1180| 0,6 400 0
1181| 0,6 400 0
1182| 0,6 400 0
1183| 0,6 400 0
1184| 0,6 400 0
1185| 0,6 400 0
1186| 0,6 400 0
1187| 0,6 400 0
1188| 0,6 400 0
1189| 0,6 400 0
1190| 0,6 400 0
1191| 0,6 400 0
1192| 0,6 400 0
1193| 0,6 400 0
1194| 0,6 400 0
1195| 0,6 400 0
1196| 0,6 400 0
1197| 0,6 400 0
1198| 0,6 400 0
1199| 0,6 400 0
1200| 0,6 400 0
1201| 0,6 400 0
1202| 0,6 400 0
1203| 0,6 400 0
1204| 0,6 400 0
1205| 0,6 400 0
1206| 0,6 400 0
1207| 0 400 0
1208| -0,3 400 0
1209| -0,6 400 0
1210| -0,9 400 0
1211| -1,2 400 0
1212| -1,5 400 0
1213| -1,8 400 0
1214| -2,1 400 0
1215| -2,4 400 0
1216| -2,7 400 0
1217| -3 400 0
1218| -3,299999 400 0
1219| -3,599999 400 0
1220| -3,899999 400 0
1221| -4,2 400 0
1222| -4,5 400 0
1223| -4,8 400 0
1224| -5,1 400 0
1225| -5,4 400 0
1226| -5,7 400 0
1227| -6 400 0
1228| -6,300001 400 0
1229| -6,600001 400 0
1230| -6,900001 400 0
1231| -7,200001 400 0
1232| -7,500001 400 0
1233| -7,800001 400 0
1234| -7,800001 400 0
1235| -7,800001 400 0
1236| -7,800001 400 0
1237| -7,800001 400 0
1238| -7,800001 400 0
1239| -7,800001 400 0
1240| -7,800001 400 0
1241| -7,800001 400 0
1242| -7,800001 400 0
1243| -7,800001 400 0
1244| -7,800001 400 0
1245| -7,800001 400 0
1246| -7,800001 400 0
1247| -7,800001 400 0
1248| -7,800001 400 0
1249| -7,800001 400 0
1250| -7,800001 400 0
1251| -7,800001 400 0
1252| -7,800001 400 0
1253| -7,800001 400 0
1254| -7,800001 400 0
1255| -7,800001 400 0
1256| -7,800001 400 0
1257| -7,800001 400 0
1258| -7,800001 400 0
1259| -7,800001 400 0
1260| -7,800001 400 0
1261| -7,800001 400 0
1262| -7,800001 400 0
1263| -7,800001 400 0
1264| -7,800001 400 0
1265| -7,800001 400 0
1266| -7,800001 400 0
1267| -7,800001 400 0
1268| -7,800001 400 0
1269| -7,800001 400 0
1270| -7,800001 400 0
1271| -7,800001 400 0
1272| -7,800001 400 0
1273| -7,800001 400 0
1274| -7,800001 400 0
1275| -7,800001 400 0
1276| -7,800001 400 0
1277| -7,800001 400 0
1278| -7,800001 400 0
1279| -7,800001 400 0
1280| -7,800001 400 0
1281| -7,800001 400 0
1282| -7,800001 400 0
1283| -7,800001 400 0
1284| -7,800001 400 0
1285| -7,800001 400 0
1286| -7,800001 400 0
1287| -7,800001 400 0
1288| -7,800001 400 0
1289| -7,800001 400 0
1290| -7,800001 400 0
1291| -7,800001 400 0
1292| -7,800001 400 0
1293| -7,800001 400 0
1294| -7,800001 400 0
1295| -7,800001 400 0
1296| -7,800001 400 0
1297| -7,800001 400 0
1298| -7,800001 400 0
1299| -7,800001 400 0
1300| -7,800001 400 0
1301| -7,800001 400 0
1302| -7,800001 400 0
1303| -7,800001 400 0
1304| -7,800001 400 0
1305| -7,800001 400 0
1306| -7,800001 400 0
1307| -7,800001 400 0
1308| -7,800001 400 0
1309| -7,800001 400 0
1310| -7,800001 400 0
1311| -7,800001 400 0
1312| -7,800001 400 0
1313| -7,800001 400 0
1314| -7,800001 400 0
1315| -7,800001 400 0
1316| -7,800001 400 0
1317| -7,800001 400 0
1318| -7,800001 400 0
1319| -7,800001 400 0
1320| -7,800001 400 0
1321| -7,800001 400 0
1322| -7,800001 400 0
1323| 0 400 0
1324| 0,3 400 0
1325| 0,6 400 0
1326| 0,9 400 0
1327| 1,2 400 0
1328| 1,5 400 0
1329| 1,8 400 0
1330| 2,1 400 0
1331| 2,4 400 0
1332| 2,7 400 0
1333| 3 400 0
1334| 3,299999 400 0
1335| 3,599999 400 0
1336| 3,599999 400 0
1337| 3,599999 400 0
1338| 3,599999 400 0
1339| 3,599999 400 0
1340| 0 0 0
1341| 0 0 0
1342| 0 0 0
1343| 0 0 0
1344| 0 0 0
1345| 0 0 0
1346| 0 0 0
1347| 0 0 0
1348| 0 0 0
1349| 0 0 0
1350| 0 0 0
1351| 0 0 0
1352| 0 0 0
1353| 0 0 0
1354| 0 0 0
1355| 0 0 0
1356| 0 0 0
1357| 0 0 0
1358| 0 0 0
1359| 0 0 0
1360| 0 0 0
1361| 0 0 0
1362| 0 0 0
1363| 0 0 0
1364| 0 0 0
1365| 0 0 0
1366| 0 0 0
1367| 0 0 0
1368| 0 0 0
1369| 0 0 0
1370| 0 0 0
1371| 0 0 0
1372| 0 0 0
1373| 0 0 0
1374| 0 0 0
1375| 0 0 0
1376| 0 0 0
1377| 0 0 0
1378| 0 0 0
1379| 0 0 0
1380| 0 0 0
1381| 0 0 0
1382| 0 0 0
1383| 0 0 0
1384| 0 0 0
1385| 0 0 0
1386| 0 0 0
1387| 0 0 0
1388| 0 0 0
1389| 0 0 0
1390| 0 0 0
1391| 0 0 0
1392| 0 0 0
1393| 0 0 0
1394| 0 0 0
1395| 0 0 0
1396| 0 0 0
1397| 0 0 0
1398| 0 0 0
1399| 0 0 0
1400| 0 0 0
1401| 0 0 0
1402| 0 0 0
1403| 0 0 0
1404| 0 0 0
1405| 0 0 0
1406| 0 0 0
1407| 0 0 0
1408| 0 0 0
1409| 0 0 0
1410| 0 0 0
1411| 0 0 0
1412| 0 0 0
1413| 0 0 0
1414| 0 0 0
1415| 0 0 0
1416| 0 0 0
1417| 0 0 0
1418| 0 0 0
1419| 0 0 0
1420| 0 0 0
1421| 0 0 0
1422| 0 0 0
1423| 0 0 0
1424| 0 0 0
1425| 0 0 0
1426| 0 0 0
1427| 0 0 0
1428| 0 0 0
1429| 0 0 0
1430| 0 0 0
1431| 0 0 0
1432| 0 0 0
1433| 0 0 0
1434| 0 0 0
1435| 0 0 0
1436| 0 0 0
1437| 0 0 0
1438| 0 0 0
1439| 0 0 0
1440| 0 0 0
1441| 0 0 0
1442| 0 0 0
1443| 0 0 0
1444| 0 0 0
1445| 0 0 0
1446| 0 0 0
1447| 0 0 0
1448| 0 0 0
1449| 0 0 0
1450| 0 0 0
1451| 0 0 0
1452| 0 0 0
1453| 0 0 0
1454| 0 0 0
1455| 0 0 0
1456| 0 0 0
1457| 0 0 0
1458| 0 0 0
1459| 0 0 0
1460| 0 0 0
1461| 0 0 0
1462| 0 0 0
1463| 0 0 0
1464| 0 0 0
1465| 0 0 0
1466| 0 0 0
1467| 0 0 0
1468| 0 0 0
1469| 0 0 0
1470| 0 0 0
1471| 0 0 0
1472| 0 0 0
1473| 0 0 0
1474| 0 0 0
1475| 0 0 0
1476| 0 0 0
1477| 0 0 0
1478| 0 0 0
1479| 0 0 0
1480| 0 0 0
1481| 0 0 0
1482| 0 0 0
1483| 0 0 0

