1| 0 0 0
2| 0 0 0
3| 0 0 0
4| 0 0 0
5| 0 0 0
6| 0 0 0
7| 0 0 0
8| 0 0 0
9| 0 0 0
10| 0 0 0
11| 0 0 0
12| 0 0 0
13| 0 0 0
14| 0 0 0
15| 0 0 0
16| 0 0 0
17| 0 0 0
18| 0 0 0
19| 0 0 0
20| 0 0 0
21| 0 0 0
22| 0 0 0
23| 0 0 0
24| 0 0 0
25| 0 0 0
26| 0 0 0
27| 0 0 0
28| 0 0 0
29| 0 0 0
30| 0 0 0
31| 0 0 0
32| 0 0 0
33| 0 0 0
34| 0 0 0
35| 0 0 0
36| 0 0 0
37| 0 0 0
38| 0 0 0
39| 0 0 0
40| 0 0 0
41| 0 0 0
42| 0 0 0
43| 0 0 0
44| 0 0 0
45| 0 0 0
46| 0 0 0
47| 0 0 0
48| 0 0 0
49| 0 0 0
50| 0 0 0
51| 0 0 0
52| 0 0 0
53| 0 0 0
54| 0 0 0
55| 0 0 0
56| 0 0 0
57| 0 0 0
58| 0 0 0
59| 0 0 0
60| 0 0 0
61| 0 0 0
62| 0 0 0
63| 0 0 0
64| 0 0 0
65| 0 0 0
66| 0 0 0
67| 0 0 0
68| 0 0 0
69| 0 0 0
70| 0 0 0
71| 0 0 0
72| 0 0 0
73| 0 0 0
74| 0 0 0
75| 0 0 0
76| 0 0 0
77| 0 0 0
78| 0 0 0
79| 0 0 0
80| 0 0 0
81| 0 0 0
82| 0 0 0
83| 0 0 0
84| 0 0 0
85| 0 0 0
86| 0 0 0
87| 0 0 0
88| 0 0 0
89| 0 0 0
90| 0 0 0
91| 0 0 0
92| 0 0 0
93| 0 0 0
94| 0 0 0
95| 0 0 0
96| 0 0 0
97| 0 0 0
98| 0 0 0
99| 0 0 0
100| 0 0 0
101| 0 0 0
102| 0 0 0
103| 0 0 0
104| 0 0 0
105| 0 0 0
106| 0 0 0
107| 0 0 0
108| 0 0 0
109| 0 0 0
110| 0 0 0
111| 0 0 0
112| 0 0 0
113| 0 0 0
114| 0 0 0
115| 0 0 0
116| 0 0 0
117| 0 0 0
118| 0 0 0
119| 0 0 0
120| 0 0 0
121| 0 0 0
122| 0 0 0
123| 0 0 0
124| 0 0 0
125| 0 0 0
126| 0 0 0
127| 0 0 0
128| 0 0 0
129| 0 0 0
130| 0 0 0
131| 0 0 0
132| 0 0 0
133| 0 0 0
134| 0 0 0
135| 0 0 0
136| 0 0 0
137| 0 0 0
138| 0 0 0
139| 0 0 0
140| 0 0 0
141| 0 0 0
142| 0 0 0
143| 0 0 0
144| 0 0 0
145| 0 0 0
146| 0 0 0
147| 0 0 0
148| 0 0 0
149| 0 0 0
150| 0 0 0
151| 0 0 0
152| 0 0 0
153| 0 0 0
154| 0 0 0
155| 0 0 0
156| 0 0 0
157| 0 0 0
158| 0 0 0
159| 0 0 0
160| 0 0 0
161| 0 0 0
162| 0 0 0
163| 0 0 0
164| 0 0 0
165| 0 0 0
166| 0 0 0
167| 0 0 0
168| 0 0 0
169| 0 0 0
170| 0 0 0
171| 0 0 0
172| 0 0 0
173| 0 0 0
174| 0 0 0
175| 0 0 0
176| 0 0 0
177| 0 0 0
178| 0 0 0
179| 0 0 0
180| 0 0 0
181| 0 0 0
182| 0 0 0
183| 0 0 0
184| 0 0 0
185| 0 0 0
186| 0 0 0
187| 0 0 0
188| 0 0 0
189| 0 16 0
190| 0 16 0
191| 0 32 0
192| 0 64 0
193| 0 79,99999 0
194| 0 95,99999 0
195| 0 112 0
196| 0 128 0
197| 0 160 0
198| 0 176 0
199| 0 192 0
200| 0 208 0
201| 0 224 0
202| 0 256 0
203| 0 272 0
204| 0 288 0
205| 0 304 0
206| 0 320 0
207| 0 352,0001 0
208| 0 368,0001 0
209| 0 384,0001 0
210| 0 400 0
211| 0 400 0
212| 0 400 0
213| 0 400 0
214| 0 400 0
215| 0 400 0
216| 0 400 0
217| 0 400 0
218| 0 400 0
219| 0 400 0
220| 0 400 0
221| 0 400 0
222| 0 400 0
223| 0 400 0
224| 0 400 0
225| 0 400 0
226| 0 400 0
227| 0 400 0
228| 0 400 0
229| 0 400 0
230| 0 400 0
231| 0 400 0
232| 0 400 0
233| 0 400 0
234| 0 400 0
235| 0 400 0
236| 0 400 0
237| 0 400 0
238| 0 400 0
239| 0 400 0
240| 0 400 0
241| 0 400 0
242| 0 400 0
243| 0 400 0
244| 0 400 0
245| 0 400 0
246| 0 400 0
247| 0 400 0
248| 0 400 0
249| 0 400 0
250| 0 400 0
251| 0 400 0
252| 0 400 0
253| 0 400 0
254| 0 400 0
255| 0 400 0
256| 0 400 0
257| 0 400 0
258| 0 400 0
259| 0 400 0
260| 0 400 0
261| 0 400 0
262| 0 400 0
263| 0 400 0
264| 0 400 0
265| 0 400 0
266| 0 400 0
267| 0 400 0
268| 0 400 0
269| 0 400 0
270| 0 400 0
271| 0 400 0
272| 0 400 0
273| 0 400 0
274| 0 400 0
275| 0 400 0
276| 0 400 0
277| 0 400 0
278| 0 400 0
279| 0 400 0
280| 0 400 0
281| 0 400 0
282| 0 400 0
283| 0 400 0
284| 0 400 0
285| 0 400 0
286| 0 400 0
287| 0 400 0
288| 0 400 0
289| 0 400 0
290| 0 400 0
291| 0 400 0
292| 0 400 0
293| 0 400 0
294| 0 400 0
295| 0 400 0
296| 0 400 0
297| 0 400 0
298| 0 400 0
299| 0 400 0
300| 0 400 0
301| 0 400 0
302| 0 400 0
303| 0 400 0
304| 0 400 0
305| 0 400 0
306| 0 400 0
307| 0 400 0
308| 0 400 0
309| 0 400 0
310| 0 400 0
311| 0 400 0
312| 0 400 0
313| 0 400 0
314| 0 400 0
315| 0 400 0
316| 0 400 0
317| 0 400 0
318| 0 400 0
319| 0 400 0
320| 0 400 0
321| 0 400 0
322| 0 400 0
323| 0 400 0
324| 0 400 0
325| 0 400 0
326| 0 400 0
327| 0 400 0
328| 0 400 0
329| 0 400 0
330| 0 400 0
331| 0 400 0
332| 0 400 0
333| 0 400 0
334| 0 400 0
335| 0 400 0
336| 0 400 0
337| 0 400 0
338| 0 400 0
339| 0 400 0
340| 0 400 0
341| 0 400 0
342| 0 400 0
343| 0 400 0
344| 0 400 0
345| 0 400 0
346| 0 400 0
347| 0 400 0
348| 0 400 0
349| 0 400 0
350| 0 400 0
351| 0 400 0
352| 0 400 0
353| 0 400 0
354| 0 400 0
355| 0 400 0
356| 0 400 0
357| 0 400 0
358| 0 400 0
359| 0 400 0
360| 0 400 0
361| 0 400 0
362| 0 400 0
363| 0 400 0
364| 0 400 0
365| 0 400 0
366| 0 400 0
367| 0 400 0
368| 0 400 0
369| 0 400 0
370| 0 400 0
371| 0 400 0
372| 0 400 0
373| 0 400 0
374| 0 400 0
375| 0 400 0
376| 0 400 0
377| 0 400 0
378| 0 400 0
379| 0 400 0
380| 0 400 0
381| 0 400 0
382| 0 400 0
383| 0 400 0
384| 0 400 0
385| 0 400 0
386| 0 400 0
387| 0 400 0
388| 0 400 0
389| 0 400 0
390| 0 400 0
391| 0 400 0
392| 0 400 0
393| 0 400 0
394| 0 400 0
395| 0 400 0
396| 0 400 0
397| 0 400 0
398| 0 400 0
399| 0 400 0
400| 0 400 0
401| 0 400 0
402| 0 400 0
403| 0 400 0
404| 0 400 0
405| 0 400 0
406| 0 400 0
407| 0 400 0
408| 0 400 0
409| 0 0 30000
410| 0 0 30000
411| 0 0 30000
412| 0 0 30000
413| 0 0 30000
414| 0 0 30000
415| 0 0 30000
416| 0 0 30000
417| 0 0 30000
418| 0 0 30000
419| 0 0 30000
420| 0 0 30000
421| 0 0 30000
422| 0 0 30000
423| 0 0 30000
424| 0 0 30000
425| 0 0 30000
426| 0 0 30000
427| 0 0 30000
428| 0 0 30000
429| 0 0 30000
430| 0 0 30000
431| 0 0 30000
432| 0 0 30000
433| 0 0 30000
434| 0 0 30000
435| 0 0 30000
436| 0 0 30000
437| 0 0 30000
438| 0 0 30000
439| 0 0 30000
440| 0 0 30000
441| 0 0 30000
442| 0 0 30000
443| 0 0 30000
444| 0 0 30000
445| 0 0 30000
446| 0 0 30000
447| 0 0 30000
448| 0 0 30000
449| 0 0 30000
450| 0 0 30000
451| 0 0 30000
452| 0 0 30000
453| 0 0 30000
454| 0 0 30000
455| 0 0 30000
456| 0 0 30000
457| 0 0 30000
458| 0 0 30000
459| 0 0 30000
460| 0 0 30000
461| 0 0 30000
462| 0 0 30000
463| 0 0 30000
464| 0 0 30000
465| 0 0 30000
466| 0 0 30000
467| 0 0 30000
468| 0 0 30000
469| 0 0 30000
470| 0 0 30000
471| 0 0 30000
472| 0 0 30000
473| 0 0 30000
474| 0 0 30000
475| 0 0 30000
476| 0 0 30000
477| 0 0 30000
478| 0 0 30000
479| 0 0 30000
480| 0 0 30000
481| 0 0 30000
482| 0 0 30000
483| 0 0 30000
484| 0 0 30000
485| 0 0 30000
486| 0 0 30000
487| 0 0 30000
488| 0 0 30000
489| 0 0 30000
490| 0 0 30000
491| 0 0 30000
492| 0 0 30000
493| 0 0 30000
494| 0 0 30000
495| 0 0 30000
496| 0 0 30000
497| 0 0 30000
498| 0 0 30000
499| 0 0 30000
500| 0 0 30000
501| 0 0 30000
502| 0 0 30000
503| 0 0 30000
504| 0 0 30000
505| 0 0 30000
506| 0 0 30000
507| 0 0 30000
508| 0 0 30000
509| 0 0 30000
510| 0 0 30000
511| 0 0 30000
512| 0 0 30000
513| 0 0 30000
514| 0 0 30000
515| 0 0 30000
516| 0 0 30000
517| 0 0 30000
518| 0 0 30000
519| 0 0 30000
520| 0 0 30000
521| 0 0 30000
522| 0 0 30000
523| 0 0 30000
524| 0 0 30000
525| 0 0 30000
526| 0 0 30000
527| 0 0 30000
528| 0 0 30000
529| 0 0 30000
530| 0 0 30000
531| 0 0 30000
532| 0 0 30000
533| 0 0 30000
534| 0 0 30000
535| 0 0 30000
536| 0 0 30000
537| 0 0 30000
538| 0 0 30000
539| 0 0 30000
540| 0 0 30000
541| 0 0 30000
542| 0 0 30000
543| 0 0 30000
544| 0 0 30000
545| 0 0 30000
546| 0 0 30000
547| 0 0 30000
548| 0 0 30000
549| 0 0 30000
550| 0 0 30000
551| 0 0 30000
552| 0 0 30000
553| 0 0 30000
554| 0 0 30000
555| 0 0 30000
556| 0 0 30000
557| 0 0 30000
558| 0 0 30000
559| 0 0 30000
560| 0 0 30000
561| 0 0 30000
562| 0 0 30000
563| 0 0 30000
564| 0 0 30000
565| 0 0 30000
566| 0 0 30000
567| 0 0 30000
568| 0 0 30000
569| 0 0 30000
570| 0 0 30000
571| 0 0 30000
572| 0 0 30000
573| 0 0 30000
574| 0 0 30000
575| 0 0 30000
576| 0 0 30000
577| 0 0 30000
578| 0 0 30000
579| 0 0 30000
580| 0 0 30000
581| 0 0 30000
582| 0 0 30000
583| 0 0 30000
584| 0 0 30000
585| 0 0 30000
586| 0 0 30000
587| 0 0 30000
588| 0 0 30000
589| 0 0 30000
590| 0 0 30000
591| 0 0 30000
592| 0 0 30000
593| 0 0 30000
594| 0 0 30000
595| 0 0 30000
596| 0 0 30000
597| 0 0 30000
598| 0 0 30000
599| 0 0 30000
600| 0 0 30000
601| 0 0 30000
602| 0 0 30000
603| 0 0 30000
604| 0 0 30000
605| 0 0 30000
606| 0 0 30000
607| 0 0 30000
608| 0 0 30000
609| 0 0 30000
610| 0 0 30000
611| 0 0 30000
612| 0 0 30000
613| 0 0 30000
614| 0 0 30000
615| 0 0 30000
616| 0 0 30000
617| 0 0 30000
618| 0 0 30000
619| 0 0 30000
620| 0 0 30000
621| 0 0 30000
622| 0 0 30000
623| 0 0 30000
624| 0 0 30000
625| 0 0 30000
626| 0 0 30000
627| 0 0 30000
628| 0 0 30000
629| 0 0 30000
630| 0 0 30000
631| 0 0 30000
632| 0 0 30000
633| 0 0 30000
634| 0 0 30000
635| 0 0 30000
636| 0 0 30000
637| 0 0 30000
638| 0 0 30000
639| 0 0 30000
640| 0 0 30000
641| 0 0 30000
642| 0 0 30000
643| 0 0 30000
644| 0 0 30000
645| 0 0 30000
646| 0 0 30000
647| 0 16 30000
648| 0 32 30000
649| 0 48 30000
650| 0 64 30000
651| 0 79,99999 30000
652| 0 112 30000
653| 0 128 30000
654| 0 144 30000
655| 0 160 30000
656| 0 176 30000
657| 0 208 30000
658| 0 224 30000
659| 0 240 30000
660| 0 256 30000
661| 0 272 30000
662| 0 304 30000
663| 0 320 30000
664| 0 336 30000
665| 0 352,0001 30000
666| 0 368,0001 30000
667| 0 400 30000
668| 0 400 30000
669| 0 400 30000
670| 0 400 30000
671| 0 400 30000
672| 0 400 30000
673| 0 400 30000
674| 0 400 30000
675| 0 400 30000
676| 0 400 30000
677| 0 400 30000
678| 0 400 30000
679| 0 400 30000
680| 0 400 30000
681| 0 400 30000
682| 0 400 30000
683| 0 400 30000
684| 0 400 30000
685| 0 400 30000
686| 0 400 30000
687| 0 400 30000
688| 0 400 30000
689| 0 400 30000
690| 0 400 30000
691| 0 400 30000
692| 0 400 30000
693| 0 400 30000
694| 0 400 30000
695| 0 400 30000
696| 0 400 30000
697| 0 400 30000
698| 0 400 30000
699| 0 400 30000
700| 0 400 30000
701| 0 400 30000
702| 0 400 30000
703| 0 400 30000
704| 0 400 30000
705| 0 400 30000
706| 0 400 30000
707| 0 400 30000
708| 0 400 30000
709| 0 400 30000
710| 0 400 30000
711| 0 400 30000
712| 0 400 30000
713| 0 400 30000
714| 0 400 30000
715| 0 400 30000
716| 0 400 30000
717| 0 400 30000
718| 0 400 30000
719| 0 400 30000
720| 0 400 30000
721| 0 400 30000
722| 0 400 30000
723| 0 400 30000
724| 0 400 30000
725| 0 400 30000
726| 0 400 30000
727| 0 400 30000
728| 0 400 30000
729| 0 400 30000
730| 0 400 30000
731| 0 400 30000
732| 0 400 30000
733| 0 400 30000
734| 0 400 30000
735| 0 400 30000
736| 0 400 30000
737| 0 400 30000
738| 0 400 30000
739| 0 400 30000
740| 0 400 30000
741| 0 400 30000
742| 0 400 30000
743| 0 400 30000
744| 0 400 30000
745| 0 400 30000
746| 0 400 30000
747| 0 400 30000
748| 0 400 30000
749| 0 400 30000
750| 0 400 30000
751| 0 400 30000
752| 0 400 30000
753| 0 400 30000
754| 0 400 30000
755| 0 400 30000
756| 0 400 30000
757| 0 400 30000
758| 0 400 30000
759| 0 400 30000
760| 0 400 30000
761| 0 400 30000
762| 0 400 30000
763| 0 400 30000
764| 0 400 30000
765| 0 400 30000
766| 0 400 30000
767| 0 400 30000
768| 0 400 30000
769| 0 400 30000
770| 0 400 30000
771| 0 400 30000
772| 0 400 30000
773| 0 400 30000
774| 0 400 30000
775| 0 400 30000
776| 0 400 30000
777| 0 400 30000
778| 0 400 30000
779| 0 400 30000
780| 0 400 30000
781| 0 400 30000
782| 0 400 30000
783| 0 400 30000
784| 0 400 30000
785| 0 400 30000
786| 0 400 30000
787| 0 400 30000
788| 0 400 30000
789| 0 400 30000
790| 0 400 30000
791| 0 400 30000
792| 0 400 30000
793| 0 400 30000
794| 0 400 30000
795| 0 400 30000
796| 0 400 30000
797| 0 400 30000
798| 0 400 30000
799| 0 400 30000
800| 0 400 30000
801| 0 400 30000
802| 0 400 30000
803| 0 400 30000
804| 0 400 30000
805| 0 400 30000
806| 0 400 30000
807| 0 400 30000
808| 0 400 30000
809| 0 400 30000
810| 0 400 30000
811| 0 400 30000
812| 0 400 30000
813| 0 400 30000
814| 0 400 30000
815| 0 400 30000
816| 0 400 30000
817| 0 400 30000
818| 0 400 30000
819| 0 400 30000
820| 0 400 30000
821| 0 400 30000
822| 0 400 30000
823| 0 400 30000
824| 0 400 30000
825| 0 400 30000
826| 0 400 30000
827| 0 400 30000
828| 0 400 30000
829| 0 400 30000
830| 0 400 30000
831| 0 400 30000
832| 0 400 30000
833| 0 400 30000
834| 0 400 30000
835| 0 400 30000
836| 0 400 30000
837| 0 400 30000
838| 0 400 30000
839| 0 400 30000
840| 0 400 30000
841| 0 400 30000
842| 0 400 30000
843| 0 400 30000
844| 0 400 30000
845| 0 400 30000
846| 0 400 30000
847| 0 400 30000
848| 0 400 30000
849| 0 400 30000
850| 0 400 30000
851| 0 400 30000
852| 0 400 30000
853| 0 400 30000
854| 0 400 30000
855| 0 400 30000
856| 0 400 30000
857| 0 400 30000
858| 0 400 30000
859| 0 400 30000
860| 0 400 30000
861| 0 400 30000
862| 0 400 30000
863| 0 400 30000
864| 0 400 30000
865| 0 400 30000
866| 0 400 30000
867| 0 400 30000
868| 0 400 30000
869| 0 400 30000
870| 0 400 30000
871| 0 400 30000
872| 0 400 30000
873| 0 400 30000
874| 0 400 30000
875| 0 400 30000
876| 0 400 30000
877| 0 400 30000
878| 0 400 30000
879| 0 400 30000
880| 0 400 30000
881| 0 400 30000
882| 0 400 30000
883| 0 400 30000
884| 0 400 30000
885| 0 400 30000
886| 0 400 30000
887| 0 400 30000
888| 0 400 30000
889| 0 400 30000
890| 0 400 30000
891| 0 400 30000
892| 0 400 30000
893| 0 400 30000
894| 0 400 30000
895| 0 400 30000
896| 0 400 30000
897| 0 400 30000
898| 0 400 30000
899| 0 400 30000
900| 0 400 30000
901| 0 400 30000
902| 0 400 30000
903| 0 400 30000
904| 0 400 30000
905| 0 400 30000
906| 0 400 30000
907| 0 400 30000
908| 0 400 30000
909| 0 400 30000
910| 0 400 30000
911| 0 400 30000
912| 0 400 30000
913| 0 400 30000
914| 0 400 30000
915| 0 400 30000
916| 0 400 30000
917| 0 400 30000
918| 0 400 30000
919| 0 400 30000
920| 0 400 30000
921| 0 400 30000
922| 0 400 30000
923| 0 400 30000
924| 0 400 30000
925| 0 400 30000
926| 0 400 30000
927| 0 400 30000
928| 0 400 30000
929| 0 400 30000
930| 0 400 30000
931| 0 400 30000
932| 0 400 30000
933| 0 400 30000
934| 0 400 30000
935| 0 400 30000
936| 0 400 30000
937| 0 400 30000
938| 0 400 30000
939| 0 400 30000
940| 0 400 30000
941| 0 400 30000
942| 0 400 30000
943| 0 400 30000
944| 0 400 30000
945| 0 400 30000
946| 0 400 30000
947| 0 400 30000
948| 0 400 30000
949| 0 400 30000
950| 0 400 30000
951| 0 400 30000
952| 0 400 30000
953| 0 400 30000
954| 0 400 30000
955| 0 400 30000
956| 0 400 30000
957| 0 400 30000
958| 0 400 30000
959| 0 400 30000
960| 0 400 30000
961| 0 400 30000
962| 0 400 30000
963| 0 400 30000
964| 0 400 30000
965| 0 400 30000
966| 0 400 30000
967| 0 400 30000
968| 0 400 30000
969| 0 400 30000
970| 0 400 30000
971| 0 400 30000
972| 0 400 30000
973| 0 400 30000
974| 0 400 30000
975| 0 400 30000
976| 0 400 30000
977| 0 400 30000
978| 0 400 30000
979| 0 400 30000
980| 0 400 30000
981| 0 400 30000
982| 0 400 30000
983| 0 400 30000
984| 0 400 30000
985| 0 400 30000
986| 0 400 30000
987| 0 400 30000
988| 0 400 30000
989| 0 400 30000
990| 0 400 30000
991| 0 400 30000
992| 0 400 30000
993| 0 400 30000
994| 0 400 30000
995| 0 400 30000
996| 0 400 30000
997| 0 400 30000
998| 0 400 30000
999| 0 400 30000
1000| 0 400 30000
1001| 0 400 30000
1002| 0 400 30000
1003| 0 400 30000
1004| 0 400 30000
1005| 0 400 30000
1006| 0 400 30000
1007| 0 400 30000
1008| 0 400 30000
1009| 0 400 30000
1010| 0 400 30000
1011| 0 400 30000
1012| 0 400 30000
1013| 0 400 30000
1014| 0 400 30000
1015| 0 400 30000
1016| 0 400 30000
1017| 0 400 30000
1018| 0 400 30000
1019| 0 400 30000
1020| 0 400 30000
1021| 0 400 30000
1022| 0 400 30000
1023| 0 400 30000
1024| 0 400 30000
1025| 0 400 30000
1026| 0 400 30000
1027| 0 400 30000
1028| 0 400 30000
1029| 0 400 30000
1030| 0 400 30000
1031| 0 400 30000
1032| 0 400 30000
1033| 0 400 30000
1034| 0 400 30000
1035| 0 400 30000
1036| 0 400 30000
1037| 0 400 30000
1038| 0 400 30000
1039| 0 400 30000
1040| 0 400 30000
1041| 0 400 30000
1042| 0 400 30000
1043| 0 400 30000
1044| 0 400 30000
1045| 0 400 30000
1046| 0 400 30000
1047| 0 400 30000
1048| 0 400 30000
1049| 0 400 30000
1050| 0 400 30000
1051| 0 400 30000
1052| 0 400 30000
1053| 0 400 30000
1054| 0 400 30000
1055| 0 400 30000
1056| 0 400 30000
1057| 0 400 30000
1058| 0 400 30000
1059| 0 400 30000
1060| 0 400 30000
1061| 0 400 30000
1062| 0 400 30000
1063| 0 400 30000
1064| 0 400 30000
1065| 0 400 30000
1066| 0 400 30000
1067| 0 400 30000
1068| 0 400 30000
1069| 0 400 30000
1070| 0 400 30000
1071| 0 400 30000
1072| 0 400 30000
1073| 0 400 30000
1074| 0 400 30000
1075| 0 400 30000
1076| 0 400 30000
1077| 0 400 30000
1078| 0 400 30000
1079| 0 400 30000
1080| 0 400 30000
1081| 0 400 30000
1082| 0 400 30000
1083| 0 400 30000
1084| 0 400 30000
1085| 0 400 30000
1086| 0 400 30000
1087| 0 400 30000
1088| 0 400 30000
1089| 0 400 30000
1090| 0 400 30000
1091| 0 400 30000
1092| 0 400 30000
1093| 0 400 30000
1094| 0 400 30000
1095| 0 400 30000
1096| 0 400 30000
1097| 0 400 30000
1098| 0 400 30000
1099| 0 400 30000
1100| 0 400 30000
1101| 0 400 30000
1102| 0 400 30000
1103| 0 400 30000
1104| 0 400 30000
1105| 0 400 30000
1106| 0 400 30000
1107| 0 400 30000
1108| 0 400 30000
1109| 0 400 30000
1110| 0 400 30000
1111| 0 400 30000
1112| 0 400 30000
1113| 0 400 30000
1114| 0 400 30000
1115| 0 400 30000
1116| 0 400 30000
1117| 0 400 30000
1118| 0 400 30000
1119| 0 400 30000
1120| 0 400 30000
1121| 0 400 30000
1122| 0 400 30000
1123| 0 400 30000
1124| 0 400 30000
1125| 0 400 30000
1126| 0 400 30000
1127| 0 400 30000
1128| 0 400 30000
1129| 0 400 30000
1130| 0 400 30000
1131| 0 400 30000
1132| 0 400 30000
1133| 0 400 30000
1134| 0 400 30000
1135| 0 400 30000

