1| 0 0 0
2| 0 0 0
3| 0 0 0
4| 0 0 0
5| 0 0 0
6| 0 0 0
7| 0 0 0
8| 0 0 0
9| 0 0 0
10| 0 0 0
11| 0 0 0
12| 0 0 0
13| 0 0 0
14| 0 0 0
15| 0 0 0
16| 0 0 0
17| 0 0 0
18| 0 0 0
19| 0 0 0
20| 0 0 0
21| 0 0 0
22| 0 0 0
23| 0 0 0
24| 0 0 0
25| 0 0 0
26| 0 0 0
27| 0 0 0
28| 0 0 0
29| 0 0 0
30| 0 0 0
31| 0 0 0
32| 0 0 0
33| 0 0 0
34| 0 0 0
35| 0 0 0
36| 0 0 0
37| 0 0 0
38| 0 0 0
39| 0 0 0
40| 0 0 0
41| 0 0 0
42| 0 0 0
43| 0 0 0
44| 0 0 0
45| 0 0 0
46| 0 0 0
47| 0 0 0
48| 0 0 0
49| 0 0 0
50| 0 0 0
51| 0 0 0
52| 0 0 0
53| 0 0 0
54| 0 0 0
55| 0 0 0
56| 0 0 0
57| 0 0 0
58| 0 0 0
59| 0 0 0
60| 0 0 0
61| 0 0 0
62| 0 0 0
63| 0 0 0
64| 0 0 0
65| 0 0 0
66| 0 0 0
67| 0 0 0
68| 0 0 0
69| 0 0 0
70| 0 0 0
71| 0 0 0
72| 0 0 0
73| 0 0 0
74| 0 0 0
75| 0 0 0
76| 0 0 0
77| 0 0 0
78| 0 0 0
79| 0 0 0
80| 0 0 0
81| 0 0 0
82| 0 0 0
83| 0 0 0
84| 0 0 0
85| 0 0 0
86| 0 0 0
87| 0 0 0
88| 0 0 0
89| 0 0 0
90| 0 0 0
91| 0 0 0
92| 0 0 0
93| 0 0 0
94| 0 0 0
95| 0 0 0
96| 0 0 0
97| 0 0 0
98| 0 0 0
99| 0 0 0
100| 0 0 0
101| 0 0 0
102| 0 0 0
103| 0 0 0
104| 0 0 0
105| 0 0 0
106| 0 0 0
107| 0 0 0
108| 0 0 0
109| 0 0 0
110| 0 0 0
111| 0 0 0
112| 0 0 0
113| 0 0 0
114| 0 0 0
115| 0 0 0
116| 0 0 0
117| 0 0 0
118| 0 0 0
119| 0 0 0
120| 0 0 0
121| 0 0 0
122| 0 0 0
123| 0 0 0
124| 0 0 0
125| 0 0 0
126| 0 0 0
127| 0 0 0
128| 0 0 0
129| 0 0 0
130| 0 0 0
131| 0 0 0
132| 0 0 0
133| 0 0 0
134| 0 0 0
135| 0 0 0
136| 0 0 0
137| 0 0 0
138| 0 0 0
139| 0 0 0
140| 0 0 0
141| 0 0 0
142| 0 0 0
143| 0 0 0
144| 0 0 0
145| 0 0 0
146| 0 0 0
147| 0 0 0
148| 0 0 0
149| 0 0 0
150| 0 0 0
151| 0 0 0
152| 0 0 0
153| 0 0 0
154| 0 0 0
155| 0 0 0
156| 0 0 0
157| 0 0 0
158| 0 0 0
159| 0 0 0
160| 0 0 0
161| 0 0 0
162| 0 0 0
163| 0 0 0
164| 0 0 0
165| 0 0 0
166| 0 0 0
167| 0 0 0
168| 0 0 0
169| 0 0 0
170| 0 0 0
171| 0 0 0
172| 0 0 0
173| 0 0 0
174| 0 0 0
175| 0 0 0
176| 0 0 0
177| 0 0 0
178| 0 0 0
179| 0 0 0
180| 0 0 0
181| 0 0 0
182| 0 0 0
183| 0 0 0
184| 0 0 0
185| 0 0 0
186| 0 0 0
187| 0 0 0
188| 0 0 0
189| 0 0 0
190| 0 0 0
191| 0 0 0
192| 0 0 0
193| 0 0 0
194| 0 0 0
195| 0 0 0
196| 0 0 0
197| 0 0 0
198| 0 0 0
199| 0 0 0
200| 0 0 0
201| 0 0 0
202| 0 0 0
203| 0 0 0
204| 0 0 0
205| 0 0 0
206| 0 0 0
207| 0 0 0
208| 0 0 0
209| 0 0 0
210| 0 0 0
211| 0 0 0
212| 0 0 0
213| 0 0 0
214| 0 0 0
215| 0 0 0
216| 0 0 0
217| 0 0 0
218| 0 0 0
219| 0 0 0
220| 0 0 0
221| 0 0 0
222| 0 0 0
223| 0 0 0
224| 0 0 0
225| 0 0 0
226| 0 0 0
227| 0 0 0
228| 0 0 0
229| 0 0 0
230| 0 0 0
231| 0 0 0
232| 0 0 0
233| 0 0 0
234| 0 0 0
235| 0 0 0
236| 0 0 0
237| 0 0 0
238| 0 0 0
239| 0 0 0
240| 0 0 0
241| 0 0 0
242| 0 0 0
243| 0 0 0
244| 0 0 0
245| 0 0 0
246| 0 0 0
247| 0 0 0
248| 0 0 0
249| 0 0 0
250| 0 0 0
251| 0 0 0
252| 0 0 0
253| 0 0 0
254| 0 0 0
255| 0 0 0
256| 0 0 0
257| 0 0 0
258| 0 0 0
259| 0 0 0
260| 0 0 0
261| 0 0 0
262| 0 0 0
263| 0 0 0
264| 0 0 0
265| 0 0 0
266| 0 0 0
267| 0 0 0
268| 0 0 0
269| 0 0 0
270| 0 0 0
271| 0 0 0
272| 0 0 0
273| 0 0 0
274| 0 0 0
275| 0 0 0
276| 0 0 0
277| 0 0 0
278| 0 0 0
279| 0 0 0
280| 0 0 0
281| 0 0 0
282| 0 0 0
283| 0 0 0
284| 0 0 0
285| 0 0 0
286| 0 0 0
287| 0 0 0
288| 0 0 0
289| 0 0 0
290| 0 0 0
291| 0 0 0
292| 0 0 0
293| 0 0 0
294| 0 0 0
295| 0 0 0
296| 0 0 0
297| 0 0 0
298| 0 0 0
299| 0 0 0
300| 0 0 0
301| 0 0 0
302| 0 0 0
303| 0 0 0
304| 0 0 0
305| 0 0 0
306| 0 0 0
307| 0 0 0
308| 0 0 0
309| 0 0 0
310| 0 0 0
311| 0 0 0
312| 0 0 0
313| 0 0 0
314| 0 0 0
315| 0 0 0
316| 0 0 0
317| 0 0 0
318| 0 0 0
319| 0 0 0
320| 0 0 0
321| 0 0 0
322| 0 0 0
323| 0 0 0
324| 0 0 0
325| 0 0 0
326| 0 0 0
327| 0 0 0
328| 0 0 0
329| 0 0 0
330| 0 0 0
331| 0 0 0
332| 0 0 0
333| 0 0 0
334| 0 0 0
335| 0 0 0
336| 0 0 0
337| 0 0 0
338| 0 0 0
339| 0 0 0
340| 0 0 0
341| 0 0 0
342| 0 0 0
343| 0 0 0
344| 0 0 0
345| 0 0 0
346| 0 0 0
347| 0 0 0
348| 0 0 0
349| 0 0 0
350| 0 0 0
351| 0 0 0
352| 0 0 0
353| 0 0 0
354| 0 0 0
355| 0 0 0
356| 0 0 0
357| 0 0 0
358| 0 0 0
359| 0 0 0
360| 0 0 0
361| 0 0 0
362| 0 0 0
363| 0 0 0
364| 0 0 0
365| 0 0 0
366| 0 0 0
367| 0 0 0
368| 0 0 0
369| 0 0 0
370| 0 0 0
371| 0 0 0
372| 0 0 0
373| 0 0 0
374| 0 0 0
375| 0 0 0
376| 0 0 0
377| 0 0 0
378| 0 0 0
379| 0 0 0
380| 0 0 0
381| 0 0 0
382| 0 0 0
383| 0 0 0
384| 0 0 0
385| 0 0 0
386| 0 0 0
387| 0 0 0
388| 0 0 0
389| 0 0 0
390| 0 0 0
391| 0 0 0
392| 0 0 0
393| 0 0 0
394| 0 16 0
395| 0 32 0
396| 0 48 0
397| 0 79,99999 0
398| 0 95,99999 0
399| 0 112 0
400| 0 128 0
401| 0 144 0
402| 0 176 0
403| 0 192 0
404| 0 208 0
405| 0 224 0
406| 0 240 0
407| 0 272 0
408| 0 288 0
409| 0 304 0
410| 0 320 0
411| 0 336 0
412| 0 368,0001 0
413| 0 384,0001 0
414| 0 400 0
415| 0 400 0
416| 0 400 0
417| 0 400 0
418| 0 400 0
419| 0 400 0
420| 0 400 0
421| 0 400 0
422| 0 400 0
423| 0 400 0
424| 0 400 0
425| 0 400 0
426| 0 400 0
427| 0 400 0
428| 0 400 0
429| 0 400 0
430| 0 400 0
431| 0 400 0
432| 0 400 0
433| 0 400 0
434| 0 400 0
435| 0 400 0
436| 0 400 0
437| 0 400 0
438| 0 400 0
439| 0 400 0
440| 0 400 0
441| 0 400 0
442| 0 400 0
443| 0 400 0
444| 0 400 0
445| 0 400 0
446| 0 400 0
447| 0 400 0
448| 0 400 0
449| 0 400 0
450| 0 400 0
451| 0 400 0
452| 0 400 0
453| 0 400 0
454| 0 400 0
455| 0 400 0
456| 0 400 0
457| 0 400 0
458| 0 400 0
459| 0 400 0
460| 0 400 0
461| 0 400 0
462| 0 400 0
463| 0 400 0
464| 0 400 0
465| 0 400 0
466| 0 400 0
467| 0 400 0
468| 0 400 0
469| 0 400 0
470| 0 400 0
471| 0 400 0
472| 0 400 0
473| 0 400 0
474| 0 400 0
475| 0 400 0
476| 0 400 0
477| 0 400 0
478| 0 400 0
479| 0 400 0
480| 0 400 0
481| 0 400 0
482| 0 400 0
483| 0 400 0
484| 0 400 0
485| 0 400 0
486| 0 400 0
487| 0 400 0
488| 0 400 0
489| 0 400 0
490| 0 400 0
491| 0 400 0
492| 0 400 0
493| 0 400 0
494| 0 400 0
495| 0 400 0
496| 0 400 0
497| 0 400 0
498| 0 400 0
499| 0 400 0
500| 0 400 0
501| 0 400 0
502| 0 400 0
503| 0 400 0
504| 0 400 0
505| 0 400 0
506| 0 400 0
507| 0 400 0
508| 0 400 0
509| 0 400 0
510| 0 400 0
511| 0 400 0
512| 0 400 0
513| 0 400 0
514| 0 400 0
515| 0 400 0
516| 0 400 0
517| 0 400 0
518| 0 400 0
519| 0 400 0
520| 0 400 0
521| 0 400 0
522| 0 400 0
523| 0 400 0
524| 0 400 0
525| 0 400 0
526| 0 400 0
527| 0 400 0
528| 0 400 0
529| 0 400 0
530| 0 400 0
531| 0 400 0
532| 0 400 0
533| 0 400 0
534| 0 400 0
535| 0 400 0
536| 0 400 0
537| 0 400 0
538| 0 400 0
539| 0 400 0
540| 0 400 0
541| 0 400 0
542| 0 400 0
543| 0 400 0
544| 0 400 0
545| 0 400 0
546| 0 400 0
547| 0 400 0
548| 0 400 0
549| 0 400 0
550| 0 400 0
551| 0 400 0
552| 0 400 0
553| 0 400 0
554| 0 400 0
555| 0 400 0
556| 0 400 0
557| 0 400 0
558| 0 400 0
559| 0 400 0
560| 0 400 0
561| 0 400 0
562| 0 400 0
563| 0 400 0
564| 0 400 0
565| 0 400 0
566| 0 400 0
567| 0 400 0
568| 0 400 0
569| 0 400 0
570| 0 400 0
571| 0 400 0
572| 0 400 0
573| 0 400 0
574| 0 400 0
575| 0 400 0
576| 0 400 0
577| 0 400 0
578| 0 400 0
579| 0 400 0
580| 0 400 0
581| 0 400 0
582| 0 400 0
583| 0 400 0
584| 0 400 0
585| 0 400 0
586| 0 400 0
587| 0 400 0
588| 0 400 0
589| 0 400 0
590| 0 400 0
591| 0 400 0
592| 0 400 0
593| 0 400 0
594| 0 400 0
595| 0 400 0
596| 0 400 0
597| 0 400 0
598| 0 400 0
599| 0 400 0
600| 0 400 0
601| 0 400 0
602| 0 400 0
603| 0 400 0
604| 0 400 0
605| 0 400 0
606| 0 400 0
607| 0 400 0
608| 0 400 0
609| 0 400 0
610| 0 400 0
611| 0 400 0
612| 0 400 0
613| 0 400 0
614| 0 400 0
615| 0 400 0
616| 0 400 0
617| 0 400 0
618| 0 400 0
619| 0 400 0
620| 0 400 0
621| 0 400 0
622| 0 400 0
623| 0 400 0
624| 0 400 0
625| 0 400 0
626| 0 400 0
627| 0 400 0
628| 0 400 0
629| 0 400 0
630| 0 400 0
631| 0 400 0
632| 0 400 0
633| 0 400 0
634| 0 400 0
635| 0 400 0
636| 0 400 0
637| 0 400 0
638| 0 400 0
639| 0 400 0
640| 0 400 0
641| 0 400 0
642| 0 400 0
643| 0 400 0
644| 0 400 0
645| 0 400 0
646| 0 400 0
647| 0 400 0
648| 0 400 0
649| 0 400 0
650| 0 400 0
651| 0 400 0
652| 0 400 0
653| 0 400 0
654| 0 400 0
655| 0 400 0
656| 0 400 0
657| 0 400 0
658| 0 400 0
659| 0 400 0
660| 0 400 0
661| 0 400 0
662| 0 400 0
663| 0 400 0
664| 0 400 0
665| 0 400 0
666| 0 400 0
667| 0 400 0
668| 0 400 0
669| 0 400 0
670| 0 400 0
671| 0 400 0
672| 0 400 0
673| 0 400 0
674| 0 400 0
675| 0 400 0
676| 0 400 0
677| 0 400 0
678| 0 400 0
679| 0 400 0
680| 0 400 0
681| 0 400 0
682| 0 400 0
683| 0 400 0
684| 0 400 0
685| 0 400 0
686| 0 400 0
687| 0 400 0
688| 0 400 0
689| 0 400 0
690| 0 400 0
691| 0 400 0
692| 0 400 0
693| 0 400 0
694| 0 400 0
695| 0 400 0
696| 0 400 0
697| 0 400 0
698| 0 400 0
699| 0 400 0
700| 0 400 0
701| 0 400 0
702| 0 400 0
703| 0 400 0
704| 0 400 0
705| 0 400 0
706| 0 400 0
707| 0 400 0
708| 0 400 0
709| 0 400 0
710| 0 400 0
711| 0 400 0
712| 0 400 0
713| 0 400 0
714| 0 400 0
715| 0 400 0
716| 0 400 0
717| 0 400 0
718| 0 400 0
719| 0 400 0
720| 0 400 0
721| 0 400 0
722| 0 400 0
723| 0 400 0
724| 0 400 0
725| 0 400 0
726| 0 400 0
727| 0 400 0
728| 0 400 0
729| 0 400 0
730| 0 400 0
731| 0 400 0
732| 0 400 0
733| 0 400 0
734| 0 400 0
735| 0 400 0
736| 0 400 0
737| 0 400 0
738| 0 400 0
739| 0 400 0
740| 0 400 0
741| 0 400 0
742| 0 400 0
743| 0 400 0
744| 0 400 0
745| 0 400 0
746| 0 400 0
747| 0 400 0
748| 0 400 0
749| 0 400 0
750| 0 400 0
751| 0 400 0
752| 0 400 0
753| 0 400 0
754| 0 400 0
755| 0 400 0
756| 0 400 0
757| 0 400 0
758| 0 400 0
759| 0 400 0
760| 0 400 0
761| 0 400 0
762| 0 400 0
763| 0 400 0
764| 0 400 0
765| 0 400 0
766| 0 400 0
767| 0 400 0
768| 0 400 0
769| 0 400 0
770| 0 400 0
771| 0 400 0
772| 0 400 0
773| 0 400 0
774| 0 400 0
775| 0 400 0
776| 0 400 0
777| 0 400 0
778| 0 400 0
779| 0 400 0
780| 0 400 0
781| 0 400 0
782| 0 400 0
783| 0 400 0
784| 0 400 0
785| 0 400 0
786| 0 400 0
787| 0 400 0
788| 0 400 0
789| 0 400 0
790| 0 400 0
791| 0 400 0
792| 0 400 0
793| 0 400 0
794| 0 400 0
795| 0 400 0
796| 0 400 0
797| 0 400 0
798| 0 400 0
799| 0 400 0
800| 0 400 0
801| 0 400 0
802| 0 400 0
803| 0 400 0
804| 0 400 0
805| 0 400 0
806| 0 400 0
807| 0 400 0
808| 0 400 0
809| 0 400 0
810| 0 400 0
811| 0 400 0
812| 0 400 0
813| 0 400 0
814| 0 400 0
815| 0 400 0
816| 0 400 0
817| 0 400 0
818| 0 400 0
819| 0 400 0
820| 0 400 0
821| 0 400 0
822| 0 400 0
823| 0 400 0
824| 0 400 0
825| 0 400 0
826| 0 400 0
827| 0 400 0
828| 0 400 0
829| 0 400 0
830| 0 400 0
831| 0 400 0
832| 0 400 0
833| 0 400 0
834| 0 400 0
835| 0 400 0
836| 0 400 0
837| 0 400 0
838| 0 400 0
839| 0 400 0
840| 0 400 0
841| 0 400 0
842| 0 400 0
843| 0 400 0
844| 0 400 0
845| 0 400 0
846| 0 400 0
847| 0 400 0
848| 0 400 0
849| 0 400 0
850| 0 400 0
851| 0 400 0
852| 0 400 0
853| 0 400 0
854| 0 400 0
855| 0 400 0
856| 0 400 0
857| 0 400 0
858| 0 400 0
859| 0 400 0
860| 0 400 0
861| 0 400 0
862| 0 400 0
863| 0 400 0
864| 0 400 0
865| 0 400 0
866| 0 400 0
867| 0 400 0
868| 0 400 0
869| 0 400 0
870| 0 400 0
871| 0 400 0
872| 0 400 0
873| 0 400 0
874| 0 400 0
875| 0 400 0
876| 0 400 0
877| 0 400 0
878| 0 400 0
879| 0 400 0
880| 0 400 0
881| 0 400 0
882| 0 400 0
883| 0 400 0
884| 0 400 0
885| 0 400 0
886| 0 400 0
887| 0 400 0
888| 0 400 0
889| 0 400 0
890| 0 400 0
891| 0 400 0
892| 0 400 0
893| 0 400 0
894| 0 400 0
895| 0 400 0
896| 0 400 0
897| 0 400 0
898| 0 400 0
899| 0 400 0
900| 0 400 0
901| 0 400 0
902| 0 400 0
903| 0 400 0
904| 0 400 0
905| 0 400 0
906| 0 400 0
907| 0 400 0
908| 0 400 0
909| 0 400 0
910| 0 400 0
911| 0 400 0
912| 0 400 0
913| 0 400 0
914| 0 400 0
915| 0 400 0
916| 0 400 0
917| 0 400 0
918| 0 400 0
919| 0 400 0
920| 0 400 0
921| 0 400 0
922| 0 400 0
923| 0 400 0
924| 0 400 0
925| 0 400 0
926| 0 400 0
927| 0 400 0
928| 0 400 0
929| 0 400 0
930| 0 400 0
931| 0 400 0
932| 0 400 0
933| 0 400 0
934| 0 400 0
935| 0 400 0
936| 0 400 0
937| 0 400 0
938| 0 400 0
939| 0 400 0
940| 0 400 0
941| 0 400 0
942| 0 400 0
943| 0 400 0
944| 0 400 0
945| 0 400 0
946| 0 400 0
947| 0 400 0
948| 0 400 0
949| 0 400 0
950| 0 400 0
951| 0 400 0
952| 0 400 0
953| 0 400 0
954| 0 400 0
955| 0 400 0
956| 0 400 0
957| 0 400 0

