1| 0 0 0
2| 0 0 0
3| 0 0 0
4| 0 0 0
5| 0 0 0
6| 0 0 0
7| 0 0 0
8| 0 0 0
9| 0 0 0
10| 0 0 0
11| 0 0 0
12| 0 0 0
13| 0 0 0
14| 0 0 0
15| 0 0 0
16| 0 0 0
17| 0 0 0
18| 0 0 0
19| 0 0 0
20| 0 0 0
21| 0 0 0
22| 0 0 0
23| 0 0 0
24| 0 0 0
25| 0 0 0
26| 0 0 0
27| 0 0 0
28| 0 0 0
29| 0 0 0
30| 0 0 0
31| 0 0 0
32| 0 0 0
33| 0 0 0
34| 0 0 0
35| 0 0 0
36| 0 0 0
37| 0 0 0
38| 0 0 0
39| 0 0 0
40| 0 0 0
41| 0 0 0
42| 0 0 0
43| 0 0 0
44| 0 0 0
45| 0 0 0
46| 0 0 0
47| 0 0 0
48| 0 0 0
49| 0 0 0
50| 0 0 0
51| 0 0 0
52| 0 0 0
53| 0 0 0
54| 0 0 0
55| 0 0 0
56| 0 0 0
57| 0 0 0
58| 0 0 0
59| 0 0 0
60| 0 0 0
61| 0 0 0
62| 0 0 0
63| 0 0 0
64| 0 0 0
65| 0 0 0
66| 0 0 0
67| 0 0 0
68| 0 0 0
69| 0 0 0
70| 0 0 0
71| 0 0 0
72| 0 0 0
73| 0 0 0
74| 0 0 0
75| 0 0 0
76| 0 0 0
77| 0 0 0
78| 0 0 0
79| 0 0 0
80| 0 0 0
81| 0 0 0
82| 0 0 0
83| 0 0 0
84| 0 0 0
85| 0 0 0
86| 0 0 0
87| 0 0 0
88| 0 0 0
89| 0 0 0
90| 0 0 0
91| 0 0 0
92| 0 0 0
93| 0 0 0
94| 0 0 0
95| 0 0 0
96| 0 0 0
97| 0 0 0
98| 0 0 0
99| 0 0 0
100| 0 0 0
101| 0 0 0
102| 0 0 0
103| 0 0 0
104| 0 0 0
105| 0 0 0
106| 0 0 0
107| 0 0 0
108| 0 0 0
109| 0 0 0
110| 0 0 0
111| 0 4 0
112| 0 8 0
113| 0 12 0
114| 0 16 0
115| 0 20 0
116| 0 24 0
117| 0 28 0
118| 0 32 0
119| 0 36 0
120| 0 40 0
121| 0 43,99999 0
122| 0 47,99999 0
123| 0 51,99999 0
124| 0 0 0
125| 0 0 0
126| 0 0 0
127| 0 0 0
128| 0 0 0
129| 0 0 0
130| 0 0 0
131| 0 0 0
132| 0 0 0
133| 0 0 0
134| 0 0 0
135| 0 0 0
136| 0 0 0
137| 0 0 0
138| 0 0 0
139| 0 0 0
140| 0 0 0
141| 0 0 0
142| 0 0 0
143| 0 0 0
144| 0 4 0
145| 0 8 0
146| 0 12 0
147| 0 16 0
148| 0 20 0
149| 0 24 0
150| 0 28 0
151| -0,3 32 0
152| -0,6 36 0
153| -0,9 40 0
154| -1,2 43,99999 0
155| -1,5 47,99999 0
156| -1,8 51,99999 0
157| -2,1 55,99999 0
158| -2,4 60 0
159| -2,7 64 0
160| -3 68 0
161| -3,299999 72 0
162| -3,599999 76,00001 0
163| -3,899999 80,00001 0
164| -4,2 84,00001 0
165| -4,5 88,00002 0
166| -4,8 92,00002 0
167| -5,1 96,00002 0
168| -5,4 100 0
169| -5,7 104 0
170| -6 108 0
171| -6,300001 112 0
172| -6,600001 116 0
173| -6,900001 120 0
174| -7,200001 124 0
175| -7,500001 128 0
176| -7,800001 132 0
177| -8,1 136 0
178| -8,4 140 0
179| -8,7 144 0
180| -8,999999 148 0
181| -9,299999 152 0
182| -9,599998 156 0
183| -9,899999 160 0
184| -10,2 164 0
185| -10,5 168 0
186| -10,8 171,9999 0
187| -10,8 175,9999 0
188| -10,8 179,9999 0
189| 0 0 0
190| 0 0 0
191| 0 0 0
192| 0 0 0
193| 0 0 0
194| 0 0 0
195| 0 0 0
196| 0 0 0
197| 0 0 0
198| 0 0 0
199| 0 0 0
200| 0 0 0
201| 0 0 0
202| 0 0 0
203| 0 0 0
204| 0 0 0
205| 0 0 0
206| 0 0 0
207| 0 0 0
208| 0 0 0
209| 0 0 0
210| 0 0 0
211| 0 0 0
212| 0 0 0
213| 0 0 0
214| 0 0 0
215| 0 0 0
216| 0 0 0
217| 0 0 0
218| 0 0 0
219| 0 0 0
220| 0 0 0
221| 0 0 0
222| 0 0 0
223| 0 0 0
224| 0 0 0
225| 0 0 0
226| 0 0 0
227| 0 0 0
228| 0 0 0
229| 0 0 0
230| 0 0 0
231| 0 0 0
232| 0 0 0
233| 0 0 0
234| 0 0 0
235| 0 0 0
236| 0 0 0
237| 0 0 0
238| 0 0 0
239| 0 0 0
240| 0 0 0
241| 0 0 0
242| 0 0 0
243| 0 0 0
244| 0 0 0
245| 0 0 0
246| 0 0 0
247| 0 0 0
248| 0 0 0
249| 0 0 0
250| 0 0 0
251| 0 0 0
252| 0 0 0
253| 0 0 0
254| 0 0 0
255| 0 0 0
256| 0 0 0
257| 0 0 0
258| 0 0 0
259| 0 0 0
260| 0 0 0
261| 0 0 0
262| 0 0 0
263| 0 0 0
264| 0 0 0
265| 0 0 0
266| 0 0 0
267| 0 0 0
268| 0 0 0
269| 0 0 0
270| 0 0 0
271| 0 0 0
272| 0 0 0
273| 0 0 0
274| 0 0 0
275| 0 0 0
276| 0 0 0
277| 0 0 0
278| 0 0 0
279| 0 0 0
280| 0 0 0
281| 0 0 0
282| 0 0 0
283| 0 0 0
284| 0 0 0
285| 0 0 0
286| 0 0 0
287| 0 0 0
288| 0 0 0
289| 0 0 0
290| 0 0 0
291| 0 0 0
292| 0 0 0
293| 0 0 0
294| 0 0 0
295| 0 0 0
296| 0 0 0
297| 0 0 0
298| 0 0 0
299| 0 0 0
300| 0 0 0
301| 0 0 0
302| 0 0 0
303| 0 0 0
304| 0 0 0
305| 0 0 0
306| 0 0 0
307| 0 0 0
308| 0 0 0
309| 0 0 0
310| 0 0 0
311| 0 0 0
312| 0 0 0
313| 0 0 0
314| 0 0 0
315| 0 0 0
316| 0 0 0
317| 0 0 0
318| 0 0 0
319| 0 0 0
320| 0 0 0
321| 0 0 0
322| 0 0 0
323| 0 0 0
324| 0 0 0
325| 0 0 0
326| 0 0 0
327| 0 0 0
328| 0 0 0
329| 0 0 0
330| 0 0 0
331| 0 0 0
332| 0 0 0
333| 0 0 0
334| 0 0 0
335| 0 0 0
336| 0 0 0
337| 0 0 0
338| 0 0 0
339| 0 0 0
340| 0 0 0
341| 0 0 0
342| 0 0 0
343| 0 0 0
344| 0 0 0
345| 0 0 0
346| 0 0 0
347| 0 0 0
348| 0 0 0
349| 0 0 0
350| 0 0 0
351| 0 0 0
352| 0 0 0
353| 0 0 0
354| 0 0 0
355| 0 16 0
356| 0 16 0
357| 0 16 0
358| 0 16 0
359| 0 16 0
360| 0 16 0
361| 0 16 0
362| 0 16 0
363| 0 16 0
364| 0 16 0
365| 0 16 0
366| 0 16 0
367| 0 16 0
368| 0 16 0
369| 0 16 0
370| 0 16 0
371| 0 16 0
372| 0 16 0
373| 0 16 0
374| 0 16 0
375| 0 16 0
376| 0 16 0
377| 0 16 0
378| 0 16 0
379| 0 16 0
380| 0 16 0
381| 0 16 0
382| 0 16 0
383| 0 16 0
384| 0 16 0
385| 0 16 0
386| 0 16 0
387| 0 16 0
388| 0 16 0
389| 0 16 0
390| 0 16 0
391| 0 16 0
392| 0 16 0
393| 0 16 0
394| 0 16 0
395| 0 16 0
396| 0 16 0
397| 0 16 0
398| 0 16 0
399| 0 16 0
400| 0 16 0
401| 0 16 0
402| 0 16 0
403| 0 16 0
404| 0 16 0
405| 0 16 0
406| 0 16 0
407| 0 16 0
408| 0 16 0
409| 0 16 0
410| 0 16 0
411| 0 16 0
412| 0 16 0
413| 0 16 0
414| 0 16 0
415| 0 16 0
416| 0 16 0
417| 0 16 0
418| 0 16 0
419| 0 16 0
420| 0 16 0
421| 0 16 0
422| 0 16 0
423| 0 16 0
424| 0 16 0
425| 0 16 0
426| 0 16 0
427| 0 16 0
428| 0 16 0
429| 0 16 0
430| 0 16 0
431| 0 16 0
432| 0 16 0
433| 0 16 0
434| 0 16 0
435| 0 16 0
436| 0 16 0
437| 0 16 0
438| 0 16 0
439| 0 16 0
440| 0 16 0
441| 0 16 0
442| 0 16 0
443| 0 16 0
444| 0 16 0
445| 0 16 0
446| 0 16 0
447| 0 16 0
448| 0 16 0
449| 0 16 0
450| 0 16 0
451| 0 16 0
452| 0 16 0
453| 0 16 0
454| 0 16 0
455| 0 16 0
456| 0 16 0
457| 0 16 0
458| 0 16 0
459| 0 16 0
460| 0 16 0
461| 0 16 0
462| 0 16 0
463| 0 16 0
464| 0 16 0
465| 0 16 0
466| 0 16 0
467| 0 16 0
468| 0 16 0
469| 0 16 0
470| 0 16 0
471| 0 16 0
472| 0 16 0
473| 0 16 0
474| 0 16 0
475| 0 16 0
476| 0 16 0
477| 0 16 0
478| 0 16 0
479| 0 16 0
480| 0 16 0
481| 0 16 0
482| 0 16 0
483| 0 16 0
484| 0 16 0
485| 0 16 0
486| 0 16 0
487| 0 16 0
488| 0 16 0
489| 0 16 0
490| 0 16 0
491| 0 16 0
492| 0 16 0
493| 0 16 0
494| 0 16 0
495| 0 16 0
496| 0 16 0
497| 0 16 0
498| 0 16 0
499| 0 16 0
500| 0 16 0
501| 0 16 0
502| 0 16 0
503| 0 16 0
504| 0 16 0
505| 0 16 0
506| 0 16 0
507| 0 16 0
508| 0 16 0
509| 0 16 0
510| 0 16 0
511| 0 16 0
512| 0 16 0
513| 0 16 0
514| 0 16 0
515| 0 16 0
516| 0 16 0
517| 0 16 0
518| 0 16 0
519| 0 16 0
520| 0 16 0
521| 0 16 0
522| 0 16 0
523| 0 16 0
524| 0 16 0
525| 0 16 0
526| 0 16 0
527| 0 16 0
528| 0 16 0
529| 0 16 0
530| 0 16 0
531| 0 16 0
532| 0 16 0
533| 0 16 0
534| 0 16 0
535| 0 16 0
536| 0 16 0
537| 0 16 0
538| 0 16 0
539| 0 16 0
540| 0 16 0
541| 0 16 0
542| 0 16 0
543| 0 16 0
544| 0 16 0
545| 0 16 0
546| 0 16 0
547| 0 16 0
548| 0 16 0
549| 0 16 0
550| 0 16 0
551| 0 16 0
552| 0 16 0
553| 0 16 0
554| 0 16 0
555| 0 16 0

