1| 0 0 0
2| 0 0 0
3| 0 0 0
4| 0 0 0
5| 0 0 0
6| 0 0 0
7| 0 0 0
8| 0 0 0
9| 0 0 0
10| 0 0 0
11| 0 0 0
12| 0 0 0
13| 0 0 0
14| 0 0 0
15| 0 0 0
16| 0 0 0
17| 0 0 0
18| 0 0 0
19| 0 0 0
20| 0 0 0
21| 0 0 0
22| 0 0 0
23| 0 0 0
24| 0 0 0
25| 0 0 0
26| 0 0 0
27| 0 0 0
28| 0 0 0
29| 0 0 0
30| 0 0 0
31| 0 0 0
32| 0 0 0
33| 0 0 0
34| 0 0 0
35| 0 0 0
36| 0 0 0
37| 0 0 0
38| 0 0 0
39| 0 0 0
40| 0 0 0
41| 0 0 0
42| 0 0 0
43| 0 0 0
44| 0 0 0
45| 0 0 0
46| 0 0 0
47| 0 0 0
48| 0 0 0
49| 0 0 0
50| 0 0 0
51| 0 0 0
52| 0 0 0
53| 0 0 0
54| 0 0 0
55| 0 0 0
56| 0 0 0
57| 0 0 0
58| 0 0 0
59| 0 0 0
60| 0 0 0
61| 0 0 0
62| 0 0 0
63| 0 0 0
64| 0 0 0
65| 0 0 0
66| 0 0 0
67| 0 0 0
68| 0 0 0
69| 0 0 0
70| 0 0 0
71| 0 0 0
72| 0 0 0
73| 0 0 0
74| 0 0 0
75| 0 0 0
76| 0 0 0
77| 0 0 0
78| 0 0 0
79| 0 0 0
80| 0 0 0
81| 0 0 0
82| 0 0 0
83| 0 0 0
84| 0 0 0
85| 0 0 0
86| 0 0 0
87| 0 0 0
88| 0 0 0
89| 0 0 0
90| 0 0 0
91| 0 0 0
92| 0 0 0
93| 0 0 0
94| 0 0 0
95| 0 0 0
96| 0 0 0
97| 0 0 0
98| 0 0 0
99| 0 0 0
100| 0 0 0
101| 0 0 0
102| 0 0 0
103| 0 0 0
104| 0 0 0
105| 0 0 0
106| 0 0 0
107| 0 0 0
108| 0 0 0
109| 0 0 0
110| 0 0 0
111| 0 0 0
112| 0 0 0
113| 0 0 0
114| 0 0 0
115| 0 0 0
116| 0 0 0
117| 0 0 0
118| 0 0 0
119| 0 0 0
120| 0 0 0
121| 0 0 0
122| 0 0 0
123| 0 0 0
124| 0 0 0
125| 0 0 0
126| 0 0 0
127| 0 0 0
128| 0 0 0
129| 0 0 0
130| 0 0 0
131| 0 0 0
132| 0 0 0
133| 0 0 0
134| 0 0 0
135| 0 0 0
136| 0 0 0
137| 0 0 0
138| 0 0 0
139| 0 0 0
140| 0 0 0
141| 0 0 0
142| 0 0 0
143| 0 0 0
144| 0 0 0
145| 0 0 0
146| 0 0 0
147| 0 0 0
148| 0 0 0
149| 0 0 0
150| 0 0 0
151| 0 0 0
152| 0 0 0
153| 0 0 0
154| 0 0 0
155| 0 0 0
156| 0 0 0
157| 0 0 0
158| 0 0 0
159| 0 0 0
160| 0 0 0
161| 0 0 0
162| 0 0 0
163| 0 0 0
164| 0 0 0
165| 0 0 0
166| 0 0 0
167| 0 0 0
168| 0 0 0
169| 0 0 0
170| 0 0 0
171| 0 0 0
172| 0 0 0
173| 0 0 0
174| 0 0 0
175| 0 0 0
176| 0 0 0
177| 0 0 0
178| 0 0 0
179| 0 0 0
180| 0 0 0
181| 0 0 0
182| 0 0 0
183| 0 0 0
184| 0 0 0
185| 0 0 0
186| 0 0 0
187| 0 0 0
188| 0 0 0
189| 0 0 0
190| 0 0 0
191| 0 0 0
192| 0 0 0
193| 0 0 0
194| 0 0 0
195| 0 0 0
196| 0 0 0
197| 0 0 0
198| 0 0 0
199| 0 0 0
200| 0 0 0
201| 0 0 0
202| 0 0 0
203| 0 0 0
204| 0 0 0
205| 0 0 0
206| 0 0 0
207| 0 0 0
208| 0 0 0
209| 0 0 0
210| 0 0 0
211| 0 0 0
212| 0 0 0
213| 0 0 0
214| 0 0 0
215| 0 0 0
216| 0 0 0
217| 0 0 0
218| 0 0 0
219| 0 0 0
220| 0 0 0
221| 0 0 0
222| 0 0 0
223| 0 0 0
224| 0 0 0
225| 0 0 0
226| 0 0 0
227| 0 16 0
228| 0 16 0
229| 0 32 0
230| 0 48 0
231| 0 64 0
232| 0 95,99999 0
233| 0 112 0
234| 0 128 0
235| 0 144 0
236| 0 160 0
237| 0 192 0
238| 0 208 0
239| 0 224 0
240| 0 240 0
241| 0 256 0
242| 0 288 0
243| 0 304 0
244| 0 320 0
245| 0 336 0
246| 0 352,0001 0
247| 0 384,0001 0
248| 0 400 0
249| 0 400 0
250| 0 400 0
251| 0 400 0
252| 0 400 0
253| 0 400 0
254| 0 400 0
255| 0 400 0
256| 0 400 0
257| 0 400 0
258| 0 400 0
259| 0 400 0
260| 0 400 0
261| 0 400 0
262| 0 400 0
263| 0 400 0
264| 0 400 0
265| 0 400 0
266| 0 400 0
267| 0 400 0
268| 0 400 0
269| 0 400 0
270| 0 400 0
271| 0 400 0
272| 0 400 0
273| 0 400 0
274| 0 400 0
275| 0 400 0
276| 0 400 0
277| 0 400 0
278| 0 400 0
279| 0 400 0
280| 0 400 0
281| 0 400 0
282| 0 400 0
283| 0 400 0
284| 0 400 0
285| 0 400 0
286| 0 400 0
287| 0 400 0
288| 0 400 0
289| 0 400 0
290| 0 400 0
291| 0 400 0
292| 0 400 0
293| 0 400 0
294| 0 400 0
295| 0 400 0
296| 0 400 0
297| 0 400 0
298| 0 400 0
299| 0 400 0
300| 0 400 0
301| 0 400 0
302| 0 400 0
303| 0 400 0
304| 0 400 0
305| 0 400 0
306| 0 400 0
307| 0 400 0
308| 0 400 0
309| 0 400 0
310| 0 400 0
311| 0 400 0
312| 0 400 0
313| 0 400 0
314| 0 400 0
315| 0 400 0
316| 0 400 0
317| 0 400 0
318| 0 400 0
319| 0 400 0
320| 0 400 0
321| 0 400 0
322| 0 400 0
323| 0 400 0
324| 0 400 0
325| 0 400 0
326| 0 400 0
327| 0 400 0
328| 0 400 0
329| 0 400 0
330| 0 400 0
331| 0 400 0
332| 0 400 0
333| 0 400 0
334| 0 400 0
335| 0 400 0
336| 0 400 0
337| 0 400 0
338| 0 400 0
339| 0 400 0
340| 0 400 0
341| 0 400 0
342| 0 400 0
343| 0 400 0
344| 0 400 0
345| 0 400 0
346| 0 400 0
347| 0 400 0
348| 0 400 0
349| 0 400 0
350| 0 400 0
351| 0 400 0
352| 0 400 0
353| 0 400 0
354| 0 400 0
355| 0 400 0
356| 0 400 0
357| 0 400 0
358| 0 400 0
359| 0 400 0
360| 0 400 0
361| 0 400 0
362| 0 400 0
363| 0 400 0
364| 0 400 0
365| 0 400 0
366| 0 400 0
367| 0 400 0
368| 0 400 0
369| 0 400 0
370| 0 400 0
371| 0 400 0
372| 0 400 0
373| 0 400 0
374| 0 400 0
375| 0 400 0
376| 0 400 0
377| 0 400 0
378| 0 400 0
379| 0 400 0
380| 0 400 0
381| 0 400 0
382| 0 400 0
383| 0 400 0
384| 0 400 0
385| 0 400 0
386| 0 400 0
387| 0 400 0
388| 0 400 0
389| 0 400 0
390| 0 400 0
391| 0 400 0
392| 0 400 0
393| 0 400 0
394| 0 400 0
395| 0 400 0
396| 0 400 0
397| 0 400 0
398| 0 400 0
399| 0 400 0
400| 0 400 0
401| 0 400 0
402| 0 400 0
403| 0 400 0
404| 0 400 0
405| 0 400 0
406| 0 400 0
407| 0 400 0
408| 0 400 0
409| 0 400 0
410| 0 400 0
411| 0 400 0
412| 0 400 0
413| 0 400 0
414| 0 400 0
415| 0 400 0
416| 0 400 0
417| 0 400 0
418| 0 400 0
419| 0 400 0
420| 0 400 0
421| 0 400 0
422| 0 400 0
423| 0 400 0
424| 0 400 0
425| 0 400 0
426| 0 400 0
427| 0 400 0
428| 0 400 0
429| 0 400 0
430| 0 400 0
431| 0 400 0
432| 0 400 0
433| 0 400 0
434| 0 400 0
435| 0 400 0
436| 0 400 0
437| 0 400 0
438| 0 400 0
439| 0 400 0
440| 0 400 0
441| 0 400 0
442| 0 400 0
443| 0 400 0
444| 0 400 0
445| 0 400 0
446| 0 400 0
447| 0 400 0
448| 0 400 0
449| 0 400 0
450| 0 400 0
451| 0 400 0
452| 0 400 0
453| 0 400 0
454| 0 400 0
455| 0 400 0
456| 0 400 0
457| 0 400 0
458| 0 400 0
459| 0 400 0
460| 0 400 0
461| 0 400 0
462| 0 400 0
463| 0 400 0
464| 0 400 0
465| 0 400 0
466| 0 400 0
467| 0 400 0
468| 0 400 0
469| 0 400 0
470| 0 400 0
471| 0 400 0
472| 0 400 0
473| 0 400 0
474| 0 400 0
475| 0 400 0
476| 0 400 0
477| 0 400 0
478| 0 400 0
479| 0 400 0
480| 0 400 0
481| 0 400 0
482| 0 400 0
483| 0 400 0
484| 0 400 0
485| 0 400 0
486| 0 400 0
487| 0 400 0
488| 0 400 0
489| 0 400 0
490| 0 400 0
491| 0 400 0
492| 0 400 0
493| 0 400 0
494| 0 400 0
495| 0 400 0
496| 0 400 0
497| 0 400 0
498| 0 400 0
499| 0 400 0
500| 0 400 0
501| 0 400 0
502| 0 400 0
503| 0 400 0
504| 0 400 0
505| 0 400 0
506| 0 400 0
507| 0 400 0
508| 0 400 0
509| 0 400 0
510| 0 400 0
511| 0 400 0
512| 0 400 0
513| 0 400 0
514| 0 400 0
515| 0 400 0
516| 0 400 0
517| 0 400 0
518| 0 400 0
519| 0 400 0
520| 0 400 0
521| 0 400 0
522| 0 400 0
523| 0 400 0
524| 0 400 0
525| 0 400 0
526| 0 400 0
527| 0 400 0
528| 0 400 0
529| 0 400 0
530| 0 400 0
531| 0 400 0
532| 0 400 0
533| 0 400 0
534| 0 400 0
535| 0 400 0
536| 0 400 0
537| 0 400 0
538| 0 400 0
539| 0 400 0
540| 0 400 0
541| 0 400 0
542| 0 400 0
543| 0 400 0
544| 0 400 0
545| 0 400 0
546| 0 400 0
547| 0 400 0
548| 0 400 0
549| 0 400 0
550| 0 400 0
551| 0 400 0
552| 0 400 0
553| 0 400 0
554| 0 400 0
555| 0 400 0
556| 0 400 0
557| 0 400 0
558| 0 400 0
559| 0 400 0
560| 0 400 0
561| 0 400 0
562| 0 400 0
563| 0 400 0
564| 0 400 0
565| 0 400 0
566| 0 400 0
567| 0 400 0
568| 0 400 0
569| 0 400 0
570| 0 400 0
571| 0 400 0
572| 0 400 0
573| 0 400 0
574| 0 400 0
575| 0 400 0
576| 0 400 0
577| 0 400 0
578| 0 400 0
579| 0 400 0
580| 0 400 0
581| 0 400 0
582| 0 400 0
583| 0 400 0
584| 0 400 0
585| 0 400 0
586| 0 400 0
587| 0 400 0
588| 0 400 0
589| 0 400 0
590| 0 400 0
591| 0 400 0
592| 0 400 0
593| 0 400 0
594| 0 400 0
595| 0 400 0
596| 0 400 0
597| 0 400 0
598| 0 400 0
599| 0 400 0
600| 0 400 0
601| 0 400 0
602| 0 400 0
603| 0 400 0
604| 0 400 0
605| 0 400 0
606| 0 400 0
607| 0 400 0
608| 0 400 0
609| 0 400 0
610| 0 400 0
611| 0 400 0
612| 0 400 0
613| 0 400 0
614| 0 400 0
615| 0 400 0
616| 0 400 0
617| 0 400 0
618| 0 400 0
619| 0 400 0
620| 0 400 0
621| 0 400 0
622| 0 400 0
623| 0 400 0
624| 0 400 0
625| 0 0 0
626| 0 0 0
627| 0 0 0
628| 0 0 0
629| 0 0 0
630| 0 0 0
631| 0 0 0
632| 0 0 0
633| 0 0 0
634| 0 0 0
635| 0 0 0
636| 0 0 0
637| 0 0 0
638| 0 0 0
639| 0 0 0
640| 0 0 0
641| 0 0 0
642| 0 0 0
643| 0 0 0
644| 0 0 0
645| 0 0 0
646| 0 0 0
647| 0 0 0
648| 0 0 0
649| 0 0 0
650| 0 0 0
651| 0 0 0
652| 0 0 0
653| 0 0 0
654| 0 0 0
655| 0 0 0
656| 0 0 0
657| 0 0 0
658| 0 0 0
659| 0 0 0
660| 0 0 0
661| 0 0 0
662| 0 0 0
663| 0 0 0
664| 0 0 0
665| 0 0 0
666| 0 0 0
667| 0 0 0
668| 0 0 0
669| 0 0 0
670| 0 0 0
671| 0 0 0
672| 0 0 0
673| 0 0 0
674| 0 0 0
675| 0 0 0
676| 0 0 0
677| 0 0 0
678| 0 0 0
679| 0 0 0
680| 0 0 0
681| 0 0 0
682| 0 0 0
683| 0 0 0
684| 0 0 0
685| 0 0 0
686| 0 0 0
687| 0 0 0
688| 0 0 0
689| 0 0 0
690| 0 0 0
691| 0 0 0
692| 0 0 0
693| 0 0 0
694| 0 0 0
695| 0 0 0
696| 0 0 0
697| 0 0 0
698| 0 0 0
699| -0,3 0 0
700| -0,6 0 0
701| -0,9 0 0
702| -1,2 0 0
703| -1,5 0 0
704| -1,8 0 0
705| -2,1 0 0
706| -2,4 0 0
707| -2,7 0 0
708| -3 0 0
709| -3,299999 0 0
710| -3,599999 0 0
711| -3,899999 0 0
712| -4,2 0 0
713| -4,5 0 0
714| -4,8 0 0
715| -5,1 0 0
716| -5,4 0 0
717| -5,7 0 0
718| -6 0 0
719| -6,300001 0 0
720| -6,600001 0 0
721| -6,900001 0 0
722| -7,200001 0 0
723| -7,500001 0 0
724| -7,800001 0 0
725| -8,1 0 0
726| -8,4 0 0
727| -8,7 0 0
728| -8,999999 0 0
729| -9,299999 0 0
730| -9,599998 0 0
731| -9,899999 0 0
732| -10,2 0 0
733| -10,5 0 0
734| -10,8 0 0
735| -11,1 0 0
736| -11,4 0 0
737| -11,7 0 0
738| -12 0 0
739| -12,3 0 0
740| -12,3 0 0
741| -12,3 4 0
742| -12,3 8 0
743| -12,3 12 0
744| -12,3 16 0
745| -12,3 20 0
746| -12,3 24 0
747| -12,3 28 0
748| -12,3 32 0
749| -12,3 36 0
750| -12,3 40 0
751| -12,3 43,99999 0
752| -12,3 47,99999 0
753| -12,3 51,99999 0
754| -12,3 55,99999 0
755| -12,3 60 0
756| -12,3 64 0
757| -12,3 68 0
758| -12,3 72 0
759| -12,3 76,00001 0
760| -12,3 80,00001 0
761| -12,3 84,00001 0
762| -12,3 88,00002 0
763| -12,3 92,00002 0
764| -12,3 96,00002 0
765| 0 0 0
766| 0 0 0
767| 0 0 0
768| 0,3 0 0
769| 0,6 0 0
770| 0,9 0 0
771| 1,2 0 0
772| 1,5 0 0
773| 1,8 0 0
774| 2,1 0 0
775| 2,4 0 0
776| 2,7 0 0
777| 3 0 0
778| 3,299999 0 0
779| 3,599999 0 0
780| 3,899999 0 0
781| 4,2 0 0
782| 4,5 0 0
783| 4,8 0 0
784| 5,1 0 0
785| 5,4 0 0
786| 5,7 0 0
787| 6 0 0
788| 6,300001 0 0
789| 6,600001 0 0
790| 6,900001 0 0
791| 7,200001 0 0
792| 7,500001 0 0
793| 7,800001 0 0
794| 8,1 0 0
795| 8,4 0 0
796| 8,7 0 0
797| 8,999999 0 0
798| 9,299999 0 0
799| 9,599998 0 0
800| 9,899999 0 0
801| 10,2 0 0
802| 10,5 0 0
803| 10,8 0 0
804| 11,1 0 0
805| 11,4 0 0
806| 11,7 0 0
807| 12 0 0
808| 12,3 0 0
809| 12,6 0 0
810| 12,9 0 0
811| 13,2 0 0
812| 13,5 0 0
813| 13,79999 0 0
814| 14,09999 0 0
815| 14,39999 0 0
816| 14,69999 0 0
817| 14,99999 0 0
818| 0 0 0
819| 0 0 0
820| 0 0 0
821| 0 0 0
822| 0 0 0
823| 0 0 0
824| 0 0 0
825| 0 0 0
826| 0 0 0
827| 0 0 0
828| 0 0 0
829| 0 0 0
830| 0 0 0
831| 0 0 0
832| 0 0 0
833| 0 0 0
834| 0 0 0
835| 0 0 0
836| 0 0 0
837| 0 0 0
838| 0 0 0
839| 0 0 0
840| 0 0 0
841| 0 0 0
842| 0 0 0
843| 0 0 0
844| 0 0 0
845| 0 0 0
846| 0 0 0
847| 0 0 0
848| 0 0 0
849| 0 0 0
850| 0 0 0
851| 0 0 0
852| 0 0 0
853| 0 0 0
854| 0 0 0
855| 0 0 0
856| 0 0 0
857| 0 0 0
858| 0 0 0
859| 0 0 0
860| 0 0 0
861| 0 0 0
862| 0 0 0
863| 0 0 0
864| 0 0 0
865| 0 0 0
866| 0 0 0
867| 0 0 0
868| 0 0 0
869| 0 0 0
870| 0 0 0
871| 0 0 0
872| 0 0 0
873| 0 0 0
874| 0 0 0
875| 0 0 0
876| 0 0 0
877| 0 0 0
878| 0 0 0
879| 0 0 0
880| 0 0 0
881| 0 0 0
882| 0 0 0
883| 0 0 0
884| 0 0 0
885| 0 0 0
886| 0 0 0
887| 0 0 0
888| 0 0 0
889| 0 0 0
890| 0 0 0
891| 0 0 0
892| 0 0 0
893| 0 0 0
894| 0 0 0
895| 0 0 0
896| 0 0 0
897| 0 0 0
898| 0 0 0
899| 0 0 0
900| 0 0 0
901| 0 0 0
902| 0 0 0
903| 0 0 0
904| 0 0 0
905| 0 0 0
906| 0,3 0 0
907| 0,6 0 0
908| 0,9 0 0
909| 1,2 0 0
910| 1,5 0 0
911| 1,8 0 0
912| 2,1 0 0
913| 2,4 0 0
914| 2,7 0 0
915| 3 0 0
916| 3,299999 0 0
917| 3,599999 0 0
918| 3,899999 0 0
919| 4,2 0 0
920| 4,5 0 0
921| 4,8 0 0
922| 5,1 0 0
923| 5,4 0 0
924| 5,7 0 0
925| 6 0 0
926| 6,300001 0 0
927| 6,600001 0 0
928| 6,900001 0 0
929| 7,200001 0 0
930| 7,500001 0 0
931| 7,800001 0 0
932| 8,1 0 0
933| 8,4 0 0
934| 8,7 0 0
935| 8,999999 0 0
936| 9,299999 0 0
937| 9,599998 0 0
938| 9,899999 0 0
939| 10,2 0 0
940| 10,5 0 0
941| 10,8 0 0
942| 11,1 0 0
943| 11,4 0 0
944| 11,7 0 0
945| 12 0 0
946| 12,3 0 0
947| 12,6 0 0
948| 12,9 0 0
949| 13,2 0 0
950| 13,5 0 0
951| 13,79999 0 0
952| 14,09999 0 0
953| 14,39999 0 0
954| 14,69999 0 0
955| 14,99999 0 0
956| 15,29999 0 0
957| 15,59999 0 0
958| 15,89999 0 0
959| 16,19999 0 0
960| 16,49999 0 0
961| 16,79999 0 0
962| 17,09999 0 0
963| 17,39999 0 0
964| 17,69999 0 0
965| 17,99999 0 0
966| 18,29999 0 0
967| 18,59999 0 0
968| 18,89999 0 0
969| 19,19999 0 0
970| 19,49999 0 0
971| 19,79999 0 0
972| 20,09999 0 0
973| 20,39999 0 0
974| 20,69999 0 0
975| 20,99999 0 0
976| 21,29999 0 0
977| 21,59999 0 0
978| 21,89999 0 0
979| 22,19999 0 0
980| 22,49999 0 0
981| 22,79999 0 0
982| 23,09999 0 0
983| 23,39999 0 0
984| 23,69999 0 0
985| 23,99999 0 0
986| 24,29999 0 0
987| 24,59999 0 0
988| 24,89998 0 0
989| 25,19999 0 0
990| 25,49998 0 0
991| 25,79998 0 0
992| 26,09998 0 0
993| 26,39998 0 0
994| 26,69998 0 0
995| 26,99998 0 0
996| 27,29998 0 0
997| 0 0 0
998| 0 0 0
999| 0 0 0
1000| 0 0 0
1001| 0 0 0
1002| 0 0 0
1003| 0 0 0
1004| 0 0 0
1005| 0 0 0
1006| 0 0 0
1007| 0 0 0
1008| 0 0 0
1009| 0 0 0
1010| 0 0 0
1011| 0 0 0
1012| 0 0 0
1013| 0 0 0
1014| 0 0 0
1015| 0 0 0
1016| 0 0 0
1017| 0 0 0
1018| 0,3 0 0
1019| 0,6 0 0
1020| 0,9 0 0
1021| 1,2 0 0
1022| 1,5 0 0
1023| 1,8 0 0
1024| 2,1 0 0
1025| 2,4 0 0
1026| 2,7 0 0
1027| 3 0 0
1028| 3,299999 0 0
1029| 3,599999 0 0
1030| 3,899999 0 0
1031| 4,2 0 0
1032| 4,5 0 0
1033| 4,8 0 0
1034| 5,1 0 0
1035| 5,4 0 0
1036| 5,7 0 0
1037| 6 0 0
1038| 6,300001 0 0
1039| 6,600001 0 0
1040| 6,900001 0 0
1041| 7,200001 0 0
1042| 7,500001 0 0
1043| 7,800001 0 0
1044| 8,1 0 0
1045| 8,4 0 0
1046| 8,7 0 0
1047| 8,999999 0 0
1048| 9,299999 0 0
1049| 9,599998 0 0
1050| 9,899999 0 0
1051| 10,2 0 0
1052| 10,5 0 0
1053| 10,8 0 0
1054| 11,1 0 0
1055| 11,4 0 0
1056| 11,7 0 0
1057| 12 0 0
1058| 12,3 0 0
1059| 12,6 0 0
1060| 12,9 0 0
1061| 13,2 0 0
1062| 13,5 0 0
1063| 13,79999 0 0
1064| 14,09999 0 0
1065| 14,39999 0 0
1066| 14,69999 0 0
1067| 14,99999 0 0
1068| 15,29999 0 0
1069| 15,59999 0 0
1070| 15,89999 0 0
1071| 16,19999 0 0
1072| 16,49999 0 0
1073| 16,79999 0 0
1074| 17,09999 0 0
1075| 17,39999 0 0
1076| 17,69999 0 0
1077| 17,99999 0 0
1078| 18,29999 0 0
1079| 18,59999 0 0
1080| 18,89999 0 0
1081| 19,19999 0 0
1082| 19,49999 0 0
1083| 19,79999 0 0
1084| 20,09999 0 0
1085| 20,39999 0 0
1086| 20,69999 0 0
1087| 20,99999 0 0
1088| 21,29999 0 0
1089| 21,59999 0 0
1090| 21,89999 0 0
1091| 22,19999 0 0
1092| 22,49999 0 0
1093| 22,79999 0 0
1094| 23,09999 0 0
1095| 23,39999 0 0
1096| 23,69999 0 0
1097| 23,99999 0 0
1098| 24,29999 0 0
1099| 24,59999 0 0
1100| 24,89998 0 0
1101| 25,19999 0 0
1102| 25,49998 0 0
1103| 25,79998 0 0
1104| 26,09998 0 0
1105| 26,39998 0 0
1106| 26,69998 0 0
1107| 26,99998 0 0
1108| 27,29998 0 0
1109| 27,59998 0 0
1110| 27,89998 0 0
1111| 28,19998 0 0
1112| 28,49998 0 0
1113| 28,79998 0 0
1114| 29,09998 0 0
1115| 29,39998 0 0
1116| 29,69998 0 0
1117| 29,99998 0 0
1118| 30,29998 0 0
1119| 30 0 0
1120| 30 0 0
1121| 30 0 0
1122| 30 0 0
1123| 30 0 0
1124| 30 0 0
1125| 30 0 0
1126| 0 0 0
1127| 0 0 0
1128| 0 0 0
1129| 0 0 0
1130| 0 0 0
1131| 0 0 0
1132| 0 0 0
1133| 0 0 0
1134| 0 0 0
1135| 0 0 0
1136| 0 0 0
1137| 0 0 0
1138| 0 0 0
1139| 0 0 0
1140| 0 4 0
1141| 0 8 0
1142| 0 12 0
1143| 0 16 0
1144| 0 20 0
1145| 0 24 0
1146| 0 28 0
1147| 0 32 0
1148| 0 36 0
1149| 0 40 0
1150| 0 43,99999 0
1151| 0 47,99999 0
1152| 0 51,99999 0
1153| 0 55,99999 0
1154| 0 60 0
1155| 0,3 64 0
1156| 0,6 68 0
1157| 0,9 72 0
1158| 1,2 76,00001 0
1159| 1,5 80,00001 0
1160| 1,8 84,00001 0
1161| 2,1 88,00002 0
1162| 2,4 92,00002 0
1163| 2,7 96,00002 0
1164| 3 100 0
1165| 3,299999 104 0
1166| 3,599999 108 0
1167| 3,899999 112 0
1168| 4,2 116 0
1169| 4,5 120 0
1170| 4,8 124 0
1171| 5,1 128 0
1172| 5,4 132 0
1173| 5,7 136 0
1174| 6 140 0
1175| 6,300001 144 0
1176| 6,600001 148 0
1177| 6,900001 152 0
1178| 7,200001 156 0
1179| 7,500001 160 0
1180| 7,800001 164 0
1181| 8,1 168 0
1182| 8,4 171,9999 0
1183| 8,7 175,9999 0
1184| 8,999999 179,9999 0
1185| 9,299999 183,9999 0
1186| 9,599998 187,9999 0
1187| 9,899999 191,9999 0
1188| 10,2 195,9999 0
1189| 10,5 199,9999 0
1190| 10,8 203,9999 0
1191| 11,1 207,9999 0
1192| 11,4 211,9999 0
1193| 11,7 215,9999 0
1194| 12 219,9999 0
1195| 12,3 223,9999 0
1196| 12,6 227,9999 0
1197| 12,9 231,9999 0
1198| 13,2 235,9999 0
1199| 13,5 239,9999 0
1200| 13,79999 243,9999 0
1201| 14,09999 247,9999 0
1202| 14,09999 251,9999 0
1203| 14,09999 255,9999 0
1204| 14,09999 259,9999 0
1205| 14,09999 263,9999 0
1206| 14,09999 267,9999 0
1207| 14,09999 271,9998 0
1208| 14,09999 275,9998 0
1209| 14,09999 279,9998 0
1210| 14,09999 283,9998 0
1211| 14,09999 287,9998 0
1212| 14,09999 291,9998 0
1213| 14,09999 295,9998 0
1214| 14,09999 299,9998 0
1215| 14,09999 303,9998 0
1216| 14,09999 307,9998 0
1217| 14,09999 311,9998 0
1218| 14,09999 315,9998 0
1219| 14,09999 319,9998 0
1220| 14,09999 323,9998 0
1221| 14,09999 327,9998 0
1222| 14,09999 331,9998 0
1223| 0 0 0
1224| 0 0 0
1225| 0 0 0
1226| 0 0 0
1227| 0 0 0
1228| 0 0 0
1229| 0 0 0
1230| 0 0 0
1231| 0 0 0
1232| 0 0 0
1233| -0,3 0 0
1234| -0,6 0 0
1235| -0,9 0 0
1236| -1,2 0 0
1237| -1,5 0 0
1238| -1,8 0 0
1239| -2,1 0 0
1240| -2,4 0 0
1241| -2,7 0 0
1242| -3 0 0
1243| -3,299999 0 0
1244| 0 0 0
1245| 0 0 0
1246| 0 0 0
1247| 0 0 0
1248| 0 0 0
1249| 0 0 0
1250| 0 0 0
1251| 0 0 0
1252| 0 0 0
1253| 0 0 0
1254| 0 0 0
1255| 0 0 0
1256| 0 0 0
1257| 0 0 0
1258| 0 0 0
1259| 0 0 0
1260| 0 0 0
1261| 0 0 0
1262| -0,3 0 0
1263| -0,6 0 0
1264| -0,9 0 0
1265| -1,2 0 0
1266| -1,5 0 0
1267| -1,8 0 0
1268| -2,1 0 0
1269| -2,4 0 0
1270| -2,7 0 0
1271| -3 0 0
1272| -3,299999 0 0
1273| -3,599999 0 0
1274| -3,899999 0 0
1275| -4,2 0 0
1276| 0 0 0
1277| 0 0 0
1278| 0 0 0
1279| 0 0 0
1280| 0 0 0
1281| 0 0 0
1282| 0 0 0
1283| 0 0 0
1284| -0,3 0 0
1285| -0,6 0 0
1286| -0,9 0 0
1287| -1,2 0 0
1288| -1,5 0 0
1289| 0 0 0
1290| 0 0 0
1291| 0 0 0
1292| -0,3 0 0
1293| -0,6 0 0
1294| -0,9 0 0
1295| -1,2 0 0
1296| -1,5 0 0
1297| -1,8 0 0
1298| -2,1 0 0
1299| -2,4 0 0
1300| -2,7 0 0
1301| 0 0 0
1302| 0 0 0
1303| 0 0 0
1304| 0 0 0
1305| 0 0 0
1306| 0 0 0
1307| 0 0 0
1308| 0 0 0
1309| 0 0 0
1310| 0 0 0
1311| 0 0 0
1312| 0 0 0
1313| 0 0 0
1314| 0 0 0
1315| 0 0 0
1316| 0 0 0
1317| 0 0 0
1318| 0 0 0
1319| 0 0 0
1320| 0 0 0
1321| 0 0 0
1322| 0 0 0
1323| 0 0 0
1324| 0 0 0
1325| 0 0 0
1326| 0 0 0
1327| 0 0 0
1328| 0 0 0
1329| 0 0 0
1330| 0 0 0
1331| 0 0 0
1332| 0 0 0
1333| 0 0 0
1334| 0 0 0
1335| 0 0 0
1336| 0 0 0
1337| 0 0 0
1338| 0 0 0
1339| 0 0 0
1340| 0 0 0
1341| 0 0 0
1342| 0 0 0
1343| 0 0 0
1344| 0 0 0
1345| 0 0 0
1346| 0 0 0
1347| 0 0 0
1348| 0 0 0
1349| 0 0 0
1350| 0 0 0
1351| 0 0 0
1352| 0 0 0
1353| 0 0 0
1354| 0 0 0
1355| 0 0 0
1356| 0 0 0
1357| 0 0 0
1358| 0 0 0
1359| 0 0 0
1360| 0 0 0
1361| 0 0 0
1362| 0 0 0
1363| 0 0 0
1364| 0 0 0
1365| 0 0 0
1366| 0 0 0
1367| 0 0 0
1368| 0 0 0
1369| 0 0 0
1370| 0 0 0
1371| 0 0 0
1372| 0 0 0
1373| 0 0 0
1374| 0 0 0
1375| 0 0 0
1376| 0 0 0
1377| 0 0 0
1378| 0 0 0
1379| 0 0 0
1380| 0 0 0
1381| 0 0 0
1382| 0 0 0
1383| 0 0 0
1384| 0 0 0
1385| 0 0 0
1386| 0 0 0
1387| 0 0 0
1388| 0 0 0
1389| 0 0 0
1390| 0 0 0
1391| 0 0 0
1392| 0 0 0
1393| 0 0 0
1394| 0 0 0
1395| 0 0 0
1396| 0 0 0
1397| 0 0 0
1398| 0 0 0
1399| 0 0 0
1400| 0 0 0
1401| 0 0 0
1402| 0 0 0
1403| 0 0 0
1404| 0 0 0
1405| 0 0 0
1406| 0 0 0
1407| 0 0 0
1408| 0 0 0
1409| 0 0 0
1410| 0 0 0
1411| 0 0 0
1412| 0 0 0
1413| 0 0 0
1414| 0 0 0
1415| 0 0 0
1416| 0 0 0
1417| 0 0 0
1418| 0 0 0
1419| 0 0 0
1420| 0 0 0
1421| 0 0 0
1422| 0 0 0
1423| 0 0 0
1424| 0 0 0
1425| 0 0 0
1426| 0 0 0
1427| 0 0 0
1428| 0 0 0
1429| 0 0 0
1430| 0 0 0
1431| 0 0 0
1432| 0 0 0
1433| 0 0 0
1434| 0 0 0
1435| 0 0 0
1436| 0 0 0
1437| 0 0 0
1438| 0 0 0
1439| 0 0 0
1440| 0 0 0
1441| 0 0 0
1442| 0 0 0
1443| 0 0 0
1444| 0 0 0
1445| 0 0 0
1446| 0 0 0
1447| 0 0 0
1448| 0 0 0
1449| 0 0 0
1450| 0 0 0
1451| 0 0 0
1452| 0 0 0
1453| 0 0 0
1454| 0 0 0
1455| 0 0 0
1456| 0 0 0
1457| 0 0 0
1458| 0 0 0
1459| 0 0 0
1460| 0 0 0
1461| 0 0 0
1462| 0 0 0
1463| 0 0 0
1464| 0 0 0
1465| 0 0 0
1466| 0 0 0
1467| 0 0 0
1468| 0 0 0
1469| 0 0 0
1470| 0 0 0
1471| 0 0 0
1472| 0 0 0
1473| 0 0 0
1474| 0 0 0
1475| 0 0 0
1476| 0 0 0
1477| 0 0 0
1478| 0 0 0
1479| 0 0 0
1480| 0 0 0
1481| 0 0 0
1482| 0 0 0
1483| 0 0 0
1484| 0 0 0
1485| 0 0 0
1486| 0 0 0
1487| 0 0 0
1488| 0 0 0
1489| 0 0 0
1490| 0 0 0
1491| 0 0 0
1492| 0 0 0
1493| 0 0 0
1494| 0 0 0
1495| 0 0 0
1496| 0 0 0
1497| 0 0 0
1498| 0 0 0
1499| 0 0 0
1500| 0 0 0
1501| 0 0 0
1502| 0 0 0
1503| 0 0 0
1504| 0 0 0
1505| 0 0 0
1506| 0 0 0
1507| 0 0 0
1508| 0 0 0
1509| 0 0 0
1510| 0 0 0
1511| 0 0 0
1512| 0 0 0
1513| 0 0 0
1514| 0 0 0
1515| 0 0 0
1516| 0 0 0
1517| 0 0 0
1518| 0 0 0
1519| 0 0 0
1520| 0 0 0
1521| 0 0 0
1522| 0 0 0
1523| 0 0 0
1524| 0 0 0
1525| 0 0 0
1526| 0 0 0
1527| 0 0 0
1528| 0 0 0
1529| 0 0 0
1530| 0 0 0
1531| 0 0 0
1532| 0 0 0
1533| 0 0 0
1534| 0 0 0
1535| 0 400 0
1536| 0 400 0
1537| 0 400 0
1538| 0 400 0
1539| 0 400 0
1540| 0 400 0
1541| 0 400 0
1542| 0 400 0
1543| 0 400 0
1544| 0 400 0
1545| 0 400 0
1546| 0 400 0
1547| 0 400 0
1548| 0 400 0
1549| 0 400 0
1550| 0 400 0
1551| 0 400 0
1552| 0 400 0
1553| 0 400 0
1554| 0 400 0
1555| 0 400 0
1556| 0 400 0
1557| 0 400 0
1558| 0 400 0
1559| 0 400 0
1560| 0 400 0
1561| 0 400 0
1562| 0 400 0
1563| 0 400 0
1564| 0 400 0
1565| 0 400 0
1566| 0 400 0
1567| 0 400 0
1568| 0 400 0
1569| 0 400 0
1570| 0 400 0
1571| 0 400 0
1572| 0 400 0
1573| 0 400 0
1574| 0 400 0
1575| 0 400 0
1576| 0 400 0
1577| 0 400 0
1578| 0 400 0
1579| 0 400 0
1580| 0 400 0
1581| 0 400 0
1582| 0 400 0
1583| 0 400 0
1584| 0 400 0
1585| 0 400 0
1586| 0 400 0
1587| 0 400 0
1588| 0 400 0
1589| 0 400 0
1590| 0 400 0
1591| 0 400 0
1592| 0 400 0
1593| 0 400 0
1594| 0 400 0
1595| 0 400 0
1596| 0 400 0
1597| 0 400 0
1598| 0 400 0
1599| 0 400 0
1600| 0 400 0
1601| 0 400 0
1602| 0 400 0
1603| 0 400 0
1604| 0 400 0
1605| 0 400 0
1606| 0 400 0
1607| 0 400 0
1608| 0 400 0
1609| 0 400 0
1610| 0 400 0
1611| 0 400 0
1612| 0 400 0
1613| 0 400 0
1614| 0 400 0
1615| 0 400 0
1616| 0 400 0
1617| 0 400 0
1618| 0 400 0
1619| 0 400 0
1620| 0 400 0
1621| 0 400 0
1622| 0 400 0
1623| 0 400 0
1624| 0 400 0
1625| 0 400 0
1626| 0 400 0
1627| 0 400 0
1628| 0 400 0
1629| 0 400 0
1630| 0 400 0
1631| 0 400 0
1632| 0 400 0
1633| 0 400 0
1634| 0 400 0
1635| 0 400 0
1636| 0 400 0
1637| 0 400 0
1638| 0 400 0
1639| 0 400 0
1640| 0 400 0
1641| 0 400 0
1642| 0 400 0
1643| 0 400 0
1644| 0 400 0
1645| 0 400 0
1646| 0 400 0
1647| 0 400 0
1648| 0 400 0
1649| 0 400 0
1650| 0 400 0
1651| 0 400 0
1652| 0 400 0
1653| 0 400 0
1654| 0 400 0
1655| 0 400 0
1656| 0 400 0
1657| 0 400 0
1658| 0 400 0
1659| 0 400 0
1660| 0 400 0
1661| 0 400 0
1662| 0 400 0
1663| 0 400 0
1664| 0 400 0
1665| 0 400 0
1666| 0 400 0
1667| 0 400 0
1668| 0 400 0
1669| 0 400 0
1670| 0 400 0
1671| 0 400 0
1672| 0 400 0
1673| 0 400 0
1674| 0 400 0
1675| 0 400 0
1676| 0 400 0
1677| 0 400 0
1678| 0 400 0
1679| 0 400 0
1680| 0 400 0
1681| 0 400 0
1682| 0 400 0
1683| 0 400 0
1684| 0 400 0
1685| 0 400 0
1686| 0 400 0
1687| 0 400 0
1688| 0 400 0
1689| 0 400 0
1690| 0 400 0
1691| 0 400 0
1692| 0 400 0
1693| 0 400 0
1694| 0 400 0
1695| 0 400 0
1696| 0 400 0
1697| 0 400 0
1698| 0 400 0
1699| 0 400 0
1700| 0 400 0
1701| 0 400 0
1702| 0 400 0
1703| 0 400 0
1704| 0 400 0
1705| 0 400 0
1706| 0 400 0
1707| 0 400 0
1708| 0 400 0
1709| 0 400 0
1710| 0 400 0
1711| 0 400 0
1712| 0 400 0
1713| 0 400 0
1714| 0 400 0
1715| 0 400 0
1716| 0 400 0
1717| 0 400 0
1718| 0 400 0
1719| 0 400 0
1720| 0 400 0
1721| 0 400 0
1722| 0 400 0
1723| 0 400 0
1724| 0 400 0
1725| 0 400 0
1726| 0 400 0
1727| 0 400 0
1728| 0 400 0
1729| 0 400 0
1730| 0 400 0
1731| 0 400 0
1732| 0 400 0
1733| 0 400 0
1734| 0 400 0
1735| 0 400 0
1736| 0 400 0
1737| 0 400 0
1738| 0 400 0
1739| 0 400 0
1740| 0 400 0
1741| 0 400 0
1742| 0 400 0
1743| 0 400 0
1744| 0 400 0
1745| 0 400 0
1746| 0 400 0
1747| 0 400 0
1748| 0 400 0
1749| 0 400 0
1750| 0 400 0
1751| 0 400 0
1752| 0 400 0
1753| 0 400 0
1754| 0 400 0
1755| 0 400 0
1756| 0 400 0
1757| 0 400 0
1758| 0 400 0
1759| 0 400 0
1760| 0 400 0
1761| 0 400 0
1762| 0 400 0
1763| 0 400 0
1764| 0 400 0
1765| 0 400 0
1766| 0 400 0
1767| 0 400 0
1768| 0 400 0
1769| 0 400 0
1770| 0 400 0
1771| 0 400 0
1772| 0 400 0
1773| 0 400 0
1774| 0 400 0
1775| 0 400 0
1776| 0 400 0
1777| 0 400 0
1778| 0 400 0
1779| 0 400 0
1780| 0 400 0
1781| 0 400 0
1782| 0 400 0
1783| 0 400 0
1784| 0 400 0
1785| 0 400 0
1786| 0 400 0
1787| 0 400 0
1788| 0 400 0
1789| 0 400 0
1790| 0 400 0
1791| 0 400 0
1792| 0 400 0
1793| 0 400 0
1794| 0 400 0
1795| 0 400 0
1796| 0 400 0
1797| 0 400 0
1798| 0 400 0
1799| 0 400 0
1800| 0 400 0
1801| 0 400 0
1802| 0 400 0
1803| 0 400 0
1804| 0 400 0
1805| 0 400 0
1806| 0 400 0
1807| 0 400 0
1808| 0 400 0
1809| 0 400 0
1810| 0 400 0
1811| 0 400 0
1812| 0 400 0
1813| 0 400 0
1814| 0 400 0
1815| 0 400 0
1816| 0 400 0
1817| 0 400 0
1818| 0 400 0
1819| 0 400 0
1820| 0 400 0
1821| 0 400 0
1822| 0 400 0
1823| 0 400 0
1824| 0 400 0
1825| 0 400 0
1826| 0 400 0
1827| 0 400 0
1828| 0 400 0
1829| 0 400 0
1830| 0 400 0
1831| 0 400 0
1832| 0 400 0
1833| 0 400 0
1834| 0 400 0
1835| 0 400 0
1836| 0 400 0
1837| 0 400 0
1838| 0 400 0
1839| 0 400 0
1840| 0 400 0
1841| 0 400 0
1842| 0 400 0
1843| 0 400 0
1844| 0 400 0
1845| 0 400 0
1846| 0 400 0
1847| 0 400 0
1848| 0 400 0
1849| 0 400 0
1850| 0 400 0
1851| 0 400 0
1852| 0 400 0
1853| 0 400 0
1854| 0 400 0
1855| 0 400 0
1856| 0 400 0
1857| 0 400 0
1858| 0 400 0
1859| 0 400 0
1860| 0 400 0
1861| 0 400 0
1862| 0 400 0
1863| 0 400 0
1864| 0 400 0
1865| 0 400 0
1866| 0 400 0
1867| 0 400 0
1868| 0 400 0
1869| 0 400 0
1870| 0 400 0
1871| 0 400 0
1872| 0 400 0
1873| 0 400 0
1874| 0 400 0
1875| 0 400 0
1876| 0 400 0
1877| 0 400 0
1878| 0 400 0
1879| 0 400 0
1880| 0 400 0
1881| 0 400 0
1882| 0 400 0
1883| 0 400 0
1884| 0 400 0
1885| 0 400 0
1886| 0 400 0
1887| 0 400 0
1888| 0 400 0
1889| 0 400 0
1890| 0 400 0
1891| 0 400 0
1892| 0 400 0
1893| 0 400 0
1894| 0 400 0
1895| 0 400 0
1896| 0 400 0
1897| 0 400 0
1898| 0 400 0
1899| 0 400 0
1900| 0 400 0
1901| 0 400 0
1902| 0 400 0
1903| 0 400 0
1904| 0 400 0
1905| 0 400 0
1906| 0 400 0
1907| 0 400 0
1908| 0 400 0
1909| 0 400 0
1910| 0 400 0
1911| 0 400 0
1912| 0 400 0
1913| 0 400 0
1914| 0 400 0
1915| 0 400 0
1916| 0 400 0
1917| 0 400 0
1918| 0 400 0
1919| 0 400 0
1920| 0 400 0
1921| 0 400 0
1922| 0 400 0
1923| 0 400 0
1924| 0 400 0
1925| 0 400 0
1926| 0 400 0
1927| 0 400 0
1928| 0 400 0
1929| 0 400 0
1930| 0 400 0
1931| 0 400 0
1932| 0 400 0
1933| 0 400 0
1934| 0 400 0
1935| 0 400 0
1936| 0 400 0
1937| 0 400 0
1938| 0 0 0
1939| 0 0 0
1940| 0 0 0
1941| 0 0 0
1942| 0 0 0
1943| 0 0 0
1944| 0 0 0
1945| 0 0 0
1946| 0 0 0
1947| 0 0 0
1948| 0 0 0
1949| 0 0 0
1950| 0 0 0
1951| 0 0 0
1952| 0 0 0
1953| 0 0 0
1954| 0 0 0
1955| 0 0 0
1956| 0 0 0
1957| 0 0 0
1958| 0 0 0
1959| 0 0 0
1960| 0 0 0
1961| 0 0 0
1962| 0 0 0
1963| 0 0 0
1964| 0 0 0
1965| 0 0 0
1966| 0 0 0
1967| 0 0 0
1968| 0 0 0
1969| 0 0 0
1970| 0 0 0
1971| 0 0 0
1972| 0 0 0
1973| 0 0 0
1974| 0 0 0
1975| 0 0 0
1976| 0 0 0
1977| 0 0 0
1978| 0 0 0
1979| 0 0 0
1980| 0 0 0
1981| 0 0 0
1982| 0 0 0
1983| 0 0 0
1984| 0 0 0
1985| 0 0 0
1986| 0 0 0
1987| 0 0 0
1988| 0 0 0
1989| 0 0 0
1990| 0 0 0
1991| 0 0 0
1992| 0 0 0
1993| 0 0 0
1994| 0 0 0
1995| 0 0 0
1996| 0 0 0
1997| 0 0 0
1998| 0 0 0
1999| 0 0 0
2000| 0 0 0
2001| 0 0 0
2002| 0 0 0
2003| 0 0 0
2004| 0 0 0
2005| 0 0 0
2006| 0 0 0
2007| 0,3 0 0
2008| 0,6 0 0
2009| 0,9 0 0
2010| 1,2 0 0
2011| 1,5 0 0
2012| 1,8 0 0
2013| 2,1 0 0
2014| 2,4 0 0
2015| 2,7 0 0
2016| 3 0 0
2017| 3,299999 0 0
2018| 3,599999 0 0
2019| 3,899999 0 0
2020| 4,2 0 0
2021| 4,5 0 0
2022| 4,8 0 0
2023| 5,1 0 0
2024| 5,4 0 0
2025| 5,7 0 0
2026| 6 0 0
2027| 6,300001 0 0
2028| 6,600001 0 0
2029| 6,900001 0 0
2030| 7,200001 0 0
2031| 7,500001 0 0
2032| 7,800001 0 0
2033| 8,1 0 0
2034| 8,4 0 0
2035| 8,7 0 0
2036| 8,999999 0 0
2037| 9,299999 0 0
2038| 9,599998 0 0
2039| 9,899999 0 0
2040| 0 0 0
2041| 0 0 0
2042| 0 0 0
2043| 0 0 0
2044| -0,3 0 0
2045| -0,6 0 0
2046| -0,9 0 0
2047| -1,2 0 0
2048| -1,5 0 0
2049| -1,8 0 0
2050| -2,1 0 0
2051| -2,4 0 0
2052| -2,7 0 0
2053| -3 0 0
2054| -3,299999 0 0
2055| -3,599999 0 0
2056| -3,899999 0 0
2057| -4,2 0 0
2058| -4,5 0 0
2059| -4,8 0 0
2060| -5,1 0 0
2061| -5,4 0 0
2062| -5,7 0 0
2063| -6 0 0
2064| -6,300001 0 0
2065| -6,600001 0 0
2066| -6,900001 0 0
2067| -7,200001 0 0
2068| -7,500001 0 0
2069| -7,800001 0 0
2070| -8,1 0 0
2071| -8,4 0 0
2072| -8,7 0 0
2073| -8,999999 0 0
2074| -9,299999 0 0
2075| -9,599998 0 0
2076| -9,899999 0 0
2077| -10,2 0 0
2078| -10,5 0 0
2079| -10,8 0 0
2080| -11,1 0 0
2081| -11,4 0 0
2082| -11,7 0 0
2083| -12 -4 0
2084| -12,3 -8 0
2085| -12,6 -12 0
2086| -12,9 -16 0
2087| -13,2 -20 0
2088| -13,2 -24 0
2089| -13,2 -28 0
2090| -13,2 -32 0
2091| -13,2 -36 0
2092| -13,2 -40 0
2093| -13,2 -43,99999 0
2094| -13,2 -47,99999 0
2095| -13,2 -51,99999 0
2096| -13,2 -55,99999 0
2097| -13,2 -60 0
2098| -13,2 -64 0
2099| -13,2 -68 0
2100| -13,2 -72 0
2101| -13,2 -76,00001 0
2102| -13,2 -80,00001 0
2103| -13,2 -84,00001 0
2104| -13,2 -88,00002 0
2105| -13,2 -92,00002 0
2106| -13,2 -96,00002 0
2107| -13,2 -100 0
2108| -13,2 -104 0
2109| -13,2 -108 0
2110| -13,2 -112 0
2111| -13,2 -116 0
2112| -13,2 -120 0
2113| -13,2 -124 0
2114| -13,2 -128 0
2115| -13,2 -132 0
2116| -13,2 -136 0
2117| -13,2 -140 0
2118| -13,2 -144 0
2119| -13,2 -148 0
2120| -13,2 -152 0
2121| -13,2 -156 0
2122| -13,2 -160 0
2123| -13,2 -164 0
2124| 0 0 0
2125| 0 0 0
2126| 0 0 30000
2127| 0 0 30000
2128| 0 0 30000
2129| 0 0 30000
2130| 0 0 30000
2131| 0 0 30000
2132| 0 0 30000
2133| 0 0 30000
2134| 0 0 30000
2135| 0 0 30000
2136| 0 0 30000
2137| 0 0 30000
2138| 0 0 30000
2139| 0 0 30000
2140| 0 0 30000
2141| 0 0 30000
2142| 0 0 30000
2143| 0 0 30000
2144| 0 0 30000
2145| 0 0 30000
2146| 0 0 30000
2147| 0 0 30000
2148| 0 0 30000
2149| 0 0 30000
2150| 0 0 30000
2151| 0 0 30000
2152| 0 0 30000
2153| 0 0 30000
2154| 0 0 30000
2155| 0 0 30000
2156| 0 0 30000
2157| 0 0 30000
2158| 0 0 30000
2159| 0 0 0
2160| 0 0 0
2161| 0 0 0
2162| 0 0 0
2163| 0 0 0
2164| 0 0 0
2165| 0 0 0
2166| 0 0 0
2167| 0 0 0
2168| 0 0 0
2169| 0 0 0
2170| 0 0 0
2171| 0 0 0
2172| 0 0 0
2173| 0 0 0
2174| 0 0 0
2175| 0 0 0
2176| 0 0 0
2177| 0 0 0
2178| 0 0 0
2179| 0 0 0
2180| 0 0 0
2181| 0 0 0
2182| 0 0 0
2183| 0 0 0
2184| 0 0 0
2185| 0 0 0
2186| 0 0 0
2187| 0 0 0
2188| 0 0 0
2189| 0 0 0
2190| 0 0 0
2191| 0 0 0
2192| 0 0 0
2193| 0 0 0
2194| 0 0 0
2195| 0 0 0
2196| 0 0 0
2197| 0 0 0
2198| 0 0 0
2199| 0 0 0
2200| 0 0 0
2201| 0 0 0
2202| 0 0 0
2203| 0 0 0
2204| 0 0 0
2205| 0 0 0
2206| 0 0 0
2207| 0 0 0
2208| 0 0 0
2209| 0 0 0
2210| 0 0 0
2211| 0 0 0
2212| 0 0 0
2213| 0 0 0
2214| 0 0 0
2215| 0 0 0
2216| 0 0 0
2217| 0 0 0
2218| 0 0 0
2219| 0 0 0
2220| 0 0 0
2221| 0 0 0
2222| 0 0 0
2223| 0 0 0
2224| 0 0 0
2225| 0 0 0
2226| 0 0 0
2227| 0 0 0
2228| 0 0 0
2229| 0 0 0
2230| 0 0 0
2231| 0 0 0
2232| 0 0 0
2233| 0 0 0
2234| 0 0 0
2235| 0 0 0
2236| 0 0 0
2237| 0 0 0
2238| 0 0 0
2239| 0 0 0
2240| 0 0 0
2241| 0 0 0
2242| 0 0 0
2243| 0 0 0
2244| 0 0 0
2245| 0 0 0
2246| 0 0 0
2247| 0 0 0
2248| 0 0 0
2249| 0 0 0
2250| 0 0 0
2251| 0 0 0
2252| 0 0 0
2253| 0 0 0
2254| 0 0 0
2255| 0 0 0
2256| 0 0 0
2257| 0 0 0
2258| 0 0 0
2259| 0 0 0
2260| 0 0 0
2261| 0 0 0
2262| 0 0 0
2263| 0 0 0
2264| 0 0 0
2265| 0 0 0
2266| 0 0 0
2267| 0 0 0
2268| 0 0 0
2269| 0 0 0
2270| 0 0 0
2271| 0 0 0
2272| 0 0 0
2273| 0 0 0
2274| 0 0 0
2275| 0 0 0
2276| 0 0 0
2277| 0 0 0
2278| 0 0 0
2279| 0 0 0
2280| 0 0 0
2281| 0 0 0
2282| 0 0 0
2283| 0 0 0
2284| 0 0 0
2285| 0 0 0
2286| 0 0 0
2287| 0 0 0
2288| 0 0 0
2289| 0 0 0
2290| 0 0 0
2291| 0 0 0
2292| 0 0 0
2293| 0 0 0
2294| 0 0 0
2295| 0 0 0
2296| 0 0 0
2297| 0 0 0
2298| 0 0 0
2299| 0 0 0
2300| 0 0 0
2301| 0 0 0
2302| 0 0 0
2303| 0 0 0
2304| 0 0 0
2305| 0 0 0
2306| 0 0 0
2307| 0 0 0
2308| 0 0 0
2309| 0 0 0

