1| 0 0 0
2| 0 0 0
3| 0 0 0
4| 0 0 0
5| 0 0 0
6| 0 0 0
7| 0 0 0
8| 0 0 0
9| 0 0 0
10| 0 0 0
11| 0 0 0
12| 0 0 0
13| 0 0 0
14| 0 0 0
15| 0 0 0
16| 0 0 0
17| 0 0 0
18| 0 0 0
19| 0 0 0
20| 0 0 0
21| 0 0 0
22| 0 0 0
23| 0 0 0
24| 0 0 0
25| 0 0 0
26| 0 0 0
27| 0 0 0
28| 0 0 0
29| 0 0 0
30| 0 0 0
31| 0 0 0
32| 0 0 0
33| 0 0 0
34| 0 0 0
35| 0 0 0
36| 0 0 0
37| 0 0 0
38| 0 0 0
39| 0 0 0
40| 0 0 0
41| 0 0 0
42| 0 0 0
43| 0 0 0
44| 0 0 0
45| 0 0 0
46| 0 0 0
47| 0 0 0
48| 0 0 0
49| 0 0 0
50| 0 0 0
51| 0 0 0
52| 0 0 0
53| 0 0 0
54| 0 0 0
55| 0 4 0
56| 0 8 0
57| 0 12 0
58| 0 16 0
59| 0 20 0
60| 0 24 0
61| 0 28 0
62| 0 32 0
63| 0 36 0
64| 0 40 0
65| 0 43,99999 0
66| 0 47,99999 0
67| 0 0 0
68| 0 0 0
69| 0 0 0
70| 0 0 0
71| 0 0 0
72| 0 0 0
73| 0 4 0
74| 0 8 0
75| 0 12 0
76| 0 16 0
77| 0 20 0
78| 0 24 0
79| 0 28 0
80| 0 32 0
81| 0 36 0
82| 0 40 0
83| 0 43,99999 0
84| 0 47,99999 0
85| 0 51,99999 0
86| 0 55,99999 0
87| 0 60 0
88| 0 64 0
89| 0 68 0
90| 0 72 0
91| 0 76,00001 0
92| 0 80,00001 0
93| 0 84,00001 0
94| 0 88,00002 0
95| 0 92,00002 0
96| 0 0 0
97| 0 0 0
98| 0 0 0
99| 0 0 0
100| 0 0 0
101| 0 0 0
102| 0 0 0
103| 0 0 0
104| 0 0 0
105| 0 0 0
106| 0 0 0
107| 0 0 0
108| 0 0 0
109| 0 0 0
110| 0 0 0
111| 0 0 0
112| 0 0 0
113| 0 0 0
114| 0 0 0
115| 0 0 0
116| 0 0 0
117| 0 0 0
118| 0 0 0
119| 0 0 0
120| 0 0 0
121| 0 0 0
122| 0 0 0
123| 0 4 0
124| 0 8 0
125| 0 12 0
126| 0 16 0
127| 0 20 0
128| 0 24 0
129| 0 28 0
130| 0 32 0
131| 0 36 0
132| 0 40 0
133| 0 43,99999 0
134| 0 47,99999 0
135| 0 51,99999 0
136| 0 55,99999 0
137| 0 60 0
138| 0 64 0
139| 0 68 0
140| 0 72 0
141| 0 76,00001 0
142| 0 80,00001 0
143| 0 84,00001 0
144| 0 88,00002 0
145| 0 92,00002 0
146| 0 96,00002 0
147| 0 100 0
148| 0 104 0
149| 0 108 0
150| 0 112 0
151| 0 116 0
152| 0 120 0
153| 0 124 0
154| 0 128 0
155| 0 132 0
156| 0 136 0
157| 0 140 0
158| 0 144 0
159| 0 148 0
160| 0 152 0
161| 0 156 0
162| 0 160 0
163| 0 164 0
164| 0 168 0
165| 0 171,9999 0
166| 0 175,9999 0
167| 0 179,9999 0
168| 0 183,9999 0
169| 0 187,9999 0
170| 0 191,9999 0
171| 0 195,9999 0
172| 0 199,9999 0
173| 0 203,9999 0
174| 0 207,9999 0
175| 0 211,9999 0
176| 0 215,9999 0
177| 0 219,9999 0
178| 0 223,9999 0
179| 0 227,9999 0
180| 0 231,9999 0
181| 0 235,9999 0
182| 0 239,9999 0
183| 0 243,9999 0
184| 0 247,9999 0
185| 0 251,9999 0
186| 0 255,9999 0
187| 0 259,9999 0
188| 0 263,9999 0
189| 0 267,9999 0
190| 0 271,9998 0
191| 0 275,9998 0
192| 0 279,9998 0
193| 0 283,9998 0
194| 0 287,9998 0
195| 0 291,9998 0
196| 0 295,9998 0
197| 0 299,9998 0
198| 0 303,9998 0
199| 0 307,9998 0
200| 0 311,9998 0
201| 0 315,9998 0
202| 0 319,9998 0
203| 0 323,9998 0
204| 0 327,9998 0
205| 0 331,9998 0
206| 0 335,9998 0
207| 0 339,9998 0
208| 0 343,9998 0
209| 0 347,9998 0
210| 0 351,9998 0
211| 0 355,9998 0
212| 0 359,9998 0
213| 0 363,9998 0
214| 0 367,9998 0
215| 0 371,9998 0
216| 0 375,9998 0
217| 0 379,9998 0
218| 0 383,9998 0
219| 0 387,9998 0
220| 0 391,9998 0
221| 0 395,9998 0
222| 0 399,9997 0
223| 0 400 0
224| 0 400 0
225| 0 400 0
226| 0 400 0
227| 0 400 0
228| 0 400 0
229| 0 400 0
230| 0 400 0
231| 0 400 0
232| 0 400 0
233| 0 400 0
234| 0 400 0
235| 0 400 0
236| 0 400 0
237| 0 400 0
238| 0 400 0
239| 0 400 0
240| 0 400 0
241| 0 400 0
242| 0 400 0
243| 0 400 0
244| 0 400 0
245| 0 400 0
246| 0 400 0
247| 0 400 0
248| 0 400 0
249| 0 400 0
250| 0 400 0
251| 0 400 0
252| 0 400 0
253| 0 400 0
254| 0 400 0
255| 0 400 0
256| 0 400 0
257| 0 400 0
258| 0 400 0
259| 0 400 0
260| 0 400 0
261| 0 400 0
262| 0 400 0
263| 0 400 0
264| 0 400 0
265| 0 400 0
266| 0 400 0
267| 0 400 0
268| 0 400 0
269| 0 400 0
270| 0 400 0
271| 0 400 0
272| 0 400 0
273| 0 400 0
274| 0 400 0
275| 0 400 0
276| 0 400 0
277| 0 400 0
278| 0 400 0
279| 0 400 0
280| 0 400 0
281| 0 400 0
282| 0 400 0
283| 0 400 0
284| 0 400 0
285| 0 400 0
286| 0 400 0
287| 0 400 0
288| 0 400 0
289| 0 400 0
290| 0 400 0
291| 0 400 0
292| 0 400 0
293| 0 400 0
294| 0 400 0
295| 0 400 0
296| 0 400 0
297| 0 400 0
298| 0 400 0
299| 0 400 0
300| 0 400 0
301| 0 400 0
302| 0 400 0
303| 0 400 0
304| 0 400 0
305| 0 400 0
306| 0 400 0
307| 0 400 0
308| 0 400 0
309| 0,3 400 0
310| 0,6 400 0
311| 0,9 400 0
312| 1,2 400 0
313| 1,5 400 0
314| 1,8 400 0
315| 1,8 400 0
316| 1,8 400 0
317| 1,8 400 0
318| 1,8 400 0
319| 1,8 400 0
320| 1,8 400 0
321| 1,8 400 0
322| 1,8 400 0
323| 1,8 400 0
324| 1,8 400 0
325| 1,8 400 0
326| 1,8 400 0
327| 1,8 400 0
328| 1,8 400 0
329| 1,8 400 0
330| 1,8 400 0
331| 1,8 400 0
332| 1,8 400 0
333| 2,1 400 0
334| 2,4 400 0
335| 2,7 400 0
336| 3 400 0
337| 3,299999 400 0
338| 3,599999 400 0
339| 3,899999 400 0
340| 4,2 400 0
341| 4,5 400 0
342| 4,8 400 0
343| 5,1 400 0
344| 5,4 400 0
345| 5,7 400 0
346| 6 400 0
347| 6,300001 400 0
348| 6,600001 400 0
349| 6,900001 400 0
350| 7,200001 400 0
351| 7,500001 400 0
352| 7,800001 400 0
353| 8,1 400 0
354| 8,4 400 0
355| 8,7 400 0
356| 8,999999 400 0
357| 9,299999 400 0
358| 9,599998 400 0
359| 9,899999 400 0
360| 10,2 400 0
361| 10,5 400 0
362| 10,8 400 0
363| 11,1 400 0
364| 11,4 400 0
365| 11,7 400 0
366| 12 400 0
367| 12,3 400 0
368| 12,6 400 0
369| 12,9 400 0
370| 13,2 400 0
371| 13,5 400 0
372| 13,79999 400 0
373| 14,09999 400 0
374| 14,39999 400 0
375| 14,69999 400 0
376| 14,99999 400 0
377| 15,29999 400 0
378| 15,59999 400 0
379| 15,89999 400 0
380| 16,19999 400 0
381| 16,49999 400 0
382| 16,79999 400 0
383| 17,09999 400 0
384| 17,39999 400 0
385| 17,69999 400 0
386| 17,99999 400 0
387| 18,29999 400 0
388| 18,59999 400 0
389| 18,89999 400 0
390| 0 0 0
391| 0 0 0
392| 0 0 0
393| 0 0 0
394| 0 0 0
395| 0 0 0
396| 0 4 0
397| 0 8 0
398| 0 12 0
399| 0 16 0
400| 0 20 0
401| 0 24 0
402| 0 28 0
403| 0 32 0
404| 0 36 0
405| 0 40 0
406| 0 43,99999 0
407| 0 47,99999 0
408| 0 51,99999 0
409| 0 55,99999 0
410| 0 60 0
411| 0 64 0
412| 0 68 0
413| 0 72 0
414| 0 76,00001 0
415| 0 80,00001 0
416| 0 84,00001 0
417| 0 88,00002 0
418| 0 92,00002 0
419| 0 96,00002 0
420| 0 100 0
421| 0 104 0
422| 0 108 0
423| 0 112 0
424| 0 116 0
425| 0 120 0
426| 0 124 0
427| 0 128 0
428| 0 0 0
429| 0 0 0
430| 0 0 0
431| -0,3 -4 0
432| -0,6 -8 0
433| -0,9 -12 0
434| -1,2 -16 0
435| -1,5 -20 0
436| -1,5 -24 0
437| -1,5 -28 0
438| 0 -32 0
439| 0,3 -36 0
440| 0,6 -40 0
441| 0,9 -43,99999 0
442| 1,2 -43,99999 0
443| 0 -43,99999 0
444| 0 -43,99999 0
445| 0 -43,99999 0
446| 0 -43,99999 0
447| 0 -43,99999 0
448| 0 -43,99999 0
449| 0 -43,99999 0
450| 0 -43,99999 0
451| 0 -43,99999 0
452| 0 -43,99999 0
453| 0 -43,99999 0
454| 0 -43,99999 0
455| 0 -43,99999 0
456| 0,3 -43,99999 0
457| 0,6 -43,99999 0
458| 0,9 -43,99999 0
459| 1,2 -43,99999 0
460| 0 0 0
461| 0 0 0
462| 0 0 0
463| 0 0 0
464| 0 0 0
465| 0 0 0
466| 0 0 0
467| 0 0 0
468| 0 0 0
469| 0 0 0
470| 0 0 0
471| 0 0 0
472| 0 0 0
473| 0 0 0
474| 0 0 0
475| 0 0 0
476| 0 0 0
477| 0 0 0
478| 0 0 0
479| 0 0 0
480| -0,3 0 0
481| -0,6 0 0
482| -0,9 0 0
483| -1,2 0 0
484| -1,5 0 0
485| -1,8 0 0
486| 0 0 0
487| -0,3 0 0
488| -0,6 0 0
489| -0,9 0 0
490| -1,2 0 0
491| 0 0 0
492| -0,3 0 0
493| -0,6 0 0
494| -0,9 0 0
495| -1,2 0 0
496| -1,5 0 0
497| 0 0 0
498| 0 0 0
499| 0 0 0
500| 0 0 0
501| -0,3 0 0
502| -0,6 0 0
503| -0,9 0 0
504| -1,2 0 0
505| 0 0 0
506| 0 0 0
507| 0 0 0
508| 0 0 0
509| -0,3 0 0
510| -0,6 0 0
511| -0,9 0 0
512| -1,2 0 0
513| -1,5 0 0
514| -1,8 0 0
515| -2,1 0 0
516| -2,4 0 0
517| -2,7 0 0
518| -3 0 0
519| -3,299999 0 0
520| -3,599999 0 0
521| -3,899999 0 0
522| -4,2 0 0
523| -4,5 0 0
524| -4,8 0 0
525| -5,1 0 0
526| -5,4 0 0
527| -5,7 0 0
528| -6 0 0
529| -6,300001 0 0
530| -6,600001 0 0
531| -6,900001 0 0
532| -7,200001 0 0
533| -7,500001 0 0
534| -7,800001 0 0
535| -8,1 0 0
536| -8,4 0 0
537| -8,7 0 0
538| -8,999999 0 0
539| -9,299999 0 0
540| -9,599998 0 0
541| -9,899999 0 0
542| -10,2 0 0
543| -10,5 0 0
544| -10,8 0 0
545| -11,1 0 0
546| -11,4 0 0
547| -11,7 0 0
548| -12 0 0
549| -12,3 0 0
550| 0 0 0
551| 0 0 0
552| 0 0 0
553| 0,3 0 0
554| 0,6 0 0
555| 0,9 0 0
556| 1,2 0 0
557| 1,5 0 0
558| 1,8 0 0
559| 2,1 0 0
560| 2,4 0 0
561| 2,7 0 0
562| 3 0 0
563| 3,299999 0 0
564| 3,599999 0 0
565| 3,899999 0 0
566| 4,2 0 0
567| 4,5 0 0
568| 4,8 0 0
569| 5,1 0 0
570| 5,4 0 0
571| 5,7 0 0
572| 6 0 0
573| 6,300001 0 0
574| 6,600001 0 0
575| 6,900001 0 0
576| 7,200001 0 0
577| 7,500001 0 0
578| 7,800001 0 0
579| 8,1 0 0
580| 8,4 0 0
581| 8,7 0 0
582| 8,999999 0 0
583| 9,299999 0 0
584| 9,599998 0 0
585| 9,899999 0 0
586| 10,2 0 0
587| 10,5 0 0
588| 10,8 0 0
589| 11,1 0 0
590| 11,4 0 0
591| 11,7 0 0
592| 12 0 0
593| 12,3 0 0
594| 12,6 0 0
595| 12,9 0 0
596| 13,2 0 0
597| 13,5 0 0
598| 13,79999 0 0
599| 14,09999 0 0
600| 14,39999 0 0
601| 14,69999 0 0
602| 14,99999 0 0
603| 15,29999 0 0
604| 15,59999 0 0
605| 15,89999 0 0
606| 16,19999 0 0
607| 16,49999 0 0
608| 16,79999 0 0
609| 17,09999 0 0
610| 17,39999 0 0
611| 17,69999 0 0
612| 17,99999 0 0
613| 18,29999 0 0
614| 18,59999 0 0
615| 18,89999 0 0
616| 19,19999 0 0
617| 19,49999 0 0
618| 19,79999 0 0
619| 20,09999 0 0
620| 20,39999 0 0
621| 20,69999 0 0
622| 0 0 0
623| -0,3 0 0
624| -0,6 0 0
625| -0,9 0 0
626| -1,2 0 0
627| -1,5 0 0
628| -1,8 0 0
629| -2,1 0 0
630| -2,4 0 0
631| -2,7 0 0
632| -3 0 0
633| -3,299999 0 0
634| -3,599999 0 0
635| -3,899999 0 0
636| -4,2 0 0
637| -4,5 0 0
638| -4,8 0 0
639| -5,1 0 0
640| -5,4 0 0
641| -5,7 0 0
642| -6 0 0
643| -6,300001 0 0
644| -6,600001 0 0
645| -6,900001 0 0
646| -7,200001 0 0
647| -7,500001 0 0
648| -7,800001 0 0
649| -8,1 0 0
650| -8,4 0 0
651| -8,7 0 0
652| -8,999999 0 0
653| -9,299999 0 0
654| -9,599998 0 0
655| -9,899999 0 0
656| -10,2 0 0
657| -10,5 0 0
658| -10,8 0 0
659| -11,1 0 0
660| -11,4 0 0
661| 0 0 0
662| 0 0 0
663| 0 0 0
664| 0 0 0
665| 0 0 0
666| 0 0 0
667| 0 0 0
668| 0 0 0
669| 0 0 0
670| 0,3 0 0
671| 0,6 0 0
672| 0,9 0 0
673| 1,2 0 0
674| 1,5 0 0
675| 1,8 0 0
676| 2,1 0 0
677| 2,4 0 0
678| 2,7 0 0
679| 3 0 0
680| 3,299999 0 0
681| 3,599999 0 0
682| 3,899999 0 0
683| 4,2 0 0
684| 4,5 0 0
685| 4,8 0 0
686| 5,1 0 0
687| 5,4 0 0
688| 0 0 0
689| 0 0 0
690| 0 0 0
691| 0 0 0
692| 0 0 0
693| 0,3 0 0
694| 0 0 0
695| 0 0 0
696| 0 0 0
697| 0 0 0
698| 0 -4 0
699| 0 -8 0
700| 0 -12 0
701| 0 -16 0
702| 0 -20 0
703| 0 -24 0
704| 0 -28 0
705| 0 -32 0
706| 0 -36 0
707| 0 -40 0
708| 0 -43,99999 0
709| 0 -47,99999 0
710| 0 -51,99999 0
711| 0 -55,99999 0
712| 0 -60 0
713| 0 -64 0
714| 0 -68 0
715| 0 -72 0
716| 0 -76,00001 0
717| 0 -80,00001 0
718| 0 -84,00001 0
719| 0 -88,00002 0
720| 0 -92,00002 0
721| 0 -96,00002 0
722| 0 0 0
723| 0 0 0
724| 0 0 0
725| 0 0 0
726| 0 0 0
727| 0 0 0
728| 0 0 0
729| 0 0 0
730| 0 0 0
731| 0 0 0
732| 0 0 0
733| 0 0 0
734| 0 0 0
735| 0 0 0
736| 0 0 0
737| 0 0 0
738| -0,3 0 0
739| -0,6 0 0
740| 0 0 0
741| 0 0 0
742| 0,3 0 0
743| 0,6 0 0
744| 0,9 0 0
745| 1,2 0 0
746| 1,5 0 0
747| 1,8 0 0
748| 2,1 0 0
749| 2,4 0 0
750| 2,7 0 0
751| 3 0 0
752| 3,299999 0 0
753| 3,599999 0 0
754| 3,899999 0 0
755| 4,2 0 0
756| 4,5 0 0
757| 4,8 0 0
758| 5,1 0 0
759| 5,4 0 0
760| 5,7 0 0
761| 6 0 0
762| 6,300001 0 0
763| 6,600001 0 0
764| 6,900001 0 0
765| 7,200001 0 0
766| 7,500001 0 0
767| 7,800001 0 0
768| 8,1 0 0
769| 8,4 0 0
770| 8,7 0 0
771| 8,999999 0 0
772| 9,299999 0 0
773| 0 0 0
774| 0 0 0
775| 0 0 0
776| -0,3 0 0
777| -0,6 0 0
778| -0,9 0 0
779| -1,2 0 0
780| -1,5 0 0
781| -1,8 0 0
782| -2,1 0 0
783| -2,4 0 0
784| -2,7 0 0
785| -3 0 0
786| -3,299999 0 0
787| -3,599999 0 0
788| -3,899999 0 0
789| -4,2 0 0
790| -4,5 0 0
791| -4,8 0 0
792| -5,1 0 0
793| -5,4 0 0
794| -5,7 0 0
795| -6 0 0
796| -6,300001 0 0
797| -6,600001 0 0
798| -6,900001 0 0
799| -7,200001 0 0
800| -7,500001 0 0
801| -7,800001 0 0
802| -8,1 0 0
803| -8,4 0 0
804| -8,7 0 0
805| -8,999999 0 0
806| -9,299999 0 0
807| -9,599998 0 0
808| -9,899999 0 0
809| -10,2 0 0
810| -10,5 0 0
811| -10,8 0 0
812| -11,1 0 0
813| -11,4 0 0
814| -11,7 0 0
815| -12 0 0
816| -12,3 0 0
817| -12,6 0 0
818| -12,9 0 0
819| -13,2 0 0
820| -13,5 0 0
821| -13,79999 0 0
822| -14,09999 0 0
823| -14,39999 0 0
824| -14,69999 0 0
825| -14,99999 0 0
826| -15,29999 0 0
827| -15,59999 0 0
828| -15,89999 0 0
829| -16,19999 0 0
830| -16,49999 0 0
831| -16,79999 0 0
832| -17,09999 0 0
833| -17,39999 0 0
834| -17,69999 0 0
835| -17,99999 0 0
836| -18,29999 0 0
837| -18,59999 0 0
838| -18,89999 0 0
839| -19,19999 0 0
840| -19,49999 0 0
841| -19,79999 0 0
842| -20,09999 0 0
843| -20,39999 0 0
844| -20,69999 0 0
845| -20,99999 0 0
846| -21,29999 0 0
847| -21,59999 0 0
848| -21,89999 0 0
849| -22,19999 0 0
850| -22,49999 0 0
851| -22,79999 0 0
852| -23,09999 0 0
853| -23,39999 0 0
854| -23,69999 0 0
855| -23,99999 0 0
856| -24,29999 0 0
857| -24,59999 0 0
858| -24,89998 0 0
859| -25,19999 0 0
860| -25,49998 0 0
861| -25,79998 0 0
862| -26,09998 0 0
863| -26,39998 0 0
864| 0 0 0
865| 0 0 0
866| 0,3 0 0
867| 0,6 0 0
868| 0,9 0 0
869| 1,2 0 0
870| 1,5 0 0
871| 1,8 0 0
872| 2,1 0 0
873| 2,4 0 0
874| 2,7 0 0
875| 3 0 0
876| 3,299999 0 0
877| 3,599999 0 0
878| 3,899999 0 0
879| 4,2 0 0
880| 4,5 0 0
881| 4,8 0 0
882| 5,1 0 0
883| 5,4 0 0
884| 5,7 0 0
885| 6 0 0
886| 6,300001 0 0
887| 0 0 0
888| 0 0 0
889| 0 0 0
890| 0 0 0
891| 0 0 0
892| 0 0 0
893| 0 0 0
894| 0 0 0
895| 0 0 0
896| 0 0 0
897| 0 0 0
898| 0 0 0
899| 0 0 0
900| 0 0 0
901| 0 0 0
902| 0 0 0
903| 0 0 0
904| 0 0 0
905| -0,3 0 0
906| -0,6 0 0
907| -0,9 0 0
908| -1,2 0 0
909| -1,5 0 0
910| -1,8 0 0
911| -2,1 0 0
912| -2,4 0 0
913| -2,7 0 0
914| -3 0 0
915| -3,299999 0 0
916| -3,599999 0 0
917| -3,899999 0 0
918| -4,2 0 0
919| -4,5 0 0
920| -4,8 0 0
921| -5,1 0 0
922| -5,4 0 0
923| -5,7 0 0
924| -6 0 0
925| -6,300001 0 0
926| -6,600001 0 0
927| -6,900001 0 0
928| -7,200001 0 0
929| -7,500001 0 0
930| -7,800001 0 0
931| -8,1 0 0
932| -8,4 0 0
933| -8,7 0 0
934| -8,999999 0 0
935| -9,299999 0 0
936| -9,599998 0 0
937| 0 0 0
938| 0 0 0
939| 0 0 0
940| 0 0 0
941| 0 0 0
942| 0 0 0
943| 0 0 0
944| 0 0 0
945| 0 0 0
946| 0 0 0
947| 0 0 0
948| 0 0 0
949| 0 0 0
950| 0 0 0
951| 0 0 0
952| 0 0 0
953| 0,3 0 0
954| 0,6 0 0
955| 0,9 0 0
956| 1,2 0 0
957| 1,5 0 0
958| 1,8 0 0
959| 2,1 0 0
960| 2,4 0 0
961| 2,7 0 0
962| 0 0 0
963| 0 0 0
964| 0 0 0
965| 0 0 0
966| 0 0 0
967| 0 0 0
968| 0 0 0
969| 0 0 0
970| 0 0 0
971| 0 0 0
972| 0 0 0
973| 0 0 0
974| -0,3 0 0
975| -0,6 0 0
976| -0,9 0 0
977| -1,2 0 0
978| 0 0 0
979| 0 0 0
980| 0 0 0
981| 0 0 0
982| -0,3 0 0
983| -0,6 0 0
984| -0,9 0 0
985| -1,2 0 0
986| -1,5 0 0
987| -1,8 0 0
988| -2,1 0 0
989| -2,4 0 0
990| -2,7 0 0
991| -3 0 0
992| -3,299999 0 0
993| -3,599999 0 0
994| -3,899999 0 0
995| 0 0 0
996| 0 0 0
997| 0 0 0
998| 0 0 0
999| 0 0 0
1000| 0 0 0
1001| 0 4 0
1002| 0 8 0
1003| 0 12 0
1004| 0 16 0
1005| 0 20 0
1006| 0 24 0
1007| 0 28 0
1008| 0 32 0
1009| 0 36 0
1010| 0 40 0
1011| 0 43,99999 0
1012| 0 47,99999 0
1013| 0 51,99999 0
1014| 0 55,99999 0
1015| 0 60 0
1016| 0 64 0
1017| 0 68 0
1018| 0 72 0
1019| 0 76,00001 0
1020| 0 80,00001 0
1021| 0 84,00001 0
1022| 0 88,00002 0
1023| 0 92,00002 0
1024| 0 96,00002 0
1025| 0 100 0
1026| 0 104 0
1027| 0 108 0
1028| 0 112 0
1029| 0 116 0
1030| 0 120 0
1031| 0 124 0
1032| 0 128 0
1033| 0 132 0
1034| 0 136 0
1035| 0 140 0
1036| 0 144 0
1037| 0 148 0
1038| 0 152 0
1039| 0 156 0
1040| 0 160 0
1041| 0 164 0
1042| 0 168 0
1043| 0 171,9999 0
1044| 0 175,9999 0
1045| 0 179,9999 0
1046| 0 183,9999 0
1047| 0 187,9999 0
1048| 0 191,9999 0
1049| 0 195,9999 0
1050| 0 199,9999 0
1051| 0 203,9999 0
1052| 0 207,9999 0
1053| 0 211,9999 0
1054| 0 215,9999 0
1055| 0 219,9999 0
1056| 0 223,9999 0
1057| 0 227,9999 0
1058| 0 0 0
1059| 0 0 0
1060| 0 0 0
1061| 0 0 0
1062| 0 0 0
1063| 0 -4 0
1064| 0 -8 0
1065| 0 -12 0
1066| 0 -16 0
1067| 0 -20 0
1068| 0 -24 0
1069| 0 -28 0
1070| 0 -32 0
1071| 0 -36 0
1072| 0 -40 0
1073| 0 -43,99999 0
1074| 0 -47,99999 0
1075| 0 -51,99999 0
1076| 0 -55,99999 0
1077| 0 -60 0
1078| 0 -64 0
1079| 0 -68 0
1080| 0 -72 0
1081| 0 -76,00001 0
1082| 0 0 0
1083| 0 0 0
1084| 0 0 0
1085| 0 0 0
1086| 0 0 0
1087| 0 0 0
1088| 0 0 0
1089| 0 0 0
1090| 0 0 0
1091| 0 0 0
1092| 0 0 0
1093| 0 4 0
1094| 0 8 0
1095| 0 12 0
1096| 0 16 0
1097| 0 20 0
1098| 0 24 0
1099| 0 28 0
1100| 0 32 0
1101| 0 36 0
1102| 0 40 0
1103| 0 43,99999 0
1104| 0 47,99999 0
1105| 0 51,99999 0
1106| 0 55,99999 0
1107| 0 60 0
1108| 0 64 0
1109| 0 68 0
1110| 0 72 0
1111| 0 76,00001 0
1112| 0 80,00001 0
1113| 0 84,00001 0
1114| 0 88,00002 0
1115| 0 92,00002 0
1116| 0 96,00002 0
1117| 0 100 0
1118| 0 104 0
1119| 0 108 0
1120| 0 112 0
1121| 0 116 0
1122| 0 120 0
1123| 0 124 0
1124| 0 128 0
1125| 0 132 0
1126| 0 136 0
1127| 0 140 0
1128| 0 144 0
1129| 0 148 0
1130| 0 152 0
1131| 0 156 0
1132| 0 160 0
1133| 0 164 0
1134| 0 168 0
1135| 0 171,9999 0
1136| 0 175,9999 0
1137| 0 179,9999 0
1138| 0 183,9999 0
1139| 0 187,9999 0
1140| 0 191,9999 0
1141| 0 0 0
1142| 0 0 0
1143| 0 0 0
1144| 0 0 0
1145| 0 0 0
1146| 0 0 0
1147| 0 0 0
1148| 0 0 0
1149| 0 0 0
1150| 0 4 0
1151| 0 8 0
1152| 0 12 0
1153| 0 16 0
1154| 0 20 0
1155| 0 24 0
1156| 0 28 0
1157| 0 32 0
1158| 0 36 0
1159| 0 40 0
1160| 0 43,99999 0
1161| 0 47,99999 0
1162| 0 51,99999 0
1163| 0 55,99999 0
1164| 0 60 0
1165| 0 64 0
1166| 0 68 0
1167| 0 72 0
1168| 0 76,00001 0
1169| 0 80,00001 0
1170| 0 84,00001 0
1171| 0 88,00002 0
1172| 0 92,00002 0
1173| 0 96,00002 0
1174| 0 100 0
1175| 0 104 0
1176| 0 108 0
1177| 0 112 0
1178| 0 116 0
1179| 0 120 0
1180| 0 124 0
1181| 0 128 0
1182| 0 132 0
1183| 0 136 0
1184| 0 140 0
1185| 0 144 0
1186| 0 148 0
1187| 0 152 0
1188| 0 156 0
1189| 0 160 0
1190| 0 164 0
1191| 0 168 0
1192| 0 171,9999 0
1193| 0 175,9999 0
1194| 0 179,9999 0
1195| 0 183,9999 0
1196| 0 187,9999 0
1197| 0 191,9999 0
1198| 0 195,9999 0
1199| 0 199,9999 0
1200| 0 203,9999 0
1201| 0 207,9999 0
1202| 0 211,9999 0
1203| 0 215,9999 0
1204| 0 219,9999 0
1205| 0 223,9999 0
1206| 0 227,9999 0
1207| 0 231,9999 0
1208| 0 235,9999 0
1209| 0 239,9999 0
1210| 0 243,9999 0
1211| 0 247,9999 0
1212| 0 251,9999 0
1213| 0 255,9999 0
1214| 0 259,9999 0
1215| 0 0 0
1216| 0 0 0
1217| 0 0 0
1218| 0 0 0
1219| 0 0 0
1220| 0 0 0
1221| 0 0 0
1222| 0 0 0
1223| 0 0 0
1224| 0 0 0
1225| 0 0 0
1226| 0 0 0
1227| 0 0 0
1228| 0 0 0
1229| 0 0 0
1230| 0 0 0
1231| 0 0 0
1232| 0 0 0
1233| 0 4 0
1234| 0 8 0
1235| 0 12 0
1236| 0 16 0
1237| 0 20 0
1238| 0 24 0
1239| 0 28 0
1240| 0 32 0
1241| 0 36 0
1242| 0 40 0
1243| 0 43,99999 0
1244| 0 47,99999 0
1245| 0 51,99999 0
1246| 0 55,99999 0
1247| 0 60 0
1248| 0 64 0
1249| 0 68 0
1250| 0 72 0
1251| 0 76,00001 0
1252| 0 80,00001 0
1253| 0 84,00001 0
1254| 0 88,00002 0
1255| 0 92,00002 0
1256| 0 96,00002 0
1257| 0 100 0
1258| 0 104 0
1259| 0 108 0
1260| 0 112 0
1261| 0 116 0
1262| 0 120 0
1263| 0 124 0
1264| 0 128 0
1265| 0 132 0
1266| 0 136 0
1267| 0 0 0
1268| 0 0 0
1269| 0 0 0
1270| 0 0 0
1271| 0 0 0
1272| 0 0 0
1273| 0 0 0
1274| 0 0 0
1275| 0 0 0
1276| 0 0 0
1277| 0 0 0
1278| 0 0 0
1279| 0 0 0
1280| 0 0 0
1281| 0 0 0
1282| 0 0 0
1283| 0 0 0
1284| -0,3 0 0
1285| -0,6 0 0
1286| -0,9 0 0
1287| -1,2 0 0
1288| -1,5 0 0
1289| -1,8 0 0
1290| -2,1 0 0
1291| -2,4 0 0
1292| -2,7 0 0
1293| -3 0 0
1294| -3,299999 0 0
1295| -3,599999 0 0
1296| 0 0 0
1297| 0 0 0
1298| 0 0 0
1299| 0 0 0
1300| 0 0 0
1301| 0 0 0
1302| 0 0 0
1303| 0 0 0
1304| 0 0 0
1305| 0 0 0
1306| -0,3 0 0
1307| -0,6 0 0
1308| -0,9 0 0
1309| -1,2 0 0
1310| -1,5 0 0
1311| -1,8 0 0
1312| -2,1 0 0
1313| -2,4 0 0
1314| -2,7 0 0
1315| -3 0 0
1316| -3,299999 0 0
1317| -3,599999 0 0
1318| -3,899999 0 0
1319| -4,2 0 0
1320| -4,5 0 0
1321| -4,8 0 0
1322| -5,1 0 0
1323| -5,4 0 0
1324| -5,7 0 0
1325| 0 0 0
1326| 0 0 0
1327| 0 0 0
1328| 0 0 0
1329| 0 0 0
1330| 0 0 0
1331| 0 0 0
1332| 0 0 0
1333| 0 0 0
1334| 0 0 0
1335| 0 0 0
1336| 0 0 0
1337| 0 0 0
1338| 0 0 0
1339| 0 0 0
1340| 0 0 0
1341| 0 0 0
1342| 0 0 0
1343| 0 0 0
1344| 0 0 0
1345| 0 0 0
1346| 0 0 0
1347| 0 0 0
1348| 0 0 0
1349| 0 0 0
1350| 0 0 0
1351| 0 0 0
1352| 0 0 0
1353| 0 0 0
1354| 0 0 0
1355| 0 0 0
1356| 0 0 0
1357| 0 0 0
1358| 0 0 0
1359| 0 0 0
1360| 0 0 0
1361| 0 0 0
1362| 0 0 0
1363| 0 0 0
1364| 0 0 0
1365| 0 0 0
1366| 0 0 0
1367| 0 0 0
1368| 0 0 0
1369| 0 0 0
1370| 0 0 0
1371| 0 0 0
1372| 0 0 0
1373| 0 0 0
1374| 0 0 0
1375| 0 0 0
1376| 0 0 0
1377| 0 0 0
1378| 0 0 0
1379| 0 0 0
1380| 0 0 0
1381| 0 0 0
1382| 0 0 0
1383| 0 0 0
1384| 0 0 0
1385| 0 4 0
1386| 0 8 0
1387| 0 12 0
1388| 0 16 0
1389| 0 20 0
1390| 0 24 0
1391| 0 28 0
1392| 0 32 0
1393| 0 36 0
1394| 0 40 0
1395| 0 43,99999 0
1396| 0 47,99999 0
1397| 0 51,99999 0
1398| 0 55,99999 0
1399| 0 60 0
1400| 0 64 0
1401| 0 68 0
1402| 0 72 0
1403| 0 76,00001 0
1404| 0 80,00001 0
1405| 0 84,00001 0
1406| 0 88,00002 0
1407| 0 0 0
1408| 0 0 0
1409| 0 0 0
1410| 0 0 0
1411| 0 0 0
1412| 0 0 0
1413| 0 4 0
1414| 0 8 0
1415| 0 12 0
1416| 0 16 0
1417| 0 20 0
1418| 0 24 0
1419| 0 28 0
1420| 0 32 0
1421| 0 36 0
1422| 0 40 0
1423| 0 43,99999 0
1424| 0 47,99999 0
1425| 0 51,99999 0
1426| 0 55,99999 0
1427| 0 0 0
1428| 0 0 0
1429| 0 0 0
1430| 0 0 0
1431| 0 0 0
1432| 0 0 0
1433| 0 0 0
1434| 0 0 0
1435| 0 0 0
1436| 0 0 0
1437| 0 0 0
1438| 0 0 0
1439| 0 0 0
1440| 0 0 0
1441| 0 0 0
1442| 0 0 0
1443| 0 0 0
1444| 0 0 0
1445| 0 0 0
1446| 0 0 0
1447| 0 0 0
1448| 0 0 0
1449| 0 0 0
1450| 0 0 0
1451| 0 0 0
1452| 0 0 0
1453| 0 0 0
1454| 0 4 0
1455| 0 8 0
1456| 0 12 0
1457| 0 16 0
1458| 0 20 0
1459| 0 24 0
1460| 0 28 0
1461| 0 32 0
1462| 0 36 0
1463| 0 40 0
1464| 0 43,99999 0
1465| 0 47,99999 0
1466| 0 51,99999 0
1467| 0 55,99999 0
1468| 0 60 0
1469| 0 64 0
1470| 0 68 0
1471| 0 72 0
1472| 0 76,00001 0
1473| 0 80,00001 0
1474| 0 84,00001 0
1475| 0 88,00002 0
1476| 0 92,00002 0
1477| 0 96,00002 0
1478| 0 100 0
1479| 0 104 0
1480| 0 108 0
1481| 0 112 0
1482| 0 0 0
1483| 0 0 0
1484| 0 0 0
1485| 0 0 0
1486| 0 0 0
1487| 0 0 0
1488| 0 0 0
1489| 0 0 0
1490| 0 0 0
1491| 0 0 0
1492| 0 0 0
1493| 0 0 0
1494| 0 0 0
1495| 0 0 0
1496| 0 0 0
1497| 0 0 0
1498| 0 0 0
1499| 0 0 0
1500| 0 0 0
1501| 0 0 0
1502| 0 0 0
1503| 0 -4 0
1504| 0 -8 0
1505| 0 -12 0
1506| 0 -16 0
1507| 0 -20 0
1508| 0 -24 0
1509| 0 -28 0
1510| 0 0 0
1511| 0 0 0
1512| 0 0 0
1513| 0 0 0
1514| 0 0 0
1515| 0 0 0
1516| 0 0 0
1517| 0 0 0
1518| 0 0 0
1519| 0 0 0
1520| 0 0 0
1521| 0 0 0
1522| 0 0 0
1523| 0 0 0
1524| 0 0 0
1525| 0 0 0
1526| 0 0 0
1527| 0 0 0
1528| 0 0 0
1529| 0 0 0
1530| 0 0 0
1531| 0 0 0
1532| 0 0 0
1533| 0 0 0
1534| 0 0 0
1535| 0 0 0
1536| 0 0 0
1537| 0 0 0
1538| 0 0 0
1539| 0 0 0
1540| 0 0 0
1541| 0 0 0
1542| 0 0 0
1543| 0 0 0
1544| 0 0 0
1545| 0 0 0
1546| 0 0 0
1547| 0 0 0
1548| 0 0 0
1549| 0 0 0
1550| 0 0 0
1551| 0 0 0
1552| 0 0 0
1553| 0 0 0
1554| 0 0 0
1555| 0 0 0
1556| 0 0 0
1557| 0 0 0
1558| 0 0 0
1559| 0 0 0
1560| 0 0 0
1561| 0 0 0
1562| 0 0 0
1563| 0 0 0
1564| 0 0 0
1565| 0 0 0
1566| 0 0 0
1567| 0 0 0
1568| 0 0 0
1569| 0 4 0
1570| 0 8 0
1571| 0 12 0
1572| 0 16 0
1573| 0 20 0
1574| 0 24 0
1575| 0 28 0
1576| 0 32 0
1577| 0 36 0
1578| 0 40 0
1579| 0 43,99999 0
1580| 0 47,99999 0
1581| 0 51,99999 0
1582| 0 55,99999 0
1583| 0 60 0
1584| 0 64 0
1585| 0 68 0
1586| 0 72 0
1587| 0 76,00001 0
1588| 0 80,00001 0
1589| 0 84,00001 0
1590| 0 88,00002 0
1591| 0 92,00002 0
1592| 0 96,00002 0
1593| 0 100 0
1594| 0 104 0
1595| 0 108 0
1596| 0 0 0
1597| 0 0 0
1598| 0 0 0
1599| 0 0 0
1600| 0 0 0
1601| 0 0 0
1602| 0 0 0
1603| 0 0 0
1604| 0 0 0
1605| 0 0 0
1606| 0 0 0
1607| 0 0 0
1608| 0 0 0
1609| 0 0 0
1610| 0 0 0
1611| 0 0 0
1612| 0 0 0
1613| 0 0 0
1614| 0 0 0
1615| 0 0 0
1616| 0 0 0
1617| 0 0 0
1618| 0 0 0
1619| 0 0 0
1620| 0 0 0
1621| 0 0 0
1622| 0 0 0
1623| 0 0 0
1624| 0 0 0
1625| 0 0 0
1626| 0 0 0
1627| 0 0 0
1628| 0 0 0
1629| 0 0 0
1630| 0 0 0
1631| 0 0 0
1632| 0 0 0
1633| 0 0 0
1634| 0 0 0
1635| 0 0 0
1636| 0 0 0
1637| 0 0 0
1638| 0 0 0
1639| 0 0 0
1640| 0 0 0
1641| 0 0 0
1642| 0 0 0
1643| 0 0 0
1644| 0 0 0
1645| 0 0 0
1646| 0 0 0
1647| 0 0 0
1648| 0 0 0
1649| 0 0 0
1650| 0 0 0
1651| 0 0 0
1652| 0 0 0
1653| 0 0 0
1654| 0 0 0
1655| 0 0 0
1656| 0 0 0
1657| 0 0 0
1658| 0 0 0
1659| 0 0 0
1660| 0 0 0
1661| 0 0 0
1662| 0 0 0
1663| 0 0 0
1664| 0 0 0
1665| 0 0 0
1666| 0 0 0
1667| 0 0 0
1668| 0 0 0
1669| 0 0 0
1670| 0 0 0
1671| 0 0 0
1672| 0 0 0
1673| 0 0 0
1674| 0 0 0
1675| 0 0 0
1676| 0 0 0
1677| 0 0 0
1678| 0 0 0
1679| 0 4 0
1680| 0 8 0
1681| 0 12 0
1682| 0 16 0
1683| 0 20 0
1684| 0 24 0
1685| 0 28 0
1686| 0 32 0
1687| 0 36 0
1688| 0 40 0
1689| 0 43,99999 0
1690| 0 47,99999 0
1691| 0 51,99999 0
1692| 0 55,99999 0
1693| 0 60 0
1694| 0 64 0
1695| 0 68 0
1696| 0 72 0
1697| 0 76,00001 0
1698| 0 80,00001 0
1699| 0 84,00001 0
1700| 0 88,00002 0
1701| 0 92,00002 0
1702| 0 96,00002 0
1703| 0 100 0
1704| 0 104 0
1705| 0 108 0
1706| 0 112 0
1707| 0 116 0
1708| 0 120 0
1709| 0 124 0
1710| 0 128 0
1711| 0 132 0
1712| 0 136 0
1713| 0 140 0
1714| 0 144 0
1715| 0 148 0
1716| 0 0 0
1717| 0 0 0
1718| 0 0 0
1719| 0 0 0
1720| 0 0 0
1721| 0 0 0
1722| 0 0 0
1723| 0 0 0
1724| 0 0 0
1725| 0 0 0
1726| 0 0 0
1727| 0 0 0
1728| 0 0 0
1729| 0 4 0
1730| 0 8 0
1731| 0 12 0
1732| 0 16 0
1733| 0 20 0
1734| 0 24 0
1735| 0 28 0
1736| 0 32 0
1737| 0 36 0
1738| 0 40 0
1739| 0 43,99999 0
1740| 0 47,99999 0
1741| 0 51,99999 0
1742| 0 55,99999 0
1743| 0 60 0
1744| 0 64 0
1745| 0 68 0
1746| 0 72 0
1747| 0 76,00001 0
1748| 0 80,00001 0
1749| 0 84,00001 0
1750| 0 88,00002 0
1751| 0 92,00002 0
1752| 0 96,00002 0
1753| 0 100 0
1754| 0 104 0
1755| 0 108 0
1756| 0 112 0
1757| 0 116 0
1758| 0 120 0
1759| 0 124 0
1760| 0 128 0
1761| 0 132 0
1762| 0 136 0
1763| 0 140 0
1764| 0 144 0
1765| 0 148 0
1766| 0 152 0
1767| 0 156 0
1768| 0 160 0
1769| 0 164 0
1770| 0 168 0
1771| 0 171,9999 0
1772| 0 0 0
1773| 0 0 0
1774| 0 0 0
1775| 0 0 0
1776| 0 0 0
1777| 0 0 0
1778| 0 0 0
1779| 0 0 0
1780| 0 0 0
1781| 0 0 0
1782| 0 4 0
1783| 0 8 0
1784| 0 12 0
1785| 0 16 0
1786| 0 20 0
1787| 0 24 0
1788| 0 28 0
1789| 0 32 0
1790| 0 36 0
1791| 0 40 0
1792| 0 43,99999 0
1793| 0 47,99999 0
1794| 0 51,99999 0
1795| 0 55,99999 0
1796| 0 60 0
1797| 0 64 0
1798| 0 68 0
1799| 0 72 0
1800| 0 76,00001 0
1801| 0 80,00001 0
1802| 0 84,00001 0
1803| 0 88,00002 0
1804| 0 92,00002 0
1805| 0 96,00002 0
1806| 0 100 0
1807| 0 104 0
1808| 0 108 0
1809| 0 112 0
1810| 0 116 0
1811| 0 120 0
1812| 0 124 0
1813| 0 128 0
1814| 0 132 0
1815| 0 136 0
1816| 0 140 0
1817| 0 144 0
1818| 0 148 0
1819| 0 152 0
1820| 0 156 0
1821| 0 160 0
1822| 0 164 0
1823| 0 168 0
1824| 0 171,9999 0
1825| 0 175,9999 0
1826| 0 179,9999 0
1827| 0 183,9999 0
1828| 0 187,9999 0
1829| 0 191,9999 0
1830| 0 195,9999 0
1831| 0 199,9999 0
1832| 0 203,9999 0
1833| 0 207,9999 0
1834| 0 211,9999 0
1835| 0 215,9999 0
1836| 0 219,9999 0
1837| 0 223,9999 0
1838| 0 227,9999 0
1839| 0 0 0
1840| 0 0 0
1841| 0 0 0
1842| 0 0 0
1843| 0 0 0
1844| 0 4 0
1845| 0 8 0
1846| 0 12 0
1847| 0 16 0
1848| 0 20 0
1849| 0 24 0
1850| 0 28 0
1851| 0 32 0
1852| 0 36 0
1853| 0 40 0
1854| 0 43,99999 0
1855| 0 47,99999 0
1856| 0 51,99999 0
1857| 0 55,99999 0
1858| 0 60 0
1859| 0 64 0
1860| 0 68 0
1861| 0 72 0
1862| 0 76,00001 0
1863| 0 80,00001 0
1864| 0 84,00001 0
1865| 0 88,00002 0
1866| 0 92,00002 0
1867| 0 96,00002 0
1868| 0 100 0
1869| 0 104 0
1870| 0 108 0
1871| 0 112 0
1872| 0 116 0
1873| 0 120 0
1874| 0 124 0
1875| 0 128 0
1876| 0 132 0
1877| 0 136 0
1878| 0 140 0
1879| 0 144 0
1880| 0 148 0
1881| 0 152 0
1882| 0 156 0
1883| 0 160 0
1884| 0 164 0
1885| 0 168 0
1886| 0 171,9999 0
1887| 0 175,9999 0
1888| 0 179,9999 0
1889| 0 183,9999 0
1890| 0 187,9999 0
1891| 0 191,9999 0
1892| 0 195,9999 0
1893| 0 199,9999 0
1894| 0 203,9999 0
1895| 0 207,9999 0
1896| 0 211,9999 0
1897| 0 215,9999 0
1898| 0 219,9999 0
1899| 0 223,9999 0
1900| 0 0 0
1901| 0 0 0
1902| 0 0 0
1903| 0 0 0
1904| 0 0 0
1905| 0 0 0
1906| 0 0 0
1907| 0 0 0
1908| 0 0 0
1909| 0 0 0
1910| 0 0 0
1911| 0 0 0
1912| 0 0 0
1913| 0 0 0
1914| 0 0 0
1915| 0 0 0
1916| 0 0 0
1917| 0 0 0
1918| 0 0 0
1919| 0 0 0
1920| 0 0 0
1921| 0 0 0
1922| 0 0 0
1923| 0 0 0
1924| 0 0 0
1925| 0 0 0
1926| 0 0 0
1927| 0 0 0
1928| 0 0 0
1929| 0 0 0
1930| 0 0 0
1931| 0 0 0
1932| 0 0 0
1933| 0 0 0
1934| 0 0 0
1935| 0 0 0
1936| 0 0 0
1937| 0 0 0
1938| 0 0 0
1939| 0 0 0
1940| 0 0 0
1941| 0 0 0
1942| 0 0 0
1943| 0 0 0
1944| 0 0 0
1945| 0 0 0
1946| 0 0 0
1947| 0 0 0
1948| 0 0 0
1949| 0 0 0
1950| 0 0 0
1951| 0 0 0
1952| 0 0 0
1953| 0 0 0
1954| 0 0 0
1955| 0 0 0
1956| 0 0 0
1957| 0 0 0
1958| 0 0 0
1959| 0 0 0
1960| 0 0 0
1961| 0 0 0
1962| 0 0 0
1963| 0 0 0
1964| 0 0 0
1965| 0 0 0
1966| 0 0 0
1967| 0 0 0
1968| 0 0 0
1969| 0 0 0
1970| 0 0 0
1971| 0 0 0
1972| 0 0 0
1973| 0 0 0
1974| 0 0 0
1975| 0 0 0
1976| 0 0 0
1977| 0 0 0
1978| 0 0 0
1979| 0 4 0
1980| 0 8 0
1981| 0 12 0
1982| 0 16 0
1983| 0 20 0
1984| 0 24 0
1985| 0 28 0
1986| 0 32 0
1987| 0 36 0
1988| 0 40 0
1989| 0 43,99999 0
1990| 0 47,99999 0
1991| 0 51,99999 0
1992| -0,3 55,99999 0
1993| -0,6 60 0
1994| -0,9 64 0
1995| -1,2 68 0
1996| -1,5 72 0
1997| -1,8 76,00001 0
1998| -2,1 80,00001 0
1999| -2,4 84,00001 0
2000| -2,7 88,00002 0
2001| -3 92,00002 0
2002| -3,299999 96,00002 0
2003| -3,599999 100 0
2004| -3,899999 104 0
2005| -4,2 108 0
2006| -4,5 112 0
2007| -4,8 116 0
2008| -5,1 120 0
2009| -5,4 124 0
2010| -5,7 128 0
2011| -5,7 132 0
2012| -5,7 136 0
2013| -5,7 140 0
2014| -5,7 144 0
2015| -5,7 148 0
2016| 0 0 0
2017| -0,3 0 0
2018| -0,6 0 0
2019| -0,9 0 0
2020| -1,2 0 0
2021| 0 0 0
2022| 0 0 0
2023| 0 0 0
2024| 0 0 0
2025| 0 0 0
2026| 0 0 0
2027| 0 0 0
2028| 0 0 0
2029| 0 0 0
2030| 0 0 0
2031| 0 0 0
2032| 0 0 0
2033| 0 0 0
2034| 0 0 0
2035| 0 0 0
2036| 0 0 0
2037| 0 0 0
2038| 0 4 0
2039| 0 8 0
2040| 0 12 0
2041| 0 16 0
2042| 0 20 0
2043| 0 24 0
2044| 0 28 0
2045| 0 32 0
2046| 0 36 0
2047| 0 40 0
2048| 0 43,99999 0
2049| 0 47,99999 0
2050| 0 51,99999 0
2051| 0 55,99999 0
2052| 0 60 0
2053| 0 64 0
2054| 0 68 0
2055| 0 72 0
2056| 0 76,00001 0
2057| 0 0 0
2058| 0 0 0
2059| 0 0 0
2060| 0 0 0
2061| 0 0 0
2062| 0 0 0
2063| 0 0 0
2064| 0 0 0
2065| 0 0 0
2066| 0 0 0
2067| 0 0 0
2068| 0 0 0
2069| 0 0 0
2070| 0 0 0
2071| 0 0 0
2072| 0 0 0
2073| 0 4 0
2074| 0 8 0
2075| 0 12 0
2076| 0 16 0
2077| 0 20 0
2078| 0 24 0
2079| 0 28 0
2080| 0 32 0
2081| 0 36 0
2082| 0 40 0
2083| 0 43,99999 0
2084| 0 47,99999 0
2085| 0 51,99999 0
2086| 0 55,99999 0
2087| 0 60 0
2088| 0 64 0
2089| 0 68 0
2090| 0 72 0
2091| 0 76,00001 0
2092| 0 80,00001 0
2093| 0 84,00001 0
2094| 0 88,00002 0
2095| 0 92,00002 0
2096| 0 96,00002 0
2097| 0 100 0
2098| 0 104 0
2099| 0 108 0
2100| 0 112 0
2101| 0 116 0
2102| 0 120 0
2103| 0 124 0
2104| 0 128 0
2105| 0 132 0
2106| 0 136 0
2107| 0 140 0
2108| 0 144 0
2109| 0 0 0
2110| 0 0 0
2111| 0 0 0
2112| 0 0 0
2113| 0 0 0
2114| 0 0 0
2115| 0 0 0
2116| 0 0 0
2117| 0 0 0
2118| 0 0 0
2119| 0 0 0
2120| 0 0 0
2121| 0 0 0
2122| 0 0 0
2123| 0 0 0
2124| 0 0 0
2125| 0 0 0
2126| 0 0 0
2127| -0,3 0 0
2128| -0,6 0 0
2129| -0,9 0 0
2130| -1,2 0 0
2131| -1,5 0 0
2132| -1,8 0 0
2133| -2,1 0 0
2134| -2,4 0 0
2135| 0 0 0
2136| 0 0 0
2137| 0 0 0
2138| 0 0 0
2139| 0 0 0
2140| -0,3 0 0
2141| -0,6 0 0
2142| -0,9 0 0
2143| -1,2 0 0
2144| -1,5 0 0
2145| -1,8 0 0
2146| -2,1 0 0
2147| -2,4 0 0
2148| -2,7 0 0
2149| -3 0 0
2150| -3,299999 0 0
2151| -3,599999 0 0
2152| -3,899999 0 0
2153| -4,2 0 0
2154| 0 0 0
2155| 0 0 0
2156| -0,3 0 0
2157| -0,6 0 0
2158| -0,9 0 0
2159| -1,2 0 0
2160| -1,5 0 0
2161| -1,8 0 0
2162| -2,1 0 0
2163| -2,4 0 0
2164| -2,7 0 0
2165| -3 0 0
2166| -3,299999 0 0
2167| -3,599999 0 0
2168| -3,899999 0 0
2169| -4,2 0 0
2170| -4,5 0 0
2171| -4,8 0 0
2172| -5,1 0 0
2173| -5,4 0 0
2174| -5,7 0 0
2175| -6 0 0
2176| -6,300001 0 0
2177| -6,600001 0 0
2178| -6,900001 0 0
2179| -7,200001 0 0
2180| -7,500001 0 0
2181| -7,800001 0 0
2182| -8,1 0 0
2183| -8,4 0 0
2184| -8,7 0 0
2185| -8,999999 0 0
2186| -9,299999 0 0
2187| 0 0 0
2188| 0 0 0
2189| 0 0 0
2190| 0 0 0
2191| 0 0 0
2192| 0 0 0
2193| 0 0 0
2194| 0 0 0
2195| 0 0 0
2196| 0 0 0
2197| 0 0 0
2198| 0 0 0
2199| 0 0 0
2200| 0 0 0
2201| 0 0 0
2202| 0 0 0
2203| 0 0 0
2204| 0 0 0
2205| 0 0 0
2206| 0 0 0
2207| 0 0 0
2208| 0 0 0
2209| 0 0 0
2210| 0 0 0
2211| 0 0 0
2212| 0 0 0
2213| 0 0 0
2214| 0 0 0
2215| 0 0 0
2216| 0 0 0
2217| -0,3 0 0
2218| -0,6 0 0
2219| -0,9 0 0
2220| -1,2 0 0
2221| -1,5 0 0
2222| -1,8 0 0
2223| -2,1 0 0
2224| -2,4 0 0
2225| -2,7 0 0
2226| -3 0 0
2227| 0 0 0
2228| 0 0 0
2229| 0 0 0
2230| 0 0 0
2231| 0 0 0
2232| 0 0 0
2233| 0 0 0
2234| 0 0 0
2235| 0 0 0
2236| 0 0 0
2237| -0,3 0 0
2238| -0,6 0 0
2239| -0,9 0 0
2240| -1,2 0 0
2241| -1,5 0 0
2242| -1,8 0 0
2243| -2,1 0 0
2244| -2,4 0 0
2245| -2,7 0 0
2246| -3 0 0
2247| -3,299999 0 0
2248| -3,599999 0 0
2249| -3,899999 0 0
2250| -4,2 0 0
2251| -4,5 0 0
2252| 0 0 0
2253| 0 0 0
2254| 0 0 0
2255| 0 0 0
2256| 0 0 0
2257| 0 0 0
2258| 0 0 0
2259| 0 0 0
2260| 0 0 0
2261| 0 0 0
2262| 0 0 0
2263| 0 0 0
2264| 0 0 0
2265| 0 0 0
2266| 0 0 0
2267| 0 0 0
2268| 0 0 0
2269| 0 0 0
2270| 0 0 0
2271| 0 0 0
2272| 0 0 0
2273| 0 0 0
2274| 0 0 0
2275| 0 0 0
2276| -0,3 0 0
2277| -0,6 0 0
2278| -0,9 0 0
2279| -1,2 0 0
2280| -1,5 0 0
2281| -1,8 0 0
2282| -2,1 0 0
2283| -2,4 0 0
2284| -2,7 0 0
2285| -3 0 0
2286| -3,299999 0 0
2287| -3,599999 0 0
2288| 0 0 0
2289| 0 0 0
2290| 0 0 0
2291| 0 0 0
2292| 0 0 0
2293| 0 0 0
2294| 0 0 0
2295| 0 0 0
2296| 0 0 0
2297| 0 0 0
2298| 0 0 0
2299| 0 0 0
2300| 0 0 0
2301| 0 0 0
2302| 0 0 0
2303| 0 0 0
2304| 0 0 0
2305| 0 0 0
2306| 0 0 0
2307| 0 0 0
2308| 0 0 0
2309| 0 0 0
2310| 0 0 0
2311| 0 0 0
2312| 0 0 0
2313| 0 0 0
2314| 0 0 0
2315| 0 0 0
2316| 0 0 0
2317| 0 0 0
2318| 0 0 0
2319| 0 0 0
2320| 0 0 0
2321| 0 0 0
2322| 0 0 0
2323| 0 0 0
2324| 0 0 0
2325| 0 0 0
2326| 0 0 0
2327| 0 0 0
2328| 0 0 0
2329| 0 0 0
2330| 0 0 0
2331| 0 0 0
2332| 0 0 0
2333| 0 0 0
2334| 0 0 0
2335| 0 0 0
2336| 0 0 0
2337| 0 0 0
2338| 0 0 0
2339| 0 0 0
2340| 0 0 0
2341| 0 0 0
2342| -0,3 0 0
2343| -0,6 0 0
2344| -0,9 0 0
2345| -1,2 0 0
2346| -1,5 0 0
2347| -1,8 0 0
2348| -2,1 0 0
2349| -2,4 0 0
2350| -2,7 0 0
2351| -3 0 0
2352| -3,299999 0 0
2353| -3,599999 0 0
2354| -3,899999 0 0
2355| -4,2 0 0
2356| -4,5 0 0
2357| -4,8 0 0
2358| -5,1 0 0
2359| -5,4 0 0
2360| -5,7 0 0
2361| -6 0 0
2362| -6,300001 0 0
2363| -6,600001 0 0
2364| -6,900001 0 0
2365| -7,200001 0 0
2366| -7,500001 0 0
2367| -7,800001 0 0
2368| -8,1 0 0
2369| 0 0 0
2370| 0 0 0
2371| 0 0 0
2372| 0 0 0
2373| 0 0 0
2374| 0 0 0
2375| 0 0 0
2376| 0 0 0
2377| 0 0 0
2378| 0 0 0
2379| 0 0 0
2380| 0 0 0
2381| 0 0 0
2382| 0 0 0
2383| 0 0 0
2384| 0 0 0
2385| 0 0 0
2386| 0 0 0
2387| 0 0 0
2388| 0 0 0
2389| 0 0 0
2390| 0 0 0
2391| 0 0 0
2392| 0 0 0
2393| 0 0 0
2394| 0 0 0
2395| 0 0 0
2396| 0 -4 0
2397| 0 -8 0
2398| 0 -12 0
2399| 0 -16 0
2400| 0 -20 0
2401| 0 -24 0
2402| 0 0 0
2403| 0 0 0
2404| 0 0 0
2405| 0 0 0
2406| 0 0 0
2407| 0 0 0
2408| 0 0 0
2409| 0 0 0
2410| 0 0 0
2411| 0 0 0
2412| 0 0 0
2413| 0 0 0
2414| 0 0 0
2415| 0 0 0
2416| 0 0 0
2417| 0 0 0
2418| 0 -4 0
2419| 0 -8 0
2420| 0 -12 0
2421| 0 -16 0
2422| 0 -20 0
2423| 0 -24 0
2424| 0 -28 0
2425| 0 -32 0
2426| 0 -36 0
2427| 0 -40 0
2428| 0 -43,99999 0
2429| 0 -47,99999 0
2430| 0 -51,99999 0
2431| 0 -55,99999 0
2432| 0 -60 0
2433| 0 -64 0
2434| 0 -68 0
2435| 0 -72 0
2436| 0 -76,00001 0
2437| 0 -80,00001 0
2438| 0 -84,00001 0
2439| 0 -88,00002 0
2440| 0 -92,00002 0
2441| 0 -96,00002 0
2442| 0 -100 0
2443| 0 -104 0
2444| 0 0 0
2445| 0 0 0
2446| 0 0 0
2447| 0 0 0
2448| 0 0 0
2449| 0 0 0
2450| 0 -4 0
2451| 0 -8 0
2452| 0 -12 0
2453| 0 -16 0
2454| 0 -20 0
2455| 0 -24 0
2456| 0 -28 0
2457| 0 -32 0
2458| 0 -36 0
2459| 0 -40 0
2460| 0 -43,99999 0
2461| 0 -47,99999 0
2462| 0 -51,99999 0
2463| 0 -55,99999 0
2464| 0 -60 0
2465| 0 -64 0
2466| 0 -68 0
2467| 0 -72 0
2468| 0 -76,00001 0
2469| 0 -80,00001 0
2470| 0 -84,00001 0
2471| 0 -88,00002 0
2472| 0 -92,00002 0
2473| 0 -96,00002 0
2474| 0 -100 0
2475| 0 -104 0
2476| 0 -108 0
2477| 0 -112 0
2478| 0 -116 0
2479| 0 -120 0
2480| 0 -124 0
2481| 0 0 0
2482| 0 0 0
2483| 0 0 0
2484| 0 0 0
2485| 0 0 0
2486| 0 0 0
2487| 0 0 0
2488| 0 0 0
2489| 0 0 0
2490| 0 0 0
2491| 0 0 0
2492| 0 -4 0
2493| 0 -8 0
2494| 0 -12 0
2495| 0 -16 0
2496| 0 -20 0
2497| 0 -24 0
2498| 0 -28 0
2499| 0 -32 0
2500| 0 -36 0
2501| 0 0 0
2502| 0 0 0
2503| 0 0 0
2504| 0 0 0
2505| 0 0 0
2506| 0 0 0
2507| 0 0 0
2508| 0 0 0
2509| 0 0 0
2510| 0 0 0
2511| 0 0 0
2512| 0 0 0
2513| 0 0 0
2514| 0 0 0
2515| 0 0 0
2516| 0 0 0
2517| 0 0 0
2518| 0 0 0
2519| 0 0 0
2520| 0 0 0
2521| 0 0 0
2522| 0 0 0
2523| 0 0 0
2524| 0 0 0
2525| 0 0 0
2526| 0 0 0
2527| 0 0 0
2528| 0 0 0
2529| 0 0 0
2530| 0 0 0
2531| 0 0 0
2532| 0 0 0
2533| 0 0 0
2534| 0 0 0
2535| 0 0 0
2536| 0 0 0
2537| 0 4 0
2538| 0 8 0
2539| 0 12 0
2540| 0 16 0
2541| 0 20 0
2542| 0 24 0
2543| 0 28 0
2544| 0 32 0
2545| 0 36 0
2546| 0 40 0
2547| 0 43,99999 0
2548| 0 47,99999 0
2549| 0 51,99999 0
2550| 0 55,99999 0
2551| 0 60 0
2552| 0 64 0
2553| 0 68 0
2554| 0 72 0
2555| 0 76,00001 0
2556| 0 80,00001 0
2557| 0 84,00001 0
2558| 0 88,00002 0
2559| 0 92,00002 0
2560| 0 96,00002 0
2561| 0 100 0
2562| 0 104 0
2563| 0 108 0
2564| 0 112 0
2565| 0 116 0
2566| 0 120 0
2567| 0 124 0
2568| 0 128 0
2569| 0 132 0
2570| 0 136 0
2571| 0 140 0
2572| 0 144 0
2573| 0 148 0
2574| 0 152 0
2575| 0 0 0
2576| 0 0 0
2577| 0 0 0
2578| 0 0 0
2579| 0 4 0
2580| 0 8 0
2581| 0 12 0
2582| 0 16 0
2583| 0 20 0
2584| 0 24 0
2585| 0 28 0
2586| 0 32 0
2587| 0 36 0
2588| 0 40 0
2589| 0 43,99999 0
2590| 0 47,99999 0
2591| 0 51,99999 0
2592| 0 55,99999 0
2593| 0 60 0
2594| 0 64 0
2595| 0 68 0
2596| 0 72 0
2597| 0 76,00001 0
2598| 0 80,00001 0
2599| 0 84,00001 0
2600| 0 88,00002 0
2601| 0 92,00002 0
2602| 0 96,00002 0
2603| 0 100 0
2604| 0 104 0
2605| 0 108 0
2606| 0 112 0
2607| 0 116 0
2608| 0 120 0
2609| 0 124 0
2610| 0 128 0
2611| 0 132 0
2612| 0 136 0
2613| 0 140 0
2614| 0 144 0
2615| 0 148 0
2616| 0 152 0
2617| 0 156 0
2618| 0 160 0
2619| 0 164 0
2620| 0 168 0
2621| 0 171,9999 0
2622| 0 175,9999 0
2623| 0 179,9999 0
2624| 0 183,9999 0
2625| 0 187,9999 0
2626| 0 191,9999 0
2627| 0 195,9999 0
2628| 0 199,9999 0
2629| 0 203,9999 0
2630| 0 207,9999 0
2631| 0 211,9999 0
2632| 0 215,9999 0
2633| 0 219,9999 0
2634| 0 223,9999 0
2635| 0 227,9999 0
2636| 0 231,9999 0
2637| 0 235,9999 0
2638| 0 239,9999 0
2639| 0 243,9999 0
2640| 0 247,9999 0
2641| 0 251,9999 0
2642| 0 255,9999 0
2643| 0 259,9999 0
2644| 0 263,9999 0
2645| 0 267,9999 0
2646| 0 271,9998 0
2647| 0 275,9998 0
2648| 0 279,9998 0
2649| 0 283,9998 0
2650| 0 287,9998 0
2651| 0 291,9998 0
2652| 0 295,9998 0
2653| 0 299,9998 0
2654| 0 303,9998 0
2655| 0 307,9998 0
2656| 0 311,9998 0
2657| 0 315,9998 0
2658| 0 319,9998 0
2659| 0 323,9998 0
2660| 0 327,9998 0
2661| 0 331,9998 0
2662| 0 335,9998 0
2663| 0 339,9998 0
2664| 0 343,9998 0
2665| 0 347,9998 0
2666| 0 351,9998 0
2667| 0 355,9998 0
2668| 0 359,9998 0
2669| 0 363,9998 0
2670| 0 367,9998 0
2671| 0 371,9998 0
2672| 0 375,9998 0
2673| 0 379,9998 0
2674| 0 383,9998 0
2675| 0 387,9998 0
2676| 0 391,9998 0
2677| 0 395,9998 0
2678| 0 399,9997 0
2679| 0 400 0
2680| 0 400 0
2681| 0 400 0
2682| 0,3 400 0
2683| 0,6 400 0
2684| 0,9 400 0
2685| 1,2 400 0
2686| 1,5 400 0
2687| 1,8 400 0
2688| 2,1 400 0
2689| 2,4 400 0
2690| 2,7 400 0
2691| 3 400 0
2692| 3,299999 400 0
2693| 3,599999 400 0
2694| 3,899999 400 0
2695| 4,2 400 0
2696| 4,5 400 0
2697| 4,8 400 0
2698| 4,8 400 0
2699| 4,8 400 0
2700| 4,8 400 0
2701| 4,8 400 0
2702| 0 0 0
2703| 0 0 0
2704| 0 0 0
2705| 0,3 4 0
2706| 0,6 4 0
2707| 0,9 4 0
2708| 1,2 8 0
2709| 1,5 12 0
2710| 1,8 16 0
2711| 2,1 20 0
2712| 2,4 20 0
2713| 2,7 20 0
2714| 3 20 0
2715| 3,299999 20 0
2716| 3,599999 20 0
2717| 3,899999 20 0
2718| 4,2 20 0
2719| 4,5 20 0
2720| 4,8 20 0
2721| 5,1 20 0
2722| 5,4 20 0
2723| 5,7 20 0
2724| 6 20 0
2725| 6,300001 20 0
2726| 0 0 0
2727| 0 0 0
2728| 0 0 0
2729| 0 0 0
2730| 0 0 0
2731| 0 0 0
2732| 0,3 0 0
2733| 0,6 0 0
2734| 0,9 0 0
2735| 1,2 0 0
2736| 1,5 0 0
2737| 1,8 0 0
2738| 2,1 0 0
2739| 2,4 0 0
2740| 2,7 0 0
2741| 3 0 0
2742| 3,299999 0 0
2743| 3,599999 0 0
2744| 3,899999 0 0
2745| 4,2 0 0
2746| 4,5 0 0
2747| 4,8 0 0
2748| 5,1 0 0
2749| 5,4 0 0
2750| 5,7 0 0
2751| 6 0 0
2752| 6,300001 0 0
2753| 6,600001 0 0
2754| 6,900001 0 0
2755| 7,200001 0 0
2756| 7,500001 0 0
2757| 7,800001 0 0
2758| 8,1 0 0
2759| 8,4 0 0
2760| 8,7 0 0
2761| 8,999999 0 0
2762| 9,299999 0 0
2763| 9,599998 0 0
2764| 9,899999 0 0
2765| 10,2 0 0
2766| 10,5 0 0
2767| 10,8 0 0
2768| 11,1 0 0
2769| 11,4 0 0
2770| 11,7 0 0
2771| 12 0 0
2772| 12 0 0
2773| 12 4 0
2774| 12 8 0
2775| 12 12 0
2776| 12 16 0
2777| 12 20 0
2778| 12 24 0
2779| 12 28 0
2780| 12 32 0
2781| 12 36 0
2782| 12 40 0
2783| 12 43,99999 0
2784| 12 47,99999 0
2785| 12 51,99999 0
2786| 12 55,99999 0
2787| 12 60 0
2788| 12 64 0
2789| 12 68 0
2790| 12 72 0
2791| 12 76,00001 0
2792| 12 80,00001 0
2793| 12 84,00001 0
2794| 12 88,00002 0
2795| 12 92,00002 0
2796| 12 96,00002 0
2797| 12 100 0
2798| 12 104 0
2799| 0 108 0
2800| -0,3 112 0
2801| -0,6 116 0
2802| -0,9 120 0
2803| -1,2 124 0
2804| -1,5 128 0
2805| -1,8 132 0
2806| -2,1 136 0
2807| -2,4 140 0
2808| -2,7 144 0
2809| -3 148 0
2810| -3,299999 152 0
2811| -3,299999 156 0
2812| -3,299999 160 0
2813| -3,299999 164 0
2814| -3,299999 168 0
2815| -3,599999 171,9999 0
2816| -3,899999 175,9999 0
2817| -4,2 179,9999 0
2818| -4,5 183,9999 0
2819| -4,8 187,9999 0
2820| -4,8 191,9999 0
2821| -4,8 195,9999 0
2822| -4,8 199,9999 0
2823| -4,8 203,9999 0
2824| -4,8 207,9999 0
2825| -4,8 211,9999 0
2826| -4,8 215,9999 0
2827| -4,8 219,9999 0
2828| -4,8 223,9999 0
2829| -4,8 227,9999 0
2830| -4,8 231,9999 0
2831| -4,8 235,9999 0
2832| -4,8 239,9999 0
2833| -4,8 243,9999 0
2834| -4,8 247,9999 0
2835| -4,8 251,9999 0
2836| -4,8 255,9999 0
2837| -4,8 259,9999 0
2838| -4,8 263,9999 0
2839| -4,8 267,9999 0
2840| -4,8 271,9998 0
2841| -4,8 275,9998 0
2842| -4,8 279,9998 0
2843| -4,8 283,9998 0
2844| -4,8 287,9998 0
2845| -4,8 291,9998 0
2846| -4,8 295,9998 0
2847| -4,8 299,9998 0
2848| -4,8 303,9998 0
2849| -4,8 307,9998 0
2850| -4,8 311,9998 0
2851| -4,8 315,9998 0
2852| -4,8 319,9998 0
2853| -4,8 323,9998 0
2854| -4,8 327,9998 0
2855| -4,8 331,9998 0
2856| -4,8 335,9998 0
2857| -4,8 339,9998 0
2858| -4,8 343,9998 0
2859| -4,8 347,9998 0
2860| -4,8 351,9998 0
2861| -4,8 355,9998 0
2862| -4,8 359,9998 0
2863| -4,8 363,9998 0
2864| -4,8 367,9998 0
2865| -4,8 371,9998 0
2866| -4,8 375,9998 0
2867| -4,8 379,9998 0
2868| -4,8 383,9998 0
2869| -4,8 387,9998 0
2870| -4,8 391,9998 0
2871| -4,8 395,9998 0
2872| 0 399,9997 0
2873| 0,3 400 0
2874| 0,6 400 0
2875| 0,9 400 0
2876| 1,2 400 0
2877| 1,5 400 0
2878| 1,8 400 0
2879| 2,1 400 0
2880| 2,4 400 0
2881| 2,7 400 0
2882| 3 400 0
2883| 3,299999 400 0
2884| 3,599999 400 0
2885| 3,899999 400 0
2886| 4,2 400 0
2887| 4,5 400 0
2888| 4,8 400 0
2889| 5,1 400 0
2890| 5,4 400 0
2891| 5,7 400 0
2892| 6 400 0
2893| 6,300001 400 0
2894| 6,600001 400 0
2895| 6,900001 400 0
2896| 7,200001 400 0
2897| 7,500001 400 0
2898| 7,800001 400 0
2899| 8,1 400 0
2900| 8,4 400 0
2901| 8,7 400 0
2902| 8,7 400 0
2903| 8,7 400 0
2904| 8,7 400 0
2905| 8,7 400 0
2906| 8,7 400 0
2907| 8,7 400 0
2908| 8,7 400 0
2909| 8,7 400 0
2910| 8,7 400 0
2911| 8,7 400 0
2912| 8,7 400 0
2913| 8,7 400 0
2914| 8,7 400 0
2915| 8,7 400 0
2916| 8,7 400 0
2917| 8,7 400 0
2918| 8,7 400 0
2919| 8,7 400 0
2920| 8,7 400 0
2921| 8,7 400 0
2922| 8,7 400 0
2923| 8,7 400 0
2924| 8,7 400 0
2925| 8,7 400 0
2926| 8,7 400 0
2927| 8,7 400 0
2928| 8,7 400 0
2929| 8,7 400 0
2930| 8,7 400 0
2931| 0 400 0
2932| -0,3 400 0
2933| -0,6 400 0
2934| -0,9 400 0
2935| -1,2 400 0
2936| -1,5 400 0
2937| -1,8 400 0
2938| -2,1 400 0
2939| -2,4 400 0
2940| -2,4 400 0
2941| -2,4 400 0
2942| -2,4 400 0
2943| -2,4 400 0
2944| -2,4 400 0
2945| -2,4 400 0
2946| -2,4 400 0
2947| -2,4 400 0
2948| -2,7 400 0
2949| -3 400 0
2950| -3,299999 400 0
2951| -3,599999 400 0
2952| -3,899999 400 0
2953| -4,2 400 0
2954| -4,5 400 0
2955| -4,8 400 0
2956| -5,1 400 0
2957| -5,4 400 0
2958| -5,7 400 0
2959| -6 400 0
2960| -6,300001 400 0
2961| -6,600001 400 0
2962| -6,900001 400 0
2963| -7,200001 400 0
2964| -7,500001 400 0
2965| -7,800001 400 0
2966| -7,800001 400 0
2967| -7,800001 400 0
2968| -7,800001 400 0
2969| -7,800001 400 0
2970| -7,800001 400 0
2971| -7,800001 400 0
2972| -7,800001 400 0
2973| -7,800001 400 0
2974| -7,800001 400 0
2975| -7,800001 400 0
2976| -7,800001 400 0
2977| -7,800001 400 0
2978| -7,800001 400 0
2979| -7,800001 400 0
2980| -7,800001 400 0
2981| -7,800001 400 0
2982| -7,800001 400 0
2983| -7,800001 400 0
2984| -7,800001 400 0
2985| -7,800001 400 0
2986| -7,800001 400 0
2987| -7,800001 400 0
2988| -7,800001 400 0
2989| -7,800001 400 0
2990| -7,800001 400 0
2991| -7,800001 400 0
2992| 0 400 0
2993| 0,3 400 0
2994| 0,6 400 0
2995| 0,9 400 0
2996| 1,2 400 0
2997| 1,5 400 0
2998| 1,8 400 0
2999| 2,1 400 0
3000| 2,4 400 0
3001| 2,7 400 0
3002| 3 400 0
3003| 3,299999 400 0
3004| 3,599999 400 0
3005| 3,899999 400 0
3006| 4,2 400 0
3007| 4,5 400 0
3008| 4,8 400 0
3009| 4,8 400 0
3010| 4,8 400 0
3011| 4,8 400 0
3012| 4,8 400 0
3013| 4,8 400 0
3014| 4,8 400 0
3015| 4,8 400 0
3016| 4,8 400 0
3017| 4,8 400 0
3018| 4,8 400 0
3019| 4,8 400 0
3020| 4,8 400 0
3021| 4,8 400 0
3022| 4,8 400 0
3023| 4,8 400 0
3024| 4,8 400 0
3025| 4,8 400 0
3026| 4,8 400 0
3027| 4,8 400 0
3028| 4,8 400 0
3029| 4,8 400 0
3030| 4,8 400 0
3031| 4,8 400 0
3032| 4,8 400 0
3033| 4,8 400 0
3034| 4,8 400 0
3035| 4,8 400 0
3036| 4,8 400 0
3037| 4,8 400 0
3038| 4,8 400 0
3039| 4,8 400 0
3040| 4,8 400 0
3041| 4,8 400 0
3042| 4,8 400 0
3043| 4,8 400 0
3044| 4,8 400 0
3045| 4,8 400 0
3046| 4,8 400 0
3047| 4,8 400 0
3048| 4,8 400 0
3049| 4,8 400 0
3050| 4,8 400 0
3051| 0 400 0
3052| -0,3 400 0
3053| -0,6 400 0
3054| -0,9 400 0
3055| -1,2 400 0
3056| -1,5 400 0
3057| -1,8 400 0
3058| -2,1 400 0
3059| -2,4 400 0
3060| -2,7 400 0
3061| -2,7 400 0
3062| -2,7 400 0
3063| -2,7 400 0
3064| -2,7 400 0
3065| -2,7 400 0
3066| -2,7 400 0
3067| -2,7 400 0
3068| -2,7 400 0
3069| -2,7 400 0
3070| -2,7 400 0
3071| -2,7 400 0
3072| -2,7 400 0
3073| -2,7 400 0
3074| -2,7 400 0
3075| -2,7 400 0
3076| -2,7 400 0
3077| -2,7 400 0
3078| -2,7 400 0
3079| -2,7 400 0
3080| -2,7 400 0
3081| -2,7 400 0
3082| -2,7 400 0
3083| -2,7 400 0
3084| -2,7 400 0
3085| -2,7 400 0
3086| -2,7 400 0
3087| -2,7 400 0
3088| -2,7 400 0
3089| -2,7 400 0
3090| -2,7 400 0
3091| -2,7 400 0
3092| -3 400 0
3093| -3,299999 400 0
3094| -3,599999 400 0
3095| -3,899999 400 0
3096| -4,2 400 0
3097| -4,5 400 0
3098| -4,5 400 0
3099| -4,5 400 0
3100| -4,5 400 0
3101| -4,8 400 0
3102| -5,1 400 0
3103| -5,4 400 0
3104| -5,7 400 0
3105| -6 400 0
3106| -6,300001 400 0
3107| -6,600001 400 0
3108| -6,900001 400 0
3109| -7,200001 400 0
3110| -7,500001 400 0
3111| -7,800001 400 0
3112| -8,1 400 0
3113| -8,4 400 0
3114| -8,7 400 0
3115| -8,999999 400 0
3116| -9,299999 400 0
3117| -9,599998 400 0
3118| -9,899999 400 0
3119| -10,2 400 0
3120| -10,5 400 0
3121| -10,8 400 0
3122| -11,1 400 0
3123| -11,4 400 0
3124| -11,7 400 0
3125| -12 400 0
3126| -12,3 400 0
3127| -12,6 400 0
3128| -12,9 400 0
3129| -13,2 400 0
3130| -13,5 400 0
3131| -13,79999 400 0
3132| -14,09999 400 0
3133| -14,39999 400 0
3134| -14,69999 400 0
3135| -14,69999 400 0
3136| -14,69999 400 0
3137| -14,69999 400 0
3138| -14,69999 400 0
3139| -14,69999 400 0
3140| -14,69999 400 0
3141| -14,69999 400 0
3142| -14,69999 400 0
3143| -14,69999 400 0
3144| 0 0 0
3145| 0 0 0
3146| 0 0 0
3147| 0 0 0
3148| 0 0 0
3149| 0 0 0
3150| 0 0 0
3151| 0 0 0
3152| 0 0 0
3153| 0 0 0
3154| 0 0 0
3155| 0 0 0
3156| 0 0 0
3157| 0 0 0
3158| 0 0 0
3159| 0 0 0
3160| 0 0 0
3161| 0 0 0
3162| 0 0 0
3163| 0 0 0
3164| 0 0 0
3165| 0 0 0
3166| 0 0 0
3167| 0 0 0
3168| 0 0 0
3169| 0 0 0
3170| 0 0 0
3171| 0 0 0
3172| 0 0 0
3173| 0 0 0
3174| 0 0 0
3175| 0 0 0
3176| 0 0 0
3177| 0 0 0
3178| 0 0 0
3179| 0 0 0
3180| 0 0 0
3181| 0 0 0
3182| 0 0 0
3183| 0 0 0
3184| 0 0 0
3185| 0 0 0
3186| 0 0 0
3187| 0 0 0
3188| 0 0 0
3189| 0 0 0
3190| 0 0 0
3191| 0 0 0
3192| 0 0 0
3193| 0 0 0
3194| 0 0 0
3195| 0 0 0
3196| 0 0 0
3197| 0 0 0
3198| 0 0 0
3199| 0 0 0
3200| 0 0 0
3201| 0 0 0
3202| -0,3 0 0
3203| -0,6 0 0
3204| -0,9 0 0
3205| -1,2 0 0
3206| -1,5 0 0
3207| -1,8 0 0
3208| -2,1 0 0
3209| -2,4 0 0
3210| -2,7 0 0
3211| -3 0 0
3212| -3,299999 0 0
3213| -3,599999 0 0
3214| -3,899999 0 0
3215| -4,2 0 0
3216| -4,5 0 0
3217| -4,8 0 0
3218| -5,1 0 0
3219| -5,4 0 0
3220| -5,7 0 0
3221| -6 0 0
3222| -6,300001 0 0
3223| -6,600001 0 0
3224| -6,900001 0 0
3225| -7,200001 0 0
3226| -7,500001 0 0
3227| -7,800001 0 0
3228| -8,1 0 0
3229| -8,4 0 0
3230| -8,7 0 0
3231| -8,999999 0 0
3232| -9,299999 0 0
3233| -9,599998 0 0
3234| -9,899999 0 0
3235| -10,2 0 0
3236| -10,5 0 0
3237| 0 0 0
3238| 0 0 0
3239| 0 0 0
3240| 0 0 0
3241| 0 0 0
3242| 0 0 0
3243| 0 0 0
3244| 0 0 0
3245| -0,3 0 0
3246| -0,6 0 0
3247| -0,9 0 0
3248| -1,2 0 0
3249| -1,5 0 0
3250| -1,8 0 0
3251| -2,1 0 0
3252| -2,4 0 0
3253| -2,7 0 0
3254| -3 0 0
3255| -3,299999 0 0
3256| -3,599999 0 0
3257| -3,899999 0 0
3258| -4,2 0 0
3259| -4,5 0 0
3260| -4,8 0 0
3261| -5,1 0 0
3262| -5,4 0 0
3263| -5,7 0 0
3264| -6 0 0
3265| -6,300001 0 0
3266| -6,600001 0 0
3267| -6,900001 0 0
3268| -7,200001 0 0
3269| -7,500001 0 0
3270| -7,800001 0 0
3271| -8,1 0 0
3272| -8,4 0 0
3273| -8,7 0 0
3274| -8,999999 0 0
3275| -9,299999 0 0
3276| -9,599998 0 0
3277| -9,899999 0 0
3278| -10,2 0 0
3279| -10,5 0 0
3280| -10,8 0 0
3281| -11,1 0 0
3282| -11,4 0 0
3283| -11,7 0 0
3284| -12 0 0
3285| -12,3 0 0
3286| -12,6 0 0
3287| -12,9 0 0
3288| -13,2 0 0
3289| -13,5 0 0
3290| -13,79999 0 0
3291| -14,09999 0 0
3292| 0 0 0
3293| -0,3 0 0
3294| -0,6 0 0
3295| -0,9 0 0
3296| -1,2 0 0
3297| -1,5 0 0
3298| 0 0 0
3299| 0 0 0
3300| 0 0 0
3301| 0 0 0
3302| 0 0 0
3303| 0 0 0
3304| 0 0 0
3305| 0 0 0
3306| 0 0 0
3307| 0 0 0
3308| 0 0 0
3309| 0 0 0
3310| 0 0 0
3311| 0 0 0
3312| 0 0 0
3313| 0 0 0
3314| 0 0 0
3315| 0 0 0
3316| 0 0 0
3317| 0 0 0
3318| 0 0 0
3319| 0 0 0
3320| 0 0 0
3321| 0 0 0
3322| 0 0 0
3323| 0 0 0
3324| 0 0 0
3325| 0 0 0
3326| 0 0 0
3327| 0 0 0
3328| 0 0 0
3329| 0 0 0
3330| 0 0 0
3331| 0 0 0
3332| 0 0 0
3333| 0 0 0
3334| 0 0 0
3335| 0 0 0
3336| 0 0 0
3337| 0 0 0
3338| 0 0 0
3339| 0 0 0
3340| 0 0 0
3341| 0 0 0
3342| 0 0 0
3343| 0 0 0
3344| 0 0 0
3345| 0 0 0
3346| 0 0 0
3347| -0,3 0 0
3348| -0,6 0 0
3349| -0,9 0 0
3350| -1,2 0 0
3351| -1,5 0 0
3352| -1,8 0 0
3353| -2,1 0 0
3354| -2,4 0 0
3355| -2,7 0 0
3356| -3 0 0
3357| -3,299999 0 0
3358| -3,599999 0 0
3359| -3,899999 0 0
3360| -4,2 0 0
3361| -4,5 0 0
3362| -4,8 0 0
3363| -5,1 0 0
3364| -5,4 0 0
3365| -5,7 0 0
3366| -6 0 0
3367| -6,300001 0 0
3368| -6,600001 0 0
3369| -6,900001 0 0
3370| -7,200001 0 0
3371| -7,500001 0 0
3372| -7,800001 0 0
3373| -8,1 0 0
3374| -8,4 0 0
3375| -8,7 0 0
3376| -8,999999 0 0
3377| -9,299999 0 0
3378| -9,599998 0 0
3379| -9,899999 0 0
3380| -10,2 0 0
3381| -10,5 0 0
3382| -10,8 0 0
3383| -11,1 0 0
3384| -11,4 0 0
3385| -11,7 0 0
3386| -12 0 0
3387| -12,3 0 0
3388| -12,6 0 0
3389| -12,9 0 0
3390| -13,2 0 0
3391| -13,5 0 0
3392| -13,79999 0 0
3393| -14,09999 0 0
3394| -14,39999 0 0
3395| -14,69999 0 0
3396| -14,99999 0 0
3397| -15,29999 0 0
3398| -15,59999 0 0
3399| -15,89999 0 0
3400| -16,19999 0 0
3401| -16,49999 0 0
3402| -16,79999 0 0
3403| -17,09999 0 0
3404| -17,39999 0 0
3405| -17,69999 0 0
3406| -17,99999 0 0
3407| -18,29999 0 0
3408| -18,59999 0 0
3409| -18,89999 0 0
3410| -19,19999 0 0
3411| -19,49999 0 0
3412| -19,79999 0 0
3413| -20,09999 0 0
3414| -20,39999 0 0
3415| -20,69999 0 0
3416| -20,99999 0 0
3417| -21,29999 0 0
3418| -21,59999 0 0
3419| -21,89999 0 0
3420| -22,19999 0 0
3421| -22,49999 0 0
3422| -22,79999 0 0
3423| -23,09999 0 0
3424| -23,39999 0 0
3425| -23,69999 0 0
3426| -23,99999 0 0
3427| -24,29999 0 0
3428| -24,59999 0 0
3429| -24,89998 0 0
3430| -25,19999 0 0
3431| -25,49998 0 0
3432| -25,79998 0 0
3433| -26,09998 0 0
3434| -26,39998 0 0
3435| -26,69998 0 0
3436| -26,99998 0 0
3437| -27,29998 0 0
3438| -27,59998 0 0
3439| -27,89998 0 0
3440| -28,19998 0 0
3441| -28,49998 0 0
3442| -28,79998 0 0
3443| -29,09998 0 0
3444| -29,39998 0 0
3445| -29,69998 0 0
3446| -29,69998 -4 0
3447| -29,69998 -8 0
3448| -29,69998 -12 0
3449| -29,69998 -16 0
3450| -29,69998 -20 0
3451| -29,69998 -24 0
3452| -29,69998 -28 0
3453| -29,69998 -32 0
3454| -29,69998 -36 0
3455| -29,69998 -40 0
3456| -29,69998 -43,99999 0
3457| -29,69998 -47,99999 0
3458| -29,69998 -51,99999 0
3459| -29,69998 -55,99999 0
3460| -29,69998 -60 0
3461| -29,69998 -64 0
3462| -29,69998 -68 0
3463| -29,69998 -72 0
3464| -29,69998 -76,00001 0
3465| -29,69998 -80,00001 0
3466| -29,69998 -84,00001 0
3467| -29,69998 -88,00002 0
3468| -29,69998 -92,00002 0
3469| -29,69998 -96,00002 0
3470| -29,69998 -100 0
3471| -29,69998 -104 0
3472| -29,69998 -108 0
3473| -29,69998 -112 0
3474| -29,69998 -116 0
3475| -29,69998 -120 0
3476| -29,69998 -124 0
3477| -29,69998 -128 0
3478| -29,69998 -132 0
3479| -29,69998 -136 0
3480| -29,69998 -140 0
3481| -29,69998 -144 0
3482| -29,69998 -148 0
3483| -29,69998 -152 0
3484| -29,69998 -156 0
3485| -29,69998 -160 0
3486| -29,69998 -164 0
3487| -29,69998 -168 0
3488| -29,69998 -171,9999 0
3489| -29,69998 -175,9999 0
3490| -29,69998 -179,9999 0
3491| -29,69998 -183,9999 0
3492| -29,69998 -187,9999 0
3493| -29,69998 -191,9999 0
3494| -29,69998 -195,9999 0
3495| -29,69998 -199,9999 0
3496| -29,69998 -203,9999 0
3497| -29,69998 -207,9999 0
3498| -29,69998 -211,9999 0
3499| -29,69998 -215,9999 0
3500| -29,69998 -219,9999 0
3501| -29,69998 -223,9999 0
3502| -29,69998 -227,9999 0
3503| -29,69998 -231,9999 0
3504| -29,69998 -235,9999 0
3505| -29,69998 -239,9999 0
3506| -29,69998 -243,9999 0
3507| -29,69998 -247,9999 0
3508| -29,69998 -251,9999 0
3509| -29,69998 -255,9999 0
3510| -29,69998 -259,9999 0
3511| -29,69998 -263,9999 0
3512| -29,69998 -267,9999 0
3513| -29,69998 -271,9998 0
3514| -29,69998 -275,9998 0
3515| -29,69998 -279,9998 0
3516| -29,69998 -283,9998 0
3517| -29,69998 -287,9998 0
3518| -29,69998 -291,9998 0
3519| -29,69998 -295,9998 0
3520| -29,69998 -299,9998 0
3521| -29,69998 -303,9998 0
3522| -29,69998 -307,9998 0
3523| -29,69998 -311,9998 0
3524| -29,69998 -315,9998 0
3525| -29,69998 -319,9998 0
3526| -29,69998 -323,9998 0
3527| -29,69998 -327,9998 0
3528| -29,69998 -331,9998 0
3529| -29,69998 -335,9998 0
3530| -29,69998 -339,9998 0
3531| -29,69998 -343,9998 0
3532| -29,69998 -347,9998 0
3533| -29,99998 -351,9998 0
3534| -30 -355,9998 0
3535| -30 -355,9998 0
3536| -30 -355,9998 0
3537| -30 -355,9998 0
3538| -30 -355,9998 0
3539| -30 -355,9998 0
3540| -30 -355,9998 0
3541| -30 -355,9998 0
3542| -30 -355,9998 0
3543| -30 -355,9998 0
3544| -30 -355,9998 0
3545| -30 -355,9998 0
3546| -30 -355,9998 0
3547| -30 -355,9998 0
3548| -30 -355,9998 0
3549| -30 -355,9998 0
3550| -30 -355,9998 0
3551| -30 -355,9998 0
3552| -30 -355,9998 0
3553| -30 -355,9998 0
3554| -30 -355,9998 0
3555| -30 -355,9998 0
3556| -30 -355,9998 0
3557| -30 -355,9998 0
3558| -30 -355,9998 0
3559| -30 -355,9998 0
3560| -30 -355,9998 0
3561| -30 -355,9998 0
3562| -30 -355,9998 0
3563| -30 -355,9998 0
3564| -30 -355,9998 0
3565| -30 -355,9998 0
3566| -30 -355,9998 0
3567| -30 -355,9998 0
3568| -30 -355,9998 0
3569| -30 -355,9998 0
3570| -30 -355,9998 0
3571| -30 -355,9998 0
3572| -30 -355,9998 0
3573| -30 -355,9998 0
3574| -30 -355,9998 0
3575| -30 -355,9998 0
3576| -30 -355,9998 0
3577| -30 -355,9998 0
3578| -30 -355,9998 0
3579| -30 -355,9998 0
3580| -30 -355,9998 0
3581| -30 -355,9998 0
3582| -30 -355,9998 0
3583| -30 -355,9998 0
3584| -30 -355,9998 0
3585| -30 -355,9998 0
3586| -30 -355,9998 0
3587| -30 -355,9998 0
3588| -30 -355,9998 0
3589| -30 -355,9998 0
3590| -30 -355,9998 0
3591| -30 -355,9998 0
3592| -30 -355,9998 0
3593| -30 -355,9998 0
3594| -30 -355,9998 0
3595| -30 -355,9998 0
3596| -30 -355,9998 0
3597| -30 -355,9998 0
3598| -30 -355,9998 0
3599| -30 -355,9998 0
3600| -30 -355,9998 0
3601| -30 -355,9998 0
3602| -30 -355,9998 0
3603| -30 -355,9998 0
3604| -30 -355,9998 0
3605| -30 -355,9998 0
3606| -30 -355,9998 0
3607| -30 -355,9998 0
3608| -30 -355,9998 0
3609| -30 -355,9998 0
3610| -30 -355,9998 0
3611| -30 -355,9998 0
3612| -30 -355,9998 0
3613| -30 -355,9998 0
3614| -30 -355,9998 0
3615| -30 -355,9998 0
3616| -30 -355,9998 0
3617| 0 0 0
3618| 0 0 0
3619| 0 0 0
3620| 0 0 0
3621| 0 0 0
3622| 0 0 0
3623| 0 0 0
3624| 0 0 0
3625| 0 0 0
3626| 0 0 0
3627| 0 0 0
3628| 0 0 0
3629| 0 0 0
3630| 0 0 0
3631| 0 0 0
3632| -0,3 0 0
3633| -0,6 0 0
3634| -0,9 0 0
3635| -1,2 0 0
3636| -1,5 0 0
3637| -1,5 0 0
3638| -1,5 4 0
3639| -1,5 8 0
3640| -1,5 12 0
3641| -1,5 16 0
3642| -1,5 20 0
3643| -1,5 24 0
3644| -1,5 28 0
3645| -1,5 32 0
3646| -1,5 36 0
3647| -1,5 40 0
3648| -1,5 43,99999 0
3649| -1,5 47,99999 0
3650| -1,5 51,99999 0
3651| -1,5 55,99999 0
3652| -1,5 60 0
3653| -1,5 64 0
3654| -1,5 68 0
3655| -1,5 72 0
3656| -1,5 76,00001 0
3657| -1,5 80,00001 0
3658| -1,5 84,00001 0
3659| -1,5 88,00002 0
3660| -1,5 92,00002 0
3661| -1,5 96,00002 0
3662| -1,5 100 0
3663| -1,5 104 0
3664| -1,5 108 0
3665| -1,5 112 0
3666| -1,5 116 0
3667| -1,5 120 0
3668| -1,5 124 0
3669| -1,5 128 0
3670| -1,5 132 0
3671| -1,5 136 0
3672| -1,5 140 0
3673| -1,5 144 0
3674| -1,5 148 0
3675| -1,5 152 0
3676| -1,5 156 0
3677| -1,5 160 0
3678| -1,5 164 0
3679| -1,5 168 0
3680| -1,5 171,9999 0
3681| -1,5 175,9999 0
3682| 0 0 0
3683| 0 0 0
3684| 0 0 0
3685| 0 0 0
3686| 0 0 0
3687| 0 4 0
3688| 0 8 0
3689| 0 12 0
3690| 0 16 0
3691| 0 20 0
3692| 0 24 0
3693| 0 28 0
3694| 0 32 0
3695| 0 36 0
3696| 0 40 0
3697| 0 43,99999 0
3698| 0 47,99999 0
3699| 0 0 0
3700| 0 0 0
3701| 0 0 0
3702| 0 0 0
3703| 0 0 0
3704| 0 0 0
3705| 0 0 0
3706| 0 0 0
3707| 0 0 0
3708| 0 0 0
3709| 0 0 0
3710| 0 0 0
3711| 0 0 0
3712| 0 0 0
3713| 0 0 0
3714| 0 4 0
3715| 0 8 0
3716| 0 12 0
3717| 0 16 0
3718| 0 20 0
3719| 0 24 0
3720| 0 28 0
3721| 0 32 0
3722| 0 36 0
3723| 0 40 0
3724| 0 43,99999 0
3725| 0 47,99999 0
3726| 0 51,99999 0
3727| 0 55,99999 0
3728| 0 60 0
3729| 0 64 0
3730| 0 68 0
3731| 0 72 0
3732| 0 76,00001 0
3733| 0 80,00001 0
3734| 0 84,00001 0
3735| 0 88,00002 0
3736| 0 92,00002 0
3737| 0 96,00002 0
3738| 0 100 0
3739| 0 104 0
3740| 0 108 0
3741| 0 112 0
3742| 0 116 0
3743| 0 120 0
3744| 0 124 0
3745| 0 128 0
3746| 0 132 0
3747| 0 136 0
3748| 0 140 0
3749| 0 144 0
3750| 0 148 0
3751| 0 152 0
3752| 0 156 0
3753| 0 160 0
3754| 0 164 0
3755| 0 168 0
3756| 0 171,9999 0
3757| 0 175,9999 0
3758| 0 179,9999 0
3759| 0 183,9999 0
3760| 0 187,9999 0
3761| 0 191,9999 0
3762| 0 195,9999 0
3763| 0 199,9999 0
3764| 0 203,9999 0
3765| 0 207,9999 0
3766| 0 211,9999 0
3767| 0 215,9999 0
3768| 0 219,9999 0
3769| 0 223,9999 0
3770| 0 227,9999 0
3771| 0 231,9999 0
3772| 0 235,9999 0
3773| 0 239,9999 0
3774| 0 243,9999 0
3775| 0 247,9999 0
3776| 0 251,9999 0
3777| 0 255,9999 0
3778| 0 259,9999 0
3779| 0 263,9999 0
3780| 0 267,9999 0
3781| 0 271,9998 0
3782| 0 275,9998 0
3783| 0 279,9998 0
3784| 0 283,9998 0
3785| 0 287,9998 0
3786| 0 291,9998 0
3787| 0 295,9998 0
3788| 0 299,9998 0
3789| 0 303,9998 0
3790| 0 307,9998 0
3791| 0 311,9998 0
3792| 0 315,9998 0
3793| 0 319,9998 0
3794| 0 323,9998 0
3795| 0 327,9998 0
3796| 0 331,9998 0
3797| 0 335,9998 0
3798| 0 339,9998 0
3799| 0 343,9998 0
3800| 0 347,9998 0
3801| 0 351,9998 0
3802| 0 355,9998 0
3803| 0 359,9998 0
3804| 0 363,9998 0
3805| 0 367,9998 0
3806| 0 371,9998 0
3807| 0 375,9998 0
3808| 0 379,9998 0
3809| 0 383,9998 0
3810| 0 387,9998 0
3811| 0 391,9998 0
3812| 0 395,9998 0
3813| 0 399,9997 0
3814| 0 400 0
3815| 0 400 0
3816| 0 400 0
3817| 0 400 0
3818| 0 400 0
3819| 0 400 0
3820| 0 400 0
3821| 0 400 0
3822| 0 400 0
3823| 0 400 0
3824| 0 400 0
3825| 0 400 0
3826| 0 400 0
3827| 0 400 0
3828| 0 400 0
3829| 0 400 0
3830| 0 400 0
3831| 0 400 0
3832| 0 400 0
3833| 0 400 0
3834| 0 400 0
3835| 0 400 0
3836| 0 400 0
3837| 0 400 0
3838| 0 400 0
3839| 0 400 0
3840| 0 400 0
3841| 0 400 0
3842| 0 400 0
3843| 0 400 0
3844| 0 400 0
3845| 0 400 0
3846| 0 400 0
3847| 0 400 0
3848| 0 400 0
3849| 0 400 0
3850| 0 400 0
3851| 0 400 0
3852| 0 400 0
3853| 0 400 0
3854| 0 400 0
3855| 0 400 0
3856| 0 400 0
3857| 0 400 0
3858| 0 400 0
3859| 0 400 0
3860| 0 400 0
3861| 0 400 0
3862| 0 400 0
3863| 0 400 0
3864| 0 400 0
3865| 0 400 0
3866| 0 400 0
3867| 0 400 0
3868| 0 400 0
3869| 0 400 0
3870| 0 400 0
3871| 0 400 0
3872| 0 400 0
3873| 0 400 0
3874| 0 400 0
3875| 0 400 0
3876| 0 400 0
3877| 0 400 0
3878| 0 400 0
3879| 0 400 0
3880| 0 400 0
3881| 0 400 0
3882| 0 400 0
3883| 0 400 0
3884| 0 400 0
3885| 0 400 0
3886| 0 400 0
3887| 0 400 0
3888| 0 400 0
3889| 0 400 0
3890| 0 400 0
3891| 0 400 0
3892| 0 400 0
3893| 0 400 0
3894| 0 400 0
3895| 0 400 0
3896| 0 400 0
3897| 0 400 0
3898| 0 400 0
3899| 0 400 0
3900| 0 400 0
3901| 0 400 0
3902| 0 400 0
3903| 0 400 0
3904| 0 400 0
3905| 0 400 0
3906| 0 400 0
3907| 0 400 0
3908| 0 400 0
3909| 0 400 0
3910| 0 400 0
3911| 0 400 0
3912| 0 400 0
3913| 0 400 0
3914| 0 400 0
3915| 0 400 0
3916| 0 400 0
3917| 0 400 0
3918| 0 400 0
3919| 0 400 0
3920| 0 400 0
3921| 0 400 0
3922| 0 400 0
3923| 0 400 0
3924| 0 400 0
3925| 0 400 0
3926| 0 400 0
3927| 0 400 0
3928| 0 400 0
3929| 0 400 0
3930| 0 400 0
3931| 0 400 0
3932| 0 400 0
3933| 0 400 0
3934| 0 400 0
3935| 0 400 0
3936| 0 400 0
3937| 0 400 0
3938| 0 400 0
3939| 0 400 0
3940| 0 400 0
3941| 0 400 0
3942| 0 400 0
3943| 0 400 0
3944| 0 400 0
3945| 0 400 0
3946| 0 400 0
3947| 0 400 0
3948| 0 400 0
3949| 0 400 0
3950| 0 400 0
3951| 0 400 0
3952| 0 400 0
3953| 0 400 0
3954| 0 400 0
3955| 0 400 0
3956| 0 400 0
3957| 0 400 0
3958| 0 400 0
3959| 0 400 0
3960| 0 400 0
3961| 0 400 0
3962| 0 400 0
3963| 0 400 0
3964| 0 400 0
3965| 0 400 0
3966| 0 400 0
3967| 0 400 0
3968| 0 400 0
3969| 0 400 0
3970| 0 400 0
3971| 0 400 0
3972| 0 400 0
3973| 0 400 0
3974| 0 400 0
3975| 0 400 0
3976| 0 400 0
3977| 0 400 0
3978| 0 400 0
3979| 0 400 0
3980| 0 400 0
3981| 0 400 0
3982| 0 400 0
3983| 0 400 0
3984| 0 400 0
3985| 0 400 0
3986| 0 400 0
3987| -0,3 400 0
3988| -0,6 400 0
3989| -0,9 400 0
3990| -0,9 400 0
3991| -0,9 400 0
3992| -0,9 400 0
3993| -0,9 400 0
3994| -0,9 400 0
3995| -0,9 400 0
3996| -0,9 400 0
3997| -0,9 400 0
3998| -0,9 400 0
3999| -0,9 400 0
4000| -0,9 400 0
4001| -0,9 400 0
4002| -0,9 400 0
4003| -0,9 400 0
4004| -0,9 400 0
4005| -0,9 400 0
4006| -0,9 400 0
4007| -0,9 400 0
4008| -0,9 400 0
4009| -0,9 400 0
4010| -0,9 400 0
4011| -0,9 400 0
4012| -0,9 400 0
4013| -0,9 400 0
4014| -0,9 400 0
4015| -0,9 400 0
4016| -0,9 400 0
4017| -0,9 400 0
4018| -0,9 400 0
4019| -0,9 400 0
4020| -0,9 400 0
4021| -0,9 400 0
4022| -0,9 400 0
4023| -0,9 400 0
4024| -0,9 400 0
4025| -0,9 400 0
4026| -0,9 400 0
4027| -0,9 400 0
4028| -0,9 400 0
4029| -0,9 400 0
4030| -0,9 400 0
4031| -0,9 400 0
4032| -0,9 400 0
4033| -0,9 400 0
4034| -0,9 400 0
4035| -0,9 400 0
4036| -0,9 400 0
4037| -0,9 400 0
4038| -0,9 400 0
4039| -0,9 400 0
4040| -0,9 400 0
4041| -0,9 400 0
4042| -0,9 400 0
4043| -0,9 400 0
4044| -0,9 400 0
4045| -0,9 400 0
4046| -0,9 400 0
4047| -0,9 400 0
4048| -0,9 400 0
4049| -0,9 400 0
4050| -0,9 400 0
4051| -0,9 400 0
4052| -0,9 400 0
4053| -0,9 400 0
4054| -0,9 400 0
4055| -0,9 400 0
4056| -0,9 400 0
4057| -0,9 400 0
4058| -0,9 400 0
4059| -0,9 400 0
4060| -0,9 400 0
4061| -0,9 400 0
4062| -0,9 400 0
4063| -0,9 400 0
4064| -0,9 400 0
4065| -0,9 400 0
4066| -0,9 400 0
4067| -0,9 400 0
4068| -0,9 400 0
4069| -0,9 400 0
4070| -0,9 400 0
4071| -0,9 400 0
4072| -0,9 400 0
4073| -0,9 400 0
4074| -0,9 400 0
4075| -0,9 400 0
4076| -0,9 400 0
4077| -0,9 400 0
4078| -0,9 400 0
4079| -0,9 400 0
4080| -0,9 400 0
4081| -0,9 400 0
4082| -0,9 400 0
4083| -0,9 400 0
4084| -0,9 400 0
4085| -0,9 400 0
4086| -0,9 400 0
4087| -0,9 400 0
4088| -0,9 400 0
4089| -0,9 400 0
4090| -0,9 400 0
4091| -0,9 400 0
4092| -0,9 400 0
4093| -0,9 400 0
4094| -0,9 400 0
4095| -0,9 400 0
4096| -0,9 400 0
4097| -0,9 400 0
4098| -0,9 400 0
4099| -0,9 400 0
4100| -0,9 400 0
4101| -0,9 400 0
4102| -0,9 400 0
4103| -0,9 400 0
4104| -0,9 400 0
4105| -0,9 400 0
4106| -0,9 400 0
4107| -0,9 400 0
4108| -0,9 400 0
4109| -0,9 400 0
4110| -0,9 400 0
4111| -0,9 400 0
4112| -0,9 400 0
4113| -0,9 400 0
4114| -0,9 400 0
4115| -0,9 400 0
4116| -0,9 400 0
4117| -0,9 400 0
4118| -0,9 400 0
4119| -0,9 400 0
4120| -0,9 400 0
4121| -0,9 400 0
4122| -0,9 400 0
4123| -0,9 400 0
4124| -0,9 400 0
4125| -0,9 400 0
4126| -0,9 400 0
4127| -0,9 400 0
4128| -0,9 400 0
4129| -0,9 400 0
4130| -0,9 400 0
4131| -0,9 400 0
4132| -0,9 400 0
4133| -0,9 400 0
4134| -0,9 400 0
4135| -0,9 400 0
4136| -0,9 400 0
4137| -0,9 400 0
4138| -0,9 400 0
4139| -0,9 400 0
4140| -0,9 400 0
4141| -0,9 400 0
4142| -0,9 400 0
4143| -0,9 400 0
4144| -0,9 400 0
4145| -0,9 400 0
4146| -0,9 400 0
4147| -0,9 400 0
4148| -0,9 400 0
4149| -0,9 400 0
4150| -0,9 400 0
4151| -0,9 400 0
4152| -0,9 400 0
4153| -0,9 400 0
4154| -0,9 400 0
4155| -0,9 400 0
4156| -0,9 400 0
4157| -0,9 400 0
4158| -0,9 400 0
4159| -0,9 400 0
4160| 0 0 0
4161| 0 0 0
4162| 0 0 0
4163| 0 0 0
4164| 0 0 0
4165| 0 0 0
4166| 0 0 0
4167| 0 0 0
4168| 0 0 0
4169| 0 0 0
4170| 0 0 0
4171| 0 0 0
4172| 0 0 0
4173| 0 0 0
4174| 0 0 0
4175| 0 0 0
4176| 0 0 0
4177| 0 0 0
4178| 0 0 0
4179| 0 0 0
4180| 0 0 0
4181| 0 0 0
4182| 0 0 0
4183| 0 0 0
4184| 0 0 0
4185| 0 0 0
4186| 0 0 0
4187| 0 0 0
4188| 0 0 0
4189| 0 0 0
4190| 0 0 0
4191| 0 0 0
4192| 0,3 0 0
4193| 0,6 0 0
4194| 0,9 0 0
4195| 1,2 0 0
4196| 1,5 0 0
4197| 1,8 0 0
4198| 2,1 0 0
4199| 2,4 0 0
4200| 2,7 0 0
4201| 3 0 0
4202| 3,299999 0 0
4203| 3,599999 0 0
4204| 3,899999 0 0
4205| 4,2 0 0
4206| 4,5 0 0
4207| 4,8 0 0
4208| 5,1 0 0
4209| 5,4 0 0
4210| 5,7 0 0
4211| 6 0 0
4212| 6,300001 0 0
4213| 6,600001 0 0
4214| 6,900001 0 0
4215| 7,200001 0 0
4216| 7,500001 0 0
4217| 7,800001 0 0
4218| 8,1 0 0
4219| 8,4 0 0
4220| 8,7 0 0
4221| 8,999999 0 0
4222| 9,299999 0 0
4223| 9,599998 0 0
4224| 9,899999 0 0
4225| 10,2 0 0
4226| 10,5 0 0
4227| 10,8 0 0
4228| 11,1 0 0
4229| 11,4 0 0
4230| 11,7 0 0
4231| 12 0 0
4232| 12,3 0 0
4233| 12,6 0 0
4234| 12,9 0 0
4235| 13,2 0 0
4236| 13,5 0 0
4237| 13,79999 0 0
4238| 14,09999 0 0
4239| 14,39999 0 0
4240| 14,69999 0 0
4241| 14,99999 0 0
4242| 15,29999 0 0
4243| 15,59999 0 0
4244| 15,89999 0 0
4245| 16,19999 0 0
4246| 16,49999 0 0
4247| 16,79999 0 0
4248| 17,09999 0 0
4249| 0 0 0
4250| 0,3 0 0
4251| 0,6 0 0
4252| 0,9 0 0
4253| 1,2 0 0
4254| 1,5 0 0
4255| 1,8 0 0
4256| 2,1 0 0
4257| 2,4 0 0
4258| 2,7 0 0
4259| 3 0 0
4260| 0 0 0
4261| 0 0 0
4262| 0 0 0
4263| 0 0 0
4264| 0 0 0
4265| 0 0 0
4266| 0 0 0
4267| 0,3 0 0
4268| 0,6 0 0
4269| 0,9 0 0
4270| 1,2 0 0
4271| 1,5 0 0
4272| 1,8 0 0
4273| 2,1 0 0
4274| 2,4 0 0
4275| 2,7 0 0
4276| 3 0 0
4277| 3,299999 0 0
4278| 3,599999 0 0
4279| 3,899999 0 0
4280| 4,2 0 0
4281| 4,5 0 0
4282| 4,8 0 0
4283| 5,1 0 0
4284| 5,4 0 0
4285| 5,7 0 0
4286| 6 0 0
4287| 6,300001 0 0
4288| 6,600001 0 0
4289| 6,900001 0 0
4290| 7,200001 0 0
4291| 7,500001 0 0
4292| 7,800001 0 0
4293| 8,1 0 0
4294| 8,4 0 0
4295| 8,7 0 0
4296| 8,999999 0 0
4297| 9,299999 0 0
4298| 9,599998 0 0
4299| 9,899999 0 0
4300| 10,2 0 0
4301| 10,5 0 0
4302| 10,8 0 0
4303| 11,1 0 0
4304| 11,4 0 0
4305| 11,7 0 0
4306| 12 0 0
4307| 12,3 0 0
4308| 12,6 0 0
4309| 12,9 0 0
4310| 13,2 0 0
4311| 13,5 0 0
4312| 13,79999 0 0
4313| 14,09999 0 0
4314| 14,39999 0 0
4315| 14,69999 0 0
4316| 14,99999 0 0
4317| 15,29999 0 0
4318| 15,59999 0 0
4319| 15,89999 0 0
4320| 16,19999 0 0
4321| 16,49999 0 0
4322| 16,79999 0 0
4323| 17,09999 0 0
4324| 17,39999 0 0
4325| 17,69999 0 0
4326| 17,99999 0 0
4327| 18,29999 0 0
4328| 18,59999 0 0
4329| 18,89999 0 0
4330| 19,19999 0 0
4331| 19,49999 0 0
4332| 19,79999 0 0
4333| 20,09999 0 0
4334| 20,39999 0 0
4335| 20,69999 0 0
4336| 20,99999 0 0
4337| 21,29999 0 0
4338| 21,59999 0 0
4339| 21,89999 0 0
4340| 0 0 0
4341| 0 0 0
4342| 0 0 0
4343| -0,3 0 0
4344| -0,6 0 0
4345| -0,9 0 0
4346| -1,2 0 0
4347| -1,5 0 0
4348| -1,8 0 0
4349| -2,1 0 0
4350| -2,4 0 0
4351| -2,7 0 0
4352| 0 0 0
4353| 0 0 0
4354| 0 -4 0
4355| 0 -8 0
4356| 0 -12 0
4357| 0 -16 0
4358| 0 -20 0
4359| 0 -24 0
4360| 0 -28 0
4361| 0 -32 0
4362| 0 -36 0
4363| 0 -40 0
4364| 0 -43,99999 0
4365| 0 -47,99999 0
4366| 0 -51,99999 0
4367| 0 -55,99999 0
4368| 0 -60 0
4369| 0 -64 0
4370| 0 -68 0
4371| 0 -72 0
4372| 0 -76,00001 0
4373| 0 -80,00001 0
4374| 0 -84,00001 0
4375| 0 -88,00002 0
4376| 0 -92,00002 0
4377| 0 -96,00002 0
4378| 0 -100 0
4379| 0 -104 0
4380| 0 -108 0
4381| 0 -112 0
4382| 0 -116 0
4383| 0 -120 0
4384| 0 -124 0
4385| 0 -128 0
4386| 0 -132 0
4387| 0 -136 0
4388| 0 -140 0
4389| 0 -144 0
4390| 0 -148 0
4391| 0 -152 0
4392| 0 -156 0
4393| 0 -160 0
4394| 0 -164 0
4395| 0 -168 0
4396| 0 -171,9999 0
4397| 0 -175,9999 0
4398| 0 -179,9999 0
4399| 0 -183,9999 0
4400| 0 -187,9999 0
4401| 0 -191,9999 0
4402| 0 -195,9999 0
4403| 0 -199,9999 0
4404| 0 -203,9999 0
4405| 0 0 0
4406| 0 0 0
4407| 0 0 0
4408| 0 0 0
4409| 0 0 0
4410| 0 0 0
4411| 0 0 0
4412| 0 0 0
4413| 0 0 0
4414| 0 0 0
4415| 0 0 0
4416| 0 0 0
4417| 0 0 0
4418| 0 0 0
4419| 0 0 0
4420| 0 0 0
4421| 0 0 0
4422| 0 0 0
4423| 0 0 0
4424| 0 0 0
4425| 0 0 0
4426| 0 0 0
4427| 0 0 0
4428| 0 0 0
4429| 0 0 0
4430| 0 0 0
4431| 0 0 0
4432| 0 0 0
4433| 0 0 0
4434| 0 0 0
4435| 0 0 0
4436| 0 0 0
4437| 0 0 0
4438| 0 0 0
4439| 0 0 0
4440| 0 0 0
4441| 0 0 0
4442| 0 0 0
4443| 0 0 0
4444| 0 0 0
4445| 0 0 0
4446| 0 0 0
4447| 0 0 0
4448| 0 0 0
4449| 0 0 0
4450| 0 0 0
4451| 0 0 0
4452| 0 0 0
4453| 0 0 0
4454| 0 0 0
4455| 0 0 0
4456| 0 0 0
4457| 0 0 0
4458| 0 0 0
4459| 0 0 0
4460| 0 0 0
4461| 0 0 0
4462| 0 0 0
4463| 0 0 0
4464| 0 0 0
4465| 0 0 0
4466| 0 0 0
4467| 0 0 0
4468| 0 0 0
4469| 0 0 0
4470| 0 0 0
4471| 0 0 0
4472| 0 0 0
4473| 0 0 0
4474| 0 0 0
4475| 0 0 0
4476| 0 0 0
4477| 0 0 0
4478| 0 0 0
4479| 0 0 0
4480| 0 0 0
4481| 0 0 0
4482| 0 0 0
4483| 0 0 0
4484| 0 0 0
4485| 0 0 0
4486| 0 0 0
4487| 0 0 0
4488| 0 0 0
4489| 0 0 0
4490| 0 0 0
4491| 0 0 0
4492| 0 0 0
4493| 0 0 0
4494| 0 0 0
4495| 0 0 0
4496| 0 0 0
4497| 0 0 0
4498| 0 0 0
4499| 0 0 0
4500| 0 0 0
4501| 0 0 0
4502| 0 0 0
4503| 0 4 0
4504| 0 8 0
4505| 0 12 0
4506| 0 16 0
4507| 0 20 0
4508| 0 24 0
4509| 0 28 0
4510| 0 32 0
4511| 0 36 0
4512| 0 40 0
4513| 0 43,99999 0
4514| 0 47,99999 0
4515| 0 51,99999 0
4516| 0 55,99999 0
4517| 0 60 0
4518| 0 64 0
4519| 0 68 0
4520| 0 72 0
4521| 0 76,00001 0
4522| 0 80,00001 0
4523| 0 84,00001 0
4524| 0 88,00002 0
4525| 0 92,00002 0
4526| 0 96,00002 0
4527| 0 100 0
4528| 0 104 0
4529| 0 108 0
4530| 0 0 0
4531| 0 0 0
4532| 0 0 0
4533| 0 0 0
4534| 0 0 0
4535| 0 0 0
4536| 0 0 0
4537| 0 0 0
4538| 0 4 0
4539| 0 8 0
4540| 0 12 0
4541| 0 16 0
4542| 0 20 0
4543| 0 24 0
4544| 0 28 0
4545| 0 32 0
4546| 0 36 0
4547| 0 40 0
4548| 0 43,99999 0
4549| 0 47,99999 0
4550| 0 51,99999 0
4551| 0 55,99999 0
4552| 0 60 0
4553| 0 64 0
4554| 0 68 0
4555| 0 72 0
4556| 0 76,00001 0
4557| 0 80,00001 0
4558| 0 84,00001 0
4559| 0 88,00002 0
4560| 0 92,00002 0
4561| 0 96,00002 0
4562| 0 100 0
4563| 0 104 0
4564| 0 108 0
4565| 0 112 0
4566| 0 116 0
4567| 0 0 0
4568| 0 0 0
4569| 0 0 0
4570| 0 0 0
4571| 0 0 0
4572| 0 0 0
4573| 0 0 0
4574| 0 4 0
4575| 0 8 0
4576| 0 12 0
4577| 0 16 0
4578| 0 20 0
4579| 0 24 0
4580| 0 28 0
4581| 0 32 0
4582| 0 36 0
4583| 0 40 0
4584| 0 43,99999 0
4585| 0 47,99999 0
4586| 0 51,99999 0
4587| 0 55,99999 0
4588| 0 60 0
4589| 0 64 0
4590| 0 68 0
4591| 0 72 0
4592| 0 76,00001 0
4593| 0 80,00001 0
4594| 0 84,00001 0
4595| 0 88,00002 0
4596| 0 92,00002 0
4597| 0 0 0
4598| 0 0 0
4599| 0 0 0
4600| 0 0 0
4601| 0 0 0
4602| 0 0 0
4603| 0 0 0
4604| 0 0 0
4605| 0 0 0
4606| 0 0 0
4607| 0 0 0
4608| 0 0 0
4609| 0 0 0
4610| 0 0 0
4611| 0 0 0
4612| 0 0 0
4613| 0 0 0
4614| 0 0 0
4615| 0 0 0
4616| 0 0 0
4617| 0 0 0
4618| 0 0 0
4619| 0 0 0
4620| 0 0 0
4621| 0 0 0
4622| 0 0 0
4623| 0 0 0
4624| 0 0 0
4625| 0 0 0
4626| 0 0 0
4627| 0 0 0
4628| 0 0 0
4629| 0 0 0
4630| 0 0 0
4631| 0 0 0
4632| 0 0 0
4633| 0 0 0
4634| 0 0 0
4635| 0 0 0
4636| 0 0 0
4637| 0 0 0
4638| 0 0 0
4639| 0 0 0
4640| 0 0 0
4641| 0 0 0
4642| 0 0 0
4643| 0 0 0
4644| 0 0 0
4645| 0 0 0
4646| 0 0 0
4647| 0 0 0
4648| 0 0 0
4649| 0 0 0
4650| 0 0 0
4651| 0 0 0
4652| 0 0 0
4653| 0 0 0
4654| 0 0 0
4655| 0 0 0
4656| 0 0 0
4657| 0 0 0
4658| 0 0 0
4659| 0 0 0
4660| 0 0 0
4661| 0 0 0
4662| 0 0 0
4663| 0 0 0
4664| 0 0 0
4665| 0 0 0
4666| 0 0 0
4667| 0 0 0
4668| 0 0 0
4669| 0 0 0
4670| 0 0 0
4671| 0 0 0
4672| 0 0 0
4673| 0 0 0
4674| 0 0 0
4675| 0 0 0
4676| 0 0 0
4677| 0 0 0
4678| 0 0 0
4679| 0 0 0
4680| 0 0 0
4681| 0 0 0
4682| 0 0 0
4683| 0 0 0
4684| 0 0 0
4685| 0 0 0
4686| 0 0 0
4687| 0 0 0
4688| 0 0 0
4689| 0 0 0
4690| 0 0 0
4691| 0 0 0
4692| 0 0 0
4693| 0 0 0
4694| 0 0 0
4695| 0 0 0
4696| 0 0 0
4697| 0 0 0
4698| 0 0 0
4699| 0 0 0
4700| 0 0 0
4701| 0 4 0
4702| 0 8 0
4703| 0 12 0
4704| 0 0 0
4705| 0 0 0
4706| 0 0 0
4707| 0 4 0
4708| 0 8 0
4709| 0 0 0
4710| 0 0 0
4711| 0 0 0
4712| 0 0 0
4713| 0 4 0
4714| 0 8 0
4715| 0 12 0
4716| 0 16 0
4717| 0 0 0
4718| 0 0 0
4719| 0 0 0
4720| 0 0 0
4721| 0 0 0
4722| 0 0 0
4723| 0 0 0
4724| 0 0 0
4725| 0 0 0
4726| 0 0 0
4727| 0 0 0
4728| 0 0 0
4729| 0 0 0
4730| 0 0 0
4731| 0 0 0
4732| 0 0 0
4733| 0 0 0
4734| 0 0 0
4735| 0 0 0
4736| 0 0 0
4737| 0 0 0
4738| 0 0 0
4739| 0 0 0
4740| 0 0 0
4741| 0 4 0
4742| 0 8 0
4743| 0 0 0
4744| 0 0 0
4745| 0 0 0
4746| 0 0 0
4747| 0 0 0
4748| 0 0 0
4749| 0 0 0
4750| 0 0 0
4751| 0 0 0
4752| 0 0 0
4753| 0 0 0
4754| 0 0 0
4755| 0 0 0
4756| 0 0 0
4757| 0 0 0
4758| 0 0 0
4759| 0 0 0
4760| 0 0 0
4761| 0 0 0
4762| 0 0 0
4763| 0 0 0
4764| 0 0 0
4765| 0 0 0
4766| 0 0 0
4767| 0 0 0
4768| 0 0 0
4769| 0 0 0
4770| 0 0 0
4771| 0 0 0
4772| 0 0 0
4773| 0 0 0
4774| 0 0 0
4775| 0 0 0
4776| 0 0 0
4777| 0 0 0
4778| 0 0 0
4779| 0 0 0
4780| 0 0 0
4781| 0 0 0
4782| 0 0 0
4783| 0 0 0
4784| 0 0 0
4785| 0 0 0
4786| 0 0 0
4787| 0 0 0
4788| 0 0 0
4789| 0 0 0
4790| 0 0 0
4791| 0 0 0
4792| 0 0 0
4793| 0 0 0
4794| 0 0 0
4795| 0 0 0
4796| 0 0 0
4797| 0 0 0
4798| 0 0 0
4799| 0 0 0
4800| 0 0 0
4801| 0 0 0
4802| 0 0 0
4803| 0 0 0
4804| 0 0 0
4805| 0 0 0
4806| 0 0 0
4807| 0 0 0
4808| 0 0 0
4809| 0 0 0
4810| 0 0 0
4811| 0 0 0
4812| 0 0 0
4813| 0 0 0
4814| 0 0 0
4815| 0 0 0
4816| 0 0 0
4817| 0 0 0
4818| 0 0 0
4819| 0 0 0
4820| 0 0 0
4821| 0 0 0
4822| 0 0 0
4823| 0 0 0
4824| 0 0 0
4825| 0 0 0
4826| 0 0 0
4827| 0 0 0
4828| 0 0 0
4829| 0 0 0
4830| 0 0 0
4831| 0 0 0
4832| 0 0 0
4833| 0 0 0
4834| 0 0 0
4835| 0 0 0
4836| 0 0 0
4837| 0 0 0
4838| 0 0 0
4839| 0 0 0
4840| 0 0 0
4841| 0 0 0
4842| 0 0 0
4843| 0 0 0
4844| 0 0 0
4845| 0 0 0
4846| 0 0 0
4847| 0 0 0
4848| 0 0 0
4849| 0 0 0
4850| 0 0 0
4851| 0 0 0
4852| 0 0 0
4853| 0 0 0
4854| 0 0 0
4855| 0 0 0
4856| 0 0 0
4857| 0 0 0
4858| 0 0 0
4859| 0 0 0
4860| 0 0 0
4861| 0 0 0
4862| 0 0 0
4863| 0 0 0
4864| 0 0 0
4865| 0 0 0
4866| 0 0 0
4867| 0 0 0
4868| 0 0 0
4869| 0 0 0
4870| 0 0 0
4871| 0 0 0
4872| 0 0 0
4873| 0 0 0
4874| 0 0 0
4875| 0 0 0
4876| 0 0 0
4877| 0 0 0
4878| 0 0 0
4879| 0 4 0
4880| 0 8 0
4881| 0 12 0
4882| 0 16 0
4883| 0 20 0
4884| 0 24 0
4885| 0 28 0
4886| 0 32 0
4887| 0 36 0
4888| 0 40 0
4889| 0 43,99999 0
4890| 0 47,99999 0
4891| 0 51,99999 0
4892| 0 55,99999 0
4893| 0 60 0
4894| 0 64 0
4895| 0 68 0
4896| 0 0 0
4897| 0 0 0
4898| 0 0 0
4899| 0 0 0
4900| 0 0 0
4901| 0 0 0
4902| 0 0 0
4903| 0 0 0
4904| 0 0 0
4905| 0 0 0
4906| 0 0 0
4907| 0 0 0
4908| 0 0 0
4909| 0 0 0
4910| 0 0 0
4911| 0 0 0
4912| 0 0 0
4913| 0 0 0
4914| 0 0 0
4915| 0 0 0
4916| 0 0 0
4917| 0 0 0
4918| 0 0 0
4919| 0 0 0
4920| 0 0 0
4921| 0 0 0
4922| 0 0 0
4923| 0 0 0
4924| 0 0 0
4925| 0 0 0
4926| 0 0 0
4927| 0 0 0
4928| 0 0 0
4929| 0 0 0
4930| 0 0 0
4931| 0 0 0
4932| 0 0 0
4933| 0 0 0
4934| 0 0 0
4935| 0 0 0
4936| 0 0 0
4937| 0 0 0
4938| 0 0 0
4939| 0 0 0
4940| 0 0 0
4941| 0 0 0
4942| 0 0 0
4943| 0 0 0
4944| 0 0 0
4945| 0 0 0
4946| 0 0 0
4947| 0 0 0
4948| 0 0 0
4949| 0 0 0
4950| 0 0 0
4951| 0 0 0
4952| 0 0 0
4953| 0 0 0
4954| 0 0 0
4955| 0 0 0
4956| 0 0 0
4957| 0 0 0
4958| 0 0 0
4959| 0 0 0
4960| 0 0 0
4961| 0 0 0
4962| 0 0 0
4963| 0 0 0
4964| 0 0 0
4965| 0 0 0
4966| 0 0 0
4967| 0 0 0
4968| 0 0 0
4969| 0 0 0
4970| 0 0 0
4971| 0 0 0
4972| 0 0 0
4973| 0 0 0
4974| 0 0 0
4975| 0 0 0
4976| 0 0 0
4977| 0 0 0
4978| 0 0 0
4979| 0 0 0
4980| 0 0 0
4981| 0 0 0
4982| 0 0 0
4983| 0 0 0
4984| 0 0 0
4985| 0 0 0
4986| 0 0 0
4987| 0 0 0
4988| 0 0 0
4989| 0 0 0
4990| 0 0 0
4991| 0 0 0
4992| 0 0 0
4993| 0 0 0
4994| 0 0 0
4995| 0 0 0
4996| 0 0 0
4997| 0 0 0
4998| 0 0 0
4999| 0 0 0
5000| 0 0 0
5001| 0 0 0
5002| 0 0 0
5003| 0 0 0
5004| 0 0 0
5005| 0 0 0
5006| 0 0 0
5007| 0 0 0
5008| 0 0 0
5009| 0 0 0
5010| 0 0 0
5011| 0 0 0
5012| 0 0 0
5013| 0 0 0
5014| 0 0 0
5015| 0 0 0
5016| 0 0 0
5017| 0 0 0
5018| 0 0 0
5019| 0 0 0
5020| 0 0 0
5021| 0 0 0
5022| 0 0 0
5023| 0 0 0
5024| 0 0 0
5025| 0 0 0
5026| 0 0 0
5027| 0 0 0
5028| 0 0 0
5029| 0 0 0
5030| 0 0 0
5031| 0 0 0
5032| 0 0 0
5033| 0 0 0
5034| 0 0 0
5035| 0 0 0
5036| 0 0 0
5037| 0 0 0
5038| 0 0 0
5039| 0 0 0
5040| 0 0 0
5041| 0 0 0
5042| 0 0 0
5043| 0 0 0
5044| 0 0 0
5045| 0 0 0
5046| 0 0 0
5047| 0 0 0
5048| 0 0 0
5049| 0 0 0
5050| 0 0 0
5051| 0 0 0
5052| 0 0 0
5053| 0 0 0
5054| 0 0 0
5055| 0 0 0
5056| 0 0 0
5057| 0 0 0
5058| 0 0 0
5059| 0 0 0
5060| 0 0 0
5061| 0 0 0
5062| 0 0 0
5063| 0 0 0
5064| 0 0 0
5065| 0 0 0
5066| 0 0 0
5067| 0 0 0
5068| 0 0 0
5069| 0 0 0
5070| 0 0 0
5071| 0 0 0
5072| 0 0 0
5073| 0 0 0
5074| 0 0 0
5075| 0 0 0
5076| 0 0 0
5077| 0 0 0
5078| 0 0 0
5079| 0 0 0
5080| 0 0 0
5081| 0 0 0
5082| 0 0 0
5083| 0 0 0
5084| 0 0 0
5085| 0 0 0
5086| 0 0 0
5087| 0 0 0
5088| 0 0 0
5089| 0 0 0
5090| 0 0 0
5091| 0 0 0
5092| 0 0 0
5093| 0 0 0
5094| 0 0 0
5095| 0 0 0
5096| 0 0 0
5097| 0 0 0
5098| 0 0 0
5099| 0 0 0
5100| 0 0 0
5101| 0 0 0
5102| 0 0 0
5103| 0 0 0
5104| 0 0 0
5105| 0 0 0
5106| 0 0 0
5107| 0 0 0
5108| 0 0 0
5109| 0 0 0
5110| 0 0 0
5111| 0 0 0
5112| 0 0 0
5113| 0 0 0
5114| 0 0 0
5115| 0 0 0
5116| 0 0 0
5117| 0 0 0
5118| 0 0 0
5119| 0 0 0
5120| 0 0 0
5121| 0 0 0
5122| 0 0 0
5123| 0 0 0
5124| 0 0 0
5125| 0 0 0
5126| 0 0 0
5127| 0 0 0
5128| 0 0 0
5129| 0 0 0
5130| 0 0 0
5131| 0 0 0
5132| 0 0 0
5133| 0 0 0
5134| 0 0 0
5135| 0 0 0
5136| 0 0 0
5137| 0 0 0
5138| 0 0 0
5139| 0 0 0
5140| 0 0 0
5141| 0 0 0
5142| 0 0 0
5143| 0 0 0
5144| 0 0 0
5145| 0 0 0
5146| 0 0 0
5147| 0 0 0
5148| 0 0 0
5149| 0 0 0
5150| 0 0 0
5151| 0 0 0
5152| 0 0 0
5153| 0 0 0
5154| 0 0 0
5155| 0 0 0
5156| 0 0 0
5157| 0 0 0
5158| 0 0 0
5159| 0 0 0
5160| 0 0 0
5161| 0 0 0
5162| 0 0 0
5163| 0 0 0
5164| 0 0 0
5165| 0 0 0
5166| 0 0 0
5167| 0 0 0
5168| 0 0 0
5169| 0 0 0
5170| 0 0 0
5171| 0 0 0
5172| 0 0 0
5173| 0 0 0
5174| 0 0 0
5175| 0 0 0
5176| 0 0 0
5177| 0 0 0
5178| 0 0 0
5179| 0 0 0
5180| 0 0 0
5181| 0 0 0
5182| 0 0 0
5183| 0 0 0
5184| 0 0 0
5185| 0 0 0
5186| 0 0 0
5187| 0 0 0
5188| 0 0 0
5189| 0 0 0
5190| 0 0 0
5191| 0 0 0
5192| 0 0 0
5193| 0 0 0
5194| 0 0 0
5195| 0 0 0
5196| 0 0 0
5197| 0 0 0
5198| 0 0 0
5199| 0 0 0
5200| 0 0 0
5201| 0 0 0
5202| 0 0 0
5203| 0 0 0
5204| 0 0 0
5205| 0 0 0
5206| 0 0 0
5207| 0 0 0
5208| 0 0 0
5209| 0 0 0
5210| 0 0 0
5211| 0 0 0
5212| 0 0 0
5213| 0 0 0
5214| 0 0 0
5215| 0 0 0
5216| 0 0 0
5217| 0 0 0
5218| 0 0 0
5219| 0 0 0
5220| 0 0 0
5221| 0 0 0
5222| 0 0 0
5223| 0 0 0
5224| 0 0 0
5225| 0 0 0
5226| 0 0 0
5227| 0 0 0
5228| 0 0 0
5229| 0 0 0
5230| 0 0 0
5231| 0 0 0
5232| 0 0 0
5233| 0 0 0
5234| 0 0 0
5235| 0 0 0
5236| 0 0 0
5237| 0 0 0
5238| 0 0 0
5239| 0 0 0
5240| 0 0 0
5241| 0 0 0
5242| 0 0 0
5243| 0 0 0
5244| 0 0 0
5245| 0 0 0
5246| 0 0 0
5247| 0 0 0
5248| 0 0 0
5249| 0 0 0
5250| 0 0 0
5251| 0 0 0
5252| 0 0 0
5253| 0 0 0
5254| 0 0 0
5255| 0 0 0
5256| 0 0 0
5257| 0 0 0
5258| 0 0 0
5259| 0 0 0
5260| 0 0 0
5261| 0 0 0
5262| 0 0 0
5263| 0 0 0
5264| 0 0 0
5265| 0 0 0
5266| 0 0 0
5267| 0 0 0
5268| 0 0 0
5269| 0 0 0
5270| 0 0 0
5271| 0 0 0
5272| 0 0 0
5273| 0 0 0
5274| 0 0 0
5275| 0 0 0
5276| 0 0 0
5277| 0 0 0
5278| 0 0 0
5279| 0 0 0
5280| 0 0 0
5281| 0 0 0
5282| 0 0 0
5283| 0 0 0
5284| 0 0 0
5285| 0 0 0
5286| 0 0 0
5287| 0 0 0
5288| 0 0 0
5289| 0 0 0
5290| 0 0 0
5291| 0 0 0
5292| 0 0 0
5293| 0 0 0
5294| 0 0 0
5295| 0 0 0
5296| 0 0 0
5297| 0 0 0
5298| 0 0 0
5299| 0 0 0
5300| 0 0 0
5301| 0 0 0
5302| 0 0 0
5303| 0 0 0
5304| 0 0 0
5305| 0 0 0
5306| 0 0 0
5307| 0 0 0
5308| 0 0 0
5309| 0 0 0
5310| 0 0 0
5311| 0 0 0
5312| 0 0 0
5313| 0 0 0
5314| 0 0 0
5315| 0 0 0
5316| 0 0 0
5317| 0 0 0
5318| 0 0 0
5319| 0 0 0
5320| 0 0 0
5321| 0 0 0
5322| 0 0 0
5323| 0 0 0
5324| 0 0 0
5325| 0 0 0
5326| 0 0 0
5327| 0 0 0
5328| 0 0 0
5329| 0 0 0
5330| 0 0 0
5331| 0 0 0
5332| 0 0 0
5333| 0 0 0
5334| 0 0 0
5335| 0 0 0
5336| 0 0 0
5337| 0 0 0
5338| 0 0 0
5339| 0 0 0
5340| 0 0 0
5341| 0 0 0
5342| 0 0 0
5343| 0 0 0
5344| 0 0 0
5345| 0 0 0
5346| 0 0 0
5347| 0 0 0
5348| 0 0 0
5349| 0 0 0
5350| 0 0 0
5351| 0 0 0
5352| 0 0 0
5353| 0 0 0
5354| 0 0 0
5355| 0 0 0
5356| 0 0 0
5357| 0 0 0
5358| 0 0 0
5359| 0 0 0
5360| 0 0 0
5361| 0 0 0
5362| 0 0 0
5363| 0 0 0
5364| 0 0 0
5365| 0 0 0
5366| 0 0 0
5367| 0 0 0
5368| 0 0 0
5369| 0 0 0
5370| 0 0 0
5371| 0 0 0
5372| 0 0 0
5373| 0 0 0
5374| 0 0 0
5375| 0 0 0
5376| 0 0 0
5377| 0 0 0
5378| 0 0 0
5379| 0 0 0
5380| 0 0 0
5381| 0 0 0
5382| 0 0 0
5383| 0 0 0
5384| 0 0 0
5385| 0 0 0
5386| 0 0 0
5387| 0 0 0
5388| 0 0 0
5389| 0 0 0
5390| 0 0 0
5391| 0 0 0
5392| 0 0 0
5393| 0 0 0
5394| 0 0 0
5395| 0 0 0
5396| 0 0 0
5397| 0 0 0
5398| 0 0 0
5399| 0 0 0
5400| 0 0 0
5401| 0 0 0
5402| 0 0 0
5403| 0 0 0
5404| 0 0 0
5405| 0 0 0
5406| 0 0 0
5407| 0 0 0
5408| 0 0 0
5409| 0 0 0
5410| 0 0 0
5411| 0 0 0

