[1|(0.0.0)]
[2|(0.0.0)]
[3|(0.0.0)]
[4|(0.0.0)]
[5|(0.0.0)]
[6|(0.0.0)]
[7|(0.0.0)]
[8|(0.0.0)]
[9|(0.0.0)]
[10|(0.0.0)]
[11|(0.0.0)]
[12|(0.0.0)]
[13|(0.0.0)]
[14|(0.0.0)]
[15|(0.0.0)]
[16|(0.0.0)]
[17|(0.0.0)]
[18|(0.0.0)]
[19|(0.0.0)]
[20|(0.0.0)]
[21|(0.0.0)]
[22|(0.0.0)]
[23|(0.0.0)]
[24|(0.0.0)]
[25|(0.0.0)]
[26|(0.0.0)]
[27|(0.0.0)]
[28|(0.0.0)]
[29|(0.0.0)]
[30|(0.0.0)]
[31|(0.0.0)]
[32|(0.0.0)]
[33|(0.0.0)]
[34|(0.0.0)]
[35|(0.0.0)]
[36|(0.0.0)]
[37|(0.0.0)]
[38|(0.0.0)]
[39|(0.0.0)]
[40|(0.0.0)]
[41|(0.0.0)]
[42|(0.0.0)]
[43|(0.0.0)]
[44|(0.0.0)]
[45|(0.0.0)]
[46|(0.0.0)]
[47|(0.0.0)]
[48|(0.0.0)]
[49|(0.0.0)]
[50|(0.0.0)]
[51|(0.0.0)]
[52|(0.0.0)]
[53|(0.0.0)]
[54|(0.0.0)]
[55|(0.0.0)]
[56|(0.0.0)]
[57|(0.0.0)]
[58|(0.0.0)]
[59|(0.0.0)]
[60|(0.0.0)]
[61|(0.0.0)]
[62|(0.0.0)]
[63|(0.0.0)]
[64|(0.0.0)]
[65|(0.0.0)]
[66|(0.0.0)]
[67|(0.0.0)]
[68|(0.0.0)]
[69|(0.0.0)]
[70|(0.0.0)]
[71|(0.0.0)]
[72|(0.0.0)]
[73|(0.0.0)]
[74|(0.0.0)]
[75|(0.0.0)]
[76|(0.0.0)]
[77|(0.0.0)]
[78|(0.0.0)]
[79|(0.0.0)]
[80|(0.0.0)]
[81|(0.0.0)]
[82|(0.0.0)]
[83|(0.0.0)]
[84|(0.0.0)]
[85|(0.0.0)]
[86|(0.0.0)]
[87|(0.0.0)]
[88|(0.0.0)]
[89|(0.0.0)]
[90|(0.0.0)]
[91|(0.0.0)]
[92|(0.0.0)]
[93|(0.0.0)]
[94|(0.0.0)]
[95|(0.0.0)]
[96|(0.0.0)]
[97|(0.0.0)]
[98|(0.0.0)]
[99|(0.0.0)]
[100|(0.0.0)]
[101|(0.0.0)]
[102|(0.0.0)]
[103|(0.0.0)]
[104|(0.0.0)]
[105|(0.0.0)]
[106|(0.0.0)]
[107|(0.0.0)]
[108|(0.0.0)]
[109|(0.0.0)]
[110|(0.0.0)]
[111|(0.0.0)]
[112|(0.0.0)]
[113|(0.0.0)]
[114|(0.0.0)]
[115|(0.0.0)]
[116|(0.0.0)]
[117|(0.0.0)]
[118|(0.0.0)]
[119|(0.0.0)]
[120|(0.0.0)]
[121|(0.0.0)]
[122|(0.0.0)]
[123|(0.0.0)]
[124|(0.0.0)]
[125|(0.0.0)]
[126|(0.0.0)]
[127|(0.0.0)]
[128|(0.0.0)]
[129|(0.0.0)]
[130|(0.0.0)]
[131|(0.0.0)]
[132|(0.0.0)]
[133|(0.0.0)]
[134|(0.0.0)]
[135|(0.0.0)]
[136|(0.0.0)]
[137|(0.0.0)]
[138|(0.0.0)]
[139|(0.0.0)]
[140|(0.0.0)]
[141|(0.0.0)]
[142|(0.0.0)]
[143|(0.0.0)]
[144|(0.0.0)]
[145|(0.0.0)]
[146|(0.0.0)]
[147|(0.0.0)]
[148|(0.0.0)]
[149|(0.0.0)]
[150|(0.0.0)]
[151|(0.0.0)]
[152|(0.0.0)]
[153|(0.0.0)]
[154|(0.0.0)]
[155|(0.0.0)]
[156|(0.0.0)]
[157|(0.0.0)]
[158|(0.0.0)]
[159|(0.0.0)]
[160|(0.0.0)]
[161|(0.0.0)]
[162|(0.0.0)]
[163|(0.0.0)]
[164|(0.0.0)]
[165|(0.0.0)]
[166|(0.0.0)]
[167|(0.0,01.0)]
[168|(0.0,02.0)]
[169|(0.0,03.0)]
[170|(0.0,04.0)]
[171|(0,01.0,05.0)]
[172|(0,02.0,05999999.0)]
[173|(0,03.0,06999999.0)]
[174|(0,04.0,07999999.0)]
[175|(0,05.0,08999999.0)]
[176|(0,05999999.0,09999999.0)]
[177|(0,06999999.0,11.0)]
[178|(0,07999999.0,12.0)]
[179|(0,08999999.0,13.0)]
[180|(0,09999999.0,14.0)]
[181|(0,11.0,15.0)]
[182|(0,12.0,16.0)]
[183|(0,13.0,17.0)]
[184|(0,14.0,18.0)]
[185|(0,15.0,19.0)]
[186|(0,16.0,2.0)]
[187|(0,17.0,21.0)]
[188|(0,18.0,22.0)]
[189|(0,19.0,23.0)]
[190|(0,2.0,24.0)]
[191|(0,21.0,25.0)]
[192|(0,22.0,26.0)]
[193|(0,23.0,27.0)]
[194|(0,24.0,28.0)]
[195|(0,25.0,29.0)]
[196|(0,26.0,3.0)]
[197|(0,27.0,31.0)]
[198|(0,28.0,32.0)]
[199|(0,29.0,33.0)]
[200|(0,3.0,3399999.0)]
[201|(0,31.0,3499999.0)]
[202|(0,32.0,3599999.0)]
[203|(0,33.0,3699999.0)]
[204|(0,3399999.0,3799999.0)]
[205|(0,3499999.0,3899999.0)]
[206|(0,3599999.0,3999999.0)]
[207|(0,3699999.0,4099999.0)]
[208|(0,3799999.0,4199999.0)]
[209|(0,3899999.0,4299999.0)]
[210|(0,3999999.0,4399998.0)]
[211|(0,4099999.0,4499998.0)]
[212|(0,4199999.0,4599998.0)]
[213|(0,4299999.0,4699998.0)]
[214|(0,4399998.0,4799998.0)]
[215|(0,4499998.0,4899998.0)]
[216|(0,4599998.0,4999998.0)]
[217|(0,4699998.0,5099998.0)]
[218|(0,4799998.0,5199998.0)]
[219|(0,4899998.0,5299998.0)]
[220|(0,4999998.0,5399998.0)]
[221|(0,5099998.0,5499998.0)]
[222|(0,5199998.0,5599998.0)]
[223|(0,5299998.0,5699998.0)]
[224|(0,5399998.0,5799997.0)]
[225|(0,5499998.0,5899997.0)]
[226|(0,5599998.0,5999997.0)]
[227|(0,5699998.0,6099997.0)]
[228|(0,5799997.0,6199997.0)]
[229|(0,5899997.0,6299997.0)]
[230|(0,5999997.0,6399997.0)]
[231|(0,6099997.0,6499997.0)]
[232|(0,6199997.0,6599997.0)]
[233|(0,6299997.0,6699997.0)]
[234|(0,6399997.0,6799996.0)]
[235|(0,6499997.0,6899996.0)]
[236|(0,6599997.0,6999996.0)]
[237|(0,6699997.0,7099996.0)]
[238|(0,6799996.0,7199996.0)]
[239|(0,6899996.0,7299996.0)]
[240|(0,6899996.0,7399996.0)]
[241|(0,6899996.0,7499996.0)]
[242|(0,6899996.0,7599996.0)]
[243|(0,6899996.0,7699996.0)]
[244|(0,6899996.0,7799996.0)]
[245|(0,6899996.0,7899995.0)]
[246|(0,6899996.0,7999995.0)]
[247|(0,6899996.0,8099995.0)]
[248|(0,6899996.0,8199995.0)]
[249|(0,6899996.0,8299995.0)]
[250|(0,6899996.0,8399995.0)]
[251|(0,6899996.0,8499995.0)]
[252|(0,6899996.0,8599995.0)]
[253|(0.0.0)]
[254|(0.0.0)]
[255|(0.0.0)]
[256|(0.0.0)]
[257|(0.0.0)]
[258|(0.0.0)]
[259|(0.0.0)]
[260|(0.0.0)]
[261|(0.0.0)]
[262|(0.0.0)]
[263|(0.0.0)]
[264|(0.0.0)]
[265|(0.0.0)]
[266|(0.0.0)]
[267|(0.0.0)]
[268|(0.0.0)]
[269|(0.0.0)]
[270|(0.0.0)]
[271|(0.0.0)]
[272|(0.0.0)]
[273|(0.0.0)]
[274|(0.0.0)]
[275|(0.0.0)]
[276|(0.0.0)]
[277|(0.0.0)]
[278|(0.0.0)]
[279|(0.0.0)]
[280|(0.0.0)]
[281|(0.0.0)]
[282|(0.0.0)]
[283|(0.0.0)]
[284|(0.0,01.0)]
[285|(0.0,02.0)]
[286|(0.0,03.0)]
[287|(0.0,04.0)]
[288|(0.0,05.0)]
[289|(0.0,05999999.0)]
[290|(0.0,06999999.0)]
[291|(0.0,07999999.0)]
[292|(0.0,08999999.0)]
[293|(0.0,09999999.0)]
[294|(0.0,11.0)]
[295|(0.0,12.0)]
[296|(0.0,13.0)]
[297|(0.0,14.0)]
[298|(0.0,15.0)]
[299|(0.0,16.0)]
[300|(0.0,17.0)]
[301|(0.0,18.0)]
[302|(0,01.0,19.0)]
[303|(0,02.0,2.0)]
[304|(0,03.0,21.0)]
[305|(0,04.0,22.0)]
[306|(0,04.0,23.0)]
[307|(0,04.0,24.0)]
[308|(0,04.0,25.0)]
[309|(0,04.0,26.0)]
[310|(0,04.0,27.0)]
[311|(0,04.0,28.0)]
[312|(0,04.0,29.0)]
[313|(0,05.0,3.0)]
[314|(0,05999999.0,31.0)]
[315|(0,06999999.0,32.0)]
[316|(0,07999999.0,33.0)]
[317|(0,07999999.0,3399999.0)]
[318|(0,07999999.0,3499999.0)]
[319|(0,07999999.0,3599999.0)]
[320|(0,07999999.0,3699999.0)]
[321|(0,08999999.0,3799999.0)]
[322|(0,09999999.0,3899999.0)]
[323|(0,09999999.0,3999999.0)]
[324|(0,09999999.0,4099999.0)]
[325|(0,09999999.0,4199999.0)]
[326|(0,09999999.0,4299999.0)]
[327|(0,09999999.0,4399998.0)]
[328|(0,09999999.0,4499998.0)]
[329|(0,09999999.0,4599998.0)]
[330|(0,09999999.0,4699998.0)]
[331|(0,09999999.0,4799998.0)]
[332|(0,09999999.0,4899998.0)]
[333|(0,09999999.0,4999998.0)]
[334|(0,09999999.0,5099998.0)]
[335|(0,09999999.0,5199998.0)]
[336|(0,09999999.0,5299998.0)]
[337|(0,09999999.0,5399998.0)]
[338|(0,09999999.0,5499998.0)]
[339|(0,09999999.0,5599998.0)]
[340|(0,09999999.0,5699998.0)]
[341|(0,09999999.0,5799997.0)]
[342|(0,09999999.0,5899997.0)]
[343|(0,09999999.0,5999997.0)]
[344|(0,09999999.0,6099997.0)]
[345|(0.0,6199997.0)]
[346|(-0,01.0,6299997.0)]
[347|(-0,02.0,6399997.0)]
[348|(-0,03.0,6499997.0)]
[349|(-0,04.0,6599997.0)]
[350|(-0,05.0,6699997.0)]
[351|(-0,05999999.0,6799996.0)]
[352|(-0,06999999.0,6899996.0)]
[353|(-0,07999999.0,6999996.0)]
[354|(-0,08999999.0,7099996.0)]
[355|(-0,09999999.0,7199996.0)]
[356|(-0,11.0,7299996.0)]
[357|(-0,12.0,7299996.0)]
[358|(-0,13.0,7299996.0)]
[359|(-0,14.0,7299996.0)]
[360|(-0,15.0,7299996.0)]
[361|(-0,16.0,7299996.0)]
[362|(-0,17.0,7299996.0)]
[363|(-0,18.0,7299996.0)]
[364|(-0,19.0,7299996.0)]
[365|(-0,2.0,7299996.0)]
[366|(-0,21.0,7299996.0)]
[367|(-0,22.0,7299996.0)]
[368|(-0,23.0,7299996.0)]
[369|(-0,24.0,7299996.0)]
[370|(-0,25.0,7299996.0)]
[371|(-0,26.0,7299996.0)]
[372|(-0,27.0,7299996.0)]
[373|(-0,28.0,7299996.0)]
[374|(-0,29.0,7299996.0)]
[375|(-0,3.0,7299996.0)]
[376|(-0,31.0,7299996.0)]
[377|(-0,32.0,7299996.0)]
[378|(-0,33.0,7299996.0)]
[379|(-0,3399999.0,7299996.0)]
[380|(-0,3499999.0,7299996.0)]
[381|(-0,3599999.0,7299996.0)]
[382|(-0,3699999.0,7299996.0)]
[383|(-0,3799999.0,7299996.0)]
[384|(-0,3899999.0,7299996.0)]
[385|(-0,3999999.0,7299996.0)]
[386|(-0,4099999.0,7299996.0)]
[387|(-0,4199999.0,7299996.0)]
[388|(-0,4299999.0,7299996.0)]
[389|(-0,4399998.0,7299996.0)]
[390|(-0,4499998.0,7299996.0)]
[391|(-0,4599998.0,7299996.0)]
[392|(-0,4699998.0,7299996.0)]
[393|(-0,4799998.0,7299996.0)]
[394|(-0,4899998.0,7299996.0)]
[395|(-0,4999998.0,7299996.0)]
[396|(-0,5099998.0,7299996.0)]
[397|(-0,5199998.0,7299996.0)]
[398|(-0,5299998.0,7299996.0)]
[399|(-0,5399998.0,7299996.0)]
[400|(-0,5499998.0,7299996.0)]
[401|(-0,5599998.0,7399996.0)]
[402|(0.0,7499996.0)]
[403|(0,01.0,7599996.0)]
[404|(0,02.0,7699996.0)]
[405|(0,03.0,7799996.0)]
[406|(0,04.0,7899995.0)]
[407|(0,05.0,7999995.0)]
[408|(0,05999999.0,8099995.0)]
[409|(0,06999999.0,8199995.0)]
[410|(0,07999999.0,8299995.0)]
[411|(0,08999999.0,8399995.0)]
[412|(0,09999999.0,8499995.0)]
[413|(0,11.0,8599995.0)]
[414|(0,12.0,8699995.0)]
[415|(0,13.0,8799995.0)]
[416|(0,13.0,8899994.0)]
[417|(0,13.0,8999994.0)]
[418|(0,13.0,9099994.0)]
[419|(0,13.0,9199994.0)]
[420|(0,13.0,9299994.0)]
[421|(0,13.0,9399994.0)]
[422|(0,13.0,9499994.0)]
[423|(0,13.0,9599994.0)]
[424|(0,13.0,9699994.0)]
[425|(0,13.0,9799994.0)]
[426|(0,13.0,9899994.0)]
[427|(0,13.0,9999993.0)]
[428|(0,13.1,009999.0)]
[429|(0,13.1.0)]
[430|(0,13.1.0)]
[431|(0,13.1.0)]
[432|(0.1.0)]
[433|(-0,01.1.0)]
[434|(-0,02.1.0)]
[435|(-0,03.1.0)]
[436|(-0,04.1.0)]
[437|(-0,05.1.0)]
[438|(-0,05999999.1.0)]
[439|(-0,06999999.1.0)]
[440|(-0,07999999.1.0)]
[441|(-0,08999999.1.0)]
[442|(-0,09999999.1.0)]
[443|(-0,11.1.0)]
[444|(-0,12.1.0)]
[445|(-0,13.1.0)]
[446|(-0,14.1.0)]
[447|(-0,15.1.0)]
[448|(-0,16.1.0)]
[449|(-0,17.1.0)]
[450|(-0,18.1.0)]
[451|(-0,19.1.0)]
[452|(-0,2.1.0)]
[453|(-0,21.1.0)]
[454|(-0,22.1.0)]
[455|(-0,23.1.0)]
[456|(-0,24.1.0)]
[457|(-0,25.1.0)]
[458|(-0,26.1.0)]
[459|(-0,27.1.0)]
[460|(-0,28.1.0)]
[461|(-0,29.1.0)]
[462|(-0,3.1.0)]
[463|(-0,31.1.0)]
[464|(-0,32.1.0)]
[465|(-0,33.1.0)]
[466|(-0,3399999.1.0)]
[467|(-0,3499999.1.0)]
[468|(-0,3599999.1.0)]
[469|(-0,3699999.1.0)]
[470|(-0,3799999.1.0)]
[471|(-0,3899999.1.0)]
[472|(-0,3999999.1.0)]
[473|(-0,4099999.1.0)]
[474|(-0,4199999.1.0)]
[475|(-0,4299999.1.0)]
[476|(-0,4399998.1.0)]
[477|(-0,4499998.1.0)]
[478|(-0,4599998.1.0)]
[479|(-0,4699998.1.0)]
[480|(-0,4799998.1.0)]
[481|(-0,4899998.1.0)]
[482|(-0,4999998.1.0)]
[483|(-0,5099998.1.0)]
[484|(-0,5199998.1.0)]
[485|(-0,5299998.1.0)]
[486|(-0,5399998.1.0)]
[487|(-0,5499998.1.0)]
[488|(-0,5599998.1.0)]
[489|(-0,5699998.1.0)]
[490|(-0,5799997.1.0)]
[491|(-0,5899997.1.0)]
[492|(-0,5999997.1.0)]
[493|(-0,6099997.1.0)]
[494|(-0,6199997.1.0)]
[495|(-0,6299997.1.0)]
[496|(-0,6399997.1.0)]
[497|(-0,6499997.1.0)]
[498|(-0,6599997.1.0)]
[499|(-0,6699997.1.0)]
[500|(-0,6799996.1.0)]
[501|(-0,6899996.1.0)]
[502|(-0,6999996.1.0)]
[503|(-0,7099996.1.0)]
[504|(-0,7199996.1.0)]
[505|(-0,7299996.1.0)]
[506|(-0,7399996.1.0)]
[507|(0.1.0)]
[508|(0,01.1.0)]
[509|(0,02.1.0)]
[510|(0,03.1.0)]
[511|(0,04.1.0)]
[512|(0,05.1.0)]
[513|(0,05999999.1.0)]
[514|(0,06999999.1.0)]
[515|(0,07999999.1.0)]
[516|(0,08999999.1.0)]
[517|(0,09999999.1.0)]
[518|(0.0.0)]
[519|(0.0.0)]
[520|(0.0.0)]
[521|(0.0.0)]
[522|(0.0.0)]
[523|(0.0.0)]
[524|(0.0.0)]
[525|(0.0.0)]
[526|(0.0.0)]
[527|(0.0.0)]
[528|(0.0.0)]
[529|(0.0.0)]
[530|(0.0.0)]
[531|(0.0.0)]
[532|(0.0.0)]
[533|(0,01.0.0)]
[534|(0,02.0.0)]
[535|(0,03.0.0)]
[536|(0,04.0.0)]
[537|(0,05.0.0)]
[538|(0,05999999.0.0)]
[539|(0.0.0)]
[540|(0.0.0)]
[541|(0.0.0)]
[542|(0.0.0)]
[543|(0.0.0)]
[544|(0.0.0)]
[545|(0.0.0)]
[546|(0.0.0)]
[547|(0.0.0)]
[548|(0.0.0)]
[549|(0.0.0)]
[550|(0.0.0)]
[551|(0.0.0)]
[552|(0.0.0)]
[553|(0.0.0)]
[554|(0.0.0)]
[555|(0.0.0)]
[556|(-0,01.0.0)]
[557|(-0,02.0.0)]
[558|(-0,03.0.0)]
[559|(0.0.0)]
[560|(0.0.0)]
[561|(0.0.0)]
[562|(0.0.0)]
[563|(0.0.0)]
[564|(0.0.0)]
[565|(0.0.0)]
[566|(0.0.0)]
[567|(0.0.0)]
[568|(0.0.0)]
[569|(0.0.0)]
[570|(0.0.0)]
[571|(0.0.0)]
[572|(0.0.0)]
[573|(0.0.0)]
[574|(0.0.0)]
[575|(0.0.0)]
[576|(0.0.0)]
[577|(0.0.0)]
[578|(0.0.0)]
[579|(0.0.0)]
[580|(0.0.0)]
[581|(0.0.0)]
[582|(0.0.0)]
[583|(0.0.0)]
[584|(0.0.0)]
[585|(0.0.0)]
[586|(0.0.0)]
[587|(0.0.0)]
[588|(0.0.0)]
[589|(0.0.0)]
[590|(0.0.0)]
[591|(0.0.0)]
[592|(0.0.0)]
[593|(0.0.0)]
[594|(0.0.0)]
[595|(0.0.0)]
[596|(0.0.0)]
[597|(0.0.0)]
[598|(0.0.0)]
[599|(0.0.0)]
[600|(0.0.0)]
[601|(0.0.0)]
[602|(0.0.0)]
[603|(0.0.0)]
[604|(0.0.0)]
[605|(0.0.0)]
[606|(0.0.0)]
[607|(0.0.0)]
[608|(0.0.0)]
[609|(0.0.0)]
[610|(0.0.0)]
[611|(0.0.0)]
[612|(0.0.0)]
[613|(0.0.0)]
[614|(0.0.0)]
[615|(0,01.0.0)]
[616|(0,02.0.0)]
[617|(0,03.0.0)]
[618|(0,04.0.0)]
[619|(0,05.0.0)]
[620|(0,05999999.0.0)]
[621|(0,06999999.0.0)]
[622|(0.0.0)]
[623|(0.0.0)]
[624|(0.0.0)]
[625|(0.0.0)]
[626|(0.0.0)]
[627|(0.0.0)]
[628|(0.0.0)]
[629|(0.0.0)]
[630|(0.0.0)]
[631|(0.0.0)]
[632|(0.0.0)]
[633|(0.0.0)]
[634|(0.0.0)]
[635|(0.0.0)]
[636|(0.0.0)]
[637|(0.0.0)]
[638|(0.0.0)]
[639|(0.0.0)]
[640|(0.-0,01.0)]
[641|(0.-0,02.0)]
[642|(0.-0,03.0)]
[643|(0.-0,04.0)]
[644|(0.-0,05.0)]
[645|(0.-0,05999999.0)]
[646|(0.-0,06999999.0)]
[647|(0.-0,07999999.0)]
[648|(0.-0,08999999.0)]
[649|(0.-0,09999999.0)]
[650|(0.-0,11.0)]
[651|(0.-0,12.30000)]
[652|(0.-0,13.30000)]
[653|(0.-0,14.30000)]
[654|(0.-0,15.30000)]
[655|(0.-0,16.30000)]
[656|(0.-0,17.30000)]
[657|(0.-0,18.30000)]
[658|(0.-0,19.30000)]
[659|(0.-0,2.30000)]
[660|(0.-0,21.30000)]
[661|(0.-0,22.30000)]
[662|(0.-0,23.30000)]
[663|(0.-0,24.30000)]
[664|(0.-0,25.30000)]
[665|(0.-0,26.30000)]
[666|(0.-0,27.30000)]
[667|(0.-0,28.30000)]
[668|(0.-0,29.30000)]
[669|(0.-0,3.30000)]
[670|(0.-0,31.30000)]
[671|(0.-0,32.30000)]
[672|(0.-0,33.30000)]
[673|(0.-0,3399999.30000)]
[674|(0.-0,3499999.30000)]
[675|(0.-0,3599999.30000)]
[676|(0.-0,3699999.30000)]
[677|(0.-0,3799999.30000)]
[678|(0.-0,3899999.30000)]
[679|(0.-0,3999999.30000)]
[680|(0.-0,4099999.30000)]
[681|(0.-0,4199999.30000)]
[682|(0.-0,4299999.30000)]
[683|(0.-0,4399998.30000)]
[684|(0.-0,4499998.30000)]
[685|(0.-0,4599998.30000)]
[686|(0.-0,4699998.30000)]
[687|(0.-0,4799998.30000)]
[688|(0.-0,4899998.30000)]
[689|(0.-0,4999998.30000)]
[690|(0.-0,5099998.30000)]
[691|(0.-0,5199998.30000)]
[692|(0.-0,5299998.30000)]
[693|(0.-0,5399998.30000)]
[694|(0.-0,5499998.30000)]
[695|(0.-0,5599998.30000)]
[696|(0.-0,5699998.30000)]
[697|(0.-0,5799997.30000)]
[698|(0.-0,5899997.30000)]
[699|(0.-0,5999997.30000)]
[700|(0.-0,6099997.30000)]
[701|(0.-0,6199997.30000)]
[702|(0.-0,6299997.30000)]
[703|(0.-0,6399997.30000)]
[704|(0.-0,6499997.30000)]
[705|(0.-0,6599997.30000)]
[706|(0.-0,6699997.30000)]
[707|(0.-0,6799996.30000)]
[708|(0.-0,6899996.30000)]
[709|(0.-0,6999996.30000)]
[710|(0.-0,7099996.30000)]
[711|(0.-0,7199996.30000)]
[712|(0.-0,7299996.30000)]
[713|(0.-0,7399996.30000)]
[714|(0.-0,7499996.30000)]
[715|(0.-0,7599996.30000)]
[716|(0.-0,7699996.30000)]
[717|(0.-0,7799996.30000)]
[718|(0.-0,7899995.30000)]
[719|(0.-0,7999995.30000)]
[720|(0.-0,8099995.30000)]
[721|(0.-0,8199995.30000)]
[722|(0.-0,8299995.30000)]
[723|(0.-0,8399995.30000)]
[724|(0.-0,8499995.30000)]
[725|(0.-0,8599995.30000)]
[726|(0.-0,8699995.30000)]
[727|(0.-0,8799995.30000)]
[728|(0.-0,8899994.30000)]
[729|(0.-0,8999994.30000)]
[730|(0.-0,9099994.30000)]
[731|(0.-0,9199994.30000)]
[732|(0.0.30000)]
[733|(0.0.30000)]
[734|(0.0.30000)]
[735|(0.0.30000)]
[736|(0.0.30000)]
[737|(0.0.30000)]
[738|(0.0.30000)]
[739|(0.0.30000)]
[740|(0.0.30000)]
[741|(0.0.30000)]
[742|(0.0.30000)]
[743|(0.0.30000)]
[744|(0.0.30000)]
[745|(0.0.30000)]
[746|(0.0.30000)]
[747|(0.0.30000)]
[748|(0.0.30000)]
[749|(0.0.30000)]
[750|(0.0.30000)]
[751|(0.0.30000)]
[752|(0.0.30000)]
[753|(0.0.30000)]
[754|(0.0.30000)]
[755|(0.0.30000)]
[756|(0.0.30000)]
[757|(0.0.30000)]
[758|(0.0.30000)]
[759|(0.0.30000)]
[760|(0.0.30000)]
[761|(0.0.30000)]
[762|(0.0.30000)]
[763|(0.0.30000)]
[764|(0.0.30000)]
[765|(0.0.30000)]
[766|(0.0.30000)]
[767|(0.0.30000)]
[768|(0.0.30000)]
[769|(0.0.30000)]
[770|(0.0.30000)]
[771|(0.0.30000)]
[772|(0.0.30000)]
[773|(0.0.30000)]
[774|(0.0.30000)]
[775|(0.0.30000)]
[776|(0.0.30000)]
[777|(0.0.30000)]
[778|(0.0.30000)]
[779|(0.0.30000)]
[780|(0.0.30000)]
[781|(0.0.30000)]
[782|(0.0.30000)]
[783|(0.0.30000)]
[784|(0.0.30000)]
[785|(0.0.30000)]
[786|(0.0.30000)]
[787|(0.0.30000)]
[788|(0.0.30000)]
[789|(0.0.30000)]
[790|(0.0.30000)]
[791|(0.0.30000)]
[792|(0.0.30000)]
[793|(0.0.30000)]
[794|(0.0.30000)]
[795|(0.0.30000)]
[796|(0.0.30000)]
[797|(0.0.30000)]
[798|(0.0.30000)]
[799|(0.0.0)]
[800|(0.0.0)]
[801|(0.0.0)]
[802|(0.0.0)]
[803|(0.0.0)]
[804|(0.0.0)]
[805|(0.0.0)]
[806|(0.0.0)]
[807|(0.0.0)]
[808|(0.0.0)]
[809|(0.0.0)]
[810|(0.0.0)]
[811|(0.0.0)]
[812|(0.0.0)]
[813|(0.0.0)]
[814|(0.0.0)]
[815|(0.0.0)]
[816|(0.0.0)]
[817|(0.0.0)]
[818|(0.0.0)]
[819|(0.0.0)]
[820|(0.0.0)]
[821|(0.0.0)]
[822|(0.0.0)]
[823|(0.0.0)]
[824|(0.0.0)]
[825|(0.0.0)]
[826|(0.0.0)]
