1| 0 0 0
2| 0 0 0
3| 0 0 0
4| 0 0 0
5| 0 0 0
6| 0 0 0
7| 0 0 0
8| 0 0 0
9| 0 0 0
10| 0 0 0
11| 0 0 0
12| 0 0 0
13| 0 0 0
14| 0 0 0
15| 0 0 0
16| 0 0 0
17| 0 0 0
18| 0 0 0
19| 0 0 0
20| 0 0 0
21| 0 0 0
22| 0 0 0
23| 0 0 0
24| 0 0 0
25| 0 0 0
26| 0 0 0
27| 0 0 0
28| 0 0 0
29| 0 0 0
30| 0 0 0
31| 0 0 0
32| 0 0 0
33| 0 0 0
34| 0 0 0
35| 0 0 0
36| 0 0 0
37| 0 0 0
38| 0 0 0
39| 0 0 0
40| 0 0 0
41| 0 0 0
42| 0 0 0
43| 0 0 0
44| 0 0 0
45| 0 0 0
46| 0 0 0
47| 0 0 0
48| 0 0 0
49| 0 0 0
50| 0 0 0
51| 0 0 0
52| 0 0 0
53| 0 0 0
54| 0 0 0
55| 0 0 0
56| 0 0 0
57| 0 0 0
58| 0 0 0
59| 0 0 0
60| 0 0 0
61| 0 0 0
62| 0 0 0
63| 0 0 0
64| 0 0 0
65| 0 0 0
66| 0 0 0
67| 0 0 0
68| 0 0 0
69| 0 0 0
70| 0 0 0
71| 0 0 0
72| 0 0 0
73| 0 0 0
74| 0 0 0
75| 0 0 0
76| 0 0 0
77| 0 0 0
78| 0 0 0
79| 0 0 0
80| 0 0 0
81| 0 0 0
82| 0 0 0
83| 0 0 0
84| 0 0 0
85| 0 0 0
86| 0 0 0
87| 0 0 0
88| 0 0 0
89| 0 0 0
90| 0 0 0
91| 0 0 0
92| 0 0 0
93| 0 0 0
94| 0 0 0
95| 0 0 0
96| 0 0 0
97| 0 0 0
98| 0 0 0
99| 0 0 0
100| 0 0 0
101| 0 0 0
102| 0 0 0
103| 0 0 0
104| 0 0 0
105| 0 0 0
106| 0 0 0
107| 0 0 0
108| 0 0 0
109| 0 0 0
110| 0 0 0
111| 0 0 0
112| 0 0 0
113| 0 0 0
114| 0 0 0
115| 0 0 0
116| 0 0 0
117| 0 0 0
118| 0 0 0
119| 0 0 0
120| 0 0 0
121| 0 0 0
122| 0 0 0
123| 0 0 0
124| 0 0 0
125| 0 0 0
126| 0 0 0
127| 0 0 0
128| 0 0 0
129| 0 0 0
130| 0 0 0
131| 0 0 0
132| 0 0 0
133| 0 0 0
134| 0 0 0
135| 0 0 0
136| 0 0 0
137| 0 0 0
138| 0 0 0
139| 0 0 0
140| 0 0 0
141| 0 0 0
142| 0 0 0
143| 0 0 0
144| 0 0 0
145| 0 0 0
146| 0 0 0
147| 0 0 0
148| 0 0 0
149| 0 0 0
150| 0 0 0
151| 0 0 0
152| 0 0 0
153| 0 0 0
154| 0 0 0
155| 0 0 0
156| 0 0 0
157| 0 0 0
158| 0 0 0
159| 0 0 0
160| 0 0 0
161| 0 0 0
162| 0 0 0
163| 0 0 0
164| 0 0 0
165| 0 0 0
166| 0 0 0
167| 0 0 0
168| 0 0 0
169| 0 0 0
170| 0 0 0
171| 0 0 0
172| 0 0 0
173| 0 0 0
174| 0 0 0
175| 0 0 0
176| 0 0 0
177| 0 0 0
178| 0 0 0
179| 0 0 0
180| 0 0 0
181| 0 0 0
182| 0 0 0
183| 0 0 0
184| 0 0 0
185| 0 0 0
186| 0 0 0
187| 0 0 0
188| 0 0 0
189| 0 0 0
190| 0 0 0
191| 0 0 0
192| 0 0 0
193| 0 0 0
194| 0 0 0
195| 0 0 0
196| 0 0 0
197| 0 0 0
198| 0 0 0
199| 0 0 0
200| 0 0 0
201| 0 0 0
202| 0 0 0
203| 0 0 0
204| 0 0 0
205| 0 0 0
206| 0 0 0
207| 0 0 0
208| 0 0 0
209| 0 0 0
210| 0 0 0
211| 0 0 0
212| 0 0 0
213| 0 0 0
214| 0 0 0
215| 0 0 0
216| 0 0 0
217| 0 0 0
218| 0 0 0
219| 0 0 0
220| 0 0 0
221| 0 0 0
222| 0 0 0
223| 0 0 0
224| 0 0 0
225| 0 0 0
226| 0 0 0
227| 0 0 0
228| 0 0 0
229| 0 0 0
230| 0 0 0
231| 0 0 0
232| 0 0 0
233| 0 0 0
234| 0 0 0
235| 0 0 0
236| 0 0 0
237| 0 0 0
238| 0 0 0
239| 0 0 0
240| 0 0 0
241| 0 0 0
242| 0 0 0
243| 0 0 0
244| 0 0 0
245| 0 0 0
246| 0 0 0
247| 0 0 0
248| 0 0 0
249| 0 0 0
250| 0 0 0
251| 0 0 0
252| 0 0 0
253| 0 0 0
254| 0 0 0
255| 0 0 0
256| 0 0 0
257| 0 0 0
258| 0 0 0
259| 0 0 0
260| 0 0 0
261| 0 0 0
262| 0 0 0
263| 0 0 0
264| 0 0 0
265| 0 0 0
266| 0 0 0
267| 0 0 0
268| 0 0 0
269| 0 0 0
270| 0 0 0
271| 0 0 0
272| 0 0 0
273| 0 0 0
274| 0 0 0
275| 0 0 0
276| 0 0 0
277| 0 0 0
278| 0 0 0
279| 0 0 0
280| 0 0 0
281| 0 0 0
282| 0 0 0
283| 0 0 0
284| 0 0 0
285| 0 0 0
286| 0 0 0
287| 0 0 0
288| 0 0 0
289| 0 0 0
290| 0 0 0
291| 0 0 0
292| 0 0 0
293| 0 0 0
294| 0 0 0
295| 0 0 0
296| 0 0 0
297| 0 0 0
298| 0 0 0
299| 0 0 0
300| 0 0 0
301| 0 0 0
302| 0 0 0
303| 0 0 0
304| 0 0 0
305| 0 0 0
306| 0 0 0
307| 0 0 0
308| 0 0 0
309| 0 0 0
310| 0 0 0
311| 0 0 0
312| 0 0 0
313| 0 0 0
314| 0 0 0
315| 0 0 0
316| 0 0 0
317| 0 0 0
318| 0 0 0
319| 0 0 0
320| 0 0 0
321| 0 0 0
322| 0 0 0
323| 0 0 0
324| 0 0 0
325| 0 0 0
326| 0 0 0
327| 0 0 0
328| 0 0 0
329| 0 0 0
330| 0 0 0
331| 0 0 0
332| 0 0 0
333| 0 0 0
334| 0 0 0
335| 0 0 0
336| 0 0 0
337| 0 0 0
338| 0 0 0
339| 0 0 0
340| 0 0 0
341| 0 0 0
342| 0 0 0
343| 0 0 0
344| 0 0 0
345| 0 0 0
346| 0 0 0
347| 0 0 0
348| 0 0 0
349| 0 0 0
350| 0 0 0
351| 0 0 0
352| 0 0 0
353| 0 0 0
354| 0 0 0
355| 0 0 0
356| 0 0 0
357| 0 0 0
358| 0 0 0
359| 0 0 0
360| 0 0 0
361| 0 0 0
362| 0 0 0
363| 0 0 0
364| 0 0 0
365| 0 0 0
366| 0 0 0
367| 0 0 0
368| 0 0 0
369| 0 0 0
370| 0 0 0
371| 0 0 0
372| 0 0 0
373| 0 0 0
374| 0 0 0
375| 0 0 0
376| 0 0 0
377| 0 0 0
378| 0 0 0
379| 0 0 0
380| 0 0 0
381| 0 0 0
382| 0 0 0
383| 0 0 0
384| 0 0 0
385| 0 0 0
386| 0 0 0
387| 0 0 0
388| 0 0 0
389| 0 0 0
390| 0 0 0
391| 0 0 0
392| 0 0 0
393| 0 0 0
394| 0 0 0
395| 0 0 0
396| 0 0 0
397| 0 0 0
398| 0 0 0
399| 0 0 0
400| 0 0 0
401| 0 0 0
402| 0 0 0
403| 0 0 0
404| 0 0 0
405| 0 0 0
406| 0 0 0
407| 0 0 0
408| 0 0 0
409| 0 0 0
410| 0 0 0
411| 0 0 0
412| 0 0 0
413| 0 0 0
414| 0 0 0
415| 0 0 0
416| 0 0 0
417| 0 0 0
418| 0 0 0
419| 0 0 0
420| 0 0 0
421| 0 0 0
422| 0 0 0
423| 0 0 0
424| 0 0 0
425| 0 0 0
426| 0 0 0
427| 0 0 0
428| 0 0 0
429| 0 0 0
430| 0 0 0
431| 0 0 0
432| 0 0 0
433| 0 0 0
434| 0 0 0
435| 0 0 0
436| 0 0 0
437| 0 0 0
438| 0 0 0
439| 0 0 0
440| 0 0 0
441| 0 0 0
442| 0 0 0
443| 0 0 0
444| 0 0 0
445| 0 0 0
446| 0 0 0
447| 0 0 0
448| 0 0 0
449| 0 0 0
450| 0 0 0
451| 0 0 0
452| 0 0 0
453| 0 0 0
454| 0 0 0
455| 0 0 0
456| 0 0 0
457| 0 0 0
458| 0 0 0
459| 0 0 0
460| 0 0 0
461| 0 0 0
462| 0 0 0
463| 0 0 0
464| 0 0 0
465| 0 0 0
466| 0 0 0
467| 0 0 0
468| 0 0 0
469| 0 0 0
470| 0 0 0
471| 0 0 0
472| 0 0 0
473| 0 0 0
474| 0 0 0
475| 0 0 0
476| 0 0 0
477| 0 0 0
478| 0 0 0
479| 0 0 0
480| 0 0 0
481| 0 0 0
482| 0 0 0
483| 0 0 0
484| 0 0 0
485| 0 0 0
486| 0 0 0
487| 0 0 0
488| 0 0 0
489| 0 0 0
490| 0 0 0
491| 0 0 0
492| 0 0 0
493| 0 0 0
494| 0 0 0
495| 0 0 0
496| 0 0 0
497| 0 0 0
498| 0 0 0
499| 0 0 0
500| 0 0 0
501| 0 0 0
502| 0 0 0
503| 0 0 0
504| 0 0 0
505| 0 0 0
506| 0 0 0
507| 0 0 0
508| 0 0 0
509| 0 0 0
510| 0 0 0
511| 0 0 0
512| 0 0 0
513| 0 0 0
514| 0 0 0
515| 0 0 0
516| 0 0 0
517| 0 0 0
518| 0 0 0
519| 0 0 0
520| 0 0 0
521| 0 0 0
522| 0 0 0
523| 0 0 0
524| 0 0 0
525| 0 0 0
526| 0 0 0
527| 0 0 0
528| 0 0 0
529| 0 0 0
530| 0 0 0
531| 0 0 0
532| 0 0 0
533| 0 0 0
534| 0 0 0
535| 0 0 0
536| 0 0 0
537| 0 0 0
538| 0 0 0
539| 0 0 0
540| 0 0 0
541| 0 0 0
542| 0 0 0
543| 0 0 0
544| 0 0 0
545| 0 0 0
546| 0 0 0
547| 0 0 0
548| 0 0 0
549| 0 0 0
550| 0 0 0
551| 0 0 0
552| 0 0 0
553| 0 0 0
554| 0 0 0
555| 0 0 0
556| 0 0 0
557| 0 0 0
558| 0 0 0
559| 0 0 0
560| 0 0 0
561| 0 0 0
562| 0 0 0
563| 0 0 0
564| 0 0 0
565| 0 0 0
566| 0 0 0
567| 0 0 0
568| 0 0 0
569| 0 0 0
570| 0 0 0
571| 0 0 0
572| 0 0 0
573| 0 0 0
574| 0 0 0
575| 0 0 0
576| 0 0 0
577| 0 0 0
578| 0 0 0
579| 0 0 0
580| 0 0 0
581| 0 0 0
582| 0 0 0
583| 0 0 0
584| 0 0 0
585| 0 0 0
586| 0 0 0
587| 0 0 0
588| 0 0 0
589| 0 0 0
590| 0 0 0
591| 0 0 0
592| 0 0 0
593| 0 0 0
594| 0 0 0
595| 0 0 0
596| 0 0 0
597| 0 0 0
598| 0 0 0
599| 0 0 0
600| 0 0 0
601| 0 0 0
602| 0 0 0
603| 0 0 0
604| 0 0 0
605| 0 0 0
606| 0 0 0
607| 0 0 0
608| 0 0 0
609| 0 0 0
610| 0 0 0
611| 0 0 0
612| 0 0 0
613| 0 0 0
614| 0 0 0
615| 0 0 0
616| 0 0 0
617| 0 0 0
618| -0,3 4 0
619| -0,6 8 0
620| -0,9 12 0
621| -1,2 16 0
622| -1,5 20 0
623| -1,8 24 0
624| -2,1 28 0
625| -2,4 32 0
626| -2,7 36 0
627| -3 40 0
628| -3,299999 43,99999 0
629| -3,599999 47,99999 0
630| -3,899999 51,99999 0
631| -4,2 55,99999 0
632| -4,5 60 0
633| -4,8 64 0
634| -5,1 68 0
635| -5,4 72 0
636| -5,7 76,00001 0
637| -6 80,00001 0
638| -6,300001 84,00001 0
639| -6,600001 88,00002 0
640| -6,900001 92,00002 0
641| -7,200001 96,00002 0
642| -7,500001 100 0
643| -7,800001 104 0
644| -8,1 108 0
645| -8,4 112 0
646| -8,7 116 0
647| -8,999999 120 0
648| -9,299999 124 0
649| -9,599998 128 0
650| -9,899999 132 0
651| -10,2 136 0
652| -10,5 140 0
653| -10,8 144 0
654| -11,1 148 0
655| -11,4 152 0
656| -11,7 156 0
657| -12 160 0
658| -12,3 164 0
659| -12,6 168 0
660| -12,9 171,9999 0
661| -13,2 175,9999 0
662| -13,5 179,9999 0
663| -13,79999 183,9999 0
664| -14,09999 187,9999 0
665| -14,39999 191,9999 0
666| -14,69999 195,9999 0
667| -14,99999 199,9999 0
668| 0 203,9999 0
669| 0 207,9999 0
670| 0 211,9999 0
671| 0 215,9999 0
672| 0 219,9999 0
673| 0 223,9999 0
674| 0,3 227,9999 0
675| 0,6 231,9999 0
676| 0,9 235,9999 0
677| 1,2 239,9999 0
678| 1,5 243,9999 0
679| 1,8 247,9999 0
680| 2,1 251,9999 0
681| 2,4 255,9999 0
682| 2,7 259,9999 0
683| 3 263,9999 0
684| 3,299999 267,9999 0
685| 3,599999 271,9998 0
686| 3,899999 275,9998 0
687| 4,2 279,9998 0
688| 4,5 283,9998 0
689| 4,8 287,9998 0
690| 5,1 291,9998 0
691| 5,4 295,9998 0
692| 5,7 299,9998 0
693| 6 303,9998 0
694| 6,300001 307,9998 0
695| 6,600001 311,9998 0
696| 6,900001 315,9998 0
697| 7,200001 319,9998 0
698| 7,500001 323,9998 0
699| 7,800001 327,9998 0
700| 8,1 331,9998 0
701| 8,4 335,9998 0
702| 8,7 339,9998 0
703| 8,999999 343,9998 0
704| 9,299999 347,9998 0
705| 9,599998 351,9998 0
706| 9,899999 355,9998 0
707| 10,2 359,9998 0
708| 10,5 363,9998 0
709| 10,8 367,9998 0
710| 11,1 371,9998 0
711| 11,4 375,9998 0
712| 11,7 379,9998 0
713| 12 383,9998 0
714| 12,3 387,9998 0
715| 12,6 391,9998 0
716| 12,9 395,9998 0
717| 13,2 399,9997 0
718| 13,5 400 0
719| 13,79999 400 0
720| 14,09999 400 0
721| 14,09999 400 0
722| 14,09999 400 0
723| 0 400 0
724| -0,3 400 0
725| -0,6 400 0
726| -0,9 400 0
727| -1,2 400 0
728| -1,5 400 0
729| -1,8 400 0
730| -2,1 400 0
731| -2,4 400 0
732| -2,7 400 0
733| -3 400 0
734| -3 400 0
735| -3 400 0
736| -3 400 0
737| -3 400 0
738| -3 400 0
739| -3 400 0
740| -3 400 0
741| -3 400 0
742| -3 400 0
743| -3 400 0
744| -3 400 0
745| -3 400 0
746| -3 400 0
747| -3 400 0
748| -3 400 0
749| -3 400 0
750| -3 400 0
751| -3 400 0
752| -3 400 0
753| -3,299999 400 0
754| -3,599999 400 0
755| -3,899999 400 0
756| -4,2 400 0
757| -4,5 400 0
758| -4,8 400 0
759| -4,8 400 0
760| -4,8 400 0
761| -4,8 400 0
762| -4,8 400 0
763| -4,8 400 0
764| -4,8 400 0
765| -4,8 400 0
766| -4,8 400 0
767| -4,8 400 0
768| -4,8 400 0
769| -4,8 400 0
770| -4,8 400 0
771| -4,8 400 0
772| -4,8 400 0
773| -4,8 400 0
774| -4,8 400 0
775| -4,8 400 0
776| -4,8 400 0
777| -4,8 400 0
778| -4,8 400 0
779| 0 400 0
780| 0,3 400 0
781| 0,6 400 0
782| 0,9 400 0
783| 0,9 400 0
784| 0,9 400 0
785| 0,9 400 0
786| 0,9 400 0
787| 0,9 400 0
788| 0,9 400 0
789| 0,9 400 0
790| 0,9 400 0
791| 1,2 400 0
792| 1,5 400 0
793| 1,8 400 0
794| 2,1 400 0
795| 2,4 400 0
796| 2,7 400 0
797| 3 400 0
798| 3 400 0
799| 3 400 0
800| 3 400 0
801| 3 400 0
802| 3,299999 400 0
803| 3,599999 400 0
804| 3,899999 400 0
805| 4,2 400 0
806| 4,5 400 0
807| 4,8 400 0
808| 5,1 400 0
809| 5,4 400 0
810| 5,4 400 0
811| 5,4 400 0
812| 5,4 400 0
813| 5,4 400 0
814| 5,4 400 0
815| 5,4 400 0
816| 5,4 400 0
817| 5,4 400 0
818| 5,4 400 0
819| 5,4 400 0
820| 5,4 400 0
821| 5,4 400 0
822| 5,4 400 0
823| 5,4 400 0
824| 5,4 400 0
825| 5,4 400 0
826| 5,4 400 0
827| 5,4 400 0
828| 5,4 400 0
829| 5,7 400 0
830| 6 400 0
831| 6,300001 400 0
832| 6,600001 400 0
833| 6,900001 400 0
834| 7,200001 400 0
835| 7,200001 400 0
836| 7,200001 400 0
837| 7,200001 400 0
838| 7,200001 400 0
839| 7,200001 400 0
840| 7,200001 400 0
841| 7,200001 400 0
842| 7,200001 400 0
843| 7,200001 400 0
844| 7,200001 400 0
845| 7,200001 400 0
846| 7,200001 400 0
847| 7,500001 400 0
848| 7,800001 400 0
849| 8,1 400 0
850| 8,1 400 0
851| 8,1 400 0
852| 8,1 400 0
853| 8,1 400 0
854| 8,1 400 0
855| 8,1 400 0
856| 8,1 400 0
857| 8,1 400 0
858| 8,1 400 0
859| 8,1 400 0
860| 8,1 400 0
861| 8,1 400 0
862| 8,1 400 0
863| 8,1 400 0
864| 8,1 400 0
865| 8,1 400 0
866| 8,1 400 0
867| 8,1 400 0
868| 8,1 400 0
869| 8,1 400 0
870| 8,1 400 0
871| 8,1 400 0
872| 8,1 400 0
873| 8,1 400 0
874| 8,1 400 0
875| 8,1 400 0
876| 8,1 400 0
877| 0 400 0
878| -0,3 400 0
879| -0,6 400 0
880| -0,9 400 0
881| -0,9 400 0
882| -0,9 400 0
883| -0,9 400 0
884| -0,9 400 0
885| -0,9 400 0
886| -0,9 400 0
887| -0,9 400 0
888| -1,2 400 0
889| -1,5 400 0
890| -1,8 400 0
891| -2,1 400 0
892| -2,1 400 0
893| -2,1 400 0
894| -2,1 400 0
895| -2,1 400 0
896| -2,1 400 0
897| -2,1 400 0
898| -2,1 400 0
899| -2,1 400 0
900| -2,1 400 0
901| -2,1 400 0
902| -2,1 400 0
903| -2,1 400 0
904| -2,1 400 0
905| -2,1 400 0
906| -2,1 400 0
907| -2,1 400 0
908| -2,1 400 0
909| -2,1 400 0
910| -2,1 400 0
911| -2,1 400 0
912| -2,1 400 0
913| -2,1 400 0
914| -2,1 400 0
915| -2,1 400 0
916| -2,1 400 0
917| -2,1 400 0
918| -2,1 400 0
919| -2,1 400 0
920| -2,1 400 0
921| -2,1 400 0
922| -2,1 400 0
923| -2,1 400 0
924| -2,1 400 0
925| -2,1 400 0
926| -2,1 400 0
927| -2,1 400 0
928| -2,1 400 0
929| -2,1 400 0
930| -2,1 400 0
931| -2,1 400 0
932| -2,1 400 0
933| -2,1 400 0
934| -2,1 400 0
935| -2,1 400 0
936| -2,1 400 0
937| -2,1 400 0
938| -2,1 400 0
939| -2,1 400 0
940| -2,1 400 0
941| -2,1 400 0
942| -2,1 400 0
943| -2,1 400 0
944| -2,1 400 0
945| -2,1 400 0
946| -2,1 400 0
947| -2,1 400 0
948| -2,1 400 0
949| -2,1 400 0
950| -2,1 400 0
951| -2,1 400 0
952| -2,1 400 0
953| -2,1 400 0
954| -2,1 400 0
955| -2,1 400 0
956| -2,1 400 0
957| -2,1 400 0
958| -2,1 400 0
959| -2,1 400 0
960| -2,1 400 0
961| -2,1 400 0
962| -2,1 400 0
963| -2,1 400 0
964| -2,1 400 0
965| -2,1 400 0
966| -2,1 400 0
967| -2,1 400 0
968| -2,1 400 0
969| -2,1 400 0
970| -2,1 400 0
971| -2,1 400 0
972| -2,1 400 0
973| -2,1 400 0
974| -2,1 400 0
975| -2,1 400 0
976| -2,1 400 0
977| -2,1 400 0
978| -2,1 400 0
979| -2,1 400 0
980| -2,1 400 0
981| -2,1 400 0
982| -2,1 400 0
983| -2,1 400 0
984| -2,1 400 0
985| -2,1 400 0
986| -2,1 400 0
987| -2,1 400 0
988| -2,1 400 0
989| -2,1 400 0
990| -2,1 400 0
991| -2,1 400 0
992| -2,1 400 0
993| -2,1 400 0
994| -2,1 400 0
995| -2,1 400 0
996| -2,1 400 0
997| -2,1 400 0
998| -2,1 400 0
999| -2,1 400 0
1000| -2,1 400 0
1001| -2,1 400 0
1002| 0 400 0
1003| 0,3 400 0
1004| 0,6 400 0
1005| 0,9 400 0
1006| 1,2 400 0
1007| 1,2 400 0
1008| 1,2 400 0
1009| 1,2 400 0
1010| 1,2 400 0
1011| 1,2 400 0
1012| 1,2 400 0
1013| 1,2 400 0
1014| 1,2 400 0
1015| 1,2 400 0
1016| 1,2 400 0
1017| 1,2 400 0
1018| 1,2 400 0
1019| 1,2 400 0
1020| 1,2 400 0
1021| 1,2 400 0
1022| 1,2 400 0
1023| 1,2 400 0
1024| 1,2 400 0
1025| 1,2 400 0
1026| 1,2 400 0
1027| 1,2 400 0
1028| 1,2 400 0
1029| 1,2 400 0
1030| 1,2 400 0
1031| 1,2 400 0
1032| 1,2 400 0
1033| 1,2 400 0
1034| 1,2 400 0
1035| 1,2 400 0
1036| 1,2 400 0
1037| 1,2 400 0
1038| 1,2 400 0
1039| 1,2 400 0
1040| 1,2 400 0
1041| 1,2 400 0
1042| 1,2 400 0
1043| 1,2 400 0
1044| 1,2 400 0
1045| 1,2 400 0
1046| 1,2 400 0
1047| 1,2 400 0
1048| 1,2 400 0
1049| 1,2 400 0
1050| 1,2 400 0
1051| 1,2 400 0
1052| 1,2 400 0
1053| 1,2 400 0
1054| 1,2 400 0
1055| 0 400 0
1056| -0,3 400 0
1057| -0,6 400 0
1058| -0,9 400 0
1059| -1,2 400 0
1060| -1,5 400 0
1061| -1,5 400 0
1062| -1,5 400 0
1063| -1,5 400 0
1064| -1,5 400 0
1065| -1,5 400 0
1066| -1,5 400 0
1067| -1,5 400 0
1068| -1,5 400 0
1069| -1,5 400 0
1070| -1,5 400 0
1071| -1,5 400 0
1072| -1,5 400 0
1073| -1,5 400 0
1074| -1,5 400 0
1075| -1,5 400 0
1076| -1,5 400 0
1077| -1,5 400 0
1078| -1,5 400 0
1079| -1,5 400 0
1080| -1,5 400 0
1081| -1,5 400 0
1082| -1,5 400 0
1083| -1,5 400 0
1084| -1,5 400 0
1085| -1,5 400 0
1086| -1,5 400 0
1087| -1,5 400 0
1088| -1,5 400 0
1089| -1,5 400 0
1090| -1,5 400 0
1091| -1,5 400 0
1092| -1,5 400 0
1093| -1,5 400 0
1094| -1,5 400 0
1095| -1,5 400 0
1096| -1,5 400 0
1097| -1,5 400 0
1098| -1,5 400 0
1099| -1,5 400 0
1100| -1,5 400 0
1101| -1,5 400 0
1102| -1,5 400 0
1103| -1,5 400 0
1104| -1,5 400 0
1105| -1,5 400 0
1106| -1,5 400 0
1107| -1,5 400 0
1108| -1,5 400 0
1109| -1,5 400 0
1110| -1,5 400 0
1111| -1,5 400 0
1112| -1,5 400 0
1113| -1,5 400 0
1114| -1,5 400 0
1115| -1,5 400 0
1116| -1,5 400 0
1117| -1,5 400 0
1118| -1,5 400 0
1119| -1,5 400 0
1120| -1,5 400 0
1121| -1,5 400 0
1122| -1,5 400 0
1123| -1,5 400 0
1124| -1,5 400 0
1125| -1,5 400 0
1126| -1,5 400 0
1127| -1,5 400 0
1128| -1,5 400 0
1129| -1,5 400 0
1130| -1,5 400 0
1131| -1,5 400 0
1132| -1,5 400 0
1133| -1,5 400 0
1134| -1,5 400 0
1135| -1,5 400 0
1136| -1,5 400 0
1137| -1,5 400 0
1138| -1,5 400 0
1139| -1,5 400 0
1140| -1,5 400 0
1141| -1,5 400 0
1142| -1,5 400 0
1143| -1,5 400 0
1144| -1,5 400 0
1145| -1,5 400 0
1146| -1,5 400 0
1147| -1,5 400 0
1148| -1,5 400 0
1149| -1,5 400 0
1150| -1,5 400 0
1151| -1,5 400 0
1152| -1,5 400 0
1153| -1,5 400 0
1154| -1,5 400 0
1155| -1,5 400 0
1156| -1,5 400 0
1157| -1,5 400 0
1158| -1,5 400 0
1159| -1,5 400 0
1160| -1,5 400 0
1161| -1,5 400 0
1162| -1,5 400 0
1163| -1,5 400 0
1164| -1,5 400 0
1165| -1,5 400 0
1166| -1,5 400 0
1167| -1,5 400 0
1168| -1,5 400 0
1169| -1,5 400 0
1170| -1,5 400 0
1171| -1,5 400 0
1172| -1,5 400 0
1173| -1,5 400 0
1174| -1,5 400 0
1175| -1,5 400 0
1176| 0 400 0
1177| 0,3 400 0
1178| 0,6 400 0
1179| 0,9 400 0
1180| 0,9 400 0
1181| 0,9 400 0
1182| 0,9 400 0
1183| 0,9 400 0
1184| 0,9 400 0
1185| 0,9 400 0
1186| 0,9 400 0
1187| 0,9 400 0
1188| 0,9 400 0
1189| 0,9 400 0
1190| 0,9 400 0
1191| 0,9 400 0
1192| 0,9 400 0
1193| 0,9 400 0
1194| 0,9 400 0
1195| 0,9 400 0
1196| 0,9 400 0
1197| 0,9 400 0
1198| 0,9 400 0
1199| 0,9 400 0
1200| 0,9 400 0
1201| 0,9 400 0
1202| 0,9 400 0
1203| 0,9 400 0
1204| 0,9 400 0
1205| 0,9 400 0
1206| 0,9 400 0
1207| 0,9 400 0
1208| 0,9 400 0
1209| 0,9 400 0
1210| 0,9 400 0
1211| 0,9 400 0
1212| 0,9 400 0
1213| 0,9 400 0
1214| 0,9 400 0

