[1|(0.0.0)]
[2|(0.0.0)]
[3|(0.0.0)]
[4|(0.0.0)]
[5|(0.0.0)]
[6|(0.0.0)]
[7|(0.0.0)]
[8|(0.0.0)]
[9|(0.0.0)]
[10|(0.0.0)]
[11|(0.0.0)]
[12|(0.0.0)]
[13|(0.0.0)]
[14|(0.0.0)]
[15|(0.0.0)]
[16|(0.0.0)]
[17|(0.0.0)]
[18|(0.0.0)]
[19|(0.0.0)]
[20|(0.0.0)]
[21|(0.0.0)]
[22|(0.0.0)]
[23|(0.0.0)]
[24|(0.0.0)]
[25|(0.0.0)]
[26|(0.0.0)]
[27|(0.0.0)]
[28|(0.0.0)]
[29|(0.0.0)]
[30|(0.0.0)]
[31|(0.0.0)]
[32|(0.0.0)]
[33|(0.0.0)]
[34|(0.0.0)]
[35|(0.0.0)]
[36|(0.0.0)]
[37|(0.0.0)]
[38|(0.0.0)]
[39|(0.0.0)]
[40|(0.0.0)]
[41|(0.0.0)]
[42|(0.0.0)]
[43|(0.-0,01.0)]
[44|(0.-0,02.0)]
[45|(0.-0,03.0)]
[46|(0.-0,04.0)]
[47|(0,01.-0,05.0)]
[48|(0,02.-0,05999999.0)]
[49|(0,03.-0,06999999.0)]
[50|(0,04.-0,07999999.0)]
[51|(0,05.-0,08999999.0)]
[52|(0,05999999.-0,09999999.0)]
[53|(0,06999999.-0,11.0)]
[54|(0,07999999.-0,12.0)]
[55|(0,08999999.-0,13.0)]
[56|(0,09999999.-0,14.0)]
[57|(0,11.-0,15.0)]
[58|(0,12.-0,16.0)]
[59|(0,13.-0,17.0)]
[60|(0,14.-0,18.0)]
[61|(0,15.-0,19.0)]
[62|(0,16.-0,2.0)]
[63|(0,17.-0,21.0)]
[64|(0,18.-0,22.0)]
[65|(0,19.-0,23.0)]
[66|(0,2.-0,24.0)]
[67|(0,21.-0,25.0)]
[68|(0,22.-0,26.0)]
[69|(0,23.-0,27.0)]
[70|(0,24.-0,28.0)]
[71|(0,25.-0,29.0)]
[72|(0,26.-0,3.0)]
[73|(0,27.-0,31.0)]
[74|(0,28.-0,32.0)]
[75|(0,29.-0,33.0)]
[76|(0,3.-0,3399999.0)]
[77|(0,31.-0,3499999.0)]
[78|(0,32.-0,3599999.0)]
[79|(0,33.-0,3699999.0)]
[80|(0,3399999.-0,3799999.0)]
[81|(0,3499999.-0,3899999.0)]
[82|(0,3599999.-0,3999999.0)]
[83|(0,3699999.-0,4099999.0)]
[84|(0,3799999.-0,4199999.0)]
[85|(0,3899999.-0,4299999.0)]
[86|(0,3999999.-0,4399998.0)]
[87|(0,4099999.-0,4499998.0)]
[88|(0,4199999.-0,4599998.0)]
[89|(0,4299999.-0,4699998.0)]
[90|(0,4399998.-0,4799998.0)]
[91|(0,4499998.-0,4899998.0)]
[92|(0,4599998.-0,4999998.0)]
[93|(0,4699998.-0,5099998.0)]
[94|(0,4799998.-0,5199998.0)]
[95|(0,4899998.-0,5299998.0)]
[96|(0,4999998.-0,5399998.0)]
[97|(0,5099998.-0,5499998.0)]
[98|(0,5199998.-0,5599998.0)]
[99|(0,5299998.-0,5699998.0)]
[100|(0,5399998.-0,5799997.0)]
[101|(0,5499998.-0,5899997.0)]
[102|(0,5599998.-0,5999997.0)]
[103|(0,5699998.-0,6099997.0)]
[104|(0,5799997.-0,6199997.0)]
[105|(0,5899997.-0,6299997.0)]
[106|(0,5999997.-0,6399997.0)]
[107|(0,6099997.-0,6499997.0)]
[108|(0,6199997.-0,6599997.0)]
[109|(0,6299997.-0,6699997.0)]
[110|(0,6399997.-0,6799996.0)]
[111|(0,6499997.-0,6899996.0)]
[112|(0,6599997.-0,6999996.0)]
[113|(0,6699997.-0,7099996.0)]
[114|(0,6799996.-0,7199996.0)]
[115|(0,6899996.-0,7299996.0)]
[116|(0,6999996.-0,7399996.0)]
[117|(0,7099996.-0,7499996.0)]
[118|(0,7199996.-0,7499996.0)]
[119|(0,7299996.-0,7499996.0)]
[120|(0,7399996.-0,7499996.0)]
[121|(0,7499996.0.0)]
[122|(0,7499996.0,01.0)]
[123|(0,7499996.0,02.0)]
[124|(0.0,03.0)]
[125|(-0,01.0,04.0)]
[126|(-0,02.0,05.0)]
[127|(-0,03.0,05999999.0)]
[128|(-0,04.0,06999999.0)]
[129|(-0,05.0,07999999.0)]
[130|(-0,05999999.0,08999999.0)]
[131|(-0,06999999.0,09999999.0)]
[132|(-0,07999999.0,11.0)]
[133|(-0,08999999.0,12.0)]
[134|(-0,09999999.0,13.0)]
[135|(-0,11.0,14.0)]
[136|(-0,12.0,15.0)]
[137|(-0,13.0,16.0)]
[138|(-0,14.0,17.0)]
[139|(-0,15.0,18.0)]
[140|(-0,16.0,19.0)]
[141|(-0,17.0,2.0)]
[142|(-0,18.0,21.0)]
[143|(-0,19.0,22.0)]
[144|(-0,2.0,23.0)]
[145|(-0,21.0,24.0)]
[146|(-0,22.0,25.0)]
[147|(-0,23.0,26.0)]
[148|(-0,24.0,27.0)]
[149|(-0,25.0,28.0)]
[150|(-0,26.0,29.0)]
[151|(-0,27.0,3.0)]
[152|(-0,28.0,31.0)]
[153|(-0,29.0,32.0)]
[154|(-0,3.0,33.0)]
[155|(-0,31.0,3399999.0)]
[156|(-0,32.0,3499999.0)]
[157|(-0,33.0,3599999.0)]
[158|(-0,3399999.0,3699999.0)]
[159|(-0,3499999.0,3799999.0)]
[160|(-0,3599999.0,3899999.0)]
[161|(-0,3699999.0,3999999.0)]
[162|(-0,3799999.0,4099999.0)]
[163|(-0,3899999.0,4199999.0)]
[164|(-0,3999999.0,4299999.0)]
[165|(-0,4099999.0,4399998.0)]
[166|(-0,4199999.0,4499998.0)]
[167|(-0,4299999.0,4599998.0)]
[168|(-0,4399998.0,4699998.0)]
[169|(-0,4499998.0,4799998.0)]
[170|(-0,4599998.0,4899998.0)]
[171|(-0,4699998.0,4999998.0)]
[172|(-0,4799998.0,5099998.0)]
[173|(-0,4899998.0,5199998.0)]
[174|(-0,4999998.0,5299998.0)]
[175|(-0,5099998.0,5399998.0)]
[176|(-0,5199998.0,5499998.0)]
[177|(-0,5299998.0,5599998.0)]
[178|(-0,5399998.0,5699998.0)]
[179|(-0,5499998.0,5799997.0)]
[180|(-0,5599998.0,5899997.0)]
[181|(-0,5699998.0,5999997.0)]
[182|(-0,5799997.0,6099997.0)]
[183|(-0,5899997.0,6199997.0)]
[184|(-0,5999997.0,6299997.0)]
[185|(-0,6099997.0,6399997.0)]
[186|(-0,6199997.0,6499997.0)]
[187|(-0,6299997.0,6599997.0)]
[188|(-0,6399997.0,6699997.0)]
[189|(-0,6499997.0,6799996.0)]
[190|(-0,6599997.0,6899996.0)]
[191|(-0,6699997.0,6999996.0)]
[192|(-0,6799996.0,7099996.0)]
[193|(-0,6899996.0,7199996.0)]
[194|(-0,6999996.0,7299996.0)]
[195|(-0,7099996.0,7399996.0)]
[196|(-0,7199996.0,7499996.0)]
[197|(-0,7299996.0,7599996.0)]
[198|(-0,7399996.0,7699996.0)]
[199|(-0,7499996.0,7799996.0)]
[200|(-0,7599996.0,7899995.0)]
[201|(-0,7699996.0,7999995.0)]
[202|(-0,7799996.0,8099995.0)]
[203|(-0,7899995.0,8199995.0)]
[204|(-0,7999995.0,8299995.0)]
[205|(-0,8099995.0,8399995.0)]
[206|(-0,8199995.0,8499995.0)]
[207|(-0,8299995.0,8599995.0)]
[208|(-0,8399995.0,8699995.0)]
[209|(-0,8499995.0,8799995.0)]
[210|(-0,8599995.0,8899994.0)]
[211|(-0,8699995.0,8999994.0)]
[212|(-0,8799995.0,9099994.0)]
[213|(-0,8899994.0,9199994.0)]
[214|(-0,8999994.0,9199994.0)]
[215|(0.0.0)]
[216|(0.0.0)]
[217|(0.0.0)]
[218|(0.0.0)]
[219|(0.0.0)]
[220|(0.0.0)]
[221|(0.0.0)]
[222|(0.0.0)]
[223|(0.0.0)]
[224|(0.0.0)]
[225|(0.0.0)]
[226|(0.0.0)]
[227|(0.0.0)]
[228|(0.0.0)]
[229|(0.0.0)]
[230|(0.0.0)]
[231|(0.0.0)]
[232|(0.0.0)]
[233|(0.0.0)]
[234|(0.0.0)]
[235|(0.0.0)]
[236|(0.0.0)]
[237|(0.0.0)]
[238|(0.0.0)]
[239|(0.0.0)]
[240|(0.0.0)]
[241|(0.0.0)]
[242|(0.0.0)]
[243|(0.0.0)]
[244|(0.0.0)]
[245|(0.0.0)]
[246|(0.0.0)]
[247|(0.0.0)]
[248|(0.0.0)]
[249|(0.0.0)]
