1| 0 0 0
2| 0 0 0
3| 0 0 0
4| 0 0 0
5| 0 0 0
6| 0 0 0
7| 0 0 0
8| 0 0 0
9| 0 0 0
10| 0 0 0
11| 0 0 0
12| 0 0 0
13| 0 0 0
14| 0 0 0
15| 0 0 0
16| 0 0 0
17| 0 0 0
18| 0 0 0
19| 0 0 0
20| 0 0 0
21| 0 0 0
22| 0 0 0
23| 0 0 0
24| 0 0 0
25| 0 0 0
26| 0 0 0
27| 0 0 0
28| 0 0 0
29| 0 0 0
30| 0 0 0
31| 0 0 0
32| 0 0 0
33| 0 0 0
34| 0 0 0
35| 0 0 0
36| 0 0 0
37| 0 0 0
38| 0 0 0
39| 0 0 0
40| 0 0 0
41| 0 0 0
42| 0 0 0
43| 0 -4 0
44| 0 -8 0
45| 0 -12 0
46| 0 -16 0
47| 0,3 -20 0
48| 0,6 -24 0
49| 0,9 -28 0
50| 1,2 -32 0
51| 1,5 -36 0
52| 1,8 -40 0
53| 2,1 -43,99999 0
54| 2,4 -47,99999 0
55| 2,7 -51,99999 0
56| 3 -55,99999 0
57| 3,299999 -60 0
58| 3,599999 -64 0
59| 3,899999 -68 0
60| 4,2 -72 0
61| 4,5 -76,00001 0
62| 4,8 -80,00001 0
63| 5,1 -84,00001 0
64| 5,4 -88,00002 0
65| 5,7 -92,00002 0
66| 6 -96,00002 0
67| 6,300001 -100 0
68| 6,600001 -104 0
69| 6,900001 -108 0
70| 7,200001 -112 0
71| 7,500001 -116 0
72| 7,800001 -120 0
73| 8,1 -124 0
74| 8,4 -128 0
75| 8,7 -132 0
76| 8,999999 -136 0
77| 9,299999 -140 0
78| 9,599998 -144 0
79| 9,899999 -148 0
80| 10,2 -152 0
81| 10,5 -156 0
82| 10,8 -160 0
83| 11,1 -164 0
84| 11,4 -168 0
85| 11,7 -171,9999 0
86| 12 -175,9999 0
87| 12,3 -179,9999 0
88| 12,6 -183,9999 0
89| 12,9 -187,9999 0
90| 13,2 -191,9999 0
91| 13,5 -195,9999 0
92| 13,79999 -199,9999 0
93| 14,09999 -203,9999 0
94| 14,39999 -207,9999 0
95| 14,69999 -211,9999 0
96| 14,99999 -215,9999 0
97| 15,29999 -219,9999 0
98| 15,59999 -223,9999 0
99| 15,89999 -227,9999 0
100| 16,19999 -231,9999 0
101| 16,49999 -235,9999 0
102| 16,79999 -239,9999 0
103| 17,09999 -243,9999 0
104| 17,39999 -247,9999 0
105| 17,69999 -251,9999 0
106| 17,99999 -255,9999 0
107| 18,29999 -259,9999 0
108| 18,59999 -263,9999 0
109| 18,89999 -267,9999 0
110| 19,19999 -271,9998 0
111| 19,49999 -275,9998 0
112| 19,79999 -279,9998 0
113| 20,09999 -283,9998 0
114| 20,39999 -287,9998 0
115| 20,69999 -291,9998 0
116| 20,99999 -295,9998 0
117| 21,29999 -299,9998 0
118| 21,59999 -299,9998 0
119| 21,89999 -299,9998 0
120| 22,19999 -299,9998 0
121| 22,49999 0 0
122| 22,49999 4 0
123| 22,49999 8 0
124| 0 12 0
125| -0,3 16 0
126| -0,6 20 0
127| -0,9 24 0
128| -1,2 28 0
129| -1,5 32 0
130| -1,8 36 0
131| -2,1 40 0
132| -2,4 43,99999 0
133| -2,7 47,99999 0
134| -3 51,99999 0
135| -3,299999 55,99999 0
136| -3,599999 60 0
137| -3,899999 64 0
138| -4,2 68 0
139| -4,5 72 0
140| -4,8 76,00001 0
141| -5,1 80,00001 0
142| -5,4 84,00001 0
143| -5,7 88,00002 0
144| -6 92,00002 0
145| -6,300001 96,00002 0
146| -6,600001 100 0
147| -6,900001 104 0
148| -7,200001 108 0
149| -7,500001 112 0
150| -7,800001 116 0
151| -8,1 120 0
152| -8,4 124 0
153| -8,7 128 0
154| -8,999999 132 0
155| -9,299999 136 0
156| -9,599998 140 0
157| -9,899999 144 0
158| -10,2 148 0
159| -10,5 152 0
160| -10,8 156 0
161| -11,1 160 0
162| -11,4 164 0
163| -11,7 168 0
164| -12 171,9999 0
165| -12,3 175,9999 0
166| -12,6 179,9999 0
167| -12,9 183,9999 0
168| -13,2 187,9999 0
169| -13,5 191,9999 0
170| -13,79999 195,9999 0
171| -14,09999 199,9999 0
172| -14,39999 203,9999 0
173| -14,69999 207,9999 0
174| -14,99999 211,9999 0
175| -15,29999 215,9999 0
176| -15,59999 219,9999 0
177| -15,89999 223,9999 0
178| -16,19999 227,9999 0
179| -16,49999 231,9999 0
180| -16,79999 235,9999 0
181| -17,09999 239,9999 0
182| -17,39999 243,9999 0
183| -17,69999 247,9999 0
184| -17,99999 251,9999 0
185| -18,29999 255,9999 0
186| -18,59999 259,9999 0
187| -18,89999 263,9999 0
188| -19,19999 267,9999 0
189| -19,49999 271,9998 0
190| -19,79999 275,9998 0
191| -20,09999 279,9998 0
192| -20,39999 283,9998 0
193| -20,69999 287,9998 0
194| -20,99999 291,9998 0
195| -21,29999 295,9998 0
196| -21,59999 299,9998 0
197| -21,89999 303,9998 0
198| -22,19999 307,9998 0
199| -22,49999 311,9998 0
200| -22,79999 315,9998 0
201| -23,09999 319,9998 0
202| -23,39999 323,9998 0
203| -23,69999 327,9998 0
204| -23,99999 331,9998 0
205| -24,29999 335,9998 0
206| -24,59999 339,9998 0
207| -24,89998 343,9998 0
208| -25,19999 347,9998 0
209| -25,49998 351,9998 0
210| -25,79998 355,9998 0
211| -26,09998 359,9998 0
212| -26,39998 363,9998 0
213| -26,69998 367,9998 0
214| -26,99998 367,9998 0
215| 0 0 0
216| 0 0 0
217| 0 0 0
218| 0 0 0
219| 0 0 0
220| 0 0 0
221| 0 0 0
222| 0 0 0
223| 0 0 0
224| 0 0 0
225| 0 0 0
226| 0 0 0
227| 0 0 0
228| 0 0 0
229| 0 0 0
230| 0 0 0
231| 0 0 0
232| 0 0 0
233| 0 0 0
234| 0 0 0
235| 0 0 0
236| 0 0 0
237| 0 0 0
238| 0 0 0
239| 0 0 0
240| 0 0 0
241| 0 0 0
242| 0 0 0
243| 0 0 0
244| 0 0 0
245| 0 0 0
246| 0 0 0
247| 0 0 0
248| 0 0 0
249| 0 0 0

