[1|(0.0.0)]
[2|(0.0.0)]
[3|(0.0.0)]
[4|(0.0.0)]
[5|(0.0.0)]
[6|(0.0.0)]
[7|(0.0.0)]
[8|(0.0.0)]
[9|(0.0.0)]
[10|(0.0.0)]
[11|(0.0.0)]
[12|(0.0.0)]
[13|(0.0.0)]
[14|(0.0.0)]
[15|(0.0.0)]
[16|(0.0.0)]
[17|(0.0.0)]
[18|(0.0.0)]
[19|(0.0.0)]
[20|(0.0.0)]
[21|(0.0.0)]
[22|(0.0.0)]
[23|(0.0.0)]
[24|(0.0.0)]
[25|(0.0.0)]
[26|(0.0.0)]
[27|(0.0.0)]
[28|(0.0.0)]
[29|(0.0.0)]
[30|(0.0.0)]
[31|(0.0.0)]
[32|(0.0.0)]
[33|(0.0.0)]
[34|(0.0.0)]
[35|(0.0.0)]
[36|(0.-0,01.0)]
[37|(0.-0,02.0)]
[38|(0.-0,03.0)]
[39|(0.-0,04.0)]
[40|(0,01.-0,05.0)]
[41|(0,02.-0,05999999.0)]
[42|(0,03.-0,06999999.0)]
[43|(0,04.-0,07999999.0)]
[44|(0,05.-0,08999999.0)]
[45|(0,05999999.-0,09999999.0)]
[46|(0,06999999.-0,11.0)]
[47|(0,07999999.-0,12.0)]
[48|(0,08999999.-0,13.0)]
[49|(0,09999999.-0,14.0)]
[50|(0,11.-0,15.0)]
[51|(0,12.-0,16.0)]
[52|(0,13.-0,17.0)]
[53|(0,14.-0,18.0)]
[54|(0,15.-0,19.0)]
[55|(0,16.-0,2.0)]
[56|(0,17.-0,21.0)]
[57|(0,18.-0,22.0)]
[58|(0,19.-0,23.0)]
[59|(0,2.-0,24.0)]
[60|(0,21.-0,25.0)]
[61|(0,22.-0,26.0)]
[62|(0,23.-0,27.0)]
[63|(0,24.-0,28.0)]
[64|(0,25.-0,29.0)]
[65|(0,26.-0,3.0)]
[66|(0,27.-0,31.0)]
[67|(0,28.-0,32.0)]
[68|(0,29.-0,33.0)]
[69|(0,3.-0,3399999.0)]
[70|(0,31.-0,3499999.0)]
[71|(0,32.-0,3599999.0)]
[72|(0,33.-0,3699999.0)]
[73|(0,3399999.-0,3799999.0)]
[74|(0,3499999.-0,3899999.0)]
[75|(0,3599999.-0,3999999.0)]
[76|(0,3699999.-0,4099999.0)]
[77|(0,3799999.-0,4199999.0)]
[78|(0,3899999.-0,4299999.0)]
[79|(0,3999999.-0,4399998.0)]
[80|(0,4099999.-0,4499998.0)]
[81|(0,4199999.-0,4599998.0)]
[82|(0,4299999.-0,4699998.0)]
[83|(0,4399998.-0,4799998.0)]
[84|(0,4499998.-0,4899998.0)]
[85|(0,4599998.-0,4999998.0)]
[86|(0,4699998.-0,5099998.0)]
[87|(0,4799998.-0,5199998.0)]
[88|(0,4899998.-0,5299998.0)]
[89|(0,4999998.-0,5399998.0)]
[90|(0,5099998.-0,5499998.0)]
[91|(0,5199998.-0,5599998.0)]
[92|(0,5299998.-0,5699998.0)]
[93|(0,5399998.-0,5799997.0)]
[94|(0,5499998.-0,5899997.0)]
[95|(0,5599998.-0,5999997.0)]
[96|(0,5699998.-0,6099997.0)]
[97|(0,5799997.-0,6199997.0)]
[98|(0,5899997.-0,6299997.0)]
[99|(0,5999997.-0,6399997.0)]
[100|(0,6099997.-0,6499997.0)]
[101|(0,6199997.-0,6599997.0)]
[102|(0,6299997.-0,6699997.0)]
[103|(0,6399997.-0,6799996.0)]
[104|(0,6499997.-0,6899996.0)]
[105|(0,6599997.-0,6999996.0)]
[106|(0,6699997.-0,7099996.0)]
[107|(0,6799996.-0,7199996.0)]
[108|(0,6899996.-0,7299996.0)]
[109|(0,6999996.-0,7399996.0)]
[110|(0,7099996.-0,7499996.0)]
[111|(0,7199996.-0,7599996.0)]
[112|(0,7299996.-0,7699996.0)]
[113|(0,7399996.-0,7799996.0)]
[114|(0,7499996.-0,7899995.0)]
[115|(0,7599996.-0,7999995.0)]
[116|(0,7699996.-0,8099995.0)]
[117|(0,7799996.-0,8099995.0)]
[118|(0,7899995.-0,8099995.0)]
[119|(0,7999995.-0,8099995.0)]
[120|(0,8099995.-0,8099995.0)]
[121|(0,8199995.-0,8099995.0)]
[122|(0,8299995.-0,8099995.0)]
[123|(0,8399995.-0,8099995.0)]
[124|(0,8499995.-0,8099995.0)]
[125|(0,8599995.0.0)]
[126|(0,8699995.0,01.0)]
[127|(0,8699995.0,02.0)]
[128|(0,8699995.0,03.0)]
[129|(0.0,04.0)]
[130|(-0,01.0,05.0)]
[131|(-0,02.0,05999999.0)]
[132|(-0,03.0,06999999.0)]
[133|(-0,04.0,07999999.0)]
[134|(-0,05.0,08999999.0)]
[135|(-0,05999999.0,09999999.0)]
[136|(-0,06999999.0,11.0)]
[137|(-0,07999999.0,12.0)]
[138|(-0,08999999.0,13.0)]
[139|(-0,09999999.0,14.0)]
[140|(-0,11.0,15.0)]
[141|(-0,12.0,16.0)]
[142|(-0,13.0,17.0)]
[143|(-0,14.0,18.0)]
[144|(-0,15.0,19.0)]
[145|(-0,16.0,2.0)]
[146|(-0,17.0,21.0)]
[147|(-0,18.0,22.0)]
[148|(-0,19.0,23.0)]
[149|(-0,2.0,24.0)]
[150|(-0,21.0,25.0)]
[151|(-0,22.0,26.0)]
[152|(-0,23.0,27.0)]
[153|(-0,24.0,28.0)]
[154|(-0,25.0,29.0)]
[155|(-0,26.0,3.0)]
[156|(-0,27.0,31.0)]
[157|(-0,28.0,32.0)]
[158|(-0,29.0,33.0)]
[159|(-0,3.0,3399999.0)]
[160|(-0,31.0,3499999.0)]
[161|(-0,32.0,3599999.0)]
[162|(-0,33.0,3699999.0)]
[163|(-0,3399999.0,3799999.0)]
[164|(-0,3499999.0,3899999.0)]
[165|(-0,3599999.0,3999999.0)]
[166|(0.0,4099999.0)]
[167|(0.0,4199999.0)]
[168|(0.0,4299999.0)]
[169|(-0,01.0,4399998.0)]
[170|(-0,02.0,4499998.0)]
[171|(-0,03.0,4599998.0)]
[172|(-0,04.0,4699998.0)]
[173|(-0,05.0,4799998.0)]
[174|(-0,05999999.0,4899998.0)]
[175|(-0,06999999.0,4999998.0)]
[176|(-0,07999999.0,5099998.0)]
[177|(-0,08999999.0,5199998.0)]
[178|(-0,09999999.0,5299998.0)]
[179|(-0,11.0,5399998.0)]
[180|(-0,12.0,5499998.0)]
[181|(-0,13.0,5599998.0)]
[182|(-0,14.0,5699998.0)]
[183|(-0,15.0,5799997.0)]
[184|(-0,16.0,5899997.0)]
[185|(-0,17.0,5999997.0)]
[186|(-0,18.0,6099997.0)]
[187|(-0,19.0,6199997.0)]
[188|(-0,2.0,6299997.0)]
[189|(-0,21.0,6399997.0)]
[190|(-0,22.0,6499997.0)]
[191|(-0,23.0,6599997.0)]
[192|(-0,24.0,6699997.0)]
[193|(-0,25.0,6799996.0)]
[194|(-0,26.0,6899996.0)]
[195|(-0,27.0,6999996.0)]
[196|(-0,28.0,7099996.0)]
[197|(-0,29.0,7199996.0)]
[198|(-0,3.0,7299996.0)]
[199|(-0,31.0,7399996.0)]
[200|(-0,32.0,7499996.0)]
[201|(-0,33.0,7599996.0)]
[202|(-0,3399999.0,7699996.0)]
[203|(-0,3499999.0,7799996.0)]
[204|(-0,3599999.0,7899995.0)]
[205|(-0,3699999.0,7999995.0)]
[206|(-0,3799999.0,8099995.0)]
[207|(-0,3899999.0,8199995.0)]
[208|(-0,3999999.0,8299995.0)]
[209|(-0,4099999.0,8399995.0)]
[210|(-0,4199999.0,8499995.0)]
[211|(-0,4299999.0,8599995.0)]
[212|(-0,4399998.0,8699995.0)]
[213|(-0,4499998.0,8799995.0)]
[214|(-0,4599998.0,8899994.0)]
[215|(-0,4699998.0,8999994.0)]
[216|(-0,4799998.0,9099994.0)]
[217|(-0,4899998.0,9199994.0)]
[218|(-0,4999998.0,9299994.0)]
[219|(-0,5099998.0,9399994.0)]
[220|(-0,5199998.0,9499994.0)]
[221|(-0,5299998.0,9599994.0)]
[222|(-0,5399998.0,9699994.0)]
[223|(-0,5499998.0,9799994.0)]
[224|(-0,5599998.0,9899994.0)]
[225|(-0,5699998.0,9999993.0)]
[226|(-0,5799997.1,009999.0)]
[227|(-0,5899997.1.0)]
[228|(-0,5999997.1.0)]
[229|(-0,6099997.1.0)]
[230|(-0,6199997.1.0)]
[231|(-0,6299997.1.0)]
[232|(-0,6399997.1.0)]
[233|(-0,6499997.1.0)]
[234|(-0,6599997.1.0)]
[235|(-0,6699997.1.0)]
[236|(-0,6799996.1.0)]
[237|(-0,6899996.1.0)]
[238|(-0,6999996.1.0)]
[239|(-0,7099996.1.0)]
[240|(-0,7199996.1.0)]
[241|(-0,7299996.1.0)]
[242|(-0,7399996.1.0)]
[243|(-0,7499996.1.0)]
[244|(-0,7599996.1.0)]
[245|(-0,7699996.1.0)]
[246|(-0,7799996.1.0)]
[247|(-0,7899995.1.0)]
[248|(-0,7999995.1.0)]
[249|(-0,8099995.1.0)]
[250|(-0,8199995.1.0)]
[251|(-0,8299995.1.0)]
[252|(-0,8399995.1.0)]
[253|(-0,8499995.1.0)]
[254|(-0,8599995.1.0)]
[255|(-0,8699995.1.0)]
[256|(-0,8799995.1.0)]
[257|(-0,8899994.1.0)]
[258|(-0,8999994.1.0)]
[259|(-0,9099994.1.0)]
[260|(-0,9199994.1.0)]
[261|(-0,9299994.1.0)]
[262|(-0,9399994.1.0)]
[263|(-0,9499994.1.0)]
[264|(-0,9599994.1.0)]
[265|(-0,9699994.1.0)]
[266|(-0,9799994.1.0)]
[267|(-0,9899994.1.0)]
[268|(-0,9999993.1.0)]
[269|(-1,009999.1.0)]
[270|(-1.1.0)]
[271|(-1.1.0)]
[272|(-1.1.0)]
[273|(-1.1.0)]
[274|(-1.1.0)]
[275|(-1.1.0)]
[276|(-1.1.0)]
[277|(-1.1.0)]
[278|(-1.1.0)]
[279|(-1.1.0)]
[280|(-1.1.0)]
[281|(-1.1.0)]
[282|(-1.1.0)]
[283|(-1.1.0)]
[284|(-1.1.0)]
[285|(0.0.0)]
[286|(0.0.0)]
[287|(0.0.0)]
[288|(0.0.0)]
[289|(0.0.0)]
[290|(0.0.0)]
[291|(0.0.0)]
[292|(0.0.0)]
[293|(0.0.0)]
[294|(0.0.0)]
[295|(0.0.0)]
[296|(0.0.0)]
[297|(0.0.0)]
[298|(0,01.0.0)]
[299|(0,02.0.0)]
[300|(0,03.0.0)]
[301|(0,04.0.0)]
[302|(0,05.0.0)]
[303|(0,05999999.0.0)]
[304|(0.0.0)]
[305|(0.0.0)]
[306|(0.0.0)]
[307|(0.0.0)]
[308|(0,01.0.0)]
[309|(0,02.0.0)]
[310|(0,03.0.0)]
[311|(0,04.0.0)]
[312|(0.0.0)]
[313|(0.0.0)]
[314|(0.0.0)]
[315|(0.0.0)]
[316|(0.0.0)]
[317|(0.0.0)]
[318|(0.0.0)]
[319|(0.0.0)]
[320|(0.0.0)]
[321|(0.0.0)]
[322|(0.0.0)]
[323|(0.0.0)]
[324|(0.0.0)]
[325|(0.0.0)]
[326|(0.0.0)]
[327|(0.0.0)]
[328|(0.0.0)]
[329|(0.0.0)]
[330|(0.0.0)]
[331|(0.0.0)]
[332|(0.0.0)]
[333|(0.0.0)]
[334|(0.0.0)]
[335|(0.0.0)]
[336|(0.0.0)]
