1| 0 0 0
2| 0 0 0
3| 0 0 0
4| 0 0 0
5| 0 0 0
6| 0 0 0
7| 0 0 0
8| 0 0 0
9| 0 0 0
10| 0 0 0
11| 0 0 0
12| 0 0 0
13| 0 0 0
14| 0 0 0
15| 0 0 0
16| 0 0 0
17| 0 0 0
18| 0 0 0
19| 0 0 0
20| 0 0 0
21| 0 0 0
22| 0 0 0
23| 0 0 0
24| 0 0 0
25| 0 0 0
26| 0 0 0
27| 0 0 0
28| 0 0 0
29| 0 0 0
30| 0 0 0
31| 0 0 0
32| 0 0 0
33| 0 0 0
34| 0 0 0
35| 0 0 0
36| 0 -4 0
37| 0 -8 0
38| 0 -12 0
39| 0 -16 0
40| 0,3 -20 0
41| 0,6 -24 0
42| 0,9 -28 0
43| 1,2 -32 0
44| 1,5 -36 0
45| 1,8 -40 0
46| 2,1 -43,99999 0
47| 2,4 -47,99999 0
48| 2,7 -51,99999 0
49| 3 -55,99999 0
50| 3,299999 -60 0
51| 3,599999 -64 0
52| 3,899999 -68 0
53| 4,2 -72 0
54| 4,5 -76,00001 0
55| 4,8 -80,00001 0
56| 5,1 -84,00001 0
57| 5,4 -88,00002 0
58| 5,7 -92,00002 0
59| 6 -96,00002 0
60| 6,300001 -100 0
61| 6,600001 -104 0
62| 6,900001 -108 0
63| 7,200001 -112 0
64| 7,500001 -116 0
65| 7,800001 -120 0
66| 8,1 -124 0
67| 8,4 -128 0
68| 8,7 -132 0
69| 8,999999 -136 0
70| 9,299999 -140 0
71| 9,599998 -144 0
72| 9,899999 -148 0
73| 10,2 -152 0
74| 10,5 -156 0
75| 10,8 -160 0
76| 11,1 -164 0
77| 11,4 -168 0
78| 11,7 -171,9999 0
79| 12 -175,9999 0
80| 12,3 -179,9999 0
81| 12,6 -183,9999 0
82| 12,9 -187,9999 0
83| 13,2 -191,9999 0
84| 13,5 -195,9999 0
85| 13,79999 -199,9999 0
86| 14,09999 -203,9999 0
87| 14,39999 -207,9999 0
88| 14,69999 -211,9999 0
89| 14,99999 -215,9999 0
90| 15,29999 -219,9999 0
91| 15,59999 -223,9999 0
92| 15,89999 -227,9999 0
93| 16,19999 -231,9999 0
94| 16,49999 -235,9999 0
95| 16,79999 -239,9999 0
96| 17,09999 -243,9999 0
97| 17,39999 -247,9999 0
98| 17,69999 -251,9999 0
99| 17,99999 -255,9999 0
100| 18,29999 -259,9999 0
101| 18,59999 -263,9999 0
102| 18,89999 -267,9999 0
103| 19,19999 -271,9998 0
104| 19,49999 -275,9998 0
105| 19,79999 -279,9998 0
106| 20,09999 -283,9998 0
107| 20,39999 -287,9998 0
108| 20,69999 -291,9998 0
109| 20,99999 -295,9998 0
110| 21,29999 -299,9998 0
111| 21,59999 -303,9998 0
112| 21,89999 -307,9998 0
113| 22,19999 -311,9998 0
114| 22,49999 -315,9998 0
115| 22,79999 -319,9998 0
116| 23,09999 -323,9998 0
117| 23,39999 -323,9998 0
118| 23,69999 -323,9998 0
119| 23,99999 -323,9998 0
120| 24,29999 -323,9998 0
121| 24,59999 -323,9998 0
122| 24,89998 -323,9998 0
123| 25,19999 -323,9998 0
124| 25,49998 -323,9998 0
125| 25,79998 0 0
126| 26,09998 4 0
127| 26,09998 8 0
128| 26,09998 12 0
129| 0 16 0
130| -0,3 20 0
131| -0,6 24 0
132| -0,9 28 0
133| -1,2 32 0
134| -1,5 36 0
135| -1,8 40 0
136| -2,1 43,99999 0
137| -2,4 47,99999 0
138| -2,7 51,99999 0
139| -3 55,99999 0
140| -3,299999 60 0
141| -3,599999 64 0
142| -3,899999 68 0
143| -4,2 72 0
144| -4,5 76,00001 0
145| -4,8 80,00001 0
146| -5,1 84,00001 0
147| -5,4 88,00002 0
148| -5,7 92,00002 0
149| -6 96,00002 0
150| -6,300001 100 0
151| -6,600001 104 0
152| -6,900001 108 0
153| -7,200001 112 0
154| -7,500001 116 0
155| -7,800001 120 0
156| -8,1 124 0
157| -8,4 128 0
158| -8,7 132 0
159| -8,999999 136 0
160| -9,299999 140 0
161| -9,599998 144 0
162| -9,899999 148 0
163| -10,2 152 0
164| -10,5 156 0
165| -10,8 160 0
166| 0 164 0
167| 0 168 0
168| 0 171,9999 0
169| -0,3 175,9999 0
170| -0,6 179,9999 0
171| -0,9 183,9999 0
172| -1,2 187,9999 0
173| -1,5 191,9999 0
174| -1,8 195,9999 0
175| -2,1 199,9999 0
176| -2,4 203,9999 0
177| -2,7 207,9999 0
178| -3 211,9999 0
179| -3,299999 215,9999 0
180| -3,599999 219,9999 0
181| -3,899999 223,9999 0
182| -4,2 227,9999 0
183| -4,5 231,9999 0
184| -4,8 235,9999 0
185| -5,1 239,9999 0
186| -5,4 243,9999 0
187| -5,7 247,9999 0
188| -6 251,9999 0
189| -6,300001 255,9999 0
190| -6,600001 259,9999 0
191| -6,900001 263,9999 0
192| -7,200001 267,9999 0
193| -7,500001 271,9998 0
194| -7,800001 275,9998 0
195| -8,1 279,9998 0
196| -8,4 283,9998 0
197| -8,7 287,9998 0
198| -8,999999 291,9998 0
199| -9,299999 295,9998 0
200| -9,599998 299,9998 0
201| -9,899999 303,9998 0
202| -10,2 307,9998 0
203| -10,5 311,9998 0
204| -10,8 315,9998 0
205| -11,1 319,9998 0
206| -11,4 323,9998 0
207| -11,7 327,9998 0
208| -12 331,9998 0
209| -12,3 335,9998 0
210| -12,6 339,9998 0
211| -12,9 343,9998 0
212| -13,2 347,9998 0
213| -13,5 351,9998 0
214| -13,79999 355,9998 0
215| -14,09999 359,9998 0
216| -14,39999 363,9998 0
217| -14,69999 367,9998 0
218| -14,99999 371,9998 0
219| -15,29999 375,9998 0
220| -15,59999 379,9998 0
221| -15,89999 383,9998 0
222| -16,19999 387,9998 0
223| -16,49999 391,9998 0
224| -16,79999 395,9998 0
225| -17,09999 399,9997 0
226| -17,39999 403,9998 0
227| -17,69999 400 0
228| -17,99999 400 0
229| -18,29999 400 0
230| -18,59999 400 0
231| -18,89999 400 0
232| -19,19999 400 0
233| -19,49999 400 0
234| -19,79999 400 0
235| -20,09999 400 0
236| -20,39999 400 0
237| -20,69999 400 0
238| -20,99999 400 0
239| -21,29999 400 0
240| -21,59999 400 0
241| -21,89999 400 0
242| -22,19999 400 0
243| -22,49999 400 0
244| -22,79999 400 0
245| -23,09999 400 0
246| -23,39999 400 0
247| -23,69999 400 0
248| -23,99999 400 0
249| -24,29999 400 0
250| -24,59999 400 0
251| -24,89998 400 0
252| -25,19999 400 0
253| -25,49998 400 0
254| -25,79998 400 0
255| -26,09998 400 0
256| -26,39998 400 0
257| -26,69998 400 0
258| -26,99998 400 0
259| -27,29998 400 0
260| -27,59998 400 0
261| -27,89998 400 0
262| -28,19998 400 0
263| -28,49998 400 0
264| -28,79998 400 0
265| -29,09998 400 0
266| -29,39998 400 0
267| -29,69998 400 0
268| -29,99998 400 0
269| -30,29998 400 0
270| -30 400 0
271| -30 400 0
272| -30 400 0
273| -30 400 0
274| -30 400 0
275| -30 400 0
276| -30 400 0
277| -30 400 0
278| -30 400 0
279| -30 400 0
280| -30 400 0
281| -30 400 0
282| -30 400 0
283| -30 400 0
284| -30 400 0
285| 0 0 0
286| 0 0 0
287| 0 0 0
288| 0 0 0
289| 0 0 0
290| 0 0 0
291| 0 0 0
292| 0 0 0
293| 0 0 0
294| 0 0 0
295| 0 0 0
296| 0 0 0
297| 0 0 0
298| 0,3 0 0
299| 0,6 0 0
300| 0,9 0 0
301| 1,2 0 0
302| 1,5 0 0
303| 1,8 0 0
304| 0 0 0
305| 0 0 0
306| 0 0 0
307| 0 0 0
308| 0,3 0 0
309| 0,6 0 0
310| 0,9 0 0
311| 1,2 0 0
312| 0 0 0
313| 0 0 0
314| 0 0 0
315| 0 0 0
316| 0 0 0
317| 0 0 0
318| 0 0 0
319| 0 0 0
320| 0 0 0
321| 0 0 0
322| 0 0 0
323| 0 0 0
324| 0 0 0
325| 0 0 0
326| 0 0 0
327| 0 0 0
328| 0 0 0
329| 0 0 0
330| 0 0 0
331| 0 0 0
332| 0 0 0
333| 0 0 0
334| 0 0 0
335| 0 0 0
336| 0 0 0

