1| 0 0 0
2| 0 0 0
3| 0 0 0
4| 0 0 0
5| 0 0 0
6| 0 0 0
7| 0 0 0
8| 0 0 0
9| 0 0 0
10| 0 0 0
11| 0 0 0
12| 0 0 0
13| 0 0 0
14| 0 0 0
15| 0 0 0
16| 0 0 0
17| 0 0 0
18| 0 0 0
19| 0 0 0
20| 0 0 0
21| 0 0 0
22| 0 0 0
23| 0 0 0
24| 0 0 0
25| 0 0 0
26| 0 0 0
27| 0 0 0
28| 0 0 0
29| 0 0 0
30| 0 0 0
31| 0 0 0
32| 0 0 0
33| 0 0 0
34| 0 0 0
35| 0 0 0
36| 0 0 0
37| 0 0 0
38| 0 0 0
39| 0 0 0
40| 0 0 0
41| 0 0 0
42| 0 0 0
43| 0 0 0
44| 0 0 0
45| 0 0 0
46| 0 0 0
47| 0 0 0
48| 0 0 0
49| 0 0 0
50| 0 0 0
51| 0 0 0
52| 0 0 0
53| 0 0 0
54| 0 0 0
55| 0 0 0
56| 0 0 0
57| 0 0 0
58| 0 0 0
59| 0 0 0
60| 0 0 0
61| 0 0 0
62| 0 0 0
63| 0 0 0
64| 0 0 0
65| 0 0 0
66| 0 0 0
67| 0 0 0
68| 0 0 0
69| 0 0 0
70| 0 0 0
71| 0 0 0
72| 0 0 0
73| 0 0 0
74| 0 0 0
75| 0 0 0
76| 0 0 0
77| 0 0 0
78| 0 0 0
79| 0 0 0
80| 0 0 0
81| 0 0 0
82| 0 0 0
83| 0 0 0
84| 0 0 0
85| 0 0 0
86| 0 0 0
87| 0 0 0
88| 0 4 0
89| 0 8 0
90| 0 12 0
91| 0 16 0
92| 0 20 0
93| 0 24 0
94| 0 28 0
95| 0 32 0
96| -0,3 36 0
97| -0,6 40 0
98| -0,9 43,99999 0
99| -1,2 47,99999 0
100| -1,5 51,99999 0
101| -1,8 55,99999 0
102| -1,8 60 0
103| -1,8 64 0
104| -1,8 68 0
105| -1,8 72 0
106| -1,8 76,00001 0
107| -1,8 80,00001 0
108| -1,8 84,00001 0
109| -1,8 88,00002 0
110| -1,8 92,00002 0
111| -1,8 96,00002 0
112| -1,8 100 0
113| -1,8 104 0
114| -1,8 108 0
115| -1,8 112 0
116| -1,8 116 0
117| -1,8 120 0
118| -1,8 124 0
119| -1,8 128 0
120| -2,1 132 0
121| -2,4 136 0
122| -2,7 140 0
123| -3 144 0
124| -3,299999 148 0
125| -3,599999 152 0
126| -3,899999 156 0
127| -4,2 160 0
128| -4,5 164 0
129| -4,5 168 0
130| -4,5 171,9999 0
131| -4,5 175,9999 0
132| -4,5 179,9999 0
133| -4,5 183,9999 0
134| -4,5 187,9999 0
135| -4,5 191,9999 0
136| -4,8 195,9999 0
137| -5,1 199,9999 0
138| -5,4 203,9999 0
139| -5,4 207,9999 0
140| -5,4 211,9999 0
141| -5,4 215,9999 0
142| -5,4 219,9999 0
143| -5,4 223,9999 0
144| -5,4 227,9999 0
145| -5,4 231,9999 0
146| -5,4 235,9999 0
147| -5,4 239,9999 0
148| -5,4 243,9999 0
149| -5,4 247,9999 0
150| -5,4 251,9999 0
151| -5,4 255,9999 0
152| -5,4 259,9999 0
153| -5,4 263,9999 0
154| -5,4 267,9999 0
155| -5,4 271,9998 0
156| -5,4 275,9998 0
157| -5,7 279,9998 0
158| -5,7 283,9998 0
159| -5,7 287,9998 0
160| -5,7 291,9998 0
161| -5,7 295,9998 0
162| -6 299,9998 0
163| -6,300001 303,9998 0
164| -6,600001 307,9998 0
165| -6,600001 311,9998 0
166| -6,600001 315,9998 0
167| -6,600001 319,9998 0
168| -6,600001 323,9998 0
169| -6,600001 327,9998 0
170| -6,600001 331,9998 0
171| -6,600001 335,9998 0
172| -6,600001 339,9998 0
173| -6,600001 343,9998 0
174| -6,600001 347,9998 0
175| -6,600001 351,9998 0
176| -6,600001 355,9998 0
177| -6,600001 359,9998 0
178| -6,600001 363,9998 0
179| -6,600001 367,9998 0
180| -6,600001 371,9998 0
181| 0 375,9998 0
182| 0 379,9998 0
183| 0 383,9998 0
184| 0 387,9998 0
185| 0 391,9998 0
186| 0 395,9998 0
187| 0 399,9997 0
188| 0 400 0
189| 0 400 0
190| 0 400 0
191| 0 400 0
192| 0 400 0
193| 0 400 0
194| 0 400 0
195| 0 400 0
196| 0 400 0
197| 0 400 0
198| 0 400 0
199| 0 400 0
200| 0 400 0
201| 0 400 0
202| 0 400 0
203| 0 400 0
204| 0 400 0
205| 0 400 0
206| 0 400 0
207| 0 400 0
208| 0 400 0
209| 0 400 0
210| 0 400 0
211| 0 400 0
212| 0 400 0
213| 0 400 0
214| 0 400 0
215| 0 400 0
216| 0 400 0
217| 0 400 0
218| 0 400 0
219| 0 400 0
220| 0 400 0
221| 0 400 0
222| 0 400 0
223| 0 400 0
224| 0 400 0
225| 0 400 0
226| 0,3 400 0
227| 0,6 400 0
228| 0,9 400 0
229| 1,2 400 0
230| 1,2 400 0
231| 1,2 400 0
232| 1,2 400 0
233| 1,2 400 0
234| 1,2 400 0
235| 1,2 400 0
236| 1,2 400 0
237| 1,5 400 0
238| 1,8 400 0
239| 2,1 400 0
240| 2,4 400 0
241| 2,7 400 0
242| 3 400 0
243| 3,299999 400 0
244| 3,599999 400 0
245| 3,899999 400 0
246| 4,2 400 0
247| 4,5 400 0
248| 4,8 400 0
249| 5,1 400 0
250| 5,4 400 0
251| 5,7 400 0
252| 6 400 0
253| 6,300001 400 0
254| 6,600001 400 0
255| 6,900001 400 0
256| 7,200001 400 0
257| 7,500001 400 0
258| 7,800001 400 0
259| 8,1 400 0
260| 8,4 400 0
261| 8,7 400 0
262| 8,999999 400 0
263| 9,299999 400 0
264| 9,599998 400 0
265| 9,899999 400 0
266| 10,2 400 0
267| 10,5 400 0
268| 10,8 400 0
269| 11,1 400 0
270| 11,4 400 0
271| 11,7 400 0
272| 12 400 0
273| 12,3 400 0
274| 12,6 400 0
275| 12,9 400 0
276| 13,2 400 0
277| 13,5 400 0
278| 13,79999 400 0
279| 14,09999 400 0
280| 14,39999 400 0
281| 14,69999 400 0
282| 14,99999 400 0
283| 15,29999 400 0
284| 15,59999 400 0
285| 15,89999 400 0
286| 16,19999 400 0
287| 16,49999 400 0
288| 16,79999 400 0
289| 17,09999 400 0
290| 17,39999 400 0
291| 17,69999 400 0
292| 17,99999 400 0
293| 18,29999 400 0
294| 18,59999 400 0
295| 18,89999 400 0
296| 19,19999 400 0
297| 19,49999 400 0
298| 19,79999 400 0
299| 20,09999 400 0
300| 20,39999 400 0
301| 20,69999 400 0
302| 20,99999 400 0
303| 21,29999 400 0
304| 21,59999 400 0
305| 21,89999 400 0
306| 22,19999 400 0
307| 22,49999 400 0
308| 22,79999 400 0
309| 23,09999 400 0
310| 23,39999 400 0
311| 23,69999 400 0
312| 23,99999 400 0
313| 24,29999 400 0
314| 24,59999 400 0
315| 24,89998 400 0
316| 25,19999 400 0
317| 25,49998 400 0
318| 25,79998 400 0
319| 26,09998 400 0
320| 26,39998 400 0
321| 26,69998 400 0
322| 0 400 0
323| 0 400 0
324| 0 400 0
325| 0 400 0
326| 0 400 0
327| -0,3 400 0
328| -0,6 400 0
329| -0,9 400 0
330| -1,2 400 0
331| -1,5 400 0
332| -1,8 400 0
333| -2,1 400 0
334| -2,4 400 0
335| 0 0 0
336| 0 0 0
337| 0 0 0
338| 0 0 0
339| 0 0 0
340| 0 0 0
341| 0 0 0
342| 0 0 0
343| 0 0 0
344| 0 0 0
345| 0 0 0
346| 0 0 0
347| 0 0 0
348| 0 0 0
349| 0 0 0
350| 0 0 0
351| 0 0 0
352| 0 0 0
353| 0 0 0
354| 0 0 0
355| 0 0 0
356| 0 0 0
357| 0 0 0
358| 0 0 0
359| 0 0 0
360| 0 0 0
361| 0 0 0
362| 0 0 0
363| 0 0 0
364| 0 0 0
365| 0,3 0 0
366| 0,6 0 0
367| 0,9 0 0
368| 1,2 0 0
369| 1,5 0 0
370| 1,8 0 0
371| 2,1 0 0
372| 2,4 0 0
373| 2,7 0 0
374| 3 0 0
375| 3,299999 0 0
376| 3,599999 0 0
377| 3,899999 0 0
378| 4,2 0 0
379| 4,5 0 0
380| 4,8 0 0
381| 5,1 0 0
382| 5,4 0 0
383| 5,7 0 0
384| 6 0 0
385| 6,300001 0 0
386| 6,600001 0 0
387| 6,900001 0 0
388| 7,200001 0 0
389| 0 0 0
390| 0 0 0
391| 0 0 0
392| 0 0 0
393| 0 0 0
394| 0 0 0
395| 0 0 0
396| 0 0 0
397| 0 0 0
398| 0 0 0
399| 0 0 0
400| 0 0 0
401| 0 0 0
402| 0 0 0
403| 0 0 0
404| 0 0 0
405| 0 0 0
406| 0 0 0
407| 0 0 0
408| 0 0 0
409| 0 0 0
410| 0 0 0
411| 0 0 0
412| 0 0 0
413| 0 0 0
414| 0 0 0
415| 0 0 0
416| 0 0 0
417| 0 0 0
418| 0 0 0
419| 0 0 0
420| 0 0 0
421| 0 0 0
422| 0 0 0
423| 0 0 0
424| 0 0 0
425| 0 0 0
426| 0 0 0
427| 0 0 0
428| 0 0 0
429| 0 0 0
430| 0 0 0
431| 0 0 0
432| 0 0 0
433| 0 0 0
434| 0 0 0
435| 0 0 0
436| 0 0 0
437| 0 0 0
438| 0 0 0
439| 0 0 0
440| 0 0 0
441| 0 0 0
442| 0 0 0
443| 0 0 0
444| 0 0 0
445| 0 0 0
446| 0 0 0
447| 0 0 0
448| 0 0 0
449| 0 0 0
450| 0 0 0
451| 0 0 0
452| 0 0 0
453| -0,3 0 0
454| -0,6 0 0
455| -0,9 0 0
456| -1,2 0 0
457| -1,5 0 0
458| -1,8 0 0
459| -2,1 0 0
460| -2,4 0 0
461| -2,7 0 0
462| -3 0 0
463| -3,299999 0 0
464| -3,599999 0 0
465| -3,899999 0 0
466| -4,2 0 0
467| 0 0 0
468| 0,3 0 0
469| 0,6 0 0
470| 0,9 0 0
471| 1,2 0 0
472| 0 0 0
473| 0 0 0
474| 0 0 0
475| 0 0 0
476| 0 0 0
477| 0 0 0
478| 0 0 0
479| 0 0 0
480| 0 0 0
481| 0 0 0
482| 0 0 0
483| 0 0 0
484| 0 0 0
485| 0 0 0
486| -0,3 0 0
487| -0,6 0 0
488| -0,9 0 0
489| -1,2 0 0
490| -1,5 0 0
491| -1,8 0 0
492| -2,1 0 0
493| -2,4 0 0
494| -2,4 0 0
495| -2,4 4 0
496| -2,4 8 0
497| -2,4 12 0
498| -2,4 16 0
499| -2,4 20 0
500| -2,4 24 0
501| -2,4 28 0
502| -2,7 28 0
503| -3 28 0
504| -3,299999 28 0
505| -3,599999 28 0
506| -3,899999 28 0
507| -4,2 28 0
508| -4,5 28 0
509| -4,8 28 0
510| -5,1 28 0
511| -5,4 28 0
512| -5,7 28 0
513| -6 28 0
514| -6,300001 28 0
515| -6,600001 28 0
516| -6,900001 28 0
517| -7,200001 28 0
518| -7,500001 28 0
519| -7,800001 28 0
520| -8,1 28 0
521| -8,4 28 0
522| -8,7 28 0
523| -8,999999 28 0
524| -9,299999 28 0
525| -9,599998 28 0
526| -9,899999 28 0
527| -10,2 28 0
528| -10,5 28 0
529| -10,8 28 0
530| -11,1 28 0
531| -11,4 0 0
532| -11,7 -4 0
533| -12 -8 0
534| -12,3 -12 0
535| -12,6 -16 0
536| -12,9 -20 0
537| -13,2 -24 0
538| -13,5 -28 0
539| -13,79999 -32 0
540| -14,09999 -36 0
541| -14,39999 -40 0
542| -14,69999 -43,99999 0
543| -14,99999 -47,99999 0
544| -15,29999 -51,99999 0
545| -15,59999 -55,99999 0
546| -15,89999 -60 0
547| -16,19999 -64 0
548| -16,49999 -68 0
549| -16,79999 -72 0
550| -17,09999 -76,00001 0
551| -17,39999 -80,00001 0
552| -17,69999 -84,00001 0
553| -17,99999 -88,00002 0
554| -18,29999 -92,00002 0
555| -18,59999 -96,00002 0
556| -18,89999 -100 0
557| -19,19999 -104 0
558| -19,49999 -108 0
559| -19,79999 -112 0
560| -19,79999 -116 0
561| 0 -120 0
562| 0,3 -124 0
563| 0,6 -128 0
564| 0,9 -132 0
565| 1,2 -136 0
566| 1,5 -140 0
567| 1,8 -144 0
568| 2,1 -148 0
569| 2,4 -152 0
570| 2,7 -156 0
571| 3 -160 0
572| 3,299999 -164 0
573| 3,599999 -168 0
574| 3,899999 -171,9999 0
575| 4,2 -175,9999 0
576| 4,5 -179,9999 0
577| 4,8 -183,9999 0
578| 5,1 -187,9999 0
579| 5,4 -191,9999 0
580| 5,7 -195,9999 0
581| 6 -199,9999 0
582| 6,300001 -203,9999 0
583| 6,600001 -207,9999 0
584| 6,900001 -211,9999 0
585| 7,200001 -215,9999 0
586| 7,500001 -219,9999 0
587| 7,800001 -223,9999 0
588| 8,1 -227,9999 0
589| 8,4 -231,9999 0
590| 8,7 -235,9999 0
591| 8,999999 -239,9999 0
592| 9,299999 -243,9999 0
593| 9,599998 -247,9999 0
594| 9,899999 -251,9999 0
595| 10,2 -255,9999 0
596| 10,5 -259,9999 0
597| 10,8 -263,9999 0
598| 11,1 -267,9999 0
599| 11,4 -271,9998 0
600| 11,7 -275,9998 0
601| 12 -279,9998 0
602| 12,3 -283,9998 0
603| 12,6 -287,9998 0
604| 12,9 -291,9998 0
605| 13,2 -295,9998 0
606| 13,5 -299,9998 0
607| 13,79999 -303,9998 0
608| 14,09999 -307,9998 0
609| 14,39999 -311,9998 0
610| 14,69999 -315,9998 0
611| 14,99999 -319,9998 0
612| 15,29999 -323,9998 0
613| 15,59999 -327,9998 0
614| 15,89999 -331,9998 0
615| 16,19999 -335,9998 0
616| 16,49999 -339,9998 0
617| 16,79999 -343,9998 0
618| 17,09999 -347,9998 0
619| 17,39999 -351,9998 0
620| 17,69999 -355,9998 0
621| 17,99999 -359,9998 0
622| 18,29999 -363,9998 0
623| 18,59999 -367,9998 0
624| 18,89999 -371,9998 0
625| 19,19999 -375,9998 0
626| 19,49999 -379,9998 0
627| 19,79999 -383,9998 0
628| 20,09999 -387,9998 0
629| 20,39999 -391,9998 0
630| 20,69999 -395,9998 0
631| 20,99999 -399,9997 0
632| 21,29999 -400 0
633| 21,59999 -400 0
634| 21,89999 -400 0
635| 22,19999 -400 0
636| 22,49999 -400 0
637| 22,79999 -400 0
638| 23,09999 -400 0
639| 23,39999 -400 0
640| 23,69999 -400 0
641| 23,99999 -400 0
642| 24,29999 -400 0
643| 24,59999 -400 0
644| 24,89998 -400 0
645| 25,19999 -400 0
646| 25,49998 -400 0
647| 25,79998 -400 0
648| 26,09998 -400 0
649| 26,39998 -400 0
650| 26,69998 -400 0
651| 26,99998 -400 0
652| 27,29998 -400 0
653| 27,59998 -400 0
654| 27,89998 -400 0
655| 28,19998 -400 0
656| 28,49998 -400 0
657| 28,79998 -400 0
658| 29,09998 -400 0
659| 29,39998 -400 0
660| 29,69998 -400 0
661| 29,99998 -400 0
662| 30 -400 0
663| 30 -400 0
664| 30 -400 0
665| 30 -400 0
666| 30 -400 0
667| 30 -400 0
668| 30 -400 0
669| 30 -400 0
670| 30 -400 0
671| 30 -400 0
672| 30 -400 0
673| 30 -400 0
674| 30 -400 0
675| 30 -400 0
676| 30 -400 0
677| 30 -400 0
678| 30 -400 0
679| 30 -400 0
680| 30 -400 0
681| 30 -400 0
682| 30 -400 0
683| 30 -400 0
684| 30 -400 0
685| 30 -400 0
686| 30 -400 0
687| 30 -400 0
688| 30 -400 0
689| 30 -400 0
690| 30 -400 0
691| 30 -400 0
692| 30 -400 0
693| 30 -400 0
694| 30 -400 0
695| 30 -400 0
696| 30 -400 0
697| 30 -400 0
698| 30 -400 0
699| 30 -400 0
700| 30 -400 0
701| 30 -400 0
702| 30 -400 0
703| 30 -400 0
704| 30 -400 0
705| 30 -400 0
706| 30 -400 0
707| 30 -400 0
708| 30 -400 0
709| 30 -400 0
710| 30 -400 0
711| 30 -400 0
712| 30 -400 0
713| 30 -400 0
714| 30 -400 0
715| 30 -400 0
716| 30 -400 0
717| 30 -400 0
718| 30 -400 0
719| 30 -400 0
720| 30 -400 0
721| 30 -400 0
722| 30 -400 0
723| 30 -400 0
724| 30 -400 0
725| 30 -400 0
726| 30 -400 0
727| 30 -400 0
728| 30 -400 0
729| 30 -400 0
730| 30 -400 0
731| 30 -400 0
732| 30 -400 0
733| 30 -400 0
734| 30 -400 0

