1| 0 0 0
2| 0 0 0
3| 0 0 0
4| 0 0 0
5| 0 0 0
6| 0 0 0
7| 0 4 0
8| 0,3 8 0
9| 0,6 12 0
10| 0,9 16 0
11| 1,2 20 0
12| 1,5 24 0
13| 1,8 28 0
14| 2,1 32 0
15| 2,4 36 0
16| 2,7 40 0
17| 3 43,99999 0
18| 3,299999 47,99999 0
19| 3,599999 51,99999 0
20| 3,899999 55,99999 0
21| 4,2 60 0
22| 4,5 64 0
23| 4,8 68 0
24| 5,1 72 0
25| 5,4 76,00001 0
26| 5,7 80,00001 0
27| 6 84,00001 0
28| 6,300001 88,00002 0
29| 6,600001 92,00002 0
30| 6,900001 96,00002 0
31| 7,200001 100 0
32| 7,500001 104 0
33| 7,800001 108 0
34| 8,1 112 0
35| 8,4 116 0
36| 8,7 120 0
37| 8,999999 124 0
38| 9,299999 128 0
39| 9,599998 132 0
40| 9,899999 136 0
41| 10,2 140 0
42| 10,5 144 0
43| 10,8 148 0
44| 11,1 152 0
45| 11,4 156 0
46| 11,7 160 0
47| 12 164 0
48| 12,3 168 0
49| 12,6 171,9999 0
50| 12,9 175,9999 0
51| 13,2 179,9999 0
52| 13,5 183,9999 0
53| 13,79999 187,9999 0
54| 14,09999 191,9999 0
55| 14,39999 195,9999 0
56| 14,69999 199,9999 0
57| 14,99999 203,9999 0
58| 15,29999 207,9999 0
59| 15,29999 211,9999 0
60| 15,29999 215,9999 0
61| 15,29999 219,9999 0
62| 15,29999 223,9999 0
63| 15,29999 227,9999 0
64| 15,29999 231,9999 0
65| 15,29999 235,9999 0
66| 15,29999 239,9999 0
67| 15,29999 243,9999 0
68| 15,29999 247,9999 0
69| 15,29999 251,9999 0
70| 15,29999 255,9999 0
71| 15,29999 259,9999 0
72| 15,29999 263,9999 0
73| 15,29999 267,9999 0
74| 15,29999 271,9998 0
75| 15,29999 275,9998 0
76| 15,29999 279,9998 0
77| 15,29999 283,9998 0
78| 15,29999 287,9998 0
79| 15,29999 291,9998 0
80| 15,29999 295,9998 0
81| 15,29999 299,9998 0
82| 15,29999 303,9998 0
83| 15,29999 307,9998 0
84| 15,29999 311,9998 0
85| 15,29999 315,9998 0
86| 15,29999 319,9998 0
87| 15,29999 323,9998 0
88| 15,29999 327,9998 0
89| 15,29999 331,9998 0
90| 15,29999 335,9998 0
91| 15,29999 339,9998 0
92| 15,29999 343,9998 0
93| 15,29999 347,9998 0
94| 15,29999 351,9998 0
95| 15,29999 355,9998 0
96| 15,29999 359,9998 0
97| 15,29999 363,9998 0
98| 15,29999 367,9998 0
99| 15,29999 371,9998 0
100| 15,29999 375,9998 0
101| 0 379,9998 0
102| -0,3 383,9998 0
103| -0,6 387,9998 0
104| -0,6 391,9998 0
105| -0,6 395,9998 0
106| -0,6 399,9997 0
107| -0,6 403,9998 0
108| -0,6 400 0
109| -0,6 400 0
110| -0,6 400 0
111| -0,6 400 0
112| -0,6 400 0
113| -0,6 400 0
114| -0,6 400 0
115| -0,6 400 0
116| -0,6 400 0
117| -0,6 400 0
118| -0,6 400 0
119| -0,6 400 0
120| -0,6 400 0
121| -0,6 400 0
122| -0,6 400 0
123| -0,6 400 0
124| -0,6 400 0
125| -0,6 400 0
126| -0,6 400 0
127| -0,6 400 0
128| -0,6 400 0
129| -0,6 400 0
130| -0,6 400 0
131| -0,6 400 0
132| -0,6 400 0
133| -0,6 400 0
134| -0,6 400 0
135| -0,6 400 0
136| -0,6 400 0
137| -0,6 400 0
138| -0,6 400 0
139| -0,6 400 0
140| 0 400 0
141| 0,3 400 0
142| 0,6 400 0
143| 0,6 400 0
144| 0,6 400 0
145| 0,6 400 0
146| 0,6 400 0
147| 0,6 400 0
148| 0,6 400 0
149| 0,6 400 0
150| 0,6 400 0
151| 0,6 400 0
152| 0,6 400 0
153| 0,6 400 0
154| 0,6 400 0
155| 0,6 400 0
156| 0,6 400 0
157| 0,6 400 0
158| 0,6 400 0
159| 0,6 400 0
160| 0,6 400 0
161| 0,6 400 0
162| 0,6 400 0
163| 0,6 400 0
164| 0,6 400 0
165| 0,6 400 0
166| 0,6 400 0
167| 0,6 400 0
168| 0,6 400 0
169| 0,6 400 0
170| 0,6 400 0
171| 0,6 400 0
172| 0,6 400 0
173| 0,6 400 0
174| 0,6 400 0
175| 0,6 400 0
176| 0,6 400 0
177| 0,6 400 0
178| 0,6 400 0
179| 0,6 400 0
180| 0,6 400 0
181| 0,6 400 0
182| 0,6 400 0
183| 0,6 400 0
184| 0,6 400 0
185| 0,6 400 0
186| 0,6 400 0
187| 0,6 400 0
188| 0,6 400 0
189| 0,6 400 0
190| 0,6 400 0
191| 0,6 400 0
192| 0,6 400 0
193| 0,6 400 0
194| 0,6 400 0
195| 0,6 400 0
196| 0,6 400 0
197| 0,6 400 0
198| 0,6 400 0
199| 0,6 400 0
200| 0,6 400 0
201| 0,6 400 0
202| 0,6 400 0
203| 0,6 400 0
204| 0,6 400 0
205| 0,6 400 0
206| 0,6 400 0
207| 0,6 400 0
208| 0,6 400 0
209| 0,6 400 0
210| 0,6 400 0
211| 0,6 400 0
212| 0,6 400 0
213| 0,6 400 0
214| 0,6 400 0
215| 0,6 400 0
216| 0,6 400 0
217| 0,6 400 0
218| 0,6 400 0
219| 0,6 400 0
220| 0,6 400 0
221| 0,6 400 0
222| 0,6 400 0
223| 0,6 400 0
224| 0,6 400 0
225| 0,6 400 0
226| 0,6 400 0
227| 0,6 400 0
228| 0,6 400 0
229| 0,6 400 0
230| 0,6 400 0
231| 0,6 400 0
232| 0,6 400 0
233| 0,6 400 0
234| 0,6 400 0
235| 0,6 400 0
236| 0,6 400 0
237| 0,6 400 0
238| 0,6 400 0
239| 0,6 400 0
240| 0,6 400 0
241| 0,6 400 0
242| 0,6 400 0
243| 0,6 400 0
244| 0,6 400 0
245| 0,6 400 0
246| 0,6 400 0
247| 0,6 400 0
248| 0,6 400 0
249| 0,6 400 0
250| 0,6 400 0
251| 0,6 400 0
252| 0,6 400 0
253| 0,6 400 0
254| 0,6 400 0
255| 0,6 400 0
256| 0,6 400 0
257| 0,6 400 0
258| 0,6 400 0
259| 0,6 400 0
260| 0,6 400 0
261| 0,6 400 0
262| 0,6 400 0
263| 0,6 400 0
264| 0,6 400 0
265| 0,6 400 0
266| 0,6 400 0
267| 0,6 400 0
268| 0,6 400 0
269| 0,6 400 0
270| 0,6 400 0
271| 0,6 400 0
272| 0,6 400 0
273| 0,6 400 0
274| 0,6 400 0
275| 0,6 400 0
276| 0,6 400 0
277| 0,6 400 0
278| 0,6 400 0
279| 0,6 400 0
280| 0,6 400 0
281| 0,6 400 0
282| 0,6 400 0
283| 0,6 400 0
284| 0,6 400 0
285| 0,6 400 0
286| 0,6 400 0
287| 0,6 400 0
288| 0,6 400 0
289| 0,6 400 0
290| 0,6 400 0
291| 0,6 400 0
292| 0,6 400 0
293| 0,6 400 0
294| 0,6 400 0
295| 0,6 400 0
296| 0,6 400 0
297| 0,6 400 0
298| 0,6 400 0
299| 0,6 400 0
300| 0,6 400 0
301| 0 400 0
302| -0,3 400 0
303| -0,6 400 0
304| -0,9 400 0
305| -1,2 400 0
306| -1,2 400 0
307| -1,2 400 0
308| -1,2 400 0
309| -1,2 400 0
310| -1,2 400 0
311| -1,2 400 0
312| -1,2 400 0
313| -1,2 400 0
314| -1,2 400 0
315| -1,2 400 0
316| -1,2 400 0
317| -1,2 400 0
318| -1,2 400 0
319| -1,2 400 0
320| -1,2 400 0
321| -1,2 400 0
322| -1,2 400 0
323| -1,2 400 0
324| -1,2 400 0
325| -1,2 400 0
326| -1,2 400 0
327| -1,2 400 0
328| 0 0 0
329| 0 0 0
330| 0 0 0
331| 0 4 0
332| 0 8 0
333| 0 12 0
334| 0 16 0
335| 0 20 0
336| 0 24 0
337| 0 28 0
338| 0 32 0
339| 0 36 0
340| 0 40 0
341| 0 43,99999 0
342| 0 47,99999 0
343| 0 51,99999 0
344| 0 55,99999 0
345| 0 60 0
346| 0 64 0
347| 0 68 0
348| 0 72 0
349| 0 76,00001 0
350| 0 80,00001 0
351| 0 84,00001 0
352| 0 88,00002 0
353| 0 92,00002 0
354| 0 96,00002 0
355| 0 100 0
356| 0 104 0
357| 0 108 0
358| 0 112 0
359| 0 116 0
360| 0 120 0
361| 0 124 0
362| 0 128 0
363| 0 132 0
364| 0 136 0
365| 0 140 0
366| 0 144 0
367| 0 148 0
368| 0 152 0
369| 0 156 0
370| 0 160 0
371| 0 164 0
372| 0 168 0
373| 0 171,9999 0
374| 0 175,9999 0
375| 0 179,9999 0
376| 0 183,9999 0
377| 0 187,9999 0
378| 0 191,9999 0
379| 0 195,9999 0
380| 0 199,9999 0
381| 0 203,9999 0
382| 0 207,9999 0
383| 0 211,9999 0
384| 0 215,9999 0
385| 0 219,9999 0
386| 0 223,9999 0
387| 0 227,9999 0
388| 0 231,9999 0
389| 0 235,9999 0
390| 0 239,9999 0
391| 0 243,9999 0
392| 0 247,9999 0
393| 0 251,9999 0
394| 0 255,9999 0
395| 0 259,9999 0
396| 0 263,9999 0
397| 0 267,9999 0
398| 0 271,9998 0
399| 0 275,9998 0
400| 0 279,9998 0
401| 0 283,9998 0
402| 0 287,9998 0
403| 0 291,9998 0
404| 0 295,9998 0
405| 0 299,9998 0
406| 0 303,9998 0
407| 0 307,9998 0
408| 0 311,9998 0
409| 0 315,9998 0
410| 0 319,9998 0
411| 0 323,9998 0
412| 0 327,9998 0
413| 0 331,9998 0
414| 0 335,9998 0
415| 0 339,9998 0
416| 0 343,9998 0
417| 0 347,9998 0
418| 0 351,9998 0
419| 0 355,9998 0
420| 0 359,9998 0
421| 0 363,9998 0
422| 0 367,9998 0
423| 0 371,9998 0
424| 0 375,9998 0
425| 0 379,9998 0
426| 0 383,9998 0
427| 0 387,9998 0
428| 0 391,9998 0
429| 0 395,9998 0
430| -0,3 399,9997 0
431| -0,6 403,9998 0
432| -0,6 400 0
433| -0,6 400 0
434| -0,6 400 0
435| -0,6 400 0
436| -0,6 400 0
437| -0,6 400 0
438| -0,6 400 0
439| -0,6 400 0
440| -0,6 400 0
441| -0,6 400 0
442| -0,6 400 0
443| -0,6 400 0
444| -0,6 400 0
445| -0,6 400 0
446| -0,6 400 0
447| -0,6 400 0
448| -0,6 400 0
449| -0,6 400 0
450| -0,6 400 0
451| -0,6 400 0
452| -0,6 400 0
453| -0,6 400 0
454| -0,6 400 0
455| -0,6 400 0
456| -0,6 400 0
457| -0,6 400 0
458| -0,6 400 0
459| -0,6 400 0
460| -0,6 400 0
461| -0,6 400 0
462| -0,6 400 0
463| -0,6 400 0
464| -0,6 400 0
465| -0,6 400 0
466| -0,6 400 0
467| -0,6 400 0
468| -0,6 400 0
469| -0,6 400 0
470| -0,6 400 0
471| -0,6 400 0
472| -0,6 400 0
473| -0,6 400 0
474| -0,6 400 0
475| -0,6 400 0
476| -0,6 400 0
477| -0,6 400 0
478| -0,6 400 0
479| -0,6 400 0
480| -0,6 400 0
481| -0,6 400 0
482| -0,6 400 0
483| -0,6 400 0
484| -0,6 400 0
485| -0,6 400 0
486| -0,6 400 0
487| -0,6 400 0
488| -0,6 400 0
489| -0,6 400 0
490| -0,6 400 0
491| -0,6 400 0
492| -0,6 400 0
493| -0,6 400 0
494| -0,6 400 0
495| -0,6 400 0
496| -0,6 400 0
497| -0,6 400 0
498| -0,6 400 0
499| -0,6 400 0
500| -0,6 400 0
501| -0,6 400 0
502| -0,6 400 0
503| -0,6 400 0
504| -0,6 400 0
505| -0,6 400 0
506| -0,6 400 0
507| -0,6 400 0
508| -0,6 400 0
509| -0,6 400 0
510| -0,6 400 0
511| -0,6 400 0
512| -0,6 400 0
513| -0,6 400 0
514| -0,6 400 0
515| -0,6 400 0
516| -0,6 400 0
517| -0,6 400 0
518| -0,6 400 0
519| -0,6 400 0
520| -0,6 400 0
521| -0,6 400 0
522| -0,6 400 0
523| -0,6 400 0
524| -0,6 400 0
525| -0,6 400 0
526| -0,6 400 0
527| -0,6 400 0
528| -0,6 400 0
529| -0,6 400 0
530| -0,6 400 0
531| -0,6 400 0
532| -0,6 400 0
533| -0,6 400 0
534| -0,6 400 0
535| -0,6 400 0
536| -0,6 400 0
537| -0,6 400 0
538| -0,6 400 0
539| -0,6 400 0
540| -0,6 400 0
541| -0,6 400 0
542| -0,6 400 0
543| -0,6 400 0
544| -0,6 400 0
545| -0,6 400 0
546| -0,6 400 0
547| -0,6 400 0
548| -0,6 400 0
549| -0,6 400 0
550| -0,6 400 0
551| -0,6 400 0
552| -0,6 400 0
553| -0,6 400 0
554| -0,6 400 0
555| -0,6 400 0
556| -0,6 400 0
557| -0,6 400 0
558| 0 400 0
559| 0,3 400 0
560| 0,6 400 0
561| 0,9 400 0
562| 0,9 400 0
563| 0,9 400 0
564| 0,9 400 0
565| 0,9 400 0
566| 0,9 400 0
567| 0,9 400 0
568| 0,9 400 0
569| 0,9 400 0
570| 0,9 400 0
571| 0,9 400 0
572| 0,9 400 0
573| 0,9 400 0
574| 0,9 400 0
575| 0,9 400 0
576| 0,9 400 0
577| 0,9 400 0
578| 0,9 400 0
579| 0,9 400 0
580| 0,9 400 0
581| 0,9 400 0
582| 0,9 400 0
583| 0,9 400 0
584| 0,9 400 0
585| 0 400 0
586| -0,3 400 0
587| -0,6 400 0
588| -0,9 400 0
589| -0,9 400 0
590| -0,9 400 0
591| -0,9 400 0
592| -0,9 400 0
593| -0,9 400 0
594| -0,9 400 0
595| -0,9 400 0
596| -0,9 400 0
597| -0,9 400 0
598| -0,9 400 0
599| -0,9 400 0
600| -1,2 400 0
601| -1,5 400 0
602| -1,8 400 0
603| -2,1 400 0
604| -2,4 400 0
605| -2,7 400 0
606| -3 400 0
607| -3 400 0
608| -3 400 0
609| -3 400 0
610| -3 400 0
611| -3 400 0
612| -3 400 0
613| -3 400 0
614| -3 400 0
615| -3 400 0
616| -3 400 0
617| -3 400 0
618| -3 400 0
619| 0 400 0
620| 0,3 400 0
621| 0,6 400 0
622| 0,6 400 0
623| 0,6 400 0
624| 0,6 400 0
625| 0,6 400 0
626| 0,6 400 0
627| 0,6 400 0
628| 0,6 400 0
629| 0,6 400 0
630| 0,6 400 0
631| 0,6 400 0
632| 0,6 400 0
633| 0,6 400 0
634| 0,6 400 0
635| 0,6 400 0
636| 0,6 400 0
637| 0,6 400 0
638| 0,6 400 0
639| 0,6 400 0
640| 0,6 400 0
641| 0,6 400 0
642| 0,6 400 0
643| 0,6 400 0
644| 0,6 400 0
645| 0,6 400 0
646| 0,6 400 0
647| 0,6 400 0
648| 0,6 400 0
649| 0,6 400 0
650| 0,6 400 0
651| 0,6 400 0
652| 0,6 400 0
653| 0,6 400 0
654| 0,6 400 0
655| 0,6 400 0
656| 0,6 400 0
657| 0,6 400 0
658| 0,6 400 0
659| 0,6 400 0
660| 0,6 400 0
661| 0,6 400 0
662| 0,6 400 0
663| 0,6 400 0
664| 0,6 400 0
665| 0,6 400 0
666| 0,6 400 0
667| 0,6 400 0
668| 0,6 400 0
669| 0,6 400 0
670| 0,6 400 0
671| 0,6 400 0
672| 0,6 400 0
673| 0,6 400 0
674| 0,6 400 0
675| 0,6 400 0
676| 0,6 400 0
677| 0,6 400 0
678| 0,6 400 0
679| 0,6 400 0
680| 0,6 400 0
681| 0,6 400 0
682| 0 0 0
683| 0 0 0
684| 0 0 0
685| 0 0 0
686| 0 0 0
687| 0 0 0
688| 0 0 0
689| 0 0 0
690| 0 0 0
691| 0 0 0
692| 0 0 0
693| 0 0 0
694| 0 0 0
695| 0 0 0
696| 0 0 0
697| 0 0 0
698| 0 0 0
699| 0 0 0
700| 0 0 0
701| 0 0 0
702| 0 0 0
703| 0 0 0
704| 0 0 0
705| 0 0 0
706| 0 0 0
707| 0 0 0
708| 0 0 0
709| 0 0 0
710| 0 0 0
711| 0 0 0
712| 0 0 0
713| 0 0 0
714| 0 0 0
715| 0 0 0
716| 0 0 0
717| 0 0 0
718| 0 0 0
719| 0 0 0
720| 0 0 0
721| 0 0 0
722| 0 0 0
723| 0 0 0
724| 0 0 0
725| 0 0 0
726| 0 0 0
727| 0 0 0
728| 0 0 0
729| 0 0 0
730| 0 0 0
731| 0 0 0
732| 0 0 0
733| 0 0 0
734| 0 0 0
735| 0 0 0
736| 0 0 0
737| 0 0 0
738| 0 0 0
739| 0 0 0
740| 0 0 0
741| 0 0 0
742| 0 0 0
743| 0 0 0
744| 0 0 0
745| 0 0 0
746| 0 0 0
747| 0 0 0
748| 0 0 0
749| 0 0 0
750| 0 0 0
751| 0 0 0
752| 0 0 0
753| 0 0 0
754| 0 0 0
755| 0 0 0
756| 0 0 0
757| 0 0 0
758| 0 0 0
759| 0 0 0
760| 0 0 0
761| 0 0 0
762| 0 0 0
763| 0 0 0
764| 0 0 0
765| 0 0 0
766| 0 0 0
767| 0 0 0
768| 0 0 0
769| 0 0 0
770| 0 0 0
771| 0 0 0
772| 0 0 0
773| 0 0 0
774| 0 0 0
775| 0 0 0
776| 0 0 0
777| 0 0 0
778| 0 0 0
779| 0 0 0
780| 0 0 0
781| 0 0 0
782| 0 0 0
783| 0 0 0
784| 0 0 0

