[1|(0.0.0)]
[2|(0.0.0)]
[3|(0.0.0)]
[4|(0.0.0)]
[5|(0.0.0)]
[6|(0.0.0)]
[7|(0.0.0)]
[8|(0.0.0)]
[9|(0.0.0)]
[10|(0.0.0)]
[11|(0.0.0)]
[12|(0.0.0)]
[13|(0.0.0)]
[14|(0.0.0)]
[15|(0.0.0)]
[16|(0.0.0)]
[17|(0.0.0)]
[18|(0.0.0)]
[19|(0.0.0)]
[20|(0.0.0)]
[21|(0.0.0)]
[22|(0.0.0)]
[23|(0.0.0)]
[24|(0.0.0)]
[25|(0.0.0)]
[26|(0.0.0)]
[27|(0.0.0)]
[28|(0.0.0)]
[29|(0.0.0)]
[30|(0.0.0)]
[31|(0.0.0)]
[32|(0.0.0)]
[33|(0.0.0)]
[34|(0.0.0)]
[35|(0.0.0)]
[36|(0.0.0)]
[37|(0.0.0)]
[38|(0.0.0)]
[39|(0.0.0)]
[40|(0.0.0)]
[41|(0.0.0)]
[42|(0.0.0)]
[43|(0.0.0)]
[44|(0.0.0)]
[45|(0.0.0)]
[46|(0.0.0)]
[47|(0.0.0)]
[48|(0.0.0)]
[49|(0.0.0)]
[50|(0.0.0)]
[51|(0.0.0)]
[52|(0.0.0)]
[53|(0.0.0)]
[54|(0.0.0)]
[55|(0.0.0)]
[56|(0.0.0)]
[57|(0.0.0)]
[58|(0.0.0)]
[59|(0.0.0)]
[60|(0.0.0)]
[61|(0.0.0)]
[62|(0.0.0)]
[63|(0.0.0)]
[64|(0.0.0)]
[65|(0.0.0)]
[66|(0.0.0)]
[67|(0.0.0)]
[68|(0.0.0)]
[69|(0.0.0)]
[70|(0.0.0)]
[71|(0.0.0)]
[72|(0.0.0)]
[73|(0.0.0)]
[74|(0.-0,01.0)]
[75|(0.-0,02.0)]
[76|(0.-0,03.0)]
[77|(0,01.-0,04.0)]
[78|(0,02.-0,05.0)]
[79|(0,03.-0,05999999.0)]
[80|(0,04.-0,06999999.0)]
[81|(0,05.-0,07999999.0)]
[82|(0,05999999.-0,08999999.0)]
[83|(0,06999999.-0,09999999.0)]
[84|(0,07999999.-0,11.0)]
[85|(0,08999999.-0,12.0)]
[86|(0,09999999.-0,13.0)]
[87|(0,11.-0,14.0)]
[88|(0,12.-0,15.0)]
[89|(0,13.-0,16.0)]
[90|(0,14.-0,17.0)]
[91|(0,15.-0,18.0)]
[92|(0,16.-0,19.0)]
[93|(0,17.-0,2.0)]
[94|(0,18.-0,21.0)]
[95|(0,19.-0,22.0)]
[96|(0,2.-0,23.0)]
[97|(0,21.-0,24.0)]
[98|(0,22.-0,25.0)]
[99|(0,23.-0,26.0)]
[100|(0,24.-0,27.0)]
[101|(0,25.-0,28.0)]
[102|(0,26.-0,29.0)]
[103|(0,27.-0,3.0)]
[104|(0,28.-0,31.0)]
[105|(0,29.-0,32.0)]
[106|(0,3.-0,33.0)]
[107|(0,31.-0,3399999.0)]
[108|(0,32.-0,3499999.0)]
[109|(0,33.-0,3599999.0)]
[110|(0,3399999.-0,3699999.0)]
[111|(0,3499999.-0,3799999.0)]
[112|(0,3599999.-0,3899999.0)]
[113|(0,3699999.-0,3999999.0)]
[114|(0,3799999.-0,4099999.0)]
[115|(0,3899999.-0,4199999.0)]
[116|(0,3999999.-0,4299999.0)]
[117|(0,4099999.-0,4399998.0)]
[118|(0,4199999.-0,4499998.0)]
[119|(0,4299999.-0,4599998.0)]
[120|(0,4399998.-0,4699998.0)]
[121|(0,4499998.-0,4799998.0)]
[122|(0,4599998.-0,4899998.0)]
[123|(0,4699998.-0,4999998.0)]
[124|(0,4799998.-0,5099998.0)]
[125|(0,4899998.-0,5199998.0)]
[126|(0,4999998.-0,5299998.0)]
[127|(0,5099998.-0,5399998.0)]
[128|(0,5199998.-0,5499998.0)]
[129|(0,5299998.-0,5599998.0)]
[130|(0,5399998.-0,5699998.0)]
[131|(0,5499998.-0,5799997.0)]
[132|(0,5599998.-0,5899997.0)]
[133|(0,5699998.-0,5999997.0)]
[134|(0,5799997.-0,6099997.0)]
[135|(0,5899997.-0,6199997.0)]
[136|(0,5999997.-0,6299997.0)]
[137|(0,6099997.-0,6399997.0)]
[138|(0,6199997.-0,6499997.0)]
[139|(0,6299997.-0,6599997.0)]
[140|(0,6399997.-0,6699997.0)]
[141|(0,6499997.-0,6799996.0)]
[142|(0,6599997.-0,6899996.0)]
[143|(0,6699997.-0,6999996.0)]
[144|(0,6799996.-0,7099996.0)]
[145|(0,6899996.-0,7199996.0)]
[146|(0,6999996.-0,7299996.0)]
[147|(0,7099996.-0,7399996.0)]
[148|(0,7199996.-0,7499996.0)]
[149|(0,7299996.-0,7599996.0)]
[150|(0,7399996.-0,7699996.0)]
[151|(0,7499996.-0,7799996.0)]
[152|(0,7599996.-0,7899995.0)]
[153|(0,7699996.-0,7999995.0)]
[154|(0,7799996.-0,8099995.0)]
[155|(0,7899995.-0,8199995.0)]
[156|(0,7999995.-0,8299995.0)]
[157|(0,8099995.-0,8399995.0)]
[158|(0,8199995.-0,8499995.0)]
[159|(0,8299995.-0,8599995.0)]
[160|(0,8399995.-0,8699995.0)]
[161|(0,8499995.-0,8799995.0)]
[162|(0,8599995.-0,8899994.0)]
[163|(0,8699995.-0,8999994.0)]
[164|(0,8799995.-0,9099994.0)]
[165|(0,8899994.-0,9199994.0)]
[166|(0,8999994.-0,9299994.0)]
[167|(0,9099994.-0,9399994.0)]
[168|(0,9199994.-0,9499994.0)]
[169|(0,9299994.-0,9599994.0)]
[170|(0,9399994.-0,9699994.0)]
[171|(0,9499994.-0,9799994.0)]
[172|(0,9599994.-0,9899994.0)]
[173|(0,9699994.-0,9899994.0)]
[174|(0,9799994.-0,9899994.0)]
[175|(0.0.0)]
[176|(0.0.0)]
[177|(0.0.0)]
[178|(0.0.0)]
[179|(0.0.0)]
[180|(0.0.0)]
[181|(0.0.0)]
[182|(0.0.0)]
[183|(0.0.0)]
[184|(0.0.0)]
[185|(0.0.0)]
[186|(0.0.0)]
[187|(0.0.0)]
[188|(0.0.0)]
[189|(0.0.0)]
[190|(-0,01.0.0)]
[191|(-0,02.0.0)]
[192|(-0,03.0.0)]
[193|(-0,04.0,01.0)]
[194|(-0,05.0,02.0)]
[195|(-0,05999999.0,03.0)]
[196|(-0,06999999.0,04.0)]
[197|(-0,07999999.0,05.0)]
[198|(-0,08999999.0,05999999.0)]
[199|(0.0,06999999.0)]
[200|(0,01.0,07999999.0)]
[201|(0,02.0,08999999.0)]
[202|(0,03.0,09999999.0)]
[203|(0,04.0,11.0)]
[204|(0,05.0,12.0)]
[205|(0,05999999.0,13.0)]
[206|(0,06999999.0,14.0)]
[207|(0,07999999.0,15.0)]
[208|(0,08999999.0,16.0)]
[209|(0,09999999.0,17.0)]
[210|(0,11.0,18.0)]
[211|(0,12.0,19.0)]
[212|(0,13.0,19.0)]
[213|(0,14.0,19.0)]
[214|(0,15.0,19.0)]
[215|(0,16.0,19.0)]
[216|(0,17.0,19.0)]
[217|(0,18.0,19.0)]
[218|(0,19.0,19.0)]
[219|(0,2.0,19.0)]
[220|(0,21.0,19.0)]
[221|(0,22.0,19.0)]
[222|(0,23.0,19.0)]
[223|(0,24.0,19.0)]
[224|(0,25.0,19.0)]
[225|(0,26.0,19.0)]
[226|(0,27.0,19.0)]
[227|(0,28.0,19.0)]
[228|(0,29.0,19.0)]
[229|(0,3.0,19.0)]
[230|(0,31.0,19.0)]
[231|(0,32.0,19.0)]
[232|(0,33.0,19.0)]
[233|(0,3399999.0,19.0)]
[234|(0,3499999.0,19.0)]
[235|(0,3599999.0,19.0)]
[236|(0,3699999.0,19.0)]
[237|(0,3799999.0,19.0)]
[238|(0,3899999.0,19.0)]
[239|(0,3999999.0,2.0)]
[240|(0,4099999.0,21.0)]
[241|(0,4199999.0,22.0)]
[242|(0,4299999.0,23.0)]
[243|(0,4399998.0,24.0)]
[244|(0,4499998.0,25.0)]
[245|(0,4599998.0,26.0)]
[246|(0,4699998.0,27.0)]
[247|(0,4799998.0,28.0)]
[248|(0,4899998.0,29.0)]
[249|(0,4999998.0,3.0)]
[250|(0,5099998.0,31.0)]
[251|(0,5199998.0,32.0)]
[252|(0,5299998.0,33.0)]
[253|(0,5399998.0,3399999.0)]
[254|(0,5499998.0,3499999.0)]
[255|(0,5599998.0,3599999.0)]
[256|(0,5699998.0,3699999.0)]
[257|(0,5799997.0,3799999.0)]
[258|(0,5899997.0,3899999.0)]
[259|(0,5999997.0,3999999.0)]
[260|(0,6099997.0,4099999.0)]
[261|(0,6199997.0,4199999.30000)]
[262|(0,6299997.0,4299999.30000)]
[263|(0,6399997.0,4399998.30000)]
[264|(0,6499997.0,4499998.30000)]
[265|(0,6599997.0,4599998.30000)]
[266|(0,6699997.0,4699998.30000)]
[267|(0,6799996.0,4799998.30000)]
[268|(0,6899996.0,4899998.30000)]
[269|(0,6999996.0,4999998.30000)]
[270|(0,7099996.0,5099998.30000)]
[271|(0,7199996.0,5199998.30000)]
[272|(0,7299996.0,5299998.30000)]
[273|(0,7399996.0,5399998.30000)]
[274|(0,7499996.0,5499998.30000)]
[275|(0,7599996.0,5599998.30000)]
[276|(0,7699996.0,5699998.30000)]
[277|(0,7799996.0,5799997.0)]
[278|(0,7899995.0,5899997.0)]
[279|(0,7999995.0,5999997.0)]
[280|(0,8099995.0,6099997.0)]
[281|(0,8199995.0,6199997.0)]
[282|(0,8299995.0,6299997.0)]
[283|(0,8399995.0,6399997.0)]
[284|(0,8499995.0,6499997.0)]
[285|(0,8599995.0,6599997.0)]
[286|(0,8699995.0,6699997.0)]
[287|(0,8799995.0,6799996.0)]
[288|(0,8899994.0,6899996.0)]
[289|(0,8999994.0,6999996.0)]
[290|(0,9099994.0,7099996.0)]
[291|(0,9199994.0,7199996.0)]
[292|(0,9299994.0,7299996.0)]
[293|(0,9399994.0,7399996.0)]
[294|(0,9499994.0,7499996.0)]
[295|(0,9599994.0,7599996.0)]
[296|(0,9699994.0,7699996.0)]
[297|(0,9799994.0,7799996.0)]
[298|(0,9899994.0,7899995.0)]
[299|(0,9999993.0,7999995.0)]
[300|(1,009999.0,8099995.0)]
[301|(1.0,8199995.0)]
[302|(1.0,8299995.0)]
[303|(1.0,8399995.0)]
[304|(1.0,8499995.0)]
[305|(1.0,8599995.0)]
[306|(1.0,8699995.0)]
[307|(1.0,8799995.0)]
[308|(1.0,8799995.0)]
[309|(1.0,8799995.0)]
[310|(1.0,8799995.0)]
[311|(1.0,8799995.0)]
[312|(1.0,8799995.0)]
[313|(1.0,8799995.0)]
[314|(1.0,8799995.0)]
[315|(1.0,8799995.0)]
[316|(1.0,8799995.0)]
[317|(1.0,8799995.0)]
[318|(1.0,8799995.0)]
[319|(1.0,8799995.0)]
[320|(1.0,8799995.0)]
[321|(1.0,8799995.0)]
[322|(1.0,8799995.0)]
[323|(1.0.0)]
[324|(1.-0,01.0)]
[325|(1.-0,02.0)]
[326|(1.-0,03.0)]
[327|(1.-0,04.0)]
[328|(1.-0,05.0)]
[329|(1.-0,05999999.0)]
[330|(1.-0,06999999.0)]
[331|(1.-0,07999999.0)]
[332|(1.-0,08999999.0)]
[333|(0.-0,09999999.0)]
[334|(-0,01.-0,11.0)]
[335|(-0,02.-0,12.0)]
[336|(-0,03.-0,13.0)]
[337|(-0,04.-0,14.0)]
[338|(-0,05.-0,15.0)]
[339|(-0,05.-0,16.0)]
[340|(-0,05.-0,17.0)]
[341|(-0,05.-0,18.30000)]
[342|(-0,05.-0,19.30000)]
[343|(-0,05.-0,2.30000)]
[344|(-0,05.-0,21.30000)]
[345|(-0,05.-0,22.30000)]
[346|(-0,05.-0,23.30000)]
[347|(-0,05.-0,24.30000)]
[348|(-0,05.-0,25.30000)]
[349|(-0,05.-0,26.30000)]
[350|(-0,05.-0,27.30000)]
[351|(-0,05.-0,28.30000)]
[352|(-0,05.-0,29.30000)]
[353|(-0,05.-0,3.30000)]
[354|(-0,05.-0,31.30000)]
[355|(-0,05.-0,32.30000)]
[356|(-0,05.-0,33.30000)]
[357|(-0,05.-0,3399999.30000)]
[358|(-0,05.-0,3499999.30000)]
[359|(-0,05.-0,3599999.30000)]
[360|(-0,05.-0,3699999.30000)]
[361|(-0,05.-0,3799999.30000)]
[362|(-0,05.-0,3899999.30000)]
[363|(-0,05.-0,3999999.30000)]
[364|(-0,05.-0,4099999.0)]
[365|(-0,05.-0,4199999.0)]
[366|(-0,05.-0,4299999.0)]
[367|(-0,05.-0,4399998.0)]
[368|(-0,05.-0,4499998.0)]
[369|(0.0.0)]
[370|(0.0.0)]
[371|(0.0.0)]
[372|(0.0.0)]
[373|(0.0.0)]
[374|(0.0.0)]
[375|(0.0.0)]
[376|(0.-0,01.0)]
[377|(-0,01.-0,02.0)]
[378|(-0,02.-0,03.0)]
[379|(-0,03.-0,04.0)]
[380|(-0,04.-0,05.0)]
[381|(-0,05.-0,05999999.0)]
[382|(-0,05999999.-0,06999999.0)]
[383|(-0,06999999.-0,07999999.0)]
[384|(-0,07999999.-0,08999999.0)]
[385|(-0,08999999.-0,09999999.0)]
[386|(-0,09999999.-0,11.0)]
[387|(-0,11.-0,12.0)]
[388|(-0,12.-0,13.0)]
[389|(-0,13.-0,14.0)]
[390|(-0,13.-0,15.0)]
[391|(0.0.0)]
[392|(0.0.0)]
[393|(0.0.0)]
[394|(0.0.0)]
[395|(0.0.0)]
[396|(0.0.0)]
[397|(0.0.0)]
[398|(0.0.0)]
[399|(0,01.0.0)]
[400|(0,02.0,01.0)]
[401|(0,03.0,02.0)]
[402|(0,04.0,03.0)]
[403|(0,05.0,04.0)]
[404|(0,05999999.0,05.0)]
[405|(0,06999999.0,05999999.0)]
[406|(0,07999999.0,06999999.0)]
[407|(0,08999999.0,07999999.0)]
[408|(0,09999999.0,08999999.0)]
[409|(0,11.0,09999999.0)]
[410|(0,12.0,11.0)]
[411|(0,13.0,12.0)]
[412|(0,14.0,13.0)]
[413|(0,15.0,14.0)]
[414|(0,16.0,15.0)]
[415|(0,17.0,16.0)]
[416|(0,18.0,17.0)]
[417|(0,19.0,18.0)]
[418|(0,2.0,19.0)]
[419|(0,21.0,2.0)]
[420|(0,22.0,21.0)]
[421|(0,23.0,22.0)]
[422|(0,24.0,23.0)]
[423|(0,24.0,24.0)]
[424|(0,24.0,25.0)]
[425|(0,24.0,26.0)]
[426|(0,24.0,27.0)]
[427|(0,24.0,28.0)]
[428|(0,24.0,29.0)]
[429|(0,24.0,3.0)]
[430|(0,24.0,31.0)]
[431|(0,24.0,32.0)]
[432|(0,24.0,33.0)]
[433|(0,24.0,3399999.0)]
[434|(0,24.0,3499999.0)]
[435|(0,24.0,3599999.0)]
[436|(0,24.0,3699999.0)]
[437|(0,24.0,3799999.0)]
[438|(0,24.0,3899999.0)]
[439|(0,24.0,3999999.0)]
[440|(0,24.0,4099999.0)]
[441|(0,24.0,4199999.0)]
[442|(0,24.0,4299999.0)]
[443|(0,24.0,4399998.0)]
[444|(0,24.0,4499998.0)]
[445|(0,24.0,4599998.0)]
[446|(0.0,4699998.0)]
[447|(-0,01.0,4799998.0)]
[448|(-0,02.0,4899998.0)]
[449|(-0,02.0,4999998.0)]
[450|(-0,02.0,5099998.0)]
[451|(-0,02.0,5199998.0)]
[452|(-0,02.0,5299998.0)]
[453|(-0,02.0,5399998.0)]
[454|(-0,02.0,5499998.0)]
[455|(-0,02.0,5599998.0)]
[456|(-0,02.0,5699998.0)]
[457|(-0,02.0,5799997.0)]
[458|(-0,02.0,5899997.0)]
[459|(-0,02.0,5999997.0)]
[460|(-0,02.0,6099997.0)]
[461|(-0,02.0,6199997.0)]
[462|(0.0.0)]
[463|(0.0.0)]
[464|(0.0.0)]
[465|(0.0.0)]
[466|(0.0.0)]
[467|(0.0.0)]
[468|(0.0.0)]
[469|(0.0.0)]
[470|(0.0.0)]
[471|(0.0.0)]
[472|(0.0.0)]
[473|(0.0.0)]
[474|(0.0.0)]
[475|(0.0.0)]
[476|(0.0.0)]
[477|(0.0.0)]
[478|(0.0,01.0)]
[479|(0.0,02.0)]
[480|(0.0,03.0)]
[481|(0.0,04.0)]
[482|(0.0,05.0)]
[483|(0.0.0)]
[484|(0.0.0)]
[485|(0.0.0)]
[486|(0.0.0)]
[487|(0.0.0)]
[488|(0.0,01.0)]
[489|(0.0,02.0)]
[490|(0.0,03.0)]
[491|(0.0,04.0)]
[492|(0.0,05.0)]
[493|(0.0,05999999.0)]
[494|(0.0,06999999.0)]
[495|(0.0,07999999.0)]
[496|(0.0,08999999.0)]
[497|(0.0,09999999.0)]
[498|(0.0,11.0)]
[499|(0.0,12.0)]
[500|(0.0,13.0)]
[501|(0.0.0)]
[502|(0.0.0)]
[503|(0.0.0)]
[504|(0.0.0)]
[505|(0.0.0)]
[506|(0.0.0)]
[507|(0.0.0)]
[508|(0.0.0)]
[509|(0.0.0)]
[510|(0.0,01.0)]
[511|(0.0,02.0)]
[512|(0.0,03.0)]
[513|(0.0,04.0)]
[514|(0.0,05.0)]
[515|(0.0,05999999.0)]
[516|(0.0,06999999.0)]
[517|(0.0,07999999.0)]
[518|(0.0,08999999.0)]
[519|(0.0,09999999.0)]
[520|(0.0,11.0)]
[521|(0.0,12.0)]
[522|(0.0,13.0)]
[523|(0.0,14.0)]
[524|(0.0,15.0)]
[525|(0.0,16.0)]
[526|(0.0,17.0)]
[527|(0.0,18.0)]
[528|(0.0,19.0)]
[529|(0.0,2.0)]
[530|(0.0,21.0)]
[531|(0.0,22.0)]
[532|(0.0,23.0)]
[533|(0.0,24.0)]
[534|(0.0,25.0)]
[535|(0.0,26.0)]
[536|(0.0.0)]
[537|(0.0.0)]
[538|(0.0.0)]
[539|(0.0.0)]
[540|(0.0,01.0)]
[541|(0.0,02.0)]
[542|(0.0.0)]
[543|(0.0.0)]
[544|(0.0,01.0)]
[545|(0.0,02.0)]
[546|(0.0,03.0)]
[547|(0.0.0)]
[548|(0.0.0)]
[549|(0.0,01.0)]
[550|(0.0,02.0)]
[551|(0.0,03.0)]
[552|(0.0.0)]
[553|(0.0.0)]
[554|(0.0.0)]
[555|(0.0,01.0)]
[556|(0.0,02.0)]
[557|(0.0.0)]
[558|(0.0.0)]
[559|(0.0.0)]
[560|(0.0.0)]
[561|(0.0.0)]
[562|(0.0.0)]
[563|(0.0.0)]
[564|(0.0.0)]
[565|(0.0.0)]
[566|(0.0.0)]
[567|(0.0,01.0)]
[568|(0.0,02.0)]
[569|(0.0,03.0)]
[570|(0.0.0)]
[571|(0.0.0)]
[572|(0.0,01.0)]
[573|(0.0,02.0)]
[574|(0.0,03.0)]
[575|(0.0,04.0)]
[576|(0.0.0)]
[577|(0.0.0)]
[578|(0.0.0)]
[579|(0.0.0)]
[580|(0.-0,01.0)]
[581|(0.-0,02.0)]
[582|(0.-0,03.0)]
[583|(0.-0,04.0)]
[584|(0.-0,05.0)]
[585|(0.-0,05999999.0)]
[586|(0.-0,06999999.30000)]
[587|(0.-0,07999999.30000)]
[588|(0.-0,08999999.30000)]
[589|(0.-0,09999999.30000)]
[590|(0.-0,11.30000)]
[591|(0.-0,12.30000)]
[592|(0.-0,13.30000)]
[593|(0.-0,14.30000)]
[594|(0.-0,15.30000)]
[595|(0.-0,16.30000)]
[596|(0.-0,17.30000)]
[597|(0.-0,18.30000)]
[598|(0.-0,19.30000)]
[599|(0.-0,2.30000)]
[600|(0.-0,21.30000)]
[601|(0.-0,22.30000)]
[602|(0.-0,23.30000)]
[603|(0.-0,24.30000)]
[604|(0.-0,25.30000)]
[605|(0.-0,26.30000)]
[606|(0.-0,27.30000)]
[607|(0.-0,28.30000)]
[608|(0.-0,29.30000)]
[609|(0.-0,3.30000)]
[610|(0.-0,31.30000)]
[611|(0.-0,32.30000)]
[612|(0.-0,33.30000)]
[613|(0.-0,3399999.30000)]
[614|(0.-0,3499999.30000)]
[615|(0.-0,3599999.30000)]
[616|(0.-0,3699999.30000)]
[617|(0.-0,3799999.30000)]
[618|(0.-0,3899999.0)]
[619|(0.-0,3999999.0)]
[620|(0.-0,4099999.0)]
[621|(0.-0,4199999.0)]
[622|(0.-0,4299999.0)]
[623|(0.-0,4399998.0)]
[624|(0.-0,4499998.0)]
[625|(0.-0,4599998.0)]
[626|(0.-0,4699998.0)]
[627|(0.-0,4799998.0)]
[628|(0.-0,4899998.0)]
[629|(0.-0,4999998.0)]
[630|(0.-0,5099998.0)]
[631|(0.-0,5199998.0)]
[632|(0.-0,5299998.0)]
[633|(0.-0,5399998.0)]
[634|(0.-0,5499998.0)]
[635|(0.-0,5599998.0)]
[636|(0.-0,5699998.0)]
[637|(0.-0,5799997.0)]
[638|(0.-0,5899997.0)]
[639|(0.-0,5999997.0)]
[640|(0.-0,6099997.0)]
[641|(0.-0,6199997.0)]
[642|(0.-0,6299997.0)]
[643|(0.-0,6399997.0)]
[644|(0.-0,6499997.0)]
[645|(0.-0,6599997.0)]
[646|(0.-0,6699997.0)]
[647|(0.-0,6799996.0)]
[648|(0.-0,6899996.0)]
[649|(0.-0,6999996.0)]
[650|(0.-0,7099996.0)]
[651|(0.-0,7199996.0)]
[652|(0.-0,7299996.0)]
[653|(0.-0,7399996.0)]
[654|(0.-0,7499996.0)]
[655|(0.-0,7599996.0)]
[656|(0.-0,7699996.0)]
[657|(0.-0,7799996.0)]
[658|(0.-0,7899995.0)]
[659|(0.-0,7999995.0)]
[660|(0.-0,8099995.0)]
[661|(0.-0,8199995.0)]
[662|(0.-0,8299995.0)]
[663|(0.-0,8399995.0)]
[664|(0.-0,8499995.0)]
[665|(0.-0,8599995.0)]
[666|(0.-0,8699995.0)]
[667|(0.-0,8799995.0)]
[668|(0.-0,8899994.0)]
[669|(0.-0,8999994.0)]
[670|(0.-0,9099994.0)]
[671|(0.-0,9199994.0)]
[672|(0.-0,9299994.0)]
[673|(0.-0,9399994.0)]
[674|(0.-0,9499994.0)]
[675|(0.-0,9599994.0)]
[676|(0.-0,9699994.0)]
[677|(0.-0,9799994.0)]
[678|(0.-0,9899994.0)]
[679|(0.-0,9999993.0)]
[680|(0.-1,009999.0)]
[681|(0.-1.0)]
[682|(0.-1.0)]
[683|(0.-1.0)]
[684|(0.-1.0)]
[685|(0.-1.0)]
[686|(0.-1.0)]
[687|(0.-1.0)]
[688|(0.-1.0)]
[689|(0.-1.0)]
[690|(0.-1.0)]
[691|(0.-1.0)]
[692|(0.0.0)]
[693|(0.0.0)]
[694|(0.0.0)]
[695|(0.-0,01.0)]
[696|(0.-0,02.0)]
[697|(0.-0,03.0)]
[698|(0.-0,04.0)]
[699|(0.-0,05.0)]
[700|(-0,01.-0,05999999.0)]
[701|(-0,02.-0,06999999.0)]
[702|(-0,03.-0,06999999.0)]
[703|(-0,04.-0,06999999.0)]
[704|(-0,05.-0,06999999.0)]
[705|(-0,05999999.-0,06999999.0)]
[706|(-0,06999999.-0,06999999.0)]
[707|(0.0.0)]
[708|(0.0.0)]
[709|(0.0.0)]
[710|(0.0.0)]
[711|(0.0.0)]
[712|(0.0.0)]
[713|(0.0.0)]
[714|(0.0.0)]
[715|(0.0.0)]
[716|(0.0.0)]
[717|(0.0.0)]
[718|(0.0.0)]
[719|(0.0.0)]
[720|(0.0.0)]
[721|(0.0.0)]
[722|(0.0.0)]
[723|(0.0.0)]
[724|(0.0.0)]
[725|(0.0.0)]
[726|(0.0.0)]
[727|(0.0.0)]
[728|(0.0.30000)]
[729|(0.0.30000)]
[730|(0.0.30000)]
[731|(0.0.30000)]
[732|(0.0.30000)]
[733|(0.0.30000)]
[734|(0.0.30000)]
[735|(0.0.30000)]
[736|(0.0.30000)]
[737|(0.0.30000)]
[738|(0.0.30000)]
[739|(0.0.30000)]
[740|(0.0.30000)]
[741|(0.0.30000)]
[742|(0.0.30000)]
[743|(0.0.30000)]
[744|(0.0.30000)]
[745|(0.0.30000)]
[746|(0.0.30000)]
[747|(0.0.30000)]
[748|(0.0.30000)]
[749|(0.0.30000)]
[750|(0.0.30000)]
[751|(0.0.30000)]
[752|(0.0.30000)]
[753|(0.0.30000)]
[754|(0.0.30000)]
[755|(0.0.30000)]
[756|(0.0.30000)]
[757|(0.0.30000)]
[758|(0.0.30000)]
[759|(0.0.30000)]
[760|(0.0.30000)]
[761|(0.0.30000)]
[762|(0.0.30000)]
[763|(0.0.30000)]
[764|(0.0.30000)]
[765|(0.0.30000)]
[766|(0.0.30000)]
[767|(0.0.30000)]
[768|(0.0.30000)]
[769|(0.0.30000)]
[770|(0.0.30000)]
[771|(0.0.30000)]
[772|(0.0.30000)]
[773|(0.0.30000)]
[774|(0.0.30000)]
[775|(0.0.30000)]
[776|(0.0.30000)]
[777|(0.0.30000)]
[778|(0.0.30000)]
[779|(0.0.30000)]
[780|(0.0.30000)]
[781|(0.0.0)]
[782|(0.0.0)]
[783|(0.0.0)]
[784|(0.0.0)]
[785|(0.0.0)]
[786|(0.0.0)]
[787|(0.0.0)]
[788|(0.0.0)]
[789|(0.0.0)]
[790|(0.0.0)]
[791|(0.0.0)]
[792|(0.0.0)]
[793|(0.0.0)]
[794|(0.0.0)]
[795|(0.0.0)]
[796|(0.0.0)]
[797|(0.0.0)]
[798|(0.0.0)]
[799|(0.0.0)]
[800|(0.0.0)]
[801|(0.0.0)]
[802|(0.0.0)]
[803|(0.0.0)]
[804|(0.0.0)]
[805|(0.0.0)]
[806|(0.0.0)]
[807|(0.0.0)]
[808|(0.0.0)]
[809|(0.0.0)]
[810|(0.0.0)]
[811|(0.0.0)]
[812|(0.0.0)]
[813|(0.0.0)]
[814|(0.0.0)]
[815|(0.0.0)]
[816|(0.0.0)]
[817|(0.0.0)]
[818|(0.0.0)]
[819|(0.0.0)]
[820|(0.0.0)]
[821|(0.0.0)]
[822|(0.0.0)]
[823|(0.0.0)]
[824|(0.0.0)]
[825|(0.0.0)]
[826|(0.0.0)]
[827|(0.0.0)]
[828|(0.0.0)]
[829|(0.0.0)]
[830|(0.0.0)]
[831|(0.0.0)]
[832|(0.0.0)]
[833|(0.0.0)]
[834|(0.0.0)]
[835|(0.0.0)]
[836|(0.0.0)]
[837|(0.0.0)]
[838|(0.0.0)]
[839|(0.0.0)]
[840|(0.0.0)]
[841|(0.0.0)]
[842|(0.0.0)]
[843|(0.0.0)]
[844|(0.0.0)]
[845|(0.0.0)]
[846|(0.0.0)]
[847|(0.0.0)]
[848|(0.0.0)]
[849|(0.0.0)]
[850|(0.0.0)]
[851|(0.0.0)]
[852|(0.0.0)]
[853|(0.0.0)]
[854|(0.0.0)]
[855|(0.0.0)]
[856|(0.0.0)]
[857|(0.0.0)]
[858|(0.0.0)]
[859|(0.0.0)]
[860|(0.0.0)]
[861|(0.0.0)]
[862|(0.0.0)]
[863|(0.0.0)]
[864|(0.0.0)]
[865|(0.0.0)]
[866|(0.0.0)]
[867|(0.0.0)]
[868|(0.0.0)]
[869|(0.0.0)]
[870|(0.0.0)]
[871|(0.0.0)]
[872|(0.0.0)]
[873|(0.0.0)]
[874|(0.0.0)]
[875|(0.0.0)]
[876|(0.0.0)]
[877|(0.0.0)]
[878|(0.0.0)]
[879|(0.0.0)]
[880|(0.0.0)]
[881|(0.0.0)]
[882|(0.0.0)]
[883|(0.0.0)]
[884|(0.0.0)]
[885|(0.0.0)]
[886|(0.0.0)]
[887|(0.0.0)]
[888|(0.0.0)]
[889|(0.0.0)]
[890|(0.0.0)]
[891|(0.0.0)]
[892|(0.0.0)]
[893|(0.0.0)]
[894|(0.0.0)]
[895|(0.0.0)]
[896|(0.0.0)]
[897|(0.0.0)]
[898|(0.0.0)]
[899|(0.0.0)]
[900|(0.0.0)]
[901|(0.0.0)]
[902|(0.0.0)]
[903|(0.0.0)]
[904|(0.0.0)]
[905|(0.0.0)]
[906|(0.0.0)]
[907|(0.0.0)]
[908|(0.0.0)]
[909|(0.0.0)]
[910|(0.0.0)]
[911|(0.0.0)]
[912|(0.0.0)]
[913|(0.0.0)]
[914|(0.0.0)]
[915|(0.0.0)]
[916|(0.0.0)]
[917|(0.0.0)]
[918|(0.0.0)]
[919|(0.0.0)]
[920|(0.0.0)]
[921|(0.0.0)]
[922|(0.0.0)]
[923|(0.0.0)]
[924|(0.0.0)]
[925|(0.0.0)]
[926|(0.0.0)]
[927|(0.0.0)]
[928|(0.0.0)]
[929|(0.0.0)]
[930|(0.0.0)]
[931|(0.0.0)]
[932|(0.0.0)]
[933|(0.0.0)]
[934|(0.0.0)]
[935|(0.0.0)]
[936|(0.0.0)]
[937|(0.0.0)]
[938|(0.0.0)]
[939|(0.0.0)]
[940|(0.0.0)]
[941|(0.0.0)]
[942|(0.0.0)]
[943|(0.0.0)]
[944|(0.0.0)]
[945|(0.0.0)]
[946|(0.0.0)]
[947|(0.0.0)]
[948|(0.0.0)]
[949|(0.0.0)]
[950|(0.0.0)]
[951|(0.0.0)]
[952|(0.0.0)]
[953|(0.0.0)]
[954|(0.0.0)]
[955|(0.0.0)]
[956|(0.0.0)]
[957|(0.0.0)]
[958|(0.0.0)]
[959|(0.0.0)]
[960|(0.0.0)]
[961|(0.0.0)]
[962|(0.0.0)]
[963|(0.0.0)]
[964|(0.0.0)]
[965|(0.0.0)]
[966|(0.0.0)]
[967|(0.0.0)]
[968|(0.0.0)]
[969|(0.0.0)]
[970|(0.0.0)]
[971|(0.0.0)]
[972|(0.0.0)]
[973|(0.0.0)]
[974|(0.0.0)]
[975|(0.0.0)]
[976|(0.0.0)]
[977|(0.0.0)]
[978|(0.0.0)]
[979|(0.0.0)]
[980|(0.0.0)]
[981|(0.0.0)]
[982|(0.0.0)]
[983|(0.0.0)]
[984|(0.0.0)]
[985|(0.0.0)]
[986|(0.0.0)]
[987|(0.0.0)]
[988|(0.0.0)]
[989|(0.0.0)]
[990|(0.0.0)]
[991|(0.0.0)]
[992|(0.0.0)]
[993|(0.0.0)]
[994|(0.0.0)]
[995|(0.0.0)]
[996|(0.0.0)]
[997|(0.0.0)]
[998|(0.0.0)]
[999|(0.0.0)]
[1000|(0.0.0)]
[1001|(0.0.0)]
[1002|(0.0.0)]
[1003|(0.0.0)]
