1| 0 0 0
2| 0 0 0
3| 0 0 0
4| 0 0 0
5| 0 0 0
6| 0 0 0
7| 0 0 0
8| 0 0 0
9| 0 0 0
10| 0 0 0
11| 0 0 0
12| 0 0 0
13| 0 0 0
14| 0 0 0
15| 0 0 0
16| 0 0 0
17| 0 0 0
18| 0 0 0
19| 0 0 0
20| 0 0 0
21| 0 0 0
22| 0 0 0
23| 0 0 0
24| 0 0 0
25| 0 0 0
26| 0 0 0
27| 0 0 0
28| 0 0 0
29| 0 0 0
30| 0 0 0
31| 0 0 0
32| 0 0 0
33| 0 0 0
34| 0 0 0
35| 0 0 0
36| 0 0 0
37| 0 0 0
38| 0 0 0
39| 0 0 0
40| 0 0 0
41| 0 0 0
42| 0 0 0
43| 0 0 0
44| 0 0 0
45| 0 0 0
46| 0 0 0
47| 0 0 0
48| 0 0 0
49| 0 0 0
50| 0 0 0
51| 0 0 0
52| 0 0 0
53| 0 0 0
54| 0 0 0
55| 0 0 0
56| 0 0 0
57| 0 0 0
58| 0 0 0
59| 0 0 0
60| 0 0 0
61| 0 0 0
62| 0 0 0
63| 0 0 0
64| 0 0 0
65| 0 0 0
66| 0 0 0
67| 0 0 0
68| 0 0 0
69| 0 0 0
70| 0 0 0
71| 0 0 0
72| 0 0 0
73| 0 0 0
74| 0 -4 0
75| 0 -8 0
76| 0 -12 0
77| 0,3 -16 0
78| 0,6 -20 0
79| 0,9 -24 0
80| 1,2 -28 0
81| 1,5 -32 0
82| 1,8 -36 0
83| 2,1 -40 0
84| 2,4 -43,99999 0
85| 2,7 -47,99999 0
86| 3 -51,99999 0
87| 3,299999 -55,99999 0
88| 3,599999 -60 0
89| 3,899999 -64 0
90| 4,2 -68 0
91| 4,5 -72 0
92| 4,8 -76,00001 0
93| 5,1 -80,00001 0
94| 5,4 -84,00001 0
95| 5,7 -88,00002 0
96| 6 -92,00002 0
97| 6,300001 -96,00002 0
98| 6,600001 -100 0
99| 6,900001 -104 0
100| 7,200001 -108 0
101| 7,500001 -112 0
102| 7,800001 -116 0
103| 8,1 -120 0
104| 8,4 -124 0
105| 8,7 -128 0
106| 8,999999 -132 0
107| 9,299999 -136 0
108| 9,599998 -140 0
109| 9,899999 -144 0
110| 10,2 -148 0
111| 10,5 -152 0
112| 10,8 -156 0
113| 11,1 -160 0
114| 11,4 -164 0
115| 11,7 -168 0
116| 12 -171,9999 0
117| 12,3 -175,9999 0
118| 12,6 -179,9999 0
119| 12,9 -183,9999 0
120| 13,2 -187,9999 0
121| 13,5 -191,9999 0
122| 13,79999 -195,9999 0
123| 14,09999 -199,9999 0
124| 14,39999 -203,9999 0
125| 14,69999 -207,9999 0
126| 14,99999 -211,9999 0
127| 15,29999 -215,9999 0
128| 15,59999 -219,9999 0
129| 15,89999 -223,9999 0
130| 16,19999 -227,9999 0
131| 16,49999 -231,9999 0
132| 16,79999 -235,9999 0
133| 17,09999 -239,9999 0
134| 17,39999 -243,9999 0
135| 17,69999 -247,9999 0
136| 17,99999 -251,9999 0
137| 18,29999 -255,9999 0
138| 18,59999 -259,9999 0
139| 18,89999 -263,9999 0
140| 19,19999 -267,9999 0
141| 19,49999 -271,9998 0
142| 19,79999 -275,9998 0
143| 20,09999 -279,9998 0
144| 20,39999 -283,9998 0
145| 20,69999 -287,9998 0
146| 20,99999 -291,9998 0
147| 21,29999 -295,9998 0
148| 21,59999 -299,9998 0
149| 21,89999 -303,9998 0
150| 22,19999 -307,9998 0
151| 22,49999 -311,9998 0
152| 22,79999 -315,9998 0
153| 23,09999 -319,9998 0
154| 23,39999 -323,9998 0
155| 23,69999 -327,9998 0
156| 23,99999 -331,9998 0
157| 24,29999 -335,9998 0
158| 24,59999 -339,9998 0
159| 24,89998 -343,9998 0
160| 25,19999 -347,9998 0
161| 25,49998 -351,9998 0
162| 25,79998 -355,9998 0
163| 26,09998 -359,9998 0
164| 26,39998 -363,9998 0
165| 26,69998 -367,9998 0
166| 26,99998 -371,9998 0
167| 27,29998 -375,9998 0
168| 27,59998 -379,9998 0
169| 27,89998 -383,9998 0
170| 28,19998 -387,9998 0
171| 28,49998 -391,9998 0
172| 28,79998 -395,9998 0
173| 29,09998 -395,9998 0
174| 29,39998 -395,9998 0
175| 0 0 0
176| 0 0 0
177| 0 0 0
178| 0 0 0
179| 0 0 0
180| 0 0 0
181| 0 0 0
182| 0 0 0
183| 0 0 0
184| 0 0 0
185| 0 0 0
186| 0 0 0
187| 0 0 0
188| 0 0 0
189| 0 0 0
190| -0,3 0 0
191| -0,6 0 0
192| -0,9 0 0
193| -1,2 4 0
194| -1,5 8 0
195| -1,8 12 0
196| -2,1 16 0
197| -2,4 20 0
198| -2,7 24 0
199| 0 28 0
200| 0,3 32 0
201| 0,6 36 0
202| 0,9 40 0
203| 1,2 43,99999 0
204| 1,5 47,99999 0
205| 1,8 51,99999 0
206| 2,1 55,99999 0
207| 2,4 60 0
208| 2,7 64 0
209| 3 68 0
210| 3,299999 72 0
211| 3,599999 76,00001 0
212| 3,899999 76,00001 0
213| 4,2 76,00001 0
214| 4,5 76,00001 0
215| 4,8 76,00001 0
216| 5,1 76,00001 0
217| 5,4 76,00001 0
218| 5,7 76,00001 0
219| 6 76,00001 0
220| 6,300001 76,00001 0
221| 6,600001 76,00001 0
222| 6,900001 76,00001 0
223| 7,200001 76,00001 0
224| 7,500001 76,00001 0
225| 7,800001 76,00001 0
226| 8,1 76,00001 0
227| 8,4 76,00001 0
228| 8,7 76,00001 0
229| 8,999999 76,00001 0
230| 9,299999 76,00001 0
231| 9,599998 76,00001 0
232| 9,899999 76,00001 0
233| 10,2 76,00001 0
234| 10,5 76,00001 0
235| 10,8 76,00001 0
236| 11,1 76,00001 0
237| 11,4 76,00001 0
238| 11,7 76,00001 0
239| 12 80,00001 0
240| 12,3 84,00001 0
241| 12,6 88,00002 0
242| 12,9 92,00002 0
243| 13,2 96,00002 0
244| 13,5 100 0
245| 13,79999 104 0
246| 14,09999 108 0
247| 14,39999 112 0
248| 14,69999 116 0
249| 14,99999 120 0
250| 15,29999 124 0
251| 15,59999 128 0
252| 15,89999 132 0
253| 16,19999 136 0
254| 16,49999 140 0
255| 16,79999 144 0
256| 17,09999 148 0
257| 17,39999 152 0
258| 17,69999 156 0
259| 17,99999 160 0
260| 18,29999 164 0
261| 18,59999 168 30000
262| 18,89999 171,9999 30000
263| 19,19999 175,9999 30000
264| 19,49999 179,9999 30000
265| 19,79999 183,9999 30000
266| 20,09999 187,9999 30000
267| 20,39999 191,9999 30000
268| 20,69999 195,9999 30000
269| 20,99999 199,9999 30000
270| 21,29999 203,9999 30000
271| 21,59999 207,9999 30000
272| 21,89999 211,9999 30000
273| 22,19999 215,9999 30000
274| 22,49999 219,9999 30000
275| 22,79999 223,9999 30000
276| 23,09999 227,9999 30000
277| 23,39999 231,9999 0
278| 23,69999 235,9999 0
279| 23,99999 239,9999 0
280| 24,29999 243,9999 0
281| 24,59999 247,9999 0
282| 24,89998 251,9999 0
283| 25,19999 255,9999 0
284| 25,49998 259,9999 0
285| 25,79998 263,9999 0
286| 26,09998 267,9999 0
287| 26,39998 271,9998 0
288| 26,69998 275,9998 0
289| 26,99998 279,9998 0
290| 27,29998 283,9998 0
291| 27,59998 287,9998 0
292| 27,89998 291,9998 0
293| 28,19998 295,9998 0
294| 28,49998 299,9998 0
295| 28,79998 303,9998 0
296| 29,09998 307,9998 0
297| 29,39998 311,9998 0
298| 29,69998 315,9998 0
299| 29,99998 319,9998 0
300| 30,29998 323,9998 0
301| 30 327,9998 0
302| 30 331,9998 0
303| 30 335,9998 0
304| 30 339,9998 0
305| 30 343,9998 0
306| 30 347,9998 0
307| 30 351,9998 0
308| 30 351,9998 0
309| 30 351,9998 0
310| 30 351,9998 0
311| 30 351,9998 0
312| 30 351,9998 0
313| 30 351,9998 0
314| 30 351,9998 0
315| 30 351,9998 0
316| 30 351,9998 0
317| 30 351,9998 0
318| 30 351,9998 0
319| 30 351,9998 0
320| 30 351,9998 0
321| 30 351,9998 0
322| 30 351,9998 0
323| 30 0 0
324| 30 -4 0
325| 30 -8 0
326| 30 -12 0
327| 30 -16 0
328| 30 -20 0
329| 30 -24 0
330| 30 -28 0
331| 30 -32 0
332| 30 -36 0
333| 0 -40 0
334| -0,3 -43,99999 0
335| -0,6 -47,99999 0
336| -0,9 -51,99999 0
337| -1,2 -55,99999 0
338| -1,5 -60 0
339| -1,5 -64 0
340| -1,5 -68 0
341| -1,5 -72 30000
342| -1,5 -76,00001 30000
343| -1,5 -80,00001 30000
344| -1,5 -84,00001 30000
345| -1,5 -88,00002 30000
346| -1,5 -92,00002 30000
347| -1,5 -96,00002 30000
348| -1,5 -100 30000
349| -1,5 -104 30000
350| -1,5 -108 30000
351| -1,5 -112 30000
352| -1,5 -116 30000
353| -1,5 -120 30000
354| -1,5 -124 30000
355| -1,5 -128 30000
356| -1,5 -132 30000
357| -1,5 -136 30000
358| -1,5 -140 30000
359| -1,5 -144 30000
360| -1,5 -148 30000
361| -1,5 -152 30000
362| -1,5 -156 30000
363| -1,5 -160 30000
364| -1,5 -164 0
365| -1,5 -168 0
366| -1,5 -171,9999 0
367| -1,5 -175,9999 0
368| -1,5 -179,9999 0
369| 0 0 0
370| 0 0 0
371| 0 0 0
372| 0 0 0
373| 0 0 0
374| 0 0 0
375| 0 0 0
376| 0 -4 0
377| -0,3 -8 0
378| -0,6 -12 0
379| -0,9 -16 0
380| -1,2 -20 0
381| -1,5 -24 0
382| -1,8 -28 0
383| -2,1 -32 0
384| -2,4 -36 0
385| -2,7 -40 0
386| -3 -43,99999 0
387| -3,299999 -47,99999 0
388| -3,599999 -51,99999 0
389| -3,899999 -55,99999 0
390| -3,899999 -60 0
391| 0 0 0
392| 0 0 0
393| 0 0 0
394| 0 0 0
395| 0 0 0
396| 0 0 0
397| 0 0 0
398| 0 0 0
399| 0,3 0 0
400| 0,6 4 0
401| 0,9 8 0
402| 1,2 12 0
403| 1,5 16 0
404| 1,8 20 0
405| 2,1 24 0
406| 2,4 28 0
407| 2,7 32 0
408| 3 36 0
409| 3,299999 40 0
410| 3,599999 43,99999 0
411| 3,899999 47,99999 0
412| 4,2 51,99999 0
413| 4,5 55,99999 0
414| 4,8 60 0
415| 5,1 64 0
416| 5,4 68 0
417| 5,7 72 0
418| 6 76,00001 0
419| 6,300001 80,00001 0
420| 6,600001 84,00001 0
421| 6,900001 88,00002 0
422| 7,200001 92,00002 0
423| 7,200001 96,00002 0
424| 7,200001 100 0
425| 7,200001 104 0
426| 7,200001 108 0
427| 7,200001 112 0
428| 7,200001 116 0
429| 7,200001 120 0
430| 7,200001 124 0
431| 7,200001 128 0
432| 7,200001 132 0
433| 7,200001 136 0
434| 7,200001 140 0
435| 7,200001 144 0
436| 7,200001 148 0
437| 7,200001 152 0
438| 7,200001 156 0
439| 7,200001 160 0
440| 7,200001 164 0
441| 7,200001 168 0
442| 7,200001 171,9999 0
443| 7,200001 175,9999 0
444| 7,200001 179,9999 0
445| 7,200001 183,9999 0
446| 0 187,9999 0
447| -0,3 191,9999 0
448| -0,6 195,9999 0
449| -0,6 199,9999 0
450| -0,6 203,9999 0
451| -0,6 207,9999 0
452| -0,6 211,9999 0
453| -0,6 215,9999 0
454| -0,6 219,9999 0
455| -0,6 223,9999 0
456| -0,6 227,9999 0
457| -0,6 231,9999 0
458| -0,6 235,9999 0
459| -0,6 239,9999 0
460| -0,6 243,9999 0
461| -0,6 247,9999 0
462| 0 0 0
463| 0 0 0
464| 0 0 0
465| 0 0 0
466| 0 0 0
467| 0 0 0
468| 0 0 0
469| 0 0 0
470| 0 0 0
471| 0 0 0
472| 0 0 0
473| 0 0 0
474| 0 0 0
475| 0 0 0
476| 0 0 0
477| 0 0 0
478| 0 4 0
479| 0 8 0
480| 0 12 0
481| 0 16 0
482| 0 20 0
483| 0 0 0
484| 0 0 0
485| 0 0 0
486| 0 0 0
487| 0 0 0
488| 0 4 0
489| 0 8 0
490| 0 12 0
491| 0 16 0
492| 0 20 0
493| 0 24 0
494| 0 28 0
495| 0 32 0
496| 0 36 0
497| 0 40 0
498| 0 43,99999 0
499| 0 47,99999 0
500| 0 51,99999 0
501| 0 0 0
502| 0 0 0
503| 0 0 0
504| 0 0 0
505| 0 0 0
506| 0 0 0
507| 0 0 0
508| 0 0 0
509| 0 0 0
510| 0 4 0
511| 0 8 0
512| 0 12 0
513| 0 16 0
514| 0 20 0
515| 0 24 0
516| 0 28 0
517| 0 32 0
518| 0 36 0
519| 0 40 0
520| 0 43,99999 0
521| 0 47,99999 0
522| 0 51,99999 0
523| 0 55,99999 0
524| 0 60 0
525| 0 64 0
526| 0 68 0
527| 0 72 0
528| 0 76,00001 0
529| 0 80,00001 0
530| 0 84,00001 0
531| 0 88,00002 0
532| 0 92,00002 0
533| 0 96,00002 0
534| 0 100 0
535| 0 104 0
536| 0 0 0
537| 0 0 0
538| 0 0 0
539| 0 0 0
540| 0 4 0
541| 0 8 0
542| 0 0 0
543| 0 0 0
544| 0 4 0
545| 0 8 0
546| 0 12 0
547| 0 0 0
548| 0 0 0
549| 0 4 0
550| 0 8 0
551| 0 12 0
552| 0 0 0
553| 0 0 0
554| 0 0 0
555| 0 4 0
556| 0 8 0
557| 0 0 0
558| 0 0 0
559| 0 0 0
560| 0 0 0
561| 0 0 0
562| 0 0 0
563| 0 0 0
564| 0 0 0
565| 0 0 0
566| 0 0 0
567| 0 4 0
568| 0 8 0
569| 0 12 0
570| 0 0 0
571| 0 0 0
572| 0 4 0
573| 0 8 0
574| 0 12 0
575| 0 16 0
576| 0 0 0
577| 0 0 0
578| 0 0 0
579| 0 0 0
580| 0 -4 0
581| 0 -8 0
582| 0 -12 0
583| 0 -16 0
584| 0 -20 0
585| 0 -24 0
586| 0 -28 30000
587| 0 -32 30000
588| 0 -36 30000
589| 0 -40 30000
590| 0 -43,99999 30000
591| 0 -47,99999 30000
592| 0 -51,99999 30000
593| 0 -55,99999 30000
594| 0 -60 30000
595| 0 -64 30000
596| 0 -68 30000
597| 0 -72 30000
598| 0 -76,00001 30000
599| 0 -80,00001 30000
600| 0 -84,00001 30000
601| 0 -88,00002 30000
602| 0 -92,00002 30000
603| 0 -96,00002 30000
604| 0 -100 30000
605| 0 -104 30000
606| 0 -108 30000
607| 0 -112 30000
608| 0 -116 30000
609| 0 -120 30000
610| 0 -124 30000
611| 0 -128 30000
612| 0 -132 30000
613| 0 -136 30000
614| 0 -140 30000
615| 0 -144 30000
616| 0 -148 30000
617| 0 -152 30000
618| 0 -156 0
619| 0 -160 0
620| 0 -164 0
621| 0 -168 0
622| 0 -171,9999 0
623| 0 -175,9999 0
624| 0 -179,9999 0
625| 0 -183,9999 0
626| 0 -187,9999 0
627| 0 -191,9999 0
628| 0 -195,9999 0
629| 0 -199,9999 0
630| 0 -203,9999 0
631| 0 -207,9999 0
632| 0 -211,9999 0
633| 0 -215,9999 0
634| 0 -219,9999 0
635| 0 -223,9999 0
636| 0 -227,9999 0
637| 0 -231,9999 0
638| 0 -235,9999 0
639| 0 -239,9999 0
640| 0 -243,9999 0
641| 0 -247,9999 0
642| 0 -251,9999 0
643| 0 -255,9999 0
644| 0 -259,9999 0
645| 0 -263,9999 0
646| 0 -267,9999 0
647| 0 -271,9998 0
648| 0 -275,9998 0
649| 0 -279,9998 0
650| 0 -283,9998 0
651| 0 -287,9998 0
652| 0 -291,9998 0
653| 0 -295,9998 0
654| 0 -299,9998 0
655| 0 -303,9998 0
656| 0 -307,9998 0
657| 0 -311,9998 0
658| 0 -315,9998 0
659| 0 -319,9998 0
660| 0 -323,9998 0
661| 0 -327,9998 0
662| 0 -331,9998 0
663| 0 -335,9998 0
664| 0 -339,9998 0
665| 0 -343,9998 0
666| 0 -347,9998 0
667| 0 -351,9998 0
668| 0 -355,9998 0
669| 0 -359,9998 0
670| 0 -363,9998 0
671| 0 -367,9998 0
672| 0 -371,9998 0
673| 0 -375,9998 0
674| 0 -379,9998 0
675| 0 -383,9998 0
676| 0 -387,9998 0
677| 0 -391,9998 0
678| 0 -395,9998 0
679| 0 -399,9997 0
680| 0 -403,9998 0
681| 0 -400 0
682| 0 -400 0
683| 0 -400 0
684| 0 -400 0
685| 0 -400 0
686| 0 -400 0
687| 0 -400 0
688| 0 -400 0
689| 0 -400 0
690| 0 -400 0
691| 0 -400 0
692| 0 0 0
693| 0 0 0
694| 0 0 0
695| 0 -4 0
696| 0 -8 0
697| 0 -12 0
698| 0 -16 0
699| 0 -20 0
700| -0,3 -24 0
701| -0,6 -28 0
702| -0,9 -28 0
703| -1,2 -28 0
704| -1,5 -28 0
705| -1,8 -28 0
706| -2,1 -28 0
707| 0 0 0
708| 0 0 0
709| 0 0 0
710| 0 0 0
711| 0 0 0
712| 0 0 0
713| 0 0 0
714| 0 0 0
715| 0 0 0
716| 0 0 0
717| 0 0 0
718| 0 0 0
719| 0 0 0
720| 0 0 0
721| 0 0 0
722| 0 0 0
723| 0 0 0
724| 0 0 0
725| 0 0 0
726| 0 0 0
727| 0 0 0
728| 0 0 30000
729| 0 0 30000
730| 0 0 30000
731| 0 0 30000
732| 0 0 30000
733| 0 0 30000
734| 0 0 30000
735| 0 0 30000
736| 0 0 30000
737| 0 0 30000
738| 0 0 30000
739| 0 0 30000
740| 0 0 30000
741| 0 0 30000
742| 0 0 30000
743| 0 0 30000
744| 0 0 30000
745| 0 0 30000
746| 0 0 30000
747| 0 0 30000
748| 0 0 30000
749| 0 0 30000
750| 0 0 30000
751| 0 0 30000
752| 0 0 30000
753| 0 0 30000
754| 0 0 30000
755| 0 0 30000
756| 0 0 30000
757| 0 0 30000
758| 0 0 30000
759| 0 0 30000
760| 0 0 30000
761| 0 0 30000
762| 0 0 30000
763| 0 0 30000
764| 0 0 30000
765| 0 0 30000
766| 0 0 30000
767| 0 0 30000
768| 0 0 30000
769| 0 0 30000
770| 0 0 30000
771| 0 0 30000
772| 0 0 30000
773| 0 0 30000
774| 0 0 30000
775| 0 0 30000
776| 0 0 30000
777| 0 0 30000
778| 0 0 30000
779| 0 0 30000
780| 0 0 30000
781| 0 0 0
782| 0 0 0
783| 0 0 0
784| 0 0 0
785| 0 0 0
786| 0 0 0
787| 0 0 0
788| 0 0 0
789| 0 0 0
790| 0 0 0
791| 0 0 0
792| 0 0 0
793| 0 0 0
794| 0 0 0
795| 0 0 0
796| 0 0 0
797| 0 0 0
798| 0 0 0
799| 0 0 0
800| 0 0 0
801| 0 0 0
802| 0 0 0
803| 0 0 0
804| 0 0 0
805| 0 0 0
806| 0 0 0
807| 0 0 0
808| 0 0 0
809| 0 0 0
810| 0 0 0
811| 0 0 0
812| 0 0 0
813| 0 0 0
814| 0 0 0
815| 0 0 0
816| 0 0 0
817| 0 0 0
818| 0 0 0
819| 0 0 0
820| 0 0 0
821| 0 0 0
822| 0 0 0
823| 0 0 0
824| 0 0 0
825| 0 0 0
826| 0 0 0
827| 0 0 0
828| 0 0 0
829| 0 0 0
830| 0 0 0
831| 0 0 0
832| 0 0 0
833| 0 0 0
834| 0 0 0
835| 0 0 0
836| 0 0 0
837| 0 0 0
838| 0 0 0
839| 0 0 0
840| 0 0 0
841| 0 0 0
842| 0 0 0
843| 0 0 0
844| 0 0 0
845| 0 0 0
846| 0 0 0
847| 0 0 0
848| 0 0 0
849| 0 0 0
850| 0 0 0
851| 0 0 0
852| 0 0 0
853| 0 0 0
854| 0 0 0
855| 0 0 0
856| 0 0 0
857| 0 0 0
858| 0 0 0
859| 0 0 0
860| 0 0 0
861| 0 0 0
862| 0 0 0
863| 0 0 0
864| 0 0 0
865| 0 0 0
866| 0 0 0
867| 0 0 0
868| 0 0 0
869| 0 0 0
870| 0 0 0
871| 0 0 0
872| 0 0 0
873| 0 0 0
874| 0 0 0
875| 0 0 0
876| 0 0 0
877| 0 0 0
878| 0 0 0
879| 0 0 0
880| 0 0 0
881| 0 0 0
882| 0 0 0
883| 0 0 0
884| 0 0 0
885| 0 0 0
886| 0 0 0
887| 0 0 0
888| 0 0 0
889| 0 0 0
890| 0 0 0
891| 0 0 0
892| 0 0 0
893| 0 0 0
894| 0 0 0
895| 0 0 0
896| 0 0 0
897| 0 0 0
898| 0 0 0
899| 0 0 0
900| 0 0 0
901| 0 0 0
902| 0 0 0
903| 0 0 0
904| 0 0 0
905| 0 0 0
906| 0 0 0
907| 0 0 0
908| 0 0 0
909| 0 0 0
910| 0 0 0
911| 0 0 0
912| 0 0 0
913| 0 0 0
914| 0 0 0
915| 0 0 0
916| 0 0 0
917| 0 0 0
918| 0 0 0
919| 0 0 0
920| 0 0 0
921| 0 0 0
922| 0 0 0
923| 0 0 0
924| 0 0 0
925| 0 0 0
926| 0 0 0
927| 0 0 0
928| 0 0 0
929| 0 0 0
930| 0 0 0
931| 0 0 0
932| 0 0 0
933| 0 0 0
934| 0 0 0
935| 0 0 0
936| 0 0 0
937| 0 0 0
938| 0 0 0
939| 0 0 0
940| 0 0 0
941| 0 0 0
942| 0 0 0
943| 0 0 0
944| 0 0 0
945| 0 0 0
946| 0 0 0
947| 0 0 0
948| 0 0 0
949| 0 0 0
950| 0 0 0
951| 0 0 0
952| 0 0 0
953| 0 0 0
954| 0 0 0
955| 0 0 0
956| 0 0 0
957| 0 0 0
958| 0 0 0
959| 0 0 0
960| 0 0 0
961| 0 0 0
962| 0 0 0
963| 0 0 0
964| 0 0 0
965| 0 0 0
966| 0 0 0
967| 0 0 0
968| 0 0 0
969| 0 0 0
970| 0 0 0
971| 0 0 0
972| 0 0 0
973| 0 0 0
974| 0 0 0
975| 0 0 0
976| 0 0 0
977| 0 0 0
978| 0 0 0
979| 0 0 0
980| 0 0 0
981| 0 0 0
982| 0 0 0
983| 0 0 0
984| 0 0 0
985| 0 0 0
986| 0 0 0
987| 0 0 0
988| 0 0 0
989| 0 0 0
990| 0 0 0
991| 0 0 0
992| 0 0 0
993| 0 0 0
994| 0 0 0
995| 0 0 0
996| 0 0 0
997| 0 0 0
998| 0 0 0
999| 0 0 0
1000| 0 0 0
1001| 0 0 0
1002| 0 0 0
1003| 0 0 0

