1| 0 0 0
2| 0 0 0
3| 0 0 0
4| 0 0 0
5| 0 0 0
6| 0 0 0
7| 0 0 0
8| 0 0 0
9| 0 0 0
10| 0 0 0
11| 0 0 0
12| 0 0 0
13| 0 0 0
14| 0 0 0
15| 0 0 0
16| 0 0 0
17| 0 0 0
18| 0 0 0
19| 0 0 0
20| 0 0 0
21| 0 0 0
22| 0 0 0
23| 0 0 0
24| 0 0 0
25| 0 0 0
26| 0 0 0
27| 0 0 0
28| 0 0 0
29| 0 0 0
30| 0 0 0
31| 0 0 0
32| 0 0 0
33| -0,3 0 0
34| -0,6 0 0
35| -0,9 0 0
36| -1,2 0 0
37| -1,5 0 0
38| -1,8 0 0
39| -2,1 0 0
40| -2,4 0 0
41| 0 0 0
42| 0,3 -4 0
43| 0,6 -8 0
44| 0,9 -12 0
45| 1,2 -16 0
46| 1,5 -20 0
47| 1,8 -24 0
48| 2,1 -28 0
49| 2,4 -32 0
50| 2,7 -36 0
51| 3 -40 0
52| 3,299999 -43,99999 0
53| 3,599999 -47,99999 0
54| 3,899999 -51,99999 0
55| 4,2 -55,99999 0
56| 4,5 -60 0
57| 4,8 -64 0
58| 5,1 -68 0
59| 5,4 -72 0
60| 5,7 -76,00001 0
61| 6 -80,00001 0
62| 6,300001 -84,00001 0
63| 6,600001 -88,00002 0
64| 6,900001 -92,00002 0
65| 7,200001 -96,00002 0
66| 7,500001 -100 0
67| 7,800001 -104 0
68| 8,1 -108 0
69| 8,4 -112 0
70| 8,7 -116 0
71| 8,999999 -120 0
72| 9,299999 -124 0
73| 9,599998 -128 0
74| 9,899999 -132 0
75| 10,2 -136 0
76| 10,5 -140 0
77| 10,8 -144 0
78| 11,1 -148 0
79| 11,4 -152 0
80| 11,7 -156 0
81| 12 -160 0
82| 12,3 -164 0
83| 12,6 -168 0
84| 12,9 -171,9999 0
85| 13,2 -175,9999 0
86| 13,5 -179,9999 0
87| 13,79999 -183,9999 0
88| 14,09999 -187,9999 0
89| 14,39999 -191,9999 0
90| 14,69999 -195,9999 0
91| 14,99999 -199,9999 0
92| 15,29999 -203,9999 0
93| 15,59999 -207,9999 0
94| 15,89999 -211,9999 0
95| 16,19999 -215,9999 0
96| 16,49999 -219,9999 0
97| 16,79999 -223,9999 0
98| 17,09999 -227,9999 0
99| 17,39999 -231,9999 0
100| 17,69999 -235,9999 0
101| 17,99999 -239,9999 0
102| 18,29999 -243,9999 0
103| 18,59999 -247,9999 0
104| 18,89999 -251,9999 0
105| 19,19999 -255,9999 0
106| 19,49999 -259,9999 0
107| 19,79999 -263,9999 0
108| 20,09999 -267,9999 0
109| 20,39999 -271,9998 0
110| 20,69999 -275,9998 0
111| 20,99999 -279,9998 0
112| 21,29999 -283,9998 0
113| 21,59999 -287,9998 0
114| 21,89999 -291,9998 0
115| 22,19999 -295,9998 0
116| 22,49999 -299,9998 0
117| 22,79999 -303,9998 0
118| 23,09999 -307,9998 0
119| 23,39999 -311,9998 0
120| 23,69999 -315,9998 0
121| 23,99999 -319,9998 0
122| 24,29999 -323,9998 0
123| 24,59999 -327,9998 0
124| 24,89998 -331,9998 0
125| 25,19999 -335,9998 0
126| 25,49998 -339,9998 0
127| 25,79998 -343,9998 0
128| 26,09998 -347,9998 0
129| 26,39998 -351,9998 0
130| 26,69998 -355,9998 0
131| 26,99998 -359,9998 0
132| 27,29998 -363,9998 0
133| 27,59998 -367,9998 0
134| 27,89998 -371,9998 0
135| 28,19998 -375,9998 0
136| 28,49998 -379,9998 0
137| 28,79998 -383,9998 0
138| 29,09998 -387,9998 0
139| 29,39998 -391,9998 0
140| 29,69998 -395,9998 0
141| 29,99998 -399,9997 0
142| 30,29998 -403,9998 0
143| 30 -400 0
144| 30 -400 0
145| 30 -400 0
146| 30 -400 0
147| 0 0 30000
148| 0 0 30000
149| 0 0 30000
150| 0 0 30000
151| 0 0 30000
152| 0 0 30000
153| 0 0 30000
154| 0 0 30000
155| 0 0 30000
156| 0 4 30000
157| 0 8 0
158| 0 12 0
159| 0 16 0
160| 0 20 0
161| 0 24 0
162| 0 28 0
163| 0 32 0
164| 0 36 0
165| 0,3 40 0
166| 0,6 43,99999 0
167| 0,9 47,99999 0
168| 1,2 51,99999 0
169| 1,5 55,99999 0
170| 1,8 60 0
171| 2,1 64 0
172| 2,4 68 30000
173| 2,7 72 30000
174| 3 76,00001 30000
175| 3,299999 80,00001 30000
176| 3,599999 84,00001 30000
177| 3,899999 88,00002 30000
178| 4,2 92,00002 30000
179| 4,5 96,00002 30000
180| 4,8 100 30000
181| 5,1 104 30000
182| 5,4 108 30000
183| 5,7 112 30000
184| 6 116 30000
185| 6,300001 120 30000
186| 6,600001 124 30000
187| 6,900001 128 30000
188| 7,200001 132 30000
189| 7,500001 136 30000
190| 7,800001 140 30000
191| 8,1 144 0
192| 8,4 148 0
193| 8,7 152 0
194| 8,999999 156 0
195| 9,299999 160 0
196| 9,599998 164 0
197| 9,899999 168 0
198| 10,2 171,9999 0
199| 10,5 175,9999 0
200| 10,8 179,9999 0
201| 11,1 183,9999 0
202| 11,4 187,9999 0
203| 11,7 191,9999 0
204| 12 195,9999 0
205| 12,3 199,9999 0
206| 12,6 203,9999 0
207| 12,9 207,9999 0
208| 13,2 211,9999 0
209| 13,5 215,9999 0
210| 13,79999 219,9999 0
211| 14,09999 223,9999 0
212| 14,39999 227,9999 0
213| 14,69999 231,9999 0
214| 14,99999 235,9999 0
215| 15,29999 239,9999 0
216| 15,59999 243,9999 0
217| 15,89999 247,9999 0
218| 16,19999 251,9999 0
219| 16,49999 255,9999 0
220| 16,79999 259,9999 0
221| 17,09999 263,9999 0
222| 17,39999 267,9999 0
223| 17,69999 271,9998 0
224| 17,99999 275,9998 0
225| 18,29999 279,9998 0
226| 18,59999 283,9998 0
227| 18,89999 287,9998 0
228| 19,19999 291,9998 0
229| 19,49999 295,9998 0
230| 19,79999 299,9998 0
231| 20,09999 303,9998 0
232| 20,39999 307,9998 0
233| 20,69999 311,9998 0
234| 20,99999 315,9998 0
235| 21,29999 319,9998 0
236| 21,59999 323,9998 0
237| 21,89999 327,9998 0
238| 22,19999 331,9998 0
239| 22,49999 335,9998 0
240| 22,79999 339,9998 0
241| 23,09999 343,9998 0
242| 23,39999 347,9998 0
243| 23,69999 351,9998 0
244| 23,99999 355,9998 0
245| 24,29999 359,9998 0
246| 24,59999 363,9998 0
247| 24,89998 367,9998 0
248| 24,89998 371,9998 0
249| 0 375,9998 0
250| -0,3 379,9998 0
251| -0,6 383,9998 0
252| -0,9 387,9998 0
253| -1,2 391,9998 0
254| -1,2 395,9998 0
255| -1,2 399,9997 0
256| -1,2 403,9998 0
257| -1,2 400 0
258| -1,2 400 0
259| -1,2 400 0
260| -1,2 400 0
261| -1,2 400 0
262| -1,2 400 0
263| -1,2 400 0
264| 0 400 0
265| 0,3 400 0
266| 0,6 400 0
267| 0,9 400 0
268| 1,2 400 0
269| 1,5 400 0
270| 1,8 400 0
271| 2,1 400 0
272| 2,4 400 0
273| 2,4 400 0
274| 2,4 400 0
275| 2,4 400 0
276| 2,4 400 0
277| 2,7 400 0
278| 3 400 0
279| 3,299999 400 0
280| 3,599999 400 0
281| 3,899999 400 0
282| 4,2 400 0
283| 4,5 400 0
284| 4,8 400 0
285| 5,1 400 0
286| 5,4 400 0
287| 5,7 400 0
288| 6 400 0
289| 6,300001 400 0
290| 6,600001 400 0
291| 6,900001 400 0
292| 6,900001 400 0
293| 6,900001 400 0
294| 6,900001 400 0
295| 6,900001 400 0
296| 6,900001 400 0
297| 6,900001 400 0
298| 6,900001 400 0
299| 6,900001 400 0
300| 6,900001 400 0
301| 6,900001 400 0
302| 6,900001 400 0
303| 6,900001 400 0
304| 6,900001 400 0
305| 6,900001 400 0
306| 6,900001 400 0
307| 6,900001 400 0
308| 6,900001 400 0
309| 6,900001 400 0
310| 6,900001 400 0
311| 6,900001 400 0
312| 6,900001 400 0
313| 6,900001 400 0
314| 0 0 0
315| 0 0 0
316| 0 0 0
317| 0 0 0
318| 0 0 0
319| 0 0 0
320| 0 0 0
321| 0 0 0
322| 0 0 0
323| 0 0 0
324| 0 0 0
325| -0,3 0 0
326| -0,6 0 0
327| 0 0 0
328| 0 0 0
329| 0 0 0
330| 0 0 0
331| 0 0 0
332| 0 0 0
333| 0 0 0
334| 0 0 0
335| 0 0 0
336| 0 0 0
337| 0 0 0
338| 0 -4 0
339| 0 -8 0
340| 0 -12 0
341| 0 -16 0
342| 0 -20 0
343| 0 -24 0
344| 0 -28 0
345| 0 -32 0
346| 0 -36 30000
347| 0 -40 30000
348| 0 -43,99999 30000
349| 0 -47,99999 30000
350| 0 -51,99999 30000
351| 0 -55,99999 30000
352| 0 0 30000
353| 0 0 30000
354| 0 0 30000
355| 0 0 30000
356| 0 0 30000
357| 0 0 30000
358| 0 0 30000
359| 0 0 30000
360| 0 0 30000
361| 0 0 30000
362| 0 0 30000
363| 0 0 30000
364| 0 0 30000
365| 0 0 30000
366| 0 0 30000
367| 0 0 30000
368| 0 0 30000
369| 0 0 30000
370| 0 0 30000
371| 0 0 30000
372| 0 0 30000
373| 0 0 30000
374| 0 0 30000
375| 0 0 30000
376| 0 0 30000
377| 0 0 30000
378| 0 0 30000
379| 0 0 30000
380| 0 0 30000
381| 0 0 30000
382| 0 0 30000
383| 0 0 30000
384| 0 0 30000
385| 0 0 30000
386| 0 0 30000
387| 0 0 30000
388| 0 0 30000
389| 0 0 30000
390| 0 0 30000
391| 0 0 30000
392| 0 0 30000
393| 0 0 30000
394| 0 0 30000
395| 0 0 30000
396| 0 0 30000
397| 0 0 30000
398| 0 0 30000
399| 0 0 0
400| 0 4 0
401| 0 8 0
402| 0 12 0
403| 0 16 0
404| 0 20 0
405| 0 24 0
406| 0 28 0
407| 0 0 0
408| 0 0 0
409| 0 0 0
410| 0 0 0
411| 0 0 0
412| 0 0 0
413| 0 0 0
414| 0 0 0
415| 0 0 0
416| 0 0 0
417| 0 0 30000
418| 0 0 30000
419| 0 0 30000
420| 0 0 30000
421| 0 0 30000
422| 0 0 30000
423| 0 0 30000
424| 0 0 30000
425| 0 0 30000
426| 0 0 30000
427| 0 0 30000
428| 0 0 30000
429| 0 0 30000
430| 0 0 30000
431| 0 0 30000
432| 0 0 30000
433| 0 0 30000
434| 0 0 30000
435| 0 0 30000
436| 0 0 30000
437| 0 0 30000
438| 0 0 30000
439| 0 0 30000
440| 0 0 30000
441| 0 0 30000
442| 0 0 30000
443| 0 0 30000
444| 0 0 30000
445| 0 0 30000
446| 0 0 30000
447| 0 0 30000
448| 0 0 30000
449| 0 0 30000
450| 0 0 30000
451| 0 0 30000
452| 0 0 0
453| 0 0 0
454| 0 0 0
455| 0 0 0
456| 0 0 0
457| 0 0 0
458| 0 0 30000
459| 0 0 30000
460| 0 0 30000
461| 0 0 30000
462| 0 0 30000
463| 0 0 30000
464| 0 0 30000
465| 0 0 30000
466| 0 0 30000
467| 0 0 30000
468| 0 0 30000
469| 0 0 30000
470| 0 0 30000
471| 0 0 30000
472| 0 0 0
473| 0 0 0
474| 0 0 0
475| 0 0 0
476| 0 0 0
477| 0 0 0
478| 0 0 0
479| 0 4 0
480| 0 8 0
481| 0 12 0
482| 0 16 0
483| 0 20 0
484| 0 24 0
485| 0 28 0
486| 0 32 0
487| 0 36 0
488| 0 40 0
489| 0 43,99999 0
490| 0 47,99999 0
491| 0 51,99999 0
492| 0 55,99999 0
493| 0 60 0
494| 0 64 0
495| 0 68 0
496| 0 72 0
497| 0 76,00001 0
498| 0 80,00001 0
499| 0 84,00001 0
500| 0 88,00002 0
501| 0 92,00002 0
502| 0 0 0
503| 0 0 0
504| 0 0 0
505| 0 0 0
506| 0 0 0
507| 0 0 0
508| 0 0 0
509| 0 0 0
510| 0,3 0 0
511| 0,6 0 0
512| 0,9 0 0
513| 1,2 0 0
514| 1,5 0 0
515| 1,8 0 0
516| 2,1 0 0
517| 2,4 0 0
518| 2,7 4 0
519| 3 8 0
520| 3,299999 12 0
521| 3,599999 16 0
522| 3,899999 20 0
523| 4,2 24 0
524| 4,5 28 0
525| 4,8 32 0
526| 5,1 36 0
527| 5,4 40 0
528| 5,7 43,99999 0
529| 6 47,99999 0
530| 6,300001 51,99999 0
531| 6,600001 55,99999 0
532| 6,900001 60 0
533| 7,200001 64 0
534| 7,500001 68 0
535| 7,800001 72 0
536| 8,1 76,00001 0
537| 8,4 80,00001 0
538| 8,7 84,00001 0
539| 8,999999 88,00002 0
540| 9,299999 92,00002 0
541| 9,599998 96,00002 0
542| 9,899999 100 0
543| 10,2 104 0
544| 10,5 108 0
545| 10,8 112 0
546| 11,1 116 0
547| 11,4 120 0
548| 11,7 124 0
549| 12 128 0
550| 12,3 132 0
551| 12,6 136 0
552| 12,9 140 0
553| 13,2 144 0
554| 13,5 148 0
555| 13,79999 152 0
556| 14,09999 156 0
557| 14,39999 160 0
558| 14,69999 164 0
559| 14,99999 168 0
560| 15,29999 171,9999 0
561| 15,59999 175,9999 0
562| 15,89999 179,9999 0
563| 16,19999 183,9999 0
564| 16,49999 187,9999 0
565| 16,79999 191,9999 0
566| 17,09999 195,9999 0
567| 17,39999 199,9999 0
568| 17,69999 203,9999 0
569| 17,99999 207,9999 0
570| 18,29999 211,9999 0
571| 18,59999 215,9999 0
572| 18,89999 219,9999 0
573| 19,19999 223,9999 0
574| 19,49999 227,9999 0
575| 19,79999 231,9999 0
576| 20,09999 235,9999 0
577| 20,09999 239,9999 0
578| 0 0 0
579| 0 0 0
580| 0 0 0
581| 0 0 0
582| 0 0 0
583| 0 0 0
584| 0 0 0
585| 0 0 0
586| 0 0 0
587| 0 0 0
588| 0 0 0
589| 0 0 0
590| 0 0 0
591| 0 0 0
592| 0 0 0
593| 0 0 0
594| 0 0 0
595| 0 0 0
596| 0 0 0
597| 0 0 0
598| 0 0 0
599| 0 0 0
600| 0 0 0
601| 0 0 0
602| 0 0 0
603| 0 0 0
604| 0 0 0
605| 0 0 0
606| 0 0 0
607| 0 0 0
608| 0 0 0
609| 0 0 0
610| 0 0 0
611| 0 0 0
612| 0 0 0
613| 0 0 0
614| 0 0 30000
615| 0 0 30000
616| 0 0 30000
617| 0 0 30000
618| 0 0 30000
619| 0 0 30000
620| 0 0 30000
621| 0 0 30000
622| 0 0 30000
623| 0 0 30000
624| 0 0 30000
625| 0 0 30000
626| 0 0 30000
627| 0 0 30000
628| 0 0 30000
629| 0 0 30000
630| 0 0 30000
631| 0 0 30000
632| 0 0 30000
633| 0 0 30000
634| 0 0 30000
635| 0 0 30000
636| 0 0 30000
637| 0 0 30000
638| 0 0 30000
639| 0 0 30000
640| 0 0 30000
641| 0 0 30000
642| 0 0 30000
643| 0 0 30000
644| 0 0 0
645| 0 0 0
646| 0 0 0
647| 0 0 0
648| 0 0 0
649| 0 0 0
650| 0 0 0
651| 0 0 0
652| 0 0 0
653| 0 0 0
654| 0 0 0
655| 0 0 0
656| 0 0 0
657| 0 0 0
658| 0 0 0
659| 0 0 0
660| 0 0 0
661| 0 0 0
662| 0 0 0
663| 0 0 0
664| 0 0 0
665| 0 0 0
666| 0 0 0
667| 0 0 0
668| 0 0 0
669| 0 0 0
670| 0 0 0
671| 0 0 0
672| 0 0 0
673| 0 0 0
674| 0 0 0
675| 0 0 0
676| 0 0 0
677| 0 0 0
678| 0 0 0
679| 0 0 0
680| 0 0 0
681| 0 0 0
682| 0 0 0
683| 0 0 0
684| 0 0 0
685| 0 0 0
686| 0 0 0
687| 0 0 0
688| 0 0 0
689| 0 0 0
690| 0 0 0
691| 0 0 0
692| 0 0 0
693| 0 0 0
694| 0 0 0
695| 0 0 0
696| 0 0 0
697| 0 0 0
698| 0 0 0
699| 0 0 0
700| 0 0 0
701| 0 0 0
702| 0 0 0
703| 0 0 0
704| 0 0 0
705| 0 0 0
706| 0 0 0
707| 0 0 0
708| 0 0 0
709| 0 0 0
710| 0 0 0
711| 0 0 0
712| 0 0 0
713| 0 0 0
714| 0 0 0
715| 0 0 0
716| 0 0 0
717| 0 0 0
718| 0 0 0
719| 0 0 0
720| 0 0 0
721| 0 0 0
722| 0 0 0
723| 0 0 0
724| 0 0 0
725| 0 0 0
726| 0 0 0
727| 0 0 0
728| 0 0 0
729| 0 0 0
730| 0 0 0
731| 0 0 0
732| 0 0 0
733| 0 0 0
734| 0 0 0
735| 0 0 0
736| 0 0 0
737| 0 0 0
738| 0 0 0
739| 0 0 0
740| 0 0 0
741| 0 0 0
742| 0 0 0
743| 0 0 0
744| 0 0 0
745| 0 0 0
746| 0 0 0
747| 0 0 0
748| 0 0 0
749| 0 0 0
750| 0 0 0
751| 0 0 0
752| 0 0 0
753| 0 0 0
754| 0 0 0
755| 0 0 0
756| 0 0 0
757| 0 0 0
758| 0 0 0
759| 0 0 0
760| 0 0 0
761| 0 0 0
762| 0 0 0
763| 0 0 0
764| 0 0 0
765| 0 0 0
766| 0 0 0
767| 0 0 0
768| 0 0 0
769| 0 0 0
770| 0 0 0
771| 0 0 0
772| 0 0 0
773| 0 0 0
774| 0 0 0
775| 0 0 0
776| 0 0 0
777| 0 0 0
778| 0 0 0
779| 0 0 0
780| 0 0 0
781| 0 0 0
782| 0 0 0
783| 0 0 0
784| 0 0 0
785| 0 0 0
786| 0 0 0
787| 0 0 0
788| 0 0 0
789| 0 0 0
790| 0 0 0
791| 0 0 0
792| 0 0 0
793| 0 0 0
794| 0 0 0
795| 0 0 0
796| 0 0 0
797| 0 0 0
798| 0 0 0
799| 0 0 0
800| 0 0 0
801| 0 0 0
802| 0 0 0
803| 0 0 0
804| 0 0 0
805| 0 0 0
806| 0 0 0
807| 0 0 0
808| 0 0 0
809| 0 0 0
810| 0 0 0
811| 0 0 0
812| 0 0 0
813| 0 0 0
814| 0 0 0
815| 0 0 0
816| 0 0 0
817| 0 0 0
818| 0 0 0
819| 0 0 0
820| 0 0 0
821| 0 0 0
822| 0 0 0
823| 0 0 0
824| 0 0 0
825| 0 0 0
826| 0 0 0
827| 0 0 0
828| 0 0 0
829| 0 0 0
830| 0 0 0
831| 0 0 0
832| 0 0 0
833| 0 0 0
834| 0 0 0
835| 0 0 0
836| 0 0 0
837| 0 0 0
838| 0 0 0
839| 0 0 0
840| 0 0 0
841| 0 0 0
842| 0 0 0
843| 0 0 0
844| 0 0 0
845| 0 0 0
846| 0 0 0
847| 0 0 0
848| 0 0 0
849| 0 0 0
850| 0 0 0
851| 0 0 0
852| 0 0 0
853| 0 0 0
854| 0 0 0
855| 0 0 0
856| 0 0 0
857| 0 0 0
858| 0 0 0
859| 0 0 0
860| 0 0 0
861| 0 0 0
862| 0 0 0
863| 0 0 0
864| 0 0 0
865| 0 0 0
866| 0 0 0
867| 0 0 0
868| 0 0 0
869| 0 0 0
870| 0 0 0
871| 0 0 0
872| 0 0 0
873| 0 0 0
874| 0 0 0
875| 0 0 0
876| 0 0 0
877| 0 0 0
878| 0 0 0
879| 0 0 0
880| 0 0 0
881| 0 0 0
882| 0 0 0
883| 0 0 0
884| 0 0 0
885| 0 0 0
886| 0 0 0
887| 0 0 0
888| 0 0 0
889| 0 0 0
890| 0 0 0
891| 0 0 0
892| 0 0 0
893| 0 0 0
894| 0 0 0
895| 0 0 0
896| 0 0 0
897| 0 0 0
898| 0 0 0
899| 0 0 0
900| 0 0 0
901| 0 0 0
902| 0 0 0
903| 0 0 0
904| 0 0 0
905| 0 0 0
906| 0 0 0
907| 0 0 0
908| 0 0 0
909| 0 0 0
910| 0 0 0
911| 0 0 0
912| 0 0 0
913| 0 0 0
914| 0 0 0
915| 0 0 0
916| 0 0 0
917| 0 0 0
918| 0 0 0
919| 0 0 0
920| 0 0 0
921| 0 0 0
922| 0 0 0
923| 0 0 0
924| 0 0 0
925| 0 0 0
926| 0 0 0
927| 0 0 0
928| 0 0 0
929| 0 0 0
930| 0 0 0
931| 0 0 0
932| 0 0 0
933| 0 0 0
934| 0 0 0
935| 0 0 0
936| 0 0 0
937| 0 0 0
938| 0 0 0
939| 0 0 0
940| 0 0 0
941| 0 0 0
942| 0 0 0
943| 0 0 0
944| 0 0 0
945| 0 0 0
946| 0 0 0
947| 0 0 0
948| 0 0 0
949| 0 0 0
950| 0 0 0
951| 0 0 0
952| 0 0 0
953| 0 0 0
954| 0 0 0
955| 0 0 0
956| 0 0 0
957| 0 0 0
958| 0 0 0
959| 0 0 0
960| 0 0 0
961| 0 0 0
962| 0 0 0
963| 0 0 0
964| 0 0 0
965| 0 0 0
966| 0 0 0
967| 0 0 0
968| 0 0 0
969| 0 0 0
970| 0 0 0
971| 0 0 0
972| 0 0 0
973| 0 0 0
974| 0 0 0
975| 0 0 0
976| 0 0 0
977| 0 0 0
978| 0 0 0
979| 0 0 0
980| 0 0 0
981| 0 0 0
982| 0 0 0
983| 0 0 0
984| 0 0 0
985| 0 0 0
986| 0 0 0
987| 0 0 0
988| 0 0 0
989| 0 0 0
990| 0 0 0
991| 0 0 0
992| 0 0 0
993| 0 0 0
994| 0 0 0
995| 0 0 0
996| 0 0 0
997| 0 0 0
998| 0 0 0
999| 0 0 0
1000| 0 0 0
1001| 0 0 0
1002| 0 0 0
1003| 0 0 0
1004| 0 0 0
1005| 0 0 0
1006| 0 0 0
1007| 0 0 0
1008| 0 0 0
1009| 0 0 0
1010| 0 0 0
1011| 0 0 0
1012| 0 0 0
1013| 0 0 0
1014| 0 0 0
1015| 0 0 0
1016| 0 0 0
1017| 0 0 0
1018| 0 0 0
1019| 0 0 0
1020| 0 0 0
1021| 0 0 0
1022| 0 0 0
1023| 0 0 0
1024| 0 0 0
1025| 0 0 0
1026| 0 0 0
1027| 0 0 0
1028| 0 0 0
1029| 0 0 0
1030| 0 0 0
1031| 0 0 0
1032| 0 0 0
1033| 0 0 0
1034| 0 0 0
1035| 0 0 0
1036| 0 0 0
1037| 0 0 0
1038| 0 0 0
1039| 0 0 0
1040| 0 0 0
1041| 0 0 0
1042| 0 0 0
1043| 0 0 0
1044| 0 0 0
1045| 0 0 0
1046| 0 0 0
1047| 0 0 0
1048| 0 0 0
1049| 0 0 0
1050| 0 0 0
1051| 0 0 0
1052| 0 0 0
1053| 0 0 0
1054| 0 0 0
1055| 0 0 0
1056| 0 0 0
1057| 0 0 0
1058| 0 0 0

