1| 0 0 0
2| 0 0 0
3| 0 0 0
4| 0 0 0
5| 0 0 0
6| 0 0 0
7| 0 0 0
8| 0 0 0
9| 0 0 0
10| 0 0 0
11| 0 0 0
12| 0 0 0
13| 0 0 0
14| 0 0 0
15| 0 0 0
16| 0 0 0
17| 0 0 0
18| 0 0 0
19| 0 0 0
20| 0 0 0
21| 0 0 0
22| 0 0 0
23| 0 0 0
24| 0 0 0
25| 0 0 0
26| 0 0 0
27| 0 0 0
28| 0 0 0
29| 0 0 0
30| 0 0 0
31| 0 0 0
32| 0 0 0
33| 0 0 0
34| 0 0 0
35| 0 0 0
36| 0 0 0
37| 0 0 0
38| 0 0 0
39| 0 0 0
40| 0 0 0
41| 0 0 0
42| 0 0 0
43| 0 0 0
44| 0 0 0
45| 0 0 0
46| 0 0 0
47| 0 0 0
48| 0 0 0
49| 0 0 0
50| 0 0 0
51| 0 0 0
52| 0 0 0
53| 0 0 0
54| 0 0 0
55| 0 0 0
56| 0 0 0
57| 0 0 0
58| 0 0 0
59| 0 0 0
60| 0 0 0
61| 0 0 0
62| 0 0 0
63| 0 0 0
64| 0 0 0
65| 0 0 0
66| 0 0 0
67| 0 0 0
68| 0 0 0
69| 0 0 0
70| 0 0 0
71| 0 0 0
72| 0 0 0
73| 0 0 0
74| 0 0 0
75| 0 0 0
76| 0 0 0
77| 0 0 0
78| 0 0 0
79| 0 0 0
80| 0 0 0
81| 0 0 0
82| 0 0 0
83| 0 0 0
84| 0 0 0
85| 0 0 0
86| 0 0 0
87| 0 0 0
88| 0 0 0
89| 0 0 0
90| 0 0 0
91| 0 0 0
92| 0 0 0
93| 0 0 0
94| 0 0 0
95| 0 0 0
96| 0 0 0
97| 0 0 0
98| 0 0 0
99| 0 0 0
100| 0 0 0
101| 0 0 0
102| 0 0 0
103| 0 4 0
104| 0 8 0
105| 0 12 0
106| 0 16 0
107| 0 20 0
108| -0,3 24 0
109| -0,6 28 0
110| -0,9 32 0
111| -1,2 36 0
112| -1,5 40 0
113| -1,8 43,99999 0
114| -2,1 47,99999 0
115| -2,4 51,99999 0
116| -2,7 55,99999 0
117| -3 60 0
118| -3,299999 64 0
119| -3,599999 68 0
120| -3,899999 72 0
121| -4,2 76,00001 0
122| -4,5 80,00001 0
123| -4,8 84,00001 0
124| -5,1 88,00002 0
125| -5,4 92,00002 0
126| -5,7 96,00002 0
127| -6 100 0
128| -6,300001 104 0
129| -6,600001 108 0
130| -6,900001 112 0
131| -7,200001 116 0
132| -7,500001 120 0
133| -7,800001 124 0
134| -8,1 128 0
135| -8,4 132 0
136| -8,7 136 0
137| -8,999999 140 0
138| -9,299999 144 0
139| -9,599998 148 0
140| -9,599998 152 0
141| -9,599998 156 0
142| -9,599998 160 0
143| -9,599998 164 0
144| -9,599998 168 0
145| -9,599998 171,9999 0
146| -9,599998 175,9999 0
147| -9,599998 179,9999 0
148| -9,599998 183,9999 0
149| -9,599998 187,9999 0
150| -9,599998 191,9999 0
151| -9,599998 195,9999 0
152| -9,599998 199,9999 0
153| -9,599998 203,9999 0
154| -9,599998 207,9999 0
155| -9,599998 211,9999 0
156| -9,599998 215,9999 0
157| -9,599998 219,9999 0
158| -9,599998 223,9999 0
159| -9,599998 227,9999 0
160| -9,599998 231,9999 0
161| -9,599998 235,9999 0
162| -9,599998 239,9999 0
163| -9,599998 243,9999 0
164| -9,599998 247,9999 0
165| -9,599998 251,9999 0
166| -9,599998 255,9999 0
167| 0 259,9999 0
168| 0,3 263,9999 0
169| 0,3 267,9999 0
170| 0,3 271,9998 0
171| 0,3 275,9998 0
172| 0,3 279,9998 0
173| 0,3 283,9998 0
174| 0,3 287,9998 0
175| 0,3 291,9998 0
176| 0,3 295,9998 0
177| 0,3 299,9998 0
178| 0,3 303,9998 0
179| 0,3 307,9998 0
180| 0,3 311,9998 0
181| 0,3 315,9998 0
182| 0,3 319,9998 0
183| 0,3 323,9998 0
184| 0,3 327,9998 0
185| 0,3 331,9998 0
186| 0,3 335,9998 0
187| 0,3 339,9998 0
188| 0,3 343,9998 0
189| 0,3 347,9998 0
190| 0,3 351,9998 0
191| 0,3 355,9998 0
192| 0,3 359,9998 0
193| 0,3 363,9998 0
194| 0,3 367,9998 0
195| 0,3 371,9998 0
196| 0,3 375,9998 0
197| 0,3 379,9998 0
198| 0,3 383,9998 0
199| 0,3 387,9998 0
200| 0,3 391,9998 0
201| 0,3 395,9998 0
202| 0,3 399,9997 0
203| 0 400 0
204| -0,3 400 0
205| -0,6 400 0
206| -0,9 400 0
207| -0,9 400 0
208| -0,9 400 0
209| -0,9 400 0
210| -0,9 400 0
211| -0,9 400 0
212| -0,9 400 0
213| -0,9 400 0
214| -0,9 400 0
215| -0,9 400 0
216| -0,9 400 0
217| -0,9 400 0
218| -0,9 400 0
219| -0,9 400 0
220| -0,9 400 0
221| -0,9 400 0
222| -0,9 400 0
223| -0,9 400 0
224| -0,9 400 0
225| -0,9 400 0
226| -0,9 400 0
227| -0,9 400 0
228| -0,9 400 0
229| -0,9 400 0
230| -0,9 400 0
231| -0,9 400 0
232| -0,9 400 0
233| -0,9 400 0
234| -0,9 400 0
235| -0,9 400 0
236| -0,9 400 0
237| -0,9 400 0
238| -0,9 400 0
239| -0,9 400 0
240| -0,9 400 0
241| -0,9 400 0
242| -0,9 400 0
243| -0,9 400 0
244| -0,9 400 0
245| -0,9 400 0
246| -0,9 400 0
247| -0,9 400 0
248| -0,9 400 0
249| -0,9 400 0
250| -0,9 400 0
251| -0,9 400 0
252| -0,9 400 0
253| -0,9 400 0
254| -0,9 400 0
255| -0,9 400 0
256| -0,9 400 0
257| -0,9 400 0
258| -0,9 400 0
259| -0,9 400 0
260| -0,9 400 0
261| -0,9 400 0
262| -0,9 400 0
263| -0,9 400 0
264| -0,9 400 0
265| -0,9 400 0
266| -0,9 400 0
267| -0,9 400 0
268| -0,9 400 0
269| -0,9 400 0
270| -0,9 400 0
271| -0,9 400 0
272| -0,9 400 0
273| -0,9 400 0
274| -1,2 400 0
275| -1,5 400 0
276| -1,8 400 0
277| -1,8 400 0
278| -1,8 400 0
279| -1,8 400 0
280| -1,8 400 0
281| -1,8 400 0
282| -1,8 400 0
283| -1,8 400 0
284| -1,8 400 0
285| -1,8 400 0
286| -1,8 400 0
287| -1,8 400 0
288| -1,8 400 0
289| -1,8 400 0
290| -1,8 400 0
291| -1,8 400 0
292| -1,8 400 0
293| -1,8 400 0
294| -1,8 400 0
295| -1,8 400 0
296| -1,8 400 0
297| -1,8 400 0
298| -1,8 400 0
299| -1,8 400 0
300| -1,8 400 0
301| -1,8 400 0
302| -1,8 400 0
303| -1,8 400 0
304| -1,8 400 0
305| -1,8 400 0
306| -1,8 400 0
307| -1,8 400 0
308| -1,8 400 0
309| -1,8 400 0
310| -1,8 400 0
311| -1,8 400 0
312| -1,8 400 0
313| -1,8 400 0
314| -1,8 400 0
315| -1,8 400 0
316| -1,8 400 0
317| -1,8 400 0
318| -1,8 400 0
319| -1,8 400 0
320| -1,8 400 0
321| -1,8 400 0
322| -1,8 400 0
323| -1,8 400 0
324| -1,8 400 0
325| -1,8 400 0
326| -1,8 400 0
327| -1,8 400 0
328| -1,8 400 0
329| -1,8 400 0
330| -1,8 400 0
331| -1,8 400 0
332| -1,8 400 0
333| -1,8 400 0
334| -1,8 400 0
335| -1,8 400 0
336| -1,8 400 0
337| -1,8 400 0
338| -1,8 400 0
339| -1,8 400 0
340| -1,8 400 0
341| -1,8 400 0
342| -1,8 400 0
343| -1,8 400 0
344| -1,8 400 0
345| -1,8 400 0
346| -1,8 400 0
347| -1,8 400 0
348| -1,8 400 0
349| -1,8 400 0
350| -1,8 400 0
351| -1,8 400 0
352| -1,8 400 0
353| -1,8 400 0
354| -1,8 400 0
355| -1,8 400 0
356| -1,8 400 0
357| -1,8 400 0
358| -1,8 400 0
359| -1,8 400 0
360| -1,8 400 0
361| -1,8 400 0
362| 0 400 0
363| 0,3 400 0
364| 0,3 400 0
365| 0,3 400 0
366| 0,3 400 0
367| 0,3 400 0
368| 0,3 400 0
369| 0,3 400 0
370| 0,3 400 0
371| 0,3 400 0
372| 0,3 400 0
373| 0,3 400 0
374| 0,3 400 0
375| 0,3 400 0
376| 0,3 400 0
377| 0,3 400 0
378| 0,3 400 0
379| 0,3 400 0
380| 0,3 400 0
381| 0,3 400 0
382| 0,3 400 0
383| 0,3 400 0
384| 0,3 400 0
385| 0,3 400 0
386| 0,3 400 0
387| 0,3 400 0
388| 0,3 400 0
389| 0,3 400 0
390| 0,3 400 0
391| 0,3 400 0
392| 0,3 400 0
393| 0,3 400 0
394| 0,3 400 0
395| 0,3 400 0
396| 0,3 400 0
397| 0,3 400 0
398| 0,3 400 0
399| 0,3 400 0
400| 0,3 400 0
401| 0,3 400 0
402| 0,3 400 0
403| 0,3 400 0
404| 0,3 400 0
405| 0,3 400 0
406| 0,3 400 0
407| 0,3 400 0
408| 0,3 400 0
409| 0,3 400 0
410| 0,3 400 0
411| 0,3 400 0
412| 0,3 400 0
413| 0,3 400 0
414| 0,3 400 0
415| 0,3 400 0
416| 0,3 400 0
417| 0,3 400 0
418| 0,3 400 0
419| 0,3 400 0
420| 0,3 400 0
421| 0,3 400 0
422| 0,3 400 0
423| 0,3 400 0
424| 0,3 400 0
425| 0,3 400 0
426| 0,3 400 0
427| 0,3 400 0
428| 0,3 400 0
429| 0,3 400 0
430| 0,3 400 0
431| 0,3 400 0
432| 0,3 400 0
433| 0,3 400 0
434| 0,3 400 0
435| 0,3 400 0
436| 0,3 400 0
437| 0,3 400 0
438| 0,3 400 0
439| 0,3 400 0
440| 0,3 400 0
441| 0,3 400 0
442| 0,3 400 0
443| 0,3 400 0
444| 0,3 400 0
445| 0,3 400 0
446| 0,3 400 0
447| 0,3 400 0
448| 0,3 400 0
449| 0,3 400 0
450| 0,3 400 0
451| 0,3 400 0
452| 0,3 400 0
453| 0,3 400 0
454| 0,3 400 0
455| 0,3 400 0
456| 0 400 0
457| -0,3 400 0
458| -0,6 400 0
459| -0,6 400 0
460| -0,6 400 0
461| -0,6 400 0
462| -0,6 400 0
463| -0,6 400 0
464| -0,6 400 0
465| -0,6 400 0
466| -0,6 400 0
467| -0,9 400 0
468| -1,2 400 0
469| -1,5 400 0
470| -1,8 400 0
471| -1,8 400 0
472| -1,8 400 0
473| -1,8 400 0
474| -1,8 400 0
475| -1,8 400 0
476| -1,8 400 0
477| -1,8 400 0
478| -2,1 400 0
479| -2,4 400 0
480| -2,7 400 0
481| -3 400 0
482| -3,299999 400 0
483| -3,299999 400 0
484| -3,299999 400 0
485| -3,299999 400 0
486| -3,299999 400 0
487| -3,599999 400 0
488| -3,899999 400 0
489| -4,2 400 0
490| -4,5 400 0
491| -4,8 400 0
492| -5,1 400 0
493| -5,4 400 0
494| -5,7 400 0
495| -6 400 0
496| -6 400 0
497| -6 400 0
498| -6 400 0
499| -6 400 0
500| -6,300001 400 0
501| -6,600001 400 0
502| -6,900001 400 0
503| -7,200001 400 0
504| -7,500001 400 0
505| -7,800001 400 0
506| -8,1 400 0
507| -8,4 400 0
508| -8,7 400 0
509| -8,999999 400 0
510| -9,299999 400 0
511| -9,599998 400 0
512| -9,899999 400 0
513| -10,2 400 0
514| -10,2 400 0
515| -10,2 400 0
516| -10,2 400 0
517| -10,2 400 0
518| -10,2 400 0
519| -10,2 400 0
520| -10,2 400 0
521| -10,2 400 0
522| -10,2 400 0
523| -10,2 400 0
524| -10,2 400 0
525| -10,2 400 0
526| -10,2 400 0
527| -10,2 400 0
528| -10,2 400 0
529| 0 400 0
530| 0,3 400 0
531| 0,6 400 0
532| 0,6 400 0
533| 0,6 400 0
534| 0,6 400 0
535| 0,6 400 0
536| 0,6 400 0
537| 0,6 400 0
538| 0,6 400 0
539| 0,6 400 0
540| 0,6 400 0
541| 0,6 400 0
542| 0,6 400 0
543| 0,6 400 0
544| 0,6 400 0
545| 0,6 400 0
546| 0,6 400 0
547| 0,6 400 0
548| 0,6 400 0
549| 0,6 400 0
550| 0,6 400 0
551| 0,6 400 0
552| 0,6 400 0
553| 0,6 400 0
554| 0,6 400 0
555| 0,6 400 0
556| 0,6 400 0
557| 0,6 400 0
558| 0,6 400 0
559| 0,6 400 0
560| 0,6 400 0
561| 0,6 400 0
562| 0,6 400 0
563| 0,6 400 0
564| 0,6 400 0
565| 0,6 400 0
566| 0,6 400 0
567| 0,6 400 0
568| 0,6 400 0
569| 0,6 400 0
570| 0,6 400 0
571| 0,6 400 0
572| 0,6 400 0
573| 0,6 400 0
574| 0,6 400 0
575| 0,6 400 0
576| 0,6 400 0
577| 0,6 400 0
578| 0,6 400 0
579| 0,6 400 0
580| 0,6 400 0
581| 0,6 400 0
582| 0,6 400 0
583| 0,6 400 0
584| 0,6 400 0
585| 0,6 400 0
586| 0,6 400 0
587| 0,6 400 0
588| 0,6 400 0
589| 0,6 400 0
590| 0,6 400 0
591| 0,6 400 0
592| 0,6 400 0
593| 0,6 400 0
594| 0,6 400 0
595| 0,6 400 0
596| 0,6 400 0
597| 0,6 400 0
598| 0,6 400 0
599| 0,6 400 0
600| 0,6 400 0
601| 0,6 400 0
602| 0,6 400 0
603| 0,6 400 0
604| 0,6 400 0
605| 0,6 400 0
606| 0,6 400 0
607| 0,6 400 0
608| 0,6 400 0
609| 0,6 400 0
610| 0,6 400 0
611| 0,6 400 0
612| 0,6 400 0
613| 0,6 400 0
614| 0,6 400 0
615| 0,6 400 0
616| 0,6 400 0
617| 0,6 400 0
618| 0,6 400 0
619| 0,6 400 0
620| 0,6 400 0
621| 0,6 400 0
622| 0,6 400 0
623| 0,6 400 0
624| 0,6 400 0
625| 0,6 400 0
626| 0,6 400 0
627| 0,6 400 0
628| 0,6 400 0
629| 0,6 400 0
630| 0,6 400 0
631| 0,6 400 0
632| 0,6 400 0
633| 0,6 400 0
634| 0,6 400 0
635| 0,6 400 0
636| 0,6 400 0

