1| 0 0 0
2| 0 0 0
3| 0 0 0
4| 0 0 0
5| 0 0 0
6| 0 0 0
7| 0 0 0
8| 0 0 0
9| 0 0 0
10| 0 0 0
11| 0 0 0
12| 0 0 0
13| 0 0 0
14| 0 0 0
15| 0 0 0
16| 0 0 0
17| 0 0 0
18| 0 0 0
19| 0 0 0
20| 0 0 0
21| 0 0 0
22| 0 0 0
23| 0 0 0
24| 0 0 0
25| 0 0 0
26| 0 0 0
27| 0 0 0
28| 0 0 0
29| 0 0 0
30| 0 0 0
31| 0 0 0
32| 0 0 0
33| 0 0 0
34| 0 0 0
35| 0 0 0
36| 0 0 0
37| 0 0 0
38| 0 0 0
39| 0 0 0
40| 0 0 0
41| 0 0 0
42| 0 0 0
43| 0 0 0
44| 0 0 0
45| 0 0 0
46| 0 0 0
47| 0 0 0
48| 0 0 0
49| 0 0 0
50| 0 0 0
51| 0 0 0
52| 0 0 0
53| 0 0 0
54| 0 0 0
55| 0 0 0
56| 0 0 0
57| 0 0 0
58| 0 0 0
59| 0 0 0
60| 0 0 0
61| 0 0 0
62| 0 0 0
63| 0 0 0
64| 0 0 0
65| 0 0 0
66| 0 0 0
67| 0 0 0
68| 0 0 0
69| 0 0 0
70| 0 0 0
71| 0 0 0
72| 0 0 0
73| 0 4 0
74| 0 8 0
75| 0 12 0
76| 0 16 0
77| 0 20 0
78| 0 24 0
79| 0 28 0
80| 0 32 0
81| 0 36 0
82| 0 40 0
83| 0 43,99999 0
84| 0 47,99999 0
85| 0 51,99999 0
86| 0 55,99999 0
87| 0 60 0
88| 0 64 0
89| 0 68 0
90| 0 72 0
91| 0 76,00001 0
92| 0 80,00001 0
93| 0 84,00001 0
94| 0 88,00002 0
95| 0 92,00002 0
96| 0 96,00002 0
97| 0 100 0
98| 0 104 0
99| 0 108 0
100| 0 112 0
101| 0 116 0
102| 0 120 0
103| 0 124 0
104| 0 128 0
105| 0 132 0
106| 0 136 0
107| 0 140 0
108| 0 144 0
109| 0 148 0
110| 0 152 0
111| 0 156 0
112| 0 160 0
113| 0 164 0
114| 0 168 0
115| 0 171,9999 0
116| 0 175,9999 0
117| 0 179,9999 0
118| 0 183,9999 0
119| 0 187,9999 0
120| 0 191,9999 0
121| 0 195,9999 0
122| 0 199,9999 0
123| 0 203,9999 0
124| 0 207,9999 0
125| 0 211,9999 0
126| 0 215,9999 0
127| 0 219,9999 0
128| 0 223,9999 0
129| 0 227,9999 0
130| 0 231,9999 0
131| 0 235,9999 0
132| 0 239,9999 0
133| 0 243,9999 0
134| 0 247,9999 0
135| 0 251,9999 0
136| 0 255,9999 0
137| 0 259,9999 0
138| 0 263,9999 0
139| 0 267,9999 0
140| 0 271,9998 0
141| 0 275,9998 0
142| 0 279,9998 0
143| 0 283,9998 0
144| 0 287,9998 0
145| 0 291,9998 0
146| 0 295,9998 0
147| 0 299,9998 0
148| 0 303,9998 0
149| 0 307,9998 0
150| 0 311,9998 0
151| 0 315,9998 0
152| 0 319,9998 0
153| 0 323,9998 0
154| 0 327,9998 0
155| 0 331,9998 0
156| 0 335,9998 0
157| 0 339,9998 0
158| 0 343,9998 0
159| 0 347,9998 0
160| 0 351,9998 0
161| 0 355,9998 0
162| 0 359,9998 0
163| 0 363,9998 0
164| 0 367,9998 0
165| 0 371,9998 0
166| 0 375,9998 0
167| 0 379,9998 0
168| 0 383,9998 0
169| 0 387,9998 0
170| 0 391,9998 0
171| 0 395,9998 0
172| 0 399,9997 0
173| 0 400 0
174| 0 400 0
175| 0 400 0
176| 0 400 0
177| 0 400 0
178| 0 400 0
179| 0 400 0
180| 0 400 0
181| 0 400 0
182| 0 400 0
183| 0 400 0
184| 0 400 0
185| 0 400 0
186| 0 400 0
187| 0 400 0
188| 0 400 0
189| 0 400 0
190| 0 400 0
191| 0 400 0
192| 0 400 0
193| 0 400 0
194| 0 400 0
195| 0 400 0
196| 0 400 0
197| 0 400 0
198| 0 400 0
199| 0 400 0
200| 0 400 0
201| 0 400 0
202| 0 400 0
203| 0 400 0
204| 0 400 0
205| 0 400 0
206| 0 400 0
207| 0 400 0
208| 0 400 0
209| 0 400 0
210| 0 400 0
211| 0 400 0
212| 0 400 0
213| 0 400 0
214| 0 400 0
215| 0 400 0
216| 0 400 0
217| 0 400 0
218| 0 400 0
219| 0 400 0
220| 0 400 0
221| 0 400 0
222| 0 400 0
223| 0 400 0
224| 0 400 0
225| 0 400 0
226| 0 400 0
227| 0 400 0
228| 0 400 0
229| 0 400 0
230| 0 400 0
231| 0 400 0
232| 0 400 0
233| 0 400 0
234| 0 400 0
235| 0 400 0
236| 0 400 0
237| 0 400 0
238| 0 400 0
239| 0 400 0
240| 0 400 0
241| 0 400 0
242| 0 400 0
243| 0 400 0
244| 0 400 0
245| 0 400 0
246| 0 400 0
247| 0 400 0
248| 0 400 0
249| 0 400 0
250| 0 400 0
251| 0 400 0
252| 0 400 0
253| 0 400 0
254| 0 400 0
255| 0 400 0
256| 0 400 0
257| 0 400 0
258| 0 400 0
259| 0 400 0
260| 0 400 0
261| 0 400 0
262| 0 400 0
263| 0 400 0
264| 0 400 0
265| 0 400 0
266| 0 400 0
267| 0 400 0
268| 0 400 0
269| 0 400 0
270| 0 400 0
271| 0 400 0
272| 0 400 0
273| 0 400 0
274| 0 400 0
275| 0 400 0
276| 0 400 0
277| 0 400 0
278| -0,3 400 0
279| -0,6 400 0
280| -0,9 400 0
281| -1,2 400 0
282| -1,5 400 0
283| -1,8 400 0
284| -2,1 400 0
285| -2,4 400 0
286| -2,7 400 0
287| -3 400 0
288| -3,299999 400 0
289| -3,599999 400 0
290| -3,899999 400 0
291| -4,2 400 0
292| -4,5 400 0
293| -4,8 400 0
294| -5,1 400 0
295| -5,4 400 0
296| -5,7 400 0
297| -6 400 0
298| -6,300001 400 0
299| -6,600001 400 0
300| -6,900001 400 0
301| -7,200001 400 0
302| -7,500001 400 0
303| -7,800001 400 0
304| -8,1 400 0
305| -8,4 400 0
306| -8,7 400 0
307| -8,999999 400 0
308| -9,299999 400 0
309| -9,599998 400 0
310| -9,899999 400 0
311| -10,2 400 0
312| -10,5 400 0
313| -10,8 400 0
314| -11,1 400 0
315| -11,4 400 0
316| -11,7 400 0
317| -11,7 400 0
318| -11,7 400 0
319| -11,7 400 0
320| -11,7 400 0
321| -11,7 400 0
322| -11,7 400 0
323| -11,7 400 0
324| -11,7 400 0
325| -11,7 400 0
326| -11,7 400 0
327| -11,7 400 0
328| -11,7 400 0
329| -11,7 400 0
330| -11,7 400 0
331| -11,7 400 0
332| -11,7 400 0
333| -11,7 400 0
334| -11,7 400 0
335| -11,7 400 0
336| -11,7 400 0
337| -11,7 400 0
338| -11,7 400 0
339| -11,7 400 0
340| -11,7 400 0
341| -11,7 400 0
342| -11,7 400 0
343| -11,7 400 0
344| -11,7 400 0
345| -11,7 400 0
346| -11,7 400 0
347| -11,7 400 0
348| -11,7 400 0
349| -11,7 400 0
350| -11,7 400 0
351| -11,7 400 0
352| -11,7 400 0
353| -11,7 400 0
354| -11,7 400 0
355| -11,7 400 0
356| -11,7 400 0
357| -11,7 400 0
358| -11,7 400 0
359| -11,7 400 0
360| -11,7 400 0
361| -11,7 400 0
362| -11,7 400 0
363| -11,7 400 0
364| -11,7 400 0
365| 0 400 0
366| 0,3 400 0
367| 0,6 400 0
368| 0,9 400 0
369| 1,2 400 0
370| 1,5 400 0
371| 1,8 400 0
372| 2,1 400 0
373| 2,4 400 0
374| 2,7 400 0
375| 3 400 0
376| 3,299999 400 0
377| 3,599999 400 0
378| 3,899999 400 0
379| 4,2 400 0
380| 4,5 400 0
381| 4,8 400 0
382| 5,1 400 0
383| 5,4 400 0
384| 5,7 400 0
385| 6 400 0
386| 6 400 0
387| 6 400 0
388| 6 400 0
389| 6 400 0
390| 6 400 0
391| 6 400 0
392| 6 400 0
393| 6 400 0
394| 6 400 0
395| 6 400 0
396| 6 400 0
397| 6 400 0
398| 6 400 0
399| 6 400 0
400| 6 400 0
401| 6 400 0
402| 6 400 0
403| 6 400 0
404| 6 400 0
405| 6 400 0
406| 6 400 0
407| 6 400 0
408| 6 400 0
409| 6 400 0
410| 6 400 0
411| 6 400 0
412| 6 400 0
413| 6 400 0
414| 6 400 0
415| 6 400 0
416| 0 400 0
417| -0,3 400 0
418| -0,6 400 0
419| -0,9 400 0
420| -1,2 400 0
421| -1,5 400 0
422| -1,8 400 0
423| -2,1 400 0
424| -2,4 400 0
425| -2,4 400 0
426| -2,4 400 0
427| -2,4 400 0
428| -2,4 400 0
429| -2,4 400 0
430| -2,4 400 0
431| -2,4 400 0
432| -2,4 400 0
433| -2,4 400 0
434| -2,4 400 0
435| -2,4 400 0
436| -2,4 400 0
437| -2,4 400 0
438| -2,4 400 0
439| -2,4 400 0
440| -2,4 400 0
441| -2,4 400 0
442| -2,4 400 0
443| -2,4 400 0
444| -2,4 400 0
445| -2,4 400 0
446| -2,4 400 0
447| -2,4 400 0
448| -2,4 400 0
449| -2,4 400 0
450| -2,4 400 0
451| -2,4 400 0
452| 0 400 0
453| 0,3 400 0
454| 0,6 400 0
455| 0,9 400 0
456| 1,2 400 0
457| 1,5 400 0
458| 1,8 400 0
459| 2,1 400 0
460| 2,4 400 0
461| 2,7 400 0
462| 3 400 0
463| 3,299999 400 0
464| 3,299999 400 0
465| 3,299999 400 0
466| 3,299999 400 0
467| 3,299999 400 0
468| 3,299999 400 0
469| 3,299999 400 0
470| 3,299999 400 0
471| 3,299999 400 0
472| 3,299999 400 0
473| 3,299999 400 0
474| 3,299999 400 0
475| 3,299999 400 0
476| 3,299999 400 0
477| 3,299999 400 0
478| 3,299999 400 0
479| 3,299999 400 0
480| 3,299999 400 0
481| 3,299999 400 0
482| 3,299999 400 0
483| 3,299999 400 0
484| 3,299999 400 0
485| 3,299999 400 0
486| 3,299999 400 0
487| 3,299999 400 0
488| 3,299999 400 0
489| 3,299999 400 0
490| 3,299999 400 0
491| 3,299999 400 0
492| 3,299999 400 0
493| 3,299999 400 0
494| 3,299999 400 0
495| 3,299999 400 0
496| 3,299999 400 0
497| 3,299999 400 0
498| 3,299999 400 0
499| 3,299999 400 0
500| 3,299999 400 0
501| 3,299999 400 0
502| 3,299999 400 0
503| 3,299999 400 0
504| 3,299999 400 0
505| 3,299999 400 0
506| 3,299999 400 0
507| 3,299999 400 0
508| 3,299999 400 0
509| 3,299999 400 0
510| 3,299999 400 0
511| 3,299999 400 0
512| 3,299999 400 0
513| 3,299999 400 0
514| 3,299999 400 0
515| 3,299999 400 0
516| 3,299999 400 0
517| 3,299999 400 0
518| 3,299999 400 0
519| 3,299999 400 0
520| 3,299999 400 0
521| 3,299999 400 0
522| 3,299999 400 0
523| 3,299999 400 0
524| 3,299999 400 0
525| 3,299999 400 0
526| 3,299999 400 0
527| 3,299999 400 0
528| 3,299999 400 0
529| 3,299999 400 0
530| 3,299999 400 0
531| 3,299999 400 0
532| 3,299999 400 0
533| 3,299999 400 0
534| 3,299999 400 0
535| 3,299999 400 0
536| 3,299999 400 0
537| 3,299999 400 0
538| 3,299999 400 0
539| 3,299999 400 0
540| 3,299999 400 0
541| 3,299999 400 0
542| 3,299999 400 0
543| 3,299999 400 0
544| 3,299999 400 0
545| 3,299999 400 0
546| 3,299999 400 0
547| 3,299999 400 0
548| 3,299999 400 0
549| 3,299999 400 0
550| 3,299999 400 0
551| 3,299999 400 0
552| 3,299999 400 0
553| 3,299999 400 0
554| 3,299999 400 0
555| 3,299999 400 0
556| 3,299999 400 0
557| 3,299999 400 0
558| 3,299999 400 0
559| 3,299999 400 0
560| 3,299999 400 0
561| 3,299999 400 0
562| 3,299999 400 0
563| 3,299999 400 0
564| 3,299999 400 0
565| 3,299999 400 0
566| 3,299999 400 0
567| 3,299999 400 0
568| 3,299999 400 0
569| 3,299999 400 0
570| 3,299999 400 0
571| 3,299999 400 0
572| 3,299999 400 0
573| 3,299999 400 0
574| 3,299999 400 0
575| 3,299999 400 0
576| 3,299999 400 0
577| 3,299999 400 0
578| 3,299999 400 0
579| 3,299999 400 0
580| 3,299999 400 0
581| 3,299999 400 0
582| 3,299999 400 0
583| 3,299999 400 0
584| 3,299999 400 0
585| 3,299999 400 0
586| 3,299999 400 0
587| 3,299999 400 0
588| 3,299999 400 0
589| 3,299999 400 0
590| 3,299999 400 0
591| 3,299999 400 0
592| 3,299999 400 0
593| 3,299999 400 0
594| 3,299999 400 0
595| 3,299999 400 0
596| 3,299999 400 0
597| 3,299999 400 0
598| 3,299999 400 0
599| 3,299999 400 0
600| 3,299999 400 0
601| 3,299999 400 0
602| 3,299999 400 0
603| 3,299999 400 0
604| 3,299999 400 0
605| 3,299999 400 0
606| 3,299999 400 0
607| 3,299999 400 0
608| 3,299999 400 0
609| 3,299999 400 0
610| 3,299999 400 0
611| 3,299999 400 0
612| 3,299999 400 0
613| 3,299999 400 0
614| 3,299999 400 0
615| 3,299999 400 0
616| 3,299999 400 0
617| 3,299999 400 0
618| 3,299999 400 0
619| 0 400 0
620| -0,3 400 0
621| -0,6 400 0
622| -0,6 400 0
623| -0,6 400 0
624| -0,6 400 0
625| -0,6 400 0
626| -0,6 400 0
627| -0,6 400 0
628| -0,6 400 0
629| -0,6 400 0
630| -0,6 400 0
631| -0,6 400 0
632| -0,6 400 0
633| -0,6 400 0
634| -0,6 400 0
635| -0,6 400 0
636| -0,6 400 0
637| -0,6 400 0
638| -0,6 400 0
639| -0,6 400 0
640| -0,6 400 0
641| -0,6 400 0
642| -0,6 400 0
643| -0,6 400 0
644| -0,6 400 0
645| -0,6 400 0
646| -0,6 400 0
647| -0,6 400 0
648| -0,6 400 0
649| -0,6 400 0
650| -0,6 400 0
651| -0,6 400 0
652| -0,6 400 0
653| -0,6 400 0
654| -0,6 400 0
655| -0,6 400 0
656| -0,6 400 0
657| -0,6 400 0
658| -0,6 400 0
659| -0,6 400 0
660| -0,6 400 0
661| -0,6 400 0
662| -0,6 400 0
663| -0,6 400 0
664| -0,6 400 0
665| -0,6 400 0
666| -0,6 400 0
667| -0,6 400 0
668| -0,6 400 0
669| -0,6 400 0
670| -0,6 400 0
671| -0,6 400 0
672| -0,6 400 0
673| -0,6 400 0
674| -0,6 400 0
675| -0,6 400 0
676| -0,6 400 0
677| -0,6 400 0
678| -0,6 400 0
679| -0,6 400 0
680| -0,6 400 0
681| -0,6 400 0
682| -0,6 400 0
683| -0,6 400 0
684| -0,6 400 0
685| -0,6 400 0
686| -0,6 400 0
687| -0,6 400 0
688| -0,6 400 0
689| -0,6 400 0
690| -0,6 400 0
691| -0,6 400 0
692| -0,6 400 0
693| -0,6 400 0
694| -0,6 400 0
695| -0,6 400 0
696| -0,6 400 0
697| -0,6 400 0
698| -0,6 400 0
699| -0,6 400 0
700| -0,6 400 0
701| -0,6 400 0
702| -0,6 400 0
703| -0,6 400 0
704| -0,6 400 0
705| -0,6 400 0
706| -0,6 400 0
707| -0,6 400 0
708| -0,6 400 0
709| -0,6 400 0
710| -0,6 400 0
711| -0,6 400 0
712| -0,6 400 0
713| -0,6 400 0
714| -0,6 400 0
715| -0,6 400 0
716| -0,6 400 0
717| -0,6 400 0
718| -0,6 400 0
719| -0,6 400 0
720| -0,6 400 0
721| -0,6 400 0
722| -0,6 400 0
723| -0,6 400 0
724| -0,6 400 0
725| -0,6 400 0
726| -0,6 400 0
727| -0,6 400 0
728| -0,6 400 0
729| -0,6 400 0
730| -0,6 400 0
731| -0,6 400 0
732| -0,6 400 0
733| -0,6 400 0
734| -0,6 400 0
735| -0,6 400 0
736| -0,6 400 0
737| -0,6 400 0
738| -0,6 400 0
739| -0,6 400 0
740| -0,6 400 0
741| -0,6 400 0
742| -0,6 400 0
743| -0,6 400 0
744| -0,6 400 0
745| -0,6 400 0
746| -0,6 400 0
747| -0,6 400 0
748| -0,6 400 0
749| -0,6 400 0
750| -0,6 400 0
751| -0,6 400 0
752| -0,6 400 0
753| -0,6 400 0
754| -0,6 400 0
755| -0,6 400 0
756| -0,6 400 0
757| -0,6 400 0
758| -0,6 400 0
759| -0,6 400 0
760| -0,6 400 0
761| -0,6 400 0
762| -0,6 400 0
763| -0,6 400 0
764| -0,6 400 0
765| -0,6 400 0
766| -0,6 400 0
767| -0,6 400 0
768| -0,6 400 0
769| -0,6 400 0
770| -0,6 400 0
771| -0,6 400 0
772| -0,6 400 0
773| -0,6 400 0
774| -0,6 400 0
775| -0,6 400 0
776| -0,6 400 0
777| -0,6 400 0
778| -0,6 400 0
779| -0,6 400 0
780| -0,6 400 0
781| -0,6 400 0
782| -0,6 400 0
783| -0,6 400 0
784| -0,6 400 0
785| -0,6 400 0
786| -0,6 400 0
787| -0,6 400 0
788| -0,6 400 0
789| -0,6 400 0
790| -0,6 400 0
791| -0,6 400 0
792| -0,6 400 0
793| -0,6 400 0
794| -0,6 400 0
795| -0,6 400 0
796| -0,6 400 0
797| -0,6 400 0
798| -0,6 400 0
799| -0,6 400 0
800| -0,6 400 0
801| -0,6 400 0
802| -0,6 400 0
803| -0,6 400 0
804| -0,6 400 0
805| -0,6 400 0
806| -0,6 400 0
807| -0,6 400 0
808| -0,6 400 0
809| -0,6 400 0
810| -0,6 400 0
811| -0,6 400 0
812| -0,6 400 0
813| -0,6 400 0
814| -0,6 400 0
815| -0,6 400 0
816| -0,6 400 0
817| -0,6 400 0
818| -0,6 400 0
819| -0,6 400 0
820| -0,6 400 0
821| -0,6 400 0
822| -0,6 400 0
823| -0,6 400 0
824| -0,6 400 0
825| -0,6 400 0
826| -0,6 400 0
827| -0,6 400 0
828| -0,6 400 0
829| -0,6 400 0
830| -0,6 400 0
831| -0,6 400 0
832| -0,6 400 0
833| -0,6 400 0
834| -0,6 400 0
835| -0,6 400 0
836| -0,6 400 0
837| -0,6 400 0
838| -0,6 400 0
839| -0,6 400 0
840| -0,6 400 0
841| -0,6 400 0
842| -0,6 400 0
843| -0,6 400 0
844| -0,6 400 0
845| -0,6 400 0
846| -0,6 400 0
847| -0,6 400 0
848| -0,6 400 0
849| 0 400 0
850| 0,3 400 0
851| 0,6 400 0
852| 0,6 400 0
853| 0,6 400 0
854| 0,6 400 0
855| 0,6 400 0
856| 0,6 400 0
857| 0,6 400 0
858| 0,6 400 0
859| 0,6 400 0
860| 0,6 400 0
861| 0,6 400 0
862| 0,6 400 0
863| 0,6 400 0
864| 0,6 400 0
865| 0,6 400 0
866| 0,6 400 0
867| 0,6 400 0
868| 0,6 400 0
869| 0,6 400 0
870| 0,6 400 0
871| 0,6 400 0
872| 0,6 400 0
873| 0,6 400 0
874| 0,6 400 0
875| 0,6 400 0
876| 0,6 400 0
877| 0,6 400 0
878| 0,6 400 0
879| 0,6 400 0
880| 0,6 400 0
881| 0,6 400 0
882| 0,6 400 0
883| 0,6 400 0
884| 0,6 400 0
885| 0,6 400 0
886| 0,6 400 0
887| 0,6 400 0
888| 0,6 400 0
889| 0,6 400 0
890| 0,6 400 0
891| 0,6 400 0
892| 0,6 400 0
893| 0,6 400 0
894| 0,6 400 0
895| 0,6 400 0
896| 0,6 400 0
897| 0,6 400 0
898| 0,6 400 0
899| 0,6 400 0
900| 0,6 400 0
901| 0,6 400 0
902| 0,6 400 0
903| 0,6 400 0
904| 0,6 400 0
905| 0,6 400 0
906| 0,6 400 0
907| 0,6 400 0
908| 0,6 400 0
909| 0,6 400 0
910| 0,6 400 0
911| 0,6 400 0
912| 0,6 400 0
913| 0,6 400 0
914| 0,6 400 0
915| 0,6 400 0
916| 0,6 400 0
917| 0,6 400 0
918| 0,6 400 0
919| 0,6 400 0
920| 0,6 400 0
921| 0,6 400 0
922| 0,6 400 0
923| 0,6 400 0
924| 0,6 400 0
925| 0,6 400 0
926| 0,6 400 0
927| 0,6 400 0
928| 0,6 400 0
929| 0,6 400 0
930| 0,6 400 0
931| 0,6 400 0
932| 0,6 400 0
933| 0,6 400 0
934| 0,6 400 0
935| 0,6 400 0
936| 0,6 400 0
937| 0,6 400 0
938| 0,6 400 0
939| 0,6 400 0
940| 0,6 400 0
941| 0,6 400 0
942| 0,6 400 0
943| 0,6 400 0
944| 0,6 400 0
945| 0,6 400 0
946| 0,6 400 0
947| 0,6 400 0
948| 0,6 400 0
949| 0,6 400 0
950| 0,6 400 0
951| 0,6 400 0
952| 0,6 400 0
953| 0,6 400 0
954| 0,6 400 0
955| 0,6 400 0
956| 0,6 400 0
957| 0,6 400 0
958| 0,6 400 0
959| 0,6 400 0
960| 0,6 400 0
961| 0,6 400 0
962| 0,6 400 0
963| 0,6 400 0
964| 0,6 400 0
965| 0,6 400 0
966| 0,6 400 0
967| 0,6 400 0
968| 0,6 400 0
969| 0,6 400 0
970| 0,6 400 0
971| 0,6 400 0
972| 0,6 400 0
973| 0,6 400 0
974| 0,6 400 0
975| 0,6 400 0
976| 0,6 400 0
977| 0,6 400 0
978| 0,6 400 0
979| 0,6 400 0
980| 0,6 400 0
981| 0,6 400 0
982| 0,6 400 0
983| 0,6 400 0
984| 0,6 400 0
985| 0,6 400 0
986| 0,6 400 0
987| 0,6 400 0
988| 0,6 400 0
989| 0,6 400 0
990| 0,6 400 0
991| 0,6 400 0
992| 0,6 400 0
993| 0,6 400 0
994| 0,6 400 0
995| 0,6 400 0
996| 0,6 400 0
997| 0,6 400 0
998| 0,6 400 0
999| 0,6 400 0
1000| 0,6 400 0
1001| 0,6 400 0
1002| 0,6 400 0
1003| 0,6 400 0
1004| 0,6 400 0
1005| 0,6 400 0
1006| 0,6 400 0
1007| 0,6 400 0
1008| 0,6 400 0
1009| 0,6 400 0
1010| 0,6 400 0
1011| 0,6 400 0
1012| 0,6 400 0
1013| 0,6 400 0
1014| 0,6 400 0
1015| 0,6 400 0
1016| 0,6 400 0
1017| 0,6 400 0
1018| 0,6 400 0
1019| 0,6 400 0
1020| 0,6 400 0
1021| 0,6 400 0
1022| 0,6 400 0
1023| 0,6 400 0
1024| 0,6 400 0
1025| 0,6 400 0
1026| 0,6 400 0
1027| 0,6 400 0
1028| 0,6 400 0
1029| 0,6 400 0
1030| 0,6 400 0
1031| 0,6 400 0
1032| 0,6 400 0
1033| 0,6 400 0
1034| 0,6 400 0
1035| 0,6 400 0
1036| 0,6 400 0
1037| 0,6 400 0
1038| 0,6 400 0
1039| 0,6 400 0
1040| 0,6 400 0
1041| 0,6 400 0
1042| 0,6 400 0
1043| 0,6 400 0
1044| 0,6 400 0
1045| 0,6 400 0
1046| 0,6 400 0
1047| 0,6 400 0
1048| 0,6 400 0
1049| 0,6 400 0
1050| 0,6 400 0
1051| 0,6 400 0
1052| 0,6 400 0
1053| 0,6 400 0
1054| 0,6 400 0
1055| 0,6 400 0
1056| 0,6 400 0
1057| 0,6 400 0
1058| 0,6 400 0
1059| 0,6 400 0
1060| 0,6 400 0
1061| 0,6 400 0
1062| 0,6 400 0
1063| 0,6 400 0
1064| 0,6 400 0
1065| 0,6 400 0
1066| 0,6 400 0
1067| 0,6 400 0
1068| 0,6 400 0
1069| 0,6 400 0
1070| 0,6 400 0
1071| 0,6 400 0
1072| 0,6 400 0
1073| 0,6 400 0
1074| 0,6 400 0
1075| 0,6 400 0
1076| 0,6 400 0
1077| 0,6 400 0
1078| 0,6 400 0
1079| 0,6 400 0
1080| 0,6 400 0
1081| 0,6 400 0
1082| 0,6 400 0
1083| 0,6 400 0
1084| 0,6 400 0
1085| 0,6 400 0
1086| 0,6 400 0
1087| 0,6 400 0
1088| 0,6 400 0
1089| 0,6 400 0
1090| 0,6 400 0
1091| 0,6 400 0
1092| 0,6 400 0
1093| 0,6 400 0
1094| 0,6 400 0
1095| 0,6 400 0
1096| 0,6 400 0
1097| 0,6 400 0
1098| 0,6 400 0
1099| 0,6 400 0
1100| 0,6 400 0
1101| 0,6 400 0
1102| 0,6 400 0
1103| 0,6 400 0
1104| 0,6 400 0
1105| 0,6 400 0
1106| 0,6 400 0
1107| 0,6 400 0
1108| 0,6 400 0
1109| 0,6 400 0
1110| 0,6 400 0
1111| 0,6 400 0
1112| 0,6 400 0
1113| 0,6 400 0
1114| 0,6 400 0
1115| 0,6 400 0
1116| 0,6 400 0
1117| 0,6 400 0
1118| 0,6 400 0
1119| 0,6 400 0
1120| 0,6 400 0
1121| 0,6 400 0
1122| 0,6 400 0
1123| 0,6 400 0
1124| 0,6 400 0
1125| 0,6 400 0
1126| 0,6 400 0
1127| 0,6 400 0
1128| 0,6 400 0
1129| 0,6 400 0
1130| 0,6 400 0
1131| 0,6 400 0
1132| 0,6 400 0
1133| 0,6 400 0
1134| 0,6 400 0
1135| 0,6 400 0
1136| 0,6 400 0
1137| 0,6 400 0
1138| 0,6 400 0
1139| 0,6 400 0
1140| 0,6 400 0
1141| 0,6 400 0
1142| 0,6 400 0
1143| 0,6 400 0
1144| 0,6 400 0
1145| 0,6 400 0
1146| 0,6 400 0
1147| 0,6 400 0
1148| 0,6 400 0
1149| 0,6 400 0
1150| 0,6 400 0
1151| 0,6 400 0
1152| 0,6 400 0
1153| 0,6 400 0
1154| 0,6 400 0
1155| 0,6 400 0
1156| 0,6 400 0
1157| 0,6 400 0
1158| 0,6 400 0
1159| 0,6 400 0
1160| 0,6 400 0
1161| 0,6 400 0
1162| 0,6 400 0
1163| 0,6 400 0
1164| 0,6 400 0
1165| 0,6 400 0
1166| 0,6 400 0
1167| 0,6 400 0
1168| 0,6 400 0
1169| 0,6 400 0
1170| 0,6 400 0
1171| 0,6 400 0
1172| 0,6 400 0
1173| 0,6 400 0
1174| 0,6 400 0
1175| 0,6 400 0
1176| 0,6 400 0
1177| 0,6 400 0
1178| 0,6 400 0
1179| 0,6 400 0
1180| 0,6 400 0
1181| 0,6 400 0
1182| 0,6 400 0
1183| 0,6 400 0
1184| 0,6 400 0
1185| 0,6 400 0
1186| 0,6 400 0
1187| 0,6 400 0
1188| 0,6 400 0
1189| 0,6 400 0
1190| 0,6 400 0
1191| 0,6 400 0
1192| 0,6 400 0
1193| 0,6 400 0
1194| 0,6 400 0
1195| 0,6 400 0
1196| 0,6 400 0
1197| 0,6 400 0
1198| 0,6 400 0
1199| 0,6 400 0
1200| 0,6 400 0
1201| 0,6 400 0
1202| 0,6 400 0
1203| 0,6 400 0
1204| 0,6 400 0
1205| 0,6 400 0
1206| 0,6 400 0
1207| 0,6 400 0
1208| 0,6 400 0
1209| 0,6 400 0
1210| 0,6 400 0
1211| 0,6 400 0
1212| 0,6 400 0
1213| 0,6 400 0
1214| 0,6 400 0
1215| 0,6 400 0
1216| 0,6 400 0
1217| 0,6 400 0
1218| 0,6 400 0
1219| 0,6 400 0
1220| 0,6 400 0
1221| 0,6 400 0
1222| 0,6 400 0
1223| 0,6 400 0
1224| 0,6 400 0
1225| 0,6 400 0
1226| 0,6 400 0
1227| 0,6 400 0
1228| 0,6 400 0
1229| 0,6 400 0
1230| 0,6 400 0
1231| 0,6 400 0
1232| 0,6 400 0
1233| 0,6 400 0
1234| 0,6 400 0
1235| 0,6 400 0
1236| 0,6 400 0
1237| 0,6 400 0
1238| 0,6 400 0
1239| 0,6 400 0
1240| 0,6 400 0
1241| 0,6 400 0
1242| 0,6 400 0
1243| 0,6 400 0
1244| 0,6 400 0
1245| 0,6 400 0
1246| 0,6 400 0
1247| 0,6 400 0
1248| 0,6 400 0
1249| 0,6 400 0
1250| 0,6 400 0
1251| 0,6 400 0
1252| 0,6 400 0
1253| 0,6 400 0
1254| 0,6 400 0
1255| 0,6 400 0
1256| 0,6 400 0
1257| 0,6 400 0
1258| 0,6 400 0
1259| 0,6 400 0
1260| 0,6 400 0
1261| 0,6 400 0
1262| 0,6 400 0
1263| 0,6 400 0
1264| 0,6 400 0
1265| 0,6 400 0
1266| 0,6 400 0
1267| 0,6 400 0
1268| 0,6 400 0
1269| 0,6 400 0
1270| 0,6 400 0
1271| 0,6 400 0
1272| 0,6 400 0
1273| 0,6 400 0
1274| 0,6 400 0
1275| 0,6 400 0
1276| 0,6 400 0
1277| 0,6 400 0
1278| 0,6 400 0
1279| 0,6 400 0
1280| 0,6 400 0
1281| 0,6 400 0
1282| 0,6 400 0
1283| 0,6 400 0
1284| 0,6 400 0
1285| 0,6 400 0
1286| 0,6 400 0
1287| 0,6 400 0
1288| 0,6 400 0
1289| 0,6 400 0
1290| 0,6 400 0
1291| 0,6 400 0
1292| 0 400 0
1293| -0,3 400 0
1294| -0,6 400 0
1295| -0,9 400 0
1296| -1,2 400 0
1297| -1,5 400 0
1298| -1,8 400 0
1299| -2,1 400 0
1300| -2,4 400 0
1301| -2,7 400 0
1302| -3 400 0
1303| -3,299999 400 0
1304| -3,599999 400 0
1305| -3,899999 400 0
1306| -4,2 400 0
1307| -4,5 400 0
1308| -4,8 400 0
1309| -5,1 400 0
1310| -5,4 400 0
1311| -5,4 400 0
1312| 0 400 0
1313| 0,3 400 0
1314| 0,6 400 0
1315| 0,9 400 0
1316| 1,2 400 0
1317| 1,5 400 0
1318| 1,8 400 0
1319| 2,1 400 0
1320| 2,4 400 0
1321| 2,7 400 0
1322| 3 400 0
1323| 3,299999 400 0
1324| 3,599999 400 0
1325| 3,899999 400 0
1326| 4,2 400 0
1327| 4,5 400 0
1328| 4,8 400 0
1329| 5,1 400 0
1330| 5,4 400 0
1331| 5,7 400 0
1332| 6 400 0
1333| 6,300001 400 0
1334| 6,600001 400 0
1335| 6,600001 400 0
1336| 6,600001 400 0
1337| 6,600001 400 0
1338| 6,600001 400 0
1339| 6,600001 400 0
1340| 6,600001 400 0
1341| 6,600001 400 0
1342| 6,600001 400 0
1343| 6,600001 400 0
1344| 6,600001 400 0
1345| 6,600001 400 0
1346| 6,600001 400 0
1347| 6,600001 400 0
1348| 6,600001 400 0
1349| 6,600001 400 0
1350| 6,600001 400 0
1351| 6,600001 400 0
1352| 6,600001 400 0
1353| 6,600001 400 0
1354| 6,600001 400 0
1355| 6,600001 400 0
1356| 6,600001 400 0
1357| 6,600001 400 0
1358| 6,600001 400 0
1359| 6,600001 400 0
1360| 6,600001 400 0
1361| 6,600001 400 0
1362| 6,600001 400 0
1363| 6,600001 400 0
1364| 6,600001 400 0
1365| 6,600001 400 0
1366| 6,600001 400 0
1367| 6,600001 400 0
1368| 6,600001 400 0
1369| 6,600001 400 0
1370| 6,600001 400 0
1371| 6,600001 400 0
1372| 6,600001 400 0
1373| 6,600001 400 0
1374| 6,600001 400 0
1375| 6,600001 400 0
1376| 0 400 0
1377| -0,3 400 0
1378| -0,6 400 0
1379| -0,9 400 0
1380| -1,2 400 0
1381| -1,5 400 0
1382| -1,8 400 0
1383| -2,1 400 0
1384| -2,4 400 0
1385| -2,7 400 0
1386| -3 400 0
1387| -3,299999 400 0
1388| -3,599999 400 0
1389| -3,899999 400 0
1390| -4,2 400 0
1391| -4,5 400 0
1392| -4,8 400 0
1393| -5,1 400 0
1394| -5,4 400 0
1395| -5,7 400 0
1396| -5,7 400 0
1397| -5,7 400 0
1398| -5,7 400 0
1399| -5,7 400 0
1400| -5,7 400 0
1401| -5,7 400 0
1402| -5,7 400 0
1403| -5,7 400 0
1404| -5,7 400 0
1405| -5,7 400 0
1406| -5,7 400 0
1407| -5,7 400 0
1408| -5,7 400 0
1409| -5,7 400 0
1410| -5,7 400 0
1411| -5,7 400 0
1412| -5,7 400 0
1413| -5,7 400 0
1414| -5,7 400 0
1415| -5,7 400 0
1416| -5,7 400 0
1417| -5,7 400 0
1418| -5,7 400 0
1419| -5,7 400 0
1420| -5,7 400 0
1421| -5,7 400 0
1422| -5,7 400 0
1423| -5,7 400 0
1424| -5,7 400 0
1425| -5,7 400 0
1426| -5,7 400 0
1427| -5,7 400 0
1428| -5,7 400 0
1429| -5,7 400 0
1430| -5,7 400 0
1431| -5,7 400 0
1432| -5,7 400 0
1433| -5,7 400 0
1434| -5,7 400 0
1435| -5,7 400 0
1436| -5,7 400 0
1437| -5,7 400 0
1438| -5,7 400 0
1439| -5,7 400 0
1440| -5,7 400 0
1441| -5,7 400 0
1442| -5,7 400 0
1443| -5,7 400 0
1444| -5,7 400 0
1445| -5,7 400 0
1446| -5,7 400 0
1447| -5,7 400 0
1448| -5,7 400 0
1449| -5,7 400 0
1450| -5,7 400 0
1451| -5,7 400 0
1452| -5,7 400 0
1453| -5,7 400 0
1454| -5,7 400 0
1455| -5,7 400 0
1456| -5,7 400 0
1457| -5,7 400 0
1458| -5,7 400 0
1459| -5,7 400 0
1460| -5,7 400 0
1461| -5,7 400 0
1462| -5,7 400 0
1463| -5,7 400 0
1464| -5,7 400 0
1465| -5,7 400 0
1466| -5,7 400 0
1467| -5,7 400 0
1468| -5,7 400 0
1469| -5,7 400 0
1470| -5,7 400 0
1471| -5,7 400 0
1472| -5,7 400 0
1473| -5,7 400 0
1474| -5,7 400 0
1475| -5,7 400 0
1476| -5,7 400 0
1477| -5,7 400 0
1478| -5,7 400 0
1479| -5,7 400 0
1480| -5,7 400 0
1481| -5,7 400 0
1482| -5,7 400 0
1483| -5,7 400 0
1484| 0 400 0
1485| 0,3 400 0
1486| 0,6 400 0
1487| 0,9 400 0
1488| 0,9 400 0
1489| 0,9 400 0
1490| 0,9 400 0
1491| 0,9 400 0
1492| 0,9 400 0
1493| 0,9 400 0
1494| 0,9 400 0
1495| 0,9 400 0
1496| 0,9 400 0
1497| 0,9 400 0
1498| 0,9 400 0
1499| 0,9 400 0
1500| 0,9 400 0
1501| 0,9 400 0
1502| 0,9 400 0
1503| 0,9 400 0
1504| 0,9 400 0
1505| 0,9 400 0
1506| 0,9 400 0
1507| 0,9 400 0
1508| 0,9 400 0
1509| 0,9 400 0
1510| 0,9 400 0
1511| 0,9 400 0
1512| 0,9 400 0
1513| 0,9 400 0
1514| 0,9 400 0
1515| 0,9 400 0
1516| 0,9 400 0
1517| 0,9 400 0
1518| 0,9 400 0
1519| 0,9 400 0
1520| 0,9 400 0
1521| 0,9 400 0
1522| 0,9 400 0
1523| 0,9 400 0
1524| 0,9 400 0
1525| 0,9 400 0
1526| 0,9 400 0
1527| 0,9 400 0
1528| 0,9 400 0
1529| 0,9 400 0
1530| 0,9 400 0
1531| 0,9 400 0
1532| 0,9 400 0
1533| 0,9 400 0
1534| 0,9 400 0
1535| 0,9 400 0
1536| 0,9 400 0
1537| 0,9 400 0
1538| 0,9 400 0
1539| 0,9 400 0
1540| 0,9 400 0
1541| 0,9 400 0
1542| 0,9 400 0
1543| 0,9 400 0
1544| 0,9 400 0
1545| 0,9 400 0
1546| 0,9 400 0
1547| 0,9 400 0
1548| 0,9 400 0
1549| 0,9 400 0
1550| 0,9 400 0
1551| 0,9 400 0
1552| 0,9 400 0
1553| 0,9 400 0
1554| 0,9 400 0
1555| 0,9 400 0
1556| 0,9 400 0
1557| 0,9 400 0
1558| 0,9 400 0
1559| 0,9 400 0
1560| 0,9 400 0
1561| 0,9 400 0
1562| 0,9 400 0
1563| 0,9 400 0
1564| 0,9 400 0
1565| 0,9 400 0
1566| 0,9 400 0
1567| 0,9 400 0
1568| 0,9 400 0
1569| 0,9 400 0
1570| 0,9 400 0
1571| 0,9 400 0
1572| 0,9 400 0
1573| 0,9 400 0
1574| 0,9 400 0
1575| 0,9 400 0
1576| 0,9 400 0
1577| 1,2 400 0
1578| 1,5 400 0
1579| 1,8 400 0
1580| 2,1 400 0
1581| 2,4 400 0
1582| 2,7 400 0
1583| 3 400 0
1584| 3,299999 400 0
1585| 3,599999 400 0
1586| 3,899999 400 0
1587| 4,2 400 0
1588| 4,5 400 0
1589| 4,8 400 0
1590| 5,1 400 0
1591| 5,4 400 0
1592| 5,7 400 0
1593| 6 400 0
1594| 6,300001 400 0
1595| 6,600001 400 0
1596| 6,900001 400 0
1597| 7,200001 400 0
1598| 7,200001 400 0
1599| 7,200001 400 0
1600| 7,200001 400 0
1601| 7,200001 400 0
1602| 7,200001 400 0
1603| 7,200001 400 0
1604| 7,200001 400 0
1605| 7,200001 400 0
1606| 7,200001 400 0
1607| 7,200001 400 0
1608| 7,200001 400 0
1609| 7,200001 400 0
1610| 7,200001 400 0
1611| 7,200001 400 0
1612| 7,200001 400 0
1613| 7,200001 400 0
1614| 7,200001 400 0
1615| 7,200001 400 0
1616| 7,200001 400 0
1617| 7,200001 400 0
1618| 7,200001 400 0
1619| 7,200001 400 0
1620| 7,200001 400 0
1621| 7,200001 400 0
1622| 7,200001 400 0
1623| 7,200001 400 0
1624| 7,200001 400 0
1625| 7,200001 400 0
1626| 7,200001 400 0
1627| 7,200001 400 0
1628| 7,200001 400 0
1629| 7,200001 400 0
1630| 7,200001 400 0
1631| 7,200001 400 0
1632| 7,200001 400 0
1633| 7,200001 400 0
1634| 7,200001 400 0
1635| 7,200001 400 0
1636| 7,200001 400 0
1637| 0 400 0
1638| -0,3 400 0
1639| -0,6 400 0
1640| -0,9 400 0
1641| -1,2 400 0
1642| -1,5 400 0
1643| -1,5 400 0
1644| -1,5 400 0
1645| -1,5 400 0
1646| -1,5 400 0
1647| -1,5 400 0
1648| -1,5 400 0
1649| -1,5 400 0
1650| -1,5 400 0
1651| -1,5 400 0
1652| -1,5 400 0
1653| -1,5 400 0
1654| -1,5 400 0
1655| -1,5 400 0
1656| -1,5 400 0
1657| -1,5 400 0
1658| -1,5 400 0
1659| -1,5 400 0
1660| -1,5 400 0
1661| -1,5 400 0
1662| -1,5 400 0
1663| -1,5 400 0
1664| -1,5 400 0
1665| -1,5 400 0
1666| -1,5 400 0
1667| -1,5 400 0
1668| -1,5 400 0
1669| -1,5 400 0
1670| -1,5 400 0
1671| -1,5 400 0
1672| -1,5 400 0
1673| 0 400 0
1674| 0,3 400 0
1675| 0,6 400 0
1676| 0,9 400 0
1677| 1,2 400 0
1678| 1,5 400 0
1679| 1,8 400 0
1680| 2,1 400 0
1681| 2,4 400 0
1682| 2,7 400 0
1683| 2,7 400 0
1684| 2,7 400 0
1685| 2,7 400 0
1686| 2,7 400 0
1687| 2,7 400 0
1688| 2,7 400 0
1689| 2,7 400 0
1690| 2,7 400 0
1691| 2,7 400 0
1692| 2,7 400 0
1693| 2,7 400 0
1694| 2,7 400 0
1695| 2,7 400 0
1696| 2,7 400 0
1697| 2,7 400 0
1698| 2,7 400 0
1699| 2,7 400 0
1700| 2,7 400 0
1701| 2,7 400 0
1702| 2,7 400 0
1703| 2,7 400 0
1704| 2,7 400 0
1705| 2,7 400 0
1706| 2,7 400 0
1707| 2,7 400 0
1708| 2,7 400 0
1709| 2,7 400 0
1710| 2,7 400 0
1711| 2,7 400 0
1712| 2,7 400 0
1713| 0 400 0
1714| -0,3 400 0
1715| -0,6 400 0
1716| -0,9 400 0
1717| -1,2 400 0
1718| -1,5 400 0
1719| -1,8 400 0
1720| -2,1 400 0
1721| -2,4 400 0
1722| -2,4 400 0
1723| -2,4 400 0
1724| -2,4 400 0
1725| -2,4 400 0
1726| -2,4 400 0
1727| -2,4 400 0
1728| -2,4 400 0
1729| -2,4 400 0
1730| -2,4 400 0
1731| -2,4 400 0
1732| -2,4 400 0
1733| -2,4 400 0
1734| -2,4 400 0
1735| -2,4 400 0
1736| -2,4 400 0
1737| -2,4 400 0
1738| -2,4 400 0
1739| -2,4 400 0
1740| -2,4 400 0
1741| -2,4 400 0
1742| -2,4 400 0
1743| -2,4 400 0
1744| -2,4 400 0
1745| -2,4 400 0
1746| -2,4 400 0
1747| -2,4 400 0
1748| -2,4 400 0
1749| -2,4 400 0
1750| -2,4 400 0
1751| -2,4 400 0
1752| -2,4 400 0
1753| -2,4 400 0
1754| 0 400 0
1755| 0,3 400 0
1756| 0,6 400 0
1757| 0,9 400 0
1758| 0,9 400 0
1759| 0,9 400 0
1760| 0,9 400 0
1761| 0,9 400 0
1762| 0,9 400 0
1763| 0,9 400 0
1764| 0,9 400 0
1765| 0,9 400 0
1766| 0,9 400 0
1767| 0,9 400 0
1768| 0,9 400 0
1769| 0,9 400 0
1770| 0,9 400 0
1771| 0,9 400 0
1772| 0,9 400 0
1773| 0,9 400 0
1774| 0,9 400 0
1775| 0,9 400 0
1776| 0,9 400 0
1777| 0,9 400 0
1778| 0,9 400 0
1779| 0,9 400 0
1780| 0,9 400 0
1781| 0,9 400 0
1782| 0,9 400 0
1783| 0,9 400 0
1784| 0,9 400 0
1785| 0,9 400 0
1786| 0,9 400 0
1787| 0,9 400 0
1788| 0,9 400 0
1789| 0,9 400 0
1790| 0,9 400 0
1791| 0,9 400 0
1792| 0,9 400 0
1793| 0,9 400 0
1794| 0,9 400 0
1795| 0,9 400 0
1796| 0,9 400 0
1797| 0,9 400 0
1798| 0,9 400 0
1799| 0,9 400 0
1800| 0,9 400 0
1801| 0,9 400 0
1802| 0,9 400 0
1803| 0,9 400 0
1804| 0,9 400 0
1805| 0,9 400 0
1806| 0,9 400 0
1807| 0,9 400 0
1808| 0,9 400 0
1809| 0,9 400 0
1810| 0,9 400 0
1811| 0,9 400 0
1812| 0,9 400 0
1813| 0,9 400 0
1814| 0,9 400 0
1815| 0,9 400 0
1816| 0,9 400 0
1817| 0,9 400 0
1818| 0,9 400 0
1819| 0,9 400 0
1820| 0,9 400 0
1821| 0,9 400 0
1822| 0,9 400 0
1823| 0,9 400 0
1824| 0,9 400 0
1825| 0,9 400 0
1826| 0,9 400 0
1827| 0,9 400 0
1828| 0,9 400 0
1829| 0,9 400 0
1830| 0,9 400 0
1831| 0,9 400 0
1832| 0,9 400 0
1833| 0,9 400 0
1834| 0,9 400 0
1835| 0,9 400 0
1836| 0,9 400 0
1837| 0,9 400 0
1838| 0,9 400 0
1839| 0,9 400 0
1840| 0,9 400 0
1841| 0,9 400 0
1842| 0,9 400 0
1843| 0,9 400 0
1844| 0,9 400 0
1845| 0,9 400 0
1846| 0,9 400 0
1847| 0,9 400 0
1848| 0,9 400 0
1849| 0,9 400 0
1850| 0,9 400 0
1851| 0,9 400 0
1852| 0,9 400 0
1853| 0,9 400 0
1854| 0,9 400 0
1855| 0,9 400 0
1856| 0,9 400 0
1857| 0,9 400 0
1858| 0,9 400 0
1859| 0,9 400 0
1860| 0,9 400 0
1861| 0,9 400 0
1862| 0,9 400 0
1863| 0,9 400 0
1864| 0,9 400 0
1865| 0,9 400 0
1866| 0,9 400 0
1867| 0,9 400 0
1868| 0,9 400 0
1869| 0,9 400 0
1870| 0,9 400 0
1871| 0,9 400 0
1872| 0,9 400 0
1873| 0,9 400 0
1874| 0,9 400 0
1875| 0,9 400 0
1876| 0,9 400 0
1877| 0,9 400 0
1878| 0,9 400 0
1879| 0,9 400 0
1880| 0,9 400 0
1881| 0,9 400 0
1882| 0,9 400 0
1883| 0,9 400 0
1884| 0,9 400 0
1885| 0,9 400 0
1886| 0,9 400 0
1887| 0,9 400 0
1888| 0,9 400 0
1889| 0,9 400 0
1890| 0,9 400 0
1891| 0,9 400 0
1892| 0,9 400 0
1893| 0,9 400 0
1894| 0,9 400 0
1895| 0,9 400 0
1896| 0,9 400 0
1897| 0,9 400 0
1898| 0,9 400 0
1899| 0,9 400 0
1900| 0,9 400 0
1901| 0,9 400 0
1902| 0,9 400 0
1903| 0,9 400 0
1904| 0,9 400 0
1905| 0,9 400 0
1906| 0,9 400 0
1907| 0,9 400 0
1908| 0,9 400 0
1909| 0,9 400 0
1910| 0,9 400 0
1911| 0,9 400 0
1912| 0,9 400 0
1913| 0,9 400 0
1914| 0,9 400 0
1915| 0,9 400 0
1916| 0,9 400 0
1917| 0,9 400 0
1918| 0,9 400 0
1919| 0,9 400 0
1920| 0,9 400 0
1921| 0,9 400 0
1922| 0,9 400 0
1923| 0,9 400 0
1924| 0,9 400 0
1925| 0,9 400 0
1926| 0,9 400 0
1927| 0,9 400 0
1928| 0,9 400 0
1929| 0 400 0
1930| -0,3 400 0
1931| -0,6 400 0
1932| -0,6 400 0
1933| -0,6 400 0
1934| -0,6 400 0
1935| -0,6 400 0
1936| -0,6 400 0
1937| -0,6 400 0
1938| -0,6 400 0
1939| -0,6 400 0
1940| -0,6 400 0
1941| -0,6 400 0
1942| -0,6 400 0
1943| -0,6 400 0
1944| -0,6 400 0
1945| -0,6 400 0
1946| -0,6 400 0
1947| -0,6 400 0
1948| -0,6 400 0
1949| -0,6 400 0
1950| -0,6 400 0
1951| -0,6 400 0
1952| -0,6 400 0
1953| -0,6 400 0
1954| -0,6 400 0
1955| -0,6 400 0
1956| -0,6 400 0
1957| -0,6 400 0
1958| -0,6 400 0
1959| -0,6 400 0
1960| -0,6 400 0
1961| -0,6 400 0
1962| -0,6 400 0
1963| -0,6 400 0
1964| -0,6 400 0
1965| -0,6 400 0
1966| -0,6 400 0
1967| -0,6 400 0
1968| -0,6 400 0
1969| -0,6 400 0
1970| -0,6 400 0
1971| -0,6 400 0
1972| -0,6 400 0
1973| -0,6 400 0
1974| -0,6 400 0
1975| -0,6 400 0
1976| -0,6 400 0
1977| -0,6 400 0
1978| -0,6 400 0
1979| -0,6 400 0
1980| -0,6 400 0
1981| -0,6 400 0
1982| -0,6 400 0
1983| -0,6 400 0
1984| -0,6 400 0
1985| -0,6 400 0
1986| -0,6 400 0
1987| -0,6 400 0
1988| -0,6 400 0
1989| -0,6 400 0
1990| -0,6 400 0
1991| -0,6 400 0
1992| -0,6 400 0
1993| -0,6 400 0
1994| -0,6 400 0
1995| -0,6 400 0
1996| -0,6 400 0
1997| -0,6 400 0
1998| -0,6 400 0
1999| -0,6 400 0
2000| -0,6 400 0
2001| -0,6 400 0
2002| -0,6 400 0
2003| -0,6 400 0
2004| -0,6 400 0
2005| -0,6 400 0
2006| -0,6 400 0
2007| -0,6 400 0
2008| -0,6 400 0
2009| -0,6 400 0
2010| -0,6 400 0
2011| -0,6 400 0
2012| -0,6 400 0
2013| -0,6 400 0
2014| -0,6 400 0
2015| -0,6 400 0
2016| -0,6 400 0
2017| -0,6 400 0
2018| -0,6 400 0
2019| -0,6 400 0
2020| -0,6 400 0
2021| -0,6 400 0
2022| -0,6 400 0
2023| -0,6 400 0
2024| -0,6 400 0
2025| -0,6 400 0
2026| -0,6 400 0
2027| -0,9 400 0
2028| -1,2 400 0
2029| -1,5 400 0
2030| -1,8 400 0
2031| -2,1 400 0
2032| -2,4 400 0
2033| -2,7 400 0
2034| -2,7 400 0
2035| -2,7 400 0
2036| -2,7 400 0
2037| -2,7 400 0
2038| -2,7 400 0
2039| -2,7 400 0
2040| -2,7 400 0
2041| -2,7 400 0
2042| -2,7 400 0
2043| -2,7 400 0
2044| -2,7 400 0
2045| -2,7 400 0
2046| -2,7 400 0
2047| -2,7 400 0
2048| -2,7 400 0
2049| -2,7 400 0
2050| -2,7 400 0
2051| -2,7 400 0
2052| -2,7 400 0
2053| -2,7 400 0
2054| -2,7 400 0
2055| -2,7 400 0
2056| -2,7 400 0
2057| -2,7 400 0
2058| -2,7 400 0
2059| -2,7 400 0
2060| -2,7 400 0
2061| -2,7 400 0
2062| -2,7 400 0
2063| -2,7 400 0
2064| -2,7 400 0
2065| -2,7 400 0
2066| -2,7 400 0
2067| -2,7 400 0
2068| -2,7 400 0
2069| -2,7 400 0
2070| -2,7 400 0
2071| -2,7 400 0
2072| -2,7 400 0
2073| -2,7 400 0
2074| -2,7 400 0
2075| -2,7 400 0
2076| -2,7 400 0
2077| -2,7 400 0
2078| -2,7 400 0
2079| -2,7 400 0
2080| -2,7 400 0
2081| -2,7 400 0
2082| -2,7 400 0
2083| -2,7 400 0
2084| -2,7 400 0
2085| -2,7 400 0
2086| -2,7 400 0
2087| -2,7 400 0
2088| -2,7 400 0
2089| -2,7 400 0
2090| -2,7 400 0
2091| -2,7 400 0
2092| -2,7 400 0
2093| -2,7 400 0
2094| -2,7 400 0
2095| -2,7 400 0
2096| -2,7 400 0
2097| -2,7 400 0
2098| -2,7 400 0
2099| -2,7 400 0
2100| -2,7 400 0
2101| -2,7 400 0
2102| -2,7 400 0
2103| -2,7 400 0
2104| -2,7 400 0
2105| -2,7 400 0
2106| -2,7 400 0
2107| -2,7 400 0
2108| -2,7 400 0
2109| -2,7 400 0
2110| -2,7 400 0
2111| -2,7 400 0
2112| -2,7 400 0
2113| -2,7 400 0
2114| -2,7 400 0
2115| -2,7 400 0
2116| -2,7 400 0
2117| -2,7 400 0
2118| -2,7 400 0
2119| -2,7 400 0
2120| -2,7 400 0
2121| -2,7 400 0
2122| -2,7 400 0
2123| -2,7 400 0
2124| -2,7 400 0
2125| -2,7 400 0
2126| -2,7 400 0
2127| -2,7 400 0
2128| -2,7 400 0
2129| 0 400 0
2130| 0,3 400 0
2131| 0,6 400 0
2132| 0,9 400 0
2133| 0,9 400 0
2134| 0,9 400 0
2135| 0,9 400 0
2136| 0,9 400 0
2137| 0,9 400 0
2138| 0,9 400 0
2139| 0,9 400 0
2140| 0,9 400 0
2141| 0,9 400 0
2142| 0,9 400 0
2143| 0,9 400 0
2144| 0,9 400 0
2145| 0,9 400 0
2146| 0,9 400 0
2147| 0,9 400 0
2148| 0,9 400 0
2149| 0,9 400 0
2150| 0,9 400 0
2151| 0,9 400 0
2152| 0,9 400 0
2153| 0,9 400 0
2154| 0,9 400 0
2155| 0,9 400 0
2156| 0,9 400 0
2157| 0,9 400 0
2158| 0,9 400 0
2159| 0,9 400 0
2160| 0,9 400 0
2161| 0,9 400 0
2162| 0,9 400 0
2163| 0,9 400 0
2164| 0,9 400 0
2165| 0,9 400 0
2166| 0,9 400 0
2167| 0,9 400 0
2168| 0,9 400 0
2169| 0,9 400 0
2170| 0,9 400 0
2171| 0,9 400 0
2172| 0,9 400 0
2173| 0,9 400 0
2174| 0,9 400 0
2175| 0,9 400 0
2176| 0,9 400 0
2177| 0,9 400 0
2178| 0,9 400 0
2179| 0,9 400 0
2180| 0,9 400 0
2181| 0,9 400 0
2182| 0,9 400 0
2183| 0,9 400 0
2184| 0,9 400 0
2185| 0,9 400 0
2186| 0,9 400 0
2187| 0,9 400 0
2188| 0,9 400 0
2189| 0,9 400 0
2190| 0,9 400 0
2191| 0,9 400 0
2192| 0,9 400 0
2193| 0,9 400 0
2194| 0,9 400 0
2195| 0,9 400 0
2196| 0,9 400 0
2197| 0,9 400 0
2198| 0,9 400 0
2199| 0,9 400 0
2200| 0,9 400 0
2201| 0,9 400 0
2202| 0,9 400 0
2203| 0,9 400 0
2204| 0,9 400 0
2205| 0,9 400 0
2206| 0,9 400 0
2207| 0,9 400 0
2208| 0,9 400 0
2209| 0,9 400 0
2210| 0,9 400 0
2211| 0,9 400 0
2212| 0,9 400 0
2213| 0,9 400 0
2214| 0,9 400 0
2215| 0,9 400 0
2216| 0,9 400 0
2217| 0 400 0
2218| -0,3 400 0
2219| -0,6 400 0
2220| -0,9 400 0
2221| -0,9 400 0
2222| -0,9 400 0
2223| -0,9 400 0
2224| -0,9 400 0
2225| -0,9 400 0
2226| -0,9 400 0
2227| -0,9 400 0
2228| -0,9 400 0
2229| -0,9 400 0
2230| -0,9 400 0
2231| -0,9 400 0
2232| -0,9 400 0
2233| -0,9 400 0
2234| -0,9 400 0
2235| -0,9 400 0
2236| -0,9 400 0
2237| -0,9 400 0
2238| -0,9 400 0
2239| -0,9 400 0
2240| -0,9 400 0
2241| -0,9 400 0
2242| -0,9 400 0
2243| -0,9 400 0
2244| -0,9 400 0
2245| -0,9 400 0
2246| -0,9 400 0
2247| -0,9 400 0
2248| -0,9 400 0
2249| -0,9 400 0
2250| -0,9 400 0
2251| -0,9 400 0
2252| -0,9 400 0
2253| -0,9 400 0
2254| -0,9 400 0
2255| -0,9 400 0
2256| -0,9 400 0
2257| -0,9 400 0
2258| -0,9 400 0
2259| -0,9 400 0
2260| -0,9 400 0
2261| -0,9 400 0
2262| -0,9 400 0
2263| -0,9 400 0
2264| -0,9 400 0
2265| -0,9 400 0
2266| -0,9 400 0
2267| -0,9 400 0
2268| -0,9 400 0
2269| -0,9 400 0
2270| -0,9 400 0
2271| -0,9 400 0
2272| -0,9 400 0
2273| -0,9 400 0
2274| -0,9 400 0
2275| -0,9 400 0
2276| -0,9 400 0
2277| -0,9 400 0
2278| -0,9 400 0
2279| -0,9 400 0
2280| -0,9 400 0
2281| -0,9 400 0
2282| -0,9 400 0
2283| -0,9 400 0
2284| 0 400 0
2285| 0,3 400 0
2286| 0,6 400 0
2287| 0,9 400 0
2288| 0,9 400 0
2289| 0,9 400 0
2290| 0,9 400 0
2291| 0,9 400 0
2292| 0,9 400 0
2293| 0,9 400 0
2294| 0,9 400 0
2295| 0,9 400 0
2296| 0,9 400 0
2297| 0,9 400 0
2298| 0,9 400 0
2299| 0,9 400 0
2300| 0,9 400 0
2301| 0,9 400 0
2302| 0,9 400 0
2303| 0,9 400 0
2304| 0,9 400 0
2305| 0,9 400 0
2306| 0,9 400 0
2307| 0,9 400 0
2308| 0,9 400 0
2309| 0,9 400 0
2310| 0,9 400 0
2311| 0,9 400 0
2312| 0,9 400 0
2313| 0,9 400 0
2314| 0,9 400 0
2315| 0,9 400 0
2316| 0,9 400 0
2317| 0,9 400 0
2318| 0,9 400 0
2319| 0,9 400 0
2320| 0,9 400 0
2321| 0,9 400 0
2322| 0,9 400 0
2323| 0,9 400 0
2324| 0,9 400 0
2325| 0,9 400 0
2326| 0,9 400 0
2327| 0,9 400 0
2328| 0,9 400 0
2329| 0,9 400 0
2330| 0 0 0
2331| 0 0 0
2332| 0 0 0
2333| 0 0 0
2334| 0 0 0
2335| 0 0 0
2336| 0 0 0
2337| 0 0 0
2338| 0 0 0
2339| 0 0 0
2340| 0 0 0
2341| 0 0 0
2342| 0 0 0
2343| 0 0 0

