1| 0 0 0
2| 0 0 0
3| 0 0 0
4| 0 0 0
5| 0 0 0
6| 0 0 0
7| 0 0 0
8| 0 0 0
9| 0 0 0
10| 0 0 0
11| 0 0 0
12| 0 0 0
13| 0 0 0
14| 0 0 0
15| 0 0 0
16| 0 0 0
17| 0 0 0
18| 0 0 0
19| 0 0 0
20| 0 0 0
21| 0 0 0
22| 0 0 0
23| 0 0 0
24| 0 0 0
25| 0 0 0
26| 0 0 0
27| 0 0 0
28| 0 0 0
29| 0 0 0
30| 0 0 0
31| 0 0 0
32| 0 0 0
33| 0 0 0
34| 0 0 0
35| 0 0 0
36| 0 0 0
37| 0 0 0
38| 0 0 0
39| 0 0 0
40| 0 0 0
41| 0,3 0 0
42| 0,6 0 0
43| 0,9 4 0
44| 1,2 8 0
45| 1,5 12 0
46| 1,8 16 0
47| 2,1 20 0
48| 2,4 24 0
49| 2,7 28 0
50| 3 32 0
51| 3,299999 36 0
52| 3,599999 40 0
53| 3,899999 43,99999 0
54| 4,2 47,99999 0
55| 4,5 51,99999 0
56| 4,8 55,99999 0
57| 5,1 60 0
58| 5,4 64 0
59| 5,7 68 0
60| 6 72 0
61| 6,300001 76,00001 0
62| 6,600001 80,00001 0
63| 6,900001 84,00001 0
64| 7,200001 88,00002 0
65| 7,500001 92,00002 0
66| 7,800001 96,00002 0
67| 8,1 100 0
68| 8,4 104 0
69| 8,7 108 0
70| 8,999999 112 0
71| 9,299999 116 0
72| 9,599998 120 0
73| 9,899999 124 0
74| 10,2 128 0
75| 10,5 132 0
76| 10,8 136 0
77| 11,1 140 0
78| 11,4 144 0
79| 11,7 148 0
80| 12 152 0
81| 12,3 156 0
82| 12,6 160 0
83| 12,9 164 0
84| 13,2 168 0
85| 13,5 171,9999 0
86| 13,5 175,9999 0
87| 13,5 179,9999 0
88| 13,5 183,9999 0
89| 13,5 187,9999 0
90| 13,5 191,9999 0
91| 13,5 195,9999 0
92| 13,5 199,9999 0
93| 13,5 203,9999 0
94| 13,5 207,9999 0
95| 13,5 211,9999 0
96| 13,5 215,9999 0
97| 13,5 219,9999 0
98| 13,5 223,9999 0
99| 13,5 227,9999 0
100| 13,79999 231,9999 0
101| 14,09999 235,9999 0
102| 14,39999 239,9999 0
103| 14,69999 243,9999 0
104| 14,99999 247,9999 0
105| 15,29999 251,9999 0
106| 15,59999 255,9999 0
107| 15,59999 259,9999 0
108| 15,59999 263,9999 0
109| 15,59999 267,9999 0
110| 15,59999 271,9998 0
111| 15,59999 275,9998 0
112| 15,59999 279,9998 0
113| 15,59999 283,9998 0
114| 0 0 0
115| 0 0 0
116| 0 0 0
117| 0 0 0
118| 0 0 0
119| 0 0 0
120| 0 0 0
121| 0 0 0
122| 0 0 0
123| 0,3 4 0
124| 0,6 8 0
125| 0,9 12 0
126| 1,2 16 0
127| 1,5 20 0
128| 1,8 24 0
129| 1,8 28 0
130| 1,8 32 0
131| 1,8 36 0
132| 1,8 40 0
133| 1,8 43,99999 0
134| 2,1 47,99999 0
135| 2,4 51,99999 0
136| 2,7 55,99999 0
137| 3 60 0
138| 3,299999 64 0
139| 3,299999 68 0
140| 3,299999 72 0
141| 3,299999 76,00001 0
142| 3,599999 80,00001 0
143| 3,899999 84,00001 0
144| 4,2 88,00002 0
145| 4,5 92,00002 0
146| 4,8 96,00002 0
147| 4,8 100 0
148| 4,8 104 0
149| 4,8 108 0
150| 4,8 112 0
151| 4,8 116 0
152| 5,1 120 0
153| 5,1 124 0
154| 5,1 128 0
155| 5,1 132 0
156| 5,1 136 0
157| 5,1 140 0
158| 5,1 144 0
159| 5,1 148 0
160| 5,1 152 0
161| 5,1 156 0
162| 5,1 160 0
163| 5,1 164 0
164| 5,1 168 0
165| 5,1 171,9999 0
166| 0 0 0
167| 0 0 0
168| 0 0 0
169| 0 0 0
170| 0 0 0
171| 0 0 0
172| 0 0 0
173| 0 0 0
174| 0 0 0
175| 0 0 0
176| 0 0 0
177| 0 0 0
178| 0 0 0
179| 0 0 0
180| 0 0 0
181| 0 0 0
182| 0 0 0
183| 0 0 0
184| 0 0 0
185| 0,3 0 0
186| 0,6 0 0
187| 0,9 0 0
188| 1,2 0 0
189| 1,5 4 0
190| 1,8 8 0
191| 2,1 12 0
192| 2,4 16 0
193| 2,7 20 0
194| 3 24 0
195| 3,299999 28 0
196| 3,599999 32 0
197| 3,899999 36 0
198| 4,2 40 0
199| 4,5 43,99999 0
200| 4,8 47,99999 0
201| 5,1 51,99999 0
202| 5,4 55,99999 0
203| 5,7 60 0
204| 6 64 0
205| 6,300001 68 0
206| 6,600001 72 0
207| 6,600001 76,00001 0
208| 6,600001 80,00001 0
209| 6,600001 84,00001 0
210| 6,600001 88,00002 0
211| 6,600001 92,00002 0
212| 6,600001 96,00002 0
213| 6,600001 100 0
214| 6,600001 104 0
215| 0 0 0
216| 0 0 0
217| 0 0 0
218| 0 0 0
219| 0 0 0
220| 0 0 0
221| 0 0 0
222| 0 0 0
223| 0 0 0
224| 0 0 0
225| 0 0 0
226| 0 0 0
227| 0 0 0
228| 0 0 0
229| 0 0 0
230| 0 0 0
231| 0 0 0
232| 0 0 0
233| 0 0 0
234| 0 0 0
235| 0 0 0
236| 0 0 0
237| 0 0 0
238| 0 0 0
239| 0 0 0
240| 0 0 0
241| 0 0 0
242| 0 0 0
243| 0 0 0
244| 0 0 0
245| 0 0 0
246| 0 0 0
247| 0 0 0
248| 0 0 0
249| 0 0 0
250| 0 0 0
251| 0 0 0
252| 0 0 0
253| 0 0 0
254| 0 0 0
255| 0 0 0
256| 0 0 0
257| 0 0 0
258| 0 0 0
259| 0 0 0
260| 0 0 0
261| 0 0 0
262| 0 0 0
263| 0 0 0
264| 0 0 0
265| 0 0 0
266| 0 0 0
267| 0 0 0
268| 0 0 0
269| 0 0 0
270| 0 0 0
271| 0 0 0
272| 0,3 0 0
273| 0,6 0 0
274| 0,9 0 0
275| 1,2 0 0
276| 1,5 0 0
277| 1,8 0 0
278| 2,1 0 0
279| 2,4 0 0
280| 2,7 0 0
281| 3 0 0
282| 3,299999 0 0
283| 3,599999 0 0
284| 3,899999 0 0
285| 4,2 0 0
286| 4,5 0 0
287| 4,8 0 0
288| 5,1 0 0
289| 5,4 0 0
290| 5,7 0 0
291| 6 0 0
292| 6,300001 0 0
293| 6,600001 0 0
294| 6,900001 0 0
295| 7,200001 0 0
296| 7,500001 0 0
297| 7,800001 0 0
298| 0 0 0
299| 0 0 0
300| 0 0 0
301| 0 0 0
302| 0 0 0
303| 0 0 0
304| 0 0 0
305| 0 0 0
306| 0 0 0
307| 0 0 0
308| 0 0 0
309| 0 0 0
310| 0 0 0
311| 0 0 0
312| 0 0 0
313| 0 0 0
314| 0 0 0
315| 0 0 0
316| 0 0 0
317| 0 0 0
318| 0 0 0
319| 0 0 0
320| 0 0 0
321| 0 0 0
322| 0 0 0
323| 0 0 0
324| 0 0 0
325| 0 0 0
326| 0 0 0
327| 0 0 0
328| 0 0 0
329| 0 0 0
330| 0 0 0
331| 0 0 0
332| 0 0 0
333| 0 0 0
334| 0 0 0
335| 0 0 0
336| 0 0 0
337| 0 0 0
338| 0 0 0
339| 0 0 0
340| 0 0 0
341| 0 0 0
342| 0 0 0
343| 0 0 0
344| 0 0 0
345| 0 0 0
346| 0 0 0
347| 0 0 0
348| 0 0 0
349| 0 0 0
350| 0 0 0
351| 0 0 0
352| 0 0 0
353| 0,3 0 0
354| 0,6 0 0
355| 0,9 0 0
356| 1,2 0 0
357| 1,5 0 0
358| 1,8 0 0
359| 2,1 0 0
360| 2,4 0 0
361| 2,7 0 0
362| 3 0 0
363| 3,299999 0 0
364| 3,599999 0 0
365| 3,899999 0 0
366| 4,2 0 0
367| 4,5 0 0
368| 4,8 0 0
369| 5,1 0 0
370| 5,4 0 0
371| 5,7 0 0
372| 6 0 0
373| 6,300001 0 0
374| 0 0 0
375| 0 0 0
376| 0 0 0
377| 0 0 0
378| 0 0 0
379| 0 0 0
380| 0 0 0
381| 0 0 0
382| 0 0 0
383| 0 0 0
384| 0 0 0
385| 0 0 0
386| 0 0 0
387| 0 0 0
388| 0 0 0
389| 0 0 0
390| 0 0 0
391| 0 0 0
392| 0 0 0
393| 0 0 0
394| 0 0 0
395| 0 0 0
396| 0 0 0
397| 0 0 0
398| 0 0 0
399| 0 0 0
400| 0 0 0
401| 0 0 0
402| 0 0 0
403| 0 0 0
404| 0 0 0
405| 0 0 0
406| 0 0 0
407| 0 0 0
408| 0 0 0
409| 0 0 0
410| 0 0 0
411| 0 0 0
412| 0 0 0
413| 0 0 0
414| 0 0 0
415| 0 0 0
416| 0 0 0
417| 0 0 0
418| 0 0 0
419| 0 0 0
420| 0 0 0
421| 0 0 0
422| 0 0 0
423| 0 0 0
424| 0 0 0
425| 0 0 0
426| 0 0 0
427| 0 0 0
428| 0 0 0
429| 0 0 0
430| 0 0 0
431| 0 0 0
432| 0 0 0
433| 0 0 0
434| 0 0 0
435| 0 0 0
436| 0 0 0
437| 0 0 0
438| 0 0 0
439| 0 0 0
440| 0 0 0
441| 0 0 0
442| 0 0 0
443| 0 0 0
444| 0 0 0
445| 0 0 0
446| 0 0 0
447| 0 0 0
448| 0 0 0
449| 0 0 0
450| 0 0 0
451| 0 0 0
452| 0 0 0
453| 0 0 0
454| 0 0 0
455| 0 0 0
456| 0 0 0
457| 0 0 0
458| 0 0 0
459| 0 0 0
460| 0 0 0
461| 0 0 0
462| 0 0 0
463| 0 0 0
464| 0 0 0
465| 0 0 0
466| 0 0 0
467| 0 0 0
468| 0 0 0
469| 0 0 0
470| 0 0 0
471| 0 0 0
472| 0 0 0
473| 0 0 0
474| 0 0 0
475| 0 0 0
476| 0 0 0
477| 0 0 0
478| 0 0 0
479| 0 0 0
480| 0 0 0
481| 0 0 0
482| 0 0 0
483| 0 0 0
484| 0 0 0
485| 0 0 0
486| 0 0 0
487| 0 0 0
488| 0 0 0
489| 0 0 0
490| 0 0 0
491| 0 0 0
492| 0 0 0
493| 0 0 0
494| 0 0 0
495| 0 0 0
496| 0 0 0
497| 0 0 0
498| 0 0 0
499| 0 0 0
500| 0 0 0
501| 0 0 0
502| 0 0 0
503| 0 0 0
504| 0 0 0
505| 0 0 0
506| 0 0 0
507| 0 0 0
508| 0 0 0
509| 0 0 0
510| 0 0 0
511| 0 0 0
512| 0 0 0
513| 0 0 0
514| 0 0 0
515| 0 0 0
516| 0 0 0
517| 0 0 0
518| 0 0 0
519| 0 0 0
520| 0 0 0
521| 0 0 0
522| 0 0 0
523| 0 0 0
524| 0 0 0
525| 0 0 0
526| 0 0 0
527| 0 0 0
528| 0 0 0
529| 0 0 0
530| 0 0 0
531| 0 0 0
532| 0 0 0
533| 0 0 0
534| 0 0 0
535| 0 0 0
536| 0 0 0
537| 0 0 0
538| 0 0 0
539| 0 0 0
540| 0 0 0
541| 0 0 0
542| 0 0 0
543| 0 0 0
544| 0 0 0
545| 0 0 0
546| 0 0 0
547| 0 0 0
548| 0 0 0
549| 0 0 0
550| 0 0 0
551| 0 0 0
552| 0 0 0
553| 0 0 0
554| 0 0 0
555| 0 0 0
556| 0 0 0
557| 0 0 0
558| 0 0 0
559| 0 0 0
560| 0 0 0
561| 0 0 0
562| 0 0 0
563| 0 0 0

