[1|(0.0.0)]
[2|(0.0.0)]
[3|(0.0.0)]
[4|(0.0.0)]
[5|(0.0.0)]
[6|(0.0.0)]
[7|(0.0.0)]
[8|(0.0.0)]
[9|(0.0.0)]
[10|(0.0.0)]
[11|(0.0.0)]
[12|(0.0.0)]
[13|(0.0.0)]
[14|(0.0.0)]
[15|(0.0.0)]
[16|(0.0.0)]
[17|(0.0.0)]
[18|(0.0.0)]
[19|(0.0.0)]
[20|(0.0.0)]
[21|(0.0.0)]
[22|(0.0.0)]
[23|(0.0.0)]
[24|(0.0.0)]
[25|(0.0.0)]
[26|(0.0.0)]
[27|(0.0.0)]
[28|(0.0.0)]
[29|(0.0.0)]
[30|(0.0.0)]
[31|(0.0.0)]
[32|(0.0.0)]
[33|(0.0.0)]
[34|(0.0.0)]
[35|(0.0.0)]
[36|(0.0.0)]
[37|(0.0.0)]
[38|(0.0.0)]
[39|(0.0.0)]
[40|(0.0.0)]
[41|(0.0.0)]
[42|(0.0.0)]
[43|(0.0.0)]
[44|(0.0.0)]
[45|(0.0.0)]
[46|(0.0.0)]
[47|(0.0.0)]
[48|(0.0.0)]
[49|(0.0.0)]
[50|(0.0.0)]
[51|(0.0.0)]
[52|(0.0.0)]
[53|(0.0.0)]
[54|(0.0.0)]
[55|(0.0.0)]
[56|(0.0.0)]
[57|(0.0.0)]
[58|(0.0.0)]
[59|(0.0.0)]
[60|(0.0.0)]
[61|(0.0.0)]
[62|(0.0.0)]
[63|(0.0.0)]
[64|(0.0.0)]
[65|(0.0.0)]
[66|(0.0.0)]
[67|(0.0.0)]
[68|(0.0.0)]
[69|(0.0.0)]
[70|(0.0.0)]
[71|(0.0.0)]
[72|(0.0.0)]
[73|(0.0.0)]
[74|(0.0.0)]
[75|(0.0.0)]
[76|(0.0.0)]
[77|(0.0.0)]
[78|(0.0.0)]
[79|(0.0.0)]
[80|(0.0.0)]
[81|(0.0.0)]
[82|(0.0.0)]
[83|(0.0.0)]
[84|(0.0.0)]
[85|(0.0.0)]
[86|(0.0.0)]
[87|(0.0.0)]
[88|(0.0.0)]
[89|(0.0.0)]
[90|(0.0.0)]
[91|(0.0.0)]
[92|(0.0.0)]
[93|(0.0.0)]
[94|(0.0.0)]
[95|(0.0.0)]
[96|(0.0.0)]
[97|(0.0.0)]
[98|(0.0.0)]
[99|(0.0.0)]
[100|(0.0.0)]
[101|(0.0.0)]
[102|(0.0.0)]
[103|(0.0.0)]
[104|(0.0.0)]
[105|(0.0.0)]
[106|(0.0.0)]
[107|(0.0.0)]
[108|(0.0.0)]
[109|(0.0.0)]
[110|(0.0.0)]
[111|(0.0.0)]
[112|(0.0.0)]
[113|(0,01.0.0)]
[114|(0,02.0.0)]
[115|(0,03.0.0)]
[116|(0,04.0.0)]
[117|(0,05.0.0)]
[118|(0,05999999.0.0)]
[119|(0,06999999.0.0)]
[120|(0,07999999.0.0)]
[121|(0,08999999.0.0)]
[122|(0,09999999.0.0)]
[123|(0,11.0.0)]
[124|(0,12.0.0)]
[125|(0,13.0,01.0)]
[126|(0,14.0,02.0)]
[127|(0,15.0,03.0)]
[128|(0,16.0,04.0)]
[129|(0,17.0,05.0)]
[130|(0,18.0,05999999.0)]
[131|(0,19.0,06999999.0)]
[132|(0,2.0,07999999.0)]
[133|(0,21.0,08999999.0)]
[134|(0,22.0,09999999.0)]
[135|(0,23.0,11.0)]
[136|(0,24.0,12.0)]
[137|(0,25.0,13.0)]
[138|(0,26.0,14.0)]
[139|(0,27.0,15.0)]
[140|(0,28.0,16.0)]
[141|(0,29.0,17.0)]
[142|(0,3.0,18.0)]
[143|(0,31.0,19.0)]
[144|(0,32.0,2.0)]
[145|(0,33.0,21.0)]
[146|(0,3399999.0,22.0)]
[147|(0,3499999.0,23.0)]
[148|(0,3599999.0,24.0)]
[149|(0,3699999.0,25.0)]
[150|(0,3799999.0,26.0)]
[151|(0,3899999.0,27.0)]
[152|(0,3999999.0,28.0)]
[153|(0,4099999.0,29.0)]
[154|(0,4199999.0,3.0)]
[155|(0,4299999.0,31.0)]
[156|(0,4399998.0,32.0)]
[157|(0,4499998.0,33.0)]
[158|(0,4599998.0,3399999.0)]
[159|(0,4699998.0,3499999.0)]
[160|(0,4799998.0,3599999.0)]
[161|(0,4899998.0,3699999.0)]
[162|(0,4999998.0,3799999.0)]
[163|(0,5099998.0,3899999.0)]
[164|(0,5199998.0,3999999.0)]
[165|(0,5299998.0,4099999.0)]
[166|(0,5399998.0,4199999.0)]
[167|(0,5499998.0,4299999.0)]
[168|(0,5599998.0,4399998.0)]
[169|(0,5699998.0,4499998.0)]
[170|(0,5799997.0,4599998.0)]
[171|(0,5899997.0,4699998.0)]
[172|(0,5999997.0,4799998.0)]
[173|(0,6099997.0,4899998.0)]
[174|(0,6199997.0,4999998.0)]
[175|(0,6299997.0,5099998.0)]
[176|(0,6399997.0,5199998.0)]
[177|(0,6499997.0,5299998.0)]
[178|(0,6599997.0,5399998.0)]
[179|(0,6699997.0,5499998.0)]
[180|(0,6799996.0,5599998.0)]
[181|(0,6899996.0,5699998.0)]
[182|(0,6899996.0,5799997.0)]
[183|(0,6899996.0,5899997.0)]
[184|(0,6899996.0,5999997.0)]
[185|(0,6899996.0,6099997.0)]
[186|(0,6899996.0,6199997.0)]
[187|(0,6899996.0,6299997.0)]
[188|(0,6899996.0,6399997.0)]
[189|(0,6899996.0,6499997.0)]
[190|(0,6899996.0,6599997.0)]
[191|(0,6899996.0,6699997.0)]
[192|(0,6899996.0,6799996.0)]
[193|(0,6899996.0,6899996.0)]
[194|(0,6899996.0,6999996.0)]
[195|(0,6899996.0,7099996.0)]
[196|(0,6899996.0,7199996.0)]
[197|(0,6899996.0,7299996.0)]
[198|(0,6899996.0,7399996.0)]
[199|(0,6899996.0,7499996.0)]
[200|(0,6899996.0,7599996.0)]
[201|(0,6899996.0,7699996.0)]
[202|(0,6899996.0,7799996.0)]
[203|(0,6899996.0,7899995.0)]
[204|(0,6899996.0,7999995.0)]
[205|(0,6899996.0,8099995.0)]
[206|(0,6899996.0,8199995.0)]
[207|(0,6899996.0,8299995.0)]
[208|(0,6899996.0,8399995.0)]
[209|(0,6899996.0,8499995.0)]
[210|(0.0.0)]
[211|(0.0.0)]
[212|(0.0.0)]
[213|(0.0.0)]
[214|(0.0.0)]
[215|(0.0.0)]
[216|(0.0.0)]
[217|(0.0.0)]
[218|(0.0.0)]
[219|(0.0.0)]
[220|(0.0.0)]
[221|(0.0.0)]
[222|(0.0.0)]
[223|(0.0.0)]
[224|(0.0.0)]
[225|(0.0.0)]
[226|(0.0.0)]
[227|(0.0.0)]
[228|(0.0.0)]
[229|(0.0.0)]
[230|(0.0.0)]
[231|(0.0.0)]
[232|(0.0.0)]
[233|(0.0.0)]
[234|(0.0.0)]
[235|(0.0.0)]
[236|(0.0.0)]
[237|(0.0.0)]
[238|(0.0.0)]
[239|(0.0.0)]
[240|(0.0.0)]
[241|(0.0.0)]
[242|(0.0.0)]
[243|(0.0.0)]
[244|(0.0.0)]
[245|(0.0.0)]
[246|(0.0.0)]
[247|(0.0.0)]
[248|(0.0.0)]
[249|(0.0.0)]
[250|(0.0.0)]
[251|(0.0.0)]
[252|(0.0.0)]
[253|(0.0.0)]
[254|(0.0.0)]
[255|(0.0.0)]
[256|(0.0.0)]
[257|(0.0.0)]
[258|(0.0.0)]
[259|(0.0.0)]
[260|(0.0.0)]
[261|(0.0.0)]
[262|(0.0.0)]
[263|(0.0.0)]
[264|(0.0.0)]
[265|(0.0.0)]
[266|(0.0.0)]
[267|(0.0.0)]
[268|(0.0.0)]
[269|(0.0.0)]
[270|(0.0.0)]
[271|(0.0.0)]
[272|(0.0.0)]
[273|(0.0.0)]
[274|(0.0.0)]
[275|(0.0.0)]
[276|(0.0.0)]
[277|(0.0.0)]
[278|(0.0.0)]
[279|(0.0.0)]
[280|(0.0.0)]
[281|(0.0.0)]
[282|(0.0.0)]
[283|(0.0.0)]
[284|(0.0.0)]
[285|(0.0.0)]
[286|(0.0.0)]
[287|(0.0.0)]
[288|(0.0.0)]
[289|(0.0.0)]
[290|(0.0.0)]
[291|(0.0,01.0)]
[292|(0.0,02.0)]
[293|(0.0,03.0)]
[294|(0.0,04.0)]
[295|(0.0,05.0)]
[296|(0.0,05999999.0)]
[297|(0.0,06999999.0)]
[298|(0.0,07999999.0)]
[299|(0.0,08999999.0)]
[300|(0.0,09999999.0)]
[301|(0.0,11.0)]
[302|(0.0,12.0)]
[303|(0.0,13.0)]
[304|(0.0,14.0)]
[305|(0.0,15.0)]
[306|(0.0.0)]
[307|(0.0.0)]
[308|(0.0.0)]
[309|(0.0.0)]
[310|(0.0.0)]
[311|(0.0.0)]
[312|(0.0.0)]
[313|(0.0,01.0)]
[314|(0.0.0)]
[315|(0.0.0)]
[316|(0.0.0)]
[317|(0.0.0)]
[318|(0.0.0)]
[319|(0.0,01.0)]
[320|(0.0,02.0)]
[321|(0.0,03.0)]
[322|(0.0.0)]
[323|(0.0.0)]
[324|(0.0.0)]
[325|(0.0.0)]
[326|(0.0.0)]
[327|(0.0,01.0)]
[328|(0.0,02.0)]
[329|(0.0,03.0)]
[330|(0.0.0)]
[331|(0.0.0)]
[332|(0.0.0)]
[333|(0.0.0)]
[334|(0.0.0)]
[335|(0.0,01.0)]
[336|(0.0,02.0)]
[337|(0.0.0)]
[338|(0.0.0)]
[339|(0.0,01.0)]
[340|(0.0,02.0)]
[341|(0.0,03.0)]
[342|(0.0,04.0)]
[343|(0.0.0)]
[344|(0.0.0)]
[345|(0.0.0)]
[346|(0.0.0)]
[347|(0.0,01.0)]
[348|(0.0,02.0)]
[349|(0.0,03.0)]
[350|(0.0.0)]
[351|(0.0.0)]
[352|(0.0.0)]
[353|(0.0.0)]
[354|(0.0,01.0)]
[355|(0.0,02.0)]
[356|(0.0,03.0)]
[357|(0.0.0)]
[358|(0.0.0)]
[359|(0.0.0)]
[360|(0.0.0)]
[361|(0.0.0)]
[362|(0.0,01.0)]
[363|(0.0,02.0)]
[364|(0.0.0)]
[365|(0.0.0)]
[366|(0.0.0)]
[367|(0.0.0)]
[368|(0.0.0)]
[369|(0.0,01.0)]
[370|(0.0,02.0)]
[371|(0.0,03.0)]
[372|(0.0,04.0)]
[373|(0.0.0)]
[374|(0.0.0)]
[375|(0.0.0)]
[376|(0.0.0)]
[377|(0.0.0)]
[378|(0.0.0)]
[379|(0.0.0)]
[380|(0.0.0)]
[381|(0.0.0)]
