1| 0 0 0
2| 0 0 0
3| 0 0 0
4| 0 0 0
5| 0 0 0
6| 0 0 0
7| 0 0 0
8| 0 0 0
9| 0 0 0
10| 0 0 0
11| 0 0 0
12| 0 0 0
13| 0 0 0
14| 0 0 0
15| 0 0 0
16| 0 0 0
17| 0 0 0
18| 0 0 0
19| 0 0 0
20| 0 0 0
21| 0 0 0
22| 0 0 0
23| 0 0 0
24| 0 0 0
25| 0 0 0
26| 0 0 0
27| 0 0 0
28| 0 0 0
29| 0 0 0
30| 0 0 0
31| 0 0 0
32| 0 0 0
33| 0 0 0
34| 0 0 0
35| 0 0 0
36| 0 0 0
37| 0 0 0
38| 0 0 0
39| 0 0 0
40| 0 0 0
41| 0 0 0
42| 0 0 0
43| 0 0 0
44| 0 0 0
45| 0 0 0
46| 0 0 0
47| 0 0 0
48| 0 0 0
49| 0 0 0
50| 0 0 0
51| 0 0 0
52| 0 0 0
53| 0 0 0
54| 0 0 0
55| 0 0 0
56| 0 0 0
57| 0 0 0
58| 0 0 0
59| 0 0 0
60| 0 0 0
61| 0 0 0
62| 0 0 0
63| 0 0 0
64| 0 0 0
65| 0 0 0
66| 0 0 0
67| 0 0 0
68| 0 0 0
69| 0 0 0
70| 0 0 0
71| 0 0 0
72| 0 0 0
73| 0 0 0
74| 0 0 0
75| 0 0 0
76| 0 0 0
77| 0 0 0
78| 0 0 0
79| 0 0 0
80| 0 0 0
81| 0 0 0
82| 0 0 0
83| 0 0 0
84| 0 0 0
85| 0 0 0
86| 0 0 0
87| 0 0 0
88| 0 0 0
89| 0 0 0
90| 0 0 0
91| 0 0 0
92| 0 0 0
93| 0 0 0
94| 0 0 0
95| 0 0 0
96| 0 0 0
97| 0 0 0
98| 0 0 0
99| 0 0 0
100| 0 0 0
101| 0 0 0
102| 0 0 0
103| 0 0 0
104| 0 0 0
105| 0 0 0
106| 0 0 0
107| 0 0 0
108| 0 0 0
109| 0 0 0
110| 0 0 0
111| 0 0 0
112| 0 0 0
113| 0,3 0 0
114| 0,6 0 0
115| 0,9 0 0
116| 1,2 0 0
117| 1,5 0 0
118| 1,8 0 0
119| 2,1 0 0
120| 2,4 0 0
121| 2,7 0 0
122| 3 0 0
123| 3,299999 0 0
124| 3,599999 0 0
125| 3,899999 4 0
126| 4,2 8 0
127| 4,5 12 0
128| 4,8 16 0
129| 5,1 20 0
130| 5,4 24 0
131| 5,7 28 0
132| 6 32 0
133| 6,300001 36 0
134| 6,600001 40 0
135| 6,900001 43,99999 0
136| 7,200001 47,99999 0
137| 7,500001 51,99999 0
138| 7,800001 55,99999 0
139| 8,1 60 0
140| 8,4 64 0
141| 8,7 68 0
142| 8,999999 72 0
143| 9,299999 76,00001 0
144| 9,599998 80,00001 0
145| 9,899999 84,00001 0
146| 10,2 88,00002 0
147| 10,5 92,00002 0
148| 10,8 96,00002 0
149| 11,1 100 0
150| 11,4 104 0
151| 11,7 108 0
152| 12 112 0
153| 12,3 116 0
154| 12,6 120 0
155| 12,9 124 0
156| 13,2 128 0
157| 13,5 132 0
158| 13,79999 136 0
159| 14,09999 140 0
160| 14,39999 144 0
161| 14,69999 148 0
162| 14,99999 152 0
163| 15,29999 156 0
164| 15,59999 160 0
165| 15,89999 164 0
166| 16,19999 168 0
167| 16,49999 171,9999 0
168| 16,79999 175,9999 0
169| 17,09999 179,9999 0
170| 17,39999 183,9999 0
171| 17,69999 187,9999 0
172| 17,99999 191,9999 0
173| 18,29999 195,9999 0
174| 18,59999 199,9999 0
175| 18,89999 203,9999 0
176| 19,19999 207,9999 0
177| 19,49999 211,9999 0
178| 19,79999 215,9999 0
179| 20,09999 219,9999 0
180| 20,39999 223,9999 0
181| 20,69999 227,9999 0
182| 20,69999 231,9999 0
183| 20,69999 235,9999 0
184| 20,69999 239,9999 0
185| 20,69999 243,9999 0
186| 20,69999 247,9999 0
187| 20,69999 251,9999 0
188| 20,69999 255,9999 0
189| 20,69999 259,9999 0
190| 20,69999 263,9999 0
191| 20,69999 267,9999 0
192| 20,69999 271,9998 0
193| 20,69999 275,9998 0
194| 20,69999 279,9998 0
195| 20,69999 283,9998 0
196| 20,69999 287,9998 0
197| 20,69999 291,9998 0
198| 20,69999 295,9998 0
199| 20,69999 299,9998 0
200| 20,69999 303,9998 0
201| 20,69999 307,9998 0
202| 20,69999 311,9998 0
203| 20,69999 315,9998 0
204| 20,69999 319,9998 0
205| 20,69999 323,9998 0
206| 20,69999 327,9998 0
207| 20,69999 331,9998 0
208| 20,69999 335,9998 0
209| 20,69999 339,9998 0
210| 0 0 0
211| 0 0 0
212| 0 0 0
213| 0 0 0
214| 0 0 0
215| 0 0 0
216| 0 0 0
217| 0 0 0
218| 0 0 0
219| 0 0 0
220| 0 0 0
221| 0 0 0
222| 0 0 0
223| 0 0 0
224| 0 0 0
225| 0 0 0
226| 0 0 0
227| 0 0 0
228| 0 0 0
229| 0 0 0
230| 0 0 0
231| 0 0 0
232| 0 0 0
233| 0 0 0
234| 0 0 0
235| 0 0 0
236| 0 0 0
237| 0 0 0
238| 0 0 0
239| 0 0 0
240| 0 0 0
241| 0 0 0
242| 0 0 0
243| 0 0 0
244| 0 0 0
245| 0 0 0
246| 0 0 0
247| 0 0 0
248| 0 0 0
249| 0 0 0
250| 0 0 0
251| 0 0 0
252| 0 0 0
253| 0 0 0
254| 0 0 0
255| 0 0 0
256| 0 0 0
257| 0 0 0
258| 0 0 0
259| 0 0 0
260| 0 0 0
261| 0 0 0
262| 0 0 0
263| 0 0 0
264| 0 0 0
265| 0 0 0
266| 0 0 0
267| 0 0 0
268| 0 0 0
269| 0 0 0
270| 0 0 0
271| 0 0 0
272| 0 0 0
273| 0 0 0
274| 0 0 0
275| 0 0 0
276| 0 0 0
277| 0 0 0
278| 0 0 0
279| 0 0 0
280| 0 0 0
281| 0 0 0
282| 0 0 0
283| 0 0 0
284| 0 0 0
285| 0 0 0
286| 0 0 0
287| 0 0 0
288| 0 0 0
289| 0 0 0
290| 0 0 0
291| 0 4 0
292| 0 8 0
293| 0 12 0
294| 0 16 0
295| 0 20 0
296| 0 24 0
297| 0 28 0
298| 0 32 0
299| 0 36 0
300| 0 40 0
301| 0 43,99999 0
302| 0 47,99999 0
303| 0 51,99999 0
304| 0 55,99999 0
305| 0 60 0
306| 0 0 0
307| 0 0 0
308| 0 0 0
309| 0 0 0
310| 0 0 0
311| 0 0 0
312| 0 0 0
313| 0 4 0
314| 0 0 0
315| 0 0 0
316| 0 0 0
317| 0 0 0
318| 0 0 0
319| 0 4 0
320| 0 8 0
321| 0 12 0
322| 0 0 0
323| 0 0 0
324| 0 0 0
325| 0 0 0
326| 0 0 0
327| 0 4 0
328| 0 8 0
329| 0 12 0
330| 0 0 0
331| 0 0 0
332| 0 0 0
333| 0 0 0
334| 0 0 0
335| 0 4 0
336| 0 8 0
337| 0 0 0
338| 0 0 0
339| 0 4 0
340| 0 8 0
341| 0 12 0
342| 0 16 0
343| 0 0 0
344| 0 0 0
345| 0 0 0
346| 0 0 0
347| 0 4 0
348| 0 8 0
349| 0 12 0
350| 0 0 0
351| 0 0 0
352| 0 0 0
353| 0 0 0
354| 0 4 0
355| 0 8 0
356| 0 12 0
357| 0 0 0
358| 0 0 0
359| 0 0 0
360| 0 0 0
361| 0 0 0
362| 0 4 0
363| 0 8 0
364| 0 0 0
365| 0 0 0
366| 0 0 0
367| 0 0 0
368| 0 0 0
369| 0 4 0
370| 0 8 0
371| 0 12 0
372| 0 16 0
373| 0 0 0
374| 0 0 0
375| 0 0 0
376| 0 0 0
377| 0 0 0
378| 0 0 0
379| 0 0 0
380| 0 0 0
381| 0 0 0

