1| 0 0 0
2| 0 0 0
3| 0 0 0
4| 0 0 0
5| 0 0 0
6| 0 0 0
7| 0 0 0
8| 0 0 0
9| 0 0 0
10| 0 0 0
11| 0 0 0
12| 0 0 0
13| 0 0 0
14| 0 0 0
15| 0 0 0
16| 0 0 0
17| 0 0 0
18| 0 0 0
19| 0 0 0
20| 0 0 0
21| 0 0 0
22| 0 0 0
23| 0 0 0
24| 0 0 0
25| 0 0 0
26| 0 0 0
27| 0 0 0
28| 0 0 0
29| 0 0 0
30| 0 0 0
31| 0 0 0
32| 0 0 0
33| 0 0 0
34| 0 0 0
35| 0 0 0
36| 0 0 0
37| 0 0 0
38| 0 0 0
39| 0 0 0
40| 0 0 0
41| 0 0 0
42| 0 0 0
43| 0 0 0
44| 0 0 0
45| 0 0 0
46| 0 0 0
47| 0 0 0
48| 0 0 0
49| 0 0 0
50| 0 0 0
51| 0 0 0
52| 0 0 0
53| 0 0 0
54| 0 0 0
55| 0 0 0
56| 0 0 0
57| 0 0 0
58| 0 0 0
59| 0 0 0
60| 0 0 0
61| 0 0 0
62| 0 0 0
63| 0 0 0
64| 0 0 0
65| 0 0 0
66| 0 0 0
67| 0 0 0
68| 0 0 0
69| 0 0 0
70| 0 0 0
71| 0 0 0
72| 0 0 0
73| 0 0 0
74| 0 0 0
75| 0 0 0
76| 0 0 0
77| 0 0 0
78| 0 0 0
79| 0 0 0
80| 0 0 0
81| 0 0 0
82| 0 0 0
83| 0 0 0
84| 0 0 0
85| 0 0 0
86| 0 0 0
87| 0 0 0
88| 0 0 0
89| 0 0 0
90| 0 0 0
91| 0 0 0
92| 0 0 0
93| 0 0 0
94| 0 0 0
95| 0 0 0
96| 0 0 0
97| 0 0 0
98| 0 0 0
99| 0 0 0
100| 0 0 0
101| 0 0 0
102| 0 0 0
103| 0 0 0
104| 0 0 0
105| 0 0 0
106| 0 0 0
107| 0 0 0
108| 0 0 0
109| 0 0 0
110| 0 0 0
111| 0 0 0
112| 0 0 0
113| 0 0 0
114| 0 0 0
115| 0 0 0
116| 0 0 0
117| 0 0 0
118| 0 0 0
119| 0 0 0
120| 0 0 0
121| 0 0 0
122| 0 0 0
123| 0 0 0
124| 0 0 0
125| 0 0 0
126| 0 0 0
127| 0 0 0
128| 0 0 0
129| 0 0 0
130| 0 0 0
131| 0 0 0
132| 0 0 0
133| 0 0 0
134| 0 0 0
135| 0 0 0
136| 0 0 0
137| 0 0 0
138| 0 0 0
139| 0 0 0
140| 0 0 0
141| 0 0 0
142| 0 0 0
143| 0 0 0
144| 0 0 0
145| 0 0 0
146| 0 0 0
147| 0 0 0
148| 0 0 0
149| 0 0 0
150| 0 0 0
151| 0 0 0
152| 0 0 0
153| 0 0 0
154| 0 0 0
155| 0 0 0
156| 0 0 0
157| 0 0 0
158| 0 0 0
159| 0 0 0
160| 0 0 0
161| 0 0 0
162| 0 0 0
163| 0 0 0
164| 0 0 0
165| 0 0 0
166| 0 0 0
167| 0 0 0
168| 0 0 0
169| 0 0 0
170| 0 0 0
171| 0 0 0
172| 0 0 0
173| 0 0 0
174| 0 0 0
175| 0 0 0
176| 0 0 0
177| 0 0 0
178| 0 0 0
179| 0 0 0
180| 0 0 0
181| 0 0 0
182| 0 0 0
183| 0 0 0
184| 0 0 0
185| 0 0 0
186| 0 0 0
187| 0 0 0
188| 0 0 0
189| 0 0 0
190| 0 0 0
191| 0 0 0
192| 0 0 0
193| 0 0 0
194| 0 0 0
195| 0 0 0
196| 0 0 0
197| 0 0 0
198| 0 0 0
199| 0 0 0
200| 0 0 0
201| 0 0 0
202| 0 0 0
203| 0 0 0
204| 0 0 0
205| 0 0 0
206| 0 0 0
207| 0 0 0
208| 0 0 0
209| 0 0 0
210| 0 0 0
211| 0 0 0
212| 0 0 0
213| 0 0 0
214| 0 0 0
215| 0 0 0
216| 0 0 0
217| 0 0 0
218| 0 0 0
219| 0 0 0
220| 0 0 0
221| 0 0 0
222| 0 0 0
223| 0 0 0
224| 0 0 0
225| 0 0 0
226| 0 0 0
227| 0 0 0
228| 0 0 0
229| 0 0 0
230| 0 0 0
231| 0 0 0
232| 0 0 0
233| 0 0 0
234| 0 0 0
235| 0 0 0
236| 0 0 0
237| 0 0 0
238| 0 0 0
239| 0 0 0
240| 0 0 0
241| 0 0 0
242| 0 0 0
243| 0 0 0
244| 0 0 0
245| 0 0 0
246| 0 0 0
247| 0 0 0
248| 0 0 0
249| 0 0 0
250| 0 0 0
251| 0 0 0
252| 0 0 0
253| 0 0 0
254| 0 0 0
255| 0 0 0
256| 0 0 0
257| 0 0 0
258| 0 0 0
259| 0 0 0
260| 0 0 0
261| 0 0 0
262| 0 0 0
263| 0 0 0
264| 0 0 0
265| 0 0 0
266| 0 0 0
267| 0 0 0
268| 0 0 0
269| 0 0 0
270| 0 0 0
271| 0 0 0
272| 0 0 0
273| 0 0 0
274| 0 0 0
275| 0 4 0
276| 0 8 0
277| -0,3 12 0
278| -0,6 16 0
279| -0,9 20 0
280| -1,2 24 0
281| -1,5 28 0
282| -1,8 32 0
283| -2,1 36 0
284| -2,4 40 0
285| -2,7 43,99999 0
286| -3 47,99999 0
287| -3,299999 51,99999 0
288| -3,599999 55,99999 0
289| -3,899999 60 0
290| -4,2 64 0
291| -4,5 68 0
292| -4,8 72 0
293| -5,1 76,00001 0
294| -5,4 80,00001 0
295| -5,7 84,00001 0
296| -6 88,00002 0
297| -6,300001 92,00002 0
298| -6,600001 96,00002 0
299| -6,900001 100 0
300| -7,200001 104 0
301| -7,500001 108 0
302| -7,800001 112 0
303| -8,1 116 0
304| -8,4 120 0
305| -8,7 124 0
306| -8,999999 128 0
307| -9,299999 132 0
308| -9,599998 136 0
309| -9,899999 140 0
310| -10,2 144 0
311| -10,5 148 0
312| -10,8 152 0
313| -11,1 156 0
314| -11,4 160 0
315| -11,7 164 0
316| -12 168 0
317| -12,3 171,9999 0
318| -12,6 175,9999 0
319| -12,9 179,9999 0
320| -13,2 183,9999 0
321| -13,5 187,9999 0
322| -13,79999 191,9999 0
323| -14,09999 195,9999 0
324| -14,39999 199,9999 0
325| -14,69999 203,9999 0
326| -14,99999 207,9999 0
327| -15,29999 211,9999 0
328| -15,59999 215,9999 0
329| -15,89999 219,9999 0
330| -16,19999 223,9999 0
331| -16,19999 227,9999 0
332| -16,19999 231,9999 0
333| 0 235,9999 0
334| 0,3 239,9999 0
335| 0,6 243,9999 0
336| 0,9 247,9999 0
337| 0,9 251,9999 0
338| 0,9 255,9999 0
339| 0,9 259,9999 0
340| 0,9 263,9999 0
341| 0,9 267,9999 0
342| 0,9 271,9998 0
343| 0,9 275,9998 0
344| 0,9 279,9998 0
345| 0 283,9998 0
346| -0,3 287,9998 0
347| -0,6 291,9998 0
348| -0,9 295,9998 0
349| -1,2 299,9998 0
350| -1,5 303,9998 0
351| -1,8 307,9998 0
352| -2,1 311,9998 0
353| -2,4 315,9998 0
354| -2,7 319,9998 0
355| -3 323,9998 0
356| -3,299999 327,9998 0
357| -3,599999 331,9998 0
358| -3,899999 335,9998 0
359| -4,2 339,9998 0
360| -4,5 343,9998 0
361| -4,8 347,9998 0
362| -5,1 351,9998 0
363| -5,4 355,9998 0
364| -5,7 359,9998 0
365| -6 363,9998 0
366| -6,300001 367,9998 0
367| -6,300001 371,9998 0
368| -6,300001 375,9998 0
369| -6,300001 379,9998 0
370| -6,300001 383,9998 0
371| -6,300001 387,9998 0
372| -6,300001 391,9998 0
373| -6,300001 395,9998 0
374| -6,300001 399,9997 0
375| 0 400 0
376| 0,3 400 0
377| 0,3 400 0
378| 0,3 400 0
379| 0,3 400 0
380| 0,3 400 0
381| 0,3 400 0
382| 0,3 400 0
383| 0,3 400 0
384| 0,3 400 0
385| 0,3 400 0
386| 0,3 400 0
387| 0,3 400 0
388| 0,3 400 0
389| 0,3 400 0
390| 0,3 400 0
391| 0,3 400 0
392| 0,3 400 0
393| 0,3 400 0
394| 0,3 400 0
395| 0,3 400 0
396| 0,3 400 0
397| 0,3 400 0
398| 0,3 400 0
399| 0,3 400 0
400| 0,3 400 0
401| 0,3 400 0
402| 0,3 400 0
403| 0,3 400 0
404| 0,6 400 0
405| 0,9 400 0
406| 1,2 400 0
407| 1,5 400 0
408| 1,8 400 0
409| 2,1 400 0
410| 2,4 400 0
411| 2,7 400 0
412| 3 400 0
413| 3,299999 400 0
414| 3,599999 400 0
415| 3,899999 400 0
416| 4,2 400 0
417| 4,5 400 0
418| 4,8 400 0
419| 5,1 400 0
420| 5,4 400 0
421| 5,7 400 0
422| 6 400 0
423| 6,300001 400 0
424| 6,600001 400 0
425| 6,900001 400 0
426| 7,200001 400 0
427| 7,500001 400 0
428| 7,800001 400 0
429| 8,1 400 0
430| 8,4 400 0
431| 8,7 400 0
432| 8,999999 400 0
433| 9,299999 400 0
434| 9,599998 400 0
435| 9,899999 400 0
436| 10,2 400 0
437| 10,5 400 0
438| 10,8 400 0
439| 11,1 400 0
440| 11,4 400 0
441| 11,7 400 0
442| 12 400 0
443| 12,3 400 0
444| 12,6 400 0
445| 12,9 400 0
446| 13,2 400 0
447| 13,5 400 0
448| 13,79999 400 0
449| 14,09999 400 0
450| 14,39999 400 0
451| 14,39999 400 0
452| 14,39999 400 0
453| 14,39999 400 0
454| 14,39999 400 0
455| 14,39999 400 0
456| 14,39999 400 0
457| 14,39999 400 0
458| 14,39999 400 0
459| 14,39999 400 0
460| 14,39999 400 0
461| 14,39999 400 0
462| 14,39999 400 0
463| 14,39999 400 0
464| 14,39999 400 0
465| 14,39999 400 0
466| 14,39999 400 0
467| 14,39999 400 0
468| 14,39999 400 0
469| 14,39999 400 0
470| 14,39999 400 0
471| 14,39999 400 0
472| 14,39999 400 0
473| 14,39999 400 0
474| 14,39999 400 0
475| 14,39999 400 0
476| 14,39999 400 0
477| 14,39999 400 0
478| 14,39999 400 0
479| 14,39999 400 0
480| 14,39999 400 0
481| 14,39999 400 0
482| 0 400 0
483| -0,3 400 0
484| -0,6 400 0
485| -0,9 400 0
486| -1,2 400 0
487| -1,5 400 0
488| -1,8 400 0
489| -2,1 400 0
490| -2,4 400 0
491| -2,7 400 0
492| -3 400 0
493| -3,299999 400 0
494| -3,599999 400 0
495| -3,899999 400 0
496| -4,2 400 0
497| -4,5 400 0
498| -4,8 400 0
499| -4,8 400 0
500| -4,8 400 0
501| -4,8 400 0
502| -4,8 400 0
503| -4,8 400 0
504| -4,8 400 0
505| -4,8 400 0
506| -4,8 400 0
507| -4,8 400 0
508| -4,8 400 0
509| -4,8 400 0
510| -4,8 400 0
511| -4,8 400 0
512| -4,8 400 0
513| -4,8 400 0
514| -4,8 400 0
515| -4,8 400 0
516| -4,8 400 0
517| -4,8 400 0
518| 0 400 0
519| 0,3 400 0
520| 0,6 400 0
521| 0,9 400 0
522| 1,2 400 0
523| 1,5 400 0
524| 1,8 400 0
525| 2,1 400 0
526| 2,4 400 0
527| 2,7 400 0
528| 2,7 400 0
529| 2,7 400 0
530| 2,7 400 0
531| 2,7 400 0
532| 2,7 400 0
533| 2,7 400 0
534| 2,7 400 0
535| 2,7 400 0
536| 2,7 400 0
537| 2,7 400 0
538| 2,7 400 0
539| 2,7 400 0
540| 2,7 400 0
541| 2,7 400 0
542| 2,7 400 0
543| 2,7 400 0
544| 2,7 400 0
545| 2,7 400 0
546| 2,7 400 0
547| 0 400 0
548| -0,3 400 0
549| -0,6 400 0
550| -0,9 400 0
551| -1,2 400 0
552| -1,2 400 0
553| -1,2 400 0
554| -1,2 400 0
555| -1,2 400 0
556| -1,2 400 0
557| -1,2 400 0
558| -1,2 400 0
559| -1,2 400 0
560| -1,2 400 0
561| -1,2 400 0
562| -1,2 400 0
563| -1,2 400 0
564| -1,2 400 0
565| -1,2 400 0
566| -1,2 400 0
567| -1,2 400 0
568| -1,2 400 0
569| -1,2 400 0
570| -1,2 400 0
571| -1,2 400 0
572| -1,2 400 0
573| -1,2 400 0
574| -1,2 400 0
575| -1,2 400 0
576| -1,2 400 0
577| -1,2 400 0
578| -1,2 400 0
579| -1,2 400 0
580| -1,2 400 0
581| -1,2 400 0
582| -1,2 400 0
583| -1,2 400 0
584| -1,2 400 0
585| -1,2 400 0
586| -1,2 400 0
587| -1,2 400 0
588| -1,2 400 0
589| -1,2 400 0
590| -1,2 400 0
591| -1,2 400 0
592| -1,2 400 0
593| -1,2 400 0
594| -1,2 400 0
595| -1,2 400 0
596| -1,2 400 0
597| -1,2 400 0
598| -1,2 400 0
599| -1,2 400 0
600| -1,2 400 0
601| -1,2 400 0
602| -1,2 400 0
603| -1,2 400 0
604| -1,2 400 0
605| -1,2 400 0
606| -1,2 400 0
607| -1,2 400 0
608| -1,2 400 0
609| -1,2 400 0
610| -1,2 400 0
611| -1,2 400 0
612| 0 0 0
613| 0 0 0
614| 0 0 0
615| 0 0 0
616| 0 0 0
617| 0 0 0
618| 0 0 0
619| 0 0 0
620| 0 0 0
621| 0 0 0
622| 0 0 0
623| 0 0 0
624| 0 0 0
625| 0 0 0
626| 0 0 0
627| 0 0 0
628| 0 0 0
629| 0 0 0
630| 0 0 0
631| 0 0 0
632| 0 0 0
633| 0 0 0
634| 0 0 0
635| 0 0 0
636| 0 0 0
637| 0 0 0
638| 0 0 0
639| 0 0 0
640| 0 0 0
641| 0 0 0
642| 0 0 0
643| 0 0 0
644| 0 0 0
645| 0 0 0
646| 0 0 0
647| 0 0 0
648| 0 0 0
649| 0 0 0
650| 0 0 0
651| 0 0 0
652| 0 0 0
653| 0 0 0
654| 0 0 0
655| 0 0 0
656| 0 0 0
657| 0 0 0
658| 0 0 0
659| 0 0 0
660| 0 0 0
661| 0 0 0
662| 0 0 0
663| 0 0 0
664| 0 0 0
665| 0 0 0
666| 0 0 0
667| 0 0 0
668| 0 0 0
669| 0 0 0
670| 0 0 0
671| 0 0 0
672| 0 0 0
673| 0 0 0
674| 0 0 0
675| 0 0 0
676| 0 0 0
677| 0 0 0
678| 0 0 0
679| 0 0 0
680| 0 0 0
681| 0 0 0
682| 0 0 0
683| 0 0 0
684| 0 0 0
685| 0 0 0
686| 0 0 0
687| 0 0 0
688| 0 0 0
689| 0 0 0
690| 0 0 0
691| 0 0 0
692| 0 0 0
693| 0 0 0
694| 0 0 0
695| 0 0 0
696| 0 0 0
697| 0 0 0

