1| 0 0 0
2| 0 0 0
3| 0 0 0
4| 0 0 0
5| 0 0 0
6| 0 0 0
7| 0 0 0
8| 0 0 0
9| 0 0 0
10| 0 0 0
11| 0 0 0
12| 0 0 0
13| 0 0 0
14| 0 0 0
15| 0 0 0
16| 0 0 0
17| 0 0 0
18| 0 0 0
19| 0 0 0
20| 0 0 0
21| 0 0 0
22| 0 0 0
23| 0 0 0
24| 0 0 0
25| 0 0 0
26| 0 0 0
27| 0 0 0
28| 0 0 0
29| 0 0 0
30| 0 0 0
31| 0 0 0
32| 0 0 0
33| 0 0 0
34| 0 0 0
35| 0 0 0
36| 0 0 0
37| 0 0 0
38| 0 0 0
39| 0 0 0
40| 0 0 0
41| 0 0 0
42| 0 0 0
43| 0 0 0
44| 0 0 0
45| 0 0 0
46| 0 0 0
47| 0 0 0
48| 0 0 0
49| 0 0 0
50| 0 0 0
51| 0 0 0
52| 0 0 0
53| 0 0 0
54| 0 0 0
55| 0 0 0
56| 0 0 0
57| 0 0 0
58| 0 0 0
59| 0 0 0
60| 0 0 0
61| 0 0 0
62| 0 0 0
63| 0 0 0
64| 0 0 0
65| 0 0 0
66| 0 0 0
67| 0 0 0
68| 0 0 0
69| 0 0 0
70| 0 0 0
71| 0 0 0
72| 0 0 0
73| 0 0 0
74| 0 0 0
75| 0 0 0
76| 0 0 0
77| 0 0 0
78| 0 0 0
79| 0 0 0
80| 0 0 0
81| 0 0 0
82| 0 0 0
83| 0 0 0
84| 0 0 0
85| 0 0 0
86| 0 0 0
87| 0 0 0
88| 0 0 0
89| 0 0 0
90| 0 0 0
91| 0 0 0
92| 0 0 0
93| 0 0 0
94| 0 0 0
95| 0 0 0
96| 0 0 0
97| 0 0 0
98| 0 0 0
99| 0 0 0
100| 0 0 0
101| 0 4 0
102| 0 8 0
103| -0,3 12 0
104| -0,6 16 0
105| -0,9 20 0
106| -0,9 24 0
107| -0,9 28 0
108| -0,9 32 0
109| -0,9 36 0
110| -0,9 40 0
111| -0,9 43,99999 0
112| -0,9 47,99999 0
113| -0,9 51,99999 0
114| -0,9 55,99999 0
115| -0,9 60 0
116| -0,9 64 0
117| -0,9 68 0
118| -0,9 72 0
119| -0,9 76,00001 0
120| -0,9 80,00001 0
121| -0,9 84,00001 0
122| -0,9 88,00002 0
123| -0,9 92,00002 0
124| -0,9 96,00002 0
125| -0,9 100 0
126| -0,9 104 0
127| -0,9 108 0
128| -0,9 112 0
129| -0,9 116 0
130| -0,9 120 0
131| -0,9 124 0
132| -0,9 128 0
133| -0,9 132 0
134| -1,2 136 0
135| -1,5 140 0
136| -1,8 144 0
137| -2,1 148 0
138| -2,4 152 0
139| -2,4 156 0
140| -2,4 160 0
141| -2,4 164 0
142| -2,4 168 0
143| -2,4 171,9999 0
144| -2,4 175,9999 0
145| -2,4 179,9999 0
146| -2,7 183,9999 0
147| -3 187,9999 0
148| -3,299999 191,9999 0
149| -3,599999 195,9999 0
150| -3,899999 199,9999 0
151| -4,2 203,9999 0
152| -4,5 207,9999 0
153| -4,8 211,9999 0
154| -5,1 215,9999 0
155| -5,4 219,9999 0
156| -5,7 223,9999 0
157| -6 227,9999 0
158| -6,300001 231,9999 0
159| -6,300001 235,9999 0
160| -6,300001 239,9999 0
161| -6,300001 243,9999 0
162| -6,300001 247,9999 0
163| -6,300001 251,9999 0
164| -6,300001 255,9999 0
165| -6,600001 259,9999 0
166| -6,900001 263,9999 0
167| -6,900001 267,9999 0
168| -6,900001 271,9998 0
169| -6,900001 275,9998 0
170| -6,900001 279,9998 0
171| -6,900001 283,9998 0
172| 0 287,9998 0
173| 0,3 291,9998 0
174| 0,6 295,9998 0
175| 0,9 299,9998 0
176| 1,2 303,9998 0
177| 1,2 307,9998 0
178| 1,2 311,9998 0
179| 0 315,9998 0
180| -0,3 319,9998 0
181| -0,6 323,9998 0
182| -0,9 327,9998 0
183| -1,2 331,9998 0
184| -1,5 335,9998 0
185| -1,8 339,9998 0
186| -2,1 343,9998 0
187| -2,1 347,9998 0
188| -2,1 351,9998 0
189| -2,1 355,9998 0
190| -2,1 359,9998 0
191| -2,1 363,9998 0
192| -2,1 367,9998 0
193| -2,1 371,9998 0
194| -2,1 375,9998 0
195| -2,4 379,9998 0
196| -2,7 383,9998 0
197| -3 387,9998 0
198| -3,299999 391,9998 0
199| -3,299999 395,9998 0
200| -3,299999 399,9997 0
201| -3,299999 400 0
202| -3,299999 400 0
203| -3,299999 400 0
204| -3,299999 400 0
205| -3,299999 400 0
206| -3,299999 400 0
207| -3,299999 400 0
208| -3,299999 400 0
209| -3,299999 400 0
210| -3,299999 400 0
211| -3,299999 400 0
212| -3,299999 400 0
213| -3,299999 400 0
214| -3,299999 400 0
215| -3,299999 400 0
216| -3,299999 400 0
217| -3,299999 400 0
218| -3,299999 400 0
219| -3,299999 400 0
220| -3,299999 400 0
221| -3,299999 400 0
222| -3,299999 400 0
223| -3,299999 400 0
224| -3,299999 400 0
225| -3,299999 400 0
226| -3,299999 400 0
227| -3,299999 400 0
228| 0 400 0
229| 0,3 400 0
230| 0,6 400 0
231| 0,9 400 0
232| 0,9 400 0
233| 0,9 400 0
234| 0,9 400 0
235| 0,9 400 0
236| 0,9 400 0
237| 0,9 400 0
238| 0,9 400 0
239| 0,9 400 0
240| 0,9 400 0
241| 0,9 400 0
242| 0,9 400 0
243| 0,9 400 0
244| 0,9 400 0
245| 0,9 400 0
246| 0,9 400 0
247| 0,9 400 0
248| 0,9 400 0
249| 0,9 400 0
250| 0,9 400 0
251| 0,9 400 0
252| 0,9 400 0
253| 0,9 400 0
254| 0,9 400 0
255| 0,9 400 0
256| 0,9 400 0
257| 0,9 400 0
258| 0,9 400 0
259| 0,9 400 0
260| 0,9 400 0
261| 0,9 400 0
262| 0,9 400 0
263| 0,9 400 0
264| 0,9 400 0
265| 0,9 400 0
266| 0,9 400 0
267| 0,9 400 0
268| 0,9 400 0
269| 0,9 400 0
270| 0,9 400 0
271| 0,9 400 0
272| 0,9 400 0
273| 0,9 400 0
274| 0,9 400 0
275| 0,9 400 0
276| 0,9 400 0
277| 0,9 400 0
278| 0,9 400 0
279| 0,9 400 0
280| 1,2 400 0
281| 1,5 400 0
282| 1,8 400 0
283| 2,1 400 0
284| 2,4 400 0
285| 2,7 400 0
286| 3 400 0
287| 3,299999 400 0
288| 3,599999 400 0
289| 3,899999 400 0
290| 4,2 400 0
291| 4,5 400 0
292| 4,8 400 0
293| 5,1 400 0
294| 5,4 400 0
295| 5,7 400 0
296| 6 400 0
297| 6,300001 400 0
298| 6,600001 400 0
299| 6,900001 400 0
300| 7,200001 400 0
301| 7,500001 400 0
302| 7,800001 400 0
303| 8,1 400 0
304| 8,4 400 0
305| 8,7 400 0
306| 8,999999 400 0
307| 9,299999 400 0
308| 9,599998 400 0
309| 9,899999 400 0
310| 10,2 400 0
311| 10,5 400 0
312| 10,8 400 0
313| 11,1 400 0
314| 11,4 400 0
315| 11,7 400 0
316| 12 400 0
317| 12,3 400 0
318| 12,6 400 0
319| 12,9 400 0
320| 13,2 400 0
321| 13,5 400 0
322| 13,79999 400 0
323| 14,09999 400 0
324| 14,39999 400 0
325| 14,69999 400 0
326| 14,99999 400 0
327| 15,29999 400 0
328| 15,59999 400 0
329| 15,89999 400 0
330| 16,19999 400 0
331| 16,49999 400 0
332| 16,79999 400 0
333| 17,09999 400 0
334| 17,39999 400 0
335| 17,69999 400 0
336| 17,99999 400 0
337| 18,29999 400 0
338| 18,29999 400 0
339| 18,29999 400 0
340| 18,29999 400 0
341| 18,29999 400 0
342| 18,29999 400 0
343| 18,29999 400 0
344| 18,29999 400 0
345| 18,29999 400 0
346| 18,29999 400 0
347| 18,29999 400 0
348| 18,59999 400 0
349| 18,89999 400 0
350| 19,19999 400 0
351| 19,19999 400 0
352| 19,19999 400 0
353| 19,19999 400 0
354| 19,19999 400 0
355| 19,19999 400 0
356| 19,19999 400 0
357| 19,19999 400 0
358| 19,19999 400 0
359| 19,19999 400 0
360| 0 400 0
361| -0,3 400 0
362| -0,6 400 0
363| -0,9 400 0
364| -1,2 400 0
365| -1,2 400 0
366| -1,2 400 0
367| -1,2 400 0
368| -1,2 400 0
369| -1,2 400 0
370| -1,2 400 0
371| -1,2 400 0
372| -1,2 400 0
373| -1,2 400 0
374| -1,2 400 0
375| -1,2 400 0
376| -1,2 400 0
377| -1,2 400 0
378| -1,2 400 0
379| -1,2 400 0
380| -1,2 400 0
381| -1,2 400 0
382| -1,2 400 0
383| -1,2 400 0
384| -1,2 400 0
385| -1,2 400 0
386| -1,2 400 0
387| -1,2 400 0
388| -1,2 400 0
389| -1,2 400 0
390| -1,2 400 0
391| -1,2 400 0
392| -1,2 400 0
393| -1,2 400 0
394| -1,2 400 0
395| -1,2 400 0
396| -1,2 400 0
397| -1,2 400 0
398| -1,2 400 0
399| -1,2 400 0
400| -1,2 400 0
401| -1,2 400 0
402| -1,2 400 0
403| -1,2 400 0
404| -1,2 400 0
405| -1,2 400 0
406| -1,2 400 0
407| -1,2 400 0
408| -1,2 400 0
409| -1,2 400 0
410| -1,2 400 0
411| -1,2 400 0
412| -1,2 400 0
413| -1,2 400 0
414| -1,2 400 0
415| -1,2 400 0
416| -1,2 400 0
417| -1,2 400 0
418| -1,2 400 0
419| -1,2 400 0
420| -1,2 400 0
421| -1,2 400 0
422| -1,2 400 0
423| -1,2 400 0
424| -1,2 400 0
425| -1,2 400 0
426| -1,2 400 0
427| -1,2 400 0
428| -1,2 400 0
429| -1,2 400 0
430| -1,2 400 0
431| -1,2 400 0
432| -1,2 400 0
433| -1,2 400 0
434| -1,2 400 0
435| -1,2 400 0
436| -1,2 400 0
437| -1,2 400 0
438| -1,2 400 0
439| -1,2 400 0
440| -1,2 400 0
441| -1,2 400 0
442| -1,2 400 0
443| -1,2 400 0
444| -1,2 400 0
445| -1,2 400 0
446| -1,2 400 0
447| -1,2 400 0
448| -1,2 400 0
449| -1,2 400 0
450| -1,2 400 0
451| -1,2 400 0
452| -1,2 400 0
453| -1,2 400 0
454| -1,2 400 0
455| -1,2 400 0
456| -1,2 400 0
457| -1,2 400 0
458| -1,2 400 0
459| -1,2 400 0
460| -1,2 400 0
461| -1,2 400 0
462| -1,2 400 0
463| -1,2 400 0
464| -1,2 400 0
465| -1,2 400 0
466| -1,2 400 0
467| -1,2 400 0
468| -1,2 400 0
469| -1,2 400 0
470| -1,2 400 0
471| -1,2 400 0
472| -1,2 400 0
473| -1,2 400 0
474| -1,2 400 0
475| -1,2 400 0
476| -1,2 400 0
477| -1,2 400 0
478| -1,2 400 0
479| -1,2 400 0
480| -1,2 400 0
481| -1,2 400 0
482| -1,2 400 0
483| -1,2 400 0
484| -1,2 400 0
485| -1,2 400 0
486| -1,2 400 0
487| -1,2 400 0
488| -1,2 400 0
489| -1,2 400 0
490| -1,2 400 0
491| -1,2 400 0
492| -1,2 400 0
493| -1,2 400 0
494| -1,2 400 0
495| -1,2 400 0
496| -1,2 400 0
497| -1,2 400 0
498| -1,2 400 0
499| -1,2 400 0
500| -1,2 400 0
501| -1,2 400 0
502| -1,2 400 0
503| -1,2 400 0
504| -1,2 400 0
505| -1,2 400 0
506| -1,2 400 0
507| -1,2 400 0
508| -1,2 400 0
509| -1,2 400 0
510| -1,2 400 0
511| -1,2 400 0
512| -1,2 400 0
513| -1,2 400 0
514| -1,2 400 0
515| -1,2 400 0
516| -1,2 400 0
517| -1,2 400 0
518| -1,2 400 0
519| -1,2 400 0
520| -1,2 400 0
521| -1,2 400 0
522| -1,2 400 0
523| -1,2 400 0
524| -1,2 400 0
525| -1,2 400 0
526| -1,2 400 0
527| -1,2 400 0
528| -1,2 400 0
529| -1,2 400 0
530| -1,2 400 0
531| -1,2 400 0
532| -1,2 400 0
533| -1,2 400 0
534| -1,2 400 0
535| -1,2 400 0
536| -1,2 400 0
537| -1,2 400 0
538| -1,2 400 0
539| -1,2 400 0
540| -1,2 400 0
541| -1,2 400 0
542| -1,2 400 0
543| -1,2 400 0
544| -1,2 400 0
545| -1,2 400 0
546| -1,2 400 0
547| -1,2 400 0
548| -1,2 400 0
549| -1,2 400 0
550| -1,2 400 0
551| -1,2 400 0
552| 0 400 0
553| 0,3 400 0
554| 0,6 400 0
555| 0,9 400 0
556| 1,2 400 0
557| 1,5 400 0
558| 1,5 400 0
559| 1,5 400 0
560| 1,5 400 0
561| 1,5 400 0
562| 1,5 400 0
563| 1,5 400 0
564| 1,5 400 0
565| 1,5 400 0
566| 1,5 400 0
567| 1,5 400 0
568| 1,5 400 0
569| 1,5 400 0
570| 1,5 400 0
571| 1,5 400 0
572| 1,5 400 0
573| 1,5 400 0
574| 1,5 400 0
575| 1,5 400 0
576| 1,5 400 0
577| 1,5 400 0
578| 1,5 400 0
579| 1,5 400 0
580| 1,5 400 0
581| 1,5 400 0
582| 1,5 400 0
583| 0 0 0
584| 0 0 0
585| 0 0 0
586| 0 0 0
587| 0 0 0
588| 0 0 0
589| 0 0 0
590| 0 0 0
591| -0,3 0 0
592| -0,6 0 0
593| -0,9 0 0
594| -1,2 0 0
595| -1,5 0 0
596| -1,8 0 0
597| 0 0 0
598| 0 0 0
599| 0 0 0
600| 0 0 0
601| 0 0 0
602| 0 0 0
603| 0 0 0
604| 0 0 0
605| 0 0 0
606| 0 0 0
607| 0 0 0
608| 0 0 0
609| 0 0 0
610| 0 0 0
611| 0 0 0
612| 0 0 0
613| 0 0 0
614| 0 0 0
615| 0 0 0
616| 0 0 0
617| 0 0 0
618| 0 0 0
619| 0 0 0
620| 0 0 0
621| 0 0 0
622| 0 0 0
623| 0 0 0
624| 0 0 0
625| 0 0 0
626| 0 0 0
627| 0 0 0
628| 0 0 0
629| 0 0 0
630| 0 0 0
631| 0,3 0 0
632| 0,6 0 0
633| 0,9 0 0
634| 1,2 0 0
635| 1,5 0 0
636| 1,8 0 0
637| 2,1 0 0
638| 0 0 0
639| 0 0 0
640| 0 0 0
641| 0 0 0
642| 0 0 0
643| 0 0 0
644| 0 0 0
645| 0 0 0
646| 0 0 0
647| 0 0 0
648| 0 0 0
649| 0 0 0
650| 0 0 0
651| 0 0 0
652| 0 0 0
653| 0 0 0
654| 0 0 0
655| 0 0 0
656| 0 0 0
657| 0 0 0
658| 0 0 0
659| 0 0 0
660| 0 0 0
661| 0 0 0
662| 0 0 0
663| 0 0 0
664| 0 0 0
665| 0 0 0
666| 0 0 0
667| 0 0 0
668| 0 0 0
669| 0 0 0
670| 0 0 0
671| 0 0 0
672| 0 0 0
673| 0 0 0
674| 0 0 0
675| 0 0 0
676| 0 0 0
677| 0 0 0
678| 0 0 0
679| 0 0 0
680| 0 0 0
681| 0 0 0
682| 0 0 0
683| 0 0 0
684| 0 0 0
685| 0 0 0
686| 0 0 0
687| 0 0 0
688| 0 0 0
689| 0 0 0
690| 0 0 0
691| 0 0 0
692| 0 0 0
693| 0 0 0
694| 0 0 0
695| 0 0 0
696| 0 0 0
697| 0 0 0
698| 0 0 0
699| 0 0 0
700| 0 0 0
701| 0 0 0
702| 0 0 0
703| 0 0 0
704| 0 0 0
705| 0 0 0
706| 0 0 0
707| 0 0 0
708| 0 0 0
709| 0 0 0
710| 0 0 0
711| 0 0 0
712| 0 0 0
713| 0 0 0
714| 0 0 0
715| 0 0 0
716| 0 0 0
717| 0 0 0
718| 0 0 0
719| 0 0 0
720| 0 0 0
721| 0 0 0
722| 0 0 0
723| 0 0 0
724| 0 0 0
725| 0 0 0
726| 0 0 0
727| 0 0 0
728| 0 0 0
729| 0 0 0
730| 0 0 0
731| 0 0 0
732| 0 0 0
733| 0 0 0
734| 0 0 0
735| 0 0 0
736| 0 0 0
737| 0 0 0
738| 0 0 0
739| 0 0 0
740| 0 0 0
741| 0 0 0
742| 0 0 0
743| 0 0 0
744| 0 0 0
745| 0 0 0
746| 0 0 0
747| 0 0 0
748| 0 0 0
749| 0 0 0
750| 0 0 0
751| 0 0 0
752| 0 0 0
753| 0 0 0
754| 0 0 0
755| 0 0 0
756| 0 0 0
757| 0 0 0
758| 0 0 0
759| 0 0 0
760| 0 0 0
761| 0 0 0
762| 0 0 0
763| 0 0 0
764| 0 0 0
765| 0 0 0
766| 0 0 0
767| 0 0 0
768| 0 0 0
769| 0 0 0
770| 0 0 0
771| 0 0 0
772| 0 0 0
773| 0 0 0
774| 0 0 0
775| 0 0 0
776| 0 0 0
777| 0 0 0
778| 0 0 0
779| 0 0 0
780| 0 0 0
781| 0 0 0
782| 0 0 0
783| 0 0 0
784| 0 0 0
785| 0 0 0
786| 0 0 0
787| 0 0 0
788| 0 0 0
789| 0 0 0
790| 0 0 0
791| 0 0 0
792| 0 0 0
793| 0 0 0
794| 0 0 0
795| 0 0 0
796| 0 0 0
797| 0 0 0
798| 0 0 0
799| 0 0 0
800| 0 0 0
801| 0 0 0
802| 0 0 0
803| 0 0 0
804| 0 0 0
805| 0 0 0
806| 0 0 0
807| 0 0 0
808| 0 0 0
809| 0 0 0
810| 0 0 0
811| 0 0 0
812| 0 0 0
813| 0 0 0
814| 0 0 0
815| 0 0 0
816| 0 0 0
817| 0 0 0
818| 0 0 0
819| 0 0 0
820| 0 0 0
821| 0 0 0
822| 0 0 0
823| 0 0 0
824| 0 0 0
825| 0 0 0
826| 0 0 0
827| 0 0 0
828| 0 0 0
829| 0 0 0
830| 0 0 0
831| 0 0 0
832| 0 0 0
833| 0 0 0
834| 0 0 0
835| 0 0 0
836| 0 0 0
837| 0 0 0
838| 0 0 0
839| 0 0 0
840| 0 0 0
841| 0 0 0
842| 0 0 0
843| 0 0 0
844| 0 0 0
845| 0 0 0
846| 0 0 0
847| 0 0 0
848| 0 0 0
849| 0 0 0
850| 0 0 0
851| 0 0 0
852| 0 0 0
853| 0 0 0
854| 0 0 0
855| 0 0 0
856| 0 0 0
857| 0 0 0
858| 0 0 0
859| 0 0 0
860| 0 0 0
861| 0 0 0
862| 0 0 0
863| 0 0 0
864| 0 0 0
865| 0 0 0
866| 0 0 0
867| 0 0 0
868| 0 0 0
869| 0 0 0
870| 0 0 0
871| 0 0 0
872| 0 0 0
873| 0 0 0
874| 0 0 0
875| 0 0 0
876| 0 0 0
877| 0 0 0
878| 0 0 0
879| 0 0 0
880| 0 0 0
881| 0 0 0
882| 0 0 0
883| 0 0 0
884| 0 0 0
885| 0 0 0
886| 0 0 0
887| 0 0 0
888| 0 0 0
889| 0 0 0
890| 0 0 0

