1| 0 0 0
2| 0 0 0
3| 0 0 0
4| 0 0 0
5| 0 0 0
6| 0 0 0
7| 0 0 0
8| 0 0 0
9| 0 0 0
10| 0 0 0
11| 0 0 0
12| 0 0 0
13| 0 0 0
14| 0 0 0
15| 0 0 0
16| 0 4 0
17| -0,3 8 0
18| -0,6 12 0
19| -0,9 16 0
20| -1,2 20 0
21| -1,5 24 0
22| -1,8 28 0
23| -2,1 32 0
24| -2,4 36 0
25| -2,7 40 0
26| -3 43,99999 0
27| -3,299999 47,99999 0
28| -3,599999 51,99999 0
29| -3,899999 55,99999 0
30| -4,2 60 0
31| -4,5 64 0
32| -4,8 68 0
33| -5,1 72 0
34| -5,4 76,00001 0
35| -5,7 80,00001 0
36| -6 84,00001 0
37| -6,300001 88,00002 0
38| -6,600001 92,00002 0
39| -6,900001 96,00002 0
40| -7,200001 100 0
41| -7,500001 104 0
42| -7,800001 108 0
43| -8,1 112 0
44| -8,4 116 0
45| -8,7 120 0
46| -8,999999 124 0
47| -9,299999 128 0
48| -9,599998 132 0
49| -9,899999 136 0
50| -10,2 140 0
51| -10,5 144 0
52| -10,8 148 0
53| -11,1 152 0
54| -11,4 156 0
55| -11,7 160 0
56| -12 164 0
57| -12,3 168 0
58| -12,6 171,9999 0
59| -12,9 175,9999 0
60| -13,2 179,9999 0
61| -13,5 183,9999 0
62| -13,79999 187,9999 0
63| -14,09999 191,9999 0
64| -14,39999 195,9999 0
65| -14,69999 199,9999 0
66| -14,99999 203,9999 0
67| -15,29999 207,9999 0
68| -15,59999 211,9999 0
69| -15,89999 215,9999 0
70| -15,89999 219,9999 0
71| -15,89999 223,9999 0
72| -15,89999 227,9999 0
73| -15,89999 231,9999 0
74| -15,89999 235,9999 0
75| -15,89999 239,9999 0
76| -15,89999 243,9999 0
77| -15,89999 247,9999 0
78| -15,89999 251,9999 0
79| 0 0 0
80| 0 0 0
81| 0 0 0
82| 0 0 0
83| 0 0 0
84| 0 0 0
85| 0 0 0
86| 0 0 0
87| 0 0 0
88| 0 0 0
89| 0 0 0
90| 0,3 0 0
91| 0,6 0 0
92| 0,9 0 0
93| 1,2 0 0
94| 1,5 0 0
95| 1,8 0 0
96| 2,1 0 0
97| 2,4 0 0
98| 2,7 0 0
99| 3 0 0
100| 3,299999 0 0
101| 3,599999 0 0
102| 3,899999 0 0
103| 4,2 0 0
104| 4,5 0 0
105| 4,8 0 0
106| 5,1 0 0
107| 5,4 0 0
108| 5,7 0 0
109| 6 0 0
110| 6,300001 0 0
111| 6,600001 0 0
112| 6,900001 0 0
113| 7,200001 0 0
114| 7,500001 0 0
115| 7,800001 0 0
116| 8,1 0 0
117| 8,4 0 0
118| 8,7 0 0
119| 0 0 0
120| 0 0 0
121| 0 0 0
122| 0 0 0
123| 0 0 0
124| 0 0 0
125| 0 0 0
126| 0 0 0
127| 0 0 0
128| 0 0 0
129| 0 0 0
130| 0 0 0
131| 0 0 0
132| 0 0 0
133| 0 0 0
134| 0 0 0
135| 0 0 0
136| 0 0 0
137| 0 0 0
138| 0 0 0
139| 0 0 0
140| 0 0 0
141| 0 0 0
142| 0 0 0
143| 0 0 0
144| 0 0 0
145| 0 0 0
146| 0 0 0
147| 0 0 0
148| 0 0 0
149| 0,3 0 0
150| 0,6 0 0
151| 0,9 0 0
152| 1,2 0 0
153| 1,5 0 0
154| 1,8 0 0
155| 2,1 0 0
156| 2,4 0 0
157| 2,7 0 0
158| 3 0 0
159| 3,299999 0 0
160| 3,599999 0 0
161| 3,899999 0 0
162| 4,2 0 0
163| 4,5 0 0
164| 4,8 0 0
165| 5,1 0 0
166| 5,4 0 0
167| 0 0 0
168| 0 0 0
169| 0 0 0
170| 0 0 0
171| 0 0 0
172| 0 0 0
173| 0 0 0
174| 0 0 0
175| 0 0 0
176| 0 0 0
177| 0 0 0
178| 0 0 0
179| 0 0 0
180| 0 0 0
181| 0 0 0
182| 0 0 0
183| 0 0 0
184| 0 0 0
185| 0 0 0
186| 0 0 0
187| 0 0 0
188| 0 0 0
189| 0 0 0
190| 0 0 0
191| 0 0 0
192| 0 0 0
193| 0 0 0
194| 0 0 0
195| 0 0 0
196| 0 0 0
197| 0 0 0
198| 0 0 0
199| 0 0 0
200| 0 0 0
201| 0 0 0
202| 0 0 0
203| 0 0 0
204| 0 0 0
205| 0 0 0
206| 0 0 0
207| 0 0 0
208| 0 0 0
209| 0 0 0
210| 0 0 0
211| 0 0 0
212| 0 0 0
213| 0 0 0
214| 0 0 0
215| 0 0 0
216| 0 0 0
217| 0 0 0
218| 0 0 0
219| 0 0 0
220| 0 0 0
221| 0 0 0
222| 0 0 0
223| 0 0 0
224| 0 0 0
225| 0 0 0
226| 0 0 0
227| 0 0 0
228| 0 0 0
229| 0 0 0
230| 0 0 0
231| 0 0 0
232| 0 0 0
233| 0 0 0
234| 0 0 0
235| 0 0 0
236| 0 0 0
237| 0 0 0
238| 0 0 0
239| 0 0 0
240| 0 0 0
241| 0 0 0
242| 0 0 0
243| 0 0 0
244| 0 0 0
245| 0 0 0
246| 0 0 0
247| 0 0 0
248| 0 0 0
249| 0 0 0
250| 0 0 0
251| 0 0 0
252| 0 0 0
253| 0 0 0
254| 0 0 0
255| 0 0 0
256| 0 0 0
257| 0 0 0
258| 0 0 0
259| 0 0 0
260| 0 0 0
261| 0 0 0
262| 0 0 0
263| 0 0 0
264| 0 0 0
265| 0 0 0
266| 0 0 0
267| 0 0 0
268| 0 0 0
269| 0 0 0
270| 0 0 0
271| 0 0 0
272| 0 0 0
273| 0 0 0
274| 0 0 0
275| 0 0 0
276| 0 0 0
277| 0 0 0
278| 0 0 0
279| 0 0 0
280| 0 0 0
281| 0 0 0
282| 0 0 0
283| 0 0 0
284| 0 0 0
285| 0 0 0
286| 0 0 0
287| 0 0 0
288| 0 0 0
289| 0 0 0
290| 0 0 0
291| 0 0 0
292| 0 0 0
293| 0 0 0
294| 0 0 0
295| 0 0 0
296| 0 0 0
297| 0 0 0
298| 0 0 0
299| 0 0 0
300| 0 0 0
301| 0 0 0
302| 0 0 0
303| 0 0 0
304| 0 0 0
305| 0 0 0
306| 0 0 0
307| 0 0 0
308| 0 0 0
309| 0 0 0
310| 0 0 0
311| 0 0 0
312| 0 0 0
313| 0 0 0
314| 0 0 0
315| 0 0 0
316| 0 0 0
317| 0 0 0
318| 0 0 0
319| 0 0 0
320| 0 0 0
321| 0 0 0
322| 0 0 0
323| 0 0 0
324| 0 0 0
325| 0 0 0
326| 0 0 0
327| 0 0 0
328| 0 0 0
329| 0 0 0
330| 0 0 0
331| 0 0 0
332| 0 0 0
333| 0 0 0
334| 0 0 0
335| 0 0 0
336| 0 0 0
337| 0 0 0
338| 0 0 0
339| 0 0 0
340| 0 0 0
341| 0 0 0
342| 0 0 0
343| 0 0 0
344| 0 0 0
345| 0 0 0
346| 0 0 0
347| 0 0 0
348| 0 0 0
349| 0 0 0
350| 0 0 0
351| 0 0 0
352| 0 0 0
353| 0 0 0
354| 0 0 0
355| 0 0 0
356| 0 0 0
357| 0 0 0
358| 0 0 0
359| 0 0 0
360| 0 0 0
361| 0 0 0
362| 0 0 0
363| 0 0 0
364| 0 0 0
365| 0 0 0
366| 0 0 0
367| 0 0 0
368| 0 0 0
369| 0 0 0
370| 0 0 0
371| 0 0 0
372| 0 0 0
373| 0 0 0
374| 0 0 0
375| 0 0 0
376| 0 0 0
377| 0 0 0
378| 0 0 0
379| 0 0 0
380| 0 0 0
381| 0 0 0
382| 0 0 0
383| 0 0 0
384| 0 0 0
385| 0 0 0
386| 0 0 0
387| 0 0 0
388| 0 0 0
389| 0 0 0
390| 0 0 0
391| 0 0 0
392| 0 0 0
393| 0 0 0
394| 0 0 0
395| 0 0 0
396| 0 0 0
397| 0 0 0
398| 0 0 0
399| 0 0 0
400| 0 0 0
401| 0 0 0
402| 0 0 0
403| 0 0 0
404| 0 0 0
405| 0 0 0
406| 0 0 0
407| 0 0 0
408| 0 0 0
409| 0 0 0
410| 0 0 0
411| 0 0 0
412| 0 0 0
413| 0 0 0
414| 0 0 0
415| 0 0 0
416| 0 0 0
417| 0 0 0
418| 0 0 0
419| 0 0 0
420| 0 0 0
421| 0 0 0
422| 0 0 0
423| 0 0 0
424| 0 0 0
425| 0 0 0
426| 0 0 0
427| 0 0 0
428| 0 0 0
429| 0 0 0
430| 0 0 0
431| 0 0 0
432| 0 0 0
433| 0 0 0
434| 0 0 0
435| 0 0 0
436| 0 0 0
437| 0 0 0
438| 0 0 0
439| 0 0 0
440| 0 0 0
441| 0 0 0
442| 0 0 0
443| 0 0 0
444| 0 0 0
445| 0 0 0
446| 0 0 0
447| 0 0 0
448| 0 0 0
449| 0 0 0
450| 0 0 0
451| 0 0 0
452| 0 0 0
453| 0 0 0
454| 0 0 0
455| 0 0 0
456| 0 0 0
457| 0 0 0
458| 0 0 0
459| 0 0 0
460| 0 0 0
461| 0 0 0
462| 0 0 0
463| 0 0 0
464| 0 0 0
465| 0 0 0
466| 0 0 0
467| 0 0 0
468| 0 0 0
469| 0 0 0
470| 0 0 0
471| 0 0 0
472| 0 0 0
473| 0 0 0
474| 0 0 0
475| 0 0 0
476| 0 0 0
477| 0 0 0
478| 0 0 0
479| 0 0 0
480| 0 0 0
481| 0 0 0
482| 0 0 0
483| 0 0 0
484| 0 0 0
485| 0 0 0
486| 0 0 0
487| 0 0 0
488| 0 0 0
489| 0 0 0
490| 0 0 0
491| 0 0 0
492| 0 0 0
493| 0 0 0
494| 0 0 0
495| 0 0 0
496| 0 0 0
497| 0 0 0
498| 0 0 0
499| 0 0 0
500| 0 0 0
501| 0 0 0
502| 0 0 0
503| 0 0 0
504| 0 0 0
505| 0 0 0
506| 0 0 0
507| 0 0 0
508| 0 0 0
509| 0 0 0
510| 0 0 0
511| 0 0 0
512| 0 0 0
513| 0 0 0
514| 0 0 0
515| 0 0 0
516| 0 0 0
517| 0 0 0
518| 0 0 0
519| 0 0 0
520| 0 0 0
521| 0 0 0
522| 0 0 0
523| 0 0 0
524| 0 0 0
525| 0 0 0
526| 0 0 0
527| 0 0 0
528| 0 0 0
529| 0 0 0
530| 0 0 0
531| 0 0 0
532| 0 0 0
533| 0 0 0
534| 0 0 0
535| 0 0 0
536| 0 0 0
537| 0 0 0
538| 0 0 0
539| 0 0 0
540| 0 0 0
541| 0 0 0
542| 0 0 0
543| 0 0 0
544| 0 0 0
545| 0 0 0
546| 0 0 0
547| 0 0 0
548| 0 0 0
549| 0 0 0
550| 0 0 0
551| 0 0 0
552| 0 0 0
553| 0 0 0
554| 0 0 0
555| 0 0 0
556| 0 0 0
557| 0 0 0
558| 0 0 0
559| 0 0 0
560| 0 0 0
561| 0 0 0
562| 0 0 0
563| 0 0 0
564| 0 0 0
565| 0 0 0
566| 0 0 0
567| 0 0 0
568| 0 0 0
569| 0 0 0
570| 0 0 0
571| 0 0 0
572| 0 0 0
573| 0 0 0
574| 0 0 0
575| 0 0 0
576| 0 0 0
577| 0 0 0
578| 0 0 0
579| 0 0 0
580| 0 0 0
581| 0 0 0
582| 0 0 0
583| 0 0 0
584| 0 0 0
585| 0 0 0
586| 0 0 0
587| 0 0 0
588| 0 0 0
589| 0 0 0
590| 0 0 0
591| 0 0 0
592| 0 0 0
593| 0 0 0
594| 0 0 0
595| 0 0 0
596| 0 0 0
597| 0 0 0
598| 0 0 0
599| 0 0 0
600| 0 0 0
601| 0 0 0
602| 0 0 0
603| 0 0 0
604| 0 0 0
605| 0 0 0
606| 0 0 0
607| 0 0 0
608| 0 0 0
609| 0 0 0
610| 0 0 0
611| 0 0 0
612| 0 0 0
613| 0 0 0
614| 0 0 0
615| 0 0 0
616| 0 0 0
617| 0 0 0
618| 0 0 0
619| 0 0 0
620| 0 0 0
621| 0 0 0
622| 0 0 0
623| 0 0 0
624| 0 0 0
625| 0 0 0
626| 0 0 0
627| 0 0 0
628| 0 0 0
629| 0 0 0
630| 0 0 0
631| 0 0 0
632| 0 0 0
633| 0 0 0
634| 0 0 0
635| 0 0 0
636| 0 0 0
637| 0 0 0
638| 0 0 0
639| 0 0 0
640| 0 0 0
641| 0 0 0
642| 0 0 0
643| 0 0 0
644| 0 0 0
645| 0 0 0
646| 0 0 0
647| 0 0 0
648| 0 0 0
649| 0 0 0
650| 0 0 0
651| 0 0 0
652| 0 0 0
653| 0 0 0
654| 0 0 0
655| 0 0 0
656| 0 0 0
657| 0 0 0
658| 0 0 0
659| 0 0 0
660| 0 0 0
661| 0 0 0
662| 0 0 0
663| 0 0 0
664| 0 0 0
665| 0 0 0
666| 0 0 0
667| 0 0 0
668| 0 0 0
669| 0 0 0
670| 0 0 0
671| 0 0 0
672| 0 0 0
673| 0 0 0
674| 0 0 0
675| 0 0 0
676| 0 0 0
677| 0 0 0
678| 0 0 0
679| 0 0 0
680| 0 0 0
681| 0 0 0
682| 0 0 0
683| 0 0 0
684| 0 0 0
685| 0 0 0
686| 0 0 0
687| 0 0 0
688| 0 0 0
689| 0 0 0
690| 0 0 0
691| 0 0 0
692| 0 0 0
693| 0 0 0
694| 0 0 0
695| 0 0 0
696| 0 0 0
697| 0 0 0
698| 0 0 0
699| 0 0 0
700| 0 0 0
701| 0 0 0
702| 0 0 0
703| 0 0 0
704| 0 0 0
705| 0 0 0
706| 0 0 0
707| 0 0 0
708| 0 0 0
709| 0 0 0
710| 0 0 0
711| 0 0 0
712| 0 0 0
713| 0 0 0
714| 0 0 0
715| 0 0 0
716| 0 0 0
717| 0 0 0
718| 0 0 0
719| 0 0 0
720| 0 0 0
721| 0 0 0
722| 0 0 0
723| 0 0 0
724| 0 0 0
725| 0 0 0
726| 0 0 0
727| 0 0 0
728| 0 0 0
729| 0 0 0
730| 0 0 0
731| 0 0 0
732| 0 0 0
733| 0 0 0
734| 0 0 0
735| 0 0 0
736| 0 0 0
737| 0 0 0
738| 0 0 0
739| 0 0 0
740| 0 0 0
741| 0 0 0
742| 0 0 0
743| 0 0 0
744| 0 0 0
745| 0 0 0
746| 0 0 0
747| 0 0 0
748| 0 0 0
749| 0 0 0
750| 0 0 0
751| 0 0 0
752| 0 0 0
753| 0 0 0
754| 0 0 0
755| 0 0 0
756| 0 0 0
757| 0 0 0
758| 0 0 0
759| 0 0 0
760| 0 0 0
761| 0 0 0
762| 0 0 0
763| 0 0 0
764| 0 0 0
765| 0 0 0
766| 0 0 0
767| 0 0 0
768| 0 0 0
769| 0 0 0
770| 0 0 0
771| 0 0 0
772| 0 0 0
773| 0 0 0
774| 0 0 0
775| 0 0 0
776| 0 0 0
777| 0 0 0
778| 0 0 0
779| 0 0 0
780| 0 0 0
781| 0 0 0
782| 0 0 0
783| 0 0 0
784| 0 0 0
785| 0 0 0
786| 0 0 0
787| 0 0 0
788| 0 0 0
789| 0 0 0
790| 0 0 0
791| 0 0 0
792| 0 0 0
793| 0 0 0
794| 0 0 0
795| 0 0 0
796| 0 0 0
797| 0 0 0
798| 0 0 0
799| 0 0 0
800| 0 0 0
801| 0 0 0
802| 0 0 0
803| 0 0 0
804| 0 0 0
805| 0 0 0
806| 0 0 0
807| 0 0 0
808| 0 0 0
809| 0 0 0
810| 0 0 0
811| 0 0 0
812| 0 0 0
813| 0 0 0
814| 0 0 0
815| 0 0 0
816| 0 0 0
817| 0 0 0
818| 0 0 0
819| 0 0 0
820| 0 0 0
821| 0 0 0
822| 0 0 0
823| 0 0 0
824| 0 0 0
825| 0 0 0
826| 0 0 0
827| 0 0 0
828| 0 0 0
829| 0 0 0
830| 0 0 0
831| 0 0 0
832| 0 0 0
833| 0 0 0
834| 0 0 0
835| 0 0 0
836| 0 0 0
837| 0 0 0
838| 0 0 0
839| 0 0 0
840| 0 0 0
841| 0 0 0
842| 0 0 0
843| 0 0 0
844| 0 0 0
845| 0 0 0
846| 0 0 0
847| 0 0 0
848| 0 0 0
849| 0 0 0
850| 0 0 0
851| 0 0 0
852| 0 0 0
853| 0 0 0
854| 0 0 0
855| 0 0 0
856| 0 0 0
857| 0 0 0
858| 0 0 0
859| 0 0 0
860| 0 0 0
861| 0 0 0
862| 0 0 0
863| 0 0 0
864| 0 0 0
865| 0 0 0
866| 0 0 0
867| 0 0 0
868| 0 0 0
869| 0 0 0
870| 0 0 0
871| 0 0 0
872| 0 0 0
873| 0 0 0
874| 0 0 0
875| 0 0 0
876| 0 0 0
877| 0 0 0
878| 0 0 0
879| 0 0 0
880| 0 0 0
881| 0 0 0
882| 0,3 0 0
883| 0,6 0 0
884| 0,9 0 0
885| 1,2 0 0
886| 1,5 0 0
887| 1,8 0 0
888| 2,1 0 0
889| 2,4 0 0
890| 2,7 0 0
891| 3 0 0
892| 3,299999 0 0
893| 3,599999 0 0
894| 3,899999 0 0
895| 4,2 0 0
896| 4,5 0 0
897| 4,8 0 0
898| 5,1 4 0
899| 5,4 8 0
900| 5,7 8 0
901| 6 8 0
902| 6,300001 8 0
903| 6,600001 8 0
904| 6,900001 8 0
905| 7,200001 8 0
906| 7,500001 8 0
907| 7,800001 8 0
908| 8,1 8 0
909| 8,4 8 0
910| 8,7 8 0
911| 8,999999 8 0
912| 9,299999 8 0
913| 9,599998 8 0
914| 9,899999 8 0
915| 10,2 8 0
916| 10,5 8 0
917| 10,8 8 0
918| 11,1 8 0
919| 11,4 8 0
920| 11,7 8 0
921| 12 8 0
922| 12,3 8 0
923| 12,6 8 0
924| 12,9 8 0
925| 13,2 8 0
926| 13,5 8 0
927| 13,79999 8 0
928| 14,09999 8 0
929| 14,39999 8 0
930| 14,69999 8 0
931| 14,99999 8 0
932| 15,29999 8 0
933| 15,59999 8 0
934| 15,89999 8 0
935| 16,19999 8 0
936| 16,49999 8 0
937| 16,79999 8 0
938| 17,09999 8 0
939| 17,39999 8 0
940| 17,69999 8 0
941| 17,99999 8 0
942| 18,29999 8 0
943| 18,59999 8 0
944| 18,89999 8 0
945| 19,19999 8 0
946| 19,49999 8 0
947| 19,79999 8 0
948| 20,09999 8 0
949| 20,39999 8 0
950| 20,69999 8 0
951| 20,99999 8 0
952| 21,29999 8 0
953| 21,59999 8 0
954| 21,89999 8 0
955| 22,19999 8 0
956| 22,49999 8 0
957| 22,79999 8 0
958| 23,09999 8 0
959| 23,39999 8 0
960| 23,69999 8 0
961| 23,99999 8 0
962| 24,29999 8 0
963| 24,59999 8 0
964| 24,89998 8 0
965| 25,19999 8 0
966| 25,49998 8 0
967| 25,79998 8 0
968| 26,09998 8 0
969| 26,39998 8 0
970| 26,69998 8 0
971| 26,99998 8 0
972| 27,29998 8 0
973| 27,59998 8 0
974| 27,89998 8 0
975| 28,19998 8 0
976| 28,49998 8 0
977| 28,79998 8 0
978| 29,09998 8 0
979| 29,39998 8 0
980| 29,69998 8 0
981| 29,99998 8 0
982| 30,29998 8 0
983| 30 8 0
984| 30 8 0
985| 30 8 0
986| 0 0 0
987| 0 0 0
988| 0 0 0
989| 0 0 0
990| 0 0 0
991| 0 0 0
992| 0 0 0
993| 0 0 0
994| 0 0 0
995| 0 0 0
996| 0 0 0
997| 0 0 0
998| 0 0 0
999| 0 0 0
1000| 0 0 0
1001| 0 0 0
1002| 0 0 0
1003| 0 0 0
1004| 0 0 0
1005| 0 0 0
1006| 0 0 0
1007| 0 0 0
1008| 0 0 0
1009| 0 4 0
1010| 0 8 0
1011| 0 12 0
1012| 0,3 16 0
1013| 0,6 20 0
1014| 0,9 24 0
1015| 1,2 28 0
1016| 1,5 32 0
1017| 1,8 36 0
1018| 2,1 40 0
1019| 2,4 43,99999 0
1020| 2,7 47,99999 0
1021| 3 51,99999 0
1022| 3,299999 55,99999 0
1023| 3,599999 60 0
1024| 3,899999 64 0
1025| 4,2 68 0
1026| 4,5 72 0
1027| 4,8 76,00001 0
1028| 5,1 80,00001 0
1029| 5,4 84,00001 0
1030| 5,7 88,00002 0
1031| 6 92,00002 0
1032| 6,300001 96,00002 0
1033| 6,600001 100 0
1034| 6,900001 104 0
1035| 7,200001 108 0
1036| 7,500001 112 0
1037| 7,800001 116 0
1038| 8,1 120 0
1039| 8,4 124 0
1040| 8,7 128 0
1041| 8,999999 132 0
1042| 9,299999 136 0
1043| 9,599998 140 0
1044| 9,899999 144 0
1045| 10,2 148 0
1046| 10,5 152 0
1047| 10,8 156 0
1048| 11,1 160 0
1049| 11,4 164 0
1050| 11,4 168 0
1051| 11,4 171,9999 0
1052| 11,4 175,9999 0
1053| 11,4 179,9999 0
1054| 11,4 183,9999 0
1055| 11,4 187,9999 0
1056| 11,4 191,9999 0
1057| 11,7 195,9999 0
1058| 12 199,9999 0
1059| 12,3 203,9999 0
1060| 12,6 207,9999 0
1061| 12,9 211,9999 0
1062| 12,9 215,9999 0
1063| 12,9 219,9999 0
1064| 12,9 223,9999 0
1065| 12,9 227,9999 0
1066| 12,9 231,9999 0
1067| 13,2 235,9999 0
1068| 13,5 239,9999 0
1069| 13,79999 243,9999 0
1070| 14,09999 247,9999 0
1071| 14,09999 251,9999 0
1072| 14,09999 255,9999 0
1073| 14,09999 259,9999 0
1074| 14,09999 263,9999 0
1075| 14,09999 267,9999 0
1076| 14,09999 271,9998 0
1077| 14,39999 275,9998 0
1078| 14,69999 279,9998 0
1079| 14,99999 283,9998 0
1080| 15,29999 287,9998 0
1081| 15,59999 291,9998 0
1082| 15,59999 295,9998 0
1083| 15,59999 299,9998 0
1084| 15,59999 303,9998 0
1085| 15,59999 307,9998 0
1086| 15,59999 311,9998 0
1087| 15,59999 315,9998 0
1088| 15,59999 319,9998 0
1089| 15,59999 323,9998 0
1090| 15,59999 327,9998 0
1091| 0 0 0
1092| 0 0 0
1093| 0 0 0
1094| 0 0 0
1095| 0 0 0
1096| 0 0 0
1097| 0 0 0
1098| 0 0 0
1099| 0 0 0
1100| 0 0 0
1101| 0 0 0
1102| 0 0 0
1103| 0 0 0
1104| 0 0 0
1105| 0 0 0
1106| 0 0 0
1107| 0 0 0
1108| 0 0 0
1109| 0 0 0
1110| 0 0 0
1111| 0 4 0
1112| 0 8 0
1113| 0,3 12 0
1114| 0,6 16 0
1115| 0,9 20 0
1116| 1,2 24 0
1117| 1,5 28 0
1118| 1,8 32 0
1119| 2,1 36 0
1120| 2,4 40 0
1121| 2,7 43,99999 0
1122| 3 47,99999 0
1123| 3,299999 51,99999 0
1124| 3,599999 55,99999 0
1125| 3,599999 60 0
1126| 3,599999 64 0
1127| 3,599999 68 0
1128| 3,599999 72 0
1129| 3,599999 76,00001 0
1130| 3,899999 80,00001 0
1131| 4,2 84,00001 0
1132| 4,5 88,00002 0
1133| 4,8 92,00002 0
1134| 4,8 96,00002 0
1135| 4,8 100 0
1136| 4,8 104 0
1137| 4,8 108 0
1138| 5,1 112 0
1139| 5,4 116 0
1140| 5,7 120 0
1141| 6 124 0
1142| 6,300001 128 0
1143| 6,300001 132 0
1144| 6,300001 136 0
1145| 6,300001 140 0
1146| 6,600001 144 0
1147| 6,900001 148 0
1148| 7,200001 152 0
1149| 7,500001 156 0
1150| 7,800001 160 0
1151| 8,1 164 0
1152| 8,1 168 0
1153| 8,1 171,9999 0
1154| 8,1 175,9999 0
1155| 8,4 179,9999 0
1156| 8,7 183,9999 0
1157| 8,999999 187,9999 0
1158| 8,999999 191,9999 0
1159| 8,999999 195,9999 0
1160| 8,999999 199,9999 0
1161| 8,999999 203,9999 0
1162| 8,999999 207,9999 0
1163| 8,999999 211,9999 0
1164| 9,299999 215,9999 0
1165| 9,599998 219,9999 0
1166| 9,899999 223,9999 0
1167| 10,2 227,9999 0
1168| 10,2 231,9999 0
1169| 0 0 0
1170| 0 0 0
1171| 0 0 0
1172| 0 0 0
1173| 0 0 0
1174| 0 0 0
1175| 0 0 0
1176| 0 0 0
1177| 0 0 0
1178| 0 0 0
1179| 0 0 0
1180| 0 0 0
1181| 0 0 0
1182| 0 0 0
1183| 0 0 0
1184| 0 0 0
1185| 0 0 0
1186| 0 0 0
1187| 0 0 0
1188| 0 0 0
1189| 0 0 0
1190| 0 0 0
1191| 0 0 0
1192| 0 0 0
1193| 0 0 0
1194| 0 0 0
1195| 0 0 0
1196| 0 0 0
1197| 0 0 0
1198| 0 0 0
1199| 0 0 0
1200| 0 0 0
1201| 0 0 0
1202| 0 0 0
1203| 0 0 0
1204| 0 0 0
1205| 0 0 0
1206| 0 0 0
1207| 0 0 0
1208| 0 0 0
1209| 0 0 0
1210| 0 0 0
1211| 0 0 0
1212| 0 0 0
1213| 0 0 0
1214| 0 0 0
1215| 0 0 0
1216| 0 0 0
1217| 0 0 0
1218| 0 0 0
1219| 0 0 0
1220| 0 0 0
1221| 0 0 0
1222| 0 0 0
1223| 0 0 0
1224| 0 0 0
1225| 0 0 0
1226| 0 0 0
1227| 0 0 0
1228| 0 0 0
1229| 0 0 0
1230| 0 0 0
1231| 0 0 0
1232| 0 0 0
1233| 0 0 0
1234| 0 0 0
1235| 0 0 0
1236| 0 0 0
1237| 0 0 0
1238| 0 0 0
1239| 0 0 0
1240| 0 0 0
1241| 0 0 0
1242| 0 0 0
1243| 0 0 0
1244| 0 0 0
1245| 0 0 0
1246| 0 0 0
1247| 0 0 0
1248| 0 4 0
1249| 0 8 0
1250| 0 12 0
1251| 0 16 0
1252| 0 0 0
1253| 0 0 0
1254| 0 0 0
1255| 0 0 0
1256| 0 0 0
1257| 0 4 0
1258| 0 8 0
1259| 0 12 0
1260| 0 0 0
1261| 0 0 0
1262| 0 0 0
1263| 0 0 0
1264| 0 0 0
1265| 0 0 0
1266| 0 4 0
1267| 0 8 0
1268| 0 0 0
1269| 0 0 0
1270| 0 0 0
1271| 0 0 0
1272| 0 0 0
1273| 0 0 0
1274| 0 4 0
1275| 0 8 0
1276| 0 12 0
1277| 0 0 0
1278| 0 0 0
1279| 0 0 0
1280| 0 0 0
1281| 0 0 0
1282| 0 0 0
1283| 0 4 0
1284| 0 8 0
1285| 0 12 0
1286| 0 16 0
1287| 0 0 0
1288| 0 0 0
1289| 0 0 0
1290| 0 0 0
1291| 0 0 0
1292| 0 0 0
1293| 0 0 0
1294| 0 0 0
1295| 0 0 0
1296| 0 0 0
1297| 0 0 0
1298| 0 0 0
1299| 0 0 0
1300| 0 0 0
1301| 0 0 0
1302| 0 0 0
1303| 0 0 0
1304| 0 0 0
1305| 0 0 0
1306| 0 0 0
1307| 0 0 0
1308| 0 0 0
1309| 0 0 0
1310| 0 0 0
1311| 0 0 0
1312| 0 0 0
1313| 0 0 0
1314| 0 0 0
1315| 0 0 0
1316| 0 0 0
1317| 0 0 0
1318| 0 0 0
1319| 0 4 0
1320| 0 8 0
1321| 0 12 0
1322| 0 16 0
1323| 0 20 0
1324| 0 24 0
1325| 0 28 0
1326| 0 32 0
1327| 0 36 0
1328| 0 0 0
1329| 0 0 0
1330| 0 0 0
1331| 0 0 0
1332| 0 0 0
1333| 0 0 0
1334| 0 0 0
1335| 0 0 0
1336| 0 0 0
1337| 0 0 0
1338| 0 0 0
1339| 0 0 0
1340| 0 4 0
1341| 0 8 0
1342| 0 12 0
1343| 0 16 0
1344| 0 20 0
1345| 0 24 0
1346| 0 28 0
1347| 0 32 0
1348| 0 36 0
1349| 0 40 0
1350| 0 43,99999 0
1351| 0 47,99999 0
1352| 0 51,99999 0
1353| 0 55,99999 0
1354| 0 60 0
1355| 0 64 0
1356| 0 68 0
1357| 0 0 0
1358| 0 0 0
1359| 0 0 0
1360| 0 0 0
1361| 0 0 0
1362| 0 0 0
1363| 0 0 0
1364| 0 0 0
1365| 0 4 0
1366| 0 8 0
1367| 0 0 0
1368| 0 0 0
1369| 0 0 0
1370| 0 0 0
1371| 0 0 0
1372| 0 0 0
1373| 0 4 0
1374| 0 8 0
1375| 0 12 0
1376| 0 16 0
1377| 0 0 0
1378| 0 0 0
1379| 0 0 0
1380| 0 0 0
1381| 0 0 0
1382| 0 0 0
1383| 0 0 0
1384| 0 4 0
1385| 0 8 0
1386| 0 0 0
1387| 0 0 0
1388| 0 0 0
1389| 0 0 0
1390| 0 0 0
1391| 0 0 0
1392| 0 4 0
1393| 0 8 0
1394| 0 12 0
1395| 0 16 0
1396| 0 20 0
1397| 0 0 0
1398| 0 0 0
1399| 0 0 0
1400| 0 0 0
1401| 0 0 0
1402| 0 0 0
1403| 0 4 0
1404| 0 8 0
1405| 0 12 0
1406| 0 16 0
1407| 0 0 0
1408| 0 0 0
1409| 0 0 0
1410| 0 4 0
1411| 0 8 0
1412| 0 12 0
1413| 0 16 0
1414| 0 20 0
1415| 0 24 0
1416| 0 28 0
1417| 0 32 0
1418| 0 36 0
1419| 0 40 0
1420| 0 43,99999 0
1421| 0 47,99999 0
1422| 0 51,99999 0
1423| 0 55,99999 0
1424| 0 60 0
1425| 0 64 0
1426| 0 68 0
1427| 0 72 0
1428| 0 76,00001 0
1429| 0 80,00001 0
1430| 0 84,00001 0
1431| 0 88,00002 0
1432| 0 92,00002 0
1433| 0 96,00002 0
1434| 0 100 0
1435| 0 104 0
1436| 0 108 0
1437| 0 112 0
1438| 0 116 0
1439| 0 120 0
1440| 0 124 0
1441| 0 128 0
1442| 0 132 0
1443| 0 136 0
1444| 0 140 0
1445| 0 144 0
1446| 0 148 0
1447| 0 152 0
1448| 0 156 0
1449| 0 160 0
1450| 0 164 0
1451| 0 168 0
1452| 0 171,9999 0
1453| 0 175,9999 0
1454| 0 179,9999 0
1455| 0 183,9999 0
1456| 0 187,9999 0
1457| 0 191,9999 0
1458| 0 195,9999 0
1459| 0 199,9999 0
1460| 0 203,9999 0
1461| 0 207,9999 0
1462| 0 211,9999 0
1463| 0 215,9999 0
1464| 0 219,9999 0
1465| 0 223,9999 0
1466| 0 227,9999 0
1467| 0 231,9999 0
1468| 0 235,9999 0
1469| 0 239,9999 0
1470| 0 243,9999 0
1471| 0 247,9999 0
1472| 0 251,9999 0
1473| 0 255,9999 0
1474| 0 259,9999 0
1475| 0 263,9999 0
1476| 0 267,9999 0
1477| 0 271,9998 0
1478| 0 275,9998 0
1479| 0 279,9998 0
1480| 0 283,9998 0
1481| 0 287,9998 0
1482| 0 291,9998 0
1483| 0 295,9998 0
1484| 0 299,9998 0
1485| 0 303,9998 0
1486| 0 307,9998 0
1487| 0 311,9998 0
1488| 0 315,9998 0
1489| 0 319,9998 0
1490| 0 323,9998 0
1491| 0 327,9998 0
1492| 0 331,9998 0
1493| 0 335,9998 0
1494| 0 339,9998 0
1495| 0 343,9998 0
1496| 0 347,9998 0
1497| 0 351,9998 0
1498| 0 355,9998 0
1499| 0 359,9998 0
1500| 0 363,9998 0
1501| 0 367,9998 0
1502| 0 371,9998 0
1503| 0 375,9998 0
1504| 0 379,9998 0
1505| 0 0 0
1506| 0 0 0
1507| 0 0 0
1508| 0 0 0
1509| 0 0 0
1510| 0 0 0
1511| 0 0 0
1512| 0 0 0
1513| 0 0 0
1514| 0 0 0
1515| 0 0 0
1516| 0 0 0
1517| 0 0 0
1518| 0 0 0
1519| 0 0 0
1520| 0 0 0
1521| 0 0 0
1522| 0 0 0
1523| 0 0 0
1524| 0 0 0
1525| 0 0 0
1526| 0 0 0
1527| 0 0 0
1528| 0 0 0
1529| 0 0 0
1530| 0 0 0
1531| 0 0 0
1532| 0 0 0
1533| 0 0 0
1534| 0 0 0
1535| 0 0 0
1536| 0 0 0
1537| 0 0 0
1538| 0 0 0
1539| 0 0 0
1540| 0 0 0
1541| 0 0 0
1542| 0 0 0
1543| 0 0 0
1544| 0 0 0
1545| 0 0 0
1546| 0 0 0
1547| 0 0 0
1548| 0 0 0
1549| 0 0 0
1550| 0 0 0
1551| 0 0 0
1552| 0 0 0
1553| 0 0 0
1554| 0 0 0
1555| 0 0 0
1556| 0 0 0
1557| 0 0 0
1558| 0 0 0
1559| 0 0 0
1560| 0 0 0
1561| 0 0 0
1562| 0 0 0
1563| 0 0 0
1564| 0 0 0
1565| 0 0 0
1566| 0 0 0
1567| 0 0 0
1568| 0 0 0
1569| 0 0 0
1570| 0 0 0
1571| 0 0 0
1572| 0 0 0
1573| 0 0 0
1574| 0 0 0
1575| 0 0 0
1576| 0 0 0
1577| 0 0 0
1578| 0 0 0
1579| 0 0 0
1580| 0 0 0
1581| 0 0 0
1582| 0 0 0
1583| 0 0 0
1584| 0 0 0
1585| 0 0 0
1586| 0 0 0
1587| 0 0 0
1588| 0 0 0
1589| 0 0 0
1590| 0 0 0
1591| 0 0 0
1592| 0 0 0
1593| 0 0 0
1594| 0 0 0
1595| 0 0 0
1596| 0 0 0
1597| 0 0 0
1598| 0 0 0
1599| 0 0 0
1600| 0 0 0
1601| 0 0 0
1602| 0 0 0
1603| 0 0 0
1604| 0 0 0
1605| 0 0 0
1606| 0 0 0
1607| 0 0 0
1608| 0 0 0
1609| 0 0 0
1610| 0 0 0
1611| 0 0 0
1612| 0 0 0
1613| 0 0 0
1614| 0 0 0
1615| 0 0 0
1616| 0 0 0
1617| 0 0 0
1618| 0 0 0
1619| 0 0 0
1620| 0 0 0
1621| 0 0 0
1622| 0 0 0
1623| 0 0 0
1624| 0 0 0
1625| 0 0 0
1626| 0 0 0
1627| 0 0 0
1628| 0 0 0
1629| 0 0 0
1630| 0 0 0
1631| 0 0 0
1632| 0 0 0
1633| 0 0 0
1634| 0 0 0
1635| 0 0 0
1636| 0 0 0
1637| 0 0 0
1638| 0 0 0
1639| 0 0 0
1640| 0 0 0
1641| 0 0 0
1642| 0 0 0
1643| 0 0 0
1644| 0 0 0
1645| 0 0 0
1646| 0 0 0
1647| 0 0 0
1648| 0 0 0
1649| 0 0 0
1650| 0 0 0
1651| 0 0 0
1652| 0 0 0
1653| 0 0 0
1654| 0 0 0
1655| 0 0 0
1656| 0 0 0
1657| 0 0 0
1658| 0 0 0
1659| 0 0 0
1660| 0 0 0
1661| 0 0 0
1662| 0 0 0
1663| 0 0 0
1664| 0 0 0
1665| 0 0 0
1666| 0 0 0
1667| 0 0 0
1668| 0 0 0
1669| 0 0 0
1670| 0 0 0
1671| 0 0 0
1672| 0 0 0
1673| 0 0 0
1674| 0 0 0
1675| 0 0 0
1676| 0 0 0
1677| 0 0 0
1678| 0 0 0
1679| 0 0 0
1680| 0 0 0
1681| 0 0 0
1682| 0 0 0
1683| 0 0 0
1684| 0 0 0
1685| 0 0 0
1686| 0 0 0
1687| 0 0 0
1688| 0 0 0
1689| 0 0 0
1690| 0 0 0
1691| 0 0 0
1692| 0 0 0
1693| 0 0 0
1694| 0 0 0
1695| 0 0 0
1696| 0 0 0
1697| 0 0 0
1698| 0 0 0
1699| 0 0 0
1700| -0,3 0 0
1701| -0,6 0 0
1702| -0,9 0 0
1703| -1,2 0 0
1704| -1,5 0 0
1705| -1,8 0 0
1706| -2,1 0 0
1707| -2,4 0 0
1708| -2,7 0 0
1709| -3 0 0
1710| -3,299999 0 0
1711| -3,599999 0 0
1712| -3,899999 0 0
1713| -4,2 0 0
1714| -4,5 0 0
1715| -4,8 0 0
1716| -5,1 0 0
1717| -5,4 0 0
1718| -5,7 0 0
1719| -6 0 0
1720| 0 0 0
1721| 0 0 0
1722| 0 0 0
1723| 0 0 0
1724| 0 0 0
1725| 0 0 0
1726| 0 0 0
1727| 0 0 0
1728| 0 0 0
1729| 0 0 0
1730| 0 0 0
1731| 0 0 0
1732| 0 0 0
1733| 0 0 0
1734| 0 0 0
1735| 0 0 0
1736| 0 0 0
1737| 0 0 0
1738| 0 0 0
1739| 0 0 0
1740| 0 0 0
1741| 0 0 0
1742| 0 0 0
1743| 0 0 0
1744| 0 0 0
1745| 0 0 0
1746| 0 0 0
1747| 0 0 0
1748| 0 0 0
1749| 0 0 0
1750| 0 0 0
1751| 0 0 0
1752| 0 0 0
1753| 0 0 0
1754| 0 0 0
1755| 0 0 0
1756| -0,3 0 0
1757| -0,6 0 0
1758| -0,9 0 0
1759| -1,2 0 0
1760| -1,5 0 0
1761| -1,8 0 0
1762| -2,1 0 0
1763| -2,4 0 0
1764| -2,7 0 0
1765| -3 0 0
1766| -3,299999 0 0
1767| -3,599999 0 0
1768| -3,899999 0 0
1769| -4,2 0 0
1770| -4,5 0 0
1771| -4,8 0 0
1772| -5,1 0 0
1773| -5,4 0 0
1774| -5,7 0 0
1775| -6 0 0
1776| -6,300001 0 0
1777| -6,600001 0 0
1778| -6,900001 0 0
1779| -7,200001 0 0
1780| -7,500001 0 0
1781| -7,800001 0 0
1782| -8,1 0 0
1783| -8,4 0 0
1784| -8,7 0 0
1785| 0 0 0
1786| 0 0 0
1787| 0 0 0
1788| 0 0 0
1789| 0 0 0
1790| 0 0 0
1791| 0 0 0
1792| 0 0 0
1793| 0 0 0
1794| 0 0 0
1795| 0 0 0
1796| 0 0 0
1797| 0 0 0
1798| 0 0 0
1799| 0 0 0
1800| 0 0 0
1801| 0 0 0
1802| 0 0 0
1803| 0 0 0
1804| 0 0 0
1805| 0 0 0
1806| 0 0 0
1807| 0 0 0
1808| 0 0 0
1809| 0 0 0
1810| 0 0 0
1811| 0 0 0
1812| 0 0 0
1813| 0 0 0
1814| 0 0 0
1815| 0 0 0
1816| -0,3 0 0
1817| -0,6 0 0
1818| -0,9 0 0
1819| -1,2 0 0
1820| -1,5 0 0
1821| -1,8 0 0
1822| -2,1 0 0
1823| -2,4 0 0
1824| -2,7 0 0
1825| -3 0 0
1826| -3,299999 0 0
1827| -3,599999 0 0
1828| -3,899999 0 0
1829| -4,2 0 0
1830| -4,5 0 0
1831| -4,8 0 0
1832| -5,1 0 0
1833| -5,4 0 0
1834| -5,7 0 0
1835| -6 0 0
1836| -6,300001 0 0
1837| -6,600001 0 0
1838| -6,900001 0 0
1839| -7,200001 0 0
1840| -7,500001 0 0
1841| -7,800001 0 0
1842| -8,1 0 0
1843| -8,4 0 0
1844| -8,7 0 0
1845| -8,999999 0 0
1846| -9,299999 0 0
1847| -9,599998 0 0
1848| -9,899999 0 0
1849| -10,2 0 0
1850| -10,5 0 0
1851| 0 0 0
1852| 0 0 0
1853| 0 0 0
1854| 0 0 0
1855| 0 0 0
1856| 0 0 0
1857| 0 0 0
1858| 0 0 0
1859| 0 0 0
1860| 0 0 0
1861| 0 0 0
1862| 0 0 0
1863| 0 0 0
1864| 0 0 0
1865| 0 0 0
1866| 0 0 0
1867| 0 0 0
1868| 0 0 0
1869| 0 0 0
1870| 0 0 0
1871| 0 0 0
1872| 0 0 0
1873| 0 0 0
1874| 0 0 0
1875| 0 0 0
1876| 0 0 0
1877| 0 0 0
1878| 0 0 0
1879| 0 0 0
1880| 0 0 0
1881| 0 0 0
1882| 0 0 0
1883| 0,3 0 0
1884| 0,6 0 0
1885| 0,9 0 0
1886| 1,2 0 0
1887| 1,5 0 0
1888| 1,8 0 0
1889| 2,1 0 0
1890| 2,4 0 0
1891| 2,7 0 0
1892| 3 0 0
1893| 3,299999 0 0
1894| 3,599999 0 0
1895| 3,899999 0 0
1896| 4,2 0 0
1897| 4,5 0 0
1898| 4,8 0 0
1899| 0 0 0
1900| 0 0 0
1901| 0 0 0
1902| 0 0 0
1903| 0 0 0
1904| 0 0 0
1905| 0 0 0
1906| 0 0 0
1907| 0 0 0
1908| 0 0 0
1909| 0 0 0
1910| 0 0 0
1911| 0 0 0
1912| 0 0 0
1913| 0 0 0
1914| 0 0 0
1915| 0 0 0
1916| 0 0 0
1917| 0 0 0
1918| 0 0 0
1919| 0 0 0
1920| 0 0 0
1921| 0 0 0
1922| 0 0 0
1923| 0 0 0
1924| 0 0 0
1925| 0 0 0
1926| 0 0 0
1927| 0 0 0
1928| 0 0 0
1929| 0 0 0
1930| 0 0 0
1931| 0 0 0
1932| 0 0 0
1933| 0 0 0
1934| 0 0 0
1935| 0 0 0
1936| 0 0 0
1937| 0 0 0
1938| 0 0 0
1939| 0 0 0
1940| 0 0 0
1941| 0 0 0
1942| 0 0 0
1943| 0 0 0
1944| 0 0 0
1945| 0 0 0
1946| 0 0 0
1947| 0 0 0
1948| 0 0 0
1949| 0 0 0
1950| 0 0 0
1951| 0 0 0
1952| 0 0 0
1953| 0 0 0
1954| 0 0 0
1955| 0 0 0
1956| 0 0 0
1957| 0 0 0
1958| 0 0 0
1959| 0 0 0
1960| 0 0 0
1961| 0 0 0
1962| 0 0 0
1963| 0 0 0
1964| 0 0 0
1965| 0 0 0
1966| 0 0 0
1967| 0 0 0
1968| 0 0 0
1969| 0 0 0
1970| 0 0 0
1971| 0 0 0
1972| 0 0 0
1973| 0 0 0
1974| 0 0 0
1975| 0 0 0
1976| 0 0 0
1977| 0 0 0
1978| 0 0 0
1979| 0 0 0
1980| 0 0 0
1981| 0 0 0
1982| 0 0 0
1983| 0 0 0
1984| 0 0 0
1985| 0 0 0
1986| 0 0 0
1987| 0 0 0
1988| 0 0 0
1989| 0 0 0
1990| 0 0 0
1991| 0 0 0
1992| 0 0 0
1993| 0 0 0
1994| 0 0 0
1995| 0 0 0
1996| 0 0 0
1997| 0 0 0
1998| 0 0 0
1999| 0 0 0
2000| 0 0 0
2001| 0 0 0
2002| 0 0 0
2003| 0 0 0
2004| 0 0 0
2005| 0 0 0
2006| 0 0 0
2007| 0 0 0
2008| 0 0 0
2009| 0 0 0
2010| 0 0 0
2011| 0 0 0
2012| 0 0 0
2013| 0 0 0
2014| 0 0 0
2015| 0 0 0
2016| 0 0 0
2017| 0 0 0
2018| 0 0 0
2019| 0 0 0
2020| 0 0 0
2021| 0 0 0
2022| 0 0 0
2023| 0 0 0
2024| 0 0 0
2025| 0 0 0
2026| 0 0 0
2027| 0 0 0
2028| 0 0 0
2029| 0 0 0
2030| 0 0 0
2031| 0 0 0
2032| 0 0 0
2033| 0 0 0
2034| 0 0 0
2035| 0 0 0
2036| 0 0 0

