1| 0 0 0
2| 0 0 0
3| 0 0 0
4| 0 0 0
5| 0 0 0
6| 0 0 0
7| 0 0 0
8| 0 0 0
9| 0 0 0
10| 0 4 0
11| 0 8 0
12| 0 12 0
13| 0 16 0
14| 0 20 0
15| 0 24 0
16| 0 28 0
17| 0,3 32 0
18| 0,6 36 0
19| 0,9 40 0
20| 1,2 43,99999 0
21| 1,5 47,99999 0
22| 1,8 51,99999 0
23| 2,1 55,99999 0
24| 2,4 60 0
25| 2,7 64 0
26| 3 68 0
27| 3,299999 72 0
28| 3,599999 76,00001 0
29| 3,899999 80,00001 0
30| 4,2 84,00001 0
31| 4,5 88,00002 0
32| 4,8 92,00002 0
33| 5,1 96,00002 0
34| 5,4 100 0
35| 5,7 104 0
36| 6 108 0
37| 6,300001 112 0
38| 6,600001 116 0
39| 6,900001 120 0
40| 7,200001 124 0
41| 7,500001 128 0
42| 7,800001 132 0
43| 8,1 136 0
44| 8,4 140 0
45| 8,7 144 0
46| 8,999999 148 0
47| 9,299999 152 0
48| 9,599998 156 0
49| 9,899999 160 0
50| 10,2 164 0
51| 10,5 168 0
52| 10,8 171,9999 0
53| 11,1 175,9999 0
54| 11,4 179,9999 0
55| 11,7 183,9999 0
56| 12 187,9999 0
57| 12,3 191,9999 0
58| 12,6 195,9999 0
59| 12,9 199,9999 0
60| 13,2 203,9999 0
61| 13,5 207,9999 0
62| 13,5 211,9999 0
63| 13,5 215,9999 0
64| 13,5 219,9999 0
65| 13,5 223,9999 0
66| 13,5 227,9999 0
67| 13,5 231,9999 0
68| 13,5 235,9999 0
69| 13,5 239,9999 0
70| 13,5 243,9999 0
71| 13,5 247,9999 0
72| 13,5 251,9999 0
73| 13,5 255,9999 0
74| 0 0 0
75| 0 0 0
76| 0 0 0
77| 0 0 0
78| 0 0 0
79| 0 0 0
80| 0 0 0
81| 0 0 0
82| 0 0 0
83| 0 4 0
84| 0 8 0
85| 0 12 0
86| 0 16 0
87| 0 20 0
88| 0 24 0
89| 0 28 0
90| 0 32 0
91| 0 36 0
92| 0 40 0
93| 0 43,99999 0
94| 0 47,99999 0
95| 0 51,99999 0
96| 0 0 0
97| 0 0 0
98| 0 0 0
99| 0 0 0
100| 0 0 0
101| 0 0 0
102| 0,3 0 0
103| 0,6 0 0
104| 0,9 0 0
105| 1,2 0 0
106| 1,5 0 0
107| 1,8 0 0
108| 2,1 0 0
109| 2,4 0 0
110| 2,7 0 0
111| 3 0 0
112| 3,299999 0 0
113| 3,599999 0 0
114| 0 0 0
115| 0,3 0 0
116| 0,6 0 0
117| 0,9 0 0
118| 1,2 0 0
119| 1,5 0 0
120| 1,8 0 0
121| 2,1 0 0
122| 0 0 0
123| 0 0 0
124| 0 0 0
125| 0 0 0
126| 0 0 0
127| 0,3 0 0
128| 0 0 0
129| 0 0 0
130| 0 0 0
131| 0 0 0
132| 0 0 0
133| 0 0 0
134| 0 0 0
135| 0 0 0
136| 0,3 0 0
137| 0,6 0 0
138| 0,9 0 0
139| 1,2 0 0
140| 1,5 0 0
141| 1,8 0 0
142| 0 0 0
143| 0 0 0
144| 0 0 0
145| 0 0 0
146| 0 0 0
147| 0 0 0
148| 0 0 0
149| 0 0 0
150| 0 0 0
151| 0 0 0
152| 0 0 0
153| 0 0 0
154| 0,3 0 0
155| 0,6 0 0
156| 0,9 0 0
157| 1,2 0 0
158| 1,5 0 0
159| 1,8 0 0
160| 0 0 0
161| 0 0 0
162| 0 0 0
163| 0 0 0
164| 0 0 0
165| 0 0 0
166| 0 0 0
167| 0 0 0
168| 0 0 0
169| 0 0 0
170| 0,3 0 0
171| 0,6 0 0
172| 0,9 0 0
173| 1,2 0 0
174| 1,5 0 0
175| 1,8 0 0
176| 2,1 0 0
177| 2,4 0 0
178| 2,7 0 0
179| 3 0 0
180| 3,299999 0 0
181| 3,599999 0 0
182| 3,899999 0 0
183| 4,2 0 0
184| 4,5 0 0
185| 4,8 0 0
186| 5,1 0 0
187| 0 0 0
188| 0 0 0
189| 0 0 0
190| 0 0 0
191| 0 0 0
192| 0 0 0
193| 0 0 0
194| 0 0 0
195| 0 0 0
196| 0 0 0
197| 0 0 0
198| 0 0 0
199| 0 0 0
200| 0 0 0
201| 0 0 0
202| 0 0 0
203| 0,3 0 0
204| 0,6 0 0
205| 0,9 0 0
206| 1,2 0 0
207| 1,5 4 0
208| 1,8 8 0
209| 2,1 12 0
210| 2,4 16 0
211| 2,7 20 0
212| 3 24 0
213| 3,299999 28 0
214| 3,599999 32 0
215| 3,899999 36 0
216| 4,2 40 0
217| 0 0 0
218| 0 0 0
219| 0 0 0
220| 0 0 0
221| 0 0 0
222| 0 0 0
223| 0 0 0
224| 0 0 0
225| 0 0 0
226| 0,3 0 0
227| 0,6 0 0
228| 0,9 0 0
229| 1,2 0 0
230| 1,5 0 0
231| 1,8 0 0
232| 2,1 0 0
233| 2,4 0 0
234| 2,7 0 0
235| 3 0 0
236| 3,299999 0 0
237| 3,599999 0 0
238| 3,899999 0 0
239| 4,2 0 0
240| 4,5 0 0
241| 4,8 0 0
242| 5,1 0 0
243| 5,4 0 0
244| 5,7 0 0
245| 6 0 0
246| 6,300001 0 0
247| 6,600001 0 0
248| 6,900001 0 0
249| 7,200001 0 0
250| 7,500001 0 0
251| 7,800001 0 0
252| 8,1 0 0
253| 8,4 4 0
254| 8,7 8 0
255| 8,999999 12 0
256| 9,299999 16 0
257| 9,599998 20 0
258| 9,899999 24 0
259| 10,2 28 0
260| 10,2 32 0
261| 10,2 36 0
262| 10,2 40 0
263| 10,2 43,99999 0
264| 10,2 47,99999 0
265| 10,2 51,99999 0
266| 10,2 55,99999 0
267| 10,2 60 0
268| 10,2 64 0
269| 10,2 68 0
270| 10,2 72 0
271| 10,2 76,00001 0
272| 10,2 80,00001 0
273| 10,2 84,00001 0
274| 10,2 88,00002 0
275| 10,2 92,00002 0
276| 10,2 96,00002 0
277| 10,2 100 0
278| 10,2 104 0
279| 10,2 108 0
280| 10,2 112 0
281| 10,2 116 0
282| 10,2 120 0
283| 10,2 124 0
284| 10,2 128 0
285| 10,2 132 0
286| 10,2 136 0
287| 10,2 140 0
288| 10,2 144 0
289| 10,2 148 0
290| 10,2 152 0
291| 10,2 156 0
292| 10,2 160 0
293| 10,2 164 0
294| 10,2 168 0
295| 10,2 171,9999 0
296| 10,2 175,9999 0
297| 10,2 179,9999 0
298| 10,2 183,9999 0
299| 10,2 187,9999 0
300| 10,2 191,9999 0
301| 10,2 195,9999 0
302| 10,2 199,9999 0
303| 10,2 203,9999 0
304| 10,2 207,9999 0
305| 10,2 211,9999 0
306| 10,2 215,9999 0
307| 10,2 219,9999 0
308| 10,2 223,9999 0
309| 10,2 227,9999 0
310| 10,2 231,9999 0
311| 10,2 235,9999 0
312| 10,2 239,9999 0
313| 10,2 243,9999 0
314| 10,2 247,9999 0
315| 10,2 251,9999 0
316| 10,2 255,9999 0
317| 10,2 259,9999 0
318| 10,2 263,9999 0
319| 10,2 267,9999 0
320| 10,2 271,9998 0
321| 10,2 275,9998 0
322| 10,2 279,9998 0
323| 10,2 283,9998 0
324| 10,2 287,9998 0
325| 10,2 291,9998 0
326| 0 291,9998 0
327| -0,3 291,9998 0
328| -0,6 291,9998 0
329| -0,9 291,9998 0
330| -1,2 291,9998 0
331| -1,5 291,9998 0
332| -1,8 291,9998 0
333| -2,1 291,9998 0
334| -2,4 291,9998 0
335| -2,7 291,9998 0
336| -3 291,9998 0
337| -3,299999 291,9998 0
338| 0 0 0
339| 0 0 0
340| 0 0 0
341| 0 0 0
342| 0 0 0
343| 0 0 0
344| 0 0 0
345| 0 0 0
346| 0 0 0
347| 0 0 0
348| 0 0 0
349| 0 0 0
350| 0 0 0
351| 0 0 0
352| 0 4 0
353| 0 8 0
354| 0 12 0
355| 0 16 0
356| 0 0 0
357| 0 0 0
358| 0 0 0
359| 0 0 0
360| 0 0 0
361| 0 0 0
362| 0 4 0
363| 0 8 0
364| 0 0 0
365| 0 0 0
366| 0 0 0
367| 0 0 0
368| 0 0 0
369| 0 0 0
370| 0 4 0
371| 0 8 0
372| 0 0 0
373| 0 0 0
374| 0 0 0
375| 0 0 0
376| 0 0 0
377| 0 4 0
378| 0 8 0
379| 0 12 0
380| 0 0 0
381| 0 0 0
382| 0 0 0
383| 0 0 0
384| 0 0 0
385| 0 0 0
386| 0 4 0
387| 0 8 0
388| 0 12 0
389| 0 0 0
390| 0 0 0
391| 0 0 0
392| 0 0 0
393| 0 0 0
394| 0 0 0
395| 0 4 0
396| 0 8 0
397| 0 12 0
398| 0 16 0
399| 0 20 0
400| 0 0 0
401| 0 0 0
402| 0 0 0
403| 0 0 0
404| 0 0 0
405| 0 0 0
406| 0 4 0
407| 0 8 0
408| 0 12 0
409| 0 16 0
410| 0 0 0
411| 0 0 0
412| 0 0 0
413| 0 0 0
414| 0 0 0
415| 0 4 0
416| 0 8 0
417| 0 12 0
418| 0 16 0
419| 0 20 0
420| 0 0 0
421| 0 0 0
422| 0 0 0
423| 0 0 0
424| 0 0 0
425| 0 0 0
426| 0 4 0
427| 0 8 0
428| 0 12 0
429| 0 16 0
430| 0 20 0
431| 0 0 0
432| 0 0 0
433| 0 0 0
434| 0 0 0
435| 0 0 0
436| 0 0 0
437| 0 0 0
438| 0 0 0
439| 0 4 0
440| 0 8 0
441| 0 12 0
442| 0 16 0
443| 0 20 0
444| 0 24 0
445| 0 0 0
446| 0 0 0
447| 0 0 0
448| 0 0 0
449| 0 0 0
450| 0 4 0
451| 0 8 0
452| 0 12 0
453| 0 16 0
454| 0 0 0
455| 0 0 0
456| 0 0 0
457| 0 0 0
458| 0 0 0
459| 0 4 0
460| 0 8 0
461| 0 12 0
462| 0 16 0
463| 0 20 0
464| 0 0 0
465| 0 0 0
466| 0 0 0
467| -0,3 0 0
468| -0,6 0 0
469| -0,9 0 0
470| -1,2 0 0
471| -1,5 0 0
472| 0 0 0
473| 0 0 0
474| 0 0 0
475| 0 4 0
476| 0 8 0
477| 0 12 0
478| 0 16 0
479| 0 20 0
480| 0 24 0
481| 0 28 0
482| 0 32 0
483| 0 36 0
484| 0 40 0
485| 0 43,99999 0
486| 0 47,99999 0
487| 0 51,99999 0
488| 0 55,99999 0
489| 0 60 0
490| 0 64 0
491| 0 68 0
492| 0 72 0
493| 0 76,00001 0
494| 0 80,00001 0
495| 0 84,00001 0
496| 0 88,00002 0
497| 0 92,00002 0
498| 0 96,00002 0
499| 0 100 0
500| 0 104 0
501| 0 108 0
502| 0 112 0
503| 0 116 0
504| 0 120 0
505| 0 124 0
506| 0 128 0
507| 0 132 0
508| 0 136 0
509| 0 140 0
510| 0 144 0
511| 0 148 0
512| 0 152 0
513| 0 156 0
514| 0 160 0
515| 0 164 0
516| 0 168 0
517| 0 171,9999 0
518| 0 175,9999 0
519| 0 179,9999 0
520| 0 183,9999 0
521| 0 187,9999 0
522| 0 191,9999 0
523| 0 195,9999 0
524| 0 199,9999 0
525| 0 203,9999 0
526| 0 207,9999 0
527| 0 211,9999 0
528| 0 215,9999 0
529| 0 219,9999 0
530| 0 223,9999 0
531| 0 227,9999 0
532| 0 231,9999 0
533| 0 235,9999 0
534| 0 239,9999 0
535| 0 243,9999 0
536| 0 247,9999 0
537| 0 251,9999 0
538| 0 255,9999 0
539| 0 259,9999 0
540| 0 263,9999 0
541| 0 267,9999 0
542| 0 271,9998 0
543| 0 275,9998 0
544| 0 279,9998 0
545| 0 283,9998 0
546| 0 287,9998 0
547| 0 291,9998 0
548| 0 295,9998 0
549| 0 299,9998 0
550| 0 303,9998 0
551| 0 307,9998 0
552| 0 311,9998 0
553| 0 315,9998 0
554| 0 319,9998 0
555| 0 323,9998 0
556| 0 327,9998 0
557| 0 331,9998 0
558| 0 335,9998 0
559| 0 339,9998 0
560| 0 343,9998 0
561| 0 347,9998 0
562| 0 351,9998 0
563| 0 355,9998 0
564| 0 359,9998 0
565| 0 363,9998 0
566| 0 367,9998 0
567| 0 371,9998 0
568| 0 375,9998 0
569| 0 379,9998 0
570| 0 383,9998 0
571| 0 387,9998 0
572| 0 391,9998 0
573| 0 395,9998 0
574| 0 399,9997 0
575| 0 403,9998 0
576| 0 400 0
577| 0 400 0
578| 0 400 0
579| 0 400 0
580| 0 400 0
581| 0 400 0
582| 0 400 0
583| 0 400 0
584| 0 400 0
585| 0 400 0
586| 0 400 0
587| 0 400 0
588| 0 400 0
589| 0 400 0
590| -0,3 400 0
591| -0,6 400 0
592| -0,9 400 0
593| -1,2 400 0
594| -1,5 400 0
595| -1,8 400 0
596| -2,1 400 0
597| -2,1 400 0
598| -2,1 400 0
599| -2,1 400 0
600| -2,1 400 0
601| -2,1 400 0
602| -2,1 400 0
603| -2,1 400 0
604| -2,1 400 0
605| -2,1 400 0
606| -2,1 400 0
607| -2,1 400 0
608| -2,1 400 0
609| -2,1 400 0
610| -2,4 400 0
611| -2,7 400 0
612| -3 400 0
613| -3,299999 400 0
614| -3,299999 400 0
615| -3,299999 400 0
616| -3,299999 400 0
617| -3,299999 400 0
618| -3,299999 400 0
619| -3,299999 400 0
620| -3,299999 400 0
621| -3,299999 400 0
622| 0 0 0
623| 0 0 0
624| 0 0 0
625| 0 0 0
626| 0 0 0
627| 0 0 0
628| 0 0 0
629| 0 0 0
630| 0 0 0
631| 0 0 0
632| 0 0 0
633| 0 0 0
634| 0 0 0
635| 0 0 0
636| 0 0 0
637| 0 0 0
638| 0 0 0
639| 0 0 0
640| 0 0 0
641| 0 0 0
642| 0 0 0
643| 0 0 0
644| 0 0 0
645| 0 0 0
646| 0 0 0
647| 0 0 0
648| 0 0 0
649| 0 0 0
650| 0 0 0
651| 0 0 0
652| 0 0 0
653| 0 0 0
654| 0 0 0
655| 0 0 0
656| 0 0 0
657| 0 0 0
658| 0 0 0
659| 0 0 0
660| 0 0 0
661| 0 0 0
662| 0 0 0
663| 0 0 0
664| 0 0 0
665| 0 0 0
666| 0 0 0
667| 0 0 0
668| 0 0 0
669| 0 0 0
670| 0 0 0
671| 0 0 0
672| 0 0 0
673| 0 0 0
674| 0 0 0
675| 0 0 0
676| 0 0 0
677| 0 0 0
678| 0 0 0
679| 0 0 0
680| 0 0 0
681| 0 0 0
682| 0 0 0
683| 0 0 0
684| 0 0 0
685| 0 0 0
686| 0 0 0
687| 0 0 0
688| 0 0 0
689| 0 0 0
690| 0 0 0
691| 0 0 0
692| 0 0 0
693| 0 0 0
694| 0 0 0
695| 0 0 0
696| 0 0 0
697| 0 0 0
698| 0 0 0
699| 0 0 0
700| 0 0 0
701| 0 0 0
702| 0 0 0
703| 0 0 0
704| 0 0 0
705| 0 0 0
706| 0 0 0
707| 0 0 0
708| 0 0 0
709| 0 0 0
710| 0 0 0
711| 0 0 0
712| 0 0 0
713| 0 0 0
714| 0 0 0
715| 0 0 0
716| 0 0 0
717| 0 0 0
718| 0 0 0
719| 0 0 0
720| 0 0 0
721| 0 0 0
722| 0 0 0
723| 0 0 0
724| 0 0 0
725| 0 0 0
726| -0,3 0 0
727| -0,6 0 0
728| -0,9 0 0
729| -1,2 0 0
730| -1,5 0 0
731| -1,8 0 0
732| 0 0 0
733| 0 0 0
734| 0 0 0
735| 0 0 0
736| 0 0 0
737| 0 0 0
738| 0 0 0
739| 0 0 0
740| 0 0 0
741| 0 0 0
742| 0 0 0
743| 0 0 0
744| 0 0 0
745| 0 0 0
746| 0 0 0
747| 0 0 0
748| 0 0 0
749| 0 0 0
750| 0 0 0
751| 0 0 0
752| 0 0 0
753| 0 0 0
754| 0 0 0
755| 0 0 0
756| 0 0 0
757| 0 0 0
758| 0 0 0
759| 0 0 0
760| 0 0 0
761| 0 0 0
762| 0 0 0
763| 0 0 0
764| 0 0 0
765| 0 0 0
766| 0 0 0
767| 0 0 0
768| 0 0 0
769| 0 0 0
770| 0 0 0
771| 0 0 0
772| 0 0 0
773| 0 0 0
774| 0 0 0
775| 0 0 0
776| 0 0 0
777| 0 0 0
778| 0 0 0
779| 0 0 0
780| 0 0 0
781| 0 0 0
782| -0,3 0 0
783| -0,6 0 0
784| -0,9 0 0
785| -1,2 0 0
786| -1,5 0 0
787| -1,8 0 0
788| -2,1 0 0
789| -2,4 0 0
790| -2,7 0 0
791| -3 0 0
792| -3,299999 0 0
793| -3,599999 0 0
794| -3,899999 0 0
795| -4,2 0 0
796| -4,2 0 0
797| -4,2 -4 0
798| -4,2 -8 0
799| -4,2 -12 0
800| -4,2 -16 0
801| -4,2 -20 0
802| -4,2 -24 0
803| -4,2 -28 0
804| -4,2 -32 0
805| -4,2 -36 0
806| -4,2 -40 0
807| -4,2 -43,99999 0
808| -4,2 -47,99999 0
809| -4,2 -51,99999 0
810| -4,2 -55,99999 0
811| -4,2 -60 0
812| -4,2 -64 0
813| -4,2 -68 0
814| -4,2 -72 0
815| -4,2 -76,00001 0
816| -4,2 -80,00001 0
817| -4,2 -84,00001 0
818| -4,2 -88,00002 0
819| -4,2 -92,00002 0
820| -4,2 -96,00002 0
821| 0 0 0
822| 0 0 0
823| 0 0 0
824| 0 0 0
825| 0 0 0
826| 0 0 0
827| 0 0 0
828| 0 0 0
829| 0 0 0
830| 0,3 0 0
831| 0,6 0 0
832| 0,9 0 0
833| 1,2 0 0
834| 1,5 0 0
835| 1,8 0 0
836| 2,1 0 0
837| 2,4 0 0
838| 2,7 0 0
839| 3 0 0
840| 3,299999 0 0
841| 3,599999 0 0
842| 3,899999 0 0
843| 4,2 0 0
844| 0 0 0
845| 0 0 0
846| 0 0 0
847| 0 0 0
848| 0 0 0
849| 0 0 0
850| 0 0 0
851| 0 0 0
852| 0 0 0
853| 0 0 0
854| 0 0 0
855| 0 0 0
856| 0 0 0
857| 0 0 0
858| 0 0 0
859| 0 0 0
860| 0 0 0
861| 0 0 0
862| 0 0 0
863| 0 0 0
864| 0 0 0
865| 0 0 0
866| 0 0 0
867| 0 0 0
868| 0 0 0
869| 0 0 0
870| 0 0 0
871| 0 0 0
872| 0 0 0
873| 0 0 0
874| 0 0 0
875| 0 0 0
876| 0 0 0
877| 0 0 0
878| 0 0 0
879| 0 0 0
880| 0 0 0
881| 0 0 0
882| 0 0 0
883| 0 0 0
884| 0 0 0
885| 0 0 0
886| 0 0 0
887| 0 0 0
888| 0 0 0
889| 0 0 0
890| 0 0 0
891| 0 0 0
892| 0 0 0
893| 0 0 0
894| 0 0 0
895| 0 0 0
896| 0 0 0
897| 0 0 0
898| 0 0 0
899| 0 0 0
900| 0 0 0
901| 0 0 0
902| 0 0 0
903| 0 0 0
904| 0 0 0
905| 0 0 0
906| 0 0 0
907| 0 0 0
908| 0 0 0
909| 0 0 0
910| 0 0 0
911| 0 0 0
912| 0 0 0
913| 0 0 0
914| 0 0 0
915| 0 0 0
916| 0 0 0
917| 0 0 0
918| 0 0 0
919| 0 0 0
920| 0 0 0
921| 0 0 0
922| 0 0 0
923| 0 0 0
924| 0 0 0
925| 0 0 0
926| 0 0 0
927| 0 0 0
928| 0 0 0
929| 0 0 0
930| 0 0 0
931| 0 0 0
932| 0 0 0
933| 0 0 0
934| 0 0 0
935| 0 0 0
936| 0 0 0
937| 0 0 0
938| 0 0 0
939| 0 0 0
940| 0 0 0
941| 0 0 0
942| 0 0 0
943| 0 0 0
944| 0 0 0
945| 0 0 0
946| 0 0 0
947| 0 0 0
948| 0 0 0
949| 0 0 0
950| 0 0 0
951| 0 0 0
952| 0 0 0
953| 0 0 0
954| 0 0 0
955| 0 0 0
956| 0 0 0
957| 0 0 0
958| 0 0 0
959| 0 0 0
960| 0 0 0
961| 0 0 0
962| 0 0 0
963| 0 0 0
964| 0 0 0
965| 0 0 0
966| 0 0 0
967| 0 0 0
968| 0 0 0
969| 0 0 0
970| 0 0 0
971| 0 0 0
972| 0 0 0
973| 0 0 0
974| 0 0 0
975| 0 0 0
976| 0 0 0
977| 0 0 0
978| 0 0 0
979| 0 0 0
980| 0 0 0
981| 0 0 0

