1| 0 0 0
2| 0 0 0
3| 0 0 0
4| 0 0 0
5| 0 0 0
6| 0 0 0
7| 0 0 0
8| 0 0 0
9| 0 0 0
10| 0 0 0
11| 0 0 0
12| 0 0 0
13| 0 0 0
14| 0 0 0
15| 0 0 0
16| 0 0 0
17| 0 0 0
18| 0 0 0
19| 0 0 0
20| 0 0 0
21| 0 0 0
22| 0 0 0
23| 0 0 0
24| 0 0 0
25| 0 0 0
26| 0 0 0
27| 0 0 0
28| 0 0 0
29| 0 0 0
30| 0 0 0
31| 0 0 0
32| 0 0 0
33| 0 0 0
34| 0 0 0
35| 0 0 0
36| 0 0 0
37| 0 0 0
38| 0 0 0
39| 0 0 0
40| 0 0 0
41| 0 0 0
42| 0 0 0
43| 0 0 0
44| 0 0 0
45| 0 0 0
46| 0 0 0
47| 0 0 0
48| 0 0 0
49| 0 0 0
50| 0 0 0
51| 0 0 0
52| 0 0 0
53| 0 0 0
54| 0 0 0
55| 0 0 0
56| 0 0 0
57| 0 0 0
58| 0 0 0
59| 0 0 0
60| 0 0 0
61| 0 0 0
62| 0 0 0
63| 0 0 0
64| 0 0 0
65| 0 0 0
66| 0 0 0
67| 0 0 0
68| 0 0 0
69| 0 0 0
70| 0 0 0
71| 0 0 0
72| 0 0 0
73| 0 0 0
74| 0 0 0
75| 0 0 0
76| 0 0 0
77| 0 0 0
78| 0 0 0
79| 0 0 0
80| 0 0 0
81| 0 0 0
82| 0 0 0
83| 0 0 0
84| 0 0 0
85| 0 0 0
86| 0 0 0
87| 0 0 0
88| 0 0 0
89| 0 0 0
90| 0 0 0
91| 0 0 0
92| 0 0 0
93| 0 0 0
94| 0 0 0
95| 0 0 0
96| 0 0 0
97| 0 0 0
98| 0 0 0
99| 0 0 0
100| 0 0 0
101| 0 0 0
102| 0 0 0
103| 0 0 0
104| 0 0 0
105| 0 0 0
106| 0 0 0
107| 0 0 0
108| 0 0 0
109| 0 0 0
110| 0 0 0
111| 0 0 0
112| 0 0 0
113| 0 0 0
114| 0 0 0
115| 0 0 0
116| 0 0 0
117| 0 0 0
118| 0 0 0
119| 0 0 0
120| 0 0 0
121| 0 0 0
122| 0 0 0
123| 0 0 0
124| 0 0 0
125| 0 0 0
126| 0 0 0
127| 0 0 0
128| 0 0 0
129| 0 0 0
130| 0 0 0
131| 0 0 0
132| 0 0 0
133| 0 0 0
134| 0 0 0
135| 0 0 0
136| 0 0 0
137| 0 0 0
138| 0 0 0
139| 0 0 0
140| 0 0 0
141| 0 0 0
142| 0 0 0
143| 0 0 0
144| 0 0 0
145| 0 0 0
146| 0 0 0
147| 0 0 0
148| 0 0 0
149| 0 0 0
150| 0 0 0
151| 0 0 0
152| 0 0 0
153| 0 0 0
154| 0 0 0
155| 0 0 0
156| 0 0 0
157| 0 0 0
158| 0 0 0
159| 0 0 0
160| 0 0 0
161| 0 0 0
162| 0 0 0
163| 0 0 0
164| 0 0 0
165| 0 0 0
166| 0 0 0
167| 0 0 0
168| 0 0 0
169| 0 0 0
170| 0 0 0
171| 0 0 0
172| 0 0 0
173| 0 0 0
174| 0 0 0
175| 0 0 0
176| 0 0 0
177| 0 0 0
178| 0 0 0
179| 0 0 0
180| 0 0 0
181| 0 0 0
182| 0 0 0
183| 0 0 0
184| 0 0 0
185| 0 0 0
186| 0 0 0
187| 0 0 0
188| 0 0 0
189| 0 0 0
190| 0 0 0
191| 0 0 0
192| 0 0 0
193| 0 0 0
194| 0 0 0
195| 0 0 0
196| 0 0 0
197| 0 0 0
198| 0 0 0
199| 0 0 0
200| 0 0 0
201| 0 0 0
202| 0 0 0
203| 0 0 0
204| 0 0 0
205| 0 0 0
206| 0 0 0
207| 0 0 0
208| 0 0 0
209| 0 0 0
210| 0 0 0
211| 0 0 0
212| 0 0 0
213| 0 0 0
214| 0 0 0
215| 0 0 0
216| 0 0 0
217| 0 0 0
218| 0 0 0
219| 0 0 0
220| 0 0 0
221| 0 0 0
222| 0 0 0
223| 0 0 0
224| 0 0 0
225| 0 0 0
226| 0 0 0
227| 0 0 0
228| 0 0 0
229| 0 0 0
230| 0 0 0
231| 0 0 0
232| 0 0 0
233| 0 0 0
234| 0 0 0
235| 0 0 0
236| 0 0 0
237| 0 0 0
238| 0 0 0
239| 0 0 0
240| 0 0 0
241| 0 0 0
242| 0 0 0
243| 0 0 0
244| 0 0 0
245| 0 0 0
246| 0 0 0
247| 0 0 0
248| 0 0 0
249| 0 0 0
250| 0 0 0
251| 0 0 0
252| 0 0 0
253| 0 0 0
254| 0 0 0
255| 0 0 0
256| 0 0 0
257| 0 0 0
258| 0 0 0
259| 0 0 0
260| 0 0 0
261| 0 0 0
262| 0 0 0
263| 0 0 0
264| 0 0 0
265| 0 0 0
266| 0 0 0
267| 0 0 0
268| 0 0 0
269| 0 0 0
270| 0 0 0
271| 0 0 0
272| 0 0 0
273| 0 0 0
274| 0 0 0
275| 0 0 0
276| 0 0 0
277| 0 0 0
278| 0 0 0
279| 0 0 0
280| 0 0 0
281| 0 0 0
282| 0 0 0
283| 0 0 0
284| 0 0 0
285| 0 0 0
286| 0 0 0
287| 0 0 0
288| 0 0 0
289| 0 0 0
290| 0 0 0
291| 0 0 0
292| 0 0 0
293| 0 0 0
294| 0 0 0
295| 0 0 0
296| 0 0 0
297| 0 0 0
298| 0 0 0
299| 0 0 0
300| 0 0 0
301| 0 0 0
302| 0 0 0
303| 0 0 0
304| 0 0 0
305| 0 0 0
306| 0 0 0
307| 0 0 0
308| 0 0 0
309| 0 0 0
310| 0 0 0
311| 0 0 0
312| 0 0 0
313| 0 0 0
314| 0 0 0
315| 0 0 0
316| 0 0 0
317| 0 0 0
318| 0 0 0
319| 0 0 0
320| 0 0 0
321| 0 0 0
322| 0 0 0
323| 0 0 0
324| 0 0 0
325| 0 0 0
326| 0 0 0
327| 0 0 0
328| 0 0 0
329| 0 0 0
330| 0 0 0
331| 0 0 0
332| 0 0 0
333| 0 0 0
334| 0 0 0
335| 0 0 0
336| 0 0 0
337| 0 0 0
338| 0 0 0
339| 0 0 0
340| 0 0 0
341| 0 0 0
342| 0 0 0
343| 0 0 0
344| 0 0 0
345| 0 0 0
346| 0 0 0
347| 0 0 0
348| 0 0 0
349| 0 0 0
350| 0 0 0
351| 0 0 0
352| 0 0 0
353| 0 0 0
354| 0 0 0
355| 0 0 0
356| 0 0 0
357| 0 0 0
358| 0 0 0
359| 0 0 0
360| 0 0 0
361| 0,3 4 0
362| 0,6 8 0
363| 0,9 12 0
364| 1,2 16 0
365| 1,5 20 0
366| 1,8 24 0
367| 2,1 28 0
368| 2,4 32 0
369| 2,7 36 0
370| 3 40 0
371| 3,299999 43,99999 0
372| 3,599999 47,99999 0
373| 3,899999 51,99999 0
374| 4,2 55,99999 0
375| 4,5 60 0
376| 4,8 64 0
377| 5,1 68 0
378| 5,4 72 0
379| 5,7 76,00001 0
380| 6 80,00001 0
381| 6,300001 84,00001 0
382| 6,600001 88,00002 0
383| 6,900001 92,00002 0
384| 7,200001 96,00002 0
385| 7,500001 100 0
386| 7,800001 104 0
387| 8,1 108 0
388| 8,4 112 0
389| 8,7 116 0
390| 8,999999 120 0
391| 9,299999 124 0
392| 9,599998 128 0
393| 9,899999 132 0
394| 10,2 136 0
395| 10,5 140 0
396| 10,8 144 0
397| 11,1 148 0
398| 11,4 152 0
399| 11,7 156 0
400| 12 160 0
401| 12,3 164 0
402| 12,6 168 0
403| 12,9 171,9999 0
404| 13,2 175,9999 0
405| 13,5 179,9999 0
406| 13,79999 183,9999 0
407| 14,09999 187,9999 0
408| 14,39999 191,9999 0
409| 14,69999 195,9999 0
410| 14,99999 199,9999 0
411| 15,29999 203,9999 0
412| 15,59999 207,9999 0
413| 15,89999 211,9999 0
414| 16,19999 215,9999 0
415| 16,49999 219,9999 0
416| 16,79999 223,9999 0
417| 17,09999 227,9999 0
418| 17,39999 231,9999 0
419| 17,69999 235,9999 0
420| 17,99999 239,9999 0
421| 18,29999 243,9999 0
422| 18,59999 247,9999 0
423| 18,89999 251,9999 0
424| 19,19999 255,9999 0
425| 19,49999 259,9999 0
426| 19,79999 263,9999 0
427| 20,09999 267,9999 0
428| 20,39999 271,9998 0
429| 20,69999 275,9998 0
430| 20,99999 279,9998 0
431| 21,29999 283,9998 0
432| 21,59999 287,9998 0
433| 21,89999 291,9998 0
434| 22,19999 295,9998 0
435| 22,49999 299,9998 0
436| 22,79999 303,9998 0
437| 22,79999 307,9998 0
438| 22,79999 311,9998 0
439| 22,79999 315,9998 0
440| 22,79999 319,9998 0
441| 22,79999 323,9998 0
442| 22,79999 327,9998 0
443| 22,79999 331,9998 0
444| 22,79999 335,9998 0
445| 22,79999 339,9998 0
446| 22,79999 343,9998 0
447| 22,79999 347,9998 0
448| 22,79999 351,9998 0
449| 22,79999 355,9998 0
450| 22,79999 359,9998 0
451| 22,79999 363,9998 0
452| 22,79999 367,9998 0
453| 22,79999 371,9998 0
454| 22,79999 375,9998 0
455| 22,79999 379,9998 0
456| 22,79999 383,9998 0
457| 22,79999 387,9998 0
458| 0 391,9998 0
459| -0,3 395,9998 0
460| -0,6 399,9997 0
461| -0,9 403,9998 0
462| -1,2 400 0
463| -1,5 400 0
464| -1,8 400 0
465| -2,1 400 0
466| -2,4 400 0
467| -2,7 400 0
468| -3 400 0
469| -3,299999 400 0
470| -3,599999 400 0
471| -3,599999 400 0
472| -3,599999 400 0
473| -3,599999 400 0
474| -3,599999 400 0
475| -3,599999 400 0
476| -3,599999 400 0
477| -3,599999 400 0
478| -3,599999 400 0
479| -3,599999 400 0
480| -3,599999 400 0
481| -3,599999 400 0
482| -3,599999 400 0
483| -3,599999 400 0
484| -3,599999 400 0
485| -3,599999 400 0
486| -3,599999 400 0
487| -3,599999 400 0
488| -3,599999 400 0
489| -3,599999 400 0
490| -3,599999 400 0
491| -3,599999 400 0
492| -3,599999 400 0
493| -3,599999 400 0
494| -3,599999 400 0
495| -3,599999 400 0
496| -3,599999 400 0
497| -3,599999 400 0
498| -3,599999 400 0
499| -3,599999 400 0
500| -3,599999 400 0
501| -3,599999 400 0
502| -3,599999 400 0
503| -3,599999 400 0
504| -3,599999 400 0
505| -3,599999 400 0
506| -3,599999 400 0
507| 0 400 0
508| 0,3 400 0
509| 0,6 400 0
510| 0,9 400 0
511| 1,2 400 0
512| 1,5 400 0
513| 1,5 400 0
514| 1,5 400 0
515| 1,5 400 0
516| 1,5 400 0
517| 1,5 400 0
518| 1,5 400 0
519| 1,5 400 0
520| 1,5 400 0
521| 1,5 400 0
522| 1,5 400 0
523| 1,5 400 0
524| 1,5 400 0
525| 1,5 400 0
526| 1,5 400 0
527| 1,5 400 0
528| 1,5 400 0
529| 1,5 400 0
530| 1,5 400 0
531| 1,5 400 0
532| 1,5 400 0
533| 1,5 400 0
534| 1,5 400 0
535| 1,5 400 0
536| 1,5 400 0
537| 1,5 400 0
538| 1,5 400 0
539| 1,5 400 0
540| 1,5 400 0
541| 1,5 400 0
542| 1,5 400 0
543| 1,5 400 0
544| 1,5 400 0
545| 1,5 400 0
546| 1,5 400 0
547| 1,5 400 0
548| 1,5 400 0
549| 1,5 400 0
550| 1,5 400 0
551| 1,5 400 0
552| 1,5 400 0
553| 1,5 400 0
554| 1,5 400 0
555| 1,5 400 0
556| 1,5 400 0
557| 1,5 400 0
558| 1,5 400 0
559| 1,5 400 0
560| 1,5 400 0
561| 0 400 0
562| 0 400 0
563| 0 400 0
564| 0 400 0
565| 0 400 0
566| 0 400 0
567| 0 400 0
568| 0 400 0
569| 0 400 0
570| 0 400 0
571| 0 400 0
572| 0 400 0
573| 0 400 0
574| 0 400 0
575| 0 400 0
576| 0 400 0
577| 0 400 0
578| 0 400 0
579| 0 400 0
580| 0 400 0
581| 0 400 0
582| 0 400 0
583| 0 400 0
584| 0 400 0
585| 0 400 0
586| 0 400 0
587| -0,3 400 0
588| -0,6 400 0
589| -0,9 400 0
590| -0,9 400 0
591| -0,9 400 0
592| -0,9 400 0
593| -0,9 400 0
594| -0,9 400 0
595| -0,9 400 0
596| -0,9 400 0
597| -0,9 400 0
598| -0,9 400 0
599| -0,9 400 0
600| -0,9 400 0
601| -0,9 400 0
602| -0,9 400 0
603| -0,9 400 0
604| -0,9 400 0
605| -0,9 400 0
606| -0,9 400 0
607| -0,9 400 0
608| -0,9 400 0
609| -0,9 400 0
610| -0,9 400 0
611| -1,2 400 0
612| -1,5 400 0
613| -1,8 400 0
614| -2,1 400 0
615| -2,4 400 0
616| -2,7 400 0
617| -2,7 400 0
618| -2,7 400 0
619| -2,7 400 0
620| -2,7 400 0
621| -2,7 400 0
622| -2,7 400 0
623| -2,7 400 0
624| -2,7 400 0
625| -2,7 400 0
626| -2,7 400 0
627| -2,7 400 0
628| -2,7 400 0
629| -2,7 400 0
630| -2,7 400 0
631| -2,7 400 0
632| -2,7 400 0
633| -2,7 400 0
634| -2,7 400 0
635| -2,7 400 0
636| -2,7 400 0
637| -2,7 400 0
638| -2,7 400 0
639| -2,7 400 0
640| -2,7 400 0
641| -2,7 400 0
642| -2,7 400 0
643| -2,7 400 0
644| -2,7 400 0
645| -2,7 400 0
646| -2,7 400 0
647| -2,7 400 0
648| -2,7 400 0
649| -2,7 400 0
650| -2,7 400 0
651| -2,7 400 0
652| -2,7 400 0
653| -2,7 400 0
654| -2,7 400 0
655| -2,7 400 0
656| -2,7 400 0
657| -2,7 400 0
658| -2,7 400 0
659| -2,7 400 0
660| -2,7 400 0
661| -2,7 400 0
662| -2,7 400 0
663| -2,7 400 0
664| -2,7 400 0
665| 0 400 0
666| 0,3 400 0
667| 0,6 400 0
668| 0,9 400 0
669| 0,9 400 0
670| 0,9 400 0
671| 0,9 400 0
672| 0,9 400 0
673| 0,9 400 0
674| 0,9 400 0
675| 0,9 400 0
676| 0,9 400 0
677| 0,9 400 0
678| 0,9 400 0
679| 0,9 400 0
680| 0,9 400 0
681| 0,9 400 0
682| 0,9 400 0
683| 0,9 400 0
684| 0,9 400 0
685| 0,9 400 0
686| 0,9 400 0
687| 0,9 400 0
688| 0,9 400 0
689| 0,9 400 0
690| 0,9 400 0
691| 0,9 400 0
692| 0,9 400 0
693| 0,9 400 0
694| 0,9 400 0
695| 0,9 400 0
696| 0,9 400 0
697| 0,9 400 0
698| 0,9 400 0
699| 0,9 400 0
700| 0 400 0
701| -0,3 400 0
702| -0,6 400 0
703| -0,9 400 0
704| -1,2 400 0
705| -1,5 400 0
706| -1,8 400 0
707| -2,1 400 0
708| -2,4 400 0
709| -2,7 400 0
710| -3 400 0
711| -3,299999 400 0
712| -3,599999 400 0
713| -3,899999 400 0
714| -4,2 400 0
715| -4,5 400 0
716| -4,8 400 0
717| -5,1 400 0
718| -5,4 400 0
719| -5,7 400 0
720| -6 400 0
721| -6,300001 400 0
722| -6,600001 400 0
723| -6,900001 400 0
724| -7,200001 400 0
725| -7,500001 400 0
726| -7,800001 400 0
727| -8,1 400 0
728| -8,4 400 0
729| -8,7 400 0
730| -8,999999 0 0
731| -9,299999 -4 0
732| -9,599998 -8 0
733| -9,899999 -12 0
734| -10,2 -16 0
735| -10,5 -20 0
736| -10,8 -24 0
737| -11,1 -28 0
738| -11,4 -32 0
739| -11,7 -36 0
740| -12 -40 0
741| -12,3 -43,99999 0
742| -12,6 -47,99999 0
743| -12,9 -51,99999 0
744| -13,2 -55,99999 0
745| -13,5 -60 0
746| -13,79999 -64 0
747| -14,09999 -68 0
748| -14,39999 -72 0
749| -14,69999 -76,00001 0
750| -14,99999 -80,00001 0
751| -15,29999 -84,00001 0
752| -15,59999 -88,00002 0
753| -15,89999 -92,00002 0
754| -16,19999 -96,00002 0
755| -16,49999 -100 0
756| -16,79999 -104 0
757| -17,09999 -108 0
758| -17,39999 -112 0
759| -17,69999 -116 0
760| -17,99999 -120 0
761| -18,29999 -124 0
762| -18,59999 -128 0
763| -18,89999 -132 0
764| -19,19999 -136 0
765| -19,49999 -140 0
766| -19,79999 -144 0
767| -20,09999 -148 0
768| -20,39999 -152 0
769| -20,69999 -156 0
770| -20,99999 -160 0
771| -21,29999 -164 0
772| -21,59999 -168 0
773| -21,89999 -171,9999 0
774| -22,19999 -175,9999 0
775| -22,49999 -179,9999 0
776| -22,79999 -183,9999 0
777| -23,09999 -187,9999 0
778| -23,39999 -191,9999 0
779| -23,69999 -195,9999 0
780| -23,99999 -199,9999 0
781| -24,29999 -203,9999 0
782| -24,59999 -207,9999 0
783| -24,89998 -211,9999 0
784| -25,19999 -215,9999 0
785| -25,49998 -219,9999 0
786| -25,79998 -223,9999 0
787| 0 -227,9999 0
788| 0,3 -231,9999 0
789| 0,6 -235,9999 0
790| 0,9 -239,9999 0
791| 1,2 -243,9999 0
792| 1,5 -247,9999 0
793| 1,8 -251,9999 0
794| 2,1 -255,9999 0
795| 2,4 -259,9999 0
796| 2,7 -263,9999 0
797| 3 -267,9999 0
798| 3,299999 -271,9998 0
799| 3,599999 -275,9998 0
800| 3,899999 -279,9998 0
801| 4,2 -283,9998 0
802| 4,5 -287,9998 0
803| 4,8 -291,9998 0
804| 5,1 -295,9998 0
805| 5,4 -299,9998 0
806| 5,7 -303,9998 0
807| 6 -307,9998 0
808| 6,300001 -311,9998 0
809| 6,600001 -315,9998 0
810| 6,900001 -319,9998 0
811| 7,200001 -323,9998 0
812| 7,500001 -327,9998 0
813| 7,800001 -331,9998 0
814| 8,1 -335,9998 0
815| 8,4 -339,9998 0
816| 8,7 -343,9998 0
817| 8,999999 -347,9998 0
818| 9,299999 -351,9998 0
819| 9,599998 -355,9998 0
820| 9,899999 -359,9998 0
821| 10,2 -363,9998 0
822| 10,5 -367,9998 0
823| 10,8 -371,9998 0
824| 11,1 -375,9998 0
825| 11,4 -379,9998 0
826| 11,7 -383,9998 0
827| 12 -387,9998 0
828| 12,3 -391,9998 0
829| 12,6 -395,9998 0
830| 12,9 -399,9997 0
831| 13,2 -403,9998 0
832| 13,5 -400 0
833| 13,79999 -400 0
834| 14,09999 -400 0
835| 14,39999 -400 0
836| 14,69999 -400 0
837| 14,99999 -400 0
838| 15,29999 -400 0
839| 15,59999 -400 0
840| 15,89999 -400 0
841| 16,19999 -400 0
842| 16,49999 -400 0
843| 16,79999 -400 0
844| 17,09999 -400 0
845| 17,39999 -400 0
846| 17,69999 -400 0
847| 17,99999 -400 0
848| 18,29999 -400 0
849| 18,59999 -400 0
850| 18,89999 -400 0
851| 19,19999 -400 0
852| 19,49999 -400 0
853| 19,79999 -400 0
854| 20,09999 -400 0
855| 20,39999 -400 0
856| 20,69999 -400 0
857| 20,99999 -400 0
858| 21,29999 -400 0
859| 21,59999 -400 0
860| 21,89999 -400 0
861| 22,19999 -400 0
862| 22,49999 -400 0
863| 22,79999 -400 0
864| 23,09999 -400 0
865| 23,39999 -400 0
866| 23,69999 -400 0
867| 23,99999 -400 0
868| 24,29999 -400 0
869| 24,59999 -400 0
870| 24,89998 -400 0
871| 25,19999 -400 0
872| 25,49998 -400 0
873| 25,79998 -400 0
874| 26,09998 -400 0
875| 26,39998 -400 0
876| 26,69998 -400 0
877| 26,99998 -400 0
878| 27,29998 -400 0
879| 27,59998 -400 0
880| 27,89998 -400 0
881| 28,19998 -400 0
882| 28,49998 -400 0
883| 28,79998 -400 0
884| 29,09998 -400 0
885| 29,39998 -400 0
886| 29,69998 -400 0
887| 29,99998 -400 0
888| 30,29998 -400 0
889| 30 -400 0
890| 30 -400 0
891| 30 -400 0
892| 30 -400 0
893| 30 -400 0
894| 30 -400 0
895| 30 -400 0
896| 30 -400 0
897| 30 -400 0
898| 30 -400 0
899| 30 -400 0
900| 30 -400 0
901| 30 -400 0
902| 30 -400 0
903| 0 0 0
904| 0 0 0
905| 0 0 0
906| 0 0 0
907| 0 0 0
908| 0 0 0
909| 0 0 0
910| 0 0 0
911| 0 0 0
912| 0 0 0
913| 0 0 0
914| 0 0 0
915| 0 0 0
916| 0 0 0
917| 0 0 0
918| 0 4 0
919| 0 8 0
920| 0 12 0
921| 0 16 0
922| 0 20 0
923| 0 24 0
924| 0 28 0
925| -0,3 32 0
926| -0,6 36 0
927| -0,9 40 0
928| -1,2 43,99999 0
929| -1,5 47,99999 0
930| -1,8 51,99999 0
931| -2,1 55,99999 0
932| -2,4 60 0
933| -2,7 64 0
934| -3 68 0
935| -3,299999 72 0
936| -3,599999 76,00001 0
937| -3,599999 80,00001 30000
938| -3,599999 84,00001 30000
939| -3,599999 88,00002 30000
940| -3,599999 92,00002 30000
941| -3,599999 96,00002 30000
942| -3,599999 100 30000
943| -3,599999 104 30000
944| -3,599999 108 30000
945| -3,599999 112 30000
946| -3,599999 116 30000
947| -3,599999 120 30000
948| -3,599999 124 30000
949| -3,599999 128 30000
950| -3,599999 132 30000
951| -3,599999 136 30000
952| -3,599999 140 30000
953| -3,599999 144 30000
954| -3,599999 148 30000
955| -3,599999 152 30000
956| -3,599999 156 30000
957| -3,599999 160 30000
958| -3,599999 164 30000
959| -3,599999 168 30000
960| -3,599999 171,9999 30000
961| -3,599999 175,9999 30000
962| -3,599999 179,9999 30000
963| -3,599999 183,9999 30000
964| -3,599999 187,9999 30000
965| -3,599999 191,9999 30000
966| -3,599999 195,9999 30000
967| -3,599999 199,9999 30000
968| -3,599999 203,9999 30000
969| -3,599999 207,9999 30000
970| -3,599999 211,9999 30000
971| -3,599999 215,9999 30000
972| -3,599999 219,9999 30000
973| -3,599999 223,9999 30000
974| -3,599999 227,9999 30000
975| -3,599999 231,9999 30000
976| 0 0 30000
977| 0 0 0
978| 0 0 0
979| 0 0 0
980| 0 0 0
981| 0 0 0
982| 0 0 0
983| 0 0 0
984| 0 0 0
985| 0 0 0
986| 0 0 0
987| 0 0 0
988| 0 0 0
989| 0 0 0
990| 0 0 0
991| 0 0 0
992| 0 0 0
993| 0 0 0
994| 0 0 0
995| 0 0 0
996| 0 0 0
997| 0 0 0
998| 0 0 0
999| 0 0 0
1000| 0 0 0
1001| 0 0 0
1002| 0 0 0
1003| 0 0 0
1004| 0 0 0
1005| 0 0 0
1006| 0 0 0
1007| 0 0 0
1008| 0 0 0
1009| 0 0 0
1010| 0 0 0
1011| 0 0 0
1012| 0 0 0
1013| 0 0 0
1014| 0 0 0
1015| 0 0 0
1016| 0 0 0
1017| 0 0 0
1018| 0 0 0
1019| 0 0 0
1020| 0 0 0
1021| 0 0 0
1022| 0 0 0
1023| 0 0 0
1024| 0 0 0
1025| 0 0 0
1026| 0 0 0
1027| 0 0 0
1028| 0 0 0
1029| 0 0 0
1030| 0 0 0
1031| 0 0 0
1032| 0 0 0
1033| 0 0 0
1034| 0 0 0
1035| 0 0 0
1036| 0 0 0
1037| 0 0 0
1038| 0 0 0
1039| 0 0 0
1040| 0 0 0
1041| 0 0 0
1042| 0 0 0
1043| 0 0 0
1044| 0 0 0
1045| 0 0 0
1046| 0 0 0
1047| 0 0 0
1048| 0 0 0
1049| 0 0 0
1050| 0 0 0
1051| 0 0 0
1052| 0 0 0
1053| 0 0 0
1054| 0 0 0
1055| 0 0 0
1056| 0 0 0
1057| 0 0 0
1058| 0 0 0
1059| 0 0 0
1060| 0 0 0
1061| 0 0 0
1062| 0 0 0
1063| 0 0 0
1064| 0 0 0
1065| 0 0 0
1066| 0 0 0
1067| 0 0 0
1068| 0 0 0
1069| 0 0 0
1070| 0 0 0
1071| 0 0 0
1072| 0 0 0
1073| 0 0 0
1074| 0 0 0
1075| 0 0 0
1076| 0 0 0
1077| 0 0 0
1078| 0 0 0
1079| 0 0 0
1080| 0 0 0
1081| 0 0 0
1082| 0 0 0
1083| 0 0 0
1084| 0 0 0
1085| 0 0 0
1086| 0 0 0
1087| 0 0 0
1088| 0 0 0
1089| 0 0 0
1090| 0 0 0
1091| 0 0 0
1092| 0 0 0
1093| 0 0 0
1094| 0 0 0
1095| 0 0 0
1096| 0 0 0
1097| 0 0 0
1098| 0 0 0
1099| 0 0 0
1100| 0 0 0
1101| 0 0 0
1102| 0 0 0
1103| 0 0 0
1104| 0 0 0
1105| 0 0 0
1106| 0 0 0
1107| 0 0 0
1108| 0 0 0
1109| 0 0 0
1110| 0 0 0
1111| 0 0 0
1112| 0 0 0
1113| 0 0 0
1114| 0 0 0
1115| 0 0 0
1116| 0 0 0
1117| 0 0 0
1118| 0 0 0
1119| 0 0 0
1120| 0 0 0
1121| 0 0 0
1122| 0 0 0
1123| 0 0 0
1124| 0 0 0
1125| 0 0 0
1126| 0 0 0
1127| 0 0 0
1128| 0 0 0
1129| 0 0 0
1130| 0 0 0
1131| 0 0 0
1132| 0 0 0
1133| 0 0 0
1134| 0 0 0
1135| 0 0 0
1136| 0 0 0
1137| 0 0 0
1138| 0 0 0
1139| 0 0 0
1140| 0 0 0
1141| 0 0 0
1142| 0 0 0
1143| 0 0 0
1144| 0 0 0
1145| 0 0 0
1146| 0 0 0
1147| 0 0 0
1148| 0 0 0
1149| 0 0 0
1150| 0 0 0
1151| 0 0 0
1152| 0 0 0
1153| 0 0 0
1154| 0 0 0
1155| 0 0 0
1156| 0 0 0
1157| 0 0 0
1158| 0 0 0
1159| 0 0 0
1160| 0 0 0
1161| 0 0 0
1162| 0 0 0
1163| 0 0 0
1164| 0 0 0
1165| 0 0 0
1166| 0 0 0
1167| 0 0 0
1168| 0 0 0
1169| 0 0 0
1170| 0 0 0
1171| 0 0 0
1172| 0 0 0
1173| 0 0 0
1174| 0 0 0
1175| 0 0 0
1176| 0 0 0
1177| 0 0 0
1178| 0 0 0
1179| 0 0 0
1180| 0 0 0
1181| 0 0 0
1182| 0 0 0
1183| 0 0 0
1184| 0 0 0
1185| 0 0 0
1186| 0 0 0
1187| 0 0 0
1188| 0 0 0
1189| 0 0 0
1190| 0 0 0
1191| 0 0 0
1192| 0 0 0
1193| 0 0 0
1194| 0 0 0
1195| 0 0 0
1196| 0 0 0
1197| 0 0 0
1198| 0 0 0
1199| 0 0 0
1200| 0 0 0
1201| 0 0 0
1202| 0 0 0
1203| 0 0 0
1204| 0 0 0
1205| 0 0 0
1206| 0 0 0
1207| 0 0 0
1208| 0 0 0
1209| 0 0 0
1210| 0 0 0
1211| 0 0 0
1212| 0 0 0
1213| 0 0 0
1214| 0 0 0
1215| 0 0 0
1216| 0 0 0
1217| 0 0 0
1218| 0 0 0
1219| 0 0 0
1220| 0 0 0
1221| 0 0 0
1222| 0 0 0
1223| 0 0 0
1224| 0 0 0
1225| 0 0 0
1226| 0 0 0
1227| 0 0 0
1228| 0 0 0
1229| 0 0 0
1230| 0 0 0
1231| 0 0 0
1232| 0 0 0
1233| 0 0 0
1234| 0 0 0
1235| 0 0 0
1236| 0 0 0

