1| 0 0 0
2| 0 0 0
3| 0 0 0
4| 0 0 0
5| 0 0 0
6| 0 0 0
7| 0 0 0
8| 0 0 0
9| 0 0 0
10| 0 0 0
11| 0 0 0
12| 0 0 0
13| 0 0 0
14| 0 0 0
15| 0 0 0
16| 0 0 0
17| 0 0 0
18| 0 0 0
19| 0 0 0
20| 0 0 0
21| 0 0 0
22| 0 0 0
23| 0 0 0
24| 0 0 0
25| 0 0 0
26| 0 0 0
27| 0 0 0
28| 0 0 0
29| 0 0 0
30| 0 0 0
31| 0 0 0
32| 0 0 0
33| 0 0 0
34| 0 0 0
35| 0 0 0
36| 0 0 0
37| 0 0 0
38| 0 0 0
39| 0 0 0
40| 0 0 0
41| 0 0 0
42| 0 0 0
43| 0 0 0
44| 0 0 0
45| 0 0 0
46| 0 0 0
47| 0 0 0
48| 0 0 0
49| 0 0 0
50| 0 0 0
51| 0 0 0
52| 0 0 0
53| 0 0 0
54| 0 0 0
55| 0 0 0
56| 0 0 0
57| 0 0 0
58| 0 0 0
59| 0 0 0
60| 0 0 0
61| 0 0 0
62| 0 0 0
63| 0 0 0
64| 0 0 0
65| 0 0 0
66| 0 0 0
67| 0 0 0
68| 0 0 0
69| 0 0 0
70| 0 0 0
71| 0 0 0
72| 0 0 0
73| 0 0 0
74| 0 0 0
75| 0 0 0
76| 0 0 0
77| 0 0 0
78| 0 0 0
79| 0 0 0
80| 0 0 0
81| 0 0 0
82| 0 0 0
83| 0 0 0
84| 0 0 0
85| 0 0 0
86| 0 0 0
87| 0 0 0
88| 0 0 0
89| 0 0 0
90| 0 0 0
91| 0 0 0
92| 0 0 0
93| 0 0 0
94| 0 0 0
95| 0 0 0
96| 0 0 0
97| 0 0 0
98| 0 0 0
99| 0 0 0
100| 0 0 0
101| 0 0 0
102| 0 0 0
103| 0 0 0
104| 0 0 0
105| 0 0 0
106| 0 0 0
107| 0 0 0
108| 0 0 0
109| 0 0 0
110| 0 0 0
111| 0 0 0
112| 0 0 0
113| 0 0 0
114| 0 0 0
115| 0 0 0
116| 0 0 0
117| 0 0 0
118| 0 0 0
119| 0 0 0
120| 0 0 0
121| 0 0 0
122| 0 0 0
123| 0 0 0
124| 0 0 0
125| 0 0 0
126| 0 0 0
127| 0 0 0
128| 0 0 0
129| 0 4 0
130| 0 8 0
131| 0 12 0
132| 0 16 0
133| 0 20 0
134| 0 24 0
135| 0 28 0
136| 0 32 0
137| 0 36 0
138| 0 40 0
139| 0 43,99999 0
140| -0,3 47,99999 0
141| -0,6 51,99999 0
142| -0,9 55,99999 0
143| -1,2 60 0
144| -1,5 64 0
145| -1,8 68 0
146| -2,1 72 0
147| -2,4 76,00001 0
148| -2,7 80,00001 0
149| -3 84,00001 0
150| -3,299999 88,00002 0
151| -3,299999 92,00002 0
152| -3,299999 96,00002 0
153| -3,299999 100 0
154| -3,299999 104 0
155| -3,299999 108 0
156| -3,299999 112 0
157| -3,299999 116 0
158| -3,299999 120 0
159| -3,299999 124 0
160| -3,299999 128 0
161| -3,299999 132 0
162| -3,299999 136 0
163| -3,299999 140 0
164| -3,299999 144 0
165| -3,299999 148 0
166| -3,299999 152 0
167| -3,299999 156 0
168| -3,299999 160 0
169| -3,299999 164 0
170| -3,299999 168 0
171| -3,299999 171,9999 0
172| -3,299999 175,9999 0
173| -3,299999 179,9999 0
174| -3,299999 183,9999 0
175| -3,299999 187,9999 0
176| -3,299999 191,9999 0
177| -3,299999 195,9999 0
178| -3,299999 199,9999 0
179| -3,299999 203,9999 0
180| -3,299999 207,9999 0
181| -3,299999 211,9999 0
182| -3,299999 215,9999 0
183| -3,299999 219,9999 0
184| -3,299999 223,9999 0
185| -3,299999 227,9999 0
186| -3,299999 231,9999 0
187| -3,299999 235,9999 0
188| -3,299999 239,9999 0
189| -3,299999 243,9999 0
190| -3,299999 247,9999 0
191| -3,299999 251,9999 0
192| -3,299999 255,9999 0
193| -3,299999 259,9999 0
194| 0 263,9999 0
195| 0,3 267,9999 0
196| 0,6 271,9998 0
197| 0,9 275,9998 0
198| 1,2 279,9998 0
199| 1,2 283,9998 0
200| 1,2 287,9998 0
201| 1,2 291,9998 0
202| 1,2 295,9998 0
203| 1,2 299,9998 0
204| 1,2 303,9998 0
205| 1,2 307,9998 0
206| 1,2 311,9998 0
207| 1,2 315,9998 0
208| 1,2 319,9998 0
209| 1,2 323,9998 0
210| 1,2 327,9998 0
211| 1,2 331,9998 0
212| 1,2 335,9998 0
213| 1,2 339,9998 0
214| 1,2 343,9998 0
215| 1,2 347,9998 0
216| 1,2 351,9998 0
217| 0 355,9998 0
218| -0,3 359,9998 0
219| -0,6 363,9998 0
220| -0,9 367,9998 0
221| -0,9 371,9998 0
222| -0,9 375,9998 0
223| -0,9 379,9998 0
224| -0,9 383,9998 0
225| -0,9 387,9998 0
226| -0,9 391,9998 0
227| -0,9 395,9998 0
228| -0,9 399,9997 0
229| -0,9 400 0
230| -0,9 400 0
231| -0,9 400 0
232| 0 400 0
233| 0,3 400 0
234| 0,6 400 0
235| 0,9 400 0
236| 1,2 400 0
237| 1,5 400 0
238| 1,8 400 0
239| 2,1 400 0
240| 2,4 400 0
241| 2,7 400 0
242| 3 400 0
243| 3,299999 400 0
244| 3,599999 400 0
245| 3,899999 400 0
246| 4,2 400 0
247| 4,2 400 0
248| 4,2 400 0
249| 4,2 400 0
250| 4,2 400 0
251| 4,2 400 0
252| 4,2 400 0
253| 4,2 400 0
254| 4,2 400 0
255| 4,2 400 0
256| 4,2 400 0
257| 4,2 400 0
258| 4,2 400 0
259| 4,2 400 0
260| 4,2 400 0
261| 4,2 400 0
262| 4,2 400 0
263| 4,2 400 0
264| 4,2 400 0
265| 4,2 400 0
266| 4,2 400 0
267| 4,2 400 0
268| 4,2 400 0
269| 4,2 400 0
270| 4,2 400 0
271| 4,2 400 0
272| 4,2 400 0
273| 4,2 400 0
274| 4,2 400 0
275| 4,2 400 0
276| 4,2 400 0
277| 4,2 400 0
278| 4,5 400 0
279| 4,8 400 0
280| 5,1 400 0
281| 5,4 400 0
282| 5,4 400 0
283| 5,4 400 0
284| 5,4 400 0
285| 5,4 400 0
286| 5,4 400 0
287| 5,4 400 0
288| 0 400 0
289| -0,3 400 0
290| -0,6 400 0
291| -0,9 400 0
292| -1,2 400 0
293| -1,5 400 0
294| -1,5 400 0
295| -1,5 400 0
296| -1,5 400 0
297| -1,5 400 0
298| -1,5 400 0
299| -1,5 400 0
300| -1,5 400 0
301| -1,5 400 0
302| -1,5 400 0
303| -1,5 400 0
304| -1,5 400 0
305| -1,5 400 0
306| -1,5 400 0
307| -1,5 400 0
308| -1,5 400 0
309| -1,5 400 0
310| -1,8 400 0
311| -2,1 400 0
312| -2,4 400 0
313| -2,7 400 0
314| -3 400 0
315| -3 400 0
316| -3 400 0
317| -3 400 0
318| -3 400 0
319| -3 400 0
320| -3,299999 400 0
321| -3,599999 400 0
322| -3,899999 400 0
323| -4,2 400 0
324| -4,5 400 0
325| -4,8 400 0
326| -5,1 400 0
327| -5,4 400 0
328| -5,7 400 0
329| -6 400 0
330| -6,300001 400 0
331| -6,600001 400 0
332| -6,900001 400 0
333| -7,200001 400 0
334| -7,500001 400 0
335| -7,800001 400 0
336| -8,1 400 0
337| -8,4 400 0
338| -8,7 400 0
339| -8,999999 400 0
340| -9,299999 400 0
341| -9,599998 400 0
342| -9,899999 400 0
343| -10,2 400 0
344| -10,5 400 0
345| -10,8 400 0
346| -11,1 400 0
347| -11,4 400 0
348| -11,7 400 0
349| -12 400 0
350| -12,3 400 0
351| -12,6 400 0
352| -12,9 400 0
353| -13,2 400 0
354| -13,5 400 0
355| -13,79999 400 0
356| -14,09999 400 0
357| -14,39999 400 0
358| -14,69999 400 0
359| -14,99999 400 0
360| -15,29999 400 0
361| -15,59999 400 0
362| -15,89999 400 0
363| -16,19999 400 0
364| -16,49999 400 0
365| -16,79999 400 0
366| -17,09999 400 0
367| -17,39999 400 0
368| -17,69999 400 0
369| -17,99999 400 0
370| -18,29999 400 0
371| -18,59999 400 0
372| -18,89999 400 0
373| -19,19999 400 0
374| -19,49999 400 0
375| -19,79999 400 0
376| -20,09999 400 0
377| -20,09999 400 0
378| -20,09999 400 0
379| -20,09999 400 0
380| -20,09999 400 0
381| -20,09999 400 0
382| -20,09999 400 0
383| -20,09999 400 0
384| -20,09999 400 0
385| -20,09999 400 0
386| -20,09999 400 0
387| -20,09999 400 0
388| -20,09999 400 0
389| -20,09999 400 0
390| -20,09999 400 0
391| -20,09999 400 0
392| -20,09999 400 0
393| -20,09999 400 0
394| -20,09999 400 0
395| -20,09999 400 0
396| -20,09999 400 0
397| -20,09999 400 0
398| -20,09999 400 0
399| -20,09999 400 0
400| -20,09999 400 0
401| -20,09999 400 0
402| -20,09999 400 0
403| -20,09999 400 0
404| -20,09999 400 0
405| -20,09999 400 0
406| -20,09999 400 0
407| -20,09999 400 0
408| -20,09999 400 0
409| -20,09999 400 0
410| -20,09999 400 0
411| -20,09999 400 0
412| 0 400 0
413| 0,3 400 0
414| 0,6 400 0
415| 0,9 400 0
416| 1,2 400 0
417| 1,5 400 0
418| 1,8 400 0
419| 2,1 400 0
420| 2,4 400 0
421| 2,4 400 0
422| 2,4 400 0
423| 2,4 400 0
424| 2,4 400 0
425| 2,4 400 0
426| 2,4 400 0
427| 2,4 400 0
428| 2,4 400 0
429| 2,4 400 0
430| 2,4 400 0
431| 2,4 400 0
432| 2,4 400 0
433| 2,4 400 0
434| 2,4 400 0
435| 2,4 400 0
436| 2,4 400 0
437| 2,4 400 0
438| 2,4 400 0
439| 2,4 400 0
440| 2,4 400 0
441| 2,4 400 0
442| 2,4 400 0
443| 2,4 400 0
444| 2,4 400 0
445| 2,4 400 0
446| 2,4 400 0
447| 2,4 400 0
448| 2,4 400 0
449| 2,4 400 0
450| 2,4 400 0
451| 2,4 400 0
452| 2,4 400 0
453| 2,4 400 0
454| 2,4 400 0
455| 2,4 400 0
456| 2,4 400 0
457| 2,4 400 0
458| 2,4 400 0
459| 2,4 400 0
460| 2,4 400 0
461| 2,4 400 0
462| 2,4 400 0
463| 2,4 400 0
464| 2,4 400 0
465| 2,4 400 0
466| 2,4 400 0
467| 2,4 400 0
468| 2,4 400 0
469| 2,4 400 0
470| 2,4 400 0
471| 2,4 400 0
472| 2,4 400 0
473| 0 400 0
474| -0,3 400 0
475| -0,6 400 0
476| -0,6 400 0
477| -0,6 400 0
478| -0,6 400 0
479| -0,6 400 0
480| -0,6 400 0
481| -0,6 400 0
482| -0,6 400 0
483| -0,6 400 0
484| -0,6 400 0
485| -0,6 400 0
486| -0,6 400 0
487| -0,6 400 0
488| -0,6 400 0
489| -0,6 400 0
490| -0,6 400 0
491| -0,6 400 0
492| -0,6 400 0
493| -0,6 400 0
494| -0,6 400 0
495| -0,6 400 0
496| -0,6 400 0
497| -0,6 400 0
498| -0,6 400 0
499| -0,6 400 0
500| -0,6 400 0
501| -0,6 400 0
502| -0,6 400 0
503| -0,6 400 0
504| -0,6 400 0
505| -0,6 400 0
506| -0,6 400 0
507| -0,6 400 0
508| -0,6 400 0
509| -0,6 400 0
510| -0,6 400 0
511| -0,6 400 0
512| -0,6 400 0
513| -0,6 400 0
514| -0,6 400 0
515| -0,6 400 0
516| -0,6 400 0
517| -0,6 400 0
518| -0,6 400 0
519| -0,6 400 0
520| -0,6 400 0
521| -0,6 400 0
522| -0,6 400 0
523| -0,6 400 0
524| -0,6 400 0
525| -0,6 400 0
526| -0,6 400 0
527| -0,6 400 0
528| -0,6 400 0
529| -0,6 400 0
530| -0,6 400 0
531| -0,6 400 0
532| -0,6 400 0
533| -0,6 400 0
534| -0,6 400 0
535| -0,6 400 0
536| -0,6 400 0
537| -0,6 400 0
538| -0,6 400 0
539| -0,6 400 0
540| -0,6 400 0
541| -0,6 400 0
542| -0,6 400 0
543| -0,6 400 0
544| -0,6 400 0
545| -0,6 400 0
546| -0,6 400 0
547| -0,6 400 0
548| -0,6 400 0
549| -0,6 400 0
550| -0,6 400 0
551| -0,6 400 0
552| 0 400 0
553| 0,3 400 0
554| 0,6 400 0
555| 0,9 400 0
556| 1,2 400 0
557| 1,2 400 0
558| 1,2 400 0
559| 1,2 400 0
560| 1,2 400 0
561| 1,2 400 0
562| 1,2 400 0
563| 1,2 400 0
564| 1,2 400 0
565| 1,2 400 0
566| 1,2 400 0
567| 1,2 400 0
568| 1,2 400 0
569| 1,2 400 0
570| 1,2 400 0
571| 1,2 400 0
572| 1,2 400 0
573| 1,2 400 0
574| 1,2 400 0
575| 1,2 400 0
576| 1,2 400 0
577| 1,2 400 0
578| 1,2 400 0
579| 1,2 400 0
580| 1,2 400 0
581| 1,2 400 0
582| 1,2 400 0
583| 1,2 400 0
584| 1,2 400 0
585| 1,2 400 0
586| 1,2 400 0
587| 1,2 400 0
588| 1,2 400 0
589| 1,2 400 0
590| 1,2 400 0
591| 1,2 400 0
592| 1,2 400 0
593| 1,2 400 0
594| 1,2 400 0
595| 1,2 400 0
596| 1,2 400 0
597| 1,2 400 0
598| 1,2 400 0
599| 1,2 400 0
600| 1,2 400 0
601| 1,2 400 0
602| 1,2 400 0
603| 1,2 400 0
604| 1,2 400 0
605| 1,2 400 0
606| 1,2 400 0
607| 1,2 400 0
608| 1,2 400 0
609| 1,2 400 0
610| 1,2 400 0
611| 1,2 400 0
612| 1,2 400 0
613| 1,2 400 0
614| 1,2 400 0
615| 1,2 400 0
616| 1,2 400 0
617| 1,2 400 0
618| 1,2 400 0
619| 1,2 400 0
620| 1,2 400 0
621| 1,2 400 0
622| 1,2 400 0
623| 1,2 400 0
624| 1,2 400 0
625| 1,2 400 0
626| 1,2 400 0
627| 1,2 400 0
628| 1,2 400 0
629| 1,2 400 0
630| 1,2 400 0
631| 1,2 400 0
632| 1,2 400 0
633| 1,2 400 0
634| 1,2 400 0
635| 1,2 400 0
636| 1,2 400 0
637| 1,2 400 0
638| 1,2 400 0
639| 0 400 0
640| -0,3 400 0
641| -0,6 400 0
642| -0,9 400 0
643| -1,2 400 0
644| -1,2 400 0
645| -1,2 400 0
646| -1,2 400 0
647| -1,2 400 0
648| -1,2 400 0
649| -1,2 400 0
650| -1,2 400 0
651| -1,2 400 0
652| -1,2 400 0
653| -1,2 400 0
654| -1,2 400 0
655| -1,2 400 0
656| -1,2 400 0
657| -1,2 400 0
658| -1,2 400 0
659| -1,2 400 0
660| -1,2 400 0
661| -1,2 400 0
662| -1,2 400 0
663| -1,2 400 0
664| -1,2 400 0
665| -1,2 400 0
666| -1,2 400 0
667| -1,2 400 0
668| -1,2 400 0
669| -1,2 400 0
670| -1,2 400 0
671| -1,2 400 0
672| -1,2 400 0
673| -1,2 400 0
674| -1,2 400 0
675| -1,2 400 0
676| -1,2 400 0
677| -1,2 400 0
678| -1,2 400 0
679| -1,2 400 0
680| -1,2 400 0
681| -1,2 400 0
682| -1,2 400 0
683| -1,2 400 0
684| -1,2 400 0
685| -1,2 400 0
686| -1,2 400 0
687| -1,2 400 0
688| -1,2 400 0
689| -1,2 400 0
690| -1,2 400 0
691| -1,2 400 0
692| -1,2 400 0
693| -1,2 400 0
694| -1,2 400 0
695| -1,2 400 0
696| -1,2 400 0
697| -1,2 400 0
698| -1,2 400 0
699| -1,2 400 0
700| -1,2 400 0
701| -1,2 400 0
702| -1,2 400 0
703| -1,2 400 0
704| -1,2 400 0
705| -1,2 400 0
706| -1,2 400 0
707| -1,2 400 0
708| -1,2 400 0
709| -1,2 400 0
710| -1,2 400 0
711| -1,2 400 0
712| -1,2 400 0
713| -1,2 400 0
714| -1,2 400 0
715| -1,2 400 0
716| -1,2 400 0
717| -1,2 400 0
718| -1,2 400 0
719| -1,2 400 0
720| -1,2 400 0
721| -1,2 400 0
722| -1,2 400 0
723| -1,2 400 0
724| -1,2 400 0
725| -1,2 400 0
726| -1,2 400 0
727| -1,2 400 0
728| -1,2 400 0
729| -1,2 400 0
730| -1,2 400 0
731| -1,2 400 0
732| -1,2 400 0
733| -1,2 400 0
734| -1,2 400 0
735| -1,2 400 0
736| -1,2 400 0
737| -1,2 400 0
738| -1,2 400 0
739| -1,2 400 0
740| -1,2 400 0
741| -1,2 400 0
742| -1,2 400 0
743| -1,2 400 0
744| -1,2 400 0
745| -1,2 400 0
746| -1,2 400 0
747| -1,2 400 0
748| -1,2 400 0
749| -1,2 400 0
750| -1,2 400 0
751| -1,2 400 0
752| -1,2 400 0
753| -1,2 400 0
754| -1,2 400 0
755| -1,2 400 0
756| -1,2 400 0
757| -1,2 400 0
758| -1,2 400 0
759| -1,2 400 0
760| -1,2 400 0
761| -1,2 400 0
762| -1,2 400 0
763| -1,2 400 0
764| -1,2 400 0
765| -1,2 400 0
766| -1,2 400 0
767| -1,2 400 0
768| -1,2 400 0
769| -1,2 400 0
770| -1,2 400 0
771| -1,2 400 0
772| -1,2 400 0
773| -1,2 400 0
774| -1,2 400 0
775| -1,2 400 0
776| -1,2 400 0
777| -1,2 400 0
778| -1,2 400 0
779| -1,2 400 0
780| -1,2 400 0
781| -1,2 400 0
782| -1,2 400 0
783| -1,2 400 0
784| -1,2 400 0
785| -1,2 400 0
786| -1,2 400 0
787| -1,2 400 0
788| -1,2 400 0
789| -1,2 400 0
790| -1,2 400 0
791| -1,2 400 0
792| -1,2 400 0
793| -1,2 400 0
794| -1,2 400 0
795| -1,2 400 0
796| -1,2 400 0
797| -1,2 400 0
798| -1,2 400 0
799| -1,2 400 0
800| -1,2 400 0
801| -1,2 400 0
802| -1,2 400 0
803| -1,2 400 0
804| -1,2 400 0
805| -1,2 400 0
806| -1,2 400 0
807| -1,2 400 0
808| -1,2 400 0
809| -1,2 400 0
810| -1,2 400 0
811| -1,2 400 0
812| -1,2 400 0
813| -1,2 400 0
814| -1,2 400 0
815| -1,2 400 0
816| -1,2 400 0
817| -1,2 400 0
818| -1,2 400 0
819| -1,2 400 0
820| -1,2 400 0
821| -1,2 400 0
822| -1,2 400 0
823| -1,2 400 0
824| -1,2 400 0
825| -1,2 400 0
826| -1,2 400 0
827| -1,2 400 0
828| -1,2 400 0
829| -1,2 400 0
830| -1,2 400 0
831| -1,2 400 0
832| -1,2 400 0
833| -1,2 400 0
834| -1,2 400 0
835| -1,2 400 0
836| -1,2 400 0
837| -1,2 400 0
838| -1,2 400 0
839| -1,2 400 0
840| -1,2 400 0
841| -1,2 400 0
842| -1,2 400 0
843| -1,2 400 0
844| -1,2 400 0
845| -1,2 400 0
846| -1,2 400 0
847| -1,2 400 0
848| -1,2 400 0
849| -1,2 400 0
850| -1,2 400 0
851| -1,2 400 0
852| -1,2 400 0
853| -1,2 400 0
854| -1,2 400 0
855| -1,2 400 0
856| -1,2 400 0
857| -1,2 400 0
858| -1,2 400 0
859| -1,2 400 0
860| -1,2 400 0
861| -1,2 400 0
862| -1,2 400 0
863| -1,2 400 0
864| -1,2 400 0
865| -1,2 400 0
866| -1,2 400 0
867| -1,2 400 0
868| -1,2 400 0
869| -1,2 400 0
870| -1,2 400 0
871| -1,2 400 0
872| -1,2 400 0
873| -1,2 400 0
874| -1,2 400 0
875| -1,2 400 0
876| -1,2 400 0
877| -1,2 400 0
878| -1,2 400 0
879| -1,2 400 0
880| -1,2 400 0
881| -1,2 400 0
882| -1,2 400 0
883| -1,2 400 0
884| -1,2 400 0
885| -1,2 400 0
886| -1,2 400 0
887| -1,2 400 0
888| -1,2 400 0
889| -1,2 400 0
890| -1,2 400 0
891| -1,2 400 0
892| -1,2 400 0
893| -1,2 400 0
894| -1,2 400 0
895| -1,2 400 0
896| -1,2 400 0
897| -1,2 400 0
898| -1,2 400 0
899| -1,2 400 0
900| -1,2 400 0
901| -1,2 400 0
902| -1,2 400 0
903| -1,2 400 0
904| -1,2 400 0
905| -1,2 400 0
906| -1,2 400 0
907| -1,2 400 0
908| -1,2 400 0
909| -1,2 400 0
910| -1,2 400 0
911| -1,2 400 0
912| -1,2 400 0
913| -1,2 400 0
914| -1,2 400 0
915| -1,2 400 0
916| -1,2 400 0
917| -1,2 400 0
918| -1,2 400 0
919| -1,2 400 0
920| -1,2 400 0
921| -1,2 400 0
922| -1,2 400 0
923| -1,2 400 0
924| -1,2 400 0
925| -1,2 400 0
926| -1,2 400 0
927| -1,2 400 0
928| 0 400 0
929| 0,3 400 0
930| 0,6 400 0
931| 0,9 400 0
932| 1,2 400 0
933| 1,5 400 0
934| 1,5 400 0
935| 1,5 400 0
936| 1,5 400 0
937| 1,5 400 0
938| 1,5 400 0
939| 1,5 400 0
940| 1,5 400 0
941| 1,5 400 0
942| 1,5 400 0
943| 1,5 400 0
944| 1,5 400 0
945| 1,5 400 0
946| 1,5 400 0
947| 1,5 400 0
948| 1,5 400 0
949| 1,5 400 0
950| 1,5 400 0
951| 1,5 400 0
952| 1,5 400 0
953| 1,5 400 0
954| 1,5 400 0
955| 1,5 400 0
956| 1,5 400 0
957| 1,5 400 0
958| 1,5 400 0
959| 1,5 400 0
960| 1,5 400 0
961| 1,8 400 0
962| 2,1 400 0
963| 2,4 400 0
964| 2,7 400 0
965| 3 400 0
966| 3,299999 400 0
967| 3,599999 400 0
968| 3,899999 400 0
969| 4,2 400 0
970| 4,5 400 0
971| 4,8 400 0
972| 5,1 400 0
973| 5,4 400 0
974| 5,7 400 0
975| 6 400 0
976| 6,300001 400 0
977| 6,600001 400 0
978| 6,900001 400 0
979| 7,200001 400 0
980| 7,500001 400 0
981| 7,800001 400 0
982| 8,1 400 0
983| 8,4 0 0
984| 8,7 -4 0
985| 8,999999 -8 0
986| 9,299999 -12 0
987| 9,599998 -16 0
988| 9,899999 -20 0
989| 10,2 -24 0
990| 10,5 -28 0
991| 10,8 -32 0
992| 11,1 -36 0
993| 11,4 -40 0
994| 11,7 -43,99999 0
995| 12 -47,99999 0
996| 12,3 -51,99999 0
997| 12,6 -55,99999 0
998| 12,9 -60 0
999| 13,2 -64 0
1000| 13,5 -68 0
1001| 13,79999 -72 0
1002| 14,09999 -76,00001 0
1003| 14,39999 -80,00001 0
1004| 14,69999 -84,00001 0
1005| 14,99999 -88,00002 0
1006| 15,29999 -92,00002 0
1007| 15,59999 -96,00002 0
1008| 15,89999 -100 0
1009| 16,19999 -104 0
1010| 16,49999 -108 0
1011| 16,79999 -112 0
1012| 17,09999 -116 0
1013| 17,39999 -120 0
1014| 17,69999 -124 0
1015| 17,99999 -128 0
1016| 18,29999 -132 0
1017| 18,59999 -136 0
1018| 18,89999 -140 0
1019| 19,19999 -144 0
1020| 19,49999 -148 0
1021| 19,79999 -152 0
1022| 20,09999 -156 0
1023| 20,39999 -160 0
1024| 20,69999 -164 0
1025| 20,99999 -168 0
1026| 21,29999 -171,9999 0
1027| 21,59999 -171,9999 0
1028| 21,89999 -171,9999 0
1029| 22,19999 -171,9999 0
1030| 22,49999 -171,9999 0
1031| 22,79999 -171,9999 0
1032| 23,09999 -171,9999 0
1033| 23,39999 -171,9999 0
1034| 23,69999 -171,9999 0
1035| 23,99999 -171,9999 0
1036| 24,29999 -171,9999 0
1037| 24,29999 0 0
1038| 24,29999 4 0
1039| 24,29999 8 0
1040| 24,29999 12 0
1041| 24,29999 16 0
1042| 24,29999 20 0
1043| 24,29999 24 0
1044| 24,29999 28 0
1045| 24,29999 32 0
1046| 24,29999 36 0
1047| 24,29999 40 0
1048| 24,29999 43,99999 0
1049| 24,29999 47,99999 0
1050| 24,29999 51,99999 0
1051| 24,29999 55,99999 0
1052| 24,29999 60 0
1053| 24,29999 64 0
1054| 24,29999 68 0
1055| 24,29999 72 0
1056| 24,29999 76,00001 0
1057| 24,29999 80,00001 0
1058| 24,29999 84,00001 0
1059| 24,29999 88,00002 0
1060| 24,29999 92,00002 0
1061| 24,29999 96,00002 0
1062| 24,29999 100 0
1063| 24,29999 104 0
1064| 24,29999 108 0
1065| 24,29999 112 0
1066| 24,29999 116 0
1067| 24,29999 120 0
1068| 24,29999 124 0
1069| 24,29999 128 0
1070| 24,29999 132 0
1071| 24,29999 136 0
1072| 24,29999 140 0
1073| 24,29999 144 0
1074| 24,29999 148 0
1075| 24,29999 152 0
1076| 24,29999 156 0
1077| 24,29999 160 0
1078| 24,29999 164 0
1079| 24,29999 168 0
1080| 24,29999 171,9999 0
1081| 24,29999 175,9999 0
1082| 24,29999 179,9999 0
1083| 24,29999 183,9999 0
1084| 24,29999 187,9999 0
1085| 24,29999 191,9999 0
1086| 24,29999 195,9999 0
1087| 24,29999 199,9999 0
1088| 24,29999 203,9999 0
1089| 24,29999 207,9999 0
1090| 24,29999 211,9999 0
1091| 24,29999 215,9999 0
1092| 24,29999 219,9999 0
1093| 24,29999 223,9999 0
1094| 24,29999 227,9999 0
1095| 24,29999 231,9999 0
1096| 24,29999 235,9999 0
1097| 24,29999 239,9999 0
1098| 24,29999 243,9999 0
1099| 24,29999 247,9999 0
1100| 24,29999 251,9999 0
1101| 24,29999 255,9999 0
1102| 24,29999 259,9999 0
1103| 24,29999 263,9999 0
1104| 24,29999 267,9999 0
1105| 24,29999 271,9998 0
1106| 24,29999 275,9998 0
1107| 24,29999 279,9998 0
1108| 24,29999 283,9998 0
1109| 24,29999 287,9998 0
1110| 24,29999 291,9998 0
1111| 24,29999 295,9998 0
1112| 24,29999 299,9998 0
1113| 24,29999 303,9998 0
1114| 24,29999 307,9998 0
1115| 24,29999 311,9998 0
1116| 24,29999 315,9998 0
1117| 24,29999 319,9998 0
1118| 24,29999 323,9998 0
1119| 24,29999 327,9998 0
1120| 24,29999 331,9998 0
1121| 24,29999 335,9998 0
1122| 24,29999 339,9998 0
1123| 24,29999 343,9998 0
1124| 24,29999 347,9998 0
1125| 24,29999 351,9998 0
1126| 24,29999 355,9998 0
1127| 24,29999 359,9998 0
1128| 24,29999 363,9998 0
1129| 24,29999 367,9998 0
1130| 24,29999 371,9998 0
1131| 24,29999 375,9998 0
1132| 24,29999 379,9998 0
1133| 24,29999 383,9998 0
1134| 24,29999 387,9998 0
1135| 24,29999 391,9998 0
1136| 24,29999 395,9998 0
1137| 24,29999 399,9997 0
1138| 24,29999 400 0
1139| 24,29999 400 0
1140| 24,29999 400 0
1141| 24,29999 400 0
1142| 24,29999 400 0
1143| 24,29999 400 0
1144| 24,29999 400 0
1145| 24,29999 400 0
1146| 24,29999 400 0
1147| 24,29999 400 0
1148| 24,29999 400 0
1149| 24,29999 400 0
1150| 24,29999 400 0
1151| 24,29999 400 0
1152| 24,29999 400 0
1153| 24,29999 400 0
1154| 24,29999 400 0
1155| 24,29999 400 0
1156| 24,29999 400 0
1157| 24,29999 400 0
1158| 24,29999 400 0
1159| 24,29999 400 0
1160| 24,29999 400 0
1161| 24,29999 400 0
1162| 24,29999 400 0
1163| 24,29999 400 0
1164| 24,29999 400 0
1165| 24,29999 400 0
1166| 24,29999 400 0
1167| 24,29999 400 0
1168| 24,29999 400 0
1169| 24,29999 400 0
1170| 24,29999 400 0
1171| 24,29999 400 0
1172| 24,29999 400 0
1173| 24,29999 400 0
1174| 24,29999 400 0
1175| 24,29999 400 0
1176| 24,29999 400 0
1177| 24,29999 400 0
1178| 24,29999 400 0
1179| 24,29999 400 0
1180| 24,29999 400 0
1181| 24,29999 400 0
1182| 24,29999 400 0
1183| 24,29999 400 0
1184| 24,29999 400 0
1185| 24,29999 400 0
1186| 24,29999 400 0
1187| 24,29999 400 0
1188| 24,29999 400 0
1189| 24,29999 400 0
1190| 24,29999 400 0
1191| 24,29999 400 0
1192| 24,29999 400 0
1193| 24,29999 400 0
1194| 24,29999 400 0
1195| 24,29999 400 0
1196| 24,29999 400 0
1197| 24,29999 400 0
1198| 24,29999 400 0
1199| 24,29999 400 0
1200| 24,29999 400 0
1201| 24,29999 400 0
1202| 24,29999 400 0
1203| 24,29999 400 0
1204| 24,29999 400 0
1205| 24,29999 400 0
1206| 24,29999 400 0
1207| 24,29999 400 0
1208| 24,29999 400 0
1209| 24,29999 400 0
1210| 24,29999 400 0
1211| 24,29999 400 0
1212| 24,29999 400 0
1213| 24,29999 400 0
1214| 24,29999 400 0
1215| 24,29999 400 0
1216| 24,29999 400 0
1217| 24,29999 400 0
1218| 24,29999 400 0
1219| 24,29999 400 0
1220| 24,29999 400 0
1221| 24,29999 400 0
1222| 24,29999 400 0
1223| 24,29999 400 0
1224| 24,29999 400 0
1225| 24,29999 400 0
1226| 24,29999 400 0
1227| 24,29999 400 0
1228| 24,29999 400 0
1229| 24,29999 400 0
1230| 24,29999 400 0
1231| 24,29999 400 0
1232| 24,29999 400 0
1233| 24,29999 400 0
1234| 24,29999 400 0
1235| 24,29999 400 0
1236| 24,29999 400 0
1237| 24,29999 400 0
1238| 24,29999 400 0
1239| 24,29999 400 0
1240| 24,29999 400 0
1241| 24,29999 400 0
1242| 24,29999 400 0
1243| 24,29999 400 0
1244| 24,29999 400 0
1245| 24,29999 400 0
1246| 24,29999 400 0
1247| 24,29999 400 0
1248| 24,29999 400 0
1249| 24,29999 400 0
1250| 24,29999 400 0
1251| 24,29999 400 0
1252| 24,29999 400 0
1253| 24,29999 400 0
1254| 24,29999 400 0
1255| 24,29999 400 0
1256| 24,29999 400 0
1257| 24,29999 400 0
1258| 24,29999 400 0
1259| 24,29999 400 0
1260| 24,29999 400 0
1261| 24,29999 400 0
1262| 24,29999 400 0
1263| 24,29999 400 0
1264| 24,29999 400 0
1265| 24,29999 400 0
1266| 24,29999 400 0
1267| 24,29999 400 0
1268| 24,29999 400 0
1269| 24,29999 400 0
1270| 24,29999 400 0
1271| 24,29999 400 0
1272| 24,29999 400 0
1273| 24,29999 400 0
1274| 24,29999 400 0
1275| 24,29999 400 0
1276| 24,29999 400 0
1277| 24,29999 400 0
1278| 24,29999 400 0
1279| 24,29999 400 0
1280| 24,29999 400 0
1281| 24,29999 400 0
1282| 24,29999 400 0
1283| 24,29999 400 0
1284| 24,29999 400 0
1285| 24,29999 400 0
1286| 24,29999 400 0
1287| 24,29999 400 0
1288| 24,29999 400 0
1289| 24,29999 400 0
1290| 24,29999 400 0
1291| 24,29999 400 0
1292| 24,29999 400 0
1293| 24,29999 400 0
1294| 24,29999 400 0
1295| 24,29999 400 0
1296| 24,29999 400 0
1297| 24,29999 400 0
1298| 24,29999 400 0
1299| 24,29999 400 0
1300| 24,29999 400 0
1301| 24,29999 400 0
1302| 24,29999 400 0
1303| 24,29999 400 0
1304| 24,29999 400 0
1305| 24,29999 400 0
1306| 24,29999 400 0
1307| 24,29999 400 0
1308| 24,29999 400 0
1309| 24,29999 400 0
1310| 24,29999 400 0
1311| 24,29999 400 0
1312| 24,29999 400 0
1313| 24,29999 400 0
1314| 24,29999 400 0
1315| 24,29999 400 0
1316| 24,29999 400 0
1317| 24,29999 400 0
1318| 24,29999 400 0
1319| 24,29999 400 0
1320| 24,29999 400 0
1321| 24,29999 400 0
1322| 24,29999 400 0
1323| 24,29999 400 0
1324| 24,29999 400 0
1325| 24,29999 400 0
1326| 24,29999 400 0
1327| 24,29999 400 0
1328| 24,29999 400 0
1329| 24,29999 400 0
1330| 24,29999 400 0
1331| 24,29999 400 0
1332| 24,29999 400 0
1333| 24,29999 400 0
1334| 24,29999 400 0
1335| 24,29999 400 0
1336| 24,29999 400 0
1337| 24,29999 400 0
1338| 24,29999 400 0
1339| 24,29999 400 0
1340| 24,29999 400 0
1341| 24,29999 400 0
1342| 24,29999 400 0
1343| 24,29999 400 0
1344| 24,29999 400 0
1345| 24,29999 400 0
1346| 24,29999 400 0
1347| 24,29999 400 0
1348| 24,29999 400 0
1349| 24,29999 400 0
1350| 24,29999 400 0
1351| 24,29999 400 0
1352| 24,29999 400 0
1353| 24,29999 400 0
1354| 24,29999 400 0
1355| 24,29999 400 0
1356| 24,29999 400 0
1357| 24,29999 400 0
1358| 24,29999 400 0
1359| 24,29999 400 0
1360| 24,29999 400 0
1361| 24,29999 400 0
1362| 24,29999 400 0
1363| 24,29999 400 0
1364| 24,29999 400 0
1365| 24,29999 400 0
1366| 24,29999 400 0
1367| 24,29999 400 0
1368| 24,29999 400 0
1369| 24,29999 400 0
1370| 24,29999 400 0
1371| 24,29999 400 0
1372| 24,29999 400 0
1373| 24,29999 400 0
1374| 24,29999 400 0
1375| 24,29999 400 0
1376| 24,29999 400 0
1377| 24,29999 400 0
1378| 24,29999 400 0
1379| 24,29999 400 0
1380| 24,29999 400 0
1381| 24,29999 400 0
1382| 24,29999 400 0
1383| 24,29999 400 0
1384| 24,29999 400 0
1385| 24,29999 400 0
1386| 24,29999 400 0
1387| 24,29999 400 0
1388| 24,29999 400 0
1389| 24,29999 400 0
1390| 24,29999 400 0
1391| 24,29999 400 0
1392| 24,29999 400 0
1393| 24,29999 400 0
1394| 24,29999 400 0
1395| 24,29999 400 0
1396| 24,29999 400 0
1397| 24,29999 400 0
1398| 24,29999 400 0
1399| 24,29999 400 0
1400| 24,29999 400 0
1401| 24,29999 400 0
1402| 24,29999 400 0
1403| 24,29999 400 0
1404| 24,29999 400 0
1405| 24,29999 400 0
1406| 24,29999 400 0
1407| 24,29999 400 0
1408| 24,29999 400 0
1409| 24,29999 400 0
1410| 24,29999 400 0
1411| 24,29999 400 0
1412| 24,29999 400 0
1413| 24,29999 400 0
1414| 24,29999 400 0
1415| 24,29999 400 0
1416| 24,29999 400 0
1417| 24,29999 400 0
1418| 24,29999 400 0
1419| 24,29999 400 0
1420| 24,29999 400 0
1421| 24,29999 400 0
1422| 24,29999 400 0
1423| 24,29999 400 0
1424| 24,29999 400 0
1425| 24,29999 400 0
1426| 0 400 0
1427| -0,3 400 0
1428| -0,6 400 0
1429| -0,9 400 0
1430| -1,2 400 0
1431| -1,5 400 0
1432| -1,8 400 0
1433| -2,1 400 0
1434| -2,4 400 0
1435| -2,7 400 0
1436| -3 400 0
1437| -3,299999 400 0
1438| -3,599999 400 0
1439| -3,899999 400 0
1440| -4,2 400 0
1441| -4,2 400 0
1442| -4,2 400 0
1443| -4,2 400 0
1444| -4,2 400 0
1445| -4,2 400 0
1446| -4,2 400 0
1447| -4,2 400 0
1448| -4,2 400 0
1449| -4,2 400 0
1450| -4,2 400 0
1451| -4,2 400 0
1452| -4,2 400 0
1453| -4,2 400 0
1454| -4,2 400 0
1455| -4,2 400 0
1456| -4,2 400 0
1457| -4,2 400 0
1458| -4,2 400 0
1459| -4,2 400 0
1460| -4,2 400 0
1461| -4,2 400 0
1462| -4,2 400 0
1463| -4,2 400 0
1464| -4,2 400 0
1465| -4,2 400 0
1466| -4,5 400 0
1467| -4,8 400 0
1468| -5,1 400 0
1469| -5,1 400 0
1470| -5,1 400 0
1471| -5,1 400 0
1472| -5,1 400 0
1473| -5,1 400 0
1474| -5,1 400 0
1475| -5,1 400 0
1476| -5,1 400 0
1477| -5,1 400 0
1478| -5,1 400 0
1479| -5,1 400 0
1480| -5,1 400 0
1481| -5,1 400 0
1482| -5,1 400 0
1483| -5,1 400 0
1484| -5,1 400 0
1485| -5,1 400 0
1486| -5,1 400 0
1487| -5,1 400 0
1488| -5,1 400 0
1489| -5,1 400 0
1490| -5,1 400 0
1491| -5,1 400 0
1492| -5,1 400 0
1493| -5,1 400 0
1494| -5,1 400 0
1495| -5,1 400 0
1496| -5,1 400 0
1497| -5,1 400 0
1498| -5,1 400 0
1499| -5,1 400 0
1500| -5,1 400 0
1501| -5,1 400 0
1502| -5,1 400 0
1503| -5,1 400 0
1504| -5,1 400 0
1505| -5,1 400 0
1506| -5,1 400 0
1507| -5,1 400 0
1508| -5,1 400 0
1509| -5,1 400 0
1510| -5,1 400 0
1511| -5,1 400 0
1512| -5,1 400 0
1513| -5,1 400 0
1514| -5,1 400 0
1515| -5,1 400 0
1516| -5,1 400 0
1517| -5,1 400 0
1518| -5,1 400 0
1519| -5,1 400 0
1520| -5,1 400 0
1521| -5,1 400 0
1522| -5,1 400 0
1523| -5,1 400 0
1524| -5,1 400 0
1525| 0 400 0
1526| 0,3 400 0
1527| 0,6 400 0
1528| 0,9 400 0
1529| 1,2 400 0
1530| 1,5 400 0
1531| 1,8 400 0
1532| 1,8 400 0
1533| 1,8 400 0
1534| 1,8 400 0
1535| 1,8 400 0
1536| 1,8 400 0
1537| 1,8 400 0
1538| 1,8 400 0
1539| 1,8 400 0
1540| 1,8 400 0
1541| 1,8 400 0
1542| 1,8 400 0
1543| 1,8 400 0
1544| 1,8 400 0
1545| 1,8 400 0
1546| 1,8 400 0
1547| 1,8 400 0
1548| 1,8 400 0
1549| 1,8 400 0
1550| 1,8 400 0
1551| 1,8 400 0
1552| 1,8 400 0
1553| 1,8 400 0
1554| 1,8 400 0
1555| 1,8 400 0
1556| 1,8 400 0
1557| 1,8 400 0
1558| 1,8 400 0
1559| 1,8 400 0
1560| 1,8 400 0
1561| 1,8 400 0
1562| 1,8 400 0
1563| 1,8 400 0
1564| 1,8 400 0
1565| 1,8 400 0
1566| 1,8 400 0
1567| 1,8 400 0
1568| 1,8 400 0
1569| 1,8 400 0
1570| 1,8 400 0
1571| 1,8 400 0
1572| 1,8 400 0
1573| 1,8 400 0
1574| 1,8 400 0
1575| 1,8 400 0
1576| 1,8 400 0
1577| 1,8 400 0
1578| 1,8 400 0
1579| 1,8 400 0
1580| 1,8 400 0
1581| 1,8 400 0
1582| 1,8 400 0
1583| 1,8 400 0
1584| 1,8 400 0
1585| 1,8 400 0
1586| 1,8 400 0
1587| 1,8 400 0
1588| 1,8 400 0
1589| 1,8 400 0
1590| 1,8 400 0
1591| 1,8 400 0
1592| 1,8 400 0
1593| 1,8 400 0
1594| 1,8 400 0
1595| 1,8 400 0
1596| 1,8 400 0
1597| 1,8 400 0
1598| 1,8 400 0
1599| 1,8 400 0
1600| 1,8 400 0
1601| 1,8 400 0
1602| 1,8 400 0
1603| 1,8 400 0
1604| 1,8 400 0
1605| 1,8 400 0
1606| 1,8 400 0
1607| 1,8 400 0
1608| 1,8 400 0
1609| 1,8 400 0
1610| 1,8 400 0
1611| 1,8 400 0
1612| 1,8 400 0
1613| 1,8 400 0
1614| 1,8 400 0
1615| 1,8 400 0
1616| 1,8 400 0
1617| 1,8 400 0
1618| 1,8 400 0
1619| 1,8 400 0
1620| 1,8 400 0
1621| 1,8 400 0
1622| 1,8 400 0
1623| 0 400 0
1624| -0,3 400 0
1625| -0,6 400 0
1626| -0,9 400 0
1627| -1,2 400 0
1628| -1,5 400 0
1629| -1,8 400 0
1630| -2,1 400 0
1631| -2,4 400 0
1632| -2,4 400 0
1633| -2,4 400 0
1634| -2,4 400 0
1635| -2,4 400 0
1636| -2,4 400 0
1637| -2,4 400 0
1638| -2,4 400 0
1639| -2,4 400 0
1640| -2,4 400 0
1641| -2,4 400 0
1642| -2,4 400 0
1643| -2,4 400 0
1644| -2,4 400 0
1645| -2,4 400 0
1646| -2,4 400 0
1647| -2,4 400 0
1648| -2,4 400 0
1649| -2,4 400 0
1650| -2,4 400 0
1651| 0 400 0
1652| 0,3 400 0
1653| 0,6 400 0
1654| 0,6 400 0
1655| 0,6 400 0
1656| 0,6 400 0
1657| 0,6 400 0
1658| 0,6 400 0
1659| 0,6 400 0
1660| 0,6 400 0
1661| 0,6 400 0
1662| 0,6 400 0
1663| 0,6 400 0
1664| 0,6 400 0
1665| 0,6 400 0
1666| 0,6 400 0
1667| 0,6 400 0
1668| 0,6 400 0
1669| 0,6 400 0
1670| 0,6 400 0
1671| 0,6 400 0
1672| 0,6 400 0
1673| 0,6 400 0
1674| 0,6 400 0
1675| 0,6 400 0
1676| 0,6 400 0
1677| 0,6 400 0
1678| 0,6 400 0
1679| 0,6 400 0
1680| 0,6 400 0
1681| 0,6 400 0
1682| 0,6 400 0
1683| 0,6 400 0
1684| 0,6 400 0
1685| 0,6 400 0
1686| 0,6 400 0
1687| 0,6 400 0
1688| 0,6 400 0
1689| 0,6 400 0
1690| 0,6 400 0
1691| 0,6 400 0
1692| 0,6 400 0
1693| 0,6 400 0
1694| 0,6 400 0
1695| 0,6 400 0
1696| 0,6 400 0
1697| 0,6 400 0
1698| 0,6 400 0
1699| 0,6 400 0
1700| 0,6 400 0
1701| 0,6 400 0
1702| 0,6 400 0
1703| 0,6 400 0
1704| 0,6 400 0
1705| 0,6 400 0
1706| 0,6 400 0
1707| 0,6 400 0
1708| 0,6 400 0
1709| 0,6 400 0
1710| 0,6 400 0
1711| 0,6 400 0
1712| 0,6 400 0
1713| 0,6 400 0
1714| 0,6 400 0
1715| 0,6 400 0
1716| 0,6 400 0
1717| 0,6 400 0
1718| 0,6 400 0
1719| 0,6 400 0
1720| 0,6 400 0
1721| 0,6 400 0
1722| 0,6 400 0
1723| 0,6 400 0
1724| 0,6 400 0
1725| 0,6 400 0
1726| 0,6 400 0
1727| 0,6 400 0
1728| 0,6 400 0
1729| 0,6 400 0
1730| 0,6 400 0
1731| 0,6 400 0
1732| 0,6 400 0
1733| 0,6 400 0
1734| 0,6 400 0
1735| 0,6 400 0
1736| 0,6 400 0
1737| 0,6 400 0
1738| 0,6 400 0
1739| 0,6 400 0
1740| 0,6 400 0
1741| 0,6 400 0
1742| 0,6 400 0
1743| 0,6 400 0
1744| 0,6 400 0
1745| 0,6 400 0
1746| 0,6 400 0
1747| 0,6 400 0
1748| 0,6 400 0
1749| 0,6 400 0
1750| 0,6 400 0
1751| 0,6 400 0
1752| 0,6 400 0
1753| 0,6 400 0
1754| 0,6 400 0
1755| 0,6 400 0
1756| 0,6 400 0
1757| 0,6 400 0
1758| 0,6 400 0
1759| 0,6 400 0
1760| 0,6 400 0
1761| 0,6 400 0
1762| 0,6 400 0
1763| 0,6 400 0
1764| 0,6 400 0
1765| 0,6 400 0
1766| 0,6 400 0
1767| 0,6 400 0
1768| 0,6 400 0
1769| 0,6 400 0
1770| 0,6 400 0
1771| 0,6 400 0
1772| 0,6 400 0
1773| 0,6 400 0
1774| 0,6 400 0
1775| 0,6 400 0
1776| 0,6 400 0
1777| 0,6 400 0
1778| 0,6 400 0
1779| 0,6 400 0
1780| 0,6 400 0
1781| 0,6 400 0
1782| 0,6 400 0
1783| 0,6 400 0
1784| 0,6 400 0
1785| 0,6 400 0
1786| 0,6 400 0
1787| 0,6 400 0
1788| 0,6 400 0
1789| 0,6 400 0
1790| 0,6 400 0
1791| 0,6 400 0
1792| 0,6 400 0
1793| 0,6 400 0
1794| 0,6 400 0
1795| 0,6 400 0
1796| 0,6 400 0
1797| 0,6 400 0
1798| 0,6 400 0
1799| 0,6 400 0
1800| 0,6 400 0
1801| 0,6 400 0
1802| 0,6 400 0
1803| 0,6 400 0
1804| 0,6 400 0
1805| 0,6 400 0
1806| 0,6 400 0
1807| 0,6 400 0
1808| 0,6 400 0
1809| 0,6 400 0
1810| 0,6 400 0
1811| 0,6 400 0
1812| 0,6 400 0
1813| 0,6 400 0
1814| 0,6 400 0
1815| 0,6 400 0
1816| 0,6 400 0
1817| 0,6 400 0
1818| 0,6 400 0
1819| 0,6 400 0
1820| 0,6 400 0
1821| 0,6 400 0
1822| 0,6 400 0
1823| 0,6 400 0
1824| 0,6 400 0
1825| 0,6 400 0
1826| 0,6 400 0
1827| 0,6 400 0
1828| 0,6 400 0
1829| 0,6 400 0
1830| 0,6 400 0
1831| 0,6 400 0
1832| 0,6 400 0
1833| 0,6 400 0
1834| 0,6 400 0
1835| 0,6 400 0
1836| 0,6 400 0
1837| 0,6 400 0
1838| 0,6 400 0
1839| 0,6 400 0
1840| 0,6 400 0
1841| 0,6 400 0
1842| 0,6 400 0
1843| 0,6 400 0
1844| 0,6 400 0
1845| 0,6 400 0
1846| 0,6 400 0
1847| 0,6 400 0
1848| 0,6 400 0
1849| 0,6 400 0
1850| 0,6 400 0
1851| 0,6 400 0
1852| 0,6 400 0
1853| 0,6 400 0
1854| 0,6 400 0
1855| 0,6 400 0
1856| 0,6 400 0
1857| 0,6 400 0
1858| 0,6 400 0
1859| 0,6 400 0
1860| 0,6 400 0
1861| 0,6 400 0
1862| 0,6 400 0
1863| 0,6 400 0
1864| 0,6 400 0
1865| 0,6 400 0
1866| 0,6 400 0
1867| 0,6 400 0
1868| 0 400 0
1869| -0,3 400 0
1870| -0,6 400 0
1871| -0,9 400 0
1872| -1,2 400 0
1873| -1,2 400 0
1874| -1,2 400 0
1875| -1,2 400 0
1876| -1,2 400 0
1877| -1,2 400 0
1878| -1,2 400 0
1879| -1,2 400 0
1880| -1,2 400 0
1881| -1,2 400 0
1882| -1,2 400 0
1883| -1,2 400 0
1884| -1,2 400 0
1885| -1,2 400 0
1886| -1,2 400 0
1887| -1,2 400 0
1888| -1,2 400 0
1889| -1,2 400 0
1890| -1,2 400 0
1891| -1,2 400 0
1892| -1,2 400 0
1893| -1,2 400 0
1894| -1,5 400 0
1895| -1,8 400 0
1896| -2,1 400 0
1897| -2,1 400 0
1898| -2,1 400 0
1899| -2,1 400 0
1900| -2,4 400 0
1901| -2,7 400 0
1902| -3 400 0
1903| -3,299999 400 0
1904| -3,599999 400 0
1905| -3,899999 400 0
1906| -4,2 400 0
1907| -4,5 400 0
1908| -4,8 400 0
1909| -5,1 400 0
1910| -5,4 400 0
1911| -5,7 400 0
1912| -5,7 400 0
1913| -5,7 400 0
1914| -5,7 400 0
1915| -5,7 400 0
1916| -5,7 400 0
1917| -5,7 400 0
1918| -5,7 400 0
1919| -5,7 400 0
1920| -5,7 400 0
1921| -5,7 400 0
1922| -5,7 400 0
1923| -5,7 400 0
1924| -5,7 400 0
1925| -5,7 400 0
1926| -5,7 400 0
1927| -6 400 0
1928| -6,300001 400 0
1929| -6,600001 400 0
1930| -6,900001 400 0
1931| -6,900001 400 0
1932| -6,900001 400 0
1933| -6,900001 400 0
1934| -6,900001 400 0
1935| -6,900001 400 0
1936| -6,900001 400 0
1937| -6,900001 400 0
1938| -6,900001 400 0
1939| -6,900001 400 0
1940| -6,900001 400 0
1941| -6,900001 400 0
1942| -6,900001 400 0
1943| 0 400 0
1944| 0,3 400 0
1945| 0,6 400 0
1946| 0,9 400 0
1947| 1,2 400 0
1948| 1,2 400 0
1949| 1,2 400 0
1950| 1,2 400 0
1951| 1,2 400 0
1952| 1,2 400 0
1953| 1,2 400 0
1954| 1,2 400 0
1955| 1,2 400 0
1956| 1,2 400 0
1957| 1,2 400 0
1958| 1,2 400 0
1959| 1,2 400 0
1960| 1,2 400 0
1961| 1,2 400 0
1962| 1,2 400 0
1963| 1,2 400 0
1964| 1,2 400 0
1965| 1,2 400 0
1966| 1,2 400 0
1967| 1,2 400 0
1968| 1,2 400 0
1969| 1,2 400 0
1970| 1,2 400 0
1971| 1,2 400 0
1972| 1,2 400 0
1973| 1,2 400 0
1974| 1,2 400 0
1975| 1,2 400 0
1976| 1,2 400 0
1977| 1,2 400 0
1978| 1,2 400 0
1979| 1,2 400 0
1980| 1,2 400 0
1981| 1,2 400 0
1982| 1,2 400 0
1983| 1,2 400 0
1984| 1,2 400 0
1985| 1,2 400 0
1986| 1,2 400 0
1987| 1,2 400 0
1988| 1,2 400 0
1989| 1,2 400 0
1990| 1,2 400 0
1991| 1,2 400 0
1992| 1,2 400 0
1993| 1,2 400 0
1994| 1,2 400 0
1995| 1,2 400 0
1996| 1,2 400 0
1997| 1,2 400 0
1998| 1,2 400 0
1999| 1,2 400 0
2000| 1,2 400 0
2001| 1,2 400 0
2002| 1,2 400 0
2003| 1,2 400 0
2004| 1,2 400 0
2005| 1,2 400 0
2006| 1,2 400 0
2007| 1,2 400 0
2008| 1,2 400 0
2009| 1,2 400 0
2010| 1,2 400 0
2011| 1,2 400 0
2012| 1,2 400 0
2013| 1,2 400 0
2014| 1,2 400 0
2015| 1,2 400 0
2016| 1,2 400 0
2017| 1,2 400 0
2018| 1,2 400 0
2019| 1,2 400 0
2020| 1,2 400 0
2021| 1,2 400 0
2022| 1,2 400 0
2023| 1,2 400 0
2024| 1,2 400 0
2025| 1,2 400 0
2026| 1,2 400 0
2027| 1,2 400 0
2028| 1,2 400 0
2029| 1,2 400 0
2030| 1,2 400 0
2031| 1,2 400 0
2032| 1,2 400 0
2033| 1,2 400 0
2034| 1,2 400 0
2035| 1,2 400 0
2036| 1,2 400 0
2037| 0 400 0
2038| -0,3 400 0
2039| -0,6 400 0
2040| -0,9 400 0
2041| -1,2 400 0
2042| -1,5 400 0
2043| -1,8 400 0
2044| -2,1 400 0
2045| -2,4 400 0
2046| -2,7 400 0
2047| -3 400 0
2048| -3,299999 400 0
2049| -3,599999 400 0
2050| -3,899999 400 0
2051| -4,2 400 0
2052| -4,5 400 0
2053| -4,8 400 0
2054| -5,1 400 0
2055| -5,4 400 0
2056| -5,7 400 0
2057| -6 400 0
2058| -6,300001 0 0
2059| -6,600001 -4 0
2060| -6,900001 -8 0
2061| -7,200001 -12 0
2062| -7,500001 -16 0
2063| -7,800001 -20 0
2064| -8,1 -24 0
2065| -8,4 -28 0
2066| -8,7 -32 0
2067| -8,999999 -36 0
2068| -9,299999 -40 0
2069| -9,599998 -43,99999 0
2070| -9,899999 -47,99999 0
2071| -10,2 -51,99999 0
2072| -10,5 -55,99999 0
2073| -10,8 -60 0
2074| -11,1 -64 0
2075| -11,4 -68 0
2076| -11,7 -72 0
2077| -12 -76,00001 0
2078| -12,3 -80,00001 0
2079| -12,6 -84,00001 0
2080| -12,9 -88,00002 0
2081| -13,2 -92,00002 0
2082| -13,5 -96,00002 0
2083| -13,79999 -100 0
2084| -14,09999 -104 0
2085| -14,39999 -108 0
2086| -14,69999 -112 0
2087| -14,99999 -116 0
2088| -15,29999 -120 0
2089| -15,59999 -124 0
2090| -15,89999 -128 0
2091| -16,19999 -132 0
2092| -16,49999 -136 0
2093| -16,79999 -140 0
2094| -17,09999 -144 0
2095| -17,39999 -148 0
2096| -17,69999 -152 0
2097| -17,99999 -156 0
2098| -18,29999 -160 0
2099| -18,59999 -164 0
2100| -18,89999 -168 0
2101| -19,19999 -171,9999 0
2102| -19,49999 -175,9999 0
2103| -19,79999 -179,9999 0
2104| -20,09999 -183,9999 0
2105| -20,39999 -187,9999 0
2106| -20,69999 -191,9999 0
2107| -20,99999 -195,9999 0
2108| -21,29999 -199,9999 0
2109| -21,59999 -203,9999 0
2110| -21,89999 -203,9999 0
2111| -22,19999 -203,9999 0
2112| -22,49999 -203,9999 0
2113| -22,79999 -203,9999 0
2114| -23,09999 -203,9999 0
2115| -23,39999 -203,9999 0
2116| -23,69999 -203,9999 0
2117| -23,99999 -203,9999 0
2118| -24,29999 -203,9999 0
2119| -24,59999 -203,9999 0
2120| -24,89998 -203,9999 0
2121| -25,19999 0 0
2122| -25,49998 4 0
2123| -25,79998 8 0
2124| -26,09998 12 0
2125| -26,39998 16 0
2126| -26,69998 20 0
2127| -26,99998 24 0
2128| -27,29998 28 0
2129| -27,59998 32 0
2130| -27,89998 36 0
2131| -28,19998 40 0
2132| -28,49998 43,99999 0
2133| -28,79998 47,99999 0
2134| -29,09998 51,99999 0
2135| -29,39998 55,99999 0
2136| -29,69998 60 0
2137| -29,99998 64 0
2138| -30 68 0
2139| -30 72 0
2140| -30 76,00001 0
2141| -30 80,00001 0
2142| -30 84,00001 0
2143| -30 88,00002 0
2144| -30 92,00002 0
2145| -30 96,00002 0
2146| -30 100 0
2147| -30 104 0
2148| -30 108 0
2149| -30 112 0
2150| -30 116 0
2151| -30 120 0
2152| -30 124 0
2153| -30 128 0
2154| -30 132 0
2155| -30 136 0
2156| -30 140 0
2157| -30 144 0
2158| -30 148 0
2159| -30 152 0
2160| -30 156 0
2161| -30 160 0
2162| -30 164 0
2163| -30 168 0
2164| -30 171,9999 0
2165| -30 175,9999 0
2166| -30 179,9999 0
2167| -30 183,9999 0
2168| -30 187,9999 0
2169| -30 191,9999 0
2170| -30 195,9999 0
2171| -30 199,9999 0
2172| -30 203,9999 0
2173| -30 207,9999 0
2174| -30 211,9999 0
2175| -30 215,9999 0
2176| -30 219,9999 0
2177| -30 223,9999 0
2178| -30 227,9999 0
2179| -30 231,9999 0
2180| -30 235,9999 0
2181| -30 239,9999 0
2182| -30 243,9999 0
2183| -30 247,9999 0
2184| -30 251,9999 0
2185| -30 255,9999 0
2186| -30 259,9999 0
2187| -30 263,9999 0
2188| -30 267,9999 0
2189| -30 271,9998 0
2190| -30 275,9998 0
2191| -30 279,9998 0
2192| -30 283,9998 0
2193| -30 287,9998 0
2194| -30 291,9998 0
2195| -30 295,9998 0
2196| -30 299,9998 0
2197| -30 303,9998 0
2198| -30 307,9998 0
2199| -30 311,9998 0
2200| -30 315,9998 0
2201| -30 319,9998 0
2202| -30 323,9998 0
2203| -30 327,9998 0
2204| -30 331,9998 0
2205| -30 335,9998 0
2206| -30 339,9998 0
2207| -30 343,9998 0
2208| -30 347,9998 0
2209| -30 351,9998 0
2210| -30 355,9998 0
2211| -30 359,9998 0
2212| -30 363,9998 0
2213| -30 367,9998 0
2214| -30 371,9998 0
2215| -30 375,9998 0
2216| -30 379,9998 0
2217| -30 383,9998 0
2218| -30 387,9998 0
2219| -30 391,9998 0
2220| -30 395,9998 0
2221| -30 399,9997 0
2222| -30 400 0
2223| -30 400 0
2224| -30 400 0
2225| -30 400 0
2226| -30 400 0
2227| -30 400 0
2228| -30 400 0
2229| -30 400 0
2230| -30 400 0
2231| -30 400 0
2232| -30 400 0
2233| -30 400 0
2234| -30 400 0
2235| -30 400 0
2236| -30 400 0
2237| -30 400 0
2238| -30 400 0
2239| -30 400 0
2240| -30 400 0
2241| -30 400 0
2242| -30 400 0
2243| -30 400 0
2244| -30 400 0
2245| -30 400 0
2246| -30 400 0
2247| -30 400 0
2248| -30 400 0
2249| -30 400 0
2250| -30 400 0
2251| -30 400 0
2252| -30 400 0
2253| -30 400 0
2254| 0 400 0
2255| 0,3 400 0
2256| 0,6 400 0
2257| 0,9 400 0
2258| 1,2 400 0
2259| 1,5 400 0
2260| 1,8 400 0
2261| 2,1 400 0
2262| 2,1 400 0
2263| 2,1 400 0
2264| 2,1 400 0
2265| 2,1 400 0
2266| 2,1 400 0
2267| 2,1 400 0
2268| 2,1 400 0
2269| 2,1 400 0
2270| 2,1 400 0
2271| 2,1 400 0
2272| 2,1 400 0
2273| 2,1 400 0
2274| 2,1 400 0
2275| 2,1 400 0
2276| 2,1 400 0
2277| 2,1 400 0
2278| 2,1 400 0
2279| 2,1 400 0
2280| 2,1 400 0
2281| 2,1 400 0
2282| 2,1 400 0
2283| 2,1 400 0
2284| 2,1 400 0
2285| 2,1 400 0
2286| 2,1 400 0
2287| 2,1 400 0
2288| 2,1 400 0
2289| 2,1 400 0
2290| 2,1 400 0
2291| 2,1 400 0
2292| 2,1 400 0
2293| 2,1 400 0
2294| 2,1 400 0
2295| 2,1 400 0
2296| 2,1 400 0
2297| 2,1 400 0
2298| 2,1 400 0
2299| 2,1 400 0
2300| 2,1 400 0
2301| 2,1 400 0
2302| 2,1 400 0
2303| 2,1 400 0
2304| 2,1 400 0
2305| 2,1 400 0
2306| 2,1 400 0
2307| 2,1 400 0
2308| 2,1 400 0
2309| 2,1 400 0
2310| 2,1 400 0
2311| 2,1 400 0
2312| 2,1 400 0
2313| 2,1 400 0
2314| 2,1 400 0
2315| 2,1 400 0
2316| 2,1 400 0
2317| 2,1 400 0
2318| 2,1 400 0
2319| 2,1 400 0
2320| 2,1 400 0
2321| 2,1 400 0
2322| 2,1 400 0
2323| 2,1 400 0
2324| 2,1 400 0
2325| 2,1 400 0
2326| 2,1 400 0
2327| 2,1 400 0
2328| 2,1 400 0
2329| 2,1 400 0
2330| 2,1 400 0
2331| 2,1 400 0
2332| 2,1 400 0
2333| 2,1 400 0
2334| 2,1 400 0
2335| 2,1 400 0
2336| 2,1 400 0
2337| 2,1 400 0
2338| 2,1 400 0
2339| 2,1 400 0
2340| 2,1 400 0
2341| 2,1 400 0
2342| 2,1 400 0
2343| 2,1 400 0
2344| 2,1 400 0
2345| 2,1 400 0
2346| 2,1 400 0
2347| 2,1 400 0
2348| 2,1 400 0
2349| 2,1 400 0
2350| 2,1 400 0
2351| 2,1 400 0
2352| 2,1 400 0
2353| 2,1 400 0
2354| 2,1 400 0
2355| 2,1 400 0
2356| 2,1 400 0
2357| 2,1 400 0
2358| 2,1 400 0
2359| 2,1 400 0
2360| 2,1 400 0
2361| 2,1 400 0
2362| 2,1 400 0
2363| 2,1 400 0
2364| 2,1 400 0
2365| 2,1 400 0
2366| 2,1 400 0
2367| 2,1 400 0
2368| 2,1 400 0
2369| 2,1 400 0
2370| 2,1 400 0
2371| 2,1 400 0
2372| 2,1 400 0
2373| 2,1 400 0
2374| 2,1 400 0
2375| 2,1 400 0
2376| 2,1 400 0
2377| 2,1 400 0
2378| 2,1 400 0
2379| 2,1 400 0
2380| 2,1 400 0
2381| 2,1 400 0
2382| 2,1 400 0
2383| 2,1 400 0
2384| 2,1 400 0
2385| 2,1 400 0
2386| 2,1 400 0
2387| 0 400 0
2388| -0,3 400 0
2389| -0,6 400 0
2390| -0,9 400 0
2391| -1,2 400 0
2392| -1,5 400 0
2393| -1,5 400 0
2394| -1,5 400 0
2395| -1,5 400 0
2396| -1,5 400 0
2397| -1,5 400 0
2398| -1,5 400 0
2399| -1,5 400 0
2400| -1,5 400 0
2401| -1,5 400 0
2402| -1,5 400 0
2403| -1,5 400 0
2404| -1,5 400 0
2405| -1,5 400 0
2406| -1,5 400 0
2407| -1,5 400 0
2408| -1,5 400 0
2409| -1,5 400 0
2410| -1,5 400 0
2411| -1,5 400 0
2412| -1,5 400 0
2413| -1,5 400 0
2414| -1,5 400 0
2415| -1,5 400 0
2416| -1,5 400 0
2417| -1,5 400 0
2418| -1,5 400 0
2419| -1,5 400 0
2420| -1,5 400 0
2421| -1,5 400 0
2422| -1,5 400 0
2423| -1,5 400 0
2424| -1,5 400 0
2425| -1,5 400 0
2426| -1,5 400 0
2427| -1,5 400 0
2428| -1,5 400 0
2429| -1,5 400 0
2430| -1,5 400 0
2431| -1,5 400 0
2432| -1,5 400 0
2433| -1,5 400 0
2434| -1,5 400 0
2435| -1,5 400 0
2436| -1,5 400 0
2437| -1,5 400 0
2438| -1,5 400 0
2439| -1,5 400 0
2440| -1,5 400 0
2441| -1,5 400 0
2442| -1,5 400 0
2443| -1,5 400 0
2444| -1,5 400 0
2445| -1,5 400 0
2446| -1,5 400 0
2447| -1,5 400 0
2448| -1,5 400 0
2449| -1,5 400 0
2450| -1,5 400 0
2451| -1,5 400 0
2452| -1,5 400 0
2453| -1,5 400 0
2454| -1,5 400 0
2455| -1,5 400 0
2456| -1,5 400 0
2457| -1,5 400 0
2458| -1,5 400 0
2459| -1,5 400 0
2460| -1,5 400 0
2461| -1,5 400 0
2462| -1,5 400 0
2463| -1,5 400 0
2464| -1,5 400 0
2465| -1,5 400 0
2466| -1,5 400 0
2467| -1,5 400 0
2468| -1,5 400 0
2469| -1,5 400 0
2470| -1,5 400 0
2471| -1,5 400 0
2472| -1,5 400 0
2473| -1,5 400 0
2474| -1,5 400 0
2475| -1,5 400 0
2476| -1,5 400 0
2477| -1,5 400 0
2478| -1,5 400 0
2479| -1,5 400 0
2480| -1,5 400 0
2481| -1,5 400 0
2482| -1,5 400 0
2483| -1,5 400 0
2484| -1,5 400 0
2485| -1,5 400 0
2486| -1,5 400 0
2487| -1,5 400 0
2488| -1,5 400 0
2489| -1,5 400 0
2490| -1,5 400 0
2491| -1,5 400 0
2492| -1,5 400 0
2493| -1,5 400 0
2494| -1,5 400 0
2495| -1,5 400 0
2496| -1,5 400 0
2497| -1,5 400 0
2498| -1,5 400 0
2499| -1,5 400 0
2500| -1,5 400 0
2501| -1,5 400 0
2502| -1,5 400 0
2503| -1,5 400 0
2504| -1,5 400 0
2505| -1,5 400 0
2506| -1,5 400 0
2507| -1,5 400 0
2508| -1,5 400 0
2509| -1,5 400 0
2510| -1,5 400 0
2511| -1,5 400 0
2512| -1,5 400 0
2513| -1,5 400 0
2514| -1,5 400 0
2515| -1,5 400 0
2516| -1,5 400 0
2517| -1,5 400 0
2518| -1,5 400 0
2519| -1,5 400 0
2520| -1,5 400 0
2521| -1,5 400 0
2522| -1,5 400 0
2523| -1,5 400 0
2524| -1,5 400 0
2525| -1,5 400 0
2526| -1,5 400 0
2527| -1,5 400 0
2528| -1,5 400 0
2529| -1,5 400 0
2530| -1,5 400 0
2531| -1,5 400 0
2532| -1,5 400 0
2533| 0 400 0
2534| 0,3 400 0
2535| 0,6 400 0
2536| 0,9 400 0
2537| 1,2 400 0
2538| 1,5 400 0
2539| 1,8 400 0
2540| 2,1 400 0
2541| 2,4 400 0
2542| 2,4 400 0
2543| 2,4 400 0
2544| 2,4 400 0
2545| 2,4 400 0
2546| 2,4 400 0
2547| 2,4 400 0
2548| 2,4 400 0
2549| 2,4 400 0
2550| 2,4 400 0
2551| 2,4 400 0
2552| 2,4 400 0
2553| 2,4 400 0
2554| 2,4 400 0
2555| 2,4 400 0
2556| 2,4 400 0
2557| 2,4 400 0
2558| 2,4 400 0
2559| 2,4 400 0
2560| 2,4 400 0
2561| 2,4 400 0
2562| 2,4 400 0
2563| 2,4 400 0
2564| 2,4 400 0
2565| 2,4 400 0
2566| 2,4 400 0
2567| 2,4 400 0
2568| 2,4 400 0
2569| 2,4 400 0
2570| 2,4 400 0
2571| 2,4 400 0
2572| 2,4 400 0
2573| 2,4 400 0
2574| 2,4 400 0
2575| 2,4 400 0
2576| 2,4 400 0
2577| 2,4 400 0
2578| 2,4 400 0
2579| 2,4 400 0
2580| 2,4 400 0
2581| 2,4 400 0
2582| 2,4 400 0
2583| 2,4 400 0
2584| 2,4 400 0
2585| 2,4 400 0
2586| 2,4 400 0
2587| 2,4 400 0
2588| 2,4 400 0
2589| 2,4 400 0
2590| 2,4 400 0
2591| 2,4 400 0
2592| 2,4 400 0
2593| 2,4 400 0
2594| 2,4 400 0
2595| 2,4 400 0
2596| 2,4 400 0
2597| 2,4 400 0
2598| 2,4 400 0
2599| 2,4 400 0
2600| 2,4 400 0
2601| 2,4 400 0
2602| 2,4 400 0
2603| 2,4 400 0
2604| 2,4 400 0
2605| 2,4 400 0
2606| 2,4 400 0
2607| 2,4 400 0
2608| 2,4 400 0
2609| 2,4 400 0
2610| 2,4 400 0
2611| 2,4 400 0
2612| 2,4 400 0
2613| 2,4 400 0
2614| 2,4 400 0
2615| 2,4 400 0
2616| 2,4 400 0
2617| 2,4 400 0
2618| 2,4 400 0
2619| 2,4 400 0
2620| 2,4 400 0
2621| 2,4 400 0
2622| 2,4 400 0
2623| 2,4 400 0
2624| 2,4 400 0
2625| 2,4 400 0
2626| 2,4 400 0
2627| 2,4 400 0
2628| 2,4 400 0
2629| 2,4 400 0
2630| 2,4 400 0
2631| 2,4 400 0
2632| 2,4 400 0
2633| 2,4 400 0
2634| 2,4 400 0
2635| 2,4 400 0
2636| 2,4 400 0
2637| 2,4 400 0
2638| 2,4 400 0
2639| 2,4 400 0
2640| 2,4 400 0
2641| 2,4 400 0
2642| 2,4 400 0
2643| 2,4 400 0
2644| 2,4 400 0
2645| 2,4 400 0
2646| 2,4 400 0
2647| 2,4 400 0
2648| 2,4 400 0
2649| 2,4 400 0
2650| 2,4 400 0
2651| 2,4 400 0
2652| 2,4 400 0
2653| 2,4 400 0
2654| 2,4 400 0
2655| 2,4 400 0
2656| 2,4 400 0
2657| 2,4 400 0
2658| 2,4 400 0
2659| 2,4 400 0
2660| 2,4 400 0
2661| 2,4 400 0
2662| 2,4 400 0
2663| 0 400 0
2664| -0,3 400 0
2665| -0,6 400 0
2666| -0,9 400 0
2667| -1,2 400 0
2668| -1,5 400 0
2669| -1,8 400 0
2670| -2,1 400 0
2671| -2,4 400 0
2672| -2,4 400 0
2673| -2,4 400 0
2674| -2,4 400 0
2675| -2,4 400 0
2676| -2,4 400 0
2677| -2,4 400 0
2678| -2,7 400 0
2679| -3 400 0
2680| -3,299999 400 0
2681| -3,299999 400 0
2682| -3,299999 400 0
2683| -3,299999 400 0
2684| -3,299999 400 0
2685| -3,299999 400 0
2686| -3,299999 400 0
2687| -3,299999 400 0
2688| -3,299999 400 0
2689| -3,299999 400 0
2690| -3,299999 400 0
2691| -3,299999 400 0
2692| -3,299999 400 0
2693| -3,299999 400 0
2694| -3,299999 400 0
2695| -3,299999 400 0
2696| -3,299999 400 0
2697| -3,299999 400 0
2698| -3,299999 400 0
2699| -3,299999 400 0
2700| -3,299999 400 0
2701| -3,299999 400 0
2702| -3,299999 400 0
2703| -3,299999 400 0
2704| -3,299999 400 0
2705| -3,299999 400 0
2706| -3,299999 400 0
2707| -3,299999 400 0
2708| -3,299999 400 0
2709| -3,299999 400 0
2710| -3,299999 400 0
2711| -3,299999 400 0
2712| -3,299999 400 0
2713| -3,299999 400 0
2714| -3,299999 400 0
2715| -3,299999 400 0
2716| -3,299999 400 0
2717| -3,299999 400 0
2718| -3,299999 400 0
2719| -3,299999 400 0
2720| -3,299999 400 0
2721| -3,299999 400 0
2722| -3,299999 400 0
2723| -3,299999 400 0
2724| -3,299999 400 0
2725| -3,299999 400 0
2726| -3,299999 400 0
2727| -3,299999 400 0
2728| -3,299999 400 0
2729| -3,299999 400 0
2730| -3,299999 400 0
2731| -3,299999 400 0
2732| 0 400 0
2733| 0,3 400 0
2734| 0,6 400 0
2735| 0,9 400 0
2736| 1,2 400 0
2737| 1,5 400 0
2738| 1,8 400 0
2739| 1,8 400 0
2740| 1,8 400 0
2741| 1,8 400 0
2742| 1,8 400 0
2743| 1,8 400 0
2744| 1,8 400 0
2745| 1,8 400 0
2746| 1,8 400 0
2747| 1,8 400 0
2748| 1,8 400 0
2749| 1,8 400 0
2750| 1,8 400 0
2751| 1,8 400 0
2752| 1,8 400 0
2753| 1,8 400 0
2754| 1,8 400 0
2755| 1,8 400 0
2756| 1,8 400 0
2757| 1,8 400 0
2758| 1,8 400 0
2759| 1,8 400 0
2760| 1,8 400 0
2761| 1,8 400 0
2762| 1,8 400 0
2763| 1,8 400 0
2764| 1,8 400 0
2765| 1,8 400 0
2766| 1,8 400 0
2767| 1,8 400 0
2768| 1,8 400 0
2769| 1,8 400 0
2770| 1,8 400 0
2771| 1,8 400 0
2772| 1,8 400 0
2773| 1,8 400 0
2774| 1,8 400 0
2775| 1,8 400 0
2776| 1,8 400 0
2777| 1,8 400 0
2778| 1,8 400 0
2779| 1,8 400 0
2780| 1,8 400 0
2781| 1,8 400 0
2782| 1,8 400 0
2783| 1,8 400 0
2784| 1,8 400 0
2785| 1,8 400 0
2786| 1,8 400 0
2787| 1,8 400 0
2788| 1,8 400 0
2789| 1,8 400 0
2790| 1,8 400 0
2791| 1,8 400 0
2792| 1,8 400 0
2793| 1,8 400 0
2794| 1,8 400 0
2795| 1,8 400 0
2796| 1,8 400 0
2797| 1,8 400 0
2798| 1,8 400 0
2799| 1,8 400 0
2800| 1,8 400 0
2801| 1,8 400 0
2802| 1,8 400 0
2803| 1,8 400 0
2804| 1,8 400 0
2805| 1,8 400 0
2806| 1,8 400 0
2807| 1,8 400 0
2808| 1,8 400 0
2809| 1,8 400 0
2810| 1,8 400 0
2811| 1,8 400 0
2812| 1,8 400 0
2813| 1,8 400 0
2814| 1,8 400 0
2815| 1,8 400 0
2816| 1,8 400 0
2817| 1,8 400 0
2818| 1,8 400 0
2819| 1,8 400 0
2820| 1,8 400 0
2821| 1,8 400 0
2822| 1,8 400 0
2823| 1,8 400 0
2824| 1,8 400 0
2825| 1,8 400 0
2826| 1,8 400 0
2827| 1,8 400 0
2828| 1,8 400 0
2829| 1,8 400 0
2830| 1,8 400 0
2831| 1,8 400 0
2832| 1,8 400 0
2833| 1,8 400 0
2834| 1,8 400 0
2835| 1,8 400 0
2836| 1,8 400 0
2837| 1,8 400 0
2838| 1,8 400 0
2839| 1,8 400 0
2840| 1,8 400 0
2841| 1,8 400 0
2842| 1,8 400 0
2843| 1,8 400 0
2844| 1,8 400 0
2845| 1,8 400 0
2846| 1,8 400 0
2847| 1,8 400 0
2848| 1,8 400 0
2849| 1,8 400 0
2850| 1,8 400 0
2851| 1,8 400 0
2852| 0 400 0
2853| -0,3 400 0
2854| -0,6 400 0
2855| -0,9 400 0
2856| -1,2 400 0
2857| -1,5 400 0
2858| -1,8 400 0
2859| -2,1 400 0
2860| -2,4 400 0
2861| -2,7 400 0
2862| -3 400 0
2863| -3,299999 400 0
2864| -3,599999 400 0
2865| -3,899999 400 0
2866| -4,2 400 0
2867| -4,5 400 0
2868| -4,8 400 0
2869| -5,1 400 0
2870| -5,4 400 0
2871| -5,7 400 0
2872| -6 400 0
2873| -6,300001 400 0
2874| -6,600001 400 0
2875| -6,900001 400 0
2876| -7,200001 400 0
2877| -7,500001 400 0
2878| -7,800001 400 0
2879| -8,1 400 0
2880| -8,4 400 0
2881| -8,4 400 0
2882| -8,4 400 0
2883| -8,4 400 0
2884| -8,4 400 0
2885| -8,4 400 0
2886| -8,4 400 0
2887| -8,4 400 0
2888| -8,4 400 0
2889| -8,4 400 0
2890| -8,4 400 0
2891| -8,4 400 0
2892| -8,4 400 0
2893| -8,4 400 0
2894| -8,4 400 0
2895| -8,4 400 0
2896| -8,4 400 0
2897| -8,4 400 0
2898| -8,4 400 0
2899| -8,4 400 0
2900| -8,4 400 0
2901| -8,4 400 0
2902| -8,4 400 0
2903| -8,4 400 0
2904| -8,4 400 0
2905| -8,4 400 0
2906| -8,4 400 0
2907| -8,4 400 0
2908| -8,4 400 0
2909| -8,4 400 0
2910| -8,4 400 0
2911| -8,4 400 0
2912| -8,4 400 0
2913| -8,4 400 0
2914| -8,4 400 0
2915| -8,4 400 0
2916| -8,4 400 0
2917| -8,4 400 0
2918| -8,4 400 0
2919| -8,4 400 0
2920| -8,4 400 0
2921| -8,4 400 0
2922| -8,4 400 0
2923| -8,4 400 0
2924| -8,4 400 0
2925| -8,4 400 0
2926| -8,4 400 0
2927| -8,4 400 0
2928| -8,4 400 0
2929| -8,4 400 0
2930| -8,4 400 0
2931| -8,4 400 0
2932| -8,4 400 0
2933| -8,4 400 0
2934| -8,4 400 0
2935| -8,4 400 0
2936| -8,4 400 0
2937| -8,4 400 0
2938| -8,4 400 0
2939| -8,4 400 0
2940| -8,4 400 0
2941| -8,4 400 0
2942| -8,4 400 0
2943| -8,4 400 0
2944| -8,4 400 0
2945| -8,4 400 0
2946| -8,4 400 0
2947| -8,4 400 0
2948| -8,4 400 0
2949| -8,4 400 0
2950| -8,4 400 0
2951| -8,4 400 0
2952| -8,4 400 0
2953| -8,4 400 0
2954| -8,4 400 0
2955| -8,4 400 0
2956| -8,4 400 0
2957| -8,4 400 0
2958| -8,4 400 0
2959| -8,4 400 0
2960| -8,4 400 0
2961| -8,4 400 0
2962| -8,4 400 0
2963| -8,4 400 0
2964| -8,4 400 0
2965| -8,4 400 0
2966| -8,4 400 0
2967| -8,4 400 0
2968| -8,4 400 0
2969| -8,4 400 0
2970| -8,4 400 0
2971| -8,4 400 0
2972| -8,4 400 0
2973| -8,4 400 0
2974| -8,4 400 0
2975| -8,4 400 0
2976| -8,4 400 0
2977| -8,4 400 0
2978| -8,4 400 0
2979| -8,4 400 0
2980| -8,4 400 0
2981| -8,4 400 0
2982| -8,4 400 0
2983| -8,4 400 0
2984| -8,4 400 0
2985| -8,4 400 0
2986| -8,4 400 0
2987| 0 400 0
2988| 0,3 400 0
2989| 0,6 400 0
2990| 0,9 400 0
2991| 1,2 400 0
2992| 1,5 400 0
2993| 1,5 400 0
2994| 1,5 400 0
2995| 1,5 400 0
2996| 1,5 400 0
2997| 1,5 400 0
2998| 1,5 400 0
2999| 1,5 400 0
3000| 1,5 400 0
3001| 1,5 400 0
3002| 1,5 400 0
3003| 1,5 400 0
3004| 1,5 400 0
3005| 1,5 400 0
3006| 1,5 400 0
3007| 1,5 400 0
3008| 1,5 400 0
3009| 1,5 400 0
3010| 1,5 400 0
3011| 1,5 400 0
3012| 1,5 400 0
3013| 1,5 400 0
3014| 1,5 400 0
3015| 1,5 400 0
3016| 1,5 400 0
3017| 1,5 400 0
3018| 1,5 400 0
3019| 1,5 400 0
3020| 1,5 400 0
3021| 1,5 400 0
3022| 1,5 400 0
3023| 1,5 400 0
3024| 1,5 400 0
3025| 1,5 400 0
3026| 1,5 400 0
3027| 1,5 400 0
3028| 1,5 400 0
3029| 1,5 400 0
3030| 1,5 400 0
3031| 1,5 400 0
3032| 1,5 400 0
3033| 1,5 400 0
3034| 1,5 400 0
3035| 1,5 400 0
3036| 1,5 400 0
3037| 1,5 400 0
3038| 1,5 400 0
3039| 1,5 400 0
3040| 1,5 400 0
3041| 1,5 400 0
3042| 1,5 400 0
3043| 1,5 400 0
3044| 1,5 400 0
3045| 1,5 400 0
3046| 1,5 400 0
3047| 1,5 400 0
3048| 1,5 400 0
3049| 1,5 400 0
3050| 1,5 400 0
3051| 1,5 400 0
3052| 1,5 400 0
3053| 1,5 400 0
3054| 1,5 400 0
3055| 1,5 400 0
3056| 1,5 400 0
3057| 1,5 400 0
3058| 1,5 400 0
3059| 1,5 400 0
3060| 1,5 400 0
3061| 1,5 400 0
3062| 1,5 400 0
3063| 1,5 400 0
3064| 1,5 400 0
3065| 1,5 400 0
3066| 1,5 400 0
3067| 1,5 400 0
3068| 1,5 400 0
3069| 1,5 400 0
3070| 1,5 400 0
3071| 1,5 400 0
3072| 1,5 400 0
3073| 1,5 400 0
3074| 1,5 400 0
3075| 1,5 400 0
3076| 1,5 400 0
3077| 1,5 400 0
3078| 1,5 400 0
3079| 1,5 400 0
3080| 1,5 400 0
3081| 1,5 400 0
3082| 1,5 400 0
3083| 1,5 400 0
3084| 1,5 400 0
3085| 1,5 400 0
3086| 1,5 400 0
3087| 1,5 400 0
3088| 1,5 400 0
3089| 1,5 400 0
3090| 1,5 400 0
3091| 1,5 400 0
3092| 1,5 400 0
3093| 1,5 400 0
3094| 1,5 400 0
3095| 1,5 400 0
3096| 1,5 400 0
3097| 1,5 400 0
3098| 1,5 400 0
3099| 1,5 400 0
3100| 1,5 400 0
3101| 1,5 400 0
3102| 1,5 400 0
3103| 1,5 400 0
3104| 1,5 400 0
3105| 1,5 400 0
3106| 1,5 400 0
3107| 1,5 400 0
3108| 1,5 400 0
3109| 1,5 400 0
3110| 1,5 400 0
3111| 1,5 400 0
3112| 1,5 400 0
3113| 1,5 400 0
3114| 1,5 400 0
3115| 1,5 400 0
3116| 1,5 400 0
3117| 1,5 400 0
3118| 1,5 400 0
3119| 1,5 400 0
3120| 1,5 400 0
3121| 1,5 400 0
3122| 1,5 400 0
3123| 1,5 400 0
3124| 1,5 400 0
3125| 1,5 400 0
3126| 1,5 400 0
3127| 1,5 400 0
3128| 1,5 400 0
3129| 1,5 400 0
3130| 1,5 400 0
3131| 1,5 400 0
3132| 1,5 400 0
3133| 1,5 400 0
3134| 1,5 400 0
3135| 1,5 400 0
3136| 1,5 400 0
3137| 1,5 400 0
3138| 1,5 400 0
3139| 1,5 400 0
3140| 1,5 400 0
3141| 1,5 400 0
3142| 1,5 400 0
3143| 1,5 400 0
3144| 1,5 400 0
3145| 1,5 400 0
3146| 1,5 400 0
3147| 1,5 400 0
3148| 1,5 400 0
3149| 1,5 400 0
3150| 1,5 400 0
3151| 1,5 400 0
3152| 1,5 400 0
3153| 1,5 400 0
3154| 1,5 400 0
3155| 1,5 400 0
3156| 1,5 400 0
3157| 1,5 400 0
3158| 1,5 400 0
3159| 1,5 400 0
3160| 1,5 400 0
3161| 1,5 400 0
3162| 1,5 400 0
3163| 1,5 400 0
3164| 1,5 400 0
3165| 1,5 400 0
3166| 1,5 400 0
3167| 1,5 400 0
3168| 1,5 400 0
3169| 1,5 400 0
3170| 1,5 400 0
3171| 1,5 400 0
3172| 1,5 400 0
3173| 1,5 400 0
3174| 1,5 400 0
3175| 1,5 400 0
3176| 1,5 400 0
3177| 1,5 400 0
3178| 1,5 400 0
3179| 1,5 400 0
3180| 1,5 400 0
3181| 1,5 400 0
3182| 1,5 400 0
3183| 1,5 400 0
3184| 1,5 400 0
3185| 1,5 400 0
3186| 1,5 400 0
3187| 1,5 400 0
3188| 1,5 400 0
3189| 1,5 400 0
3190| 1,5 400 0
3191| 1,5 400 0
3192| 1,5 400 0
3193| 1,5 400 0
3194| 1,5 400 0
3195| 1,5 400 0
3196| 1,5 400 0
3197| 1,5 400 0
3198| 1,5 400 0
3199| 1,5 400 0
3200| 1,5 400 0
3201| 1,5 400 0
3202| 1,5 400 0
3203| 1,5 400 0
3204| 1,5 400 0
3205| 1,5 400 0
3206| 1,5 400 0
3207| 1,5 400 0
3208| 1,5 400 0
3209| 1,5 400 0
3210| 1,5 400 0
3211| 1,5 400 0
3212| 1,5 400 0
3213| 1,5 400 0
3214| 1,5 400 0
3215| 1,5 400 0
3216| 1,5 400 0
3217| 1,5 400 0
3218| 1,5 400 0
3219| 1,5 400 0
3220| 1,5 400 0
3221| 1,5 400 0
3222| 1,5 400 0
3223| 1,5 400 0
3224| 1,5 400 0
3225| 1,5 400 0
3226| 1,5 400 0
3227| 1,5 400 0
3228| 1,5 400 0
3229| 1,5 400 0
3230| 1,5 400 0
3231| 1,5 400 0
3232| 1,5 400 0
3233| 1,5 400 0
3234| 1,5 400 0
3235| 1,5 400 0
3236| 1,5 400 0
3237| 1,5 400 0
3238| 1,5 400 0
3239| 1,5 400 0
3240| 1,5 400 0
3241| 1,5 400 0
3242| 1,5 400 0
3243| 1,5 400 0
3244| 1,5 400 0
3245| 1,5 400 0
3246| 1,5 400 0
3247| 1,5 400 0
3248| 1,5 400 0
3249| 1,5 400 0
3250| 1,5 400 0
3251| 1,5 400 0
3252| 1,5 400 0
3253| 1,5 400 0
3254| 1,5 400 0
3255| 1,5 400 0
3256| 1,5 400 0
3257| 1,5 400 0
3258| 1,5 400 0
3259| 1,5 400 0
3260| 1,5 400 0
3261| 1,5 400 0
3262| 1,5 400 0
3263| 1,5 400 0
3264| 1,5 400 0
3265| 1,5 400 0
3266| 1,5 400 0
3267| 1,5 400 0
3268| 1,5 400 0
3269| 1,5 400 0
3270| 0 400 0
3271| -0,3 400 0
3272| -0,6 400 0
3273| -0,9 400 0
3274| -1,2 400 0
3275| -1,5 400 0
3276| -1,8 400 0
3277| -2,1 400 0
3278| -2,4 400 0
3279| -2,7 400 0
3280| -3 400 0
3281| -3,299999 400 0
3282| -3,599999 400 0
3283| -3,899999 400 0
3284| -3,899999 400 0
3285| -3,899999 400 0
3286| -3,899999 400 0
3287| -3,899999 400 0
3288| -3,899999 400 0
3289| -3,899999 400 0
3290| -3,899999 400 0
3291| -3,899999 400 0
3292| -3,899999 400 0
3293| -3,899999 400 0
3294| -3,899999 400 0
3295| -3,899999 400 0
3296| -3,899999 400 0
3297| -3,899999 400 0
3298| -3,899999 400 0
3299| -3,899999 400 0
3300| -3,899999 400 0
3301| -3,899999 400 0
3302| -3,899999 400 0
3303| -3,899999 400 0
3304| -3,899999 400 0
3305| -3,899999 400 0
3306| -3,899999 400 0
3307| -3,899999 400 0
3308| -3,899999 400 0
3309| -3,899999 400 0
3310| -3,899999 400 0
3311| -3,899999 400 0
3312| -3,899999 400 0
3313| -3,899999 400 0
3314| -3,899999 400 0
3315| -3,899999 400 0
3316| -3,899999 400 0
3317| -3,899999 400 0
3318| -3,899999 400 0
3319| -3,899999 400 0
3320| -3,899999 400 0
3321| -3,899999 400 0
3322| -3,899999 400 0
3323| -3,899999 400 0
3324| -3,899999 400 0
3325| -3,899999 400 0
3326| -3,899999 400 0
3327| -3,899999 400 0
3328| -3,899999 400 0
3329| -3,899999 400 0
3330| -3,899999 400 0
3331| -3,899999 400 0
3332| -3,899999 400 0
3333| -3,899999 400 0
3334| -3,899999 400 0
3335| -3,899999 400 0
3336| -3,899999 400 0
3337| -3,899999 400 0
3338| -3,899999 400 0
3339| -3,899999 400 0
3340| -3,899999 400 0
3341| -3,899999 400 0
3342| -3,899999 400 0
3343| -3,899999 400 0
3344| -3,899999 400 0
3345| -3,899999 400 0
3346| -3,899999 400 0
3347| -3,899999 400 0
3348| -3,899999 400 0
3349| -3,899999 400 0
3350| -3,899999 400 0
3351| -3,899999 400 0
3352| -3,899999 400 0
3353| -3,899999 400 0
3354| -3,899999 400 0
3355| -3,899999 400 0
3356| -3,899999 400 0
3357| -3,899999 400 0
3358| -3,899999 400 0
3359| -3,899999 400 0
3360| -3,899999 400 0
3361| -3,899999 400 0
3362| 0 400 0
3363| 0,3 400 0
3364| 0,6 400 0
3365| 0,9 400 0
3366| 1,2 400 0
3367| 1,5 400 0
3368| 1,8 400 0
3369| 1,8 400 0
3370| 1,8 400 0
3371| 1,8 400 0
3372| 1,8 400 0
3373| 1,8 400 0
3374| 1,8 400 0
3375| 1,8 400 0
3376| 1,8 400 0
3377| 1,8 400 0
3378| 1,8 400 0
3379| 1,8 400 0
3380| 1,8 400 0
3381| 1,8 400 0
3382| 1,8 400 0
3383| 1,8 400 0
3384| 1,8 400 0
3385| 1,8 400 0
3386| 1,8 400 0
3387| 1,8 400 0
3388| 1,8 400 0
3389| 1,8 400 0
3390| 1,8 400 0
3391| 1,8 400 0
3392| 1,8 400 0
3393| 1,8 400 0
3394| 1,8 400 0
3395| 1,8 400 0
3396| 1,8 400 0
3397| 1,8 400 0
3398| 1,8 400 0
3399| 1,8 400 0
3400| 1,8 400 0
3401| 1,8 400 0
3402| 1,8 400 0
3403| 1,8 400 0
3404| 1,8 400 0
3405| 1,8 400 0
3406| 1,8 400 0
3407| 1,8 400 0
3408| 1,8 400 0
3409| 1,8 400 0
3410| 1,8 400 0
3411| 1,8 400 0
3412| 1,8 400 0
3413| 1,8 400 0
3414| 1,8 400 0
3415| 1,8 400 0
3416| 1,8 400 0
3417| 1,8 400 0
3418| 1,8 400 0
3419| 1,8 400 0
3420| 1,8 400 0
3421| 1,8 400 0
3422| 1,8 400 0
3423| 1,8 400 0
3424| 1,8 400 0
3425| 1,8 400 0
3426| 1,8 400 0
3427| 1,8 400 0
3428| 1,8 400 0
3429| 1,8 400 0
3430| 1,8 400 0
3431| 1,8 400 0
3432| 1,8 400 0
3433| 1,8 400 0
3434| 1,8 400 0
3435| 1,8 400 0
3436| 1,8 400 0
3437| 1,8 400 0
3438| 1,8 400 0
3439| 1,8 400 0
3440| 1,8 400 0
3441| 1,8 400 0
3442| 1,8 400 0
3443| 1,8 400 0
3444| 1,8 400 0
3445| 1,8 400 0
3446| 1,8 400 0
3447| 1,8 400 0
3448| 1,8 400 0
3449| 1,8 400 0
3450| 1,8 400 0
3451| 1,8 400 0
3452| 1,8 400 0
3453| 1,8 400 0
3454| 1,8 400 0
3455| 1,8 400 0
3456| 1,8 400 0
3457| 1,8 400 0
3458| 1,8 400 0
3459| 1,8 400 0
3460| 1,8 400 0
3461| 1,8 400 0
3462| 1,8 400 0
3463| 1,8 400 0
3464| 1,8 400 0
3465| 1,8 400 0
3466| 1,8 400 0
3467| 1,8 400 0
3468| 1,8 400 0
3469| 1,8 400 0
3470| 1,8 400 0
3471| 1,8 400 0
3472| 1,8 400 0
3473| 1,8 400 0
3474| 1,8 400 0
3475| 1,8 400 0
3476| 1,8 400 0
3477| 1,8 400 0
3478| 1,8 400 0
3479| 1,8 400 0
3480| 1,8 400 0
3481| 1,8 400 0
3482| 1,8 400 0
3483| 1,8 400 0
3484| 1,8 400 0
3485| 1,8 400 0
3486| 1,8 400 0
3487| 1,8 400 0
3488| 1,8 400 0
3489| 1,8 400 0
3490| 1,8 400 0
3491| 1,8 400 0
3492| 1,8 400 0
3493| 1,8 400 0
3494| 1,8 400 0
3495| 1,8 400 0
3496| 1,8 400 0
3497| 1,8 400 0
3498| 1,8 400 0
3499| 1,8 400 0
3500| 2,1 400 0
3501| 2,4 400 0
3502| 2,7 400 0
3503| 3 400 0
3504| 3 400 0
3505| 3 400 0
3506| 3 400 0
3507| 3 400 0
3508| 3 400 0
3509| 3 400 0
3510| 3 400 0
3511| 3 400 0
3512| 3,299999 400 0
3513| 3,599999 400 0
3514| 3,899999 400 0
3515| 4,2 400 0
3516| 4,5 400 0
3517| 4,8 400 0
3518| 5,1 400 0
3519| 5,4 400 0
3520| 5,7 400 0
3521| 6 400 0
3522| 6,300001 400 0
3523| 6,600001 400 0
3524| 6,900001 400 0
3525| 7,200001 400 0
3526| 7,500001 400 0
3527| 7,800001 400 0
3528| 8,1 400 0
3529| 8,4 400 0
3530| 8,7 400 0
3531| 8,999999 400 0
3532| 9,299999 400 0
3533| 9,599998 400 0
3534| 9,899999 400 0
3535| 10,2 0 0
3536| 10,5 -4 0
3537| 10,8 -8 0
3538| 11,1 -12 0
3539| 11,4 -16 0
3540| 11,7 -20 0
3541| 12 -24 0
3542| 12,3 -28 0
3543| 12,6 -32 0
3544| 12,9 -36 0
3545| 13,2 -40 0
3546| 13,5 -43,99999 0
3547| 13,79999 -47,99999 0
3548| 14,09999 -51,99999 0
3549| 14,39999 -55,99999 0
3550| 14,69999 -60 0
3551| 14,99999 -64 0
3552| 15,29999 -68 0
3553| 15,59999 -72 0
3554| 15,89999 -76,00001 0
3555| 16,19999 -80,00001 0
3556| 16,49999 -84,00001 0
3557| 16,79999 -88,00002 0
3558| 17,09999 -92,00002 0
3559| 17,39999 -96,00002 0
3560| 17,69999 -100 0
3561| 17,99999 -104 0
3562| 18,29999 -108 0
3563| 18,59999 -112 0
3564| 18,89999 -116 0
3565| 19,19999 -120 0
3566| 19,49999 -124 0
3567| 19,79999 -124 0
3568| 20,09999 -124 0
3569| 20,39999 -124 0
3570| 20,69999 -124 0
3571| 20,99999 -124 0
3572| 21,29999 -124 0
3573| 21,59999 -124 0
3574| 21,89999 -124 0
3575| 22,19999 -124 0
3576| 22,49999 0 0
3577| 22,79999 4 0
3578| 23,09999 8 0
3579| 23,39999 12 0
3580| 23,69999 16 0
3581| 23,99999 20 0
3582| 23,99999 24 0
3583| 23,99999 28 0
3584| 23,99999 32 0
3585| 23,99999 36 0
3586| 23,99999 40 0
3587| 23,99999 43,99999 0
3588| 23,99999 47,99999 0
3589| 23,99999 51,99999 0
3590| 23,99999 55,99999 0
3591| 23,99999 60 0
3592| 23,99999 64 0
3593| 23,99999 68 0
3594| 23,99999 72 0
3595| 23,99999 76,00001 0
3596| 23,99999 80,00001 0
3597| 23,99999 84,00001 0
3598| 24,29999 88,00002 0
3599| 24,59999 92,00002 0
3600| 24,89998 96,00002 0
3601| 25,19999 100 0
3602| 25,49998 104 0
3603| 25,79998 108 0
3604| 26,09998 112 0
3605| 26,39998 116 0
3606| 26,69998 120 0
3607| 26,99998 124 0
3608| 27,29998 128 0
3609| 27,59998 132 0
3610| 27,89998 136 0
3611| 28,19998 140 0
3612| 28,49998 144 0
3613| 28,79998 148 0
3614| 29,09998 152 0
3615| 29,39998 156 0
3616| 29,69998 160 0
3617| 29,99998 164 0
3618| 30 168 0
3619| 30 171,9999 0
3620| 30 175,9999 0
3621| 30 179,9999 0
3622| 30 183,9999 0
3623| 30 187,9999 0
3624| 30 191,9999 0
3625| 30 195,9999 0
3626| 30 199,9999 0
3627| 30 203,9999 0
3628| 30 207,9999 0
3629| 30 211,9999 0
3630| 30 215,9999 0
3631| 30 219,9999 0
3632| 30 223,9999 0
3633| 30 227,9999 0
3634| 30 231,9999 0
3635| 30 235,9999 0
3636| 30 239,9999 0
3637| 30 243,9999 0
3638| 30 247,9999 0
3639| 30 251,9999 0
3640| 30 255,9999 0
3641| 30 259,9999 0
3642| 30 263,9999 0
3643| 30 267,9999 0
3644| 30 271,9998 0
3645| 30 275,9998 0
3646| 30 279,9998 0
3647| 30 283,9998 0
3648| 30 287,9998 0
3649| 30 291,9998 0
3650| 30 295,9998 0
3651| 30 299,9998 0
3652| 30 303,9998 0
3653| 30 307,9998 0
3654| 30 311,9998 0
3655| 30 315,9998 0
3656| 30 319,9998 0
3657| 30 323,9998 0
3658| 30 327,9998 0
3659| 30 331,9998 0
3660| 30 335,9998 0
3661| 30 339,9998 0
3662| 30 343,9998 0
3663| 30 347,9998 0
3664| 30 351,9998 0
3665| 30 355,9998 0
3666| 30 359,9998 0
3667| 30 363,9998 0
3668| 30 367,9998 0
3669| 30 371,9998 0
3670| 30 375,9998 0
3671| 30 379,9998 0
3672| 30 383,9998 0
3673| 30 387,9998 0
3674| 30 391,9998 0
3675| 30 395,9998 0
3676| 30 399,9997 0
3677| 30 400 0
3678| 30 400 0
3679| 30 400 0
3680| 30 400 0
3681| 30 400 0
3682| 30 400 0
3683| 30 400 0
3684| 30 400 0
3685| 30 400 0
3686| 30 400 0
3687| 30 400 0
3688| 30 400 0
3689| 30 400 0
3690| 30 400 0
3691| 30 400 0
3692| 30 400 0
3693| 30 400 0
3694| 30 400 0
3695| 30 400 0
3696| 30 400 0
3697| 30 400 0
3698| 30 400 0
3699| 30 400 0
3700| 30 400 0
3701| 30 400 0
3702| 30 400 0
3703| 30 400 0
3704| 30 400 0
3705| 30 400 0
3706| 30 400 0
3707| 30 400 0
3708| 30 400 0
3709| 0 400 0
3710| -0,3 400 0
3711| -0,6 400 0
3712| -0,9 400 0
3713| -1,2 400 0
3714| -1,5 400 0
3715| -1,5 400 0
3716| -1,5 400 0
3717| -1,5 400 0
3718| -1,5 400 0
3719| -1,5 400 0
3720| -1,5 400 0
3721| -1,5 400 0
3722| -1,5 400 0
3723| -1,5 400 0
3724| -1,5 400 0
3725| -1,5 400 0
3726| -1,5 400 0
3727| -1,5 400 0
3728| -1,5 400 0
3729| -1,5 400 0
3730| -1,5 400 0
3731| -1,5 400 0
3732| -1,5 400 0
3733| 0 400 0
3734| 0,3 400 0
3735| 0,6 400 0
3736| 0,9 400 0
3737| 1,2 400 0
3738| 1,5 400 0
3739| 1,8 400 0
3740| 2,1 400 0
3741| 2,1 400 0
3742| 2,1 400 0
3743| 2,1 400 0
3744| 2,1 400 0
3745| 2,1 400 0
3746| 2,1 400 0
3747| 2,1 400 0
3748| 2,1 400 0
3749| 2,1 400 0
3750| 2,1 400 0
3751| 2,1 400 0
3752| 2,1 400 0
3753| 2,1 400 0
3754| 2,1 400 0
3755| 2,1 400 0
3756| 2,1 400 0
3757| 2,1 400 0
3758| 2,1 400 0
3759| 2,1 400 0
3760| 2,1 400 0
3761| 2,1 400 0
3762| 2,1 400 0
3763| 2,1 400 0
3764| 2,1 400 0
3765| 2,1 400 0
3766| 2,1 400 0
3767| 2,1 400 0
3768| 2,1 400 0
3769| 2,1 400 0
3770| 2,1 400 0
3771| 2,1 400 0
3772| 2,1 400 0
3773| 2,1 400 0
3774| 2,1 400 0
3775| 2,1 400 0
3776| 2,1 400 0
3777| 2,1 400 0
3778| 2,1 400 0
3779| 2,1 400 0
3780| 2,1 400 0
3781| 2,1 400 0
3782| 2,1 400 0
3783| 2,1 400 0
3784| 2,1 400 0
3785| 2,1 400 0
3786| 2,1 400 0
3787| 2,1 400 0
3788| 2,1 400 0
3789| 2,1 400 0
3790| 2,1 400 0
3791| 2,1 400 0
3792| 2,1 400 0
3793| 2,1 400 0
3794| 2,1 400 0
3795| 2,1 400 0
3796| 2,1 400 0
3797| 2,1 400 0
3798| 2,1 400 0
3799| 2,1 400 0
3800| 2,1 400 0
3801| 2,1 400 0
3802| 2,1 400 0
3803| 2,1 400 0
3804| 2,1 400 0
3805| 2,1 400 0
3806| 2,1 400 0
3807| 2,1 400 0
3808| 2,1 400 0
3809| 2,1 400 0
3810| 2,1 400 0
3811| 2,1 400 0
3812| 0 400 0
3813| -0,3 400 0
3814| -0,6 400 0
3815| -0,6 400 0
3816| -0,6 400 0
3817| -0,6 400 0
3818| -0,6 400 0
3819| -0,6 400 0
3820| -0,6 400 0
3821| -0,6 400 0
3822| -0,6 400 0
3823| -0,6 400 0
3824| -0,6 400 0
3825| -0,6 400 0
3826| -0,6 400 0
3827| -0,6 400 0
3828| -0,6 400 0
3829| 0 400 0
3830| 0,3 400 0
3831| 0,6 400 0
3832| 0,9 400 0
3833| 1,2 400 0
3834| 1,5 400 0
3835| 1,8 400 0
3836| 2,1 400 0
3837| 2,1 400 0
3838| 2,1 400 0
3839| 2,1 400 0
3840| 2,1 400 0
3841| 2,1 400 0
3842| 2,1 400 0
3843| 2,1 400 0
3844| 2,1 400 0
3845| 2,1 400 0
3846| 2,1 400 0
3847| 2,1 400 0
3848| 2,1 400 0
3849| 2,1 400 0
3850| 2,1 400 0
3851| 2,1 400 0
3852| 2,1 400 0
3853| 2,1 400 0
3854| 2,1 400 0
3855| 2,1 400 0
3856| 2,1 400 0
3857| 2,1 400 0
3858| 2,1 400 0
3859| 2,1 400 0
3860| 2,1 400 0
3861| 2,1 400 0
3862| 2,1 400 0
3863| 2,1 400 0
3864| 2,1 400 0
3865| 2,1 400 0
3866| 2,1 400 0
3867| 2,1 400 0
3868| 2,1 400 0
3869| 2,1 400 0
3870| 2,1 400 0
3871| 2,1 400 0
3872| 2,1 400 0
3873| 2,1 400 0
3874| 2,1 400 0
3875| 2,1 400 0
3876| 2,1 400 0
3877| 2,1 400 0
3878| 2,1 400 0
3879| 2,1 400 0
3880| 2,1 400 0
3881| 2,1 400 0
3882| 2,1 400 0
3883| 2,1 400 0
3884| 2,1 400 0
3885| 2,1 400 0
3886| 2,1 400 0
3887| 2,1 400 0
3888| 0 400 0
3889| -0,3 400 0
3890| -0,6 400 0
3891| -0,9 400 0
3892| -0,9 400 0
3893| -0,9 400 0
3894| -0,9 400 0
3895| -0,9 400 0
3896| -0,9 400 0
3897| -0,9 400 0
3898| -0,9 400 0
3899| -0,9 400 0
3900| -0,9 400 0
3901| -0,9 400 0
3902| -0,9 400 0
3903| -0,9 400 0
3904| -0,9 400 0
3905| -0,9 400 0
3906| -0,9 400 0
3907| -0,9 400 0
3908| -0,9 400 0
3909| -0,9 400 0
3910| -0,9 400 0
3911| -0,9 400 0
3912| -0,9 400 0
3913| -0,9 400 0
3914| -0,9 400 0
3915| -0,9 400 0
3916| -0,9 400 0
3917| -0,9 400 0
3918| -0,9 400 0
3919| -0,9 400 0
3920| -0,9 400 0
3921| -0,9 400 0
3922| -0,9 400 0
3923| -0,9 400 0
3924| -0,9 400 0
3925| -0,9 400 0
3926| -0,9 400 0
3927| -0,9 400 0
3928| -0,9 400 0
3929| -0,9 400 0
3930| -0,9 400 0
3931| -0,9 400 0
3932| -0,9 400 0
3933| -0,9 400 0
3934| -0,9 400 0
3935| -0,9 400 0
3936| -0,9 400 0
3937| -0,9 400 0
3938| -0,9 400 0
3939| -0,9 400 0
3940| -0,9 400 0
3941| -0,9 400 0
3942| -0,9 400 0
3943| -0,9 400 0
3944| -0,9 400 0
3945| -0,9 400 0
3946| -0,9 400 0
3947| -0,9 400 0
3948| -0,9 400 0
3949| -0,9 400 0
3950| -0,9 400 0
3951| -0,9 400 0
3952| -0,9 400 0
3953| -0,9 400 0
3954| -0,9 400 0
3955| -0,9 400 0
3956| -0,9 400 0
3957| -0,9 400 0
3958| -0,9 400 0
3959| -0,9 400 0
3960| -0,9 400 0
3961| -0,9 400 0
3962| -0,9 400 0
3963| -0,9 400 0
3964| -0,9 400 0
3965| -0,9 400 0
3966| -0,9 400 0
3967| -0,9 400 0
3968| -0,9 400 0
3969| -0,9 400 0
3970| -0,9 400 0
3971| -0,9 400 0
3972| -0,9 400 0
3973| -0,9 400 0
3974| -0,9 400 0
3975| -0,9 400 0
3976| -0,9 400 0
3977| -0,9 400 0
3978| -0,9 400 0
3979| -0,9 400 0
3980| -0,9 400 0
3981| -0,9 400 0
3982| -0,9 400 0
3983| -0,9 400 0
3984| -0,9 400 0
3985| -0,9 400 0
3986| -0,9 400 0
3987| -0,9 400 0
3988| -0,9 400 0
3989| -0,9 400 0
3990| 0 0 0
3991| 0 0 0
3992| 0 0 0
3993| 0 0 0
3994| 0 0 0
3995| 0 0 0
3996| 0 0 0
3997| 0 0 0
3998| 0 0 0
3999| 0 0 0
4000| 0 0 0
4001| 0 0 0
4002| 0 0 0
4003| 0 0 0
4004| 0 0 0
4005| 0 0 0
4006| 0 0 0
4007| 0 0 0
4008| 0 0 0
4009| 0 0 0
4010| 0 0 0
4011| 0 0 0
4012| 0 0 0
4013| 0 0 0
4014| 0 0 0
4015| 0 0 0
4016| 0 0 0
4017| 0 0 0
4018| 0 0 0
4019| 0 0 0
4020| 0 0 0
4021| 0 0 0
4022| 0 0 0
4023| 0 0 0
4024| 0 0 0
4025| 0 0 0
4026| 0 0 0
4027| 0 0 0
4028| 0 0 0
4029| 0 0 0
4030| 0 0 0
4031| 0 0 0
4032| 0 0 0
4033| 0 0 0
4034| 0 0 0
4035| 0 0 0
4036| 0 0 0
4037| 0 0 0
4038| 0 0 0
4039| 0 0 0
4040| 0 0 0
4041| 0 0 0
4042| 0 0 0
4043| 0 0 0
4044| 0 0 0
4045| 0 0 0
4046| 0 0 0
4047| 0 0 0
4048| 0 0 0
4049| 0 0 0
4050| 0 0 0
4051| 0 0 0
4052| 0 0 0
4053| 0 0 0
4054| 0 0 0
4055| 0 0 0
4056| 0 0 0
4057| 0 0 0
4058| 0 0 0
4059| 0 0 0
4060| 0 0 0
4061| 0 0 0
4062| 0 0 0
4063| 0 0 0
4064| 0 0 0
4065| 0 0 0
4066| 0 0 0
4067| 0 0 0
4068| 0 0 0
4069| 0 0 0
4070| 0 0 0
4071| 0 0 0
4072| 0 0 0
4073| 0 0 0
4074| 0 0 0
4075| 0 0 0
4076| 0 0 0
4077| 0 0 0
4078| 0 0 0
4079| 0 0 0
4080| 0 0 0
4081| 0 0 0
4082| 0 0 0
4083| 0 0 0
4084| 0 0 0
4085| 0 0 0
4086| 0 0 0
4087| 0 0 0
4088| 0 0 0
4089| 0 0 0
4090| 0 0 0
4091| 0 0 0
4092| 0 0 0
4093| 0 0 0
4094| 0 0 0
4095| 0 0 0
4096| 0 0 0
4097| 0 0 0
4098| 0 0 0
4099| 0 0 0
4100| 0 0 0
4101| 0 0 0
4102| 0 0 0
4103| 0 0 0
4104| 0 0 0
4105| 0 0 0
4106| 0 0 0
4107| 0 0 0
4108| 0 0 0
4109| 0 0 0
4110| 0 0 0
4111| 0 0 0
4112| 0 0 0
4113| 0 0 0
4114| 0 0 0
4115| 0 0 0
4116| 0 0 0
4117| 0 0 0
4118| 0 0 0
4119| 0 0 0
4120| 0 0 0
4121| 0 0 0
4122| 0 0 0
4123| 0 0 0
4124| 0 0 0
4125| 0 0 0
4126| 0 0 0
4127| 0 0 0
4128| 0 0 0
4129| 0 0 0
4130| 0 0 0
4131| 0 0 0
4132| 0 0 0
4133| 0 0 0
4134| 0 0 0
4135| 0 0 0
4136| 0 0 0
4137| 0 0 0
4138| 0 0 0
4139| 0 0 0
4140| 0 0 0
4141| 0 0 0
4142| 0 0 0
4143| 0 0 0
4144| 0 0 0
4145| 0 0 0
4146| 0 0 0
4147| 0 0 0
4148| 0 0 0
4149| 0 0 0
4150| 0 0 0
4151| 0 0 0
4152| 0 0 0
4153| 0 0 0
4154| 0 0 0
4155| 0 0 0
4156| 0 0 0
4157| 0 0 0
4158| 0 0 0
4159| 0 0 0
4160| 0 0 0
4161| 0 0 0
4162| 0 0 0
4163| 0 0 0
4164| 0 0 0
4165| 0 0 0
4166| 0 0 0
4167| 0 0 0
4168| 0 0 0
4169| 0 0 0
4170| 0 0 0
4171| 0 0 0
4172| 0 0 0
4173| 0 0 0
4174| 0 0 0
4175| 0 0 0
4176| 0 0 0
4177| 0 0 0
4178| 0 0 0
4179| 0 0 0
4180| 0 0 0
4181| 0 0 0
4182| 0 0 0
4183| 0 0 0
4184| 0 0 0
4185| 0 0 0
4186| 0 0 0
4187| 0 0 0
4188| 0 0 0
4189| 0 0 0
4190| 0 0 0
4191| 0 0 0
4192| 0 0 0
4193| 0 0 0
4194| 0 0 0
4195| 0 0 0
4196| 0 0 0
4197| 0 0 0
4198| 0 0 0
4199| 0 0 0
4200| 0 0 0
4201| 0 0 0
4202| 0 0 0
4203| 0 0 0
4204| 0 0 0
4205| 0 0 0
4206| 0 0 0

