1| 0 0 0
2| 0 0 0
3| 0 0 0
4| 0 0 0
5| 0 4 0
6| 0 8 0
7| 0 12 0
8| 0 16 0
9| 0 20 0
10| 0 24 0
11| 0 28 0
12| 0 32 0
13| 0 36 0
14| 0 40 0
15| 0 43,99999 0
16| 0 47,99999 0
17| 0 51,99999 0
18| 0 55,99999 0
19| -0,3 60 0
20| -0,6 64 0
21| -0,9 68 0
22| -1,2 72 0
23| -1,5 76,00001 0
24| -1,8 80,00001 0
25| -2,1 84,00001 0
26| -2,4 88,00002 0
27| -2,7 92,00002 0
28| -3 96,00002 0
29| -3,299999 100 0
30| -3,599999 104 0
31| -3,899999 108 0
32| -4,2 112 0
33| -4,5 116 0
34| -4,8 120 0
35| -5,1 124 0
36| -5,4 128 0
37| -5,7 132 0
38| -6 136 0
39| -6,300001 140 0
40| -6,600001 144 0
41| -6,900001 148 0
42| -7,200001 152 0
43| -7,500001 156 0
44| -7,800001 160 0
45| -8,1 164 0
46| -8,4 168 0
47| -8,7 171,9999 0
48| -8,999999 175,9999 0
49| -9,299999 179,9999 0
50| -9,599998 183,9999 0
51| -9,899999 187,9999 0
52| -10,2 191,9999 0
53| -10,5 195,9999 0
54| -10,8 199,9999 0
55| -11,1 203,9999 0
56| -11,4 207,9999 0
57| -11,7 211,9999 0
58| -12 215,9999 0
59| -12,3 219,9999 0
60| -12,3 223,9999 0
61| -12,3 227,9999 0
62| -12,3 231,9999 0
63| -12,3 235,9999 0
64| -12,3 239,9999 0
65| -12,3 243,9999 0
66| -12,3 247,9999 0
67| -12,3 251,9999 0
68| -12,3 255,9999 0
69| -12,3 259,9999 0
70| -12,3 263,9999 0
71| -12,3 267,9999 0
72| -12,3 271,9998 0
73| -12,3 275,9998 0
74| -12,3 279,9998 0
75| -12,3 283,9998 0
76| -12,3 287,9998 0
77| -12,3 291,9998 0
78| -12,3 295,9998 0
79| -12,3 299,9998 0
80| -12,3 303,9998 0
81| -12,3 307,9998 0
82| -12,3 311,9998 0
83| -12,3 315,9998 0
84| -12,3 319,9998 0
85| -12,3 323,9998 0
86| -12,3 327,9998 0
87| -12,3 331,9998 0
88| -12,3 335,9998 0
89| -12,3 339,9998 0
90| -12,3 343,9998 0
91| -12,3 347,9998 0
92| -12,3 351,9998 0
93| -12,3 355,9998 0
94| -12,3 359,9998 0
95| -12,3 363,9998 0
96| -12,3 367,9998 0
97| -12,3 371,9998 0
98| -12,3 375,9998 0
99| -12,3 379,9998 0
100| -12,3 383,9998 0
101| -12,3 387,9998 0
102| -12,3 391,9998 0
103| -12,3 395,9998 0
104| -12,3 399,9997 0
105| -12,3 400 0
106| -12,3 400 0
107| -12,3 400 0
108| -12,3 400 0
109| -12,3 400 0
110| -12,3 400 0
111| -12,3 400 0
112| 0 400 0
113| 0,3 400 0
114| 0,6 400 0
115| 0,9 400 0
116| 1,2 400 0
117| 1,2 400 0
118| 1,2 400 0
119| 1,2 400 0
120| 1,2 400 0
121| 1,2 400 0
122| 1,2 400 0
123| 1,2 400 0
124| 1,2 400 0
125| 1,2 400 0
126| 1,2 400 0
127| 1,2 400 0
128| 1,2 400 0
129| 1,2 400 0
130| 1,2 400 0
131| 1,2 400 0
132| 1,2 400 0
133| 1,2 400 0
134| 1,2 400 0
135| 1,2 400 0
136| 1,2 400 0
137| 1,2 400 0
138| 1,2 400 0
139| 1,2 400 0
140| 1,2 400 0
141| 1,2 400 0
142| 1,2 400 0
143| 1,2 400 0
144| 1,2 400 0
145| 1,2 400 0
146| 1,5 400 0
147| 1,8 400 0
148| 2,1 400 0
149| 2,4 400 0
150| 2,7 400 0
151| 3 400 0
152| 3,299999 400 0
153| 3,599999 400 0
154| 3,899999 400 0
155| 4,2 400 0
156| 4,5 400 0
157| 4,8 400 0
158| 5,1 400 0
159| 5,4 400 0
160| 5,4 400 0
161| 5,4 400 0
162| 5,4 400 0
163| 5,4 400 0
164| 5,4 400 0
165| 5,4 400 0
166| 5,4 400 0
167| 5,4 400 0
168| 5,4 400 0
169| 5,4 400 0
170| 5,4 400 0
171| 5,4 400 0
172| 5,4 400 0
173| 5,4 400 0
174| 5,4 400 0
175| 5,4 400 0
176| 5,4 400 0
177| 5,4 400 0
178| 5,4 400 0
179| 5,4 400 0
180| 5,4 400 0
181| 5,4 400 0
182| 5,4 400 0
183| 5,4 400 0
184| 5,4 400 0
185| 5,4 400 0
186| 5,4 400 0
187| 5,4 400 0
188| 5,4 400 0
189| 5,4 400 0
190| 5,4 400 0
191| 5,4 400 0
192| 5,4 400 0
193| 0 400 0
194| -0,3 400 0
195| -0,6 400 0
196| -0,9 400 0
197| -1,2 400 0
198| -1,5 400 0
199| -1,8 400 0
200| -2,1 400 0
201| -2,4 400 0
202| -2,7 400 0
203| -3 400 0
204| -3,299999 400 0
205| -3,599999 400 0
206| -3,899999 400 0
207| -4,2 400 0
208| -4,5 400 0
209| -4,8 400 0
210| -5,1 400 0
211| -5,4 400 0
212| -5,7 400 0
213| -6 400 0
214| -6,300001 400 0
215| -6,300001 400 0
216| -6,300001 400 0
217| -6,300001 400 0
218| -6,300001 400 0
219| -6,300001 400 0
220| -6,300001 400 0
221| -6,300001 400 0
222| -6,300001 400 0
223| -6,300001 400 0
224| -6,300001 400 0
225| -6,300001 400 0
226| -6,300001 400 0
227| -6,300001 400 0
228| -6,300001 400 0
229| -6,300001 400 0
230| 0 400 0
231| 0,3 400 0
232| 0,6 400 0
233| 0,9 400 0
234| 1,2 400 0
235| 1,5 400 0
236| 1,8 400 0
237| 2,1 400 0
238| 2,4 400 0
239| 2,7 400 0
240| 3 400 0
241| 3,299999 400 0
242| 3,599999 400 0
243| 3,899999 400 0
244| 4,2 400 0
245| 4,5 400 0
246| 4,8 400 0
247| 5,1 400 0
248| 5,4 400 0
249| 5,7 400 0
250| 6 400 0
251| 6,300001 400 0
252| 6,600001 400 0
253| 6,900001 400 0
254| 7,200001 400 0
255| 7,500001 400 0
256| 7,800001 400 0
257| 8,1 400 0
258| 8,4 400 0
259| 8,4 400 0
260| 8,4 400 0
261| 8,4 400 0
262| 8,4 400 0
263| 0 400 0
264| -0,3 400 0
265| -0,6 400 0
266| -0,9 400 0
267| -1,2 400 0
268| -1,5 400 0
269| -1,8 400 0
270| -2,1 400 0
271| -2,4 400 0
272| -2,7 400 0
273| -3 400 0
274| -3,299999 400 0
275| -3,599999 400 0
276| -3,899999 400 0
277| -4,2 400 0
278| -4,5 400 0
279| -4,8 400 0
280| -5,1 400 0
281| -5,4 400 0
282| -5,7 400 0
283| -6 400 0
284| -6,300001 400 0
285| -6,600001 400 0
286| -6,900001 400 0
287| -7,200001 400 0
288| -7,500001 400 0
289| -7,800001 400 0
290| -8,1 400 0
291| -8,4 400 0
292| -8,7 400 0
293| -8,999999 400 0
294| -9,299999 400 0
295| -9,599998 400 0
296| -9,899999 400 0
297| -10,2 400 0
298| -10,5 400 0
299| -10,5 400 0
300| -10,5 400 0
301| -10,5 400 0
302| -10,5 400 0
303| -10,5 400 0
304| -10,5 400 0
305| -10,5 400 0
306| -10,5 400 0
307| -10,5 400 0
308| -10,5 400 0
309| -10,5 400 0
310| -10,5 400 0
311| -10,5 400 0
312| -10,5 400 0
313| -10,5 400 0
314| -10,5 400 0
315| -10,5 400 0
316| -10,5 400 0
317| -10,5 400 0
318| -10,5 400 0
319| -10,5 400 0
320| -10,5 400 0
321| -10,5 400 0
322| -10,5 400 0
323| -10,5 400 0
324| -10,5 400 0
325| -10,5 400 0
326| -10,5 400 0
327| -10,5 400 0
328| -10,5 400 0
329| -10,5 400 0
330| -10,5 400 0
331| -10,5 400 0
332| -10,5 400 0
333| -10,5 400 0
334| -10,5 400 0
335| -10,5 400 0
336| -10,5 400 0
337| -10,5 400 0
338| -10,5 400 0
339| -10,5 400 0
340| -10,5 400 0
341| -10,5 400 0
342| -10,5 400 0
343| -10,5 400 0
344| -10,5 400 0
345| -10,5 400 0
346| -10,5 400 0
347| -10,5 400 0
348| -10,5 400 0
349| -10,5 400 0
350| -10,5 400 0
351| -10,5 400 0
352| -10,5 400 0
353| -10,5 400 0
354| -10,5 400 0
355| -10,5 400 0
356| -10,5 400 0
357| -10,5 400 0
358| 0 400 0
359| 0,3 400 0
360| 0,6 400 0
361| 0,9 400 0
362| 1,2 400 0
363| 1,5 400 0
364| 1,8 400 0
365| 2,1 400 0
366| 2,4 400 0
367| 2,7 400 0
368| 3 400 0
369| 3,299999 400 0
370| 3,599999 400 0
371| 3,899999 400 0
372| 4,2 400 0
373| 4,5 400 0
374| 4,8 400 0
375| 5,1 400 0
376| 5,4 400 0
377| 5,7 400 0
378| 6 400 0
379| 6,300001 400 0
380| 6,600001 400 0
381| 6,900001 400 0
382| 7,200001 400 0
383| 7,500001 400 0
384| 7,800001 400 0
385| 8,1 400 0
386| 8,1 400 0
387| 8,1 400 0
388| 8,1 400 0
389| 8,1 400 0
390| 8,1 400 0
391| 8,1 400 0
392| 8,1 400 0
393| 8,1 400 0
394| 8,1 400 0
395| 8,1 400 0
396| 8,1 400 0
397| 8,1 400 0
398| 8,1 400 0
399| 8,1 400 0
400| 8,1 400 0
401| 8,1 400 0
402| 8,1 400 0
403| 8,1 400 0
404| 8,1 400 0
405| 8,1 400 0
406| 8,1 400 0
407| 8,1 400 0
408| 8,1 400 0
409| 8,1 400 0
410| 8,1 400 0
411| 8,1 400 0
412| 8,1 400 0
413| 8,1 400 0
414| 8,1 400 0
415| 8,1 400 0
416| 8,1 400 0
417| 8,1 400 0
418| 8,1 400 0
419| 8,1 400 0
420| 8,1 400 0
421| 8,1 400 0
422| 8,1 400 0
423| 0 400 0
424| -0,3 400 0
425| -0,6 400 0
426| -0,9 400 0
427| -1,2 400 0
428| -1,5 400 0
429| -1,8 400 0
430| -2,1 400 0
431| -2,4 400 0
432| -2,7 400 0
433| -3 400 0
434| -3,299999 400 0
435| -3,299999 400 0
436| -3,299999 400 0
437| -3,299999 400 0
438| -3,299999 400 0
439| -3,299999 400 0
440| -3,299999 400 0
441| -3,299999 400 0
442| -3,299999 400 0
443| -3,299999 400 0
444| -3,299999 400 0
445| -3,299999 400 0
446| -3,299999 400 0
447| -3,299999 400 0
448| -3,299999 400 0
449| -3,299999 400 0
450| -3,299999 400 0
451| -3,299999 400 0
452| -3,299999 400 0
453| -3,299999 400 0
454| -3,299999 400 0
455| -3,299999 400 0
456| -3,299999 400 0
457| -3,299999 400 0
458| -3,299999 400 0
459| -3,299999 400 0
460| -3,299999 400 0
461| -3,299999 400 0
462| -3,299999 400 0
463| -3,299999 400 0
464| -3,299999 400 0
465| -3,299999 400 0
466| -3,299999 400 0
467| -3,299999 400 0
468| -3,299999 400 0
469| -3,299999 400 0
470| -3,299999 400 0
471| -3,299999 400 0
472| -3,299999 400 0
473| -3,299999 400 0
474| -3,299999 400 0
475| -3,299999 400 0
476| -3,299999 400 0
477| -3,299999 400 0
478| -3,299999 400 0
479| -3,299999 400 0
480| -3,299999 400 0
481| -3,299999 400 0
482| -3,299999 400 0
483| -3,299999 400 0
484| -3,299999 400 0
485| -3,299999 400 0
486| -3,299999 400 0
487| -3,299999 400 0
488| -3,299999 400 0
489| -3,299999 400 0
490| -3,299999 400 0
491| -3,299999 400 0
492| -3,299999 400 0
493| -3,299999 400 0
494| -3,299999 400 0
495| -3,299999 400 0
496| -3,299999 400 0
497| -3,299999 400 0
498| -3,299999 400 0
499| -3,299999 400 0
500| -3,299999 400 0
501| -3,299999 400 0
502| -3,299999 400 0
503| -3,299999 400 0
504| -3,299999 400 0
505| -3,299999 400 0
506| -3,299999 400 0
507| -3,299999 400 0
508| -3,299999 400 0
509| -3,299999 400 0
510| -3,299999 400 0
511| -3,299999 400 0
512| -3,299999 400 0
513| -3,299999 400 0
514| -3,299999 400 0
515| -3,299999 400 0
516| -3,299999 400 0
517| -3,299999 400 0
518| -3,299999 400 0
519| -3,299999 400 0
520| -3,299999 400 0
521| -3,299999 400 0
522| -3,299999 400 0
523| -3,299999 400 0
524| -3,299999 400 0
525| -3,299999 400 0
526| -3,299999 400 0
527| -3,299999 400 0
528| -3,299999 400 0
529| -3,299999 400 0
530| -3,299999 400 0
531| -3,299999 400 0
532| -3,299999 400 0
533| -3,299999 400 0
534| 0 400 0
535| 0,3 400 0
536| 0,6 400 0
537| 0,9 400 0
538| 1,2 400 0
539| 1,5 400 0
540| 1,8 400 0
541| 1,8 400 0
542| 1,8 400 0
543| 1,8 400 0
544| 1,8 400 0
545| 1,8 400 0
546| 1,8 400 0
547| 1,8 400 0
548| 1,8 400 0
549| 1,8 400 0
550| 1,8 400 0
551| 1,8 400 0
552| 1,8 400 0
553| 1,8 400 0
554| 1,8 400 0
555| 1,8 400 0
556| 1,8 400 0
557| 1,8 400 0
558| 1,8 400 0
559| 1,8 400 0
560| 1,8 400 0
561| 1,8 400 0
562| 1,8 400 0
563| 1,8 400 0
564| 1,8 400 0
565| 1,8 400 0
566| 1,8 400 0
567| 1,8 400 0
568| 1,8 400 0
569| 1,8 400 0
570| 1,8 400 0
571| 1,8 400 0
572| 1,8 400 0
573| 1,8 400 0
574| 1,8 400 0
575| 1,8 400 0
576| 1,8 400 0
577| 1,8 400 0
578| 1,8 400 0
579| 1,8 400 0
580| 1,8 400 0
581| 1,8 400 0
582| 1,8 400 0
583| 1,8 400 0
584| 1,8 400 0
585| 1,8 400 0
586| 1,8 400 0
587| 1,8 400 0
588| 1,8 400 0
589| 1,8 400 0
590| 1,8 400 0
591| 1,8 400 0
592| 1,8 400 0
593| 1,8 400 0
594| 1,8 400 0
595| 1,8 400 0
596| 1,8 400 0
597| 1,8 400 0
598| 1,8 400 0
599| 1,8 400 0
600| 1,8 400 0
601| 1,8 400 0
602| 1,8 400 0
603| 1,8 400 0
604| 1,8 400 0
605| 1,8 400 0
606| 1,8 400 0
607| 1,8 400 0
608| 1,8 400 0
609| 1,8 400 0
610| 1,8 400 0
611| 1,8 400 0
612| 1,8 400 0
613| 1,8 400 0
614| 1,8 400 0
615| 1,8 400 0
616| 1,8 400 0
617| 1,8 400 0
618| 1,8 400 0
619| 1,8 400 0
620| 1,8 400 0
621| 1,8 400 0
622| 1,8 400 0
623| 1,8 400 0
624| 1,8 400 0
625| 1,8 400 0
626| 1,8 400 0
627| 1,8 400 0
628| 1,8 400 0
629| 1,8 400 0
630| 1,8 400 0
631| 1,8 400 0
632| 1,8 400 0
633| 1,8 400 0
634| 1,8 400 0
635| 1,8 400 0
636| 1,8 400 0
637| 1,8 400 0
638| 1,8 400 0
639| 1,8 400 0
640| 1,8 400 0
641| 1,8 400 0
642| 1,8 400 0
643| 1,8 400 0
644| 1,8 400 0
645| 1,8 400 0
646| 1,8 400 0
647| 1,8 400 0
648| 1,8 400 0
649| 1,8 400 0
650| 1,8 400 0
651| 1,8 400 0
652| 1,8 400 0
653| 1,8 400 0
654| 1,8 400 0
655| 1,8 400 0
656| 1,8 400 0
657| 1,8 400 0
658| 1,8 400 0
659| 1,8 400 0
660| 1,8 400 0
661| 1,8 400 0
662| 1,8 400 0
663| 1,8 400 0
664| 1,8 400 0
665| 1,8 400 0
666| 1,8 400 0
667| 1,8 400 0
668| 1,8 400 0
669| 1,8 400 0
670| 1,8 400 0
671| 1,8 400 0
672| 1,8 400 0
673| 1,8 400 0
674| 1,8 400 0
675| 1,8 400 0
676| 1,8 400 0
677| 1,8 400 0
678| 1,8 400 0
679| 1,8 400 0
680| 1,8 400 0
681| 1,8 400 0
682| 1,8 400 0
683| 1,8 400 0
684| 1,8 400 0
685| 1,8 400 0
686| 1,8 400 0
687| 1,8 400 0
688| 1,8 400 0
689| 1,8 400 0
690| 1,8 400 0
691| 1,8 400 0
692| 1,8 400 0
693| 1,8 400 0
694| 1,8 400 0
695| 1,8 400 0
696| 1,8 400 0
697| 1,8 400 0
698| 1,8 400 0
699| 1,8 400 0
700| 1,8 400 0
701| 1,8 400 0
702| 1,8 400 0
703| 1,8 400 0
704| 1,8 400 0
705| 1,8 400 0
706| 1,8 400 0
707| 1,8 400 0
708| 1,8 400 0
709| 1,8 400 0
710| 1,8 400 0
711| 1,8 400 0
712| 1,8 400 0
713| 1,8 400 0
714| 1,8 400 0
715| 1,8 400 0
716| 1,8 400 0
717| 1,8 400 0
718| 1,8 400 0
719| 1,8 400 0
720| 1,8 400 0
721| 1,8 400 0
722| 1,8 400 0
723| 1,8 400 0
724| 1,8 400 0
725| 1,8 400 0
726| 1,8 400 0
727| 1,8 400 0
728| 1,8 400 0
729| 1,8 400 0
730| 1,8 400 0
731| 1,8 400 0
732| 1,8 400 0
733| 1,8 400 0
734| 1,8 400 0
735| 1,8 400 0
736| 1,8 400 0
737| 1,8 400 0
738| 1,8 400 0
739| 1,8 400 0
740| 1,8 400 0
741| 1,8 400 0
742| 1,8 400 0
743| 1,8 400 0
744| 1,8 400 0
745| 1,8 400 0
746| 1,8 400 0
747| 1,8 400 0
748| 1,8 400 0
749| 1,8 400 0
750| 1,8 400 0
751| 1,8 400 0
752| 1,8 400 0
753| 1,8 400 0
754| 1,8 400 0
755| 1,8 400 0
756| 1,8 400 0
757| 1,8 400 0
758| 1,8 400 0
759| 1,8 400 0
760| 1,8 400 0
761| 1,8 400 0
762| 1,8 400 0
763| 1,8 400 0
764| 1,8 400 0
765| 1,8 400 0
766| 1,8 400 0
767| 1,8 400 0
768| 1,8 400 0
769| 1,8 400 0
770| 1,8 400 0
771| 1,8 400 0
772| 1,8 400 0
773| 1,8 400 0
774| 1,8 400 0
775| 1,8 400 0
776| 1,8 400 0
777| 1,8 400 0
778| 1,8 400 0
779| 1,8 400 0
780| 1,8 400 0
781| 1,8 400 0
782| 1,8 400 0
783| 1,8 400 0
784| 1,8 400 0
785| 1,8 400 0
786| 1,8 400 0
787| 1,8 400 0
788| 1,8 400 0
789| 1,8 400 0
790| 1,8 400 0
791| 1,8 400 0
792| 1,8 400 0
793| 1,8 400 0
794| 1,8 400 0
795| 1,8 400 0
796| 1,8 400 0
797| 1,8 400 0
798| 1,8 400 0
799| 1,8 400 0
800| 1,8 400 0
801| 1,8 400 0
802| 1,8 400 0
803| 1,8 400 0
804| 1,8 400 0
805| 1,8 400 0
806| 1,8 400 0
807| 1,8 400 0
808| 1,8 400 0
809| 1,8 400 0
810| 1,8 400 0
811| 1,8 400 0
812| 1,8 400 0
813| 1,8 400 0
814| 1,8 400 0
815| 1,8 400 0
816| 1,8 400 0
817| 1,8 400 0
818| 1,8 400 0
819| 1,8 400 0
820| 1,8 400 0
821| 1,8 400 0
822| 1,8 400 0
823| 1,8 400 0
824| 1,8 400 0
825| 1,8 400 0
826| 1,8 400 0
827| 1,8 400 0
828| 1,8 400 0
829| 1,8 400 0
830| 1,8 400 0
831| 1,8 400 0
832| 1,8 400 0
833| 1,8 400 0
834| 1,8 400 0
835| 1,8 400 0
836| 1,8 400 0
837| 1,8 400 0
838| 1,8 400 0
839| 1,8 400 0
840| 1,8 400 0
841| 1,8 400 0
842| 1,8 400 0
843| 1,8 400 0
844| 1,8 400 0
845| 1,8 400 0
846| 1,8 400 0
847| 1,8 400 0
848| 1,8 400 0
849| 1,8 400 0
850| 1,8 400 0
851| 1,8 400 0
852| 1,8 400 0
853| 1,8 400 0
854| 1,8 400 0
855| 1,8 400 0
856| 1,8 400 0
857| 1,8 400 0
858| 1,8 400 0
859| 1,8 400 0
860| 1,8 400 0
861| 1,8 400 0
862| 1,8 400 0
863| 1,8 400 0
864| 1,8 400 0
865| 1,8 400 0
866| 1,8 400 0
867| 1,8 400 0
868| 1,8 400 0
869| 1,8 400 0
870| 1,8 400 0
871| 1,8 400 0
872| 1,8 400 0
873| 1,8 400 0
874| 1,8 400 0
875| 1,8 400 0
876| 1,8 400 0
877| 1,8 400 0
878| 1,8 400 0
879| 1,8 400 0
880| 1,8 400 0
881| 1,8 400 0
882| 1,8 400 0
883| 1,8 400 0
884| 1,8 400 0
885| 1,8 400 0
886| 1,8 400 0
887| 1,8 400 0
888| 1,8 400 0
889| 1,8 400 0
890| 1,8 400 0
891| 1,8 400 0
892| 1,8 400 0
893| 1,8 400 0
894| 1,8 400 0
895| 1,8 400 0
896| 1,8 400 0
897| 1,8 400 0
898| 1,8 400 0
899| 1,8 400 0
900| 1,8 400 0
901| 1,8 400 0
902| 1,8 400 0
903| 1,8 400 0
904| 1,8 400 0
905| 1,8 400 0
906| 1,8 400 0
907| 1,8 400 0
908| 1,8 400 0
909| 1,8 400 0
910| 1,8 400 0
911| 1,8 400 0
912| 1,8 400 0
913| 1,8 400 0
914| 1,8 400 0
915| 1,8 400 0
916| 1,8 400 0
917| 1,8 400 0
918| 1,8 400 0
919| 1,8 400 0
920| 1,8 400 0
921| 1,8 400 0
922| 1,8 400 0
923| 1,8 400 0
924| 1,8 400 0
925| 1,8 400 0
926| 1,8 400 0
927| 1,8 400 0
928| 1,8 400 0
929| 1,8 400 0
930| 1,8 400 0
931| 1,8 400 0
932| 1,8 400 0
933| 1,8 400 0
934| 1,8 400 0
935| 1,8 400 0
936| 1,8 400 0
937| 1,8 400 0
938| 1,8 400 0
939| 1,8 400 0
940| 1,8 400 0
941| 1,8 400 0
942| 1,8 400 0
943| 1,8 400 0
944| 1,8 400 0
945| 1,8 400 0
946| 1,8 400 0
947| 1,8 400 0
948| 1,8 400 0
949| 1,8 400 0
950| 1,8 400 0
951| 1,8 400 0
952| 1,8 400 0
953| 1,8 400 0
954| 1,8 400 0
955| 1,8 400 0
956| 1,8 400 0
957| 1,8 400 0
958| 1,8 400 0
959| 1,8 400 0
960| 1,8 400 0
961| 1,8 400 0
962| 1,8 400 0
963| 1,8 400 0
964| 1,8 400 0
965| 1,8 400 0
966| 1,8 400 0
967| 1,8 400 0
968| 1,8 400 0
969| 1,8 400 0
970| 1,8 400 0
971| 1,8 400 0
972| 1,8 400 0
973| 0 400 0
974| -0,3 400 0
975| -0,6 400 0
976| -0,9 400 0
977| -1,2 400 0
978| -1,5 400 0
979| -1,8 400 0
980| -2,1 400 0
981| -2,1 400 0
982| -2,1 400 0
983| -2,1 400 0
984| -2,1 400 0
985| -2,1 400 0
986| -2,1 400 0
987| -2,1 400 0
988| -2,1 400 0
989| -2,1 400 0
990| -2,1 400 0
991| -2,1 400 0
992| -2,1 400 0
993| -2,1 400 0
994| -2,1 400 0
995| -2,1 400 0
996| -2,1 400 0
997| -2,1 400 0
998| -2,1 400 0
999| -2,1 400 0
1000| -2,1 400 0
1001| -2,1 400 0
1002| -2,1 400 0
1003| -2,1 400 0
1004| -2,1 400 0
1005| -2,1 400 0
1006| -2,1 400 0
1007| -2,1 400 0
1008| -2,1 400 0
1009| -2,1 400 0
1010| -2,1 400 0
1011| -2,1 400 0
1012| -2,1 400 0
1013| -2,1 400 0
1014| -2,1 400 0
1015| -2,1 400 0
1016| -2,1 400 0
1017| -2,1 400 0
1018| -2,1 400 0
1019| -2,1 400 0
1020| -2,1 400 0
1021| -2,1 400 0
1022| -2,1 400 0
1023| -2,1 400 0
1024| -2,1 400 0
1025| -2,1 400 0
1026| -2,1 400 0
1027| -2,1 400 0
1028| -2,1 400 0
1029| -2,1 400 0
1030| -2,1 400 0
1031| -2,1 400 0
1032| -2,1 400 0
1033| -2,1 400 0
1034| -2,1 400 0
1035| -2,1 400 0
1036| -2,1 400 0
1037| -2,1 400 0
1038| -2,1 400 0
1039| -2,1 400 0
1040| -2,1 400 0
1041| -2,1 400 0
1042| -2,1 400 0
1043| -2,1 400 0
1044| -2,1 400 0
1045| -2,1 400 0
1046| -2,1 400 0
1047| -2,1 400 0
1048| -2,1 400 0
1049| -2,1 400 0
1050| -2,1 400 0
1051| -2,1 400 0
1052| -2,1 400 0
1053| -2,1 400 0
1054| -2,1 400 0
1055| -2,1 400 0
1056| -2,1 400 0
1057| -2,1 400 0
1058| -2,1 400 0
1059| -2,1 400 0
1060| -2,1 400 0
1061| -2,1 400 0
1062| -2,1 400 0
1063| -2,1 400 0
1064| -2,1 400 0
1065| -2,1 400 0
1066| -2,1 400 0
1067| -2,1 400 0
1068| -2,1 400 0
1069| -2,1 400 0
1070| -2,1 400 0
1071| -2,1 400 0
1072| -2,1 400 0
1073| -2,1 400 0
1074| -2,1 400 0
1075| -2,1 400 0
1076| -2,1 400 0
1077| -2,1 400 0
1078| -2,1 400 0
1079| -2,1 400 0
1080| -2,1 400 0
1081| -2,1 400 0
1082| -2,1 400 0
1083| -2,1 400 0
1084| -2,1 400 0
1085| -2,1 400 0
1086| -2,1 400 0
1087| -2,1 400 0
1088| -2,1 400 0
1089| -2,1 400 0
1090| -2,1 400 0
1091| -2,1 400 0
1092| -2,1 400 0
1093| -2,1 400 0
1094| -2,1 400 0
1095| -2,1 400 0
1096| -2,1 400 0
1097| -2,1 400 0
1098| -2,1 400 0
1099| -2,1 400 0
1100| -2,1 400 0
1101| -2,1 400 0
1102| -2,1 400 0
1103| -2,1 400 0
1104| -2,1 400 0
1105| -2,1 400 0
1106| -2,1 400 0
1107| -2,1 400 0
1108| -2,1 400 0
1109| -2,1 400 0
1110| -2,1 400 0
1111| -2,1 400 0
1112| -2,1 400 0
1113| -2,1 400 0
1114| -2,1 400 0
1115| -2,1 400 0
1116| -2,1 400 0
1117| -2,1 400 0
1118| -2,1 400 0
1119| 0 400 0
1120| 0,3 400 0
1121| 0,6 400 0
1122| 0,9 400 0
1123| 1,2 400 0
1124| 1,2 400 0
1125| 1,2 400 0
1126| 1,2 400 0
1127| 1,2 400 0
1128| 1,2 400 0
1129| 1,2 400 0
1130| 1,2 400 0
1131| 1,2 400 0
1132| 1,2 400 0
1133| 1,2 400 0
1134| 1,2 400 0
1135| 1,2 400 0
1136| 1,2 400 0
1137| 1,2 400 0
1138| 1,2 400 0
1139| 1,2 400 0
1140| 1,2 400 0
1141| 1,2 400 0
1142| 1,2 400 0
1143| 1,2 400 0
1144| 1,2 400 0
1145| 1,2 400 0
1146| 1,2 400 0
1147| 1,2 400 0
1148| 1,2 400 0
1149| 1,2 400 0
1150| 1,2 400 0
1151| 1,2 400 0
1152| 1,2 400 0
1153| 1,2 400 0
1154| 1,2 400 0
1155| 1,2 400 0
1156| 1,2 400 0
1157| 1,2 400 0
1158| 1,2 400 0
1159| 1,2 400 0
1160| 1,2 400 0
1161| 1,2 400 0
1162| 1,2 400 0
1163| 1,2 400 0
1164| 1,2 400 0
1165| 1,2 400 0
1166| 1,2 400 0
1167| 1,2 400 0
1168| 1,2 400 0
1169| 1,2 400 0
1170| 1,2 400 0
1171| 1,2 400 0
1172| 1,2 400 0
1173| 1,2 400 0
1174| 1,2 400 0
1175| 1,2 400 0
1176| 1,2 400 0
1177| 1,2 400 0
1178| 1,2 400 0
1179| 1,2 400 0
1180| 1,2 400 0
1181| 1,2 400 0
1182| 0 400 0
1183| -0,3 400 0
1184| -0,6 400 0
1185| -0,9 400 0
1186| -1,2 400 0
1187| -1,2 400 0
1188| -1,2 400 0
1189| -1,2 400 0
1190| -1,2 400 0
1191| -1,2 400 0
1192| -1,2 400 0
1193| -1,2 400 0
1194| -1,2 400 0
1195| -1,2 400 0
1196| -1,2 400 0
1197| -1,2 400 0
1198| -1,2 400 0
1199| -1,2 400 0
1200| -1,2 400 0
1201| -1,2 400 0
1202| -1,2 400 0
1203| -1,2 400 0
1204| -1,2 400 0
1205| -1,2 400 0
1206| -1,2 400 0
1207| -1,2 400 0
1208| -1,2 400 0
1209| -1,2 400 0
1210| -1,2 400 0
1211| -1,2 400 0
1212| -1,2 400 0
1213| -1,2 400 0
1214| -1,2 400 0
1215| -1,2 400 0
1216| -1,2 400 0
1217| -1,2 400 0
1218| -1,2 400 0
1219| -1,2 400 0
1220| -1,2 400 0
1221| -1,2 400 0
1222| -1,2 400 0
1223| -1,2 400 0
1224| -1,2 400 0
1225| -1,2 400 0
1226| -1,2 400 0
1227| -1,2 400 0
1228| -1,2 400 0
1229| -1,2 400 0
1230| -1,2 400 0
1231| -1,2 400 0
1232| -1,2 400 0
1233| -1,2 400 0
1234| -1,2 400 0
1235| -1,2 400 0
1236| -1,2 400 0
1237| -1,2 400 0
1238| -1,2 400 0
1239| -1,2 400 0
1240| -1,2 400 0
1241| -1,2 400 0
1242| -1,2 400 0
1243| -1,2 400 0
1244| -1,2 400 0
1245| -1,2 400 0
1246| -1,2 400 0
1247| -1,2 400 0
1248| -1,2 400 0
1249| -1,2 400 0
1250| -1,2 400 0
1251| -1,2 400 0
1252| -1,2 400 0
1253| -1,2 400 0
1254| -1,2 400 0
1255| -1,2 400 0
1256| -1,2 400 0
1257| -1,2 400 0
1258| -1,2 400 0
1259| -1,2 400 0
1260| -1,2 400 0
1261| -1,2 400 0
1262| -1,2 400 0
1263| -1,2 400 0
1264| -1,2 400 0
1265| -1,2 400 0
1266| -1,2 400 0
1267| -1,2 400 0
1268| -1,2 400 0
1269| -1,2 400 0
1270| -1,2 400 0
1271| -1,2 400 0
1272| -1,2 400 0
1273| -1,2 400 0
1274| -1,2 400 0
1275| -1,2 400 0
1276| -1,2 400 0
1277| -1,2 400 0
1278| -1,2 400 0
1279| -1,2 400 0
1280| -1,2 400 0
1281| -1,2 400 0
1282| -1,2 400 0
1283| -1,2 400 0
1284| -1,2 400 0
1285| 0 400 0
1286| 0,3 400 0
1287| 0,6 400 0
1288| 0,9 400 0
1289| 1,2 400 0
1290| 1,2 400 0
1291| 1,2 400 0
1292| 1,2 400 0
1293| 1,2 400 0
1294| 1,2 400 0
1295| 1,2 400 0
1296| 1,2 400 0
1297| 1,2 400 0
1298| 1,2 400 0
1299| 1,2 400 0
1300| 1,2 400 0
1301| 1,2 400 0
1302| 1,2 400 0
1303| 1,2 400 0
1304| 1,2 400 0
1305| 1,2 400 0
1306| 1,2 400 0
1307| 1,2 400 0
1308| 1,2 400 0
1309| 1,2 400 0
1310| 1,2 400 0
1311| 1,2 400 0
1312| 1,2 400 0
1313| 1,2 400 0
1314| 1,2 400 0
1315| 1,2 400 0
1316| 1,2 400 0
1317| 1,2 400 0
1318| 1,2 400 0
1319| 1,2 400 0
1320| 1,2 400 0
1321| 1,2 400 0
1322| 1,2 400 0
1323| 1,2 400 0
1324| 1,2 400 0
1325| 1,2 400 0
1326| 1,2 400 0
1327| 1,2 400 0
1328| 1,2 400 0
1329| 1,2 400 0
1330| 1,2 400 0
1331| 1,2 400 0
1332| 1,2 400 0
1333| 1,2 400 0
1334| 1,2 400 0
1335| 1,2 400 0
1336| 1,2 400 0
1337| 1,2 400 0
1338| 1,2 400 0
1339| 1,2 400 0
1340| 1,2 400 0
1341| 1,2 400 0
1342| 1,2 400 0
1343| 1,2 400 0
1344| 1,2 400 0
1345| 1,2 400 0
1346| 1,2 400 0
1347| 1,2 400 0
1348| 1,2 400 0
1349| 1,2 400 0
1350| 1,2 400 0
1351| 1,2 400 0
1352| 1,2 400 0
1353| 1,2 400 0
1354| 1,2 400 0
1355| 1,2 400 0
1356| 1,2 400 0
1357| 1,5 400 0
1358| 1,8 400 0
1359| 2,1 400 0
1360| 2,4 400 0
1361| 2,7 400 0
1362| 2,7 400 0
1363| 2,7 400 0
1364| 2,7 400 0
1365| 2,7 400 0
1366| 2,7 400 0
1367| 2,7 400 0
1368| 2,7 400 0
1369| 2,7 400 0
1370| 2,7 400 0
1371| 2,7 400 0
1372| 2,7 400 0
1373| 2,7 400 0
1374| 2,7 400 0
1375| 2,7 400 0
1376| 2,7 400 0
1377| 2,7 400 0
1378| 2,7 400 0
1379| 2,7 400 0
1380| 2,7 400 0
1381| 2,7 400 0
1382| 2,7 400 0
1383| 3 400 0
1384| 3,299999 400 0
1385| 3,599999 400 0
1386| 3,899999 400 0
1387| 4,2 400 0
1388| 4,2 400 0
1389| 4,2 400 0
1390| 4,2 400 0
1391| 4,2 400 0
1392| 4,2 400 0
1393| 4,2 400 0
1394| 4,2 400 0
1395| 4,2 400 0
1396| 4,2 400 0
1397| 4,2 400 0
1398| 4,2 400 0
1399| 4,2 400 0
1400| 4,2 400 0
1401| 4,2 400 0
1402| 4,2 400 0
1403| 4,2 400 0
1404| 4,2 400 0
1405| 4,2 400 0
1406| 4,2 400 0
1407| 4,2 400 0
1408| 4,2 400 0
1409| 4,2 400 0
1410| 4,2 400 0
1411| 4,2 400 0
1412| 4,2 400 0
1413| 4,2 400 0
1414| 4,2 400 0
1415| 4,2 400 0
1416| 4,2 400 0
1417| 4,2 400 0
1418| 4,2 400 0
1419| 4,2 400 0
1420| 4,2 400 0
1421| 4,2 400 0
1422| 4,2 400 0
1423| 4,2 400 0
1424| 4,2 400 0
1425| 4,2 400 0
1426| 4,2 400 0
1427| 4,2 400 0
1428| 4,2 400 0
1429| 4,2 400 0
1430| 4,2 400 0
1431| 4,2 400 0
1432| 4,2 400 0
1433| 4,2 400 0
1434| 4,2 400 0
1435| 4,2 400 0
1436| 4,2 400 0
1437| 4,2 400 0
1438| 0 400 0
1439| -0,3 400 0
1440| -0,6 400 0
1441| -0,9 400 0
1442| -1,2 400 0
1443| -1,2 400 0
1444| -1,2 400 0
1445| -1,2 400 0
1446| -1,2 400 0
1447| -1,2 400 0
1448| -1,2 400 0
1449| -1,2 400 0
1450| -1,2 400 0
1451| -1,2 400 0
1452| -1,2 400 0
1453| -1,2 400 0
1454| -1,2 400 0
1455| -1,2 400 0
1456| -1,2 400 0
1457| -1,2 400 0
1458| -1,2 400 0
1459| -1,2 400 0
1460| -1,2 400 0
1461| -1,2 400 0
1462| -1,2 400 0
1463| -1,2 400 0
1464| -1,2 400 0
1465| -1,2 400 0
1466| -1,2 400 0
1467| -1,2 400 0
1468| -1,2 400 0
1469| -1,2 400 0
1470| -1,2 400 0
1471| -1,2 400 0
1472| -1,2 400 0
1473| -1,2 400 0
1474| -1,2 400 0
1475| -1,2 400 0
1476| -1,2 400 0
1477| -1,2 400 0
1478| -1,2 400 0
1479| -1,2 400 0
1480| -1,2 400 0
1481| -1,2 400 0
1482| -1,2 400 0
1483| -1,2 400 0
1484| -1,2 400 0
1485| -1,2 400 0
1486| -1,2 400 0
1487| -1,2 400 0
1488| -1,2 400 0
1489| -1,2 400 0
1490| -1,2 400 0
1491| -1,2 400 0
1492| -1,2 400 0
1493| -1,2 400 0
1494| -1,2 400 0
1495| -1,2 400 0
1496| -1,2 400 0
1497| -1,2 400 0
1498| -1,2 400 0
1499| -1,2 400 0
1500| -1,2 400 0
1501| -1,2 400 0
1502| -1,2 400 0
1503| -1,2 400 0
1504| -1,2 400 0
1505| -1,2 400 0
1506| -1,2 400 0
1507| -1,2 400 0
1508| -1,2 400 0
1509| -1,2 400 0
1510| -1,2 400 0
1511| -1,2 400 0
1512| -1,2 400 0
1513| -1,2 400 0
1514| -1,2 400 0
1515| -1,2 400 0
1516| -1,2 400 0
1517| -1,2 400 0
1518| -1,2 400 0
1519| -1,2 400 0
1520| -1,2 400 0
1521| -1,2 400 0
1522| -1,2 400 0
1523| -1,2 400 0
1524| -1,2 400 0
1525| -1,2 400 0
1526| -1,2 400 0
1527| -1,2 400 0
1528| -1,2 400 0
1529| -1,2 400 0
1530| -1,2 400 0
1531| -1,2 400 0
1532| -1,2 400 0
1533| -1,2 400 0
1534| -1,2 400 0
1535| -1,2 400 0
1536| -1,2 400 0
1537| -1,2 400 0
1538| -1,2 400 0
1539| -1,2 400 0
1540| -1,2 400 0
1541| -1,2 400 0
1542| -1,2 400 0
1543| -1,2 400 0
1544| -1,2 400 0
1545| -1,2 400 0
1546| -1,2 400 0
1547| -1,2 400 0
1548| -1,2 400 0
1549| -1,2 400 0
1550| -1,2 400 0
1551| -1,2 400 0
1552| -1,2 400 0
1553| -1,2 400 0
1554| -1,2 400 0
1555| -1,2 400 0
1556| -1,2 400 0
1557| -1,2 400 0
1558| -1,2 400 0
1559| -1,2 400 0
1560| -1,2 400 0
1561| -1,2 400 0
1562| -1,2 400 0
1563| -1,2 400 0
1564| -1,2 400 0
1565| -1,2 400 0
1566| -1,2 400 0
1567| -1,2 400 0
1568| -1,2 400 0
1569| -1,2 400 0
1570| -1,2 400 0
1571| -1,2 400 0
1572| -1,2 400 0
1573| -1,2 400 0
1574| -1,2 400 0
1575| -1,2 400 0
1576| -1,2 400 0
1577| -1,2 400 0
1578| -1,2 400 0
1579| -1,2 400 0
1580| -1,2 400 0
1581| -1,2 400 0
1582| -1,2 400 0
1583| -1,2 400 0
1584| -1,2 400 0
1585| -1,2 400 0
1586| -1,2 400 0
1587| -1,2 400 0
1588| -1,2 400 0
1589| -1,2 400 0
1590| -1,2 400 0
1591| -1,2 400 0
1592| -1,2 400 0
1593| -1,2 400 0
1594| -1,2 400 0
1595| -1,2 400 0
1596| -1,2 400 0
1597| -1,2 400 0
1598| -1,2 400 0
1599| -1,2 400 0
1600| -1,2 400 0
1601| -1,2 400 0
1602| -1,2 400 0
1603| -1,2 400 0
1604| -1,2 400 0
1605| -1,2 400 0
1606| -1,2 400 0
1607| -1,2 400 0
1608| -1,2 400 0
1609| -1,2 400 0
1610| -1,2 400 0
1611| -1,2 400 0
1612| -1,2 400 0
1613| -1,2 400 0
1614| -1,2 400 0
1615| -1,2 400 0
1616| -1,2 400 0
1617| -1,2 400 0
1618| -1,2 400 0
1619| -1,2 400 0
1620| -1,2 400 0
1621| -1,2 400 0
1622| -1,2 400 0
1623| -1,2 400 0
1624| -1,2 400 0
1625| -1,2 400 0
1626| -1,2 400 0
1627| -1,2 400 0
1628| -1,2 400 0
1629| -1,2 400 0
1630| -1,2 400 0
1631| -1,2 400 0
1632| -1,2 400 0
1633| -1,2 400 0
1634| -1,2 400 0
1635| -1,2 400 0
1636| -1,2 400 0
1637| -1,2 400 0
1638| -1,2 400 0
1639| -1,2 400 0
1640| -1,2 400 0
1641| 0 0 0
1642| 0 0 0
1643| 0 0 0
1644| 0 0 0
1645| 0 0 0
1646| 0 0 0
1647| 0 0 0
1648| 0 0 0
1649| 0 0 0
1650| 0 0 0
1651| 0 0 0
1652| 0 0 0
1653| 0 0 0
1654| 0 0 0
1655| 0 0 0
1656| 0 0 0
1657| 0 0 0
1658| 0 0 0
1659| 0 0 0
1660| 0 0 0
1661| 0 0 0
1662| 0 0 0
1663| 0 0 0
1664| 0 0 0
1665| 0 0 0
1666| 0 0 0
1667| 0 0 0
1668| 0 0 0
1669| 0 0 0
1670| 0 0 0
1671| 0 0 0
1672| 0 0 0
1673| 0 0 0
1674| 0 0 0
1675| 0 0 0
1676| 0 0 0
1677| 0 0 0
1678| 0 0 0
1679| 0 0 0
1680| 0 0 0
1681| 0 0 0
1682| 0 0 0
1683| 0 0 0
1684| 0 0 0
1685| 0 0 0
1686| 0 0 0
1687| 0 0 0
1688| 0 0 0
1689| 0 0 0
1690| 0 0 0
1691| 0 0 0
1692| 0 0 0
1693| 0 0 0
1694| 0 0 0
1695| 0 0 0
1696| 0 0 0
1697| 0 0 0
1698| 0 0 0
1699| 0 0 0
1700| 0 0 0
1701| 0 0 0
1702| 0 0 0
1703| 0 0 0
1704| 0 0 0
1705| 0 0 0
1706| 0 0 0
1707| 0 0 0
1708| 0 0 0
1709| 0 0 0
1710| 0 0 0
1711| 0 0 0
1712| 0 0 0
1713| 0 0 0
1714| 0 0 0
1715| 0 0 0
1716| 0 0 0
1717| 0 0 0
1718| 0 0 0
1719| 0 0 0
1720| 0 0 0
1721| 0 0 0
1722| 0 0 0
1723| 0 0 0
1724| 0 0 0
1725| 0 0 0
1726| 0 0 0
1727| 0 0 0
1728| 0 0 0
1729| 0 0 0
1730| 0 0 0
1731| 0 0 0
1732| 0 0 0
1733| 0 0 0
1734| 0 0 0
1735| 0 0 0

