1| 0 0 0
2| 0 0 0
3| 0 0 0
4| 0 0 0
5| 0 0 0
6| 0 0 0
7| 0 0 0
8| 0 0 0
9| 0 0 0
10| 0 0 0
11| 0 0 0
12| 0 0 0
13| 0 0 0
14| 0 0 0
15| 0 0 0
16| 0 0 0
17| 0 0 0
18| 0 0 0
19| 0 0 0
20| 0 0 0
21| 0 0 0
22| 0 0 0
23| 0 0 0
24| 0 0 0
25| 0 0 0
26| 0 0 0
27| 0 0 0
28| 0 0 0
29| 0 0 0
30| 0 0 0
31| 0 0 0
32| 0 0 0
33| 0 0 0
34| 0 0 0
35| 0 0 0
36| 0 0 0
37| 0 0 0
38| 0 0 0
39| 0 0 0
40| 0 0 0
41| 0 0 0
42| 0 0 0
43| 0 0 0
44| 0 0 0
45| 0 0 0
46| 0 0 0
47| 0 0 0
48| 0 0 0
49| 0 0 0
50| 0 0 0
51| 0 0 0
52| 0 0 0
53| 0 0 0
54| 0 0 0
55| 0 0 0
56| 0 0 0
57| 0 0 0
58| 0 0 0
59| 0 0 0
60| 0 0 0
61| 0 0 0
62| 0 0 0
63| 0 0 0
64| 0 0 0
65| 0 0 0
66| 0 0 0
67| 0 0 0
68| 0 0 0
69| 0 0 0
70| 0 0 0
71| 0 0 0
72| 0 0 0
73| 0 0 0
74| 0 0 0
75| 0 0 0
76| 0 0 0
77| 0 0 0
78| 0 0 0
79| 0 0 0
80| 0 0 0
81| 0 0 0
82| 0 0 0
83| 0 0 0
84| 0 0 0
85| 0 0 0
86| 0 0 0
87| 0 0 0
88| 0 0 0
89| 0 0 0
90| 0 0 0
91| 0 0 0
92| 0 0 0
93| 0 0 0
94| 0 0 0
95| 0 0 0
96| 0 0 0
97| 0 0 0
98| 0 0 0
99| 0 0 0
100| 0 0 0
101| 0 0 0
102| 0 0 0
103| 0 0 0
104| 0 0 0
105| 0 0 0
106| 0 0 0
107| 0 0 0
108| 0 0 0
109| 0 0 0
110| 0 0 0
111| 0 0 0
112| 0 0 0
113| 0 0 0
114| 0 0 0
115| 0 0 0
116| 0 0 0
117| 0 0 0
118| 0 0 0
119| 0 0 0
120| 0 0 0
121| 0 0 0
122| 0 0 0
123| 0 0 0
124| 0 0 0
125| 0 0 0
126| 0 0 0
127| 0 0 0
128| 0 0 0
129| 0 0 0
130| 0 0 0
131| 0 0 0
132| 0 0 0
133| 0 0 0
134| 0 0 0
135| 0 0 0
136| 0 0 0
137| 0 0 0
138| 0 0 0
139| 0 0 0
140| 0 0 0
141| 0 0 0
142| 0 0 0
143| 0 0 0
144| 0 0 0
145| 0 0 0
146| 0 0 0
147| 0 0 0
148| 0 0 0
149| 0 0 0
150| 0 0 0
151| 0 0 0
152| 0 0 0
153| 0 0 0
154| 0 0 0
155| 0 0 0
156| 0 0 0
157| 0 0 0
158| 0 0 0
159| 0 0 0
160| 0 0 0
161| 0 0 0
162| 0 0 0
163| 0 0 0
164| 0 0 0
165| 0 0 0
166| 0 0 0
167| 0 0 0
168| 0 0 0
169| 0 0 0
170| 0 0 0
171| 0 0 0
172| 0 4 0
173| 0 8 0
174| 0 12 0
175| 0 16 0
176| 0 20 0
177| 0 24 0
178| 0 28 0
179| 0 32 0
180| 0 36 0
181| 0 40 0
182| 0 43,99999 0
183| 0 47,99999 0
184| 0 51,99999 0
185| 0 55,99999 0
186| 0 60 0
187| 0 64 0
188| 0 68 0
189| 0 72 0
190| 0 76,00001 0
191| 0 80,00001 0
192| 0 84,00001 0
193| 0 88,00002 0
194| 0 92,00002 0
195| 0 96,00002 0
196| 0 100 0
197| 0 104 0
198| 0 108 0
199| 0 112 0
200| 0 116 0
201| 0 120 0
202| 0 124 0
203| 0 128 0
204| 0 132 0
205| 0 136 0
206| 0 140 0
207| 0 144 0
208| 0 148 0
209| 0 152 0
210| 0 156 0
211| 0 160 0
212| 0 164 0
213| 0 168 0
214| 0 171,9999 0
215| 0 175,9999 0
216| 0 179,9999 0
217| 0 183,9999 0
218| 0 187,9999 0
219| 0 191,9999 0
220| 0 195,9999 0
221| 0 199,9999 0
222| 0 203,9999 0
223| 0 207,9999 0
224| 0 211,9999 0
225| 0 215,9999 0
226| 0 219,9999 0
227| 0 223,9999 0
228| 0 227,9999 0
229| 0 231,9999 0
230| 0 235,9999 0
231| 0 239,9999 0
232| 0 243,9999 0
233| 0 247,9999 0
234| 0 251,9999 0
235| 0 255,9999 0
236| 0 259,9999 0
237| 0 263,9999 0
238| 0 267,9999 0
239| 0 271,9998 0
240| 0 275,9998 0
241| 0 279,9998 0
242| 0 283,9998 0
243| 0 0 0
244| 0 0 0
245| 0 0 0
246| 0 0 0
247| 0 0 0
248| 0 0 0
249| 0 0 0
250| 0 0 0
251| 0 0 0
252| 0 0 0
253| 0 0 0
254| 0 0 0
255| 0 0 0
256| 0 0 0
257| 0 0 0
258| 0 -4 0
259| 0 -8 0
260| 0 -12 0
261| 0 -16 0
262| 0 -20 0
263| 0 -24 0
264| 0 -28 0
265| 0 -32 0
266| 0 0 0
267| 0 0 0
268| 0 0 0
269| 0 0 0
270| 0 0 30000
271| 0 0 30000
272| 0 0 30000
273| 0 0 30000
274| 0 0 30000
275| 0 0 30000
276| 0 0 30000
277| 0 0 30000
278| 0 0 30000
279| 0 0 30000
280| 0 0 30000
281| 0 0 30000
282| 0 0 30000
283| 0 0 30000
284| 0 0 30000
285| 0 0 30000
286| 0 0 0
287| 0 0 0
288| 0 0 0
289| 0 0 0
290| 0 0 0
291| 0 0 0
292| 0 0 0
293| 0 0 0
294| 0 0 0
295| 0 0 0
296| 0 0 0
297| 0 0 0
298| 0 0 0
299| 0 0 0
300| 0 0 0
301| 0 0 0
302| 0 0 0
303| 0 0 0
304| 0 0 0
305| 0 0 0
306| 0 0 0
307| 0 0 0
308| 0 0 0
309| 0 0 0
310| 0 0 0
311| 0 0 0
312| 0 0 0
313| 0 0 0
314| 0 0 0
315| 0 0 0
316| 0 0 0
317| 0 0 0
318| 0 0 0
319| 0 0 0
320| 0 0 0
321| 0 0 0
322| 0 0 0
323| 0 0 0
324| 0 0 0
325| 0 0 0
326| 0 0 0
327| 0 0 0
328| 0 0 0
329| 0 0 0
330| 0 0 0
331| 0 0 0
332| 0 0 0
333| 0 0 0
334| 0 0 0
335| 0 0 0
336| 0 0 0
337| 0 0 0
338| 0 0 0
339| 0 0 0
340| 0 0 0
341| 0 0 0
342| 0 0 0
343| 0 0 0
344| 0 0 0
345| 0 0 0
346| 0 0 0
347| 0 0 0
348| 0 0 0
349| 0 0 0
350| 0 0 0
351| 0 0 0
352| 0 0 0
353| 0 0 0
354| 0 0 0
355| 0 0 0
356| 0 0 0
357| 0 0 0
358| 0 0 0
359| 0 0 0
360| 0 0 0
361| 0 0 0
362| 0 0 0
363| 0 0 0
364| 0 0 0
365| 0 0 0
366| 0 0 0
367| 0 0 0
368| 0 0 0
369| 0 0 0
370| 0 0 0
371| 0 0 0
372| 0 0 0
373| 0 0 0
374| 0 0 0
375| 0 0 0
376| 0 0 0
377| 0 0 0
378| 0 0 0
379| 0 0 0
380| 0 0 0
381| 0 0 0
382| 0 0 0
383| 0 0 0
384| 0 0 0
385| 0 0 0
386| 0 0 0
387| 0 0 0
388| 0 0 0
389| 0 0 0
390| 0 0 0
391| 0 0 0
392| 0 0 0
393| 0 0 0
394| 0 0 0
395| 0 0 0
396| 0 0 0
397| 0 0 0
398| 0 0 0
399| 0 0 0
400| 0 0 0
401| 0 0 0
402| 0 0 0
403| 0 0 0
404| 0 0 0
405| 0 0 0
406| 0 0 0
407| 0 0 0
408| 0 0 0
409| 0 0 0
410| 0 0 0
411| 0 0 0
412| 0 0 0
413| 0 0 0
414| 0 0 0
415| 0 0 0
416| 0 0 0
417| 0 0 0
418| 0 0 0
419| 0 0 0
420| 0 0 0
421| 0 0 0
422| 0 0 0
423| 0 0 0
424| 0 0 0
425| 0 0 0
426| 0 0 0
427| 0 0 0
428| 0 0 0
429| 0 0 0
430| 0 0 0
431| 0 0 0
432| 0 0 0
433| 0 0 0
434| 0 0 0
435| 0 0 0
436| 0 0 0
437| 0 0 0
438| 0 0 0
439| 0 0 0
440| 0 0 0
441| 0 0 0
442| 0 0 0
443| 0 0 0
444| 0 0 0
445| 0 0 0
446| 0 0 0
447| 0 0 0
448| 0 0 0
449| 0 0 0
450| 0 0 0
451| 0 0 0
452| 0 0 0
453| 0 0 0
454| 0 0 0
455| 0 0 0
456| 0 0 0
457| 0 0 0
458| 0 0 0
459| 0 0 0
460| 0 0 0
461| 0 0 0
462| 0 0 0
463| 0 0 0
464| 0 0 0
465| 0 0 0
466| 0 0 0
467| 0 0 0
468| 0 0 0
469| 0 0 0
470| 0 0 0
471| 0 16 0
472| 0 48 0
473| 0 64 0
474| 0 79,99999 0
475| 0 95,99999 0
476| 0 112 0
477| 0 144 0
478| 0 160 0
479| 0 176 0
480| 0 192 0
481| 0 208 0
482| 0 240 0
483| 0 256 0
484| 0 272 0
485| 0 288 0
486| 0 304 0
487| 0 336 0
488| 0 352,0001 0
489| 0 368,0001 0
490| 0 384,0001 0
491| 0 400 0
492| 0 400 0
493| 0 400 0
494| 0 400 0
495| 0 400 0
496| 0 400 0
497| 0 400 0
498| 0 400 0
499| 0 400 0
500| 0 400 0
501| 0 400 0
502| 0 400 0
503| 0 400 0
504| 0 400 0
505| 0 400 0
506| 0 400 0
507| 0 400 0
508| 0 400 0
509| 0 400 0
510| 0 400 0
511| 0 400 0
512| 0 400 0
513| 0 400 0
514| 0 400 0
515| 0 400 0
516| 0 400 0
517| 0 400 0
518| 0 400 0
519| 0 400 0
520| 0 400 0
521| 0 400 0
522| 0 400 0
523| 0 400 0
524| 0 400 0
525| 0 400 0
526| 0 400 0
527| 0 400 0
528| 0 400 0
529| 0 400 0
530| 0 400 0
531| 0 400 0
532| 0 400 0
533| 0 400 0
534| 0 400 0
535| 0 400 0
536| 0 400 0
537| 0 400 0
538| 0 400 0
539| 0 400 0
540| 0 400 0
541| 0 400 0
542| 0 400 0
543| 0 400 0
544| 0 400 0
545| 0 400 0
546| 0 400 0
547| 0 400 0
548| 0 400 0
549| 0 400 0
550| 0 400 0
551| 0 400 0
552| 0 400 0
553| 0 400 0
554| 0 400 0
555| 0 400 0
556| 0 400 0
557| 0 400 0
558| 0 400 0
559| 0 400 0
560| 0 400 0
561| 0 400 0
562| 0 400 0
563| 0 400 0
564| 0 400 0
565| 0 400 0
566| 0 400 0
567| 0 400 0
568| 0 400 0
569| 0 400 0
570| 0 400 0
571| 0 400 0
572| 0 400 0
573| 0 400 0
574| 0 400 0
575| 0 400 0
576| 0 400 0
577| 0 400 0
578| 0 400 0
579| 0 400 0
580| 0 400 0
581| 0 400 0
582| 0 400 0
583| 0 400 0
584| 0 400 0
585| 0 400 0
586| 0 400 0
587| 0 400 0
588| 0 400 0
589| 0 400 0
590| 0 400 0
591| 0 400 0
592| 0 400 0
593| 0 400 0
594| 0 400 0
595| 0 400 0
596| 0 400 0
597| 0 400 0
598| 0 400 0
599| 0 400 0
600| 0 400 0
601| 0 400 0
602| 0 400 0
603| 0 400 0
604| 0 400 0
605| 0 400 0
606| 0 400 0
607| 0 400 0
608| 0 400 0
609| 0 400 0
610| 0 400 0
611| 0 400 0
612| 0 400 0
613| 0 400 0
614| 0 400 0
615| 0 400 0
616| 0 400 0
617| 0 400 0
618| 0 400 0
619| 0 400 0
620| 0 400 0
621| 0 400 0
622| 0 400 0
623| 0 400 0
624| 0 400 0
625| 0 400 0
626| 0 400 0
627| 0 400 0
628| 0 400 0
629| 0 400 0
630| 0 400 0
631| 0 400 0
632| 0 400 0
633| 0 400 0
634| 0 400 0
635| 0 400 0
636| 0 400 0
637| 0 400 0
638| 0 400 0
639| 0 400 0
640| 0 400 0
641| 0 400 0
642| 0 400 0
643| 0 400 0
644| 0 400 0
645| 0 400 0
646| 0 400 0
647| 0 400 0
648| 0 400 0
649| 0 400 0
650| 0 400 0
651| 0 400 0
652| 0 400 0
653| 0 400 0
654| 0 400 0
655| 0 400 0
656| 0 400 0
657| 0 400 0
658| 0 400 0
659| 0 400 0
660| 0 400 0
661| 0 400 0
662| 0 400 0
663| 0 400 0
664| 0 400 0
665| 0 400 0
666| 0 400 0
667| 0 400 0
668| 0 400 0
669| 0 400 0
670| 0 400 0
671| 0 400 0
672| 0 400 0
673| 0 400 0
674| 0 400 0
675| 0 400 0
676| 0 400 0
677| 0 400 0
678| 0 400 0
679| 0 400 0
680| 0 400 0
681| 0 400 0
682| 0 400 0
683| 0 400 0
684| 0 400 0
685| 0 400 0
686| 0 400 0
687| 0 400 0
688| 0 400 0
689| 0 400 0
690| 0 400 0
691| 0 400 0
692| 0 400 0
693| 0 400 0
694| 0 400 0
695| 0 400 0
696| -0,48 400 0
697| -1,44 400 0
698| -1,92 400 0
699| -2,4 400 0
700| -2,88 400 0
701| -3,36 400 0
702| -4,32 400 0
703| -4,8 400 0
704| -5,28 400 0
705| -5,760001 400 0
706| -6,240001 400 0
707| -7,200001 400 0
708| -7,68 400 0
709| -8,160001 400 0
710| -8,64 400 0
711| -9,120001 400 0
712| -10,08 400 0
713| -10,56 400 0
714| -11,04 400 0
715| -11,52 400 0
716| -12 400 0
717| -12,96 400 0
718| -13,44 400 0
719| -13,92 400 0
720| -14,4 400 0
721| -14,88 400 0
722| -15,84 400 0
723| -16,32 400 0
724| -16,8 400 0
725| -17,28 400 0
726| -17,76 400 0
727| -18,72 400 0
728| -19,2 400 0
729| -19,67999 400 0
730| -20,15999 400 0
731| -20,63999 400 0
732| -21,59999 400 0
733| -22,07999 400 0
734| -22,55999 400 0
735| -23,03999 400 0
736| -23,51999 400 0
737| -24,47998 400 0
738| -24,95998 400 0
739| -25,43998 400 0
740| -25,91998 400 0
741| -26,39998 400 0
742| 0 400 0
743| 0 400 0
744| 0 400 0
745| 0 400 0
746| 0 400 0
747| 0 400 0
748| 0 400 0
749| 0 400 0
750| 0 400 0
751| 0 400 0
752| 0 400 0
753| 0 400 0
754| 0 400 0
755| 0 400 0
756| 0 400 0
757| 0 400 0
758| 0 400 0
759| 0 400 0
760| 0 400 0
761| 0 400 0
762| 0 400 0
763| 0 400 0
764| 0 400 0
765| 0 400 0
766| 0 400 0
767| 0 400 0
768| 0 400 0
769| 0 400 0
770| 0 400 0
771| 0 400 0
772| 0 400 0
773| 0 400 0
774| 0 400 0
775| 0 400 0
776| 0 400 0
777| 0 400 0
778| 0 400 0
779| 0 400 0
780| 0 400 0
781| 0 400 0
782| 0 400 0
783| 0 400 0
784| 0 400 0
785| 0 400 0
786| 0 400 0
787| 0 400 0
788| 0 400 0
789| 0 400 0
790| 0 400 0
791| 0 400 0
792| 0 400 0
793| 0 400 0
794| 0 400 0
795| 0 400 0
796| 0 400 0
797| 0 400 0
798| 0 400 0
799| 0 400 0
800| 0 400 0
801| 0 400 0
802| 0 400 0
803| 0 400 0
804| 0 400 0
805| 0 400 0
806| 0 400 0
807| 0 400 0
808| 0 400 0
809| 0 400 0
810| 0 400 0
811| 0 400 0
812| 0 400 0
813| 0 400 0
814| 0 400 0
815| 0 400 0
816| 0 400 0
817| 0 400 0
818| 0 400 0
819| 0 400 0
820| 0 400 0
821| 0 400 0
822| 0 400 0
823| 0 400 0
824| 0 400 0
825| 0 400 0
826| 0 400 0
827| 0 400 0
828| 0 400 0
829| 0 400 0
830| 0 400 0
831| 0 400 0
832| 0 400 0
833| 0 400 0
834| 0 400 0
835| 0 400 0
836| 0 400 0
837| 0 400 0
838| 0 400 0
839| 0 400 0
840| 0 400 0
841| 0 400 0
842| 0 400 0
843| 0 400 0
844| 0 400 0
845| 0 400 0
846| 0 400 0
847| 0 400 0
848| 0 400 0
849| 0 400 0
850| 0 400 0
851| 0 400 0
852| 0 400 0
853| 0 400 0
854| 0 400 0
855| 0 400 0
856| 0 400 0
857| 0 400 0
858| 0 400 0
859| 0 400 0
860| 0 400 0
861| 0 400 0
862| 0 400 0
863| 0 400 0
864| 0 400 0
865| 0 400 0
866| 0 400 0
867| 0 400 0
868| 0 400 0
869| 0 400 0
870| 0 400 0
871| 0 400 0
872| 0 400 0
873| 0 400 0
874| 0 400 0
875| 0 400 0
876| 0 400 0
877| 0 400 0
878| 0 400 0
879| 0 400 0
880| 0 400 0
881| 0 400 0
882| 0 400 0
883| 0 400 0
884| 0 400 0
885| 0 400 0
886| 0 400 0
887| 0 400 0
888| 0 400 0
889| 0 400 0
890| 0 400 0
891| 0 400 0
892| 0 400 0
893| 0 400 0
894| 0 400 0
895| 0 400 0
896| 0 400 0
897| 0 400 0
898| 0 400 0
899| 0 400 0
900| 0 400 0
901| 0 400 0
902| 0 400 0
903| 0 400 0
904| 0 400 0
905| 0 400 0
906| 0 400 0
907| 0 400 0
908| 0 400 0
909| 0 400 0
910| 0 400 0
911| 0 400 0
912| 0 400 0
913| 0 400 0
914| 0,48 400 0
915| 0,96 400 0
916| 1,44 400 0
917| 2,4 400 0
918| 2,88 400 0
919| 3,36 400 0
920| 3,84 400 0
921| 4,32 400 0
922| 5,28 400 0
923| 5,760001 400 0
924| 6,240001 400 0
925| 6,720001 400 0
926| 7,200001 400 0
927| 8,160001 400 0
928| 8,64 400 0
929| 9,120001 400 0
930| 9,6 400 0
931| 10,08 400 0
932| 11,04 400 0
933| 11,52 400 0
934| 12 400 0
935| 12,48 400 0
936| 12,96 400 0
937| 13,92 400 0
938| 14,4 400 0
939| 14,88 400 0
940| 15,36 400 0
941| 15,84 400 0
942| 16,8 400 0
943| 17,28 400 0
944| 17,76 400 0
945| 18,24 400 0
946| 18,72 400 0
947| 19,67999 400 0
948| 20,15999 400 0
949| 20,63999 400 0
950| 21,11999 400 0
951| 21,59999 400 0
952| 22,55999 400 0
953| 23,03999 400 0
954| 23,51999 400 0
955| 23,99999 400 0
956| 24,47998 400 0
957| 25,43998 400 0
958| 25,91998 400 0
959| 26,39998 400 0
960| 26,87998 400 0
961| 27,35998 400 0
962| 0 400 0
963| 0 400 0
964| 0 400 0
965| 0 400 0
966| 0 400 0
967| 0 400 0
968| 0 400 0
969| 0 400 0
970| 0 400 0
971| 0 400 0
972| 0 400 0
973| 0 400 0
974| 0 400 0
975| 0 400 0
976| 0 400 0
977| 0 400 0
978| 0 400 0
979| 0 400 0
980| 0 400 0
981| 0 400 0
982| 0 400 0
983| 0 400 0
984| 0 400 0
985| 0 400 0
986| 0 400 0
987| 0 400 0
988| 0 400 0
989| 0 400 0
990| 0 400 0
991| 0 400 0
992| 0 400 0
993| 0 400 0
994| 0 400 0
995| 0 400 0
996| 0 400 0
997| 0 400 0
998| 0 400 0
999| 0 400 0
1000| 0 400 0
1001| 0 400 0
1002| 0 400 0
1003| 0 400 0
1004| 0 400 0
1005| 0 400 0
1006| 0 400 0
1007| 0 400 0
1008| 0 400 0
1009| 0 400 0
1010| 0 400 0
1011| 0 400 0
1012| 0 400 0
1013| 0 400 0
1014| 0 400 0
1015| 0 400 0
1016| 0 400 0
1017| 0 400 0
1018| 0 400 0
1019| 0 400 0
1020| 0 400 0
1021| 0 400 0
1022| 0 400 0
1023| 0 400 0
1024| 0 400 0
1025| 0 400 0
1026| 0 400 0
1027| 0 400 0
1028| 0 400 0
1029| 0 400 0
1030| 0 400 0
1031| 0 400 0
1032| 0 400 0
1033| 0 400 0
1034| 0 400 0
1035| 0 400 0
1036| 0 400 0
1037| 0 400 0
1038| 0 400 0
1039| 0 400 0
1040| 0 400 0
1041| 0 400 0
1042| 0 400 0
1043| 0 400 0
1044| 0 400 0
1045| 0 400 0
1046| 0 400 0
1047| 0 400 0
1048| 0 400 0
1049| 0 400 0
1050| 0 400 0
1051| 0 400 0
1052| 0 400 0
1053| 0 400 0
1054| 0 400 0
1055| 0 400 0
1056| 0 400 0
1057| 0 400 0
1058| 0 400 0
1059| 0 400 0
1060| 0 400 0
1061| 0 400 0
1062| 0 400 0
1063| 0 400 0
1064| 0 400 0
1065| 0 400 0
1066| 0 400 0
1067| 0 400 0
1068| 0 400 0
1069| 0 400 0
1070| 0 400 0
1071| 0 400 0
1072| 0 400 0
1073| 0 400 0
1074| 0 400 0
1075| 0 400 0
1076| 0 400 0
1077| 0 400 0
1078| 0 400 0
1079| 0 400 0
1080| 0 400 0
1081| 0 400 0
1082| 0 400 0
1083| 0 400 0
1084| 0 400 0
1085| 0 400 0
1086| 0 400 0
1087| 0 400 0
1088| 0 400 0
1089| 0 400 0
1090| 0 400 0
1091| 0 400 0
1092| 0 400 0
1093| 0 400 0
1094| 0 400 0
1095| 0 400 0
1096| 0 400 0
1097| 0 400 0
1098| 0 400 0
1099| 0 400 0
1100| 0 400 0
1101| 0 400 0
1102| 0 400 0
1103| 0 400 0
1104| 0 400 0
1105| 0 400 0
1106| 0 400 0
1107| 0 400 0
1108| 0 400 0
1109| 0 400 0
1110| 0 400 0
1111| 0 400 0
1112| 0 400 0
1113| 0 400 0
1114| 0 400 0
1115| 0 400 0
1116| 0 400 0
1117| 0 400 0
1118| 0 400 0
1119| 0 400 0
1120| 0 400 0
1121| 0 400 0
1122| 0 400 0
1123| 0 400 0
1124| 0 400 0
1125| 0 400 0
1126| 0 400 0
1127| 0 400 0
1128| 0 400 0
1129| 0 400 0
1130| 0 400 0
1131| 0 400 0
1132| 0 400 0
1133| 0 400 0
1134| 0 400 0
1135| 0 400 0
1136| 0 400 0
1137| 0 400 0
1138| 0 400 0
1139| 0 400 0
1140| 0 400 0
1141| 0 400 0
1142| 0 400 0
1143| 0 400 0
1144| 0 400 0
1145| 0 400 0
1146| 0 400 0
1147| 0 400 0
1148| 0 400 0
1149| 0 400 0
1150| 0 400 0
1151| 0 400 0
1152| 0 400 0
1153| 0 400 0
1154| 0 400 0
1155| 0 400 0
1156| 0 400 0
1157| 0 400 0
1158| 0 400 0
1159| 0 400 0
1160| 0 400 0
1161| 0 400 0
1162| 0 400 0
1163| 0 400 0
1164| 0 400 0
1165| 0 400 0
1166| 0 400 0
1167| 0 400 0
1168| 0 400 0
1169| 0 400 0
1170| 0 400 0
1171| 0 400 0
1172| 0 400 0
1173| 0 400 0
1174| 0 400 0
1175| 0 400 0
1176| 0 400 0
1177| 0 400 0
1178| 0 400 0
1179| 0 400 0
1180| 0 400 0
1181| 0 400 0
1182| 0 400 0
1183| 0 400 0
1184| 0 400 0
1185| 0 400 0
1186| 0 400 0
1187| 0 400 0
1188| 0 400 0
1189| 0 400 0
1190| 0 400 0
1191| 0 400 0
1192| 0 400 0
1193| 0 400 0
1194| 0 400 0
1195| 0 400 0
1196| 0 400 0
1197| 0 400 0
1198| 0 400 0
1199| 0 400 0
1200| 0 400 0
1201| 0 400 0
1202| 0 400 0
1203| 0 400 0
1204| 0 400 0
1205| 0 400 0
1206| 0 400 0
1207| 0 400 0
1208| 0 400 0
1209| 0 400 0
1210| 0 400 0
1211| 0 400 0
1212| 0 400 0
1213| 0 400 0
1214| 0 400 0
1215| 0 400 0
1216| 0 400 0
1217| 0 400 0
1218| 0 400 0
1219| 0 400 0
1220| 0 400 0
1221| 0 400 0
1222| 0 400 0
1223| 0 400 0
1224| 0 400 0
1225| 0 400 0
1226| 0 400 0
1227| 0 400 0
1228| 0 400 0
1229| 0 400 0
1230| 0 400 0
1231| 0 400 0
1232| 0 400 0
1233| 0 400 0
1234| 0 400 0
1235| 0 400 0
1236| 0 400 0
1237| 0 400 0
1238| 0 400 0
1239| 0 400 0
1240| 0 400 0
1241| 0 400 0
1242| 0 400 0
1243| 0 400 0
1244| 0 400 0
1245| 0 400 0
1246| 0 400 0
1247| 0 400 0
1248| 0 400 0
1249| 0 400 0
1250| 0 400 0
1251| 0 400 0
1252| 0 400 0
1253| 0 400 0
1254| 0 400 0
1255| 0 400 0
1256| 0 400 0
1257| 0 400 0
1258| 0 400 0
1259| 0 400 0
1260| 0 400 0
1261| 0 400 0
1262| 0 400 0
1263| 0 400 0
1264| 0 400 0
1265| 0 400 0
1266| 0 400 0
1267| 0 400 0
1268| 0 400 0
1269| 0 400 0
1270| 0 400 0
1271| -1,2 400 0
1272| -3,6 400 0
1273| -4,8 400 0
1274| -6 400 0
1275| -7,199999 400 0
1276| -8,4 400 0
1277| -10,8 400 0
1278| -12 400 0
1279| -13,2 400 0
1280| -14,4 400 0
1281| -15,6 400 0
1282| -18 400 0
1283| -19,2 400 0
1284| -20,4 400 0
1285| -21,6 400 0
1286| -22,8 400 0
1287| -25,2 400 0
1288| -26,4 400 0
1289| -27,6 400 0
1290| -28,8 400 0
1291| -30 400 0
1292| -30 400 0
1293| -30 400 0
1294| -30 400 0
1295| -30 400 0
1296| -30 400 0
1297| -30 400 0
1298| -30 400 0
1299| -30 400 0
1300| -30 400 0
1301| -30 400 0
1302| -30 400 0
1303| -30 400 0
1304| -30 400 0
1305| -30 400 0
1306| -30 400 0
1307| -30 400 0
1308| -30 400 0
1309| -30 400 0
1310| -30 400 0
1311| -30 400 0
1312| -30 400 0
1313| -30 400 0
1314| -30 400 0
1315| -30 400 0
1316| -30 400 0
1317| -30 400 0
1318| 0 400 0
1319| 0 400 0
1320| 0 400 0
1321| 0 400 0
1322| 0 400 0
1323| 0 400 0
1324| 0 400 0
1325| 0 400 0
1326| 0 400 0
1327| 0 400 0
1328| 0 400 0
1329| 0 400 0
1330| 0 400 0
1331| 0 400 0
1332| 0 400 0
1333| 0 400 0
1334| 0 400 0
1335| 0 400 0
1336| 0 400 0
1337| 0 400 0
1338| 0 400 0
1339| 0 400 0
1340| 0 400 0
1341| 0 400 0
1342| 0 400 0
1343| 0 400 0
1344| 0 400 0
1345| 0 400 0
1346| 0 400 0
1347| 0 400 0
1348| 0 400 0
1349| 0 400 0
1350| 0 400 0
1351| 0 400 0
1352| 0 400 0
1353| 0 400 0
1354| 0 400 0
1355| 0 400 0
1356| 0 400 0
1357| 0 400 0
1358| 0 400 0
1359| 0 400 0
1360| 0 400 0
1361| 0 400 0
1362| 0 400 0
1363| 0 400 0
1364| 0 400 0
1365| 0 400 0
1366| 0 400 0
1367| 0 400 0
1368| 0 400 0
1369| 0 400 0
1370| 0 400 0
1371| 0 400 0
1372| 0 400 0
1373| 0 400 0
1374| 0 400 0
1375| 0 400 0
1376| 0 400 0
1377| 0 400 0
1378| 0 400 0
1379| 0 400 0
1380| 0 400 0
1381| 0 400 0
1382| 0 400 0
1383| 0 400 0
1384| 0 400 0
1385| 0 400 0
1386| 0 400 0
1387| 0 400 0
1388| 0 400 0
1389| 0 400 0
1390| 0 400 0
1391| 0 400 0
1392| 0 400 0
1393| 0 400 0
1394| 0 400 0
1395| 0 400 0
1396| 0 400 0

