1| 0 0 0
2| 0 0 0
3| 0 0 0
4| 0 0 0
5| 0 0 0
6| 0 0 0
7| 0 0 0
8| 0 0 0
9| 0 0 0
10| 0 0 0
11| 0 0 0
12| 0 0 0
13| 0 0 0
14| 0 0 0
15| 0 0 0
16| 0 0 0
17| 0 0 0
18| 0 0 0
19| 0 0 0
20| 0 0 0
21| 0 0 0
22| 0 0 0
23| 0 0 0
24| 0 0 0
25| 0 0 0
26| 0 0 0
27| 0 0 0
28| 0 0 0
29| 0 0 0
30| 0 0 0
31| 0 0 0
32| 0 0 0
33| 0 0 0
34| 0 0 0
35| 0 0 0
36| 0 0 0
37| 0 0 0
38| 0 0 0
39| 0 0 0
40| 0 0 0
41| 0 0 0
42| 0 0 0
43| 0 0 0
44| 0 0 0
45| 0 0 0
46| 0 0 0
47| 0 0 0
48| 0 0 0
49| 0 0 0
50| 0 0 0
51| 0 0 0
52| 0 0 0
53| 0 0 0
54| 0 0 0
55| 0 0 0
56| 0 0 0
57| 0 0 0
58| 0 0 0
59| 0 0 0
60| 0 0 0
61| 0 0 0
62| 0 0 0
63| 0 0 0
64| 0 0 0
65| 0 0 0
66| 0 0 0
67| 0 0 0
68| 0 0 0
69| 0 0 0
70| 0 0 0
71| 0 0 0
72| 0 0 0
73| 0 0 0
74| 0 0 0
75| 0 0 0
76| 0 0 0
77| 0 0 0
78| 0 0 0
79| 0 0 0
80| 0 0 0
81| 0 0 0
82| 0 0 0
83| 0 0 0
84| 0 0 0
85| 0 0 0
86| 0 0 0
87| 0 0 0
88| 0 0 0
89| 0 0 0
90| 0 0 0
91| 0 0 0
92| 0 0 0
93| 0 0 0
94| 0 0 0
95| 0 4 0
96| 0 8 0
97| 0 12 0
98| 0 16 0
99| 0 20 0
100| 0 24 0
101| 0 28 0
102| 0 32 0
103| 0 36 0
104| 0 40 0
105| 0 43,99999 0
106| 0 47,99999 0
107| 0 51,99999 0
108| 0 55,99999 0
109| 0 60 0
110| 0 64 0
111| 0 68 0
112| 0 72 0
113| 0 76,00001 0
114| 0 80,00001 0
115| 0 84,00001 0
116| 0 88,00002 0
117| 0 92,00002 0
118| 0 96,00002 0
119| 0 100 0
120| 0 104 0
121| 0 108 0
122| 0 112 0
123| 0 116 0
124| 0 120 0
125| 0 124 0
126| 0 128 0
127| 0 132 0
128| 0 136 0
129| 0 140 0
130| 0 144 0
131| 0 148 0
132| 0 152 0
133| 0 156 0
134| 0 160 0
135| 0 164 0
136| 0 168 0
137| 0 171,9999 0
138| 0 175,9999 0
139| 0 179,9999 0
140| 0 183,9999 0
141| 0 187,9999 0
142| 0 191,9999 0
143| 0 195,9999 0
144| 0 199,9999 0
145| 0 203,9999 0
146| 0 207,9999 0
147| 0 211,9999 0
148| 0 215,9999 0
149| 0 219,9999 0
150| 0 223,9999 0
151| 0 227,9999 0
152| 0 231,9999 0
153| 0 235,9999 0
154| 0 239,9999 0
155| 0 243,9999 0
156| 0 247,9999 0
157| 0,3 251,9999 0
158| 0,6 255,9999 0
159| 0,9 259,9999 0
160| 1,2 263,9999 0
161| 1,5 267,9999 0
162| 1,8 271,9998 0
163| 2,1 275,9998 0
164| 2,4 279,9998 0
165| 2,7 283,9998 0
166| 3 287,9998 0
167| 3,299999 291,9998 0
168| 3,599999 295,9998 0
169| 3,599999 299,9998 0
170| 3,599999 303,9998 0
171| 3,599999 307,9998 0
172| 3,599999 311,9998 0
173| 3,599999 315,9998 0
174| 3,599999 319,9998 0
175| 3,899999 323,9998 0
176| 4,2 327,9998 0
177| 4,5 331,9998 0
178| 4,8 335,9998 0
179| 5,1 339,9998 0
180| 5,4 343,9998 0
181| 5,7 347,9998 0
182| 6 351,9998 0
183| 6,300001 355,9998 0
184| 6,600001 359,9998 0
185| 6,600001 363,9998 0
186| 6,600001 367,9998 0
187| 6,600001 371,9998 0
188| 6,600001 375,9998 0
189| 6,600001 379,9998 0
190| 6,600001 383,9998 0
191| 6,600001 387,9998 0
192| 6,600001 391,9998 0
193| 6,600001 395,9998 0
194| 6,600001 399,9997 0
195| 6,600001 403,9998 0
196| 6,600001 400 0
197| 6,600001 400 0
198| 6,600001 400 0
199| 6,600001 400 0
200| 6,600001 400 0
201| 6,600001 400 0
202| 6,600001 400 0
203| 6,600001 400 0
204| 6,600001 400 0
205| 6,600001 400 0
206| 6,600001 400 0
207| 6,600001 400 0
208| 6,600001 400 0
209| 6,600001 400 0
210| 6,600001 400 0
211| 6,600001 400 0
212| 0 400 0
213| -0,3 400 0
214| -0,6 400 0
215| -0,9 400 0
216| -0,9 400 0
217| -0,9 400 0
218| -0,9 400 0
219| -0,9 400 0
220| -0,9 400 0
221| -0,9 400 0
222| -0,9 400 0
223| -0,9 400 0
224| -0,9 400 0
225| -0,9 400 0
226| -0,9 400 0
227| -0,9 400 0
228| -0,9 400 0
229| -0,9 400 0
230| -0,9 400 0
231| -0,9 400 0
232| -0,9 400 0
233| -0,9 400 0
234| -0,9 400 0
235| 0 400 0
236| 0,3 400 0
237| 0,6 400 0
238| 0,6 400 0
239| 0,6 400 0
240| 0,6 400 0
241| 0,6 400 0
242| 0,6 400 0
243| 0 400 0
244| -0,3 400 0
245| -0,6 400 0
246| -0,9 400 0
247| -1,2 400 0
248| -1,5 400 0
249| -1,5 400 0
250| -1,5 400 0
251| -1,5 400 0
252| -1,8 400 0
253| -2,1 400 0
254| -2,4 400 0
255| -2,7 400 0
256| -3 400 0
257| -3 400 0
258| -3 400 0
259| -3 400 0
260| -3 400 0
261| -3 400 0
262| -3,299999 400 0
263| -3,599999 400 0
264| -3,599999 400 0
265| -3,599999 400 0
266| -3,599999 400 0
267| -3,599999 400 0
268| -3,599999 400 0
269| -3,599999 400 0
270| -3,599999 400 0
271| -3,599999 400 0
272| -3,599999 400 0
273| -3,599999 400 0
274| -3,599999 400 0
275| -3,599999 400 0
276| -3,599999 400 0
277| -3,599999 400 0
278| -3,599999 400 0
279| -3,599999 400 0
280| -3,599999 400 0
281| -3,599999 400 0
282| -3,599999 400 0
283| -3,599999 400 0
284| 0 400 0
285| 0,3 400 0
286| 0,6 400 0
287| 0,9 400 0
288| 1,2 400 0
289| 1,5 400 0
290| 1,8 400 0
291| 2,1 400 0
292| 2,4 400 0
293| 2,7 400 0
294| 3 400 0
295| 3,299999 400 0
296| 3,599999 400 0
297| 3,899999 400 0
298| 4,2 400 0
299| 4,5 400 0
300| 4,8 400 0
301| 5,1 400 0
302| 5,4 400 0
303| 5,7 400 0
304| 6 400 0
305| 6,300001 400 0
306| 6,600001 400 0
307| 6,900001 400 0
308| 7,200001 400 0
309| 7,500001 400 0
310| 7,800001 400 0
311| 8,1 400 0
312| 8,4 400 0
313| 8,7 400 0
314| 8,999999 400 0
315| 9,299999 400 0
316| 9,599998 400 0
317| 9,899999 400 0
318| 10,2 400 0
319| 10,5 400 0
320| 10,8 400 0
321| 11,1 400 0
322| 0 0 0
323| 0 0 0
324| 0 0 0
325| 0 0 0
326| 0 0 0
327| 0 0 0
328| 0 0 0
329| 0 0 0
330| 0 0 0
331| 0 0 0
332| 0 0 0
333| 0 0 0
334| 0 0 0
335| 0 0 0
336| 0 0 0
337| 0,3 0 0
338| 0,6 0 0
339| 0,9 0 0
340| 1,2 0 0
341| 1,5 0 0
342| 1,8 0 0
343| 2,1 0 0
344| 2,4 0 0
345| 2,7 0 0
346| 3 0 0
347| 3,299999 0 0
348| 3,599999 0 0
349| 3,899999 0 0
350| 4,2 0 0
351| 4,5 0 0
352| 4,8 0 0
353| 5,1 0 0
354| 5,4 0 0
355| 5,7 0 0
356| 6 0 0
357| 6,300001 0 0
358| 6,600001 0 0
359| 6,900001 0 0
360| 7,200001 0 0
361| 7,500001 0 0
362| 7,800001 0 0
363| 8,1 0 0
364| 8,4 0 0
365| 8,7 0 0
366| 8,999999 0 0
367| 9,299999 0 0
368| 9,599998 0 0
369| 9,899999 0 0
370| 10,2 0 0
371| 10,5 0 0
372| 10,8 0 0
373| 11,1 0 0
374| 11,4 0 0
375| 11,7 0 0
376| 12 0 0
377| 0 0 0
378| 0 0 0
379| 0 0 0
380| 0 0 0
381| 0 0 0
382| 0 0 0
383| 0 0 0
384| 0 0 0
385| 0 0 0
386| 0 0 0
387| 0 0 0
388| 0 0 0
389| 0 0 0
390| 0 0 0
391| 0 0 0
392| 0 0 0
393| 0 0 0
394| 0 0 0
395| -0,3 0 0
396| -0,6 0 0
397| -0,9 0 0
398| 0 0 0
399| 0 0 0
400| 0 0 0
401| 0 0 0
402| 0 0 0
403| 0 0 0
404| 0 0 0
405| 0 0 0
406| 0 0 0
407| 0 0 0
408| 0 0 0
409| 0 0 0
410| 0 0 0
411| 0 0 0
412| 0 0 0
413| 0 0 0
414| 0 0 0
415| 0 0 0
416| 0 0 0
417| 0 0 0
418| 0 0 0
419| 0 0 0
420| 0 0 0
421| 0 0 0
422| 0 0 0
423| 0 0 0
424| 0 0 0
425| 0 0 0
426| 0 0 0
427| 0 0 0
428| 0 0 0
429| 0 0 0
430| 0 0 0
431| 0 0 0
432| 0 0 0
433| 0 0 0
434| 0 0 0
435| 0 0 0
436| 0 0 0
437| 0 0 0
438| 0 0 0
439| 0 0 0
440| 0 0 0
441| 0 0 0
442| 0 0 0
443| 0 0 0
444| 0 0 0
445| 0 0 0
446| 0 0 0
447| 0 0 0
448| 0 0 0
449| 0 0 0
450| 0 0 0
451| 0 0 0
452| 0 0 0
453| 0 0 0
454| 0 0 0
455| 0 0 0
456| 0 0 0
457| 0 0 0
458| 0 0 0
459| 0 0 0
460| 0 0 0
461| 0 0 0
462| 0 0 0
463| 0 0 0
464| 0 0 0
465| 0 0 0
466| 0 0 0
467| 0 0 0
468| 0 0 0
469| 0 0 0
470| 0 0 0
471| 0 0 0
472| 0 0 0
473| 0 0 0
474| 0 0 0
475| 0 0 0
476| 0 0 0
477| 0 0 0
478| 0 0 0
479| 0 0 0
480| 0 0 0
481| 0 0 0
482| 0 0 0
483| 0 0 0
484| 0 0 0
485| 0 0 0
486| 0 0 0
487| 0 0 0
488| 0 0 0
489| 0 0 0
490| 0 0 0
491| 0 0 0
492| 0 0 0
493| 0 0 0
494| 0 0 0
495| 0 0 0
496| 0 0 0
497| 0 0 0
498| 0 0 0
499| 0 0 0
500| 0 0 0
501| 0 0 0
502| 0 0 0
503| 0 0 0
504| 0 0 0
505| 0 0 0
506| 0 0 0
507| 0 0 0
508| 0 0 0
509| 0 0 0
510| 0 0 0
511| 0 0 0
512| 0 0 0
513| 0 0 0
514| 0 0 0
515| 0 0 0
516| 0 0 0
517| 0 0 0
518| 0 0 0
519| 0 0 0
520| 0 0 0
521| 0 0 0
522| 0 0 0
523| 0 0 0
524| 0 0 0
525| 0 0 0
526| 0 0 0
527| 0 0 0
528| 0 0 0
529| 0 0 0
530| 0 0 0
531| 0 0 0
532| 0 0 0
533| 0 0 0
534| 0 0 0
535| 0 0 0
536| 0 0 0
537| 0 0 0
538| 0 0 0
539| 0 0 0
540| 0 0 0
541| 0 0 0
542| 0 0 0
543| 0 0 0
544| 0 0 0
545| 0 0 0
546| 0 0 0
547| 0 0 0
548| 0 0 0
549| 0 0 0
550| 0 0 0
551| 0 0 0
552| 0 0 0
553| 0 0 0
554| 0 0 0
555| 0 0 0
556| 0 0 0
557| 0 0 0
558| 0 0 0
559| 0 0 0
560| 0 0 0
561| 0 0 0
562| 0 0 0
563| 0 0 0
564| 0 0 0
565| 0 0 0
566| 0 0 0
567| 0 0 0
568| 0 0 0
569| 0 0 0
570| 0 0 0
571| 0 0 0
572| 0 0 0
573| 0 0 0
574| 0 0 0
575| 0 0 0
576| 0 0 0
577| 0 0 0
578| 0 0 0
579| 0 0 0
580| 0 0 0
581| 0 0 0
582| 0 0 0
583| 0 0 0
584| 0 0 0
585| 0 0 0
586| 0 0 0
587| 0 0 0
588| 0 0 0
589| 0 0 0
590| 0 0 0
591| 0 0 0
592| 0 0 0
593| 0 0 0
594| 0 0 0
595| 0 0 0
596| 0 0 0
597| 0 0 0
598| 0 0 0
599| 0 0 0
600| 0 0 0
601| 0 0 0
602| 0 0 0
603| 0 0 0
604| 0 0 0
605| 0 0 0
606| 0 0 0
607| 0 0 0
608| 0 0 0
609| 0 0 0
610| 0 0 0
611| 0 0 0
612| 0 0 0
613| 0 0 0
614| 0 0 0
615| 0 0 0
616| 0 0 0
617| 0 0 0
618| 0 0 0
619| 0 0 0
620| 0 0 0
621| 0 0 0
622| 0 0 0
623| 0 0 0
624| 0 0 0
625| 0 0 0
626| 0 0 0
627| 0 0 0
628| 0 0 0
629| 0 0 0
630| 0 0 0
631| 0 0 0
632| 0 0 0
633| 0 0 0
634| 0 0 0
635| 0 0 0
636| 0 0 0
637| 0 0 0
638| 0 0 0
639| 0 0 0
640| 0 0 0
641| 0 0 0
642| 0 0 0
643| 0 0 0
644| 0 0 0
645| 0 0 0
646| 0 0 0
647| 0 0 0
648| 0 0 0
649| 0 0 0
650| 0 0 0
651| 0 0 0
652| 0 0 0
653| 0 0 0
654| 0 0 0
655| 0 0 0
656| 0 0 0
657| 0 0 0
658| 0 0 0
659| 0 0 0
660| 0 0 0
661| 0 0 0
662| 0 0 0
663| 0 0 0
664| 0 0 0
665| 0 0 0
666| 0 0 0
667| 0 0 0
668| 0 0 0
669| 0 0 0
670| 0 0 0
671| 0 0 0
672| 0 0 0
673| 0 0 0
674| 0 0 0
675| 0 0 0
676| 0 0 0
677| 0 0 0
678| 0 0 0
679| 0 0 0
680| 0 0 0
681| 0 0 0
682| 0 0 0
683| 0 0 0
684| 0 0 0
685| 0 0 0
686| 0 0 0
687| 0 0 0
688| 0 0 0
689| 0 0 0
690| 0 0 0
691| 0 0 0
692| 0 0 0
693| 0 0 0
694| 0 0 0
695| 0 0 0
696| 0 0 0
697| 0 0 0
698| 0 0 0
699| 0 0 0
700| 0 0 0
701| 0 0 0
702| 0 0 0
703| 0 0 0
704| 0 0 0
705| 0 0 0
706| 0 0 0
707| 0 0 0
708| 0 0 0
709| 0 0 0
710| 0 0 0
711| 0 0 0
712| 0 0 0
713| 0 0 0
714| 0 0 0
715| 0 0 0
716| 0 0 0
717| -0,3 0 0
718| -0,6 0 0
719| -0,9 0 0
720| -1,2 0 0
721| -1,5 0 0
722| -1,8 0 0
723| -2,1 0 0
724| -2,4 0 0
725| -2,7 0 0
726| -3 0 0
727| -3,299999 0 0
728| -3,599999 0 0
729| -3,899999 0 0
730| -4,2 0 0
731| -4,5 0 0
732| -4,8 0 0
733| -5,1 0 0
734| -5,4 0 0
735| -5,7 0 0
736| -6 0 0
737| -6,300001 0 0
738| -6,600001 0 0
739| -6,900001 0 0
740| -7,200001 0 0
741| -7,500001 0 0
742| -7,500001 0 0
743| -7,500001 4 0
744| -7,500001 8 0
745| -7,500001 12 0
746| -7,500001 16 0
747| -7,500001 20 0
748| -7,500001 24 0
749| -7,500001 28 0
750| -7,500001 32 0
751| -7,500001 36 0
752| -7,500001 40 0
753| -7,500001 43,99999 0
754| -7,500001 47,99999 0
755| -7,500001 51,99999 0
756| -7,500001 55,99999 0
757| -7,500001 60 0
758| -7,500001 64 0
759| -7,500001 68 0
760| -7,500001 72 0
761| -7,500001 76,00001 0
762| -7,500001 80,00001 0
763| -7,500001 84,00001 0
764| -7,500001 88,00002 0
765| -7,500001 92,00002 0
766| -7,500001 96,00002 0
767| -7,500001 100 0
768| -7,500001 104 0
769| -7,500001 108 0
770| -7,500001 112 0
771| -7,500001 116 0
772| -7,500001 120 0
773| -7,500001 124 0
774| -7,500001 128 0
775| -7,500001 132 0
776| -7,500001 136 0
777| -7,500001 140 0
778| 0 144 0
779| 0 148 0
780| 0 152 0
781| 0 156 0
782| 0 160 0
783| 0 164 0
784| 0 168 0
785| 0 171,9999 0
786| 0 175,9999 0
787| 0 179,9999 0
788| 0 183,9999 0
789| 0 187,9999 0
790| 0 191,9999 0
791| 0 195,9999 0
792| 0 199,9999 0
793| 0 203,9999 0
794| 0 207,9999 0
795| 0 211,9999 0
796| 0 215,9999 0
797| 0 219,9999 0
798| 0 223,9999 0
799| 0 227,9999 0
800| 0 231,9999 0
801| 0 235,9999 0
802| 0 239,9999 0
803| 0 243,9999 0
804| 0 247,9999 0
805| 0 251,9999 0
806| 0 255,9999 0
807| 0 0 0
808| 0 0 0
809| 0 0 0
810| 0 0 0
811| 0 0 0
812| 0 0 0
813| 0 0 0
814| 0 0 0
815| 0 0 0
816| 0 0 0
817| 0 0 0
818| 0 0 0
819| 0 0 0
820| 0 0 0
821| 0 0 0
822| 0 0 0
823| 0 0 0
824| 0 0 0
825| 0 0 0
826| 0 0 0
827| 0 0 0
828| 0 0 0
829| 0 0 0
830| 0 0 0
831| 0 0 0
832| 0 0 0
833| 0 0 0
834| 0 0 0
835| 0 0 0
836| 0 0 0
837| 0 0 0
838| 0 0 0
839| 0 0 0
840| 0 0 0
841| 0 0 0
842| 0 0 0
843| 0 0 0
844| 0 0 0
845| 0 0 0
846| 0 0 0
847| 0 0 0
848| 0 0 0
849| 0 0 0
850| 0 0 0
851| 0 0 0
852| 0 0 0
853| 0 0 0
854| 0 0 0
855| 0 0 0
856| 0 0 0
857| 0 0 0
858| 0 0 0
859| 0 0 0
860| 0 0 0
861| 0 0 0
862| 0 0 0
863| 0 0 0
864| 0 0 0
865| 0 0 0
866| 0 0 0
867| 0 0 0
868| 0 0 0
869| 0 0 0
870| 0 0 0
871| 0 0 0
872| 0 0 0
873| 0 0 0
874| 0 0 0
875| 0 0 0
876| 0 0 0
877| 0 0 0
878| 0 0 0
879| 0 0 0
880| 0 0 0
881| 0 0 0
882| 0 0 0
883| 0 0 0
884| 0 0 0
885| 0 0 0
886| 0 0 0
887| 0 0 0
888| 0 0 0
889| 0 0 0
890| 0 0 0
891| 0 0 0
892| 0 0 0
893| 0 0 0
894| 0 0 0
895| 0 0 0
896| 0 0 0
897| 0 0 0
898| 0 0 0
899| 0 0 0
900| 0 0 0
901| 0 0 0
902| 0 0 0
903| 0 0 0
904| 0 0 0
905| 0 0 0
906| 0 0 0
907| 0 0 0
908| 0 0 0
909| 0 0 0
910| 0 0 0
911| 0 0 0
912| 0 0 0
913| 0 0 0
914| 0 0 0
915| 0 0 0
916| 0 0 0
917| 0 0 0
918| 0 0 0
919| 0 0 0
920| 0 0 0
921| 0 0 0
922| 0 0 0
923| 0 0 0
924| 0 0 0
925| 0 0 0
926| 0 0 0
927| 0 0 0
928| 0 0 0
929| 0 0 0
930| 0 0 0
931| 0 0 0
932| 0 0 0
933| 0 0 0
934| 0 0 0
935| 0 0 0
936| 0 0 0
937| 0 0 0
938| 0 0 0
939| 0 0 0
940| 0 0 0
941| 0 0 0
942| 0 0 0
943| 0 0 0
944| 0 0 0
945| 0 0 0
946| 0 0 0
947| 0 0 0
948| 0 0 0
949| 0 0 0
950| 0 0 0
951| 0 0 0
952| 0 0 0
953| 0 0 0
954| 0 0 0
955| 0 0 0
956| 0 0 0
957| 0 0 0
958| 0 0 0
959| 0 0 0
960| 0 0 0
961| 0 0 0
962| 0 0 0
963| 0 0 0
964| 0 0 0
965| 0 0 0
966| 0 0 0
967| 0 0 0
968| 0 0 0
969| 0 0 0
970| 0 0 0
971| 0 0 0
972| 0 0 0
973| 0 0 0
974| 0 0 0
975| 0 0 0
976| 0 0 0
977| 0 0 0
978| 0 0 0
979| 0 0 0
980| 0 0 0
981| 0 0 0
982| 0 0 0
983| 0 0 0
984| 0 0 0
985| 0 0 0
986| 0 0 0
987| 0 0 0
988| 0 0 0
989| 0 0 0
990| 0 0 0
991| 0 0 0
992| 0 0 0
993| 0 0 0
994| 0 0 0
995| 0 0 0
996| 0 0 0
997| 0 0 0
998| 0 0 0
999| 0 0 0
1000| 0 0 0
1001| 0 0 0
1002| 0 0 0
1003| 0 0 0
1004| 0 0 0
1005| 0 0 0
1006| 0 0 0
1007| 0 0 0
1008| 0 0 0
1009| 0 0 0
1010| 0 0 0
1011| 0 0 0
1012| 0 0 0
1013| 0 0 0
1014| 0 0 0
1015| 0 0 0
1016| 0 0 0
1017| 0 0 0
1018| 0 0 0
1019| 0 0 0
1020| 0 0 0
1021| 0 0 0
1022| 0 0 0
1023| 0 0 0
1024| 0 0 0
1025| 0 0 0
1026| 0 0 0
1027| 0 0 0
1028| 0 0 0
1029| 0 0 0
1030| 0 0 0
1031| 0 0 0
1032| 0 0 0
1033| 0 0 0
1034| 0 0 0
1035| 0 0 0
1036| 0 0 0
1037| -0,3 0 0
1038| -0,6 0 0
1039| -0,9 0 0
1040| -1,2 0 0
1041| -1,5 0 0
1042| -1,8 0 0
1043| -2,1 0 0
1044| -2,4 0 0
1045| -2,7 0 0
1046| -3 0 0
1047| -3,299999 0 0
1048| -3,599999 0 0
1049| -3,899999 0 0
1050| -4,2 0 0
1051| -4,5 0 0
1052| -4,8 0 0
1053| -5,1 0 0
1054| -5,4 0 0
1055| -5,7 0 0
1056| -6 0 0
1057| -6,300001 0 0
1058| -6,600001 0 0
1059| -6,900001 0 0
1060| -7,200001 0 0
1061| -7,500001 0 0
1062| -7,800001 0 0
1063| -8,1 0 0
1064| -8,4 0 0
1065| -8,7 0 0
1066| -8,999999 0 0
1067| -9,299999 0 0
1068| -9,599998 0 0
1069| -9,899999 0 0
1070| -10,2 0 0
1071| -10,5 0 0
1072| -10,8 0 0
1073| -11,1 0 0
1074| -11,4 0 0
1075| -11,7 0 0
1076| -12 0 0
1077| -12,3 0 0
1078| -12,6 0 0
1079| -12,9 0 0
1080| -13,2 0 0
1081| -13,5 0 0
1082| -13,79999 0 0
1083| -14,09999 0 0
1084| -14,39999 0 0
1085| -14,69999 0 0
1086| -14,99999 0 0
1087| -14,99999 0 0
1088| -14,99999 4 0
1089| -14,99999 8 0
1090| -14,99999 12 0
1091| -14,99999 16 0
1092| -14,99999 20 0
1093| -14,99999 24 0
1094| -14,99999 28 0
1095| -14,99999 32 0
1096| -14,99999 36 0
1097| -14,99999 40 0
1098| -14,99999 43,99999 0
1099| -14,99999 47,99999 0
1100| -14,99999 51,99999 0
1101| -14,99999 55,99999 0
1102| -14,99999 60 0
1103| -14,99999 64 0
1104| -14,99999 68 0
1105| -14,99999 72 0
1106| -14,99999 76,00001 0
1107| -14,99999 80,00001 0
1108| -14,99999 84,00001 0
1109| -14,99999 88,00002 0
1110| -14,99999 92,00002 0
1111| 0 96,00002 0
1112| 0,3 100 0
1113| 0,6 104 0
1114| 0,9 108 0
1115| 1,2 112 0
1116| 1,5 116 0
1117| 1,8 120 0
1118| 2,1 124 0
1119| 2,4 128 0
1120| 2,7 132 0
1121| 3 136 0
1122| 3,299999 140 0
1123| 3,599999 144 0
1124| 3,899999 148 0
1125| 4,2 152 0
1126| 4,5 156 0
1127| 4,8 160 0
1128| 5,1 164 0
1129| 5,4 168 0
1130| 5,7 171,9999 0
1131| 6 175,9999 0
1132| 6,300001 179,9999 0
1133| 6,600001 183,9999 0
1134| 6,900001 187,9999 0
1135| 7,200001 191,9999 0
1136| 7,500001 195,9999 0
1137| 7,800001 199,9999 0
1138| 8,1 203,9999 0
1139| 8,4 207,9999 0
1140| 8,7 211,9999 0
1141| 8,999999 215,9999 0
1142| 9,299999 219,9999 0
1143| 9,599998 223,9999 0
1144| 9,899999 227,9999 0
1145| 10,2 231,9999 0
1146| 10,5 235,9999 0
1147| 10,8 239,9999 0
1148| 11,1 243,9999 0
1149| 11,4 247,9999 0
1150| 11,7 251,9999 0
1151| 12 255,9999 0
1152| 12,3 259,9999 0
1153| 12,6 263,9999 0
1154| 12,9 267,9999 0
1155| 13,2 271,9998 0
1156| 13,5 275,9998 0
1157| 13,79999 279,9998 0
1158| 14,09999 283,9998 0
1159| 14,39999 287,9998 0
1160| 14,69999 291,9998 0
1161| 14,99999 295,9998 0
1162| 15,29999 299,9998 0
1163| 15,59999 303,9998 0
1164| 15,89999 307,9998 0
1165| 16,19999 311,9998 0
1166| 16,49999 315,9998 0
1167| 16,79999 319,9998 0
1168| 17,09999 323,9998 0
1169| 17,39999 327,9998 0
1170| 17,69999 331,9998 0
1171| 17,99999 335,9998 0
1172| 18,29999 339,9998 0
1173| 18,59999 343,9998 0
1174| 18,89999 347,9998 0
1175| 19,19999 351,9998 0
1176| 19,49999 355,9998 0
1177| 19,79999 359,9998 0
1178| 20,09999 363,9998 0
1179| 20,39999 367,9998 0
1180| 20,69999 371,9998 0
1181| 20,99999 375,9998 0
1182| 21,29999 379,9998 0
1183| 21,59999 383,9998 0
1184| 21,89999 387,9998 0
1185| 22,19999 391,9998 0
1186| 22,49999 395,9998 0
1187| 22,79999 399,9997 0
1188| 23,09999 403,9998 0
1189| 23,39999 400 0
1190| 23,69999 400 0
1191| 23,99999 400 0
1192| 24,29999 400 0
1193| 24,59999 400 0
1194| 24,89998 400 0
1195| 25,19999 400 0
1196| 25,49998 400 0
1197| 25,79998 400 0
1198| 26,09998 400 0
1199| 26,39998 400 0
1200| 26,69998 400 0
1201| 26,99998 400 0
1202| 27,29998 400 0
1203| 27,59998 400 0
1204| 27,89998 400 0
1205| 28,19998 400 0
1206| 28,49998 400 0
1207| 28,79998 400 0
1208| 29,09998 400 0
1209| 29,39998 400 0
1210| 29,69998 400 0
1211| 29,99998 400 0
1212| 30,29998 400 0
1213| 30 400 0
1214| 30 400 0
1215| 30 400 0
1216| 30 400 0
1217| 30 400 0
1218| 30 400 0
1219| 30 400 0
1220| 30 400 0
1221| 30 400 0
1222| 30 400 0
1223| 30 400 0
1224| 30 400 0
1225| 30 400 0
1226| 30 400 0
1227| 30 400 0
1228| 30 400 0
1229| 30 400 0
1230| 30 400 0
1231| 30 400 0
1232| 30 400 0
1233| 30 400 0
1234| 30 400 0
1235| 30 400 0
1236| 30 400 0
1237| 30 400 0
1238| 30 400 0
1239| 30 400 0
1240| 30 400 0
1241| 30 400 0
1242| 30 400 0
1243| 30 400 0
1244| 30 400 0
1245| 30 400 0
1246| 30 400 0
1247| 30 400 0
1248| 30 400 0
1249| 30 400 0
1250| 30 400 0
1251| 30 400 0
1252| 30 400 0
1253| 30 400 0
1254| 30 400 0
1255| 30 400 0
1256| 30 400 0
1257| 30 400 0
1258| 30 400 0
1259| 30 400 0
1260| 30 400 0
1261| 30 400 0
1262| 30 400 0
1263| 30 400 0
1264| 30 400 0
1265| 30 400 0
1266| 30 400 0
1267| 30 400 0
1268| 30 400 0
1269| 30 400 0
1270| 30 400 0
1271| 30 400 0
1272| 30 400 0
1273| 30 400 0
1274| 30 400 0
1275| 30 400 0
1276| 30 400 0
1277| 30 400 0
1278| 30 400 0
1279| 30 400 0
1280| 30 400 0
1281| 30 400 0
1282| 30 400 0
1283| 30 400 0
1284| 30 400 0
1285| 30 400 0
1286| 30 400 0
1287| 30 400 0
1288| 30 400 0
1289| 30 400 0
1290| 0 400 0
1291| -0,3 400 0
1292| -0,6 400 0
1293| -0,9 400 0
1294| -1,2 400 0
1295| -1,5 400 0
1296| -1,8 400 0
1297| -2,1 400 0
1298| -2,4 400 0
1299| -2,7 400 0
1300| -3 400 0
1301| -3,299999 400 0
1302| -3,599999 400 0
1303| -3,899999 400 0
1304| -4,2 400 0
1305| -4,5 400 0
1306| -4,8 400 0
1307| -5,1 400 0
1308| -5,4 400 0
1309| -5,7 400 0
1310| -6 400 0
1311| -6,300001 400 0
1312| -6,600001 400 0
1313| -6,900001 400 0
1314| -7,200001 400 0
1315| -7,500001 400 0
1316| -7,800001 400 0
1317| -8,1 400 0
1318| -8,4 400 0
1319| -8,7 400 0
1320| -8,999999 400 0
1321| -9,299999 400 0
1322| -9,599998 400 0
1323| -9,899999 400 0
1324| -10,2 400 0
1325| -10,5 400 0
1326| -10,8 400 0
1327| -11,1 400 0
1328| -11,4 400 0
1329| -11,7 400 0
1330| -12 400 0
1331| -12,3 400 0
1332| -12,6 400 0
1333| -12,9 400 0
1334| -13,2 400 0
1335| -13,5 400 0
1336| -13,79999 400 0
1337| -14,09999 400 0
1338| -14,39999 400 0
1339| -14,69999 400 0
1340| -14,99999 400 0
1341| -15,29999 400 0
1342| -15,59999 400 0
1343| -15,89999 400 0
1344| -16,19999 400 0
1345| -16,49999 400 0
1346| -16,79999 400 0
1347| -17,09999 400 0
1348| -17,39999 400 0
1349| -17,69999 400 0
1350| -17,99999 400 0
1351| -18,29999 400 0
1352| -18,59999 400 0
1353| -18,89999 400 0
1354| -19,19999 400 0
1355| -19,49999 400 0
1356| -19,79999 400 0
1357| -20,09999 0 0
1358| -20,39999 -4 0
1359| -20,69999 -8 0
1360| -20,99999 -12 0
1361| -20,99999 -16 0
1362| -20,99999 -20 0
1363| -20,99999 -24 0
1364| -20,99999 -28 0
1365| -20,99999 -32 0
1366| -20,99999 -36 0
1367| -20,99999 -40 0
1368| -20,99999 -43,99999 0
1369| -20,99999 -47,99999 0
1370| -20,99999 -51,99999 0
1371| -20,99999 -55,99999 0
1372| -20,99999 -60 0
1373| -20,99999 -64 0
1374| -20,99999 -68 0
1375| -20,99999 -72 0
1376| -20,99999 -76,00001 0
1377| -20,99999 -80,00001 0
1378| -20,99999 -84,00001 0
1379| -20,99999 -88,00002 0
1380| -20,99999 -92,00002 0
1381| -20,99999 -96,00002 0
1382| -20,99999 -100 0
1383| -20,99999 -104 0
1384| -20,99999 -108 0
1385| -20,99999 -112 0
1386| -20,99999 -116 0
1387| -20,99999 -120 0
1388| -20,99999 -124 0
1389| -20,99999 -128 0
1390| -20,99999 -132 0
1391| -20,99999 -136 0
1392| -20,99999 -140 0
1393| -20,99999 -144 0
1394| -20,99999 -148 0
1395| 0 -152 0
1396| 0,3 -156 0
1397| 0,6 -160 0
1398| 0,9 -164 0
1399| 1,2 -168 0
1400| 1,5 -171,9999 0
1401| 1,8 -175,9999 0
1402| 2,1 -179,9999 0
1403| 2,4 -183,9999 0
1404| 2,7 -187,9999 0
1405| 3 -191,9999 0
1406| 3,299999 -195,9999 0
1407| 3,599999 -199,9999 0
1408| 3,899999 -203,9999 0
1409| 4,2 -207,9999 0
1410| 4,5 -211,9999 0
1411| 4,8 -215,9999 0
1412| 5,1 -219,9999 0
1413| 5,4 -223,9999 0
1414| 5,7 -227,9999 0
1415| 6 -231,9999 0
1416| 6,300001 -235,9999 0
1417| 6,600001 -239,9999 0
1418| 6,900001 -243,9999 0
1419| 7,200001 -247,9999 0
1420| 7,500001 -251,9999 0
1421| 7,800001 -255,9999 0
1422| 8,1 -259,9999 0
1423| 8,4 -263,9999 0
1424| 8,7 -267,9999 0
1425| 8,999999 -271,9998 0
1426| 9,299999 -275,9998 0
1427| 9,599998 -279,9998 0
1428| 9,899999 -283,9998 0
1429| 10,2 -287,9998 0
1430| 10,5 -291,9998 0
1431| 10,8 -295,9998 0
1432| 11,1 -299,9998 0
1433| 11,4 -303,9998 0
1434| 11,7 -307,9998 0
1435| 12 -311,9998 0
1436| 12,3 -315,9998 0
1437| 12,6 -319,9998 0
1438| 12,9 -323,9998 0
1439| 13,2 -327,9998 0
1440| 13,5 -331,9998 0
1441| 13,79999 -335,9998 0
1442| 14,09999 -339,9998 0
1443| 14,39999 -343,9998 0
1444| 14,69999 -347,9998 0
1445| 14,99999 -351,9998 0
1446| 15,29999 -355,9998 0
1447| 15,59999 -359,9998 0
1448| 15,89999 -363,9998 0
1449| 16,19999 -367,9998 0
1450| 16,49999 -371,9998 0
1451| 16,79999 -375,9998 0
1452| 17,09999 -379,9998 0
1453| 17,39999 -383,9998 0
1454| 17,69999 -387,9998 0
1455| 17,99999 -391,9998 0
1456| 18,29999 -395,9998 0
1457| 18,59999 -399,9997 0
1458| 18,89999 -403,9998 0
1459| 19,19999 -400 0
1460| 19,49999 -400 0
1461| 19,79999 -400 0
1462| 20,09999 -400 0
1463| 20,39999 -400 0
1464| 20,69999 -400 0
1465| 20,99999 -400 0
1466| 21,29999 -400 0
1467| 21,59999 -400 0
1468| 21,89999 -400 0
1469| 22,19999 -400 0
1470| 22,49999 -400 0
1471| 22,79999 -400 0
1472| 23,09999 -400 0
1473| 23,39999 -400 0
1474| 23,69999 -400 0
1475| 23,99999 -400 0
1476| 24,29999 -400 0
1477| 24,59999 -400 0
1478| 24,89998 -400 0
1479| 25,19999 -400 0
1480| 25,49998 -400 0
1481| 25,79998 -400 0
1482| 26,09998 -400 0
1483| 26,39998 -400 0
1484| 26,69998 -400 0
1485| 26,99998 -400 0
1486| 27,29998 -400 0
1487| 27,59998 -400 0
1488| 27,89998 -400 0
1489| 28,19998 -400 0
1490| 28,49998 -400 0
1491| 28,79998 -400 0
1492| 29,09998 -400 0
1493| 29,39998 -400 0
1494| 29,69998 -400 0
1495| 29,99998 -400 0
1496| 30,29998 -400 0
1497| 30 -400 0
1498| 30 -400 0
1499| 30 -400 0
1500| 30 -400 0
1501| 30 -400 0
1502| 30 -400 0
1503| 30 -400 0
1504| 30 -400 0
1505| 30 -400 0
1506| 30 -400 0
1507| 30 -400 0
1508| 30 -400 0
1509| 30 -400 0
1510| 30 -400 0
1511| 30 -400 0
1512| 30 -400 0
1513| 30 -400 0
1514| 30 -400 0
1515| 30 -400 0
1516| 30 -400 0
1517| 30 -400 0
1518| 30 -400 0
1519| 30 -400 0
1520| 30 -400 0
1521| 30 -400 0
1522| 30 -400 0
1523| 30 -400 0
1524| 30 -400 0
1525| 30 -400 0
1526| 30 -400 0
1527| 30 -400 0
1528| 30 -400 0
1529| 30 -400 0
1530| 30 -400 0
1531| 30 -400 0
1532| 30 -400 0
1533| 30 -400 0
1534| 30 -400 0
1535| 30 -400 0
1536| 30 -400 0
1537| 30 -400 0
1538| 30 -400 0
1539| 30 -400 0
1540| 30 -400 0
1541| 30 -400 0
1542| 30 -400 0
1543| 30 -400 0
1544| 30 -400 0
1545| 30 -400 0
1546| 30 -400 0
1547| 30 -400 0
1548| 30 -400 0
1549| 30 -400 0
1550| 30 -400 0
1551| 30 -400 0
1552| 30 -400 0
1553| 30 -400 0
1554| 30 -400 0
1555| 30 -400 0
1556| 30 -400 0
1557| 30 -400 0
1558| 30 -400 0
1559| 30 -400 0
1560| 30 -400 0
1561| 30 -400 0
1562| 30 -400 0
1563| 30 -400 0
1564| 30 -400 0
1565| 30 -400 0
1566| 30 -400 0
1567| 30 -400 0
1568| 30 -400 0
1569| 30 -400 0
1570| 30 -400 0
1571| 30 -400 0
1572| 30 -400 0
1573| 30 -400 0
1574| 30 -400 0
1575| 30 -400 0
1576| 30 -400 0
1577| 30 -400 0
1578| 30 -400 0
1579| 30 -400 0
1580| 30 -400 0
1581| 30 -400 0
1582| 30 -400 0
1583| 30 -400 0
1584| 30 -400 0
1585| 30 -400 0
1586| 30 -400 0
1587| 30 -400 0
1588| 30 -400 0
1589| 30 -400 0
1590| 30 -400 0
1591| 30 -400 0
1592| 30 -400 0
1593| 30 -400 0
1594| 30 -400 0
1595| 30 -400 0
1596| 30 -400 0
1597| 30 -400 0
1598| 30 -400 0
1599| 30 -400 0
1600| 30 -400 0
1601| 30 -400 0
1602| 30 -400 0
1603| 30 -400 0
1604| 30 -400 0
1605| 30 -400 0
1606| 30 -400 0
1607| 30 -400 0
1608| 30 -400 0
1609| 30 -400 0
1610| 30 -400 0
1611| 30 -400 0
1612| 30 -400 0
1613| 30 -400 0
1614| 30 -400 0
1615| 30 -400 0
1616| 30 -400 0
1617| 30 -400 0
1618| 30 -400 0
1619| 30 -400 0
1620| 30 -400 0
1621| 30 -400 0
1622| 30 -400 0
1623| 30 -400 0
1624| 0 0 0
1625| 0 0 0
1626| 0 0 0
1627| 0 0 0
1628| 0 0 0
1629| 0 0 0
1630| 0 0 0
1631| 0 0 0
1632| 0 0 0
1633| 0 0 0
1634| 0 0 0
1635| -0,3 0 0
1636| -0,6 0 0
1637| -0,9 0 0
1638| -1,2 0 0
1639| -1,5 0 0
1640| -1,8 0 0
1641| -2,1 4 0
1642| -2,4 8 0
1643| -2,7 12 0
1644| -3 16 0
1645| -3,299999 20 0
1646| -3,599999 24 0
1647| -3,899999 28 0
1648| -4,2 32 0
1649| -4,5 36 0
1650| -4,8 40 0
1651| -5,1 43,99999 0
1652| -5,4 47,99999 0
1653| -5,7 51,99999 0
1654| -6 55,99999 0
1655| -6,300001 60 0
1656| -6,600001 64 0
1657| -6,900001 68 0
1658| -7,200001 72 0
1659| -7,500001 76,00001 0
1660| -7,800001 80,00001 0
1661| -8,1 84,00001 0
1662| -8,4 88,00002 0
1663| -8,7 92,00002 0
1664| -8,999999 96,00002 0
1665| -9,299999 100 0
1666| -9,599998 104 0
1667| -9,899999 108 0
1668| -10,2 112 0
1669| -10,5 116 0
1670| -10,8 120 0
1671| -11,1 124 0
1672| -11,4 128 0
1673| -11,7 132 0
1674| -12 136 0
1675| -12,3 140 0
1676| -12,6 144 0
1677| -12,9 148 0
1678| -13,2 152 0
1679| -13,5 156 0
1680| -13,79999 160 0
1681| -14,09999 164 0
1682| -14,39999 168 0
1683| -14,69999 171,9999 0
1684| -14,99999 175,9999 0
1685| -15,29999 179,9999 0
1686| -15,59999 183,9999 0
1687| -15,89999 187,9999 0
1688| -16,19999 191,9999 0
1689| -16,49999 195,9999 0
1690| -16,79999 199,9999 0
1691| -17,09999 203,9999 0
1692| -17,39999 207,9999 0
1693| -17,69999 211,9999 0
1694| -17,99999 215,9999 0
1695| -18,29999 219,9999 0
1696| -18,59999 223,9999 0
1697| -18,89999 227,9999 0
1698| -19,19999 231,9999 0
1699| -19,49999 235,9999 0
1700| -19,79999 239,9999 0
1701| -20,09999 243,9999 0
1702| -20,39999 247,9999 0
1703| -20,69999 251,9999 0
1704| -20,99999 255,9999 0
1705| -21,29999 259,9999 0
1706| -21,59999 263,9999 0
1707| -21,89999 267,9999 0
1708| -22,19999 271,9998 0
1709| -22,49999 275,9998 0
1710| -22,79999 279,9998 0
1711| -23,09999 283,9998 0
1712| -23,39999 287,9998 0
1713| -23,69999 291,9998 0
1714| -23,99999 295,9998 0
1715| -24,29999 299,9998 0
1716| -24,59999 303,9998 0
1717| -24,89998 307,9998 0
1718| -25,19999 311,9998 0
1719| -25,49998 315,9998 0
1720| -25,79998 319,9998 0
1721| -26,09998 323,9998 0
1722| -26,39998 327,9998 0
1723| -26,69998 331,9998 0
1724| -26,99998 335,9998 0
1725| -27,29998 339,9998 0
1726| -27,59998 343,9998 0
1727| -27,89998 347,9998 0
1728| -28,19998 351,9998 0
1729| -28,49998 355,9998 0
1730| -28,79998 359,9998 0
1731| -29,09998 363,9998 0
1732| -29,39998 367,9998 0
1733| -29,69998 371,9998 0
1734| -29,99998 375,9998 0
1735| -30,29998 379,9998 0
1736| -30 383,9998 0
1737| -30 387,9998 0
1738| -30 391,9998 0
1739| -30 395,9998 0
1740| -30 399,9997 0
1741| -30 403,9998 0
1742| -30 400 0
1743| -30 400 0
1744| -30 400 0
1745| -30 400 0
1746| -30 400 0
1747| -30 400 0
1748| -30 400 0
1749| -30 400 0
1750| -30 400 0
1751| -30 400 0
1752| -30 400 0
1753| -30 400 0
1754| -30 400 0
1755| -30 400 0
1756| -30 400 0
1757| -30 400 0
1758| -30 400 0
1759| -30 400 0
1760| -30 400 0
1761| -30 400 0
1762| -30 400 0
1763| -30 400 0
1764| -30 400 0
1765| -30 400 0
1766| -30 400 0
1767| -30 400 0
1768| -30 400 0
1769| -30 400 0
1770| -30 400 0
1771| -30 400 0
1772| -30 400 0
1773| -30 400 0
1774| -30 400 0
1775| -30 400 0
1776| -30 400 0
1777| -30 400 0
1778| -30 400 0
1779| -30 400 0
1780| -30 400 0
1781| -30 400 0
1782| -30 400 0
1783| -30 400 0
1784| -30 400 0
1785| -30 400 0
1786| -30 400 0
1787| -30 400 0
1788| -30 400 0
1789| -30 400 0
1790| -30 400 0
1791| -30 400 0
1792| -30 400 0
1793| -30 400 0
1794| -30 400 0
1795| -30 400 0
1796| -30 400 0
1797| -30 400 0
1798| -30 400 0
1799| -30 400 0
1800| 0 0 0
1801| 0 0 0
1802| 0 0 0
1803| 0 0 0
1804| 0 0 0
1805| 0 0 0
1806| 0 0 0
1807| 0 0 0
1808| 0 0 0
1809| 0 0 0
1810| 0 0 0
1811| 0 0 0
1812| 0 0 0
1813| 0 0 0
1814| 0 0 0
1815| 0 0 0
1816| 0 0 0
1817| 0 0 0
1818| 0 0 0
1819| 0 0 0
1820| 0 0 0
1821| 0 0 0
1822| 0 0 0
1823| 0 0 0
1824| 0 0 0
1825| 0 0 0
1826| 0 0 0
1827| 0 0 0
1828| 0 0 0
1829| 0 0 0
1830| 0 0 0
1831| 0 0 0
1832| 0 0 0
1833| 0 0 0
1834| 0 0 0
1835| 0 0 0
1836| 0 0 0
1837| 0 0 0
1838| 0 0 0
1839| 0 0 0
1840| 0 0 0
1841| 0 0 0
1842| 0 0 0
1843| 0 0 0
1844| 0 0 0
1845| 0 0 0
1846| 0 0 0
1847| 0 0 0
1848| 0 0 0
1849| 0 0 0
1850| 0 0 0
1851| 0 0 0
1852| 0 0 0
1853| 0 0 0
1854| 0 0 0
1855| 0 0 0
1856| 0 0 0
1857| 0 0 0
1858| 0 0 0
1859| 0 0 0
1860| 0 0 0
1861| 0 0 0
1862| 0 0 0
1863| 0 0 0
1864| 0 0 0
1865| 0 0 0
1866| 0 0 0
1867| 0 0 0
1868| 0 0 0
1869| 0 0 0
1870| 0 0 0
1871| 0 0 0
1872| 0 0 0
1873| 0 0 0
1874| 0 0 0
1875| 0 0 0
1876| 0 0 0
1877| 0 0 0
1878| 0 0 0
1879| 0 0 0
1880| 0 0 0
1881| 0 0 0
1882| 0 0 0
1883| 0 0 0
1884| 0 0 0
1885| 0 0 0
1886| 0 0 0
1887| 0 0 0
1888| 0 0 0
1889| 0 0 0
1890| 0 0 0
1891| 0 0 0
1892| 0 0 0
1893| 0 0 0
1894| 0 0 0
1895| 0 0 0
1896| 0 0 0
1897| 0 0 0
1898| 0 0 0
1899| 0 0 0
1900| 0 0 0
1901| 0 0 0
1902| 0 0 0
1903| 0 0 0
1904| 0 0 0
1905| 0 0 0
1906| 0 0 0
1907| 0 0 0
1908| 0 0 0
1909| 0 0 0
1910| 0 0 0
1911| 0 0 0
1912| 0 0 0
1913| 0 0 0
1914| 0 0 0
1915| 0 0 0
1916| 0 0 0
1917| 0 0 0
1918| 0 0 0
1919| 0 0 0
1920| 0 0 0
1921| 0 0 0
1922| 0 0 0
1923| 0 0 0
1924| 0 0 0
1925| 0 0 0
1926| 0 0 0
1927| 0 0 0

