1| 0 0 0
2| 0 0 0
3| 0 0 0
4| 0 0 0
5| 0 0 0
6| 0 0 0
7| 0 0 0
8| 0 0 0
9| 0 0 0
10| 0 0 0
11| 0 4 0
12| 0 8 0
13| -0,3 12 0
14| -0,6 16 0
15| -0,9 20 0
16| -1,2 24 0
17| -1,5 28 0
18| -1,8 32 0
19| -2,1 36 0
20| -2,4 40 0
21| -2,7 43,99999 0
22| -3 47,99999 0
23| -3,299999 51,99999 0
24| -3,599999 55,99999 0
25| -3,899999 60 0
26| -4,2 64 0
27| -4,5 68 0
28| -4,8 72 0
29| -5,1 76,00001 0
30| -5,4 80,00001 0
31| -5,7 84,00001 0
32| -6 88,00002 0
33| -6,300001 92,00002 0
34| -6,600001 96,00002 0
35| -6,900001 100 0
36| -7,200001 104 0
37| -7,500001 108 0
38| -7,800001 112 0
39| -8,1 116 0
40| -8,4 120 0
41| -8,7 124 0
42| -8,999999 128 0
43| -9,299999 132 0
44| -9,599998 136 0
45| -9,899999 140 0
46| -10,2 144 0
47| -10,5 148 0
48| -10,8 152 0
49| -11,1 156 0
50| -11,4 160 0
51| -11,7 164 0
52| -12 168 0
53| -12,3 171,9999 0
54| -12,6 175,9999 0
55| -12,9 179,9999 0
56| -13,2 183,9999 0
57| -13,5 187,9999 0
58| -13,79999 191,9999 0
59| -14,09999 195,9999 0
60| -14,39999 199,9999 0
61| -14,69999 203,9999 0
62| -14,99999 207,9999 0
63| -15,29999 211,9999 0
64| -15,59999 215,9999 0
65| -15,59999 219,9999 0
66| -15,59999 223,9999 0
67| -15,59999 227,9999 0
68| -15,59999 231,9999 0
69| -15,59999 235,9999 0
70| -15,59999 239,9999 0
71| -15,59999 243,9999 0
72| -15,59999 247,9999 0
73| -15,59999 251,9999 0
74| -15,59999 255,9999 0
75| -15,59999 259,9999 0
76| -15,59999 263,9999 0
77| -15,59999 267,9999 0
78| -15,59999 271,9998 0
79| -15,59999 275,9998 0
80| -15,59999 279,9998 0
81| -15,59999 283,9998 0
82| -15,59999 287,9998 0
83| -15,59999 291,9998 0
84| -15,59999 295,9998 0
85| -15,59999 299,9998 0
86| -15,59999 303,9998 0
87| 0 307,9998 0
88| 0,3 311,9998 0
89| 0,6 315,9998 0
90| 0,9 319,9998 0
91| 0,9 323,9998 0
92| 0,9 327,9998 0
93| 0,9 331,9998 0
94| 0,9 335,9998 0
95| 0,9 339,9998 0
96| 0,9 343,9998 0
97| 0,9 347,9998 0
98| 0,9 351,9998 0
99| 0,9 355,9998 0
100| 0,9 359,9998 0
101| 0,9 363,9998 0
102| 0,9 367,9998 0
103| 0,9 371,9998 0
104| 0,9 375,9998 0
105| 0,9 379,9998 0
106| 0,9 383,9998 0
107| 0,9 387,9998 0
108| 0,9 391,9998 0
109| 0,9 395,9998 0
110| 0,9 399,9997 0
111| 0,9 403,9998 0
112| 0,9 400 0
113| 0,9 400 0
114| 0,9 400 0
115| 0,9 400 0
116| 0,9 400 0
117| 0 0 0
118| 0 0 0
119| 0 0 0
120| 0 0 0
121| 0 0 0
122| 0 0 0
123| 0 0 0
124| 0 0 0
125| 0 0 0
126| 0 0 0
127| 0 0 0
128| 0 0 0
129| 0 0 0
130| 0 0 0
131| 0 0 0
132| 0 0 0
133| 0 0 0
134| 0 0 0
135| 0 0 0
136| 0 0 0
137| 0 0 0
138| 0 0 0
139| 0 0 0
140| 0 0 0
141| 0 0 0
142| 0 0 0
143| 0 0 0
144| 0 0 0
145| 0 0 0
146| 0 0 0
147| 0 0 0
148| 0 0 0
149| 0 0 0
150| 0 0 0
151| 0 0 0
152| 0 0 0
153| 0 0 0
154| 0 0 0
155| 0 0 0
156| 0 0 0
157| 0 0 0
158| 0 0 0
159| 0 0 0
160| 0 0 0
161| 0 0 0
162| 0 0 0
163| 0 0 0
164| 0 0 0
165| 0 0 0
166| 0 0 0
167| 0 0 0
168| 0 0 0
169| 0 4 0
170| 0 8 0
171| 0 12 0
172| 0 16 0
173| 0 20 0
174| 0 24 0
175| 0 28 0
176| 0 0 0
177| 0 0 0
178| 0 0 0
179| 0 0 0
180| 0 0 0
181| 0 0 0
182| 0 0 0
183| 0,3 4 0
184| 0,6 8 0
185| 0,9 8 0
186| 1,2 8 0
187| 1,5 8 0
188| 1,8 8 0
189| 2,1 8 0
190| 2,4 8 0
191| 2,7 8 0
192| 3 8 0
193| 3,299999 8 0
194| 0 0 0
195| 0 0 0
196| 0 0 0
197| 0 0 0
198| 0 0 0
199| 0 0 0
200| 0 0 0
201| 0 0 0
202| 0 0 0
203| 0 0 0
204| 0 0 0
205| 0 0 0
206| 0 0 0
207| 0 0 0
208| 0 0 0
209| 0 0 0
210| 0 0 0
211| 0 0 0
212| 0 0 0
213| 0 0 0
214| 0 0 0
215| 0 0 0
216| 0 0 0
217| 0 0 0
218| 0 0 0
219| 0 0 0
220| 0 0 0
221| 0 0 0
222| 0 0 0
223| 0 0 0
224| 0 0 0
225| -0,3 0 0
226| 0 0 0
227| 0 0 0
228| 0 0 0
229| 0 0 0
230| 0 0 0
231| 0 0 0
232| 0 0 0
233| 0 0 0
234| 0 0 0
235| 0 0 0
236| 0 0 0
237| 0 0 0
238| 0 0 0
239| 0 0 0
240| 0 0 0
241| 0 0 0
242| 0 0 0
243| 0 0 0
244| 0 0 0
245| 0 0 0
246| 0 0 0
247| 0 0 0
248| 0 0 0
249| 0 0 0
250| 0 0 0
251| 0 0 0
252| 0 0 0
253| 0 0 0
254| 0 0 0
255| 0 0 0
256| 0 0 0
257| 0 0 0
258| 0 0 0
259| 0 0 0
260| 0 0 0
261| 0 0 0
262| 0 0 0
263| 0 0 0
264| 0 0 0
265| 0 0 0
266| 0 0 0
267| 0 0 0
268| 0 0 0
269| 0 0 0
270| 0 0 0
271| 0 0 0
272| 0 0 0
273| 0 0 0
274| 0 0 0
275| 0 0 0
276| 0 0 0
277| 0 0 0
278| 0 0 0
279| 0 0 0
280| 0 0 0
281| 0 0 0
282| 0 0 0
283| 0 0 0
284| -0,3 0 0
285| -0,6 0 0
286| -0,9 0 0
287| -1,2 0 0
288| -1,5 0 0
289| -1,8 0 0
290| 0 0 0
291| 0 0 0
292| 0 0 0
293| 0 0 0
294| 0 0 0
295| 0 0 0
296| 0 0 0
297| 0 0 0
298| 0 0 0
299| 0 0 0
300| 0 0 0
301| 0 0 0
302| 0 0 0
303| 0 0 0
304| 0 0 0
305| 0 0 0
306| 0 0 0
307| 0 0 0
308| 0 0 0
309| 0 0 0
310| 0 0 0
311| 0 0 0
312| 0 0 0
313| 0 0 0
314| 0 0 0
315| 0 0 0
316| 0 0 0
317| 0 0 0
318| 0 0 0
319| 0 0 0
320| 0 0 0
321| 0 0 0
322| 0 0 0
323| 0 0 0
324| 0 0 0
325| 0 0 0
326| 0 0 0
327| 0 0 0
328| 0 0 0
329| 0 0 0
330| 0 0 0
331| 0 0 0
332| 0 0 0
333| 0 0 0
334| 0 0 0
335| 0 0 0
336| 0 0 0
337| 0 0 0
338| 0 0 0
339| 0 0 0
340| 0 0 0
341| 0 0 0
342| 0 0 0
343| 0 0 0
344| 0 0 0
345| 0 0 0
346| 0 0 0
347| 0 0 0
348| 0 0 0
349| 0 0 0
350| 0 0 0
351| 0 0 0
352| 0 0 0
353| 0 0 0
354| 0 0 0
355| 0 0 0
356| 0 0 0
357| -0,3 0 0
358| -0,6 0 0
359| -0,9 0 0
360| -1,2 0 0
361| -1,5 0 0
362| 0 0 0
363| 0 0 0
364| 0 0 0
365| 0 0 0
366| 0 0 0
367| 0 0 0
368| 0 0 0
369| 0 0 0
370| 0 0 0
371| 0 0 0
372| 0 0 0
373| -0,3 0 0
374| -0,6 0 0
375| -0,9 0 0
376| -1,2 0 0
377| -1,5 0 0
378| -1,8 0 0
379| -2,1 0 0
380| -2,4 0 0
381| -2,7 0 0
382| 0 0 0
383| 0 0 0
384| 0 0 0
385| 0 0 0
386| 0 0 0
387| 0 0 0
388| 0 0 0
389| 0 0 0
390| 0 0 0
391| 0 0 0
392| 0 0 0
393| 0 0 0
394| 0 0 0
395| 0 0 0
396| 0 0 0
397| 0 0 0
398| 0 0 0
399| 0 0 0
400| 0 0 0
401| 0 0 0
402| 0 0 0
403| 0 0 0
404| 0 0 0
405| 0 0 0
406| 0 0 0
407| 0 0 0
408| 0 0 0
409| 0 0 0
410| 0 0 0
411| 0 0 0
412| 0 0 0
413| 0 0 0
414| 0 0 0
415| 0 0 0
416| 0 0 0
417| 0 0 0
418| 0 0 0
419| 0 0 0
420| 0 0 0
421| 0 0 0
422| 0 0 0
423| 0 0 0
424| 0 0 0
425| 0 0 0
426| 0 0 0
427| 0 0 0
428| 0 0 0
429| 0 0 0
430| 0 0 0
431| 0 0 0
432| 0 0 0
433| 0 0 0
434| 0 0 0
435| 0 0 0
436| 0 0 0
437| 0 0 0
438| 0 0 0
439| 0 0 0
440| 0,3 0 0
441| 0,6 0 0
442| 0,9 0 0
443| 1,2 0 0
444| 1,5 0 0
445| 1,8 0 0
446| 2,1 0 0
447| 2,4 0 0
448| 2,7 0 0
449| 3 0 0
450| 3,299999 0 0
451| 3,599999 0 0
452| 3,899999 0 0
453| 4,2 0 0
454| 4,5 0 0
455| 4,8 0 0
456| 5,1 0 0
457| 5,4 0 0
458| 5,7 0 0
459| 6 0 0
460| 6,300001 0 0
461| 6,600001 0 0
462| 6,900001 0 0
463| 7,200001 0 0
464| 7,500001 0 0
465| 7,800001 0 0
466| 8,1 0 0
467| 8,4 0 0
468| 8,7 0 0
469| 8,999999 0 0
470| 9,299999 0 0
471| 9,599998 0 0
472| 9,899999 0 0
473| 10,2 0 0
474| 10,5 0 0
475| 10,8 0 0
476| 11,1 0 0
477| 11,4 0 0
478| 11,7 0 0
479| 12 0 0
480| 12,3 0 0
481| 12,6 0 0
482| 12,9 0 0
483| 13,2 0 0
484| 13,5 0 0
485| 13,79999 0 0
486| 14,09999 0 0
487| 14,39999 0 0
488| 14,69999 0 0
489| 14,99999 0 0
490| 15,29999 0 0
491| 15,59999 0 0
492| 15,89999 0 0
493| 16,19999 0 0
494| 16,49999 0 0
495| 16,79999 0 0
496| 17,09999 0 0
497| 17,39999 0 0
498| 17,69999 0 0
499| 17,99999 0 0
500| 18,29999 0 0
501| 18,59999 0 0
502| 18,89999 0 0
503| 19,19999 0 0
504| 19,49999 0 0
505| 0 0 0
506| 0 0 0
507| 0 0 0
508| 0 0 0
509| 0 0 0
510| 0,3 0 0
511| 0,6 0 0
512| 0,9 0 0
513| 1,2 0 0
514| 1,5 0 0
515| 1,8 0 0
516| 2,1 0 0
517| 2,4 0 0
518| 2,7 0 0
519| 3 0 0
520| 3,299999 0 0
521| 3,599999 0 0
522| 3,899999 4 0
523| 4,2 8 0
524| 4,5 12 0
525| 4,8 16 0
526| 5,1 20 0
527| 5,4 24 0
528| 5,7 28 0
529| 6 32 0
530| 6,300001 36 0
531| 6,600001 40 0
532| 6,900001 43,99999 0
533| 7,200001 47,99999 0
534| 7,500001 51,99999 0
535| 7,800001 55,99999 0
536| 8,1 60 0
537| 8,4 64 0
538| 8,7 68 0
539| 8,999999 72 0
540| 9,299999 76,00001 0
541| 9,599998 80,00001 0
542| 9,899999 84,00001 0
543| 10,2 88,00002 0
544| 10,5 92,00002 0
545| 10,8 96,00002 0
546| 11,1 100 0
547| 11,4 104 0
548| 11,7 108 0
549| 12 112 0
550| 12,3 116 0
551| 12,6 120 0
552| 12,9 124 0
553| 13,2 128 0
554| 13,5 132 0
555| 13,79999 136 0
556| 14,09999 140 0
557| 14,39999 144 0
558| 14,69999 148 0
559| 14,99999 152 0
560| 15,29999 156 0
561| 15,29999 160 0
562| 15,29999 164 0
563| 15,29999 168 0
564| 15,29999 171,9999 0
565| 15,29999 175,9999 0
566| 15,29999 179,9999 0
567| 15,29999 183,9999 0
568| 15,29999 187,9999 0
569| 15,29999 191,9999 0
570| 15,29999 195,9999 0
571| 15,29999 199,9999 0
572| 15,29999 203,9999 0
573| 15,29999 207,9999 0
574| 15,29999 211,9999 0
575| 15,29999 215,9999 0
576| 15,29999 219,9999 0
577| 15,29999 223,9999 0
578| 15,29999 227,9999 0
579| 15,29999 231,9999 0
580| 15,29999 235,9999 0
581| 15,29999 239,9999 0
582| 15,29999 243,9999 0
583| 0 247,9999 0
584| -0,3 251,9999 0
585| -0,6 255,9999 0
586| -0,9 259,9999 0
587| -1,2 263,9999 0
588| -1,2 267,9999 0
589| -1,2 271,9998 0
590| -1,2 275,9998 0
591| -1,2 279,9998 0
592| -1,2 283,9998 0
593| -1,2 287,9998 0
594| -1,2 291,9998 0
595| -1,2 295,9998 0
596| -1,2 299,9998 0
597| -1,2 303,9998 0
598| -1,2 307,9998 0
599| -1,2 311,9998 0
600| -1,2 315,9998 0
601| -1,2 319,9998 0
602| -1,5 323,9998 0
603| -1,8 327,9998 0
604| -2,1 331,9998 0
605| -2,4 335,9998 0
606| -2,7 339,9998 0
607| -2,7 343,9998 0
608| -2,7 347,9998 0
609| -2,7 351,9998 0
610| -2,7 355,9998 0
611| -2,7 359,9998 0
612| -2,7 363,9998 0
613| -2,7 367,9998 0
614| -2,7 371,9998 0
615| -2,7 375,9998 0
616| -2,7 379,9998 0
617| -2,7 383,9998 0
618| -2,7 387,9998 0
619| -2,7 391,9998 0
620| -2,7 395,9998 0
621| -2,7 399,9997 0
622| -2,7 403,9998 0
623| -2,7 400 0
624| -2,7 400 0
625| -2,7 400 0
626| 0 0 0
627| 0 0 0
628| 0 0 0
629| 0 0 0
630| 0 0 0
631| 0 0 0
632| 0 0 0
633| 0 0 0
634| 0 0 0
635| 0 0 0
636| 0 0 0
637| 0 0 0
638| 0 0 0
639| 0 0 0
640| 0 0 0
641| 0 0 0
642| 0 0 0
643| 0 0 0
644| 0 0 0
645| 0 0 0
646| 0 0 0
647| 0 0 0
648| 0 0 0
649| 0 0 0
650| 0 0 0
651| 0 0 0
652| 0 0 0
653| 0 0 0
654| 0 0 0
655| 0 0 0
656| 0 0 0
657| 0 0 0
658| 0 0 0
659| 0 0 0
660| 0 0 0
661| 0 0 0
662| 0 0 0
663| 0 0 0
664| 0 0 0
665| 0 4 0
666| 0 8 0
667| 0 12 0
668| 0 0 0
669| 0 0 0
670| 0 0 0
671| 0 0 0
672| 0 0 0
673| 0 0 0
674| 0 0 0
675| 0 0 0
676| 0 4 0
677| 0 8 0
678| 0 12 0
679| 0 16 0
680| 0 20 0
681| 0 24 0
682| 0 0 0
683| 0 0 0
684| 0 0 0
685| 0 0 0
686| 0 0 0
687| 0 0 0
688| 0 0 0
689| 0 0 0
690| 0 0 0
691| 0 0 0
692| 0 0 0
693| 0 0 0
694| 0 0 0
695| 0 0 0
696| 0 0 0
697| 0 0 0
698| 0 0 0
699| 0 0 0
700| 0 0 0
701| 0 0 0
702| 0 0 0
703| 0 0 0
704| 0 0 0
705| 0 0 0
706| 0 0 0
707| 0 0 0
708| 0 0 0
709| 0 0 0
710| 0 0 0
711| 0 0 0
712| 0 0 0
713| 0 0 0
714| 0 0 0
715| 0 0 0
716| 0 0 0
717| 0 0 0
718| 0 0 0
719| 0 0 0
720| 0 0 0
721| 0 0 0
722| 0 0 0
723| 0 0 0
724| 0 0 0
725| 0,3 0 0
726| 0,6 0 0
727| 0,9 0 0
728| 1,2 0 0
729| 1,5 0 0
730| 1,8 0 0
731| 2,1 0 0
732| 2,4 0 0
733| 2,7 0 0
734| 3 0 0
735| 3,299999 0 0
736| 3,599999 0 0
737| 0 0 0
738| 0 0 0
739| 0 0 0
740| 0 0 0
741| 0 0 0
742| 0 0 0
743| 0 0 0
744| 0 0 0
745| 0 0 0
746| 0 0 0
747| 0 0 0
748| 0 0 0
749| 0 0 0
750| 0 0 0
751| 0 0 0
752| 0 0 0
753| 0 0 0
754| 0 0 0
755| 0 0 0
756| 0 0 0
757| 0 0 0
758| -0,3 0 0
759| -0,6 0 0
760| -0,9 0 0
761| -1,2 0 0
762| -1,5 0 0
763| -1,8 0 0
764| -2,1 0 0
765| -2,4 0 0
766| -2,7 0 0
767| -3 0 0
768| -3,299999 0 0
769| 0 0 0
770| 0 0 0
771| 0 0 0
772| 0 0 0
773| 0 0 0
774| 0 0 0
775| 0 0 0
776| 0 0 0
777| 0 0 0
778| 0 0 0
779| 0 0 0
780| 0 0 0
781| 0 0 0
782| 0 0 0
783| 0 0 0
784| 0 0 0
785| 0 0 0
786| 0 0 0
787| 0 0 0
788| 0 0 0
789| 0 0 0
790| 0 0 0
791| 0 0 0
792| 0 0 0
793| 0 0 0
794| 0 0 0
795| -0,3 0 0
796| -0,6 0 0
797| -0,9 0 0
798| -1,2 0 0
799| -1,5 0 0
800| -1,8 0 0
801| -2,1 0 0
802| -2,4 0 0
803| -2,7 0 0
804| -3 0 0
805| -3,299999 0 0
806| -3,599999 0 0
807| -3,899999 0 0
808| -4,2 0 0
809| -4,5 0 0
810| -4,8 0 0
811| -5,1 0 0
812| 0 0 0
813| 0 0 0
814| 0 0 0
815| 0 0 0
816| 0 0 0
817| 0 0 0
818| 0 0 0
819| 0 0 0
820| 0 0 0
821| 0 0 0
822| 0 0 0
823| 0 0 0
824| 0 0 0
825| 0 0 0
826| 0 0 0
827| 0 0 0
828| 0 0 0
829| 0 0 0
830| 0 0 0
831| 0 0 0
832| 0 0 0
833| 0 0 0
834| 0 0 0
835| 0 0 0
836| 0 0 0
837| -0,3 0 0
838| -0,6 0 0
839| -0,9 0 0
840| -1,2 0 0
841| -1,5 0 0
842| -1,8 0 0
843| -2,1 0 0
844| -2,4 0 0
845| -2,7 0 0
846| -3 0 0
847| -3,299999 0 0
848| -3,599999 0 0
849| -3,899999 0 0
850| -4,2 0 0
851| -4,5 -4 0
852| -4,8 -8 0
853| -5,1 -12 0
854| -5,4 -16 0
855| -5,7 -20 0
856| -6 -24 0
857| -6,300001 -28 0
858| -6,600001 -32 0
859| -6,900001 -36 0
860| -7,200001 -40 0
861| -7,500001 -43,99999 0
862| -7,800001 -43,99999 0
863| -8,1 -43,99999 0
864| -8,4 -43,99999 0
865| -8,7 -43,99999 0
866| -8,999999 -43,99999 0
867| -9,299999 -43,99999 0
868| -9,599998 -43,99999 0
869| -9,899999 -43,99999 0
870| -10,2 -43,99999 0
871| -10,5 -43,99999 0
872| -10,8 -43,99999 0
873| -11,1 -43,99999 0
874| -11,4 -43,99999 0
875| -11,7 -43,99999 0
876| -12 -43,99999 0
877| -12,3 -43,99999 0
878| -12,6 -43,99999 0
879| -12,9 -43,99999 0
880| -13,2 -43,99999 0
881| -13,5 -43,99999 0
882| -13,79999 -43,99999 0
883| -14,09999 -43,99999 0
884| -14,39999 -43,99999 0
885| -14,69999 -43,99999 0
886| -14,99999 -43,99999 0
887| 0 0 0
888| 0 0 0
889| 0 0 0
890| 0 0 0
891| 0 0 0
892| 0 0 0
893| 0 0 0
894| 0 0 0
895| 0 0 0
896| 0 0 0
897| 0 0 0
898| 0 0 0
899| 0 0 0
900| 0 0 0
901| 0 0 0
902| 0 0 0
903| 0 0 0
904| 0 0 0
905| 0 0 0
906| 0 0 0
907| 0 0 0
908| 0 0 0
909| 0 0 0
910| 0 0 0
911| 0 0 0
912| -0,3 0 0
913| -0,6 0 0
914| -0,9 0 0
915| -1,2 0 0
916| -1,5 0 0
917| -1,8 0 0
918| -2,1 0 0
919| -2,4 0 0
920| -2,7 0 0
921| -3 0 0
922| -3,299999 0 0
923| -3,599999 0 0
924| -3,899999 0 0
925| -4,2 0 0
926| -4,5 0 0
927| -4,8 0 0
928| -5,1 0 0
929| -5,4 0 0
930| -5,7 0 0
931| -6 0 0
932| -6,300001 0 0
933| -6,600001 0 0
934| -6,900001 0 0
935| -7,200001 0 0
936| -7,500001 0 0
937| -7,800001 0 0
938| -8,1 0 0
939| -8,4 0 0
940| -8,7 0 0
941| -8,999999 0 0
942| -9,299999 0 0
943| -9,599998 0 0
944| -9,899999 0 0
945| -10,2 0 0
946| -10,5 0 0
947| -10,8 0 0
948| -11,1 0 0
949| -11,4 0 0
950| -11,7 -4 0
951| 0 -8 0
952| 0 -12 0
953| 0 -16 0
954| 0,3 -20 0
955| 0,6 -24 0
956| 0,9 -28 0
957| 1,2 -32 0
958| 1,5 -36 0
959| 1,8 -40 0
960| 2,1 -43,99999 0
961| 2,4 -47,99999 0
962| 2,7 -51,99999 0
963| 3 -55,99999 0
964| 3,299999 -60 0
965| 3,599999 -64 0
966| 3,899999 -68 0
967| 4,2 -72 0
968| 4,5 -76,00001 0
969| 4,8 -80,00001 0
970| 5,1 -84,00001 0
971| 5,4 -88,00002 0
972| 5,7 -92,00002 0
973| 6 -96,00002 0
974| 6,300001 -100 0
975| 6,600001 -104 0
976| 6,900001 -108 0
977| 7,200001 -112 0
978| 7,500001 -116 0
979| 7,800001 -120 0
980| 8,1 -124 0
981| 8,4 -128 0
982| 8,7 -132 0
983| 8,999999 -136 0
984| 9,299999 -140 0
985| 9,599998 -144 0
986| 9,899999 -148 0
987| 10,2 -152 0
988| 10,5 -156 0
989| 10,8 -160 0
990| 11,1 -164 0
991| 11,4 -168 0
992| 11,7 -171,9999 0
993| 12 -175,9999 0
994| 12,3 -179,9999 0
995| 12,6 -183,9999 0
996| 12,9 -187,9999 0
997| 13,2 -191,9999 0
998| 13,5 -195,9999 0
999| 13,79999 -199,9999 0
1000| 14,09999 -203,9999 0
1001| 14,39999 -207,9999 0
1002| 14,69999 -211,9999 0
1003| 14,99999 -215,9999 0
1004| 15,29999 -219,9999 0
1005| 15,59999 -223,9999 0
1006| 15,89999 -227,9999 0
1007| 16,19999 -231,9999 0
1008| 16,49999 -235,9999 0
1009| 16,79999 -239,9999 0
1010| 17,09999 -243,9999 0
1011| 17,39999 -247,9999 0
1012| 17,69999 -251,9999 0
1013| 17,99999 -255,9999 0
1014| 18,29999 -259,9999 0
1015| 18,59999 -263,9999 0
1016| 18,89999 -267,9999 0
1017| 19,19999 -271,9998 0
1018| 19,49999 -275,9998 0
1019| 19,79999 -279,9998 0
1020| 20,09999 -283,9998 0
1021| 20,39999 -287,9998 0
1022| 20,69999 -291,9998 0
1023| 20,99999 -295,9998 0
1024| 21,29999 -299,9998 0
1025| 21,59999 -303,9998 0
1026| 21,89999 -307,9998 0
1027| 22,19999 -311,9998 0
1028| 22,49999 -315,9998 0
1029| 22,79999 -319,9998 0
1030| 23,09999 -323,9998 0
1031| 23,39999 -327,9998 0
1032| 23,69999 -331,9998 0
1033| 23,99999 -335,9998 0
1034| 24,29999 -339,9998 0
1035| 24,59999 -343,9998 0
1036| 24,89998 -347,9998 0
1037| 25,19999 -351,9998 0
1038| 25,49998 -355,9998 0
1039| 25,79998 -359,9998 0
1040| 26,09998 -363,9998 0
1041| 26,39998 -367,9998 0
1042| 26,69998 -371,9998 0
1043| 26,99998 -375,9998 0
1044| 27,29998 -379,9998 0
1045| 27,59998 -383,9998 0
1046| 27,89998 -387,9998 0
1047| 28,19998 -391,9998 0
1048| 28,49998 -395,9998 0
1049| 28,79998 -399,9997 0
1050| 29,09998 -403,9998 0
1051| 29,39998 -400 0
1052| 29,69998 -400 0
1053| 29,99998 -400 0
1054| 30,29998 -400 0
1055| 30 -400 0
1056| 30 -400 0
1057| 30 -400 0
1058| 30 -400 0
1059| 30 -400 0
1060| 30 -400 0
1061| 30 -400 0
1062| 30 -400 0
1063| 30 -400 0
1064| 30 -400 0
1065| 30 -400 0
1066| 30 -400 0
1067| 30 -400 0
1068| 30 -400 0
1069| 30 -400 0
1070| 30 -400 0
1071| 30 -400 0
1072| 30 -400 0
1073| 30 -400 0
1074| 30 -400 0
1075| 30 -400 0
1076| 30 -400 0
1077| 30 -400 0
1078| 30 -400 0
1079| 30 -400 0
1080| 30 -400 0
1081| 30 -400 0
1082| 30 -400 0
1083| 30 -400 0
1084| 30 -400 0
1085| 30 -400 0
1086| 30 -400 0
1087| 30 -400 0
1088| 30 -400 0
1089| 30 -400 0
1090| 30 -400 0
1091| 30 -400 0
1092| 30 -400 0
1093| 30 -400 0
1094| 30 -400 0
1095| 30 -400 0
1096| 30 -400 0
1097| 0 0 0
1098| 0 0 0
1099| 0 0 0
1100| 0 0 0
1101| 0 0 0
1102| 0 0 0
1103| 0 0 0
1104| 0 0 0
1105| 0 0 0
1106| 0 0 0
1107| 0 0 0
1108| 0 0 0
1109| 0 0 0
1110| 0 0 0
1111| 0 0 0
1112| 0 0 0
1113| 0,3 0 0
1114| 0,6 -4 0
1115| 0,9 -8 0
1116| 1,2 -12 0
1117| 1,5 -16 0
1118| 1,8 -20 0
1119| 2,1 -24 0
1120| 2,4 -24 0
1121| 0 0 0
1122| 0 0 0
1123| 0 0 0
1124| 0 0 0
1125| 0 0 0
1126| 0 0 0
1127| 0 0 0
1128| -0,3 0 0
1129| -0,6 0 0
1130| -0,9 0 0
1131| -1,2 4 0
1132| -1,5 8 0
1133| -1,8 12 0
1134| -2,1 16 0
1135| -2,4 20 0
1136| -2,7 24 0
1137| -3 28 0
1138| -3,299999 32 0
1139| -3,599999 36 0
1140| -3,899999 40 0
1141| -4,2 43,99999 0
1142| -4,5 47,99999 0
1143| -4,8 51,99999 0
1144| -5,1 55,99999 0
1145| -5,4 60 0
1146| -5,4 64 0
1147| -5,4 68 0
1148| -5,4 72 0
1149| -5,4 76,00001 0
1150| -5,4 80,00001 0
1151| -5,4 84,00001 0
1152| -5,4 88,00002 0
1153| -5,4 92,00002 0
1154| -5,4 96,00002 0
1155| -5,4 100 0
1156| 0 0 0
1157| 0 0 0
1158| 0 0 0
1159| 0 0 0
1160| 0 0 0
1161| 0 0 0
1162| 0 4 0
1163| 0 8 0
1164| 0 12 0
1165| 0 16 0
1166| 0 20 0
1167| 0 24 0
1168| 0 28 0
1169| 0 32 0
1170| 0 36 0
1171| 0 40 0
1172| 0 43,99999 0
1173| 0 47,99999 0
1174| 0 51,99999 0
1175| 0 55,99999 0
1176| 0 60 0
1177| 0 64 0
1178| 0 68 0
1179| 0 72 0
1180| 0 76,00001 0
1181| 0 80,00001 0
1182| 0 84,00001 0
1183| 0 88,00002 0
1184| 0 92,00002 0
1185| 0 96,00002 0
1186| 0 100 0
1187| 0 104 0
1188| 0 108 0
1189| 0 112 0
1190| 0 116 0
1191| 0 120 0
1192| 0 124 0
1193| 0 128 0
1194| 0 132 0
1195| 0 136 0
1196| 0 140 0
1197| 0 144 0
1198| 0 148 0
1199| 0 152 0
1200| 0 156 0
1201| 0 160 0
1202| 0 164 0
1203| 0 168 0
1204| 0 171,9999 0
1205| 0 175,9999 0
1206| 0 179,9999 0
1207| 0 183,9999 0
1208| 0 187,9999 0
1209| 0 191,9999 0
1210| 0 195,9999 0
1211| 0 199,9999 0
1212| 0 203,9999 0
1213| 0 207,9999 0
1214| 0 211,9999 0
1215| 0 215,9999 0
1216| 0 219,9999 0
1217| 0 223,9999 0
1218| 0 227,9999 0
1219| 0 231,9999 0
1220| 0 235,9999 0
1221| 0 239,9999 0
1222| 0 243,9999 0
1223| 0 247,9999 0
1224| 0 251,9999 0
1225| 0 255,9999 0
1226| 0 259,9999 0
1227| 0 263,9999 0
1228| 0 267,9999 0
1229| 0 271,9998 0
1230| 0 275,9998 0
1231| 0 279,9998 0
1232| 0 283,9998 0
1233| 0 287,9998 0
1234| 0 291,9998 0
1235| 0 295,9998 0
1236| 0 299,9998 0
1237| 0 303,9998 0
1238| 0 307,9998 0
1239| 0 311,9998 0
1240| 0 315,9998 0
1241| 0 319,9998 0
1242| 0 323,9998 0
1243| 0 327,9998 0
1244| 0 331,9998 0
1245| 0 335,9998 0
1246| 0 339,9998 0
1247| 0 343,9998 0
1248| 0 347,9998 0
1249| 0 351,9998 0
1250| 0 355,9998 0
1251| 0 359,9998 0
1252| 0 363,9998 0
1253| 0 367,9998 0
1254| 0 371,9998 0
1255| 0,3 375,9998 0
1256| 0,6 379,9998 0
1257| 0,6 383,9998 0
1258| 0,6 387,9998 0
1259| 0,6 391,9998 0
1260| 0,6 395,9998 0
1261| 0,6 399,9997 0
1262| 0,6 403,9998 0
1263| 0,6 400 0
1264| 0,6 400 0
1265| 0,6 400 0
1266| 0,6 400 0
1267| 0,6 400 0
1268| 0,6 400 0
1269| 0,6 400 0
1270| 0,6 400 0
1271| 0,9 400 0
1272| 1,2 400 0
1273| 1,2 400 0
1274| 1,2 400 0
1275| 1,2 400 0
1276| 1,2 400 0
1277| 1,2 400 0
1278| 1,2 400 0
1279| 1,2 400 0
1280| 1,2 400 0
1281| 1,2 400 0
1282| 1,2 400 0
1283| 1,2 400 0
1284| 1,2 400 0
1285| 1,2 400 0
1286| 1,2 400 0
1287| 1,2 400 0
1288| 1,2 400 0
1289| 1,2 400 0
1290| 1,2 400 0
1291| 1,2 400 0
1292| 1,2 400 0
1293| 1,2 400 0
1294| 1,2 400 0
1295| 1,2 400 0
1296| 1,2 400 0
1297| 1,2 400 0
1298| 1,2 400 0
1299| 1,2 400 0
1300| 1,2 400 0
1301| 1,2 400 0
1302| 1,2 400 0
1303| 1,2 400 0
1304| 0 0 0
1305| 0 0 0
1306| 0 0 0
1307| 0 0 0
1308| 0 0 0
1309| 0 0 0
1310| 0 0 0
1311| 0 0 0
1312| 0 0 0
1313| 0 0 0
1314| 0 0 0
1315| 0 0 0
1316| 0 0 0
1317| 0 0 0
1318| 0 0 0
1319| 0 0 0
1320| 0 0 0
1321| 0 4 0
1322| 0 8 0
1323| 0 12 0
1324| 0 16 0
1325| 0 20 0
1326| 0 24 0
1327| 0 28 0
1328| 0 32 0
1329| 0 36 0
1330| 0 40 0
1331| 0 43,99999 0
1332| 0 47,99999 0
1333| 0 51,99999 0
1334| 0 55,99999 0
1335| 0 60 0
1336| 0 64 0
1337| 0 68 0
1338| 0 72 0
1339| 0 76,00001 0
1340| 0 80,00001 0
1341| 0 84,00001 0
1342| 0 88,00002 0
1343| 0 92,00002 0
1344| 0 96,00002 0
1345| 0 100 0
1346| 0 104 0
1347| 0 108 0
1348| 0 112 0
1349| 0 116 0
1350| 0 120 0
1351| 0 0 0
1352| 0 0 0
1353| 0 4 0
1354| 0 8 0
1355| 0 12 0
1356| 0 16 0
1357| 0,3 20 0
1358| 0,6 24 0
1359| 0,9 24 0
1360| 1,2 24 0
1361| 1,5 24 0
1362| 1,8 24 0
1363| 2,1 24 0
1364| 2,4 24 0
1365| 2,7 24 0
1366| 3 24 0
1367| 3,299999 24 0
1368| 3,599999 24 0
1369| 3,899999 24 0
1370| 4,2 24 0
1371| 4,5 24 0
1372| 4,8 24 0
1373| 5,1 24 0
1374| 5,4 24 0
1375| 0 0 0
1376| 0 0 0
1377| 0 0 0
1378| 0 0 0
1379| 0 0 0
1380| 0 0 0
1381| 0 0 0
1382| 0 0 0
1383| 0 0 0
1384| 0 0 0
1385| 0 0 0
1386| 0 4 0
1387| 0 8 0
1388| 0 12 0
1389| 0 16 0
1390| 0 20 0
1391| -0,3 24 0
1392| -0,6 28 0
1393| -0,9 32 0
1394| -1,2 36 0
1395| -1,5 40 0
1396| -1,8 43,99999 0
1397| -2,1 47,99999 0
1398| -2,4 51,99999 0
1399| -2,7 55,99999 0
1400| -3 60 0
1401| -3,299999 64 0
1402| -3,599999 68 0
1403| -3,899999 72 0
1404| -4,2 76,00001 0
1405| -4,5 80,00001 0
1406| -4,8 84,00001 0
1407| -5,1 88,00002 0
1408| -5,4 92,00002 0
1409| -5,7 96,00002 0
1410| -6 100 0
1411| -6,300001 104 0
1412| 0 0 0
1413| 0 0 0
1414| 0 0 0
1415| 0 0 0
1416| 0 0 0
1417| 0 0 0
1418| 0 0 0
1419| 0 0 0
1420| 0 0 0
1421| 0 0 0
1422| 0 0 0
1423| 0 0 0
1424| 0 0 0
1425| 0 0 0
1426| 0 0 0
1427| 0 0 0
1428| 0 0 0
1429| 0 0 0
1430| 0 0 0
1431| 0 0 0
1432| 0 0 0
1433| 0 0 0
1434| 0 0 0
1435| 0 0 0
1436| 0,3 0 0
1437| 0,6 0 0
1438| 0,9 0 0
1439| 1,2 0 0
1440| 1,5 0 0
1441| 1,8 0 0
1442| 2,1 0 0
1443| 2,4 0 0
1444| 2,7 0 0
1445| 3 0 0
1446| 3,299999 0 0
1447| 3,599999 0 0
1448| 3,899999 0 0
1449| 4,2 0 0
1450| 4,5 0 0
1451| 4,8 0 0
1452| 5,1 0 0
1453| 5,4 0 0
1454| 5,7 0 0
1455| 6 0 0
1456| 6,300001 0 0
1457| 6,600001 0 0
1458| 6,900001 0 0
1459| 7,200001 0 0
1460| 7,500001 0 0
1461| 7,800001 0 0
1462| 8,1 0 0
1463| 8,4 0 0
1464| 8,7 0 0
1465| 8,999999 0 0
1466| 9,299999 0 0
1467| 9,599998 0 0
1468| 9,899999 0 0
1469| 10,2 0 0
1470| 10,5 0 0
1471| 10,8 0 0
1472| 11,1 0 0
1473| 11,4 0 0
1474| 11,7 0 0
1475| 12 0 0
1476| 12,3 0 0
1477| 12,6 0 0
1478| 12,9 0 0
1479| 13,2 0 0
1480| 13,5 0 0
1481| 13,79999 0 0
1482| 14,09999 0 0
1483| 14,39999 0 0
1484| 14,69999 0 0
1485| 14,99999 0 0
1486| 15,29999 0 0
1487| 15,59999 0 0
1488| 15,89999 0 0
1489| 16,19999 0 0
1490| 16,49999 0 0
1491| 16,79999 0 0
1492| 17,09999 0 0
1493| 17,39999 0 0
1494| 17,69999 0 0
1495| 17,99999 0 0
1496| 18,29999 0 0
1497| 18,59999 0 0
1498| 18,89999 0 0
1499| 19,19999 0 0
1500| 19,49999 0 0
1501| 19,79999 0 0
1502| 20,09999 0 0
1503| 20,39999 0 0
1504| 20,69999 0 0
1505| 20,99999 0 0
1506| 21,29999 0 0
1507| 21,59999 0 0
1508| 21,89999 0 0
1509| 22,19999 0 0
1510| 22,49999 0 0
1511| 22,79999 0 0
1512| 23,09999 0 0
1513| 23,39999 0 0
1514| 23,69999 0 0
1515| 23,99999 0 0
1516| 24,29999 0 0
1517| 24,59999 0 0
1518| 24,89998 0 0
1519| 25,19999 0 0
1520| 25,49998 0 0
1521| 25,79998 0 0
1522| 26,09998 0 0
1523| 26,39998 0 0
1524| 26,69998 0 0
1525| 26,99998 0 0
1526| 27,29998 0 0
1527| 0 0 0
1528| 0 0 0
1529| 0 0 0
1530| 0 0 0
1531| 0 0 0
1532| 0 0 0
1533| 0 0 0
1534| 0 0 0
1535| 0 0 0
1536| 0 0 0
1537| 0 0 0
1538| 0 0 0
1539| 0 0 0
1540| 0 0 0
1541| 0,3 0 0
1542| 0,6 0 0
1543| 0,9 0 0
1544| 1,2 0 0
1545| 1,5 0 0
1546| 1,8 0 0
1547| 2,1 0 0
1548| 2,4 0 0
1549| 2,7 0 0
1550| 3 0 0
1551| 3,299999 0 0
1552| 3,599999 0 0
1553| 3,899999 0 0
1554| 4,2 0 0
1555| 4,5 0 0
1556| 4,8 0 0
1557| 5,1 0 0
1558| 5,4 0 0
1559| 5,7 0 0
1560| 6 0 0
1561| 6,300001 0 0
1562| 6,600001 0 0
1563| 6,900001 0 0
1564| 7,200001 0 0
1565| 7,500001 0 0
1566| 7,800001 0 0
1567| 8,1 0 0
1568| 8,4 0 0
1569| 8,7 0 0
1570| 8,999999 0 0
1571| 9,299999 0 0
1572| 9,599998 0 0
1573| 9,899999 0 0
1574| 10,2 0 0
1575| 10,5 0 0
1576| 10,8 0 0
1577| 11,1 0 0
1578| 11,4 0 0
1579| 11,7 0 0
1580| 12 0 0
1581| 12,3 0 0
1582| 12,6 0 0
1583| 12,9 0 0
1584| 0 0 0
1585| 0 0 0
1586| 0 0 0
1587| 0 0 0
1588| 0 0 0
1589| 0 0 0
1590| 0 0 0
1591| 0 0 0
1592| 0 0 0
1593| 0 0 0
1594| 0 0 0
1595| 0 0 0
1596| 0 0 0
1597| 0 0 0
1598| 0 0 0
1599| 0 0 0
1600| 0 0 0
1601| 0 0 0
1602| 0 0 0
1603| 0 0 0
1604| 0 0 0
1605| 0 0 0
1606| 0 0 0
1607| 0 0 0
1608| 0 0 0
1609| 0 0 0
1610| 0 0 0
1611| 0 0 0
1612| 0,3 0 0
1613| 0,6 0 0
1614| 0,9 0 0
1615| 1,2 0 0
1616| 1,5 0 0
1617| 1,8 0 0
1618| 2,1 0 0
1619| 2,4 0 0
1620| 2,7 0 0
1621| 3 0 0
1622| 3,299999 0 0
1623| 3,599999 0 0
1624| 3,899999 0 0
1625| 4,2 0 0
1626| 4,5 0 0
1627| 4,8 0 0
1628| 5,1 0 0
1629| 5,4 0 0
1630| 5,7 0 0
1631| 6 0 0
1632| 6,300001 0 0
1633| 6,600001 0 0
1634| 6,900001 0 0
1635| 7,200001 0 0
1636| 7,500001 0 0
1637| 7,800001 0 0
1638| 8,1 0 0
1639| 8,4 0 0
1640| 8,7 0 0
1641| 8,999999 0 0
1642| 9,299999 0 0
1643| 9,599998 0 0
1644| 9,899999 0 0
1645| 10,2 0 0
1646| 10,5 0 0
1647| 10,8 0 0
1648| 11,1 0 0
1649| 11,4 0 0
1650| 11,7 0 0
1651| 12 0 0
1652| 12,3 0 0
1653| 12,6 0 0
1654| 12,9 0 0
1655| 13,2 0 0
1656| 13,5 0 0
1657| 13,79999 0 0
1658| 14,09999 0 0
1659| 14,39999 0 0
1660| 14,69999 0 0
1661| 14,99999 0 0
1662| 15,29999 0 0
1663| 15,59999 0 0
1664| 15,89999 0 0
1665| 16,19999 0 0
1666| 16,49999 0 0
1667| 16,79999 0 0
1668| 17,09999 0 0
1669| 17,39999 0 0
1670| 0 0 0
1671| 0 0 0
1672| 0 0 0
1673| 0 0 0
1674| 0,3 0 0
1675| 0,6 0 0
1676| 0,9 0 0
1677| 1,2 0 0
1678| 1,5 0 0
1679| 1,8 0 0
1680| 2,1 0 0
1681| 2,4 0 0
1682| 2,7 0 0
1683| 3 0 0
1684| 3,299999 0 0
1685| 3,599999 0 0
1686| 3,899999 0 0
1687| 4,2 0 0
1688| 4,5 0 0
1689| 4,8 0 0
1690| 5,1 0 0
1691| 5,4 0 0
1692| 5,7 0 0
1693| 6 0 0
1694| 6,300001 0 0
1695| 6,600001 0 0
1696| 6,900001 0 0
1697| 0 0 0
1698| 0 0 0
1699| 0 0 0
1700| 0 0 0
1701| 0 0 0
1702| 0,3 0 0
1703| 0,6 0 0
1704| 0,9 0 0
1705| 1,2 0 0
1706| 1,5 0 0
1707| 1,8 0 0
1708| 2,1 0 0
1709| 2,4 0 0
1710| 2,7 0 0
1711| 3 0 0
1712| 3,299999 0 0
1713| 3,599999 0 0
1714| 3,899999 0 0
1715| 4,2 0 0
1716| 4,5 0 0
1717| 4,8 0 0
1718| 5,1 0 0
1719| 5,4 0 0
1720| 5,7 0 0
1721| 6 0 0
1722| 6,300001 0 0
1723| 6,600001 0 0
1724| 6,900001 0 0
1725| 7,200001 0 0
1726| 7,500001 0 0
1727| 7,800001 0 0
1728| 8,1 0 0
1729| 8,4 0 0
1730| 8,7 0 0
1731| 8,999999 0 0
1732| 9,299999 0 0
1733| 9,599998 0 0
1734| 9,899999 0 0
1735| 10,2 0 0
1736| 10,5 0 0
1737| 10,8 0 0
1738| 11,1 0 0
1739| 11,4 0 0
1740| 11,7 0 0
1741| 12 0 0
1742| 12,3 0 0
1743| 12,6 0 0
1744| 12,9 0 0
1745| 13,2 0 0
1746| 13,5 0 0
1747| 13,79999 0 0
1748| 14,09999 0 0
1749| 14,39999 0 0
1750| 14,69999 0 0
1751| 14,99999 0 0
1752| 15,29999 0 0
1753| 15,59999 0 0
1754| 15,89999 0 0
1755| 16,19999 0 0
1756| 16,49999 0 0
1757| 16,79999 0 0
1758| 17,09999 0 0
1759| 17,39999 0 0
1760| 17,69999 0 0
1761| 17,99999 0 0
1762| 18,29999 0 0
1763| 18,59999 0 0
1764| 18,89999 0 0
1765| 19,19999 0 0
1766| 19,49999 0 0
1767| 19,79999 0 0
1768| 20,09999 0 0
1769| 20,39999 0 0
1770| 20,69999 0 0
1771| 20,99999 0 0
1772| 21,29999 0 0
1773| 21,59999 0 0
1774| 21,89999 0 0
1775| 22,19999 0 0
1776| 22,49999 0 0
1777| 22,79999 0 0
1778| 23,09999 0 0
1779| 23,39999 0 0
1780| 23,69999 0 0
1781| 23,99999 0 0
1782| 24,29999 0 0
1783| 24,59999 0 0
1784| 24,89998 0 0
1785| 25,19999 0 0
1786| 25,49998 0 0
1787| 25,79998 0 0
1788| 26,09998 0 0
1789| 26,39998 0 0
1790| 26,69998 0 0
1791| 26,99998 0 0
1792| 27,29998 0 0
1793| 27,59998 0 0
1794| 27,89998 0 0
1795| 28,19998 0 0
1796| 28,49998 0 0
1797| 28,79998 0 0
1798| 29,09998 0 0
1799| 29,39998 0 0
1800| 29,69998 0 0
1801| 29,99998 0 0
1802| 30,29998 0 0
1803| 30 0 0
1804| 30 0 0
1805| 30 0 0
1806| 30 0 0
1807| 30 0 0
1808| 30 0 0
1809| 30 0 0
1810| 30 0 0
1811| 30 0 0
1812| 30 0 0
1813| 30 0 0
1814| 30 0 0
1815| 30 0 0
1816| 30 0 0
1817| 30 0 0
1818| 30 0 0
1819| 0 0 0
1820| 0 0 0
1821| 0 0 0
1822| 0 0 0
1823| 0 0 0
1824| 0 0 0
1825| 0,3 0 0
1826| 0,6 0 0
1827| 0,9 0 0
1828| 1,2 0 0
1829| 1,5 0 0
1830| 0 0 0
1831| 0,3 0 0
1832| 0,6 0 0
1833| 0,9 0 0
1834| 1,2 0 0
1835| 1,5 0 0
1836| 1,8 0 0
1837| 2,1 0 0
1838| 2,4 0 0
1839| 2,7 0 0
1840| 3 0 0
1841| 3,299999 0 0
1842| 3,599999 0 0
1843| 3,899999 0 0
1844| 4,2 0 0
1845| 4,5 0 0
1846| 4,8 0 0
1847| 5,1 0 0
1848| 5,4 0 0
1849| 5,7 0 0
1850| 6 0 0
1851| 6,300001 0 0
1852| 6,600001 0 0
1853| 6,900001 0 0
1854| 7,200001 0 0
1855| 7,500001 0 0
1856| 7,800001 0 0
1857| 8,1 0 0
1858| 8,4 0 0
1859| 8,7 0 0
1860| 8,999999 0 0
1861| 9,299999 0 0
1862| 9,599998 0 0
1863| 9,899999 0 0
1864| 10,2 4 0
1865| 10,5 8 0
1866| 10,8 12 0
1867| 11,1 16 0
1868| 11,4 20 0
1869| 11,7 24 0
1870| 12 28 0
1871| 12,3 32 0
1872| 12,6 36 0
1873| 12,9 40 0
1874| 13,2 43,99999 0
1875| 13,5 47,99999 0
1876| 13,79999 51,99999 0
1877| 14,09999 55,99999 0
1878| 14,39999 60 0
1879| 14,69999 64 0
1880| 14,99999 68 0
1881| 15,29999 72 0
1882| 15,59999 76,00001 0
1883| 15,89999 80,00001 0
1884| 16,19999 84,00001 0
1885| 16,49999 88,00002 0
1886| 16,79999 92,00002 0
1887| 17,09999 96,00002 0
1888| 17,39999 100 0
1889| 17,69999 104 0
1890| 17,99999 108 0
1891| 18,29999 112 0
1892| 18,59999 116 0
1893| 18,89999 120 0
1894| 19,19999 124 0
1895| 19,49999 128 0
1896| 19,79999 132 0
1897| 20,09999 136 0
1898| 20,39999 140 0
1899| 20,69999 144 0
1900| 20,99999 148 0
1901| 21,29999 152 0
1902| 21,59999 156 0
1903| 21,89999 160 0
1904| 22,19999 164 0
1905| 22,49999 168 0
1906| 22,79999 171,9999 0
1907| 23,09999 175,9999 0
1908| 23,39999 179,9999 0
1909| 23,69999 183,9999 0
1910| 23,99999 187,9999 0
1911| 24,29999 191,9999 0
1912| 24,59999 195,9999 0
1913| 24,89998 199,9999 0
1914| 0 0 0
1915| 0 0 0
1916| 0 0 0
1917| 0 0 0
1918| 0 0 0
1919| 0 0 0
1920| 0 0 0
1921| 0 0 0
1922| 0 0 0
1923| 0 0 0
1924| 0 0 0
1925| 0,3 0 0
1926| 0,6 0 0
1927| 0,9 0 0
1928| 1,2 0 0
1929| 1,5 0 0
1930| 1,8 0 0
1931| 2,1 0 0
1932| 2,4 0 0
1933| 2,7 0 0
1934| 3 0 0
1935| 3,299999 0 0
1936| 3,599999 0 0
1937| 3,899999 0 0
1938| 4,2 0 0
1939| 4,5 0 0
1940| 4,8 0 0
1941| 5,1 0 0
1942| 5,4 0 0
1943| 5,7 0 0
1944| 6 0 0
1945| 6,300001 0 0
1946| 6,600001 0 0
1947| 6,900001 0 0
1948| 7,200001 0 0
1949| 7,500001 0 0
1950| 7,800001 0 0
1951| 8,1 0 0
1952| 8,4 0 0
1953| 8,7 0 0
1954| 8,999999 0 0
1955| 9,299999 0 0
1956| 9,599998 0 0
1957| 9,899999 0 0
1958| 10,2 0 0
1959| 10,5 0 0
1960| 10,8 0 0
1961| 11,1 0 0
1962| 11,4 0 0
1963| 11,7 0 0
1964| 12 0 0
1965| 12,3 0 0
1966| 12,6 0 0
1967| 12,9 0 0
1968| 13,2 0 0
1969| 13,5 0 0
1970| 13,79999 0 0
1971| 14,09999 0 0
1972| 14,39999 0 0
1973| 14,69999 0 0
1974| 14,99999 0 0
1975| 15,29999 0 0
1976| 15,59999 0 0
1977| 15,89999 0 0
1978| 16,19999 0 0
1979| 16,49999 0 0
1980| 16,79999 0 0
1981| 17,09999 0 0
1982| 17,39999 0 0
1983| 17,69999 0 0
1984| 17,99999 0 0
1985| 18,29999 0 0
1986| 18,59999 0 0
1987| 18,89999 0 0
1988| 19,19999 0 0
1989| 19,49999 0 0
1990| 19,79999 0 0
1991| 20,09999 0 0
1992| 20,39999 0 0
1993| 20,69999 0 0
1994| 20,99999 0 0
1995| 21,29999 0 0
1996| 21,59999 0 0
1997| 21,89999 0 0
1998| 22,19999 0 0
1999| 22,49999 0 0
2000| 22,79999 0 0
2001| 23,09999 0 0
2002| 23,39999 0 0
2003| 23,69999 0 0
2004| 23,99999 0 0
2005| 24,29999 0 0
2006| 24,59999 0 0
2007| 24,89998 0 0
2008| 0 0 0
2009| 0 0 0
2010| 0 0 0
2011| 0 0 0
2012| 0 0 0
2013| 0 0 0
2014| 0 0 0
2015| 0 0 0
2016| 0 0 0
2017| 0 0 0
2018| 0 0 0
2019| 0 0 0
2020| 0 0 0
2021| 0,3 0 0
2022| 0,6 0 0
2023| 0,9 0 0
2024| 1,2 0 0
2025| 1,5 0 0
2026| 1,8 0 0
2027| 2,1 0 0
2028| 2,4 0 0
2029| 2,7 0 0
2030| 3 0 0
2031| 3,299999 0 0
2032| 3,599999 0 0
2033| 3,899999 0 0
2034| 4,2 0 0
2035| 4,5 0 0
2036| 4,8 0 0
2037| 5,1 0 0
2038| 5,4 0 0
2039| 5,7 0 0
2040| 6 0 0
2041| 6,300001 0 0
2042| 6,600001 0 0
2043| 6,900001 0 0
2044| 7,200001 0 0
2045| 7,500001 0 0
2046| 7,800001 0 0
2047| 8,1 0 0
2048| 8,4 0 0
2049| 8,7 0 0
2050| 8,999999 0 0
2051| 9,299999 0 0
2052| 9,599998 0 0
2053| 9,899999 0 0
2054| 10,2 0 0
2055| 10,5 -4 0
2056| 10,8 -8 0
2057| 11,1 -12 0
2058| 11,4 -16 0
2059| 11,7 -20 0
2060| 12 -24 0
2061| 12,3 -28 0
2062| 12,6 -32 0
2063| 12,9 -36 0
2064| 13,2 -40 0
2065| 13,5 -43,99999 0
2066| 13,79999 -47,99999 0
2067| 14,09999 -51,99999 0
2068| 14,39999 -55,99999 0
2069| 14,69999 -60 0
2070| 14,99999 -64 0
2071| 15,29999 -68 0
2072| 15,59999 -72 0
2073| 15,89999 -76,00001 0
2074| 16,19999 -80,00001 0
2075| 16,49999 -84,00001 0
2076| 16,79999 -88,00002 0
2077| 17,09999 -92,00002 0
2078| 17,39999 -96,00002 0
2079| 17,69999 -100 0
2080| 17,99999 -104 0
2081| 18,29999 -108 0
2082| 18,59999 -112 0
2083| 18,89999 -116 0
2084| 19,19999 -120 0
2085| 19,49999 -124 0
2086| 19,79999 -128 0
2087| 20,09999 -132 0
2088| 20,39999 -136 0
2089| 20,69999 -140 0
2090| 20,99999 -144 0
2091| 21,29999 -148 0
2092| 21,59999 -152 0
2093| 21,89999 -156 0
2094| 22,19999 -160 0
2095| 22,49999 -164 0
2096| 22,79999 -168 0
2097| 23,09999 -171,9999 0
2098| 23,39999 -175,9999 0
2099| 23,69999 -179,9999 0
2100| 23,99999 -183,9999 0
2101| 24,29999 -187,9999 0
2102| 24,59999 -191,9999 0
2103| 24,89998 -195,9999 0
2104| 25,19999 -199,9999 0
2105| 25,49998 -203,9999 0
2106| 25,79998 -207,9999 0
2107| 26,09998 -211,9999 0
2108| 26,39998 -215,9999 0
2109| 26,69998 -219,9999 0
2110| 26,99998 -223,9999 0
2111| 27,29998 -227,9999 0
2112| 27,29998 -231,9999 0
2113| 27,29998 -235,9999 0
2114| 27,29998 -239,9999 0
2115| 27,29998 -243,9999 0
2116| 27,29998 -247,9999 0
2117| 27,29998 -251,9999 0
2118| 27,29998 -255,9999 0
2119| 27,29998 -259,9999 0
2120| 27,29998 -263,9999 0
2121| 27,29998 -267,9999 0
2122| 27,29998 -271,9998 0
2123| 27,29998 -275,9998 0
2124| 27,29998 -279,9998 0
2125| 27,29998 -283,9998 0
2126| 27,29998 -287,9998 0
2127| 27,29998 -291,9998 0
2128| 27,29998 -295,9998 0
2129| 27,29998 -299,9998 0
2130| 27,29998 -303,9998 0
2131| 27,29998 -307,9998 0
2132| 27,29998 -311,9998 0
2133| 27,29998 -315,9998 0
2134| 27,29998 -319,9998 0
2135| 27,29998 -323,9998 0
2136| 27,29998 -327,9998 0
2137| 27,29998 -331,9998 0
2138| 27,29998 -335,9998 0
2139| 27,29998 -339,9998 0
2140| 27,29998 -343,9998 0
2141| 27,29998 -347,9998 0
2142| 0 0 0
2143| 0 0 0
2144| 0 0 0
2145| 0 0 0
2146| 0 0 0
2147| 0 0 0
2148| 0 0 0
2149| 0 0 0
2150| 0 0 0
2151| 0 0 0
2152| 0 0 0
2153| 0 0 0
2154| 0 0 0
2155| 0 0 0
2156| 0 0 0
2157| 0 0 0
2158| 0 0 0
2159| 0 0 0
2160| 0 0 0
2161| 0 0 0
2162| 0 0 0
2163| 0 0 0
2164| 0 0 0
2165| 0 0 0
2166| 0 0 0
2167| 0 0 0
2168| 0 0 0
2169| 0 0 0
2170| 0 0 0
2171| 0 0 0
2172| 0 0 0
2173| 0 0 0
2174| 0 0 0
2175| 0 0 0
2176| 0 0 0
2177| 0 0 0
2178| 0 0 0
2179| 0 0 0
2180| 0 0 0
2181| 0 0 0
2182| 0 0 0
2183| 0 0 0
2184| 0 0 0
2185| 0 0 0
2186| 0 0 0
2187| 0 0 0
2188| 0 0 0
2189| 0 0 0
2190| 0 0 0
2191| 0 0 0
2192| 0 0 0
2193| 0 0 0
2194| 0 0 0
2195| 0 0 0
2196| 0 0 0
2197| 0 0 0
2198| 0 0 0
2199| 0 0 0
2200| 0 0 0
2201| 0 0 0
2202| 0 0 0
2203| 0 0 0
2204| 0 0 0
2205| 0 0 0
2206| 0 0 0
2207| 0 0 0
2208| 0 0 0
2209| 0 0 0
2210| 0 0 0
2211| 0 0 0
2212| 0 0 0
2213| 0 0 0
2214| 0 0 0
2215| 0 0 0
2216| 0 0 0
2217| 0 0 0
2218| 0 0 0
2219| 0 0 0
2220| 0 0 0
2221| 0 0 0
2222| 0 0 0
2223| 0 0 0
2224| 0 0 0
2225| 0 0 0
2226| 0 0 0
2227| 0 0 0
2228| 0 0 0
2229| 0 0 0
2230| 0 0 0
2231| 0 0 0
2232| 0 0 0
2233| 0 0 0
2234| 0 0 0
2235| 0 0 0
2236| 0 0 0
2237| 0 0 0
2238| 0 0 0
2239| 0 0 0
2240| 0 0 0
2241| 0 0 0
2242| 0 0 0
2243| 0 0 0
2244| 0 0 0
2245| 0 0 0
2246| 0 0 0
2247| 0 0 0
2248| 0 0 0
2249| 0 0 0
2250| 0 0 0
2251| 0 0 0
2252| 0 0 0
2253| 0 0 0
2254| 0 0 0
2255| 0 0 0
2256| 0 0 0
2257| 0 0 0
2258| 0 0 0
2259| 0 0 0
2260| 0 0 0
2261| 0 0 0
2262| 0 0 0
2263| 0 0 0
2264| 0 0 0
2265| 0 0 0
2266| 0 0 0
2267| 0 0 0
2268| 0 0 0
2269| 0 0 0
2270| 0 0 0
2271| 0 0 0
2272| 0 0 0
2273| 0 0 0
2274| 0 0 0
2275| 0 0 0
2276| 0 0 0
2277| 0 0 0
2278| 0 0 0
2279| 0 0 0
2280| 0 0 0
2281| 0 0 0
2282| 0 0 0
2283| 0 0 0
2284| 0 0 0
2285| 0 0 0
2286| 0 0 0
2287| 0 0 0
2288| 0 0 0
2289| 0 0 0
2290| 0 0 0
2291| 0 0 0
2292| 0 0 0
2293| 0 0 0
2294| 0 0 0
2295| 0 0 0
2296| 0 0 0
2297| 0 0 0
2298| 0 0 0
2299| 0 0 0
2300| 0 0 0
2301| 0 0 0
2302| 0 0 0
2303| 0 0 0
2304| 0 0 0
2305| 0 0 0
2306| 0 0 0
2307| 0 0 0
2308| 0 0 0
2309| 0 0 0
2310| 0 0 0
2311| 0 0 0
2312| 0 0 0
2313| 0 0 0
2314| 0 0 0
2315| 0 0 0
2316| 0 0 0
2317| 0 0 0
2318| 0 0 0
2319| 0 0 0
2320| 0 0 0
2321| 0 0 0
2322| 0 0 0
2323| 0 0 0
2324| 0 0 0
2325| 0 0 0
2326| 0 0 0
2327| 0 0 0
2328| 0 0 0
2329| 0 0 0
2330| 0 0 0
2331| 0 0 0
2332| 0 0 0
2333| 0 0 0
2334| 0 0 0
2335| 0 0 0
2336| 0 0 0
2337| 0 0 0
2338| 0 0 0
2339| 0 0 0
2340| 0 0 0
2341| 0 0 0
2342| 0 0 0
2343| 0 0 0
2344| 0 0 0
2345| 0 0 0
2346| 0 0 0
2347| 0 0 0
2348| 0 0 0
2349| 0 0 0
2350| 0 0 0
2351| 0 0 0
2352| 0 0 0
2353| 0 0 0
2354| 0 0 0
2355| 0 0 0
2356| 0 0 0
2357| 0 0 0
2358| 0 0 0
2359| 0 0 0
2360| 0 0 0
2361| 0 0 0
2362| 0 0 0
2363| 0 0 0
2364| 0 0 0
2365| 0 0 0
2366| 0 0 0
2367| 0 0 0
2368| 0 0 0
2369| 0 0 0
2370| 0 0 0
2371| 0 0 0
2372| 0 0 0
2373| 0 0 0
2374| 0 0 0
2375| 0 0 0
2376| 0 0 0
2377| 0 0 0
2378| 0 0 0
2379| 0 0 0
2380| 0 0 0
2381| 0 0 0
2382| 0 0 0
2383| 0 0 0
2384| 0 0 0
2385| 0 0 0
2386| 0 0 0
2387| 0 0 0
2388| 0 0 0
2389| 0 0 0
2390| 0 0 0
2391| 0 0 0
2392| 0 0 0
2393| 0 0 0
2394| 0 0 0
2395| 0 0 0
2396| 0 0 0
2397| 0 0 0
2398| 0 0 0
2399| 0 0 0
2400| 0 0 0
2401| 0 0 0
2402| 0 0 0
2403| 0 0 0
2404| 0 0 0
2405| 0 0 0
2406| 0 0 0
2407| 0 0 0
2408| 0 0 0
2409| 0 0 0
2410| 0 0 0
2411| 0 0 0
2412| 0 0 0
2413| 0 0 0
2414| 0 0 0
2415| 0 0 0
2416| 0 0 0
2417| 0 0 0
2418| 0 0 0
2419| 0 0 0
2420| 0 0 0
2421| 0 0 0
2422| 0 0 0
2423| 0 0 0
2424| 0 0 0
2425| 0 0 0
2426| 0 0 0
2427| 0 0 0
2428| 0 0 0
2429| 0 0 0
2430| 0 0 0
2431| 0 0 0
2432| 0 0 0
2433| 0 0 0
2434| 0 0 0
2435| 0 0 0
2436| 0 0 0
2437| 0 0 0
2438| 0 0 0
2439| 0 0 0
2440| 0 0 0
2441| 0 0 0
2442| 0 0 0
2443| 0 0 0
2444| 0 0 0
2445| 0 0 0
2446| 0 0 0
2447| 0 0 0

