1| 0 0 0
2| 0 0 0
3| 0 0 0
4| 0 0 0
5| 0 0 0
6| 0 0 0
7| 0 0 0
8| 0 0 0
9| 0 0 0
10| 0 0 0
11| 0 0 0
12| 0 0 0
13| 0 0 0
14| 0 0 0
15| 0 0 0
16| 0 0 0
17| 0 0 0
18| 0 0 0
19| 0 0 0
20| 0 0 0
21| 0 0 0
22| 0 0 0
23| 0 0 0
24| 0 0 0
25| 0 0 0
26| 0 0 0
27| 0 0 0
28| 0 0 0
29| 0 0 0
30| 0 0 0
31| 0 4 0
32| 0 8 0
33| 0 12 0
34| 0 16 0
35| 0 20 0
36| 0 24 0
37| 0 28 0
38| 0 32 0
39| 0 36 0
40| 0 40 0
41| 0 43,99999 0
42| 0 47,99999 0
43| 0 51,99999 0
44| 0 55,99999 0
45| 0 60 0
46| 0 64 0
47| 0 68 0
48| 0 72 0
49| 0 76,00001 0
50| 0 80,00001 0
51| 0 84,00001 0
52| 0 88,00002 0
53| 0 92,00002 0
54| 0 96,00002 0
55| 0 100 0
56| 0,3 104 0
57| 0,6 108 0
58| 0,9 112 0
59| 1,2 116 0
60| 1,2 120 0
61| 1,2 124 0
62| 1,2 128 0
63| 1,2 132 0
64| 1,2 136 0
65| 1,2 140 0
66| 1,2 144 0
67| 1,2 148 0
68| 1,2 152 0
69| 1,2 156 0
70| 1,2 160 0
71| 1,2 164 0
72| 1,2 168 0
73| 1,2 171,9999 0
74| 1,2 175,9999 0
75| 1,2 179,9999 0
76| 1,2 183,9999 0
77| 1,2 187,9999 0
78| 1,2 191,9999 0
79| 1,2 195,9999 0
80| 1,2 199,9999 0
81| 1,2 203,9999 0
82| 1,2 207,9999 0
83| 1,2 211,9999 0
84| 1,2 215,9999 0
85| 1,2 219,9999 0
86| 1,2 223,9999 0
87| 1,2 227,9999 0
88| 1,2 231,9999 0
89| 1,2 235,9999 0
90| 1,2 239,9999 0
91| 1,2 243,9999 0
92| 1,2 247,9999 0
93| 1,2 251,9999 0
94| 1,2 255,9999 0
95| 1,2 259,9999 0
96| 1,2 263,9999 0
97| 1,2 267,9999 0
98| 1,2 271,9998 0
99| 1,2 275,9998 0
100| 1,2 279,9998 0
101| 1,2 283,9998 0
102| 1,2 287,9998 0
103| 1,2 291,9998 0
104| 1,2 295,9998 0
105| 1,2 299,9998 0
106| 1,2 303,9998 0
107| 1,2 307,9998 0
108| 1,2 311,9998 0
109| 1,2 315,9998 0
110| 1,2 319,9998 0
111| 1,2 323,9998 0
112| 1,2 327,9998 0
113| 1,2 331,9998 0
114| 1,2 335,9998 0
115| 1,2 339,9998 0
116| 1,2 343,9998 0
117| 1,2 347,9998 0
118| 1,2 351,9998 0
119| 1,2 355,9998 0
120| 1,2 359,9998 0
121| 1,2 363,9998 0
122| 1,2 367,9998 0
123| 1,2 371,9998 0
124| 1,2 375,9998 0
125| 1,2 379,9998 0
126| 1,2 383,9998 0
127| 1,5 387,9998 0
128| 1,8 391,9998 0
129| 2,1 395,9998 0
130| 2,1 399,9997 0
131| 2,1 403,9998 0
132| 2,1 400 0
133| 2,1 400 0
134| 2,1 400 0
135| 2,1 400 0
136| 2,1 400 0
137| 0 400 0
138| -0,3 400 0
139| -0,6 400 0
140| -0,9 400 0
141| -1,2 400 0
142| -1,5 400 0
143| -1,8 400 0
144| -2,1 400 0
145| -2,4 400 0
146| -2,7 400 0
147| -3 400 0
148| -3,299999 400 0
149| -3,599999 400 0
150| -3,899999 400 0
151| -4,2 400 0
152| -4,5 400 0
153| -4,8 400 0
154| -5,1 400 0
155| -5,4 400 0
156| -5,7 400 0
157| -6 400 0
158| -6 400 0
159| 0 0 0
160| 0 0 0
161| 0 0 0
162| 0 0 0
163| 0 0 0
164| 0 0 0
165| 0 0 0
166| 0 0 0
167| 0 0 0
168| -0,3 0 0
169| 0 0 0
170| 0 0 0
171| 0 0 0
172| 0 0 0
173| 0 0 0
174| 0 4 0
175| 0 8 0
176| -0,3 12 0
177| -0,6 16 0
178| -0,9 20 0
179| -1,2 24 0
180| -1,5 28 0
181| -1,8 32 0
182| -2,1 36 0
183| -2,4 40 0
184| -2,7 43,99999 0
185| -3 47,99999 0
186| -3 51,99999 0
187| -3 55,99999 0
188| -3 60 0
189| -3 64 0
190| -3 68 0
191| -3 72 0
192| -3 76,00001 0
193| -3,299999 80,00001 0
194| -3,599999 84,00001 0
195| -3,899999 88,00002 0
196| -4,2 92,00002 0
197| -4,5 92,00002 0
198| -4,8 92,00002 0
199| -5,1 92,00002 0
200| 0 0 0
201| 0 0 0
202| 0 0 0
203| 0 0 0
204| 0 0 0
205| 0 0 0
206| 0 0 0
207| 0 4 0
208| 0 8 0
209| 0 12 0
210| 0 16 0
211| 0 20 0
212| -0,3 24 0
213| -0,6 28 0
214| -0,9 28 0
215| -1,2 28 0
216| -1,5 28 0
217| 0 0 0
218| 0 0 0
219| 0 0 0
220| 0 0 0
221| 0 0 0
222| 0 0 0
223| 0 4 0
224| 0 8 0
225| 0 12 0
226| 0 16 0
227| -0,3 20 0
228| -0,6 24 0
229| -0,9 28 0
230| -1,2 28 0
231| -1,5 28 0
232| -1,8 28 0
233| -2,1 28 0
234| -2,4 28 0
235| -2,7 28 0
236| -2,7 32 0
237| -2,7 36 0
238| -2,7 40 0
239| -2,7 43,99999 0
240| -2,7 47,99999 0
241| -2,7 51,99999 0
242| -2,7 55,99999 0
243| -2,7 60 0
244| -3 64 0
245| -3,299999 64 0
246| -3,599999 64 0
247| -3,899999 64 0
248| -4,2 64 0
249| -4,5 64 0
250| -4,8 64 0
251| -5,1 64 0
252| 0 0 0
253| 0 0 0
254| 0 4 0
255| 0 8 0
256| 0 12 0
257| 0 16 0
258| 0 20 0
259| 0 24 0
260| 0 28 0
261| 0 32 0
262| 0 0 0
263| 0 0 0
264| 0 0 0
265| 0 0 0
266| 0 0 0
267| 0 0 0
268| 0 0 0
269| 0 0 0
270| 0 0 0
271| 0 4 0
272| 0 8 0
273| 0 12 0
274| 0 16 0
275| 0 20 0
276| 0 0 0
277| 0 0 0
278| 0 0 0
279| 0 0 0
280| 0 4 0
281| 0 8 0
282| 0 12 0
283| 0 16 0
284| 0 0 0
285| 0 0 0
286| 0 0 0
287| 0 0 0
288| 0 4 0
289| 0 8 0
290| 0 12 0
291| 0 16 0
292| 0 0 0
293| 0 0 0
294| 0 0 0
295| 0 0 0
296| 0 0 0
297| 0 0 0
298| 0 4 0
299| 0 8 0
300| -0,3 12 0
301| -0,6 16 0
302| -0,9 16 0
303| -1,2 16 0
304| -1,5 16 0
305| 0 0 0
306| 0 0 0
307| 0 0 0
308| 0 0 0
309| 0 0 0
310| 0 0 0
311| 0 0 0
312| 0 0 0
313| 0 0 0
314| 0 0 0
315| -0,3 0 0
316| -0,6 0 0
317| -0,9 0 0
318| -1,2 0 0
319| -1,5 0 0
320| -1,8 0 0
321| -2,1 0 0
322| 0 0 0
323| 0 0 0
324| 0 4 0
325| 0 8 0
326| 0 12 0
327| 0 16 0
328| 0 20 0
329| 0 24 0
330| 0 28 0
331| 0 32 0
332| 0 36 0
333| 0 40 0
334| 0 43,99999 0
335| 0 47,99999 0
336| 0 51,99999 0
337| 0 55,99999 0
338| 0 60 0
339| 0 0 0
340| 0 0 0
341| 0 0 0
342| 0 0 0
343| 0 4 0
344| 0 8 0
345| 0 12 0
346| 0 16 0
347| 0 0 0
348| 0 0 0
349| 0 0 0
350| 0 0 0
351| 0 4 0
352| 0 8 0
353| 0 12 0
354| 0 16 0
355| 0 0 0
356| 0 0 0
357| 0 0 0
358| 0 4 0
359| 0 8 0
360| 0 12 0
361| 0 16 0
362| 0 0 0
363| 0 0 0
364| 0 0 0
365| 0 0 0
366| 0 4 0
367| 0 8 0
368| 0 12 0
369| 0 16 0
370| 0 20 0
371| 0 24 0
372| 0 28 0
373| 0 0 0
374| 0 0 0
375| 0 0 0
376| 0 0 0
377| 0 4 0
378| 0 8 0
379| 0 12 0
380| 0 0 0
381| 0 0 0
382| 0 0 0
383| 0 0 0
384| 0 4 0
385| 0 8 0
386| 0 12 0
387| 0 0 0
388| 0 0 0
389| 0 0 0
390| 0 0 0
391| 0 0 0
392| 0 0 0
393| 0 4 0
394| 0 8 0
395| 0 12 0
396| 0 16 0
397| 0 20 0
398| -0,3 24 0
399| -0,6 28 0
400| -0,9 32 0
401| -1,2 36 0
402| 0 0 0
403| 0 0 0
404| 0 0 0
405| 0 0 0
406| 0 0 0
407| 0 0 0
408| 0 0 0
409| 0 0 0
410| 0 4 0
411| 0 8 0
412| 0 0 0
413| 0 0 0
414| 0 0 0
415| 0 0 0
416| 0 0 0
417| 0 0 0
418| 0 0 0
419| 0 0 0
420| 0 0 0
421| 0 0 0
422| -0,3 0 0
423| -0,6 0 0
424| -0,9 0 0
425| -1,2 0 0
426| -1,5 0 0
427| -1,8 0 0
428| -2,1 0 0
429| -2,4 0 0
430| 0 0 0
431| 0 0 0
432| 0 0 0
433| 0 0 0
434| 0 0 0
435| 0 0 0
436| 0 0 0
437| 0 0 0
438| 0 0 0
439| 0 0 0
440| 0 0 0
441| 0 0 0
442| 0 0 0
443| 0 0 0
444| 0 0 0
445| 0 0 0
446| 0 0 0
447| 0 0 0
448| 0 0 0
449| 0 0 0
450| -0,3 0 0
451| -0,6 0 0
452| -0,9 0 0
453| -1,2 0 0
454| 0 0 0
455| 0 0 0
456| 0 0 0
457| 0 0 0
458| 0 0 0
459| 0 0 0
460| 0 0 0
461| 0 0 0
462| 0 0 0
463| 0 0 0
464| 0 0 0
465| 0 0 0
466| 0 0 0
467| 0 4 0
468| 0 8 0
469| 0 12 0
470| 0 0 0
471| 0 0 0
472| 0 0 0
473| 0 0 0
474| 0 0 0
475| 0 0 0
476| 0 4 0
477| 0 8 0
478| 0 12 0
479| 0 16 0
480| 0 0 0
481| 0 0 0
482| 0 0 0
483| 0 4 0
484| 0 8 0
485| 0 12 0
486| 0 16 0
487| 0 20 0
488| 0 0 0
489| 0 0 0
490| 0 0 0
491| 0 0 0
492| 0 0 0
493| 0 4 0
494| 0 8 0
495| 0 12 0
496| 0 16 0
497| 0 20 0
498| 0 0 0
499| 0 0 0
500| 0 0 0
501| 0 0 0
502| 0 0 0
503| 0 4 0
504| 0 8 0
505| 0 12 0
506| 0 16 0
507| 0 20 0
508| 0 24 0
509| 0 0 0
510| 0 0 0
511| 0 0 0
512| 0 0 0
513| 0 4 0
514| 0 8 0
515| 0 12 0
516| 0 16 0
517| 0 20 0
518| 0 24 0
519| 0 0 0
520| 0 0 0
521| 0 0 0
522| 0 0 0
523| 0 0 0
524| 0 0 0
525| 0 0 0
526| 0 0 0
527| 0 0 0
528| 0 0 0
529| 0 0 0
530| 0 0 0
531| 0 0 0
532| 0 0 0
533| 0 0 0
534| 0 0 0
535| 0 0 0
536| 0 0 0
537| 0 0 0
538| 0 0 0
539| 0 0 0
540| 0 0 0
541| 0 4 0
542| 0 8 0
543| 0 12 0
544| 0 16 0
545| 0 20 0
546| 0 24 0
547| 0 28 0
548| 0 32 0
549| 0 36 0
550| 0 40 0
551| 0 43,99999 0
552| 0 47,99999 0
553| 0 51,99999 0
554| 0 55,99999 0
555| 0 60 0
556| 0 64 0
557| 0 68 0
558| 0 0 0
559| 0 0 0
560| 0 0 0
561| 0 0 0
562| 0 0 0
563| -0,3 0 0
564| -0,6 0 0
565| -0,9 0 0
566| -1,2 0 0
567| -1,5 0 0
568| -1,8 0 0
569| -2,1 0 0
570| -2,4 0 0
571| -2,7 0 0
572| -3 0 0
573| -3,299999 0 0
574| -3,599999 0 0
575| -3,899999 0 0
576| -4,2 0 0
577| -4,5 0 0
578| -4,8 0 0
579| -5,1 0 0
580| -5,4 0 0
581| -5,7 0 0
582| -6 0 0
583| -6,300001 0 0
584| -6,600001 0 0
585| -6,900001 0 0
586| -7,200001 0 0
587| -7,500001 0 0
588| -7,800001 0 0
589| -8,1 0 0
590| -8,4 0 0
591| -8,7 0 0
592| -8,999999 0 0
593| -9,299999 0 0
594| -9,599998 0 0
595| -9,899999 0 0
596| -10,2 0 0
597| -10,5 0 0
598| -10,8 0 0
599| -11,1 0 0
600| -11,4 0 0
601| -11,7 0 0
602| -12 0 0
603| -12,3 0 0
604| -12,6 0 0
605| -12,9 0 0
606| -13,2 0 0
607| -13,5 0 0
608| -13,79999 0 0
609| -14,09999 0 0
610| -14,39999 0 0
611| -14,69999 0 0
612| -14,99999 0 0
613| -15,29999 0 0
614| -15,59999 0 0
615| -15,89999 0 0
616| -16,19999 0 0
617| -16,49999 0 0
618| -16,79999 0 0
619| -17,09999 0 0
620| -17,39999 0 0
621| -17,69999 0 0
622| -17,99999 0 0
623| -18,29999 0 0
624| -18,59999 0 0
625| -18,89999 0 0
626| -19,19999 0 0
627| -19,49999 0 0
628| -19,79999 0 0
629| -20,09999 0 0
630| -20,39999 0 0
631| -20,69999 0 0
632| -20,99999 0 0
633| -21,29999 0 0
634| -21,59999 0 0
635| -21,89999 0 0
636| -22,19999 0 0
637| -22,49999 0 0
638| -22,79999 0 0
639| -23,09999 0 0
640| -23,39999 0 0
641| -23,69999 0 0
642| -23,99999 0 0
643| -24,29999 0 0
644| -24,59999 0 0
645| -24,89998 0 0
646| -25,19999 0 0
647| -25,49998 0 0
648| -25,79998 0 0
649| -26,09998 0 0
650| -26,39998 0 0
651| -26,69998 0 0
652| -26,99998 0 0
653| -27,29998 0 0
654| -27,59998 0 0
655| -27,89998 0 0
656| -28,19998 0 0
657| -28,49998 0 0
658| -28,79998 0 0
659| -29,09998 0 0
660| -29,39998 0 0
661| -29,69998 0 0
662| -29,99998 0 0
663| -30,29998 0 0
664| -30 0 0
665| -30 0 0
666| -30 0 0
667| -30 0 0
668| -30 0 0
669| -30 0 0
670| -30 0 0
671| -30 0 0
672| -30 0 0
673| -30 0 0
674| -30 0 0
675| -30 0 0
676| -30 0 0
677| -30 0 0
678| -30 0 0
679| -30 0 0
680| -30 0 0
681| -30 0 0
682| -30 0 0
683| -30 0 0
684| -30 0 0
685| -30 0 0
686| -30 0 0
687| -30 0 0
688| -30 0 0
689| -30 0 0
690| -30 0 0
691| -30 0 0
692| -30 0 0
693| -30 0 0
694| -30 4 0
695| -30 8 0
696| -30 12 0
697| -30 16 0
698| -30 20 0
699| -30 24 0
700| -30 28 0
701| -30 32 0
702| -30 36 0
703| -30 40 0
704| -30 43,99999 0
705| -30 47,99999 0
706| -30 51,99999 0
707| -30 55,99999 0
708| 0 60 0
709| 0,3 64 0
710| 0,6 68 0
711| 0,9 72 0
712| 1,2 76,00001 0
713| 1,5 80,00001 0
714| 1,8 84,00001 0
715| 2,1 88,00002 0
716| 2,4 92,00002 0
717| 2,7 96,00002 0
718| 3 100 0
719| 3,299999 104 0
720| 3,599999 108 0
721| 3,899999 112 0
722| 4,2 116 0
723| 4,5 120 0
724| 4,8 124 0
725| 5,1 128 0
726| 5,4 132 0
727| 5,7 136 0
728| 5,7 140 0
729| 5,7 144 0
730| 5,7 148 0
731| 5,7 152 0
732| 5,7 156 0
733| 5,7 160 0
734| 5,7 164 0
735| 5,7 168 0
736| 5,7 171,9999 0
737| 5,7 175,9999 0
738| 5,7 179,9999 0
739| 5,7 183,9999 0
740| 5,7 187,9999 0
741| 5,7 191,9999 0
742| 5,7 195,9999 0
743| 5,7 199,9999 0
744| 5,7 203,9999 0
745| 5,7 207,9999 0
746| 5,7 211,9999 0
747| 5,7 215,9999 0
748| 5,7 219,9999 0
749| 5,7 223,9999 0
750| 5,7 227,9999 0
751| 5,7 231,9999 0
752| 5,7 235,9999 0
753| 5,7 239,9999 0
754| 5,7 243,9999 0
755| 5,7 247,9999 0
756| 5,7 251,9999 0
757| 5,7 255,9999 0
758| 5,7 259,9999 0
759| 0 263,9999 0
760| -0,3 267,9999 0
761| -0,6 271,9998 0
762| -0,9 275,9998 0
763| -1,2 279,9998 0
764| -1,5 283,9998 0
765| -1,5 287,9998 0
766| -1,5 291,9998 0
767| -1,5 295,9998 0
768| -1,5 299,9998 0
769| -1,5 303,9998 0
770| -1,8 307,9998 0
771| -2,1 311,9998 0
772| -2,4 315,9998 0
773| -2,7 319,9998 0
774| -3 323,9998 0
775| -3 327,9998 0
776| -3 331,9998 0
777| -3 335,9998 0
778| -3 339,9998 0
779| -3 343,9998 0
780| -3 347,9998 0
781| -3 351,9998 0
782| -3 355,9998 0
783| -3 359,9998 0
784| -3 363,9998 0
785| -3 367,9998 0
786| -3 371,9998 0
787| -3 375,9998 0
788| -3 379,9998 0
789| -3 383,9998 0
790| -3 387,9998 0
791| -3 391,9998 0
792| -3 395,9998 0
793| -3 399,9997 0
794| -3 403,9998 0
795| -3 400 0
796| -3 400 0
797| -3 400 0
798| 0 0 0
799| 0 0 0
800| 0 0 0
801| 0 0 0
802| 0 0 0
803| 0 0 0
804| 0 0 0
805| 0 4 0
806| 0 8 0
807| 0 12 0
808| 0 16 0
809| 0 20 0
810| 0 24 0
811| 0 28 0
812| 0 32 0
813| -0,3 36 0
814| -0,6 40 0
815| -0,9 43,99999 0
816| -1,2 47,99999 0
817| -1,5 51,99999 0
818| -1,8 55,99999 0
819| -2,1 60 0
820| -2,4 64 0
821| -2,7 68 0
822| -3 72 0
823| -3,299999 76,00001 0
824| -3,599999 80,00001 0
825| -3,899999 84,00001 0
826| -4,2 88,00002 0
827| -4,5 92,00002 0
828| -4,8 96,00002 0
829| -5,1 100 0
830| -5,4 104 0
831| -5,7 108 0
832| -6 112 0
833| -6,300001 116 0
834| -6,600001 120 0
835| -6,900001 124 0
836| -7,200001 128 0
837| -7,500001 132 0
838| -7,800001 136 0
839| -8,1 140 0
840| -8,4 144 0
841| -8,7 148 0
842| -8,999999 152 0
843| -9,299999 156 0
844| -9,599998 160 0
845| -9,899999 164 0
846| -10,2 168 0
847| -10,5 171,9999 0
848| -10,8 175,9999 0
849| -11,1 179,9999 0
850| -11,4 183,9999 0
851| -11,7 187,9999 0
852| -12 191,9999 0
853| -12,3 195,9999 0
854| -12,6 199,9999 0
855| -12,9 199,9999 0
856| -13,2 199,9999 0
857| 0 0 0
858| 0 0 0
859| 0 0 0
860| 0 0 0
861| 0 0 0
862| 0 0 0
863| 0 0 0
864| 0 0 0
865| 0 0 0
866| 0 0 0
867| 0 0 0
868| 0 0 0
869| -0,3 0 0
870| -0,6 0 0
871| -0,9 0 0
872| -1,2 0 0
873| -1,5 0 0
874| -1,8 0 0
875| -2,1 0 0
876| -2,4 4 0
877| -2,7 8 0
878| -3 12 0
879| -3,299999 16 0
880| -3,599999 20 0
881| -3,899999 24 0
882| -4,2 28 0
883| -4,5 32 0
884| -4,8 36 0
885| -5,1 40 0
886| -5,4 43,99999 0
887| -5,7 47,99999 0
888| -6 51,99999 0
889| -6,300001 55,99999 0
890| -6,600001 60 0
891| -6,900001 64 0
892| -7,200001 68 0
893| -7,500001 72 0
894| -7,800001 76,00001 0
895| -8,1 80,00001 0
896| -8,4 84,00001 0
897| -8,7 88,00002 0
898| -8,999999 92,00002 0
899| -9,299999 96,00002 0
900| -9,599998 100 0
901| -9,899999 104 0
902| -9,899999 108 0
903| 0 0 0
904| 0 0 0
905| 0 0 0
906| 0 0 0
907| 0 0 0
908| 0 0 0
909| 0 0 0
910| 0 0 0
911| 0 0 0
912| 0 0 0
913| 0 0 0
914| 0 4 0
915| 0 8 0
916| 0 12 0
917| 0 16 0
918| 0 20 0
919| 0 24 0
920| 0 28 0
921| 0 32 0
922| 0 36 0
923| 0 40 0
924| 0 43,99999 0
925| 0 47,99999 0
926| 0 51,99999 0
927| 0 55,99999 0
928| 0 60 0
929| 0 64 0
930| 0 68 0
931| 0 72 0
932| 0 76,00001 0
933| 0 80,00001 0
934| 0 84,00001 0
935| 0 88,00002 0
936| 0 92,00002 0
937| 0 96,00002 0
938| 0 100 0
939| 0 104 0
940| 0 108 0
941| 0 112 0
942| 0 116 0
943| 0 120 0
944| 0 124 0
945| 0 128 0
946| 0 132 0
947| 0 136 0
948| 0 140 0
949| 0 144 0
950| 0 148 0
951| 0 152 0
952| 0 156 0
953| 0 160 0
954| 0 164 0
955| 0 168 0
956| 0 171,9999 0
957| 0 175,9999 0
958| 0 179,9999 0
959| 0 183,9999 0
960| 0 187,9999 0
961| 0 191,9999 0
962| 0 195,9999 0
963| 0 199,9999 0
964| 0 203,9999 0
965| 0 207,9999 0
966| 0 211,9999 0
967| 0 215,9999 0
968| 0 219,9999 0
969| 0 223,9999 0
970| 0 227,9999 0
971| 0 231,9999 0
972| 0 0 0
973| 0 0 0
974| 0 0 0
975| 0 0 0
976| 0 0 0
977| 0 0 0
978| 0 0 0
979| 0 0 0
980| 0 0 0
981| 0 0 0
982| 0 0 0
983| 0 0 0
984| 0 0 0
985| 0 0 0
986| 0 4 0
987| 0 8 0
988| 0 12 0
989| 0 16 0
990| 0 20 0
991| 0 24 0
992| 0 28 0
993| 0 32 0
994| 0 36 0
995| 0 40 0
996| 0 43,99999 0
997| 0 47,99999 0
998| 0 51,99999 0
999| 0 55,99999 0
1000| 0 60 0
1001| 0 64 0
1002| 0 68 0
1003| 0 72 0
1004| 0 76,00001 0
1005| 0 80,00001 0
1006| 0 84,00001 0
1007| 0 88,00002 0
1008| 0 92,00002 0
1009| 0 96,00002 0
1010| 0 100 0
1011| 0 104 0
1012| 0 108 0
1013| 0 112 0
1014| 0 116 0
1015| 0 120 0
1016| 0 124 0
1017| 0 128 0
1018| 0 132 0
1019| 0 136 0
1020| 0 140 0
1021| 0 144 0
1022| 0 0 0
1023| 0 0 0
1024| 0 0 0
1025| 0 0 0
1026| 0 0 0
1027| 0 0 0
1028| 0 0 0
1029| 0 0 0
1030| 0 0 0
1031| 0 0 0
1032| 0 0 0
1033| 0 0 0
1034| 0 0 0
1035| 0 0 0
1036| 0 0 0
1037| 0 0 0
1038| 0 0 0
1039| 0 0 0
1040| 0 0 0
1041| 0 0 0
1042| 0 0 0
1043| 0 0 0
1044| 0 0 0
1045| 0 0 0
1046| -0,3 0 0
1047| -0,6 0 0
1048| -0,9 0 0
1049| -1,2 0 0
1050| -1,5 0 0
1051| -1,8 0 0
1052| -2,1 0 0
1053| -2,4 0 0
1054| -2,7 0 0
1055| -3 0 0
1056| -3,299999 0 0
1057| -3,599999 0 0
1058| -3,899999 0 0
1059| -4,2 0 0
1060| -4,5 0 0
1061| -4,8 0 0
1062| -5,1 0 0
1063| -5,4 0 0
1064| -5,7 0 0
1065| -6 0 0
1066| -6,300001 0 0
1067| -6,600001 0 0
1068| -6,900001 0 0
1069| -7,200001 0 0
1070| -7,500001 0 0
1071| -7,800001 0 0
1072| -8,1 0 0
1073| -8,4 0 0
1074| -8,7 0 0
1075| -8,999999 0 0
1076| -9,299999 0 0
1077| -9,599998 0 0
1078| -9,899999 0 0
1079| -10,2 0 0
1080| -10,5 0 0
1081| -10,8 0 0
1082| -11,1 0 0
1083| -11,4 0 0
1084| -11,7 0 0
1085| -12 0 0
1086| -12,3 0 0
1087| -12,6 0 0
1088| -12,9 0 0
1089| -13,2 0 0
1090| -13,5 0 0
1091| -13,79999 0 0
1092| -14,09999 0 0
1093| -14,39999 0 0
1094| -14,69999 0 0
1095| -14,99999 0 0
1096| -15,29999 0 0
1097| -15,59999 0 0
1098| -15,89999 0 0
1099| -16,19999 0 0
1100| -16,49999 0 0
1101| -16,79999 0 0
1102| -17,09999 0 0
1103| -17,39999 0 0
1104| -17,69999 0 0
1105| -17,99999 0 0
1106| -18,29999 0 0
1107| -18,59999 0 0
1108| -18,89999 0 0
1109| -19,19999 0 0
1110| -19,49999 0 0
1111| -19,79999 0 0
1112| -20,09999 0 0
1113| -20,39999 0 0
1114| -20,69999 0 0
1115| -20,99999 0 0
1116| -21,29999 0 0
1117| -21,59999 0 0
1118| -21,89999 0 0
1119| -22,19999 0 0
1120| -22,49999 0 0
1121| -22,79999 0 0
1122| -23,09999 4 0
1123| -23,39999 8 0
1124| -23,69999 12 0
1125| -23,99999 16 0
1126| -24,29999 20 0
1127| -24,59999 24 0
1128| -24,89998 28 0
1129| -25,19999 28 0
1130| -25,49998 28 0
1131| -25,79998 28 0
1132| -26,09998 28 0
1133| -26,39998 28 0
1134| -26,69998 28 0
1135| -26,99998 28 0
1136| -27,29998 28 0
1137| -27,59998 28 0
1138| -27,89998 28 0
1139| -28,19998 28 0
1140| -28,49998 28 0
1141| -28,79998 28 0
1142| -29,09998 28 0
1143| -29,39998 28 0
1144| -29,69998 28 0
1145| -29,99998 28 0
1146| -30,29998 28 0
1147| -30 28 0
1148| -30 28 0
1149| -30 28 0
1150| -30 28 0
1151| -30 28 0
1152| -30 28 0
1153| -30 28 0
1154| -30 28 0
1155| -30 28 0
1156| -30 28 0
1157| -30 28 0
1158| -30 28 0
1159| -30 28 0
1160| -30 28 0
1161| -30 28 0
1162| -30 28 0
1163| -30 28 0
1164| -30 28 0
1165| -30 28 0
1166| -30 28 0
1167| -30 28 0
1168| -30 28 0
1169| -30 28 0
1170| -30 28 0
1171| -30 28 0
1172| -30 28 0
1173| -30 28 0
1174| -30 28 0
1175| -30 28 0
1176| -30 28 0
1177| -30 28 0
1178| -30 28 0
1179| -30 28 0
1180| -30 28 0
1181| -30 28 0
1182| -30 28 0
1183| -30 28 0
1184| -30 28 0
1185| -30 28 0
1186| -30 28 0
1187| -30 28 0
1188| -30 28 0
1189| -30 28 0
1190| -30 28 0
1191| -30 28 0
1192| -30 28 0
1193| -30 28 0
1194| -30 28 0
1195| -30 28 0
1196| -30 28 0
1197| -30 28 0
1198| -30 28 0
1199| -30 28 0
1200| -30 28 0
1201| -30 28 0
1202| -30 28 0
1203| -30 28 0
1204| -30 28 0
1205| -30 28 0
1206| -30 28 0
1207| -30 28 0
1208| -30 28 0
1209| -30 28 0
1210| -30 28 0
1211| -30 28 0
1212| -30 28 0
1213| -30 28 0
1214| -30 28 0
1215| -30 28 0
1216| -30 28 0
1217| -30 28 0
1218| -30 32 0
1219| -30 36 0
1220| -30 40 0
1221| -30 43,99999 0
1222| -30 47,99999 0
1223| -30 51,99999 0
1224| -30 55,99999 0
1225| -30 60 0
1226| -30 64 0
1227| -30 68 0
1228| -30 72 0
1229| -30 76,00001 0
1230| -30 80,00001 0
1231| -30 84,00001 0
1232| 0 88,00002 0
1233| 0,3 92,00002 0
1234| 0,6 96,00002 0
1235| 0,9 100 0
1236| 1,2 104 0
1237| 1,2 108 0
1238| 1,2 112 0
1239| 1,2 116 0
1240| 1,2 120 0
1241| 1,2 124 0
1242| 1,2 128 0
1243| 1,2 132 0
1244| 1,2 136 0
1245| 1,2 140 0
1246| 1,2 144 0
1247| 1,2 148 0
1248| 1,2 152 0
1249| 1,2 156 0
1250| 1,2 160 0
1251| 1,2 164 0
1252| 1,2 168 0
1253| 1,2 171,9999 0
1254| 1,2 175,9999 0
1255| 1,2 179,9999 0
1256| 1,2 183,9999 0
1257| 1,2 187,9999 0
1258| 1,2 191,9999 0
1259| 1,2 195,9999 0
1260| 1,2 199,9999 0
1261| 1,2 203,9999 0
1262| 1,2 207,9999 0
1263| 1,2 211,9999 0
1264| 1,2 215,9999 0
1265| 1,2 219,9999 0
1266| 1,2 223,9999 0
1267| 1,2 227,9999 0
1268| 1,5 231,9999 0
1269| 1,8 235,9999 0
1270| 2,1 239,9999 0
1271| 2,4 243,9999 0
1272| 2,4 247,9999 0
1273| 2,4 251,9999 0
1274| 2,4 255,9999 0
1275| 0 0 0
1276| 0 0 0
1277| 0 0 0
1278| 0 0 0
1279| 0 0 0
1280| 0 0 0
1281| 0 0 0
1282| 0 0 0
1283| 0 0 0
1284| 0 0 0
1285| 0 0 0
1286| 0 0 0
1287| 0 0 0
1288| 0 0 0
1289| 0 0 0
1290| 0 0 0
1291| 0 0 0
1292| 0 0 0
1293| 0 0 0
1294| 0 0 0
1295| 0 0 0
1296| 0 0 0
1297| 0 0 0
1298| 0 0 0
1299| 0 0 0
1300| 0 0 0
1301| 0 0 0
1302| 0 0 0
1303| 0 0 0
1304| 0 0 0
1305| 0 0 0
1306| 0 0 0
1307| 0 0 0
1308| 0 0 0
1309| 0 0 0
1310| 0 0 0
1311| 0 0 0
1312| 0 0 0
1313| 0 0 0
1314| 0 0 0
1315| 0 0 0
1316| 0 0 0
1317| 0 0 0
1318| 0 0 0
1319| 0 0 0
1320| 0 0 0
1321| 0 0 0
1322| 0 0 0
1323| 0 0 0
1324| 0 0 0
1325| 0 0 0
1326| 0 0 0
1327| 0 0 0
1328| 0 0 0
1329| 0 0 0
1330| 0 0 0
1331| 0 0 0
1332| 0 0 0
1333| 0 0 0
1334| 0 0 0
1335| 0 0 0
1336| 0 -4 0
1337| 0 -8 0
1338| 0 -12 0
1339| 0 -16 0
1340| 0 -20 0
1341| 0 -24 0
1342| 0 -28 0
1343| 0 -32 0
1344| 0 -36 0
1345| 0 -40 0
1346| 0 -43,99999 0
1347| 0 -47,99999 0
1348| 0 -51,99999 0
1349| 0 -55,99999 0
1350| 0 -60 0
1351| 0 -64 0
1352| 0 -68 0
1353| 0 -72 0
1354| 0 -76,00001 0
1355| 0 -80,00001 0
1356| 0 -84,00001 0
1357| 0 -88,00002 0
1358| 0 -92,00002 0
1359| 0 -96,00002 0
1360| 0 -100 0
1361| 0 -104 0
1362| 0 -108 0
1363| 0 -112 0
1364| 0 -116 0
1365| 0 -120 0
1366| 0 -124 0
1367| 0 -128 0
1368| 0 -132 0
1369| 0 -136 0
1370| 0 -140 0
1371| 0 -144 0
1372| 0 -148 0
1373| 0 -152 0
1374| 0 -156 0
1375| 0 -160 0
1376| 0 -164 0
1377| 0 -168 0
1378| 0 -171,9999 0
1379| 0 -175,9999 0
1380| 0 -179,9999 0
1381| 0 -183,9999 0
1382| 0 -187,9999 0
1383| 0 -191,9999 0
1384| 0 -195,9999 0
1385| 0 -199,9999 0
1386| 0 -203,9999 0
1387| 0 -207,9999 0
1388| 0 -211,9999 0
1389| 0 -215,9999 0
1390| 0 0 0
1391| 0,3 0 0
1392| 0,6 0 0
1393| 0,9 0 0
1394| 1,2 0 0
1395| 1,5 0 0
1396| 1,8 0 0
1397| 2,1 0 0
1398| 2,4 0 0
1399| 2,7 0 0
1400| 3 0 0
1401| 3,299999 0 0
1402| 3,599999 0 0
1403| 3,899999 0 0
1404| 4,2 0 0
1405| 4,5 0 0
1406| 4,8 0 0
1407| 5,1 0 0
1408| 5,4 0 0
1409| 5,7 0 0
1410| 6 0 0
1411| 6,300001 0 0
1412| 6,600001 0 0
1413| 6,900001 0 0
1414| 7,200001 0 0
1415| 7,500001 0 0
1416| 7,800001 0 0
1417| 8,1 0 0
1418| 8,4 0 0
1419| 8,7 0 0
1420| 8,999999 0 0
1421| 9,299999 0 0
1422| 9,599998 0 0
1423| 9,899999 0 0
1424| 10,2 0 0
1425| 10,5 0 0
1426| 10,8 0 0
1427| 11,1 0 0
1428| 11,4 0 0
1429| 11,7 0 0
1430| 12 0 0
1431| 12,3 0 0
1432| 12,6 0 0
1433| 12,9 0 0
1434| 13,2 0 0
1435| 13,5 0 0
1436| 13,79999 0 0
1437| 14,09999 0 0
1438| 14,39999 0 0
1439| 14,69999 0 0
1440| 14,99999 0 0
1441| 15,29999 0 0
1442| 15,59999 0 0
1443| 15,89999 0 0
1444| 16,19999 0 0
1445| 16,49999 0 0
1446| 16,79999 0 0
1447| 17,09999 0 0
1448| 17,39999 0 0
1449| 17,69999 0 0
1450| 17,99999 0 0
1451| 18,29999 0 0
1452| 18,59999 0 0
1453| 18,89999 0 0
1454| 19,19999 0 0
1455| 19,49999 0 0
1456| 19,79999 0 0
1457| 20,09999 0 0
1458| 0 0 0
1459| 0 0 0
1460| 0 0 0
1461| 0 0 0
1462| 0 0 0
1463| 0 0 0
1464| 0 0 0
1465| 0 0 0
1466| 0 0 0
1467| 0 0 0
1468| 0 0 0
1469| 0 0 0
1470| 0 0 0
1471| 0 0 0
1472| 0 0 0
1473| 0 0 0
1474| 0,3 0 0
1475| 0,6 0 0
1476| 0,9 0 0
1477| 1,2 0 0
1478| 1,5 0 0
1479| 1,8 0 0
1480| 2,1 0 0
1481| 2,4 0 0
1482| 2,7 0 0
1483| 3 0 0
1484| 3,299999 0 0
1485| 3,599999 0 0
1486| 3,899999 0 0
1487| 4,2 0 0
1488| 4,5 0 0
1489| 4,8 0 0
1490| 5,1 0 0
1491| 5,4 0 0
1492| 5,7 0 0
1493| 6 4 0
1494| 6,300001 8 0
1495| 6,600001 12 0
1496| 6,900001 16 0
1497| 7,200001 20 0
1498| 7,500001 24 0
1499| 7,800001 28 0
1500| 8,1 32 0
1501| 8,4 36 0
1502| 8,7 40 0
1503| 8,999999 43,99999 0
1504| 9,299999 47,99999 0
1505| 9,599998 51,99999 0
1506| 9,899999 55,99999 0
1507| 10,2 60 0
1508| 10,5 64 0
1509| 10,8 68 0
1510| 11,1 72 0
1511| 11,4 76,00001 0
1512| 11,7 80,00001 0
1513| 12 84,00001 0
1514| 12,3 88,00002 0
1515| 12,6 92,00002 0
1516| 12,9 96,00002 0
1517| 13,2 100 0
1518| 13,5 104 0
1519| 13,79999 108 0
1520| 14,09999 112 0
1521| 14,39999 116 0
1522| 14,69999 120 0
1523| 14,99999 124 0
1524| 15,29999 128 0
1525| 15,59999 132 0
1526| 15,89999 136 0
1527| 15,89999 140 0
1528| 15,89999 144 0
1529| 15,89999 148 0
1530| 15,89999 152 0
1531| 15,89999 156 0
1532| 15,89999 160 0
1533| 15,89999 164 0
1534| 15,89999 168 0
1535| 15,89999 171,9999 0
1536| 15,89999 175,9999 0
1537| 15,89999 179,9999 0
1538| 15,89999 183,9999 0
1539| 15,89999 187,9999 0
1540| 15,89999 191,9999 0
1541| 15,89999 195,9999 0
1542| 15,89999 199,9999 0
1543| 15,89999 203,9999 0
1544| 15,89999 207,9999 0
1545| 15,89999 211,9999 0
1546| 15,89999 215,9999 0
1547| 15,89999 219,9999 0
1548| 15,89999 223,9999 0
1549| 15,89999 227,9999 0
1550| 15,89999 231,9999 0
1551| 15,89999 235,9999 0
1552| 0 239,9999 0
1553| -0,3 243,9999 0
1554| -0,6 247,9999 0
1555| -0,9 251,9999 0
1556| -1,2 255,9999 0
1557| -1,5 259,9999 0
1558| -1,8 263,9999 0
1559| -2,1 267,9999 0
1560| -2,4 271,9998 0
1561| -2,7 275,9998 0
1562| -3 279,9998 0
1563| -3,299999 283,9998 0
1564| -3,599999 287,9998 0
1565| -3,899999 291,9998 0
1566| -4,2 295,9998 0
1567| -4,5 299,9998 0
1568| -4,8 303,9998 0
1569| -5,1 307,9998 0
1570| -5,4 311,9998 0
1571| -5,7 315,9998 0
1572| -6 319,9998 0
1573| -6,300001 323,9998 0
1574| -6,600001 327,9998 0
1575| -6,900001 331,9998 0
1576| -7,200001 335,9998 0
1577| -7,500001 339,9998 0
1578| -7,800001 343,9998 0
1579| -8,1 347,9998 0
1580| -8,4 351,9998 0
1581| -8,7 355,9998 0
1582| -8,999999 359,9998 0
1583| -9,299999 363,9998 0
1584| -9,599998 367,9998 0
1585| -9,899999 371,9998 0
1586| -10,2 375,9998 0
1587| -10,5 379,9998 0
1588| -10,8 383,9998 0
1589| -11,1 387,9998 0
1590| -11,4 391,9998 0
1591| -11,7 395,9998 0
1592| -12 399,9997 0
1593| -12,3 403,9998 0
1594| -12,6 400 0
1595| -12,9 400 0
1596| -13,2 400 0
1597| -13,5 400 0
1598| -13,79999 400 0
1599| -14,09999 400 0
1600| -14,39999 400 0
1601| -14,69999 400 0
1602| -14,99999 400 0
1603| -15,29999 400 0
1604| -15,59999 400 0
1605| -15,89999 400 0
1606| -16,19999 400 0
1607| -16,49999 400 0
1608| -16,79999 400 0
1609| -17,09999 400 0
1610| -17,39999 400 0
1611| -17,69999 400 0
1612| -17,69999 400 0
1613| -17,69999 400 0
1614| -17,69999 400 0
1615| -17,69999 400 0
1616| -17,69999 400 0
1617| -17,69999 400 0
1618| -17,69999 400 0
1619| -17,69999 400 0
1620| -17,69999 400 0
1621| -17,69999 400 0
1622| -17,69999 400 0
1623| -17,69999 400 0
1624| -17,69999 400 0
1625| -17,69999 400 0
1626| -17,69999 400 0
1627| -17,69999 400 0
1628| -17,69999 400 0
1629| -17,69999 400 0
1630| -17,69999 400 0
1631| -17,69999 400 0
1632| -17,69999 400 0
1633| -17,69999 400 0
1634| -17,69999 400 0
1635| -17,69999 400 0
1636| -17,69999 400 0
1637| -17,69999 400 0
1638| -17,69999 400 0
1639| -17,69999 400 0
1640| -17,69999 400 0
1641| -17,69999 400 0
1642| -17,69999 400 0
1643| -17,69999 400 0
1644| -17,69999 400 0
1645| -17,69999 400 0
1646| -17,69999 400 0
1647| -17,69999 400 0
1648| -17,69999 400 0
1649| -17,69999 400 0
1650| -17,69999 400 0
1651| -17,69999 400 0
1652| -17,69999 400 0
1653| -17,69999 400 0
1654| -17,69999 400 0
1655| -17,69999 400 0
1656| -17,69999 400 0
1657| -17,69999 400 0
1658| -17,69999 400 0
1659| -17,69999 400 0
1660| -17,69999 400 0
1661| -17,69999 400 0
1662| -17,69999 400 0
1663| -17,69999 400 0
1664| -17,69999 400 0
1665| -17,69999 400 0
1666| -17,69999 400 0
1667| -17,69999 400 0
1668| -17,69999 400 0
1669| -17,69999 400 0
1670| -17,69999 400 0
1671| -17,69999 400 0
1672| -17,69999 400 0
1673| -17,69999 400 0
1674| -17,69999 400 0
1675| -17,69999 400 0
1676| -17,69999 400 0
1677| -17,69999 400 0
1678| 0 400 0
1679| 0,3 400 0
1680| 0,6 400 0
1681| 0,9 400 0
1682| 1,2 400 0
1683| 1,5 400 0
1684| 1,8 400 0
1685| 2,1 400 0
1686| 2,4 400 0
1687| 2,7 400 0
1688| 3 400 0
1689| 3,299999 400 0
1690| 3,599999 400 0
1691| 3,899999 400 0
1692| 4,2 400 0
1693| 4,5 400 0
1694| 4,8 400 0
1695| 5,1 400 0
1696| 5,4 400 0
1697| 5,7 400 0
1698| 6 400 0
1699| 6,300001 400 0
1700| 6,600001 400 0
1701| 6,900001 400 0
1702| 6,900001 400 0
1703| 6,900001 400 0
1704| 6,900001 400 0
1705| 6,900001 400 0
1706| 6,900001 400 0
1707| 6,900001 400 0
1708| 6,900001 400 0
1709| 6,900001 400 0
1710| 6,900001 400 0
1711| 6,900001 400 0
1712| 6,900001 400 0
1713| 6,900001 400 0
1714| 6,900001 400 0
1715| 6,900001 400 0
1716| 6,900001 400 0
1717| 6,900001 400 0
1718| 6,900001 400 0
1719| 6,900001 400 0
1720| 6,900001 400 0
1721| 6,900001 400 0
1722| 6,900001 400 0
1723| 6,900001 400 0
1724| 6,900001 400 0
1725| 0 0 0
1726| 0 0 0
1727| 0 0 0
1728| 0 0 0
1729| 0 0 0
1730| 0 0 0
1731| 0 0 0
1732| 0 0 0
1733| 0 0 0
1734| 0 0 0
1735| 0 0 0
1736| 0 0 0
1737| 0 0 0
1738| 0 0 0
1739| 0 0 0
1740| 0 0 0
1741| 0 0 0
1742| 0 0 0
1743| 0 0 0
1744| 0 0 0
1745| 0 0 0
1746| 0 0 0
1747| 0 0 0
1748| 0 0 0
1749| 0 0 0
1750| 0 0 0
1751| 0,3 0 0
1752| 0,6 0 0
1753| 0,9 0 0
1754| 1,2 0 0
1755| 1,5 0 0
1756| 1,8 0 0
1757| 2,1 0 0
1758| 2,4 0 0
1759| 2,7 0 0
1760| 3 0 0
1761| 3,299999 0 0
1762| 3,599999 0 0
1763| 3,899999 0 0
1764| 4,2 0 0
1765| 4,5 0 0
1766| 4,8 0 0
1767| 5,1 0 0
1768| 5,4 0 0
1769| 5,7 0 0
1770| 6 0 0
1771| 6,300001 0 0
1772| 6,600001 0 0
1773| 6,900001 0 0
1774| 7,200001 0 0
1775| 7,500001 0 0
1776| 7,800001 0 0
1777| 8,1 0 0
1778| 8,4 0 0
1779| 8,7 0 0
1780| 8,999999 0 0
1781| 9,299999 0 0
1782| 9,599998 0 0
1783| 9,899999 0 0
1784| 10,2 0 0
1785| 10,5 0 0
1786| 10,8 0 0
1787| 11,1 0 0
1788| 11,4 0 0
1789| 11,7 0 0
1790| 12 0 0
1791| 12,3 0 0
1792| 12,6 0 0
1793| 12,9 0 0
1794| 13,2 0 0
1795| 13,5 0 0
1796| 13,79999 0 0
1797| 14,09999 0 0
1798| 14,39999 0 0
1799| 14,69999 0 0
1800| 14,99999 0 0
1801| 15,29999 0 0
1802| 15,59999 0 0
1803| 15,89999 0 0
1804| 16,19999 0 0
1805| 16,49999 0 0
1806| 16,79999 0 0
1807| 17,09999 0 0
1808| 17,39999 0 0
1809| 17,69999 0 0
1810| 17,99999 0 0
1811| 18,29999 0 0
1812| 18,59999 0 0
1813| 18,89999 0 0
1814| 19,19999 0 0
1815| 19,49999 0 0
1816| 19,79999 0 0
1817| 20,09999 0 0
1818| 20,39999 0 0
1819| 20,69999 0 0
1820| 20,99999 0 0
1821| 21,29999 0 0
1822| 21,59999 0 0
1823| 21,89999 0 0
1824| 22,19999 0 0
1825| 22,49999 0 0
1826| 22,79999 0 0
1827| 23,09999 0 0
1828| 23,39999 0 0
1829| 23,69999 0 0
1830| 23,99999 0 0
1831| 24,29999 0 0
1832| 24,59999 0 0
1833| 24,89998 0 0
1834| 25,19999 0 0
1835| 25,49998 0 0
1836| 25,79998 0 0
1837| 26,09998 0 0
1838| 26,39998 0 0
1839| 26,69998 0 0
1840| 26,99998 0 0
1841| 27,29998 0 0
1842| 27,59998 0 0
1843| 27,89998 0 0
1844| 28,19998 0 0
1845| 28,49998 0 0
1846| 28,79998 0 0
1847| 29,09998 0 0
1848| 29,39998 0 0
1849| 29,69998 0 0
1850| 29,99998 0 0
1851| 30,29998 0 0
1852| 30 0 0
1853| 30 0 0
1854| 30 0 0
1855| 30 0 0
1856| 30 0 0
1857| 30 0 0
1858| 30 0 0
1859| 30 0 0
1860| 30 0 0
1861| 30 0 0
1862| 30 0 0
1863| 30 0 0
1864| 30 0 0
1865| 30 0 0
1866| 30 0 0
1867| 30 0 0
1868| 30 0 0
1869| 30 0 0
1870| 30 0 0
1871| 30 0 0
1872| 30 0 0
1873| 30 0 0
1874| 30 0 0
1875| 30 0 0
1876| 30 0 0
1877| 30 0 0
1878| 30 0 0
1879| 30 0 0
1880| 30 0 0
1881| 30 0 0
1882| 30 0 0
1883| 30 0 0
1884| 30 0 0
1885| 30 0 0
1886| 30 0 0
1887| 30 0 0
1888| 30 0 0
1889| 30 0 0
1890| 30 0 0
1891| 30 0 0
1892| 30 0 0
1893| 30 0 0
1894| 30 0 0
1895| 30 0 0
1896| 30 0 0
1897| 30 0 0
1898| 30 0 0
1899| 30 0 0
1900| 30 0 0
1901| 30 0 0
1902| 30 0 0
1903| 30 0 0
1904| 30 0 0
1905| 30 0 0
1906| 30 0 0
1907| 30 0 0
1908| 30 0 0
1909| 30 0 0
1910| 30 0 0
1911| 30 0 0
1912| 30 0 0
1913| 30 0 0
1914| 30 0 0
1915| 30 0 0
1916| 30 0 0
1917| 30 0 0
1918| 30 0 0
1919| 30 0 0
1920| 30 0 0
1921| 30 0 0
1922| 30 0 0
1923| 30 0 0
1924| 30 0 0
1925| 30 0 0
1926| 30 0 0
1927| 30 0 0
1928| 30 0 0
1929| 30 0 0
1930| 30 0 0
1931| 30 0 0
1932| 30 0 0
1933| 30 0 0
1934| 30 0 0
1935| 30 0 0
1936| 30 0 0
1937| 30 0 0
1938| 30 4 0
1939| 30 8 0
1940| 30 12 0
1941| 30 16 0
1942| 30 20 0
1943| 30 24 0
1944| 30 28 0
1945| 30 32 0
1946| 30 36 0
1947| 30 40 0
1948| 30 43,99999 0
1949| 30 47,99999 0
1950| 30 51,99999 0
1951| 30 55,99999 0
1952| 30 60 0
1953| 30 64 0
1954| 30 68 0
1955| 30 72 0
1956| 30 76,00001 0
1957| 30 80,00001 0
1958| 30 84,00001 0
1959| 30 88,00002 0
1960| 30 92,00002 0
1961| 30 96,00002 0
1962| 30 100 0
1963| 30 104 0
1964| 0 108 0
1965| -0,3 112 0
1966| -0,6 116 0
1967| -0,9 120 0
1968| -1,2 124 0
1969| -1,5 128 0
1970| -1,8 132 0
1971| -2,1 136 0
1972| -2,4 140 0
1973| -2,7 144 0
1974| -3 148 0
1975| -3,299999 152 0
1976| -3,599999 156 0
1977| -3,899999 160 0
1978| -4,2 164 0
1979| -4,5 168 0
1980| -4,8 171,9999 0
1981| -5,1 175,9999 0
1982| -5,4 179,9999 0
1983| -5,7 183,9999 0
1984| -6 187,9999 0
1985| -6,300001 191,9999 0
1986| -6,300001 195,9999 0
1987| -6,300001 199,9999 0
1988| -6,300001 203,9999 0
1989| -6,300001 207,9999 0
1990| -6,300001 211,9999 0
1991| -6,300001 215,9999 0
1992| -6,300001 219,9999 0
1993| -6,300001 223,9999 0
1994| -6,300001 227,9999 0
1995| -6,300001 231,9999 0
1996| -6,300001 235,9999 0
1997| -6,300001 239,9999 0
1998| -6,300001 243,9999 0
1999| -6,300001 247,9999 0
2000| -6,300001 251,9999 0
2001| 0 255,9999 0
2002| 0,3 259,9999 0
2003| 0,6 263,9999 0
2004| 0,9 267,9999 0
2005| 0,9 271,9998 0
2006| 0,9 275,9998 0
2007| 0,9 279,9998 0
2008| 0,9 283,9998 0
2009| 0,9 287,9998 0
2010| 0,9 291,9998 0
2011| 0,9 295,9998 0
2012| 0,9 299,9998 0
2013| 0,9 303,9998 0
2014| 0,9 307,9998 0
2015| 0,9 311,9998 0
2016| 0,9 315,9998 0
2017| 0,9 319,9998 0
2018| 0,9 323,9998 0
2019| 1,2 327,9998 0
2020| 1,5 331,9998 0
2021| 1,8 335,9998 0
2022| 1,8 339,9998 0
2023| 1,8 343,9998 0
2024| 1,8 347,9998 0
2025| 1,8 351,9998 0
2026| 1,8 355,9998 0
2027| 1,8 359,9998 0
2028| 1,8 363,9998 0
2029| 1,8 367,9998 0
2030| 1,8 371,9998 0
2031| 1,8 375,9998 0
2032| 1,8 379,9998 0
2033| 1,8 383,9998 0
2034| 1,8 387,9998 0
2035| 1,8 391,9998 0
2036| 1,8 395,9998 0
2037| 1,8 399,9997 0
2038| 1,8 403,9998 0
2039| 1,8 400 0
2040| 1,8 400 0
2041| 1,8 400 0
2042| 1,8 400 0
2043| 1,8 400 0
2044| 1,8 400 0
2045| 1,8 400 0
2046| 1,8 400 0
2047| 0 400 0
2048| -0,3 400 0
2049| -0,6 400 0
2050| -0,9 400 0
2051| -0,9 400 0
2052| -0,9 400 0
2053| -0,9 400 0
2054| -0,9 400 0
2055| -0,9 400 0
2056| -0,9 400 0
2057| -0,9 400 0
2058| -0,9 400 0
2059| -0,9 400 0
2060| -0,9 400 0
2061| -0,9 400 0
2062| -0,9 400 0
2063| -0,9 400 0
2064| -0,9 400 0
2065| -0,9 400 0
2066| -0,9 400 0
2067| -0,9 400 0
2068| -0,9 400 0
2069| -0,9 400 0
2070| -0,9 400 0
2071| -0,9 400 0
2072| -0,9 400 0
2073| -0,9 400 0
2074| -0,9 400 0
2075| -0,9 400 0
2076| -0,9 400 0
2077| 0 0 0
2078| 0 0 0
2079| 0 0 0
2080| 0 0 0
2081| 0 0 0
2082| 0 0 0
2083| 0 4 0
2084| 0 8 0
2085| 0 12 0
2086| 0 16 0
2087| 0 0 0
2088| 0 0 0
2089| 0 0 0
2090| 0 0 0
2091| 0 0 0
2092| 0 0 0
2093| 0 4 0
2094| 0 8 0
2095| 0 0 0
2096| 0 0 0
2097| 0 0 0
2098| 0 0 0
2099| 0 0 0
2100| 0 4 0
2101| 0 8 0
2102| 0 0 0
2103| 0 0 0
2104| 0 0 0
2105| 0 0 0
2106| 0 0 0
2107| 0 4 0
2108| 0 8 0
2109| 0 0 0
2110| 0 0 0
2111| 0 0 0
2112| 0 0 0
2113| 0 4 0
2114| 0 8 0
2115| 0 12 0
2116| 0 16 0
2117| 0 0 0
2118| 0 0 0
2119| 0 0 0
2120| 0 4 0
2121| 0 8 0
2122| 0 0 0
2123| 0 0 0
2124| 0 4 0
2125| 0 8 0
2126| 0 12 0
2127| 0 0 0
2128| 0 0 0
2129| 0 0 0
2130| 0 0 0
2131| 0 4 0
2132| 0 8 0
2133| 0 12 0
2134| 0 0 0
2135| 0 0 0
2136| 0 4 0
2137| 0 8 0
2138| 0 12 0
2139| 0 16 0
2140| 0 20 0
2141| 0 24 0
2142| 0 28 0
2143| 0 32 0
2144| 0 36 0
2145| 0 40 0
2146| 0 43,99999 0
2147| 0 47,99999 0
2148| 0 51,99999 0
2149| 0 55,99999 0
2150| 0 60 0
2151| 0 64 0
2152| 0 68 0
2153| 0 72 0
2154| 0 76,00001 0
2155| 0 80,00001 0
2156| 0 84,00001 0
2157| 0 88,00002 0
2158| 0 92,00002 0
2159| 0 96,00002 0
2160| 0 100 0
2161| 0 104 0
2162| 0 108 0
2163| 0 112 0
2164| 0 116 0
2165| 0 120 0
2166| 0 124 0
2167| 0 128 0
2168| 0 132 0
2169| 0 136 0
2170| 0 140 0
2171| 0 144 0
2172| 0 148 0
2173| 0 152 0
2174| 0 156 0
2175| 0 160 0
2176| 0 164 0
2177| 0 168 0
2178| 0 171,9999 0
2179| 0 175,9999 0
2180| 0 179,9999 0
2181| 0 183,9999 0
2182| 0 187,9999 0
2183| 0 191,9999 0
2184| 0 195,9999 0
2185| 0 199,9999 0
2186| 0 203,9999 0
2187| 0 207,9999 0
2188| 0 211,9999 0
2189| 0 215,9999 0
2190| 0 219,9999 0
2191| 0 223,9999 0
2192| 0 227,9999 0
2193| 0 231,9999 0
2194| 0 235,9999 0
2195| 0 0 0
2196| 0 0 0
2197| 0 0 0
2198| 0 0 0
2199| 0 0 0
2200| 0 0 0
2201| 0 0 0
2202| 0 0 0
2203| 0 0 0
2204| 0 0 0
2205| 0 0 0
2206| 0 0 0
2207| 0 0 0
2208| 0 0 0
2209| 0 0 0
2210| 0 0 0
2211| 0 0 0
2212| 0 0 0
2213| -0,3 0 0
2214| -0,6 0 0
2215| -0,9 0 0
2216| -1,2 0 0
2217| -1,5 0 0
2218| -1,8 0 0
2219| -2,1 0 0
2220| -2,4 0 0
2221| 0 0 0
2222| 0 0 0
2223| 0 0 0
2224| 0 0 0
2225| 0 0 0
2226| 0 0 0
2227| 0 0 0
2228| 0 0 0
2229| 0 0 0
2230| 0 0 0
2231| 0 0 0
2232| 0 0 0
2233| 0 0 0
2234| 0 0 0
2235| 0 0 0
2236| 0 0 0
2237| 0 0 0
2238| 0 0 0
2239| 0 0 0
2240| -0,3 0 0
2241| -0,6 0 0
2242| -0,9 0 0
2243| -1,2 0 0
2244| -1,5 0 0
2245| -1,8 0 0
2246| -2,1 0 0
2247| -2,4 0 0
2248| -2,7 0 0
2249| -3 0 0
2250| 0 0 0
2251| 0 0 0
2252| 0 0 0
2253| 0 0 0
2254| 0 0 0
2255| 0 0 0
2256| 0 0 0
2257| 0 0 0
2258| 0 0 0
2259| 0 0 0
2260| 0 0 0
2261| -0,3 0 0
2262| -0,6 0 0
2263| -0,9 0 0
2264| -1,2 0 0
2265| -1,5 0 0
2266| -1,8 0 0
2267| -2,1 0 0
2268| -2,4 0 0
2269| -2,7 0 0
2270| -3 0 0
2271| -3,299999 0 0
2272| -3,599999 0 0
2273| -3,899999 0 0
2274| -4,2 0 0
2275| -4,5 0 0
2276| -4,8 0 0
2277| -5,1 0 0
2278| -5,4 0 0
2279| -5,7 0 0
2280| -6 0 0
2281| 0 0 0
2282| 0 0 0
2283| 0 0 0
2284| 0 0 0
2285| 0 0 0
2286| 0 0 0
2287| 0 0 0
2288| 0 0 0
2289| 0 0 0
2290| 0 0 0
2291| 0 0 0
2292| 0 0 0
2293| 0 0 0
2294| 0 0 0
2295| 0 0 0
2296| 0 0 0
2297| -0,3 0 0
2298| -0,6 0 0
2299| -0,9 0 0
2300| -1,2 0 0
2301| -1,5 0 0
2302| -1,8 0 0
2303| -2,1 0 0
2304| -2,4 0 0
2305| -2,7 0 0
2306| -3 0 0
2307| -3,299999 0 0
2308| -3,599999 0 0
2309| -3,899999 0 0
2310| 0 0 0
2311| 0 0 0
2312| 0 0 0
2313| 0 0 0
2314| 0 0 0
2315| 0 0 0
2316| 0 0 0
2317| 0 0 0
2318| -0,3 0 0
2319| -0,6 0 0
2320| -0,9 0 0
2321| -1,2 0 0
2322| -1,5 0 0
2323| -1,8 0 0
2324| -2,1 0 0
2325| -2,4 0 0
2326| -2,7 0 0
2327| -3 0 0
2328| -3,299999 0 0
2329| -3,599999 0 0
2330| -3,899999 0 0
2331| -4,2 0 0
2332| -4,5 0 0
2333| -4,8 0 0
2334| -5,1 0 0
2335| -5,4 0 0
2336| -5,7 0 0
2337| -6 0 0
2338| -6,300001 0 0
2339| -6,600001 0 0
2340| -6,900001 0 0
2341| -7,200001 0 0
2342| -7,500001 0 0
2343| -7,800001 0 0
2344| -8,1 0 0
2345| -8,4 0 0
2346| -8,7 0 0
2347| -8,999999 0 0
2348| -9,299999 -4 0
2349| -9,599998 -8 0
2350| -9,899999 -12 0
2351| -10,2 -16 0
2352| -10,5 -20 0
2353| -10,8 -24 0
2354| -11,1 -28 0
2355| -11,4 -32 0
2356| -11,7 -36 0
2357| -11,7 -40 0
2358| -11,7 -43,99999 0
2359| -11,7 -47,99999 0
2360| -11,7 -51,99999 0
2361| -11,7 -55,99999 0
2362| -11,7 -60 0
2363| -11,7 -64 0
2364| -11,7 -68 0
2365| -11,7 -72 30000
2366| -11,7 -76,00001 30000
2367| -11,7 -80,00001 30000
2368| -11,7 -84,00001 30000
2369| -11,7 -88,00002 30000
2370| -11,7 -92,00002 30000
2371| -11,7 -96,00002 30000
2372| -11,7 -100 30000
2373| -11,7 -104 30000
2374| -11,7 -108 30000
2375| -11,7 -112 30000
2376| -11,7 -116 30000
2377| -11,7 -120 30000
2378| -11,7 -124 30000
2379| -11,7 -128 30000
2380| -11,7 -132 30000
2381| -11,7 -136 30000
2382| -11,7 -140 30000
2383| -11,7 -144 30000
2384| -11,7 -148 30000
2385| -11,7 -152 30000
2386| -11,7 -156 30000
2387| -11,7 -160 30000
2388| -11,7 -164 30000
2389| -11,7 -168 30000
2390| -11,7 -171,9999 30000
2391| -11,7 -175,9999 30000
2392| -11,7 -179,9999 30000
2393| -11,7 -183,9999 30000
2394| -11,7 -187,9999 30000
2395| -11,7 -191,9999 30000
2396| -11,7 -195,9999 30000
2397| -11,7 -199,9999 30000
2398| -11,7 -203,9999 30000
2399| -11,7 -207,9999 30000
2400| -11,7 -211,9999 30000
2401| -11,7 -215,9999 30000
2402| -11,7 -219,9999 30000
2403| -11,7 -223,9999 30000
2404| -11,7 -227,9999 30000
2405| -11,7 -231,9999 30000
2406| -11,7 -235,9999 30000
2407| -11,7 -239,9999 30000
2408| -11,7 -243,9999 30000
2409| -11,7 -247,9999 30000
2410| -11,7 -251,9999 30000
2411| -11,7 -255,9999 30000
2412| -11,7 -259,9999 30000
2413| -11,7 -263,9999 30000
2414| -11,7 -267,9999 30000
2415| -11,7 -271,9998 30000
2416| -11,7 -275,9998 30000
2417| -11,7 -279,9998 30000
2418| -11,7 -283,9998 30000
2419| -11,7 -287,9998 30000
2420| -11,7 -291,9998 30000
2421| -11,7 -295,9998 30000
2422| -11,7 -299,9998 30000
2423| -11,7 -303,9998 30000
2424| -11,7 -307,9998 30000
2425| -11,7 -311,9998 30000
2426| -11,7 -315,9998 30000
2427| -11,7 -319,9998 30000
2428| -11,7 -323,9998 30000
2429| -11,7 -327,9998 30000
2430| -11,7 -331,9998 30000
2431| -11,7 -335,9998 30000
2432| -11,7 -339,9998 30000
2433| -11,7 -343,9998 30000
2434| 0 -347,9998 0
2435| 0,3 -351,9998 0
2436| 0,6 -355,9998 0
2437| 0,9 -355,9998 0
2438| 1,2 -355,9998 0
2439| 1,5 -355,9998 0
2440| 1,8 -355,9998 0
2441| 2,1 -355,9998 0
2442| 2,4 -355,9998 0
2443| 2,7 -355,9998 0
2444| 3 -355,9998 0
2445| 3,299999 -355,9998 0
2446| 3,599999 -355,9998 0
2447| 3,899999 -355,9998 0
2448| 4,2 -355,9998 0
2449| 4,5 -355,9998 0
2450| 4,8 -355,9998 0
2451| 5,1 -355,9998 0
2452| 5,4 -355,9998 0
2453| 5,7 -355,9998 0
2454| 6 -355,9998 0
2455| 6,300001 -355,9998 0
2456| 6,600001 -355,9998 0
2457| 6,900001 -355,9998 0
2458| 7,200001 -355,9998 0
2459| 7,500001 -355,9998 0
2460| 7,800001 -355,9998 0
2461| 8,1 -355,9998 0
2462| 8,4 -355,9998 0
2463| 8,7 -359,9998 0
2464| 8,999999 -363,9998 0
2465| 9,299999 -367,9998 0
2466| 9,599998 -371,9998 0
2467| 9,899999 -375,9998 0
2468| 9,899999 -379,9998 0
2469| 9,899999 -383,9998 0
2470| 9,899999 -387,9998 0
2471| 9,899999 -391,9998 0
2472| 9,899999 -395,9998 0
2473| 9,899999 -399,9997 0
2474| 9,899999 -403,9998 0
2475| 9,899999 -400 0
2476| 9,899999 -400 0
2477| 9,899999 -400 0
2478| 9,899999 -400 0
2479| 9,899999 -400 0
2480| 9,899999 -400 0
2481| 9,899999 -400 0
2482| 9,899999 -400 0
2483| 9,899999 -400 0
2484| 9,899999 -400 0
2485| 9,899999 -400 0
2486| 9,899999 -400 0
2487| 9,899999 -400 0
2488| 9,899999 -400 0
2489| 9,899999 -400 0
2490| 9,899999 -400 0
2491| 0 0 0
2492| 0 0 0
2493| 0 0 0
2494| 0 0 0
2495| 0 0 0
2496| 0 0 0
2497| 0 0 0
2498| 0 0 0
2499| 0 0 0
2500| 0 0 0
2501| 0 0 0
2502| 0 0 0
2503| 0 0 0
2504| 0 0 0
2505| 0 0 0
2506| 0 0 0
2507| 0 0 0
2508| 0 0 0
2509| 0 0 0
2510| 0 0 0
2511| 0 0 0
2512| 0 0 0
2513| 0 0 0
2514| 0 0 0
2515| 0 0 0
2516| 0 0 0
2517| 0 0 0
2518| 0 0 0
2519| 0 0 0
2520| 0 0 0
2521| 0 0 0
2522| 0 0 0
2523| 0 0 0
2524| 0 0 0
2525| 0 0 0
2526| 0 0 0
2527| 0 0 0
2528| 0 0 0
2529| 0 0 0
2530| 0 0 0
2531| 0 0 0
2532| 0 0 0
2533| 0 0 0
2534| 0 0 0
2535| 0 0 0
2536| 0 0 0
2537| 0 0 0
2538| 0 0 0
2539| 0 0 0
2540| 0 0 0
2541| 0 0 0
2542| 0 0 0
2543| 0 0 0
2544| 0 0 0
2545| 0 0 0
2546| 0 0 0
2547| 0 0 0
2548| 0 0 0
2549| 0 0 0
2550| 0 0 0
2551| 0 0 0
2552| 0 0 0
2553| 0 0 0
2554| 0 0 0
2555| 0 0 0
2556| 0 0 0
2557| 0 0 0
2558| 0 0 0
2559| 0 0 0
2560| 0 0 0
2561| 0 0 0
2562| 0 0 0
2563| 0 0 0
2564| 0 0 0
2565| 0 0 0
2566| 0 0 0
2567| 0 0 0
2568| 0 0 0
2569| 0 0 0
2570| 0 0 0
2571| 0 0 0
2572| 0 0 0
2573| 0 0 0
2574| 0 0 0
2575| 0 0 0
2576| 0 0 0
2577| 0 0 0
2578| 0 0 0
2579| 0 0 0
2580| 0 0 0
2581| 0 0 0
2582| 0 0 0
2583| 0 0 0
2584| 0 0 0
2585| 0 0 0
2586| 0 0 0
2587| 0 0 0
2588| 0 0 0
2589| 0 0 0
2590| 0 0 0
2591| 0 0 0
2592| 0 0 0
2593| 0 0 0
2594| 0 0 0
2595| 0 0 0
2596| 0 0 0
2597| 0 0 0
2598| 0 0 0
2599| 0 0 0
2600| 0 0 0
2601| 0 0 0
2602| 0 0 0
2603| 0 0 0
2604| 0 0 0
2605| 0 0 0
2606| 0 0 0
2607| 0 0 0
2608| 0 0 0
2609| 0 0 0
2610| 0 0 0
2611| 0 0 0
2612| 0 0 0
2613| 0 0 0
2614| 0 0 0
2615| 0 0 0
2616| 0 0 0
2617| 0 0 0
2618| 0 0 0
2619| 0 0 0
2620| 0 0 0
2621| 0 4 0
2622| 0 8 0
2623| 0 12 0
2624| 0 16 0
2625| 0 20 0
2626| 0 24 0
2627| 0 28 0
2628| 0 32 0
2629| 0 36 0
2630| 0 40 0
2631| 0 43,99999 0
2632| 0 47,99999 0
2633| 0 51,99999 0
2634| 0 55,99999 0
2635| 0 60 0
2636| 0 64 0
2637| 0 68 0
2638| 0 72 0
2639| 0 76,00001 0
2640| 0 80,00001 0
2641| 0 84,00001 0
2642| 0 88,00002 0
2643| 0 92,00002 0
2644| 0 96,00002 0
2645| 0 100 0
2646| 0 104 0
2647| 0 108 0
2648| 0 112 0
2649| 0 116 0
2650| 0 120 0
2651| 0 124 0
2652| 0 128 0
2653| 0 132 0
2654| 0 136 0
2655| 0 140 0
2656| 0 144 0
2657| 0 148 0
2658| 0 152 0
2659| 0 156 0
2660| 0 160 0
2661| 0 164 0
2662| 0 168 30000
2663| 0 171,9999 30000
2664| 0 175,9999 30000
2665| 0 179,9999 30000
2666| 0 183,9999 30000
2667| 0 187,9999 30000
2668| 0 191,9999 30000
2669| 0 195,9999 30000
2670| 0 199,9999 30000
2671| 0 203,9999 30000
2672| 0 207,9999 30000
2673| 0 211,9999 30000
2674| 0 215,9999 30000
2675| 0 219,9999 30000
2676| 0 223,9999 30000
2677| 0 227,9999 30000
2678| 0 231,9999 30000
2679| 0 235,9999 30000
2680| 0 239,9999 30000
2681| 0 243,9999 30000
2682| 0 247,9999 30000
2683| 0 251,9999 30000
2684| 0 255,9999 30000
2685| 0 259,9999 30000
2686| 0 263,9999 30000
2687| 0 267,9999 30000
2688| 0 271,9998 30000
2689| 0 275,9998 30000
2690| 0 279,9998 30000
2691| 0 283,9998 30000
2692| 0 287,9998 30000
2693| 0 291,9998 30000
2694| 0 295,9998 30000
2695| 0 299,9998 30000
2696| 0 303,9998 30000
2697| 0 307,9998 30000
2698| 0 311,9998 30000
2699| 0 315,9998 30000
2700| 0 319,9998 30000
2701| 0 323,9998 0
2702| 0 327,9998 0
2703| 0 331,9998 0
2704| 0 335,9998 0
2705| 0 339,9998 0
2706| 0 343,9998 0
2707| 0 347,9998 0
2708| 0 351,9998 0
2709| 0 355,9998 0
2710| 0 359,9998 0
2711| 0 363,9998 0
2712| 0 367,9998 0
2713| 0 371,9998 0
2714| 0 375,9998 0
2715| 0 379,9998 0
2716| 0 383,9998 0
2717| 0 387,9998 0
2718| 0 391,9998 0
2719| 0 395,9998 0
2720| 0 399,9997 0
2721| 0 403,9998 0
2722| 0 400 0
2723| 0 400 0
2724| 0 400 0
2725| 0 400 0
2726| 0 400 0
2727| 0 400 0
2728| 0 400 0
2729| 0 400 0
2730| 0 400 0
2731| 0 400 0
2732| 0 400 0
2733| 0 400 0
2734| 0 400 0
2735| 0 400 0
2736| 0 400 0
2737| 0 400 0
2738| 0 400 0
2739| 0 400 0
2740| 0 400 0
2741| 0 400 0
2742| 0 400 0
2743| 0 400 0
2744| 0 400 0
2745| 0 400 0
2746| 0 400 0
2747| 0 400 0
2748| 0 0 0
2749| 0 0 0
2750| 0 0 0
2751| 0 0 0
2752| 0 0 0
2753| 0 0 0
2754| 0 0 0
2755| 0 0 0
2756| 0 0 0
2757| 0 0 0
2758| 0 0 0
2759| 0 0 0
2760| 0 0 0
2761| 0 0 0
2762| 0 0 0
2763| 0 0 0
2764| 0 0 0
2765| 0 0 0
2766| 0 0 0
2767| 0 0 0
2768| 0 0 0
2769| 0 0 0
2770| 0 0 0
2771| 0 0 0
2772| 0 0 0
2773| 0 0 0
2774| 0 0 0
2775| 0 0 0
2776| 0 0 0
2777| 0 0 0
2778| 0 0 0
2779| 0 0 0
2780| 0 0 0
2781| 0 0 0
2782| 0 0 0
2783| 0 0 0
2784| 0 0 0
2785| 0 0 0
2786| 0 0 0
2787| 0 0 0
2788| 0 0 0
2789| 0 0 0
2790| 0 0 0
2791| 0 0 0
2792| 0 0 0
2793| 0 0 0
2794| 0 0 0
2795| 0 0 0
2796| 0 0 0
2797| 0 0 0
2798| 0 0 0
2799| 0 0 0
2800| 0 0 0
2801| 0 0 0
2802| 0 0 0
2803| -0,3 0 0
2804| -0,6 0 0
2805| -0,9 0 0
2806| -1,2 0 0
2807| -1,5 0 0
2808| -1,8 0 0
2809| -2,1 0 0
2810| -2,4 0 0
2811| -2,7 0 0
2812| -3 0 0
2813| -3,299999 0 0
2814| -3,599999 0 0
2815| -3,899999 0 0
2816| -4,2 0 0
2817| -4,5 0 0
2818| -4,8 0 0
2819| -5,1 0 0
2820| -5,4 0 0
2821| -5,7 0 0
2822| -6 0 0
2823| -6,300001 0 0
2824| -6,600001 0 0
2825| -6,900001 0 0
2826| -7,200001 0 0
2827| -7,500001 0 0
2828| -7,800001 0 0
2829| -8,1 0 0
2830| -8,4 0 0
2831| -8,7 0 0
2832| -8,999999 0 0
2833| -9,299999 0 0
2834| -9,599998 0 0
2835| -9,899999 0 0
2836| -10,2 0 0
2837| -10,5 0 0
2838| -10,8 0 0
2839| -11,1 0 0
2840| -11,4 0 0
2841| -11,7 0 0
2842| -12 0 0
2843| -12,3 0 0
2844| -12,6 0 0
2845| -12,9 0 0
2846| -13,2 0 0
2847| -13,5 0 0
2848| -13,79999 0 0
2849| -14,09999 0 0
2850| -14,39999 0 0
2851| -14,69999 0 0
2852| -14,99999 0 0
2853| -15,29999 0 0
2854| -15,59999 0 0
2855| -15,89999 0 0
2856| -16,19999 0 0
2857| -16,49999 0 0
2858| -16,79999 0 0
2859| -17,09999 0 0
2860| -17,39999 4 0
2861| -17,69999 8 0
2862| -17,99999 12 0
2863| -18,29999 16 0
2864| -18,59999 20 0
2865| -18,89999 24 0
2866| -19,19999 28 0
2867| -19,49999 32 0
2868| -19,79999 36 0
2869| -20,09999 40 0
2870| -20,39999 43,99999 0
2871| -20,69999 47,99999 0
2872| -20,99999 51,99999 0
2873| -21,29999 55,99999 0
2874| -21,59999 60 0
2875| -21,89999 64 0
2876| -22,19999 68 0
2877| -22,49999 72 0
2878| -22,79999 76,00001 0
2879| -23,09999 80,00001 0
2880| -23,39999 84,00001 0
2881| -23,69999 88,00002 0
2882| -23,99999 92,00002 0
2883| -24,29999 96,00002 0
2884| -24,59999 100 0
2885| -24,89998 100 0
2886| -25,19999 100 0
2887| -25,49998 100 0
2888| -25,79998 100 0
2889| -26,09998 100 0
2890| -26,39998 100 0
2891| -26,69998 100 0
2892| 0 0 0
2893| 0,3 -4 0
2894| 0,6 -8 0
2895| 0,9 -12 0
2896| 1,2 -16 0
2897| 1,5 -20 0
2898| 1,8 -24 0
2899| 2,1 -28 0
2900| 2,4 -32 0
2901| 2,7 -36 0
2902| 3 -40 0
2903| 3,299999 -43,99999 0
2904| 3,599999 -47,99999 0
2905| 3,899999 -51,99999 0
2906| 4,2 -55,99999 0
2907| 4,5 -60 0
2908| 4,8 -64 0
2909| 5,1 -68 0
2910| 5,4 -72 0
2911| 5,7 -76,00001 0
2912| 6 -80,00001 0
2913| 6,300001 -84,00001 0
2914| 6,600001 -88,00002 0
2915| 6,900001 -92,00002 0
2916| 7,200001 -96,00002 0
2917| 7,500001 -100 0
2918| 7,800001 -104 0
2919| 8,1 -108 0
2920| 8,4 -112 0
2921| 8,7 -116 0
2922| 8,999999 -120 0
2923| 9,299999 -124 0
2924| 9,599998 -128 0
2925| 9,899999 -132 0
2926| 10,2 -136 0
2927| 10,5 -140 0
2928| 10,8 -144 0
2929| 11,1 -148 0
2930| 11,4 -152 0
2931| 11,7 -156 0
2932| 12 -160 0
2933| 12,3 -164 0
2934| 12,6 -168 0
2935| 12,9 -171,9999 0
2936| 13,2 -175,9999 0
2937| 13,5 -179,9999 0
2938| 13,79999 -183,9999 0
2939| 14,09999 -187,9999 0
2940| 14,39999 -191,9999 0
2941| 14,69999 -195,9999 0
2942| 14,99999 -199,9999 0
2943| 15,29999 -203,9999 0
2944| 15,59999 -207,9999 0
2945| 15,89999 -211,9999 0
2946| 16,19999 -215,9999 0
2947| 16,49999 -219,9999 0
2948| 16,79999 -223,9999 0
2949| 17,09999 -227,9999 0
2950| 17,39999 -231,9999 0
2951| 17,69999 -235,9999 0
2952| 17,99999 -239,9999 0
2953| 18,29999 -243,9999 0
2954| 18,59999 -247,9999 0
2955| 18,89999 -251,9999 0
2956| 19,19999 -255,9999 0
2957| 19,49999 -259,9999 0
2958| 19,79999 -263,9999 0
2959| 20,09999 -267,9999 0
2960| 20,39999 -271,9998 0
2961| 20,69999 -275,9998 0
2962| 20,99999 -279,9998 0
2963| 21,29999 -283,9998 0
2964| 21,59999 -287,9998 0
2965| 21,89999 -291,9998 0
2966| 22,19999 -295,9998 0
2967| 22,49999 -299,9998 0
2968| 22,79999 -303,9998 0
2969| 23,09999 -307,9998 0
2970| 23,39999 -311,9998 0
2971| 23,69999 -315,9998 0
2972| 23,99999 -319,9998 0
2973| 24,29999 -323,9998 0
2974| 24,59999 -327,9998 0
2975| 24,89998 -331,9998 0
2976| 25,19999 -335,9998 0
2977| 25,49998 -339,9998 0
2978| 25,79998 -343,9998 0
2979| 26,09998 -347,9998 0
2980| 26,39998 -351,9998 0
2981| 26,69998 -355,9998 0
2982| 26,99998 -359,9998 0
2983| 27,29998 -363,9998 0
2984| 27,59998 -367,9998 0
2985| 27,89998 -371,9998 0
2986| 28,19998 -375,9998 0
2987| 28,49998 -379,9998 0
2988| 28,79998 -383,9998 0
2989| 29,09998 -387,9998 0
2990| 29,39998 -391,9998 0
2991| 29,69998 -395,9998 0
2992| 29,99998 -399,9997 0
2993| 30,29998 -403,9998 0
2994| 30 -400 0
2995| 30 -400 0
2996| 30 -400 0
2997| 30 -400 0
2998| 30 -400 0
2999| 30 -400 0
3000| 30 -400 0
3001| 30 -400 0
3002| 30 -400 0
3003| 30 -400 0
3004| 30 -400 0
3005| 30 -400 0
3006| 30 -400 0
3007| 30 -400 0
3008| 30 -400 0
3009| 30 -400 0
3010| 30 -400 0
3011| 30 -400 0
3012| 30 -400 0
3013| 30 -400 0
3014| 30 -400 0
3015| 30 -400 0
3016| 30 -400 0
3017| 30 -400 0
3018| 30 -400 0
3019| 30 -400 0
3020| 30 -400 0
3021| 30 -400 0
3022| 30 -400 0
3023| 30 -400 0
3024| 30 -400 0
3025| 30 -400 0
3026| 30 -400 0
3027| 30 -400 0
3028| 30 -400 0
3029| 30 -400 0
3030| 30 -400 0
3031| 30 -400 0
3032| 30 -400 0
3033| 30 -400 0
3034| 30 -400 0
3035| 30 -400 0
3036| 30 -400 0
3037| 30 -400 0
3038| 30 -400 0
3039| 30 -400 0
3040| 30 -400 0
3041| 30 -400 0
3042| 0 0 0
3043| 0 0 0
3044| 0 0 0
3045| 0 0 0
3046| 0 0 0
3047| 0 0 0
3048| 0 0 0
3049| 0 0 0
3050| 0 0 0
3051| 0 0 0
3052| 0 0 0
3053| 0 0 0
3054| 0 0 0
3055| 0 0 0
3056| 0 0 0
3057| 0 0 0
3058| 0 0 0
3059| 0 0 0
3060| 0 0 0
3061| 0 0 0
3062| 0 0 0
3063| 0 0 0
3064| 0 0 0
3065| 0 0 0
3066| 0 0 0
3067| 0 0 0
3068| 0 0 0
3069| 0 0 0
3070| 0 0 0
3071| 0 0 0
3072| 0 0 0
3073| 0 0 0
3074| 0 0 0
3075| 0 0 0
3076| 0 0 0
3077| 0 0 0
3078| 0 0 0
3079| 0 0 0
3080| 0 0 0
3081| 0 0 0
3082| 0 0 0
3083| 0 0 0
3084| 0 0 0
3085| 0 0 0
3086| 0 0 0
3087| 0 0 0
3088| 0 0 0
3089| 0 0 0
3090| 0 0 0
3091| 0 0 0
3092| -0,3 0 0
3093| -0,6 0 0
3094| -0,9 0 0
3095| -1,2 0 0
3096| -1,5 0 0
3097| -1,8 0 0
3098| -2,1 0 0
3099| -2,4 0 0
3100| -2,7 0 0
3101| -3 0 0
3102| -3,299999 0 0
3103| -3,599999 4 0
3104| -3,899999 8 0
3105| -4,2 12 0
3106| -4,5 16 0
3107| -4,8 20 0
3108| -5,1 24 0
3109| -5,4 28 0
3110| -5,7 32 0
3111| -6 36 0
3112| -6,300001 40 0
3113| -6,600001 43,99999 0
3114| -6,900001 47,99999 0
3115| -7,200001 51,99999 0
3116| -7,500001 55,99999 0
3117| -7,800001 60 0
3118| -8,1 64 0
3119| -8,4 68 0
3120| -8,7 72 0
3121| -8,999999 76,00001 0
3122| -9,299999 80,00001 0
3123| -9,599998 84,00001 0
3124| -9,899999 88,00002 0
3125| -10,2 92,00002 0
3126| -10,5 96,00002 0
3127| -10,8 100 0
3128| -11,1 104 0
3129| -11,4 108 0
3130| -11,7 112 0
3131| -12 116 0
3132| -12,3 120 0
3133| -12,6 124 0
3134| -12,9 128 0
3135| -13,2 132 0
3136| -13,5 136 0
3137| -13,79999 140 0
3138| -14,09999 144 0
3139| -14,39999 148 0
3140| -14,69999 152 0
3141| -14,99999 156 0
3142| -15,29999 160 0
3143| -15,59999 164 0
3144| -15,89999 168 0
3145| -16,19999 171,9999 0
3146| -16,49999 175,9999 0
3147| -16,79999 179,9999 0
3148| -17,09999 183,9999 0
3149| -17,39999 187,9999 0
3150| -17,69999 191,9999 0
3151| -17,99999 195,9999 0
3152| -18,29999 199,9999 0
3153| -18,59999 203,9999 0
3154| -18,89999 207,9999 0
3155| -19,19999 211,9999 0
3156| -19,49999 215,9999 0
3157| -19,79999 219,9999 0
3158| -20,09999 223,9999 0
3159| -20,39999 227,9999 0
3160| -20,69999 231,9999 0
3161| -20,99999 235,9999 0
3162| -21,29999 239,9999 0
3163| -21,59999 243,9999 0
3164| -21,89999 247,9999 0
3165| -22,19999 251,9999 0
3166| -22,49999 255,9999 0
3167| -22,79999 259,9999 0
3168| -23,09999 263,9999 0
3169| -23,39999 267,9999 0
3170| -23,69999 271,9998 0
3171| -23,99999 275,9998 0
3172| -24,29999 279,9998 0
3173| -24,59999 283,9998 0
3174| -24,89998 287,9998 0
3175| -25,19999 291,9998 0
3176| -25,49998 295,9998 0
3177| -25,79998 299,9998 0
3178| -26,09998 303,9998 0
3179| -26,39998 307,9998 0
3180| -26,69998 311,9998 0
3181| -26,99998 315,9998 0
3182| -27,29998 319,9998 0
3183| -27,59998 323,9998 0
3184| -27,89998 327,9998 0
3185| -28,19998 331,9998 0
3186| -28,49998 335,9998 0
3187| -28,79998 339,9998 0
3188| -29,09998 343,9998 0
3189| -29,39998 347,9998 0
3190| -29,69998 351,9998 0
3191| -29,99998 355,9998 0
3192| -30,29998 359,9998 0
3193| -30 363,9998 0
3194| -30 367,9998 0
3195| -30 371,9998 0
3196| -30 375,9998 0
3197| -30 379,9998 0
3198| -30 383,9998 0
3199| -30 387,9998 0
3200| -30 391,9998 0
3201| -30 395,9998 0
3202| -30 399,9997 0
3203| -30 403,9998 0
3204| -30 400 0
3205| -30 400 0
3206| -30 400 0
3207| -30 400 0
3208| -30 400 0
3209| -30 400 0
3210| -30 400 0
3211| -30 400 0
3212| -30 400 0
3213| -30 400 0
3214| -30 400 0
3215| -30 400 0
3216| -30 400 0
3217| -30 400 0
3218| -30 400 0
3219| -30 400 0
3220| -30 400 0
3221| -30 400 0
3222| -30 400 0
3223| -30 400 0
3224| -30 400 0
3225| -30 400 0
3226| -30 400 0
3227| 0 0 0
3228| 0 0 0
3229| 0 0 0
3230| 0 0 0
3231| 0 0 0
3232| 0 0 0
3233| 0 0 0
3234| 0 0 0
3235| 0 0 0
3236| 0 0 0
3237| 0 0 0
3238| 0 0 0
3239| 0 0 0
3240| 0 0 0
3241| 0 0 0
3242| 0 4 0
3243| 0 8 0
3244| 0 12 0
3245| 0 16 0
3246| 0 20 0
3247| 0 24 0
3248| 0 0 0
3249| 0 0 0
3250| 0 0 0
3251| 0 0 0
3252| 0 0 0
3253| 0 0 0
3254| 0 0 0
3255| 0 0 0
3256| 0 0 0
3257| 0 4 0
3258| 0 8 0
3259| 0 12 0
3260| 0 0 0
3261| 0 0 0
3262| 0 0 0
3263| 0 0 0
3264| 0 0 0
3265| 0 0 0
3266| 0 0 0
3267| 0 0 0
3268| 0 0 0
3269| -0,3 0 0
3270| -0,6 0 0
3271| -0,9 0 0
3272| -1,2 0 0
3273| -1,5 0 0
3274| -1,8 0 0
3275| -2,1 0 0
3276| -2,4 0 0
3277| -2,7 0 0
3278| -3 0 0
3279| -3,299999 0 0
3280| -3,599999 0 0
3281| -3,899999 0 0
3282| -4,2 0 0
3283| -4,5 0 0
3284| -4,8 0 0
3285| -5,1 0 0
3286| -5,4 0 0
3287| -5,7 0 0
3288| -6 0 0
3289| -6,300001 0 0
3290| -6,600001 0 0
3291| -6,900001 0 0
3292| -7,200001 0 0
3293| -7,500001 0 0
3294| -7,800001 0 0
3295| -8,1 0 0
3296| -8,4 0 0
3297| -8,7 0 0
3298| -8,999999 0 0
3299| -9,299999 0 0
3300| -9,599998 0 0
3301| -9,899999 0 0
3302| -10,2 0 0
3303| -10,5 0 0
3304| -10,8 0 0
3305| -11,1 0 0
3306| -11,4 0 0
3307| -11,7 0 0
3308| -12 0 0
3309| -12,3 0 0
3310| -12,6 0 0
3311| -12,9 0 0
3312| -13,2 0 0
3313| -13,5 0 0
3314| -13,79999 0 0
3315| -14,09999 0 0
3316| -14,39999 0 0
3317| -14,69999 0 0
3318| -14,99999 0 0
3319| -15,29999 0 0
3320| -15,59999 0 0
3321| -15,89999 0 0
3322| -16,19999 0 0
3323| -16,49999 0 0
3324| -16,79999 0 0
3325| -17,09999 0 0
3326| -17,39999 0 0
3327| -17,69999 0 0
3328| -17,99999 0 0
3329| -18,29999 0 0
3330| -18,59999 0 0
3331| -18,89999 0 0
3332| -19,19999 0 0
3333| -19,49999 0 0
3334| -19,79999 0 0
3335| -20,09999 0 0
3336| -20,39999 0 0
3337| -20,69999 0 0
3338| -20,99999 0 0
3339| -21,29999 0 0
3340| -21,59999 0 0
3341| -21,89999 0 0
3342| -22,19999 0 0
3343| -22,49999 0 0
3344| -22,79999 0 0
3345| -23,09999 0 0
3346| -23,39999 0 0
3347| -23,69999 0 0
3348| -23,99999 0 0
3349| -24,29999 0 0
3350| -24,59999 0 0
3351| -24,89998 0 0
3352| -25,19999 0 0
3353| -25,49998 0 0
3354| -25,79998 0 0
3355| -26,09998 0 0
3356| -26,39998 0 0
3357| -26,69998 0 0
3358| -26,99998 0 0
3359| -27,29998 0 0
3360| -27,59998 0 0
3361| -27,89998 0 0
3362| -28,19998 0 0
3363| -28,49998 0 0
3364| -28,79998 0 0
3365| -29,09998 0 0
3366| -29,39998 0 0
3367| -29,69998 0 0
3368| -29,99998 0 0
3369| -30,29998 0 0
3370| -30 0 0
3371| -30 0 0
3372| -30 0 0
3373| -30 0 0
3374| -30 0 0
3375| -30 0 0
3376| -30 0 0
3377| -30 0 0
3378| -30 0 0
3379| -30 0 0
3380| -30 0 0
3381| -30 0 0
3382| -30 0 0
3383| -30 0 0
3384| -30 0 0
3385| 0 0 0
3386| 0 0 0
3387| 0 0 0
3388| 0 0 0
3389| 0 0 0
3390| 0 0 0
3391| 0 0 0
3392| 0 0 0
3393| 0 0 0
3394| 0 0 0
3395| 0 0 0
3396| 0 0 0
3397| 0 0 0
3398| 0 0 0
3399| 0 0 0
3400| 0 0 0
3401| 0 0 0
3402| 0 0 0
3403| 0 0 0
3404| 0 0 0
3405| 0 0 0
3406| 0 0 0
3407| 0 0 0
3408| 0 0 0
3409| 0 0 0
3410| 0 0 0
3411| 0 0 0
3412| 0 0 0
3413| 0 0 0
3414| 0 0 0
3415| 0 0 0
3416| 0 0 0
3417| 0 0 0
3418| 0 0 0
3419| 0 0 0
3420| 0 0 0
3421| 0 0 0
3422| 0 0 0
3423| 0 0 0
3424| 0 0 0
3425| 0 0 0
3426| 0 0 0
3427| 0 0 0
3428| 0 0 0
3429| 0 0 0
3430| 0 0 0
3431| 0 0 0
3432| 0 0 0
3433| 0 0 0
3434| 0 0 0
3435| 0 0 0
3436| 0 0 0
3437| 0 0 0
3438| 0 0 0
3439| 0 0 0
3440| 0 0 0
3441| 0 0 0
3442| 0 0 0
3443| 0 0 0
3444| 0 0 0
3445| 0 0 0
3446| 0 0 0
3447| 0 0 0
3448| 0 0 0
3449| 0 0 0
3450| 0 0 0
3451| 0 0 0
3452| 0 0 0
3453| 0 0 0
3454| 0 0 0
3455| 0 0 0
3456| 0 0 0
3457| 0 0 0
3458| 0 0 0
3459| 0 0 0
3460| 0 0 0
3461| 0 0 0
3462| 0 0 0
3463| 0 0 0
3464| 0 0 0
3465| 0 0 0
3466| 0 0 0
3467| 0 0 0
3468| 0 0 0
3469| 0 0 0
3470| 0 0 0
3471| 0 0 0
3472| 0 0 0
3473| 0 0 0
3474| 0 0 0
3475| 0 0 0
3476| 0 0 0
3477| 0 0 0
3478| 0 0 0
3479| 0 0 0
3480| 0 0 0
3481| 0 0 0
3482| 0 0 0
3483| 0 0 0
3484| 0 0 0
3485| 0 0 0
3486| 0 0 0
3487| 0 0 0
3488| 0 0 0
3489| 0 0 0
3490| 0 0 0
3491| 0 0 0
3492| 0 0 0
3493| 0 0 0
3494| 0 0 0
3495| 0 0 0
3496| 0 0 0
3497| 0 0 0
3498| 0 0 0
3499| 0 0 0
3500| 0 0 0
3501| 0 0 0
3502| 0 0 0
3503| 0 0 0
3504| 0 0 0
3505| 0 0 0
3506| 0 0 0
3507| 0 0 0
3508| 0 0 0
3509| 0 0 0
3510| 0 0 0
3511| 0 0 0
3512| 0 0 0
3513| 0 0 0
3514| 0 0 0
3515| 0 0 0
3516| 0 0 0
3517| 0 0 0
3518| 0 0 0
3519| 0 0 0
3520| 0 0 0
3521| 0 0 0
3522| 0 0 0
3523| 0 0 0
3524| 0 0 0
3525| 0 0 0
3526| 0 0 0
3527| 0 0 0
3528| 0 0 0
3529| 0 0 0
3530| 0 0 0
3531| 0 0 0
3532| 0 0 0
3533| 0 0 0
3534| 0 0 0
3535| 0 0 0
3536| 0 0 0
3537| 0 0 0
3538| 0 0 0
3539| 0 0 0
3540| 0 0 0
3541| 0 0 0
3542| 0 0 0
3543| 0 0 0
3544| 0 0 0
3545| 0 0 0
3546| 0 0 0
3547| 0 0 0
3548| 0 0 0
3549| 0 0 0
3550| 0 0 0
3551| 0 0 0
3552| 0 0 0
3553| 0 0 0
3554| 0 0 0
3555| 0 0 0
3556| 0 0 0
3557| 0 0 0
3558| 0 0 0
3559| 0 0 0
3560| 0 0 0
3561| 0 0 0
3562| 0 0 0
3563| 0 0 0
3564| 0 0 0
3565| 0 0 0
3566| 0 0 0
3567| 0 0 0
3568| 0 0 0
3569| 0 0 0
3570| 0 0 0
3571| 0 0 0
3572| 0 0 0
3573| 0 0 0
3574| 0 0 0
3575| 0 0 0
3576| 0 0 0
3577| 0 0 0
3578| 0 0 0
3579| 0 0 0
3580| 0 0 0
3581| 0 0 0
3582| 0 0 0
3583| 0 0 0
3584| 0 0 0
3585| 0 0 0
3586| 0 0 0
3587| 0 0 0
3588| 0 0 0
3589| 0 0 0
3590| 0 0 0
3591| 0 0 0
3592| 0 0 0
3593| 0 0 0
3594| 0 0 0
3595| 0 0 0
3596| 0 0 0
3597| 0 0 0
3598| 0 0 0
3599| 0 0 0
3600| 0 0 0
3601| 0 0 0
3602| 0 0 0
3603| 0 0 0
3604| 0 0 0
3605| 0 0 0
3606| 0 0 0
3607| 0 0 0
3608| 0 0 0
3609| 0 0 0
3610| 0 0 0
3611| 0 0 0
3612| 0 0 0
3613| 0 0 0
3614| 0 0 0
3615| 0 0 0
3616| 0 0 0
3617| 0 0 0
3618| 0 0 0
3619| 0 0 0
3620| 0 0 0
3621| 0 0 0
3622| 0 0 0
3623| 0 0 0
3624| 0 0 0
3625| 0 0 0
3626| 0 0 0
3627| 0 0 0
3628| 0 0 0
3629| 0 0 0
3630| 0 0 0
3631| 0 0 0
3632| 0 0 0
3633| 0 0 0
3634| 0 0 0
3635| 0 0 0
3636| 0 0 0
3637| 0 0 0
3638| 0 0 0
3639| 0 0 0
3640| 0 0 0
3641| 0 0 0
3642| 0 0 0
3643| 0 0 0
3644| 0 0 0
3645| 0 0 0
3646| 0 0 0
3647| 0 0 0
3648| 0 0 0

