1| 0 0 0
2| 0 0 0
3| 0 0 0
4| 0 4 0
5| 0 0 0
6| 0 0 0
7| 0 0 0
8| 0 4 0
9| 0 8 0
10| 0 12 0
11| -0,3 16 0
12| -0,6 20 0
13| -0,9 24 0
14| -1,2 28 0
15| -1,5 32 0
16| -1,8 36 0
17| -2,1 40 0
18| -2,4 43,99999 0
19| -2,7 47,99999 0
20| -3 51,99999 0
21| -3,299999 55,99999 0
22| -3,599999 60 0
23| -3,899999 64 0
24| -4,2 68 0
25| -4,5 72 0
26| -4,8 76,00001 0
27| -5,1 80,00001 0
28| -5,4 84,00001 0
29| -5,7 88,00002 0
30| -6 92,00002 0
31| -6,300001 96,00002 0
32| -6,600001 100 0
33| -6,900001 104 0
34| -7,200001 108 0
35| -7,500001 112 0
36| -7,800001 116 0
37| -8,1 120 0
38| -8,4 124 0
39| -8,7 128 0
40| -8,999999 132 0
41| -9,299999 136 0
42| -9,599998 140 0
43| -9,899999 144 0
44| -10,2 148 0
45| -10,5 152 0
46| -10,8 156 0
47| -11,1 160 0
48| -11,4 164 0
49| -11,7 168 0
50| -12 171,9999 0
51| -12,3 175,9999 0
52| -12,6 179,9999 0
53| -12,9 183,9999 0
54| -13,2 187,9999 0
55| -13,5 191,9999 0
56| -13,79999 195,9999 0
57| -14,09999 199,9999 0
58| -14,39999 203,9999 0
59| -14,69999 207,9999 0
60| -14,99999 211,9999 0
61| -15,29999 215,9999 0
62| -15,59999 219,9999 0
63| -15,89999 223,9999 0
64| -16,19999 227,9999 0
65| -16,49999 231,9999 0
66| -16,79999 235,9999 0
67| -17,09999 239,9999 0
68| -17,39999 243,9999 0
69| -17,69999 247,9999 0
70| -17,99999 251,9999 0
71| -18,29999 255,9999 0
72| -18,59999 259,9999 0
73| -18,89999 263,9999 0
74| -19,19999 267,9999 0
75| -19,49999 271,9998 0
76| -19,79999 275,9998 0
77| -20,09999 279,9998 0
78| -20,09999 283,9998 0
79| -20,09999 287,9998 0
80| -20,09999 291,9998 0
81| -20,09999 295,9998 0
82| -20,09999 299,9998 0
83| -20,09999 303,9998 0
84| -20,09999 307,9998 0
85| -20,09999 311,9998 0
86| -20,09999 315,9998 0
87| -20,09999 319,9998 0
88| -20,09999 323,9998 0
89| -20,09999 327,9998 0
90| -20,09999 331,9998 0
91| -20,09999 335,9998 0
92| -20,09999 339,9998 0
93| -20,09999 343,9998 0
94| -20,09999 347,9998 0
95| -20,09999 351,9998 0
96| -20,09999 355,9998 0
97| -20,09999 359,9998 0
98| -20,09999 363,9998 0
99| -20,09999 367,9998 0
100| -20,09999 371,9998 0
101| -20,09999 375,9998 0
102| -20,09999 379,9998 0
103| -20,09999 383,9998 0
104| -20,09999 387,9998 0
105| -20,09999 391,9998 0
106| 0 395,9998 0
107| 0,3 399,9997 0
108| 0,6 400 0
109| 0,9 400 0
110| 1,2 400 0
111| 1,5 400 0
112| 1,8 400 0
113| 2,1 400 0
114| 2,4 400 0
115| 2,7 400 0
116| 3 400 0
117| 3,299999 400 0
118| 3,599999 400 0
119| 3,899999 400 0
120| 4,2 400 0
121| 4,2 400 0
122| 4,2 400 0
123| 4,2 400 0
124| 4,2 400 0
125| 4,2 400 0
126| 4,2 400 0
127| 4,2 400 0
128| 4,2 400 0
129| 4,2 400 0
130| 4,2 400 0
131| 4,2 400 0
132| 4,2 400 0
133| 4,2 400 0
134| 4,2 400 0
135| 4,2 400 0
136| 4,2 400 0
137| 4,5 400 0
138| 4,8 400 0
139| 5,1 400 0
140| 5,4 400 0
141| 5,7 400 0
142| 6 400 0
143| 6,300001 400 0
144| 6,600001 400 0
145| 6,900001 400 0
146| 7,200001 400 0
147| 7,500001 400 0
148| 7,800001 400 0
149| 8,1 400 0
150| 8,4 400 0
151| 8,7 400 0
152| 8,999999 400 0
153| 9,299999 400 0
154| 9,599998 400 0
155| 9,899999 400 0
156| 10,2 400 0
157| 10,5 400 0
158| 10,8 400 0
159| 11,1 400 0
160| 11,1 400 0
161| 11,1 400 0
162| 11,1 400 0
163| 11,1 400 0
164| 11,1 400 0
165| 11,1 400 0
166| 11,1 400 0
167| 11,1 400 0
168| 11,1 400 0
169| 11,1 400 0
170| 11,1 400 0
171| 11,1 400 0
172| 11,1 400 0
173| 11,1 400 0
174| 11,1 400 0
175| 11,1 400 0
176| 11,1 400 0
177| 11,1 400 0
178| 11,1 400 0
179| 11,1 400 0
180| 11,1 400 0
181| 11,1 400 0
182| 11,1 400 0
183| 11,1 400 0
184| 11,1 400 0
185| 11,1 400 0
186| 11,1 400 0
187| 11,1 400 0
188| 11,1 400 0
189| 11,1 400 0
190| 11,1 400 0
191| 11,1 400 0
192| 11,1 400 0
193| 11,1 400 0
194| 11,1 400 0
195| 11,1 400 0
196| 11,1 400 0
197| 11,1 400 0
198| 11,1 400 0
199| 11,1 400 0
200| 11,1 400 0
201| 11,1 400 0
202| 11,1 400 0
203| 11,1 400 0
204| 11,1 400 0
205| 11,1 400 0
206| 11,1 400 0
207| 11,1 400 0
208| 0 400 0
209| -0,3 400 0
210| -0,6 400 0
211| -0,9 400 0
212| -1,2 400 0
213| -1,5 400 0
214| -1,8 400 0
215| -2,1 400 0
216| -2,4 400 0
217| -2,7 400 0
218| -3 400 0
219| -3,299999 400 0
220| -3,599999 400 0
221| -3,899999 400 0
222| -4,2 400 0
223| -4,5 400 0
224| -4,8 400 0
225| -5,1 400 0
226| -5,4 400 0
227| -5,7 400 0
228| -6 400 0
229| -6 400 0
230| -6 400 0
231| -6 400 0
232| -6 400 0
233| -6 400 0
234| -6 400 0
235| -6 400 0
236| -6 400 0
237| -6 400 0
238| -6 400 0
239| -6 400 0
240| -6 400 0
241| -6 400 0
242| -6 400 0
243| -6 400 0
244| -6 400 0
245| -6,300001 400 0
246| -6,600001 400 0
247| -6,900001 400 0
248| -7,200001 400 0
249| -7,500001 400 0
250| -7,500001 400 0
251| -7,500001 400 0
252| -7,500001 400 0
253| -7,500001 400 0
254| -7,500001 400 0
255| -7,500001 400 0
256| -7,500001 400 0
257| -7,500001 400 0
258| -7,500001 400 0
259| -7,500001 400 0
260| -7,500001 400 0
261| -7,500001 400 0
262| -7,500001 400 0
263| -7,500001 400 0
264| -7,500001 400 0
265| -7,500001 400 0
266| -7,500001 400 0
267| -7,500001 400 0
268| -7,500001 400 0
269| -7,500001 400 0
270| -7,500001 400 0
271| -7,500001 400 0
272| -7,500001 400 0
273| -7,500001 400 0
274| -7,500001 400 0
275| -7,500001 400 0
276| -7,500001 400 0
277| -7,500001 400 0
278| -7,500001 400 0
279| -7,500001 400 0
280| -7,500001 400 0
281| -7,500001 400 0
282| -7,500001 400 0
283| -7,500001 400 0
284| -7,500001 400 0
285| -7,500001 400 0
286| -7,500001 400 0
287| -7,500001 400 0
288| -7,500001 400 0
289| -7,500001 400 0
290| -7,500001 400 0
291| -7,500001 400 0
292| -7,500001 400 0
293| -7,500001 400 0
294| -7,500001 400 0
295| -7,500001 400 0
296| -7,500001 400 0
297| -7,500001 400 0
298| 0 400 0
299| 0,3 400 0
300| 0,6 400 0
301| 0,9 400 0
302| 1,2 400 0
303| 1,5 400 0
304| 1,5 400 0
305| 1,5 400 0
306| 1,5 400 0
307| 1,5 400 0
308| 1,5 400 0
309| 1,5 400 0
310| 1,5 400 0
311| 1,5 400 0
312| 1,5 400 0
313| 1,5 400 0
314| 1,5 400 0
315| 1,5 400 0
316| 1,5 400 0
317| 1,5 400 0
318| 1,5 400 0
319| 1,5 400 0
320| 1,5 400 0
321| 1,5 400 0
322| 1,5 400 0
323| 1,5 400 0
324| 1,5 400 0
325| 1,5 400 0
326| 1,5 400 0
327| 1,5 400 0
328| 1,5 400 0
329| 1,5 400 0
330| 1,5 400 0
331| 1,5 400 0
332| 1,5 400 0
333| 1,5 400 0
334| 1,5 400 0
335| 1,5 400 0
336| 1,5 400 0
337| 1,5 400 0
338| 0 400 0
339| -0,3 400 0
340| -0,6 400 0
341| -0,6 400 0
342| -0,6 400 0
343| -0,6 400 0
344| -0,6 400 0
345| -0,6 400 0
346| -0,6 400 0
347| -0,6 400 0
348| -0,6 400 0
349| -0,6 400 0
350| -0,6 400 0
351| -0,6 400 0
352| -0,6 400 0
353| -0,6 400 0
354| -0,6 400 0
355| -0,6 400 0
356| -0,6 400 0
357| -0,6 400 0
358| -0,6 400 0
359| -0,6 400 0
360| -0,6 400 0
361| -0,6 400 0
362| -0,6 400 0
363| -0,6 400 0
364| -0,6 400 0
365| -0,6 400 0
366| -0,6 400 0
367| -0,6 400 0
368| -0,6 400 0
369| -0,6 400 0
370| -0,6 400 0
371| -0,6 400 0
372| -0,6 400 0
373| -0,6 400 0
374| -0,6 400 0
375| -0,6 400 0
376| -0,6 400 0
377| -0,6 400 0
378| -0,6 400 0
379| 0 400 0
380| 0,3 400 0
381| 0,6 400 0
382| 0,9 400 0
383| 1,2 400 0
384| 1,5 400 0
385| 1,8 400 0
386| 2,1 400 0
387| 2,4 400 0
388| 2,7 400 0
389| 3 400 0
390| 3,299999 400 0
391| 3,599999 400 0
392| 3,899999 400 0
393| 4,2 400 0
394| 4,5 400 0
395| 4,8 400 0
396| 5,1 400 0
397| 5,4 400 0
398| 5,7 400 0
399| 6 400 0
400| 6,300001 400 0
401| 6,600001 400 0
402| 6,900001 400 0
403| 7,200001 400 0
404| 7,500001 400 0
405| 7,800001 400 0
406| 8,1 400 0
407| 8,4 400 0
408| 8,7 400 0
409| 8,999999 400 0
410| 9,299999 400 0
411| 9,599998 400 0
412| 9,599998 400 0
413| 9,599998 400 0
414| 0 400 0
415| -0,3 400 0
416| -0,6 400 0
417| -0,9 400 0
418| -1,2 400 0
419| -1,5 400 0
420| -1,8 400 0
421| -2,1 400 0
422| -2,4 400 0
423| -2,7 400 0
424| -3 400 0
425| -3,299999 400 0
426| -3,599999 400 0
427| -3,899999 400 0
428| -4,2 400 0
429| -4,5 400 0
430| -4,8 400 0
431| -5,1 400 0
432| -5,4 400 0
433| -5,7 400 0
434| -6 400 0
435| -6,300001 400 0
436| -6,600001 400 0
437| -6,900001 400 0
438| -7,200001 400 0
439| -7,500001 400 0
440| -7,800001 400 0
441| -8,1 400 0
442| -8,4 400 0
443| -8,7 400 0
444| -8,999999 400 0
445| -9,299999 400 0
446| -9,599998 400 0
447| -9,899999 400 0
448| -10,2 400 0
449| -10,5 400 0
450| -10,5 400 0
451| -10,5 400 0
452| -10,5 400 0
453| -10,5 400 0
454| -10,5 400 0
455| -10,5 400 0
456| -10,5 400 0
457| -10,5 400 0
458| -10,5 400 0
459| -10,5 400 0
460| -10,5 400 0
461| -10,5 400 0
462| -10,5 400 0
463| -10,5 400 0
464| -10,5 400 0
465| -10,5 400 0
466| -10,5 400 0
467| -10,5 400 0
468| -10,5 400 0
469| -10,5 400 0
470| -10,5 400 0
471| -10,5 400 0
472| -10,5 400 0
473| -10,5 400 0
474| -10,5 400 0
475| -10,5 400 0
476| -10,5 400 0
477| -10,5 400 0
478| -10,5 400 0
479| -10,5 400 0
480| -10,5 400 0
481| -10,5 400 0
482| -10,5 400 0
483| -10,5 400 0
484| -10,5 400 0
485| -10,5 400 0
486| -10,5 400 0
487| -10,5 400 0
488| 0 400 0
489| 0,3 400 0
490| 0,6 400 0
491| 0,6 400 0
492| 0,6 400 0
493| 0,6 400 0
494| 0,6 400 0
495| 0,6 400 0
496| 0,6 400 0
497| 0,6 400 0
498| 0,6 400 0
499| 0,6 400 0
500| 0,6 400 0
501| 0,6 400 0
502| 0,6 400 0
503| 0,6 400 0
504| 0,6 400 0
505| 0,6 400 0
506| 0,6 400 0
507| 0,6 400 0
508| 0,6 400 0
509| 0,6 400 0
510| 0,6 400 0
511| 0,6 400 0
512| 0,6 400 0
513| 0,6 400 0
514| 0,6 400 0
515| 0,6 400 0
516| 0,6 400 0
517| 0,6 400 0
518| 0,6 400 0
519| 0,6 400 0
520| 0,6 400 0
521| 0,6 400 0
522| 0,6 400 0
523| 0,6 400 0
524| 0,6 400 0
525| 0,6 400 0
526| 0,6 400 0
527| 0,6 400 0
528| 0,6 400 0
529| 0,6 400 0
530| 0,6 400 0
531| 0,6 400 0
532| 0,6 400 0
533| 0,6 400 0
534| 0,6 400 0
535| 0,6 400 0
536| 0,6 400 0
537| 0,6 400 0
538| 0,6 400 0
539| 0,6 400 0
540| 0,6 400 0
541| 0,6 400 0
542| 0,6 400 0
543| 0,6 400 0
544| 0,6 400 0
545| 0,6 400 0
546| 0,6 400 0
547| 0,6 400 0
548| 0,6 400 0
549| 0,6 400 0
550| 0,6 400 0
551| 0,6 400 0
552| 0,6 400 0
553| 0,6 400 0
554| 0,6 400 0
555| 0,6 400 0
556| 0,6 400 0
557| 0,6 400 0
558| 0,6 400 0
559| 0,6 400 0
560| 0,6 400 0
561| 0,6 400 0
562| 0,6 400 0
563| 0,6 400 0
564| 0,6 400 0
565| 0,6 400 0
566| 0,6 400 0
567| 0,6 400 0
568| 0,6 400 0
569| 0,6 400 0
570| 0,6 400 0
571| 0,6 400 0
572| 0,6 400 0
573| 0,6 400 0
574| 0,6 400 0
575| 0,6 400 0
576| 0,6 400 0
577| 0,6 400 0
578| 0,6 400 0
579| 0,6 400 0
580| 0,6 400 0
581| 0,6 400 0
582| 0,6 400 0
583| 0,6 400 0
584| 0,6 400 0
585| 0,6 400 0
586| 0,6 400 0
587| 0,6 400 0
588| 0,6 400 0
589| 0,6 400 0
590| 0,6 400 0
591| 0,6 400 0
592| 0,6 400 0
593| 0,6 400 0
594| 0,6 400 0
595| 0,6 400 0
596| 0,6 400 0
597| 0,6 400 0
598| 0,6 400 0
599| 0,6 400 0
600| 0,6 400 0
601| 0,6 400 0
602| 0,6 400 0
603| 0,6 400 0
604| 0,6 400 0
605| 0,6 400 0
606| 0,6 400 0
607| 0,6 400 0
608| 0,6 400 0
609| 0,6 400 0
610| 0,6 400 0
611| 0,6 400 0
612| 0,6 400 0
613| 0,6 400 0
614| 0,6 400 0
615| 0,6 400 0
616| 0,6 400 0
617| 0,6 400 0
618| 0,6 400 0
619| 0,6 400 0
620| 0,6 400 0
621| 0,6 400 0
622| 0,6 400 0
623| 0,6 400 0
624| 0,6 400 0
625| 0,6 400 0
626| 0,6 400 0
627| 0,6 400 0
628| 0,6 400 0
629| 0,6 400 0
630| 0,6 400 0
631| 0,6 400 0
632| 0,6 400 0
633| 0,6 400 0
634| 0,6 400 0
635| 0,6 400 0
636| 0,6 400 0
637| 0,6 400 0
638| 0,6 400 0
639| 0,6 400 0
640| 0,6 400 0
641| 0,6 400 0
642| 0,6 400 0
643| 0,6 400 0
644| 0,6 400 0
645| 0,6 400 0
646| 0 0 0
647| 0 0 0
648| 0 0 0
649| 0 0 0
650| 0 0 0
651| 0 0 0
652| 0 0 0
653| 0 0 0
654| 0 0 0
655| 0 0 0
656| 0 0 0
657| 0 0 0
658| 0 0 0
659| 0 0 0
660| 0 0 0
661| 0 0 0
662| 0 0 0
663| 0 0 0
664| 0 0 0
665| 0 0 0
666| 0 0 0
667| 0 0 0
668| 0 0 0
669| 0 0 0
670| 0 0 0
671| 0 0 0
672| 0 0 0
673| 0 0 0
674| 0 0 0
675| 0 0 0
676| 0 0 0
677| 0 0 0
678| 0 0 0
679| 0 0 0
680| 0 0 0
681| 0 0 0
682| 0 0 0
683| 0 0 0
684| 0 0 0
685| 0 0 0
686| 0 0 0
687| 0 0 0
688| 0 0 0

