[1|(0.0.0)]
[2|(0.0.0)]
[3|(0.0.0)]
[4|(0.0.0)]
[5|(0.0.0)]
[6|(0.0.0)]
[7|(0.0.0)]
[8|(0.0.0)]
[9|(0.0.0)]
[10|(0.0.0)]
[11|(0.0.0)]
[12|(0.0.0)]
[13|(0.0.0)]
[14|(0.0.0)]
[15|(0.0.0)]
[16|(0.0.0)]
[17|(0.0.0)]
[18|(0.0.0)]
[19|(0.0.0)]
[20|(0.0.0)]
[21|(0.0.0)]
[22|(0.0.0)]
[23|(0.0.0)]
[24|(0.0.0)]
[25|(0.0.0)]
[26|(0.0.0)]
[27|(0.0.0)]
[28|(0.0.0)]
[29|(0.0.0)]
[30|(0.0.0)]
[31|(0.0,01.0)]
[32|(0.0,02.0)]
[33|(0.0,03.0)]
[34|(0.0,04.0)]
[35|(0.0,05.0)]
[36|(0.0,05999999.0)]
[37|(0.0,06999999.0)]
[38|(0.0,07999999.0)]
[39|(0.0,08999999.0)]
[40|(0.0,09999999.0)]
[41|(0.0,11.0)]
[42|(0.0,12.0)]
[43|(0.0,13.0)]
[44|(0.0,14.0)]
[45|(0.0,15.0)]
[46|(0.0,16.0)]
[47|(0.0,17.0)]
[48|(0.0,18.0)]
[49|(0.0,19.0)]
[50|(0.0,2.0)]
[51|(0.0,21.0)]
[52|(0.0,22.0)]
[53|(0.0,23.0)]
[54|(0.0,24.0)]
[55|(0.0,25.0)]
[56|(0.0,26.0)]
[57|(0.0,27.0)]
[58|(0.0,28.0)]
[59|(0.0,29.0)]
[60|(0.0,3.0)]
[61|(0.0,31.0)]
[62|(0.0,32.0)]
[63|(0.0,33.0)]
[64|(0.0,3399999.0)]
[65|(0.0,3499999.0)]
[66|(0.0,3599999.0)]
[67|(0.0,3699999.0)]
[68|(0.0,3799999.0)]
[69|(0.0,3899999.0)]
[70|(0.0,3999999.0)]
[71|(0.0,4099999.0)]
[72|(0.0,4199999.0)]
[73|(0.0,4299999.0)]
[74|(0.0,4399998.0)]
[75|(0.0,4499998.0)]
[76|(0.0,4599998.0)]
[77|(0.0,4699998.0)]
[78|(0.0,4799998.0)]
[79|(0.0,4899998.0)]
[80|(0.0,4999998.0)]
[81|(0.0,5099998.0)]
[82|(0.0,5199998.0)]
[83|(0.0,5299998.0)]
[84|(0.0,5399998.0)]
[85|(0.0,5499998.0)]
[86|(0.0,5599998.0)]
[87|(0.0,5699998.0)]
[88|(0.0,5799997.0)]
[89|(0.0,5899997.0)]
[90|(0.0,5999997.0)]
[91|(0.0,6099997.0)]
[92|(0.0,6199997.0)]
[93|(0.0,6299997.0)]
[94|(0.0,6399997.0)]
[95|(0.0,6499997.0)]
[96|(0.0,6599997.0)]
[97|(0.0,6699997.0)]
[98|(0.0,6799996.0)]
[99|(0.0,6899996.0)]
[100|(0.0,6999996.0)]
[101|(0.0,7099996.0)]
[102|(0.0,7199996.0)]
[103|(0.0,7299996.0)]
[104|(0.0,7399996.0)]
[105|(0.0,7499996.0)]
[106|(0.0,7599996.0)]
[107|(0.0,7699996.0)]
[108|(0.0,7799996.0)]
[109|(0.0.0)]
[110|(0.0.0)]
[111|(0.0.0)]
[112|(0.0.0)]
[113|(0.0,01.0)]
[114|(0.0,02.0)]
[115|(0.0,03.0)]
[116|(0.0,04.0)]
[117|(0.0.0)]
[118|(0.0.0)]
[119|(0.0.0)]
[120|(0.0,01.0)]
[121|(0.0,02.0)]
[122|(0.0,03.0)]
[123|(0.0,04.0)]
[124|(0.0,05.0)]
[125|(0.0,05999999.0)]
[126|(0.0,06999999.0)]
[127|(0.0,07999999.0)]
[128|(0.0,08999999.0)]
[129|(0.0,09999999.0)]
[130|(0.0,11.0)]
[131|(0.0,12.0)]
[132|(0.0.0)]
[133|(0.0.0)]
[134|(0.0.0)]
[135|(0.0.0)]
[136|(0.0.0)]
[137|(0.0,01.0)]
[138|(0.0.0)]
[139|(0.0.0)]
[140|(0.0,01.0)]
[141|(0.0,02.0)]
[142|(0.0,03.0)]
[143|(0.0,04.0)]
[144|(0.0,05.0)]
[145|(0.0,05999999.0)]
[146|(0.0,06999999.0)]
[147|(0.0,07999999.0)]
[148|(0.0,08999999.0)]
[149|(0.0,09999999.0)]
[150|(0.0.0)]
[151|(0.0.0)]
[152|(0.0.0)]
[153|(0.0.0)]
[154|(0.0.0)]
[155|(0.0.0)]
[156|(0.0.0)]
[157|(0.0.0)]
[158|(0.0.0)]
[159|(0.0.0)]
[160|(0.0.0)]
[161|(0.0.0)]
[162|(0.0.0)]
[163|(0.0.0)]
[164|(0.0.0)]
[165|(0.0.0)]
[166|(0.0.0)]
[167|(0.0.0)]
[168|(0.0.0)]
[169|(0.0.0)]
[170|(0.0.0)]
[171|(0.0.0)]
[172|(0.0.0)]
[173|(0.0.0)]
[174|(0.0.0)]
[175|(0.0.0)]
[176|(0.0.0)]
[177|(0.0.0)]
[178|(0.0.0)]
[179|(0.0.0)]
[180|(0.0.0)]
[181|(0.0.0)]
[182|(0.0.0)]
[183|(0.0.0)]
[184|(0.0.0)]
[185|(0.0.0)]
[186|(0.0.0)]
[187|(0.0.0)]
[188|(0.0.0)]
[189|(0.0.0)]
[190|(0.0.0)]
[191|(0.0.0)]
[192|(0.0.0)]
[193|(0.0.0)]
[194|(0.0.0)]
[195|(0.0.0)]
[196|(0.0.0)]
[197|(0.0.0)]
[198|(0.0.0)]
[199|(0.0.0)]
[200|(0.0,01.0)]
[201|(0.0,02.0)]
[202|(0.0,03.0)]
[203|(0,01.0,04.0)]
[204|(0,02.0,05.0)]
[205|(0,03.0,05999999.0)]
[206|(0,04.0,06999999.0)]
[207|(0,05.0,07999999.0)]
[208|(0,05999999.0,08999999.0)]
[209|(0,06999999.0,09999999.0)]
[210|(0,07999999.0,11.0)]
[211|(0,08999999.0,12.0)]
[212|(0,09999999.0,13.0)]
[213|(0,11.0,14.0)]
[214|(0,11.0,15.0)]
[215|(0,11.0,16.0)]
[216|(0,11.0,17.0)]
[217|(0,11.0,18.0)]
[218|(0,11.0,19.0)]
[219|(0,11.0,2.0)]
[220|(0,11.0,21.0)]
[221|(0,11.0,22.0)]
[222|(0.0.0)]
[223|(0.0.0)]
[224|(0.0.0)]
[225|(0.0.0)]
[226|(0.0.0)]
[227|(0.0.0)]
[228|(0.0.0)]
[229|(0.0.0)]
[230|(0.0.0)]
[231|(0.0.0)]
[232|(0.0.0)]
[233|(0.0.0)]
[234|(0.0,01.0)]
[235|(0.0,02.0)]
[236|(0.0,03.0)]
[237|(0.0,04.0)]
[238|(0.0,05.0)]
[239|(0.0,05999999.0)]
[240|(0.0,06999999.0)]
[241|(0.0,07999999.0)]
[242|(0.0,08999999.0)]
[243|(0.0,09999999.0)]
[244|(0,01.0,11.0)]
[245|(0,02.0,12.0)]
[246|(0,03.0,13.0)]
[247|(0,04.0,14.0)]
[248|(0,05.0,15.0)]
[249|(0,05999999.0,16.0)]
[250|(0,06999999.0,17.0)]
[251|(0,07999999.0,18.0)]
[252|(0,08999999.0,19.0)]
[253|(0,09999999.0,2.0)]
[254|(0,11.0,21.0)]
[255|(0,12.0,22.0)]
[256|(0,13.0,23.0)]
[257|(0,14.0,24.0)]
[258|(0,15.0,25.0)]
[259|(0,16.0,26.0)]
[260|(0,17.0,27.0)]
[261|(0,18.0,28.0)]
[262|(0,19.0,29.0)]
[263|(0,2.0,3.0)]
[264|(0,21.0,31.0)]
[265|(0,22.0,32.0)]
[266|(0,23.0,33.0)]
[267|(0,23.0,3399999.0)]
[268|(0,23.0,3499999.0)]
[269|(0,23.0,3599999.0)]
[270|(0,23.0,3699999.0)]
[271|(0,23.0,3799999.0)]
[272|(0,23.0,3899999.0)]
[273|(0,23.0,3999999.0)]
[274|(0,23.0,4099999.0)]
[275|(0,23.0,4199999.0)]
[276|(0.0.0)]
[277|(0.0.0)]
[278|(0.0.0)]
[279|(0.0.0)]
[280|(0.0.0)]
[281|(0.0.0)]
[282|(0.0.0)]
[283|(0.0.0)]
[284|(0.0.0)]
[285|(0.0.0)]
[286|(0.0.0)]
[287|(0.0.0)]
[288|(0.0.0)]
[289|(0.0.0)]
[290|(0.0.0)]
[291|(0.0.0)]
[292|(0.0.0)]
[293|(0.0.0)]
[294|(0.0.0)]
[295|(0.0.0)]
[296|(0.0.0)]
[297|(0.0.0)]
[298|(0.0.0)]
[299|(0.0.0)]
[300|(0.0.0)]
[301|(0.0.0)]
[302|(0.0.0)]
[303|(0.0.0)]
[304|(0.0,01.0)]
[305|(0.0,02.0)]
[306|(0.0,03.0)]
[307|(0.0,04.0)]
[308|(0.0,05.0)]
[309|(0.0,05999999.0)]
[310|(0.0,06999999.0)]
[311|(0.0,07999999.0)]
[312|(0.0,08999999.0)]
[313|(0,01.0,09999999.0)]
[314|(0,02.0,11.0)]
[315|(0,03.0,12.0)]
[316|(0,04.0,13.0)]
[317|(0,04.0,14.0)]
[318|(0,04.0,15.0)]
[319|(0,04.0,16.0)]
[320|(0,04.0,17.0)]
[321|(0,04.0,18.0)]
[322|(0,04.0,19.0)]
[323|(0,04.0,2.0)]
[324|(0,04.0,21.0)]
[325|(0,04.0,22.0)]
[326|(0,04.0,23.0)]
[327|(0,04.0,24.0)]
[328|(0,04.0,25.0)]
[329|(0,04.0,26.0)]
[330|(0,04.0,27.0)]
[331|(0,04.0,28.0)]
[332|(0,04.0,29.0)]
[333|(0,04.0,3.0)]
[334|(0,04.0,31.0)]
[335|(0,04.0,32.0)]
[336|(0,04.0,33.0)]
[337|(0,04.0,3399999.0)]
[338|(0,04.0,3499999.0)]
[339|(0,04.0,3599999.0)]
[340|(0,04.0,3699999.0)]
[341|(0,04.0,3799999.0)]
[342|(0,04.0,3899999.0)]
[343|(0,04.0,3999999.0)]
[344|(0,04.0,4099999.0)]
[345|(0,04.0,4199999.0)]
[346|(0,04.0,4299999.0)]
[347|(0,04.0,4399998.0)]
[348|(0,04.0,4499998.0)]
[349|(0,04.0,4599998.0)]
[350|(0,04.0,4699998.0)]
[351|(0,04.0,4799998.0)]
[352|(0,04.0,4899998.0)]
[353|(0,04.0,4999998.0)]
[354|(0.0.0)]
[355|(0.0.0)]
[356|(0.0.0)]
[357|(0.0.0)]
[358|(0.0.0)]
[359|(0.0.0)]
[360|(0.0.0)]
[361|(0.0.0)]
[362|(0.0.0)]
[363|(0.0,01.0)]
[364|(0.0,02.0)]
[365|(0.0,03.0)]
[366|(0.0,04.0)]
[367|(0.0.0)]
[368|(0.0.0)]
[369|(0.0.0)]
[370|(0.0.0)]
[371|(0.0.0)]
[372|(0.0.0)]
[373|(0.0.0)]
[374|(0.0.0)]
[375|(0.0.0)]
[376|(0.0,01.0)]
[377|(0.0,02.0)]
[378|(0.0,03.0)]
[379|(0.0,04.0)]
[380|(0.0,05.0)]
[381|(0.0,05999999.0)]
[382|(0.0,06999999.0)]
[383|(0.0,07999999.0)]
[384|(0.0,08999999.0)]
[385|(0,01.0,09999999.0)]
[386|(0,02.0,11.0)]
[387|(0,03.0,12.0)]
[388|(0,04.0,13.0)]
[389|(0,05.0,14.0)]
[390|(0,05999999.0,15.0)]
[391|(0,06999999.0,16.0)]
[392|(0,07999999.0,17.0)]
[393|(0,08999999.0,18.0)]
[394|(0,08999999.0,19.0)]
[395|(0,08999999.0,2.0)]
[396|(0,08999999.0,21.0)]
[397|(0,08999999.0,22.0)]
[398|(0,08999999.0,23.0)]
[399|(0,08999999.0,24.0)]
[400|(0,08999999.0,25.0)]
[401|(0,08999999.0,26.0)]
[402|(0,08999999.0,27.0)]
[403|(0,08999999.0,28.0)]
[404|(0,08999999.0,29.0)]
[405|(0,08999999.0,3.0)]
[406|(0,08999999.0,31.0)]
[407|(0,08999999.0,32.0)]
[408|(0,08999999.0,33.0)]
[409|(0,08999999.0,3399999.0)]
[410|(0,08999999.0,3499999.0)]
[411|(0,08999999.0,3599999.0)]
[412|(0,08999999.0,3699999.0)]
[413|(0,08999999.0,3799999.0)]
[414|(0,08999999.0,3899999.0)]
[415|(0,08999999.0,3999999.0)]
[416|(0,08999999.0,4099999.0)]
[417|(0,08999999.0,4199999.0)]
[418|(0,08999999.0,4299999.0)]
[419|(0,08999999.0,4399998.0)]
[420|(0,08999999.0,4499998.0)]
[421|(0,08999999.0,4599998.0)]
[422|(0,09999999.0,4699998.0)]
[423|(0,11.0,4799998.0)]
[424|(0,12.0,4899998.0)]
[425|(0,13.0,4999998.0)]
[426|(0,14.0,5099998.0)]
[427|(0,15.0,5199998.0)]
[428|(0,16.0,5299998.0)]
[429|(0,17.0,5399998.0)]
[430|(0,18.0,5499998.0)]
[431|(0,19.0,5599998.0)]
[432|(0,2.0,5699998.0)]
[433|(0,21.0,5799997.0)]
[434|(0,22.0,5899997.0)]
[435|(0,22.0,5999997.0)]
[436|(0,22.0,6099997.0)]
[437|(0,22.0,6199997.0)]
[438|(0,22.0,6299997.0)]
[439|(0,22.0,6399997.0)]
[440|(0,22.0,6499997.0)]
[441|(0,22.0,6599997.0)]
[442|(0,23.0,6699997.0)]
[443|(0,24.0,6799996.0)]
[444|(0,25.0,6899996.0)]
[445|(0,26.0,6999996.0)]
[446|(0,27.0,7099996.0)]
[447|(0,27.0,7199996.0)]
[448|(0,27.0,7299996.0)]
[449|(0,27.0,7399996.0)]
[450|(0,27.0,7499996.0)]
[451|(0,27.0,7599996.0)]
[452|(0,27.0,7699996.0)]
[453|(0,27.0,7799996.0)]
[454|(0,27.0,7899995.0)]
[455|(0,27.0,7999995.0)]
[456|(0,27.0,8099995.0)]
[457|(0,27.0,8199995.0)]
[458|(0,27.0,8299995.0)]
[459|(0,27.0,8399995.0)]
[460|(0,27.0,8499995.0)]
[461|(0,27.0,8599995.0)]
[462|(0,28.0,8699995.0)]
[463|(0,29.0,8799995.0)]
[464|(0,3.0,8899994.0)]
[465|(0,3.0,8999994.0)]
[466|(0,3.0,9099994.0)]
[467|(0,3.0,9199994.0)]
[468|(0,3.0,9299994.0)]
[469|(0,3.0,9399994.0)]
[470|(0,3.0,9499994.0)]
[471|(0,3.0,9599994.0)]
[472|(0,3.0,9699994.0)]
[473|(0,3.0,9799994.0)]
[474|(0,3.0,9899994.0)]
[475|(0,3.0,9999993.0)]
[476|(0,3.1,009999.0)]
[477|(0.1.0)]
[478|(-0,01.1.0)]
[479|(-0,02.1.0)]
[480|(-0,03.1.0)]
[481|(-0,04.1.0)]
[482|(-0,05.1.0)]
[483|(-0,05999999.1.0)]
[484|(-0,06999999.1.0)]
[485|(-0,06999999.1.0)]
[486|(-0,06999999.1.0)]
[487|(-0,06999999.1.0)]
[488|(-0,06999999.1.0)]
[489|(-0,06999999.1.0)]
[490|(-0,06999999.1.0)]
[491|(-0,06999999.1.0)]
[492|(-0,06999999.1.0)]
[493|(-0,06999999.1.0)]
[494|(-0,06999999.1.0)]
[495|(-0,06999999.1.0)]
[496|(-0,06999999.1.0)]
[497|(-0,06999999.1.0)]
[498|(0.0.0)]
[499|(0.0.0)]
[500|(0.0.0)]
[501|(0.0.0)]
[502|(0.0.0)]
[503|(0.0.0)]
[504|(0.0.0)]
[505|(0.0.0)]
[506|(0.0.0)]
[507|(0.0.0)]
[508|(0.0.0)]
[509|(0.0.0)]
[510|(0.0.0)]
[511|(0.0.0)]
[512|(0.0.0)]
[513|(0.0.0)]
[514|(0.0.0)]
[515|(0.0.0)]
[516|(0.0.0)]
[517|(0.0.0)]
[518|(0.0.0)]
[519|(0.0.0)]
[520|(0.0.0)]
[521|(0.0,01.0)]
[522|(0.0,02.0)]
[523|(0.0,03.0)]
[524|(0.0,04.0)]
[525|(0.0.0)]
[526|(0.0.0)]
[527|(0.0.0)]
[528|(0.0.0)]
[529|(0.0.0)]
[530|(0.0.0)]
[531|(0.0.0)]
[532|(0.0.0)]
[533|(0.0.0)]
[534|(0.0.0)]
[535|(0.0.0)]
[536|(-0,01.0.0)]
[537|(-0,02.0.0)]
[538|(-0,03.0.0)]
[539|(-0,04.0.0)]
[540|(-0,05.0.0)]
[541|(-0,05999999.0.0)]
[542|(-0,06999999.0.0)]
[543|(0.0.0)]
[544|(0.0.0)]
[545|(0.0.0)]
[546|(0.0.0)]
[547|(0.0.0)]
[548|(0.0.0)]
[549|(0.0.0)]
[550|(0.0.0)]
[551|(0.0.0)]
[552|(0.0.0)]
[553|(0.0.0)]
[554|(0.0.0)]
[555|(0.0.0)]
[556|(0.0.0)]
[557|(-0,01.0.0)]
[558|(-0,02.0.0)]
[559|(-0,03.0.0)]
[560|(0.0.0)]
[561|(0.0.0)]
[562|(0.0.0)]
[563|(0.0.0)]
[564|(0.0.0)]
[565|(0.0.0)]
[566|(0.0.0)]
[567|(0.0.0)]
[568|(0.0.0)]
[569|(-0,01.0.0)]
[570|(-0,02.0.0)]
[571|(-0,03.0.0)]
[572|(-0,04.0.0)]
[573|(-0,05.0.0)]
[574|(-0,05999999.0.0)]
[575|(-0,06999999.0.0)]
[576|(0.0.0)]
[577|(0.0.0)]
[578|(0.0.0)]
[579|(0.0.0)]
[580|(0.0.0)]
[581|(0.0.0)]
[582|(0.0.0)]
[583|(0.0.0)]
[584|(0.0.0)]
[585|(0.0.0)]
[586|(0.0.0)]
[587|(-0,01.0.0)]
[588|(-0,02.0.0)]
[589|(-0,03.0.0)]
[590|(-0,04.0.0)]
[591|(-0,05.0.0)]
[592|(-0,05999999.0.0)]
[593|(0.0.0)]
[594|(0.0.0)]
[595|(0.0.0)]
[596|(0.0.0)]
[597|(0.0.0)]
[598|(0.0.0)]
[599|(0.0.0)]
[600|(0.0.0)]
[601|(0.0.0)]
[602|(0.0.0)]
[603|(-0,01.0.0)]
[604|(-0,02.0.0)]
[605|(-0,03.0.0)]
[606|(-0,04.0.0)]
[607|(-0,05.0.0)]
[608|(0.0.0)]
[609|(0.0.0)]
[610|(0.0.0)]
[611|(0.0.0)]
[612|(0.0.0)]
[613|(0.0.0)]
[614|(0.0.0)]
[615|(0.0.0)]
[616|(0.0.0)]
[617|(0.0.0)]
[618|(0.0.0)]
[619|(0.0.0)]
[620|(0.0.0)]
[621|(0.0.0)]
[622|(0.0.0)]
[623|(0.0.0)]
[624|(0.0.0)]
[625|(0.0.0)]
[626|(-0,01.0.0)]
[627|(-0,02.0.0)]
[628|(-0,03.0.0)]
[629|(-0,04.0.0)]
[630|(-0,05.0.0)]
[631|(-0,05999999.0.0)]
[632|(-0,06999999.0.0)]
[633|(-0,07999999.0.0)]
[634|(-0,08999999.0.0)]
[635|(-0,09999999.0.0)]
[636|(-0,11.0.0)]
[637|(-0,12.0.0)]
[638|(-0,13.0.0)]
[639|(-0,14.0.0)]
[640|(-0,15.0.0)]
[641|(-0,16.0.0)]
[642|(-0,17.0.0)]
[643|(-0,18.0.0)]
[644|(-0,19.0.0)]
[645|(-0,2.0.0)]
[646|(-0,21.0.0)]
[647|(-0,22.0.0)]
[648|(0.0.0)]
[649|(0.0.0)]
[650|(0.0.0)]
[651|(0.0.0)]
[652|(0.0.0)]
[653|(0.0.0)]
[654|(0.0.0)]
[655|(0.0.0)]
[656|(0.0.0)]
[657|(0.0.0)]
[658|(0.0.0)]
[659|(0.0.0)]
[660|(0.0.0)]
[661|(0.0.0)]
[662|(0.0.0)]
[663|(0.0.0)]
[664|(0.0.0)]
[665|(0.0.0)]
[666|(0.0.0)]
[667|(0.0.0)]
[668|(0.0.0)]
[669|(0.0.0)]
[670|(0.0.0)]
[671|(0.0.0)]
[672|(0.0.0)]
[673|(0.0.0)]
[674|(0.0.0)]
[675|(0.0.0)]
[676|(0.0.0)]
[677|(0.0.0)]
[678|(0.0.0)]
[679|(0.0.0)]
[680|(0.0.0)]
[681|(0.0.0)]
[682|(0.0.0)]
[683|(0.0,01.0)]
[684|(0.0,02.0)]
[685|(0.0,03.0)]
[686|(0.0,04.0)]
[687|(-0,01.0,05.0)]
[688|(-0,02.0,05999999.0)]
[689|(-0,03.0,06999999.0)]
[690|(-0,04.0,07999999.0)]
[691|(-0,05.0,08999999.0)]
[692|(-0,05999999.0,09999999.0)]
[693|(-0,06999999.0,11.0)]
[694|(-0,07999999.0,12.0)]
[695|(-0,08999999.0,13.0)]
[696|(-0,08999999.0,14.0)]
[697|(0.0.0)]
[698|(0.0.0)]
[699|(0.0.0)]
[700|(0.0.0)]
[701|(0.0.0)]
[702|(0.0.0)]
[703|(0.0.0)]
[704|(0.0.0)]
[705|(0.0.0)]
[706|(0.0.0)]
[707|(0.0.0)]
[708|(0.0.0)]
[709|(0.0.0)]
[710|(0.0.0)]
[711|(0.0.0)]
[712|(0.0,01.0)]
[713|(0.0,02.0)]
[714|(0.0,03.0)]
[715|(0.0,04.0)]
[716|(0.0,05.0)]
[717|(0.0,05999999.0)]
[718|(0.0,06999999.0)]
[719|(0.0,07999999.0)]
[720|(-0,01.0,08999999.0)]
[721|(-0,02.0,09999999.0)]
[722|(-0,03.0,11.0)]
[723|(-0,04.0,12.0)]
[724|(-0,05.0,13.0)]
[725|(-0,05999999.0,14.0)]
[726|(-0,06999999.0,15.0)]
[727|(-0,07999999.0,16.0)]
[728|(0.0.0)]
[729|(0.0.0)]
[730|(0.0.0)]
[731|(0.0.0)]
[732|(0.0.0)]
[733|(0.0.0)]
[734|(0.0.0)]
[735|(0.0.0)]
[736|(-0,01.0.0)]
[737|(-0,02.0.0)]
[738|(-0,03.0.0)]
[739|(-0,04.0.0)]
[740|(-0,05.0.0)]
[741|(-0,05999999.0.0)]
[742|(-0,06999999.0.0)]
[743|(-0,07999999.0.0)]
[744|(-0,08999999.0.0)]
[745|(-0,09999999.0.0)]
[746|(-0,11.0.0)]
[747|(-0,12.0.0)]
[748|(-0,13.0.0)]
[749|(-0,14.0.0)]
[750|(-0,15.0.0)]
[751|(-0,16.0.0)]
[752|(-0,17.0.0)]
[753|(-0,18.0.0)]
[754|(-0,19.0.0)]
[755|(-0,2.0.0)]
[756|(-0,21.0.0)]
[757|(-0,22.0.0)]
[758|(-0,23.0.0)]
[759|(-0,24.0.0)]
[760|(-0,25.0.0)]
[761|(-0,26.0.0)]
[762|(-0,27.0.0)]
[763|(-0,28.0.0)]
[764|(-0,29.0.0)]
[765|(-0,3.0.0)]
[766|(-0,31.0.0)]
[767|(-0,32.0.0)]
[768|(-0,33.0.0)]
[769|(-0,3399999.0.0)]
[770|(-0,3499999.0.0)]
[771|(-0,3599999.0.0)]
[772|(-0,3699999.0.0)]
[773|(-0,3799999.0.0)]
[774|(-0,3899999.0.0)]
[775|(-0,3999999.0.0)]
[776|(-0,4099999.0.0)]
[777|(-0,4199999.0.0)]
[778|(-0,4299999.0.0)]
[779|(-0,4399998.0.0)]
[780|(-0,4499998.0.0)]
[781|(-0,4599998.0.0)]
[782|(-0,4699998.0.0)]
[783|(-0,4799998.0.0)]
[784|(-0,4899998.0.0)]
[785|(-0,4999998.0.0)]
[786|(-0,5099998.0.0)]
[787|(-0,5199998.0.0)]
[788|(-0,5299998.0.0)]
[789|(-0,5399998.0.0)]
[790|(-0,5499998.0.0)]
[791|(-0,5599998.0.0)]
[792|(-0,5699998.0.0)]
[793|(-0,5799997.0.0)]
[794|(-0,5899997.0.0)]
[795|(-0,5999997.0.0)]
[796|(-0,6099997.0.0)]
[797|(-0,6199997.0.0)]
[798|(-0,6299997.0.0)]
[799|(-0,6399997.0.0)]
[800|(-0,6499997.0.0)]
[801|(-0,6599997.0.0)]
[802|(-0,6699997.0.0)]
[803|(-0,6799996.0.0)]
[804|(-0,6899996.0.0)]
[805|(-0,6999996.0.0)]
[806|(-0,7099996.0.0)]
[807|(-0,7199996.0.0)]
[808|(-0,7299996.0.0)]
[809|(-0,7399996.0.0)]
[810|(-0,7499996.0.0)]
[811|(-0,7599996.0.0)]
[812|(-0,7699996.0.0)]
[813|(-0,7799996.0.0)]
[814|(-0,7899995.0.0)]
[815|(-0,7999995.0.0)]
[816|(-0,8099995.0.0)]
[817|(-0,8199995.0.0)]
[818|(-0,8299995.0.0)]
[819|(-0,8399995.0.0)]
[820|(-0,8499995.0.0)]
[821|(-0,8599995.0.0)]
[822|(-0,8699995.0.0)]
[823|(-0,8799995.0.0)]
[824|(-0,8899994.0.0)]
[825|(-0,8999994.0.0)]
[826|(-0,9099994.0.0)]
[827|(-0,9199994.0.0)]
[828|(-0,9299994.0.0)]
[829|(-0,9399994.0.0)]
[830|(-0,9499994.0.0)]
[831|(-0,9599994.0,01.0)]
[832|(-0,9699994.0,02.0)]
[833|(-0,9799994.0,03.0)]
[834|(-0,9899994.0,04.0)]
[835|(-0,9999993.0,05.0)]
[836|(-1,009999.0,05999999.0)]
[837|(-1.0,06999999.0)]
[838|(-1.0,07999999.0)]
[839|(-1.0,08999999.0)]
[840|(-1.0,09999999.0)]
[841|(-1.0,11.0)]
[842|(-1.0,12.0)]
[843|(-1.0,13.0)]
[844|(-1.0,14.0)]
[845|(-1.0,15.0)]
[846|(-1.0,16.0)]
[847|(-1.0,17.0)]
[848|(-1.0,18.0)]
[849|(-1.0,19.0)]
[850|(-1.0,2.0)]
[851|(-1.0,21.0)]
[852|(-1.0,22.0)]
[853|(-1.0,23.0)]
[854|(-1.0,24.0)]
[855|(-1.0,25.0)]
[856|(-1.0,26.0)]
[857|(-1.0,27.0)]
[858|(-1.0,28.0)]
[859|(-1.0,29.0)]
[860|(-1.0,3.0)]
[861|(-1.0,31.0)]
[862|(-1.0,32.0)]
[863|(-1.0,33.0)]
[864|(-1.0,3399999.0)]
[865|(-1.0,3499999.0)]
[866|(-1.0,3599999.0)]
[867|(-1.0,3699999.0)]
[868|(-1.0,3799999.0)]
[869|(-1.0,3899999.0)]
[870|(-1.0,3999999.0)]
[871|(-1.0,4099999.0)]
[872|(-1.0,4199999.0)]
[873|(-1.0,4299999.0)]
[874|(-1.0,4399998.0)]
[875|(-1.0,4499998.0)]
[876|(-1.0,4599998.0)]
[877|(-1.0,4699998.0)]
[878|(-1.0,4799998.0)]
[879|(-1.0,4899998.0)]
[880|(-1.0,4999998.0)]
[881|(-1.0,5099998.0)]
[882|(-1.0,5199998.0)]
[883|(-1.0,5299998.0)]
[884|(-1.0,5399998.0)]
[885|(-1.0,5499998.0)]
[886|(-1.0,5599998.0)]
[887|(-1.0,5699998.0)]
[888|(-1.0,5799997.0)]
[889|(0.0,5899997.0)]
[890|(0,01.0,5999997.0)]
[891|(0,02.0,6099997.0)]
[892|(0,03.0,6199997.0)]
[893|(0,04.0,6299997.0)]
[894|(0,05.0,6399997.0)]
[895|(0,05999999.0,6499997.0)]
[896|(0,06999999.0,6599997.0)]
[897|(0,07999999.0,6699997.0)]
[898|(0,08999999.0,6799996.0)]
[899|(0,09999999.0,6899996.0)]
[900|(0,11.0,6999996.0)]
[901|(0,12.0,7099996.0)]
[902|(0,13.0,7199996.0)]
[903|(0,14.0,7299996.0)]
[904|(0,15.0,7399996.0)]
[905|(0,16.0,7499996.0)]
[906|(0,17.0,7599996.0)]
[907|(0,18.0,7699996.0)]
[908|(0,19.0,7799996.0)]
[909|(0,2.0,7899995.0)]
[910|(0,21.0,7999995.0)]
[911|(0,22.0,8099995.0)]
[912|(0,23.0,8199995.0)]
[913|(0,24.0,8299995.0)]
[914|(0,25.0,8399995.0)]
[915|(0,26.0,8499995.0)]
[916|(0,27.0,8599995.0)]
[917|(0,28.0,8699995.0)]
[918|(0,29.0,8799995.0)]
[919|(0,3.0,8899994.0)]
[920|(0,31.0,8999994.0)]
[921|(0,32.0,9099994.0)]
[922|(0,33.0,9199994.0)]
[923|(0,3399999.0,9299994.0)]
[924|(0,3499999.0,9399994.0)]
[925|(0,3599999.0,9499994.0)]
[926|(0,3699999.0,9599994.0)]
[927|(0,3799999.0,9699994.0)]
[928|(0,3899999.0,9799994.0)]
[929|(0,3999999.0,9899994.0)]
[930|(0,4099999.0,9999993.0)]
[931|(0,4199999.1,009999.0)]
[932|(0,4199999.1.0)]
[933|(0,4199999.1.0)]
[934|(0,4199999.1.0)]
[935|(0,4199999.1.0)]
[936|(0,4199999.1.0)]
[937|(0,4199999.1.0)]
[938|(0,4199999.1.0)]
[939|(0,4199999.1.0)]
[940|(0,4199999.1.0)]
[941|(0,4199999.1.0)]
[942|(0,4199999.1.0)]
[943|(0,4199999.1.0)]
[944|(0,4199999.1.0)]
[945|(0,4199999.1.0)]
[946|(0,4199999.1.0)]
[947|(0.0.0)]
[948|(0.0.0)]
[949|(0.0.0)]
[950|(0.0.0)]
[951|(0.0.0)]
[952|(0.0.0)]
[953|(0.0.0)]
[954|(0.0.0)]
[955|(0.0.0)]
[956|(0.0.0)]
[957|(0.0.0)]
[958|(0.0.0)]
[959|(0.0.0)]
[960|(0.0.0)]
[961|(0.0.0)]
[962|(0,01.0.0)]
[963|(0,02.0.0)]
[964|(0,03.0.0)]
[965|(0,04.0.0)]
[966|(0,05.0.0)]
[967|(0,05999999.0.0)]
[968|(0,06999999.0.0)]
[969|(0,07999999.0.0)]
[970|(0,08999999.0.0)]
[971|(0,09999999.0.0)]
[972|(0.0.0)]
[973|(0.0.0)]
[974|(0.0,01.0)]
[975|(0.0,02.0)]
[976|(0.0,03.0)]
[977|(0,01.0,04.0)]
[978|(0,02.0,05.0)]
[979|(0,03.0,05999999.0)]
[980|(0,04.0,06999999.0)]
[981|(0,05.0,07999999.0)]
[982|(0,05999999.0,08999999.0)]
[983|(0,06999999.0,09999999.0)]
[984|(0,07999999.0,11.0)]
[985|(0,08999999.0,12.0)]
[986|(0,09999999.0,13.0)]
[987|(0,11.0,14.0)]
[988|(0,12.0,15.0)]
[989|(0,13.0,16.0)]
[990|(0,14.0,17.0)]
[991|(0,15.0,18.0)]
[992|(0,16.0,19.0)]
[993|(0,17.0,2.0)]
[994|(0,18.0,21.0)]
[995|(0,19.0,22.0)]
[996|(0,2.0,23.0)]
[997|(0,21.0,24.0)]
[998|(0,22.0,25.0)]
[999|(0,23.0,26.0)]
[1000|(0,24.0,27.0)]
[1001|(0,25.0,28.0)]
[1002|(0,26.0,29.0)]
[1003|(0,27.0,3.0)]
[1004|(0,28.0,31.0)]
[1005|(0,29.0,31.0)]
[1006|(0.0.0)]
[1007|(0.0.0)]
[1008|(0.0.0)]
[1009|(0.0.0)]
[1010|(0.0.0)]
[1011|(0.0.0)]
[1012|(0.0.0)]
[1013|(0.0.0)]
[1014|(0.0.0)]
[1015|(0.0.0)]
[1016|(0.0.0)]
[1017|(0.0.0)]
[1018|(0.0.0)]
[1019|(0,01.0.0)]
[1020|(0,02.0.0)]
[1021|(0,03.0.0)]
[1022|(0,04.0.0)]
[1023|(0,05.0.0)]
[1024|(0,05999999.0.0)]
[1025|(0,06999999.0.0)]
[1026|(0,07999999.0.0)]
[1027|(0,08999999.0.0)]
[1028|(0,09999999.0.0)]
[1029|(0,11.0.0)]
[1030|(0,12.0.0)]
[1031|(0,13.0.0)]
[1032|(0,14.0.0)]
[1033|(0.0.0)]
[1034|(0.0.0)]
[1035|(0.0.0)]
[1036|(0.0.0)]
[1037|(0,01.0.0)]
[1038|(0,02.0.0)]
[1039|(0,03.0.0)]
[1040|(0,04.0.0)]
[1041|(0,05.0.0)]
[1042|(0,05999999.0.0)]
[1043|(0,06999999.0.0)]
[1044|(0,07999999.0.0)]
[1045|(0,08999999.0.0)]
[1046|(0,09999999.0.0)]
[1047|(0,11.0.0)]
[1048|(0,12.0.0)]
[1049|(0,13.0.0)]
[1050|(0,14.0.0)]
[1051|(0,15.0.0)]
[1052|(0,16.0.0)]
[1053|(0.0.0)]
[1054|(0.0.0)]
[1055|(0.0.0)]
[1056|(0.0.0)]
[1057|(0.0.0)]
[1058|(0.0.0)]
[1059|(0.0.0)]
[1060|(0.0.0)]
[1061|(0.0.0)]
[1062|(0.0.0)]
[1063|(0.0.0)]
[1064|(0.0.0)]
[1065|(0.0.0)]
[1066|(0.0.0)]
[1067|(0.0.0)]
[1068|(0.0.0)]
[1069|(0.0.0)]
[1070|(0.0.0)]
[1071|(0.0.0)]
[1072|(0.0.0)]
[1073|(0.0.0)]
[1074|(0.0,01.0)]
[1075|(0.0,02.0)]
[1076|(0.0,03.0)]
[1077|(0.0,04.0)]
[1078|(0.0,05.0)]
[1079|(0.0,05999999.0)]
[1080|(0.0,06999999.0)]
[1081|(0.0,07999999.0)]
[1082|(0,01.0,08999999.0)]
[1083|(0,02.0,09999999.0)]
[1084|(0,03.0,11.0)]
[1085|(0,04.0,12.0)]
[1086|(0,05.0,13.0)]
[1087|(0,05999999.0,14.0)]
[1088|(0,06999999.0,15.0)]
[1089|(0,06999999.0,16.0)]
[1090|(0,06999999.0,17.0)]
[1091|(0,06999999.0,18.0)]
[1092|(0,06999999.0,19.0)]
[1093|(0,06999999.0,2.0)]
[1094|(0,06999999.0,21.0)]
[1095|(0,06999999.0,22.0)]
[1096|(0,06999999.0,23.0)]
[1097|(0,06999999.0,24.0)]
[1098|(0,06999999.0,25.0)]
[1099|(0,06999999.0,26.0)]
[1100|(0,06999999.0,27.0)]
[1101|(0,06999999.0,28.0)]
[1102|(0,06999999.0,29.0)]
[1103|(0,06999999.0,3.0)]
[1104|(0,06999999.0,31.0)]
[1105|(0,06999999.0,32.0)]
[1106|(0,07999999.0,33.0)]
[1107|(0,08999999.0,3399999.0)]
[1108|(0,09999999.0,3499999.0)]
[1109|(0,11.0,3599999.0)]
[1110|(0,12.0,3699999.0)]
[1111|(0,13.0,3799999.0)]
[1112|(0,14.0,3899999.0)]
[1113|(0,14.0,3999999.0)]
[1114|(0,14.0,4099999.0)]
[1115|(0,14.0,4199999.0)]
[1116|(0,14.0,4299999.0)]
[1117|(0,14.0,4399998.0)]
[1118|(0,14.0,4499998.0)]
[1119|(0,14.0,4599998.0)]
[1120|(0,14.0,4699998.0)]
[1121|(0,14.0,4799998.0)]
[1122|(0,14.0,4899998.0)]
[1123|(0,14.0,4999998.0)]
[1124|(0,14.0,5099998.0)]
[1125|(0,14.0,5199998.0)]
[1126|(0,14.0,5299998.0)]
[1127|(0,14.0,5399998.0)]
[1128|(0,14.0,5499998.0)]
[1129|(0,14.0,5599998.0)]
[1130|(0,14.0,5699998.0)]
[1131|(0,14.0,5799997.0)]
[1132|(0,14.0,5899997.0)]
[1133|(0.0,5999997.0)]
[1134|(-0,01.0,6099997.0)]
[1135|(-0,02.0,6099997.0)]
[1136|(-0,03.0,6099997.0)]
[1137|(-0,04.0,6099997.0)]
[1138|(-0,05.0,6099997.0)]
[1139|(-0,05999999.0,6099997.0)]
[1140|(-0,06999999.0,6099997.0)]
[1141|(-0,07999999.0,6099997.0)]
[1142|(-0,08999999.0,6099997.0)]
[1143|(-0,09999999.0,6099997.0)]
[1144|(-0,11.0,6099997.0)]
[1145|(-0,12.0,6099997.0)]
[1146|(-0,13.0,6099997.0)]
[1147|(-0,14.0,6099997.0)]
[1148|(-0,15.0,6099997.0)]
[1149|(-0,16.0,6099997.0)]
[1150|(-0,17.0,6099997.0)]
[1151|(-0,18.0,6099997.0)]
[1152|(-0,19.0,6099997.0)]
[1153|(-0,2.0,6099997.0)]
[1154|(-0,21.0,6099997.0)]
[1155|(-0,22.0,6099997.0)]
[1156|(-0,23.0,6099997.0)]
[1157|(-0,24.0,6099997.0)]
[1158|(-0,25.0,6099997.0)]
[1159|(-0,26.0,6099997.0)]
[1160|(-0,27.0,6099997.0)]
[1161|(-0,28.0,6099997.0)]
[1162|(-0,29.0,6099997.0)]
[1163|(-0,3.0,6099997.0)]
[1164|(-0,31.0,6099997.0)]
[1165|(-0,32.0,6099997.0)]
[1166|(-0,33.0,6099997.0)]
[1167|(-0,3399999.0,6099997.0)]
[1168|(-0,3499999.0,6099997.0)]
[1169|(-0,3599999.0,6099997.0)]
[1170|(-0,3699999.0,6099997.0)]
[1171|(-0,3799999.0,6099997.0)]
[1172|(-0,3899999.0,6099997.0)]
[1173|(-0,3999999.0,6099997.0)]
[1174|(-0,4099999.0,6099997.0)]
[1175|(-0,4199999.0,6099997.0)]
[1176|(-0,4299999.0,6099997.0)]
[1177|(-0,4399998.0,6099997.0)]
[1178|(-0,4499998.0,6099997.0)]
[1179|(-0,4599998.0,6099997.0)]
[1180|(-0,4699998.0,6099997.0)]
[1181|(-0,4799998.0,6099997.0)]
[1182|(-0,4899998.0,6099997.0)]
[1183|(-0,4999998.0,6099997.0)]
[1184|(-0,5099998.0,6099997.0)]
[1185|(-0,5199998.0,6099997.0)]
[1186|(-0,5299998.0,6099997.0)]
[1187|(-0,5399998.0,6099997.0)]
[1188|(-0,5499998.0,6099997.0)]
[1189|(-0,5599998.0,6099997.0)]
[1190|(-0,5699998.0,6099997.0)]
[1191|(-0,5799997.0,6099997.0)]
[1192|(-0,5899997.0,6099997.0)]
[1193|(-0,5999997.0,6099997.0)]
[1194|(-0,6099997.0,6099997.0)]
[1195|(-0,6199997.0,6099997.0)]
[1196|(-0,6299997.0,6099997.0)]
[1197|(-0,6399997.0,6099997.0)]
[1198|(-0,6499997.0,6099997.0)]
[1199|(-0,6599997.0,6099997.0)]
[1200|(-0,6699997.0,6099997.0)]
[1201|(-0,6799996.0,6099997.0)]
[1202|(-0,6899996.0,6099997.0)]
[1203|(-0,6999996.0,6099997.0)]
[1204|(-0,7099996.0,6099997.0)]
[1205|(-0,7199996.0,6099997.0)]
[1206|(-0,7299996.0,6099997.0)]
[1207|(-0,7399996.0,6099997.0)]
[1208|(-0,7499996.0,6099997.0)]
[1209|(-0,7599996.0,6099997.0)]
[1210|(-0,7699996.0,6099997.0)]
[1211|(-0,7799996.0,6099997.0)]
[1212|(-0,7899995.0,6099997.0)]
[1213|(-0,7999995.0,6099997.0)]
[1214|(-0,8099995.0,6099997.0)]
[1215|(-0,8199995.0,6099997.0)]
[1216|(-0,8299995.0,6099997.0)]
[1217|(-0,8399995.0,6099997.0)]
[1218|(-0,8499995.0,6099997.0)]
[1219|(-0,8599995.0,6099997.0)]
[1220|(-0,8699995.0,6099997.0)]
[1221|(-0,8799995.0,6099997.0)]
[1222|(-0,8899994.0,6099997.0)]
[1223|(-0,8999994.0,6099997.0)]
[1224|(-0,9099994.0,6099997.0)]
[1225|(-0,9199994.0,6099997.0)]
[1226|(-0,9299994.0,6099997.0)]
[1227|(-0,9399994.0,6099997.0)]
[1228|(-0,9499994.0,6099997.0)]
[1229|(-0,9599994.0,6099997.0)]
[1230|(-0,9699994.0,6099997.0)]
[1231|(-0,9799994.0,6099997.0)]
[1232|(-0,9899994.0,6099997.0)]
[1233|(-0,9999993.0,6099997.0)]
[1234|(-1,009999.0,6099997.0)]
[1235|(-1.0,6099997.0)]
[1236|(-1.0,6099997.0)]
[1237|(-1.0,6099997.0)]
[1238|(-1.0,6099997.0)]
[1239|(-1.0,6099997.0)]
[1240|(-1.0,6099997.0)]
[1241|(-1.0,6099997.0)]
[1242|(-1.0,6099997.0)]
[1243|(-1.0,6099997.0)]
[1244|(-1.0,6099997.0)]
[1245|(-1.0,6099997.0)]
[1246|(-1.0,6099997.0)]
[1247|(-1.0,6099997.0)]
[1248|(-1.0,6099997.0)]
[1249|(-1.0,6099997.0)]
[1250|(-1.0,6099997.0)]
[1251|(-1.0,6099997.0)]
[1252|(-1.0,6099997.0)]
[1253|(-1.0,6099997.0)]
[1254|(-1.0,6099997.0)]
[1255|(-1.0,6099997.0)]
[1256|(-1.0,6099997.0)]
[1257|(-1.0,6099997.0)]
[1258|(-1.0,6099997.0)]
[1259|(-1.0,6099997.0)]
[1260|(-1.0,6099997.0)]
[1261|(-1.0,6099997.0)]
[1262|(-1.0,6099997.0)]
[1263|(-1.0,6099997.0)]
[1264|(-1.0,6099997.0)]
[1265|(-1.0,6099997.0)]
[1266|(-1.0,6099997.0)]
[1267|(-1.0,6099997.0)]
[1268|(-1.0,6099997.0)]
[1269|(-1.0,6099997.0)]
[1270|(-1.0,6099997.0)]
[1271|(-1.0,6099997.0)]
[1272|(-1.0,6099997.0)]
[1273|(-1.0,6099997.0)]
[1274|(-1.0,6099997.0)]
[1275|(-1.0,6099997.0)]
[1276|(-1.0,6099997.0)]
[1277|(-1.0,6099997.0)]
[1278|(-1.0,6099997.0)]
[1279|(-1.0,6099997.0)]
[1280|(-1.0,6099997.0)]
[1281|(-1.0,6099997.0)]
[1282|(-1.0,6099997.0)]
[1283|(-1.0,6099997.0)]
[1284|(-1.0,6099997.0)]
[1285|(-1.0,6099997.0)]
[1286|(-1.0,6099997.0)]
[1287|(-1.0,6099997.0)]
[1288|(-1.0,6099997.0)]
[1289|(-1.0,6099997.0)]
[1290|(-1.0,6099997.0)]
[1291|(-1.0,6099997.0)]
[1292|(-1.0,6099997.0)]
[1293|(-1.0,6099997.0)]
[1294|(-1.0,6099997.0)]
[1295|(-1.0,6099997.0)]
[1296|(-1.0,6099997.0)]
[1297|(-1.0,6099997.0)]
[1298|(-1.0,6099997.0)]
[1299|(-1.0,6099997.0)]
[1300|(-1.0,6099997.0)]
[1301|(-1.0,6099997.0)]
[1302|(-1.0,6099997.0)]
[1303|(-1.0,6099997.0)]
[1304|(-1.0,6099997.0)]
[1305|(-1.0,6099997.0)]
[1306|(-1.0,6099997.0)]
[1307|(-1.0,6099997.0)]
[1308|(-1.0,6099997.0)]
[1309|(-1.0,6099997.0)]
[1310|(-1.0,6099997.0)]
[1311|(-1.0,6099997.0)]
[1312|(-1.0,6099997.0)]
[1313|(-1.0,6099997.0)]
[1314|(-1.0,6099997.0)]
[1315|(-1.0,6099997.0)]
[1316|(-1.0,6099997.0)]
[1317|(-1.0,6099997.0)]
[1318|(-1.0,6099997.0)]
[1319|(-1.0,6099997.0)]
[1320|(-1.0,6099997.0)]
[1321|(-1.0,6099997.0)]
[1322|(-1.0,6099997.0)]
[1323|(-1.0,6099997.0)]
[1324|(-1.0,6099997.0)]
[1325|(-1.0,6099997.0)]
[1326|(-1.0,6099997.0)]
[1327|(-1.0,6099997.0)]
[1328|(-1.0,6099997.0)]
[1329|(-1.0,6099997.0)]
[1330|(-1.0,6099997.0)]
[1331|(-1.0,6099997.0)]
[1332|(-1.0,6099997.0)]
[1333|(-1.0,6099997.0)]
[1334|(-1.0,6099997.0)]
[1335|(-1.0,6099997.0)]
[1336|(-1.0,6099997.0)]
[1337|(-1.0,6099997.0)]
[1338|(-1.0,6099997.0)]
[1339|(-1.0,6099997.0)]
[1340|(-1.0,6099997.0)]
[1341|(-1.0,6099997.0)]
[1342|(-1.0,6099997.0)]
[1343|(-1.0,6099997.0)]
[1344|(-1.0,6099997.0)]
[1345|(-1.0,6099997.0)]
[1346|(-1.0,6099997.0)]
[1347|(-1.0,6099997.0)]
[1348|(-1.0,6099997.0)]
[1349|(-1.0,6099997.0)]
[1350|(-1.0,6099997.0)]
[1351|(-1.0,6099997.0)]
[1352|(-1.0,6099997.0)]
[1353|(-1.0,6099997.0)]
[1354|(-1.0,6099997.0)]
[1355|(-1.0,6099997.0)]
[1356|(-1.0,6099997.0)]
[1357|(-1.0,6099997.0)]
[1358|(-1.0,6099997.0)]
[1359|(-1.0,6099997.0)]
[1360|(-1.0,6099997.0)]
[1361|(-1.0,6099997.0)]
[1362|(-1.0,6099997.0)]
[1363|(-1.0,6099997.0)]
[1364|(-1.0,6099997.0)]
[1365|(-1.0,6099997.0)]
[1366|(-1.0,6099997.0)]
[1367|(-1.0,6099997.0)]
[1368|(-1.0,6099997.0)]
[1369|(-1.0,6099997.0)]
[1370|(-1.0,6099997.0)]
[1371|(-1.0,6099997.0)]
[1372|(-1.0,6099997.0)]
[1373|(-1.0,6099997.0)]
[1374|(-1.0,6099997.0)]
[1375|(-1.0,6099997.0)]
[1376|(-1.0,6099997.0)]
[1377|(-1.0,6099997.0)]
[1378|(-1.0,6099997.0)]
[1379|(-1.0,6099997.0)]
[1380|(-1.0,6099997.0)]
[1381|(-1.0,6099997.0)]
[1382|(-1.0,6099997.0)]
[1383|(-1.0,6099997.0)]
[1384|(-1.0,6099997.0)]
[1385|(-1.0,6099997.0)]
[1386|(-1.0,6099997.0)]
[1387|(-1.0,6099997.0)]
[1388|(-1.0,6099997.0)]
[1389|(-1.0,6099997.0)]
[1390|(-1.0,6099997.0)]
[1391|(-1.0,6099997.0)]
[1392|(-1.0,6099997.0)]
[1393|(-1.0,6099997.0)]
[1394|(-1.0,6099997.0)]
[1395|(-1.0,6099997.0)]
[1396|(-1.0,6099997.0)]
[1397|(-1.0,6099997.0)]
[1398|(-1.0,6099997.0)]
[1399|(-1.0,6099997.0)]
[1400|(-1.0,6099997.0)]
[1401|(-1.0,6099997.0)]
[1402|(-1.0,6099997.0)]
[1403|(-1.0,6099997.0)]
[1404|(-1.0,6099997.0)]
[1405|(-1.0,6099997.0)]
[1406|(0.0.0)]
[1407|(0.0.0)]
[1408|(0.0.0)]
[1409|(0.0.0)]
[1410|(0.0.0)]
[1411|(0.0.0)]
[1412|(0.0.0)]
[1413|(0.0.0)]
[1414|(0.0.0)]
[1415|(0.0.0)]
[1416|(0.0.0)]
[1417|(0.0.0)]
[1418|(0.0.0)]
[1419|(0.0.0)]
[1420|(0.0.0)]
[1421|(0.0.0)]
[1422|(0.0.0)]
[1423|(0.0.0)]
[1424|(0.0.0)]
[1425|(0.0.0)]
[1426|(0.0.0)]
[1427|(0.0.0)]
[1428|(0.0.0)]
[1429|(0.0.0)]
[1430|(0.0.0)]
[1431|(0.0.0)]
[1432|(0.0.0)]
[1433|(0.0.0)]
[1434|(0.0.0)]
[1435|(0.0.0)]
[1436|(0.0.0)]
[1437|(0.0.0)]
[1438|(0.0.0)]
[1439|(0.0.0)]
[1440|(0.0.0)]
[1441|(0.0.0)]
[1442|(0,01.0.0)]
[1443|(0,02.0.0)]
[1444|(0.0.0)]
[1445|(0.0.0)]
[1446|(0.0.0)]
[1447|(0.0.0)]
[1448|(-0,01.0.0)]
[1449|(-0,02.0.0)]
[1450|(-0,03.0.0)]
[1451|(-0,04.0.0)]
[1452|(-0,05.0.0)]
[1453|(-0,05999999.0.0)]
[1454|(-0,06999999.0.0)]
[1455|(-0,07999999.0.0)]
[1456|(-0,08999999.0.0)]
[1457|(-0,09999999.0.0)]
[1458|(-0,11.0.0)]
[1459|(-0,12.0.0)]
[1460|(-0,13.0.0)]
[1461|(-0,14.0.0)]
[1462|(-0,15.0.0)]
[1463|(-0,16.0.0)]
[1464|(-0,17.0.0)]
[1465|(-0,18.0.0)]
[1466|(-0,19.0.0)]
[1467|(-0,2.0.0)]
[1468|(-0,21.0.0)]
[1469|(-0,22.0.0)]
[1470|(-0,23.0.0)]
[1471|(-0,24.0.0)]
[1472|(0.0.0)]
[1473|(0.0.0)]
[1474|(0.0.0)]
[1475|(0.0.0)]
[1476|(0.0.0)]
[1477|(0.0.0)]
