1| 0 0 0
2| 0 0 0
3| 0 0 0
4| 0 0 0
5| 0 0 0
6| 0 0 0
7| 0 0 0
8| 0 0 0
9| 0 0 0
10| 0 0 0
11| 0 0 0
12| 0 0 0
13| 0 0 0
14| 0 0 0
15| 0 0 0
16| 0 0 0
17| 0 0 0
18| 0 0 0
19| 0 0 0
20| 0 0 0
21| 0 0 0
22| 0 0 0
23| 0 0 0
24| 0 0 0
25| 0 0 0
26| 0 0 0
27| 0 0 0
28| 0 0 0
29| 0 0 0
30| 0 0 0
31| 0 4 0
32| 0 8 0
33| 0 12 0
34| 0 16 0
35| 0 20 0
36| 0 24 0
37| 0 28 0
38| 0 32 0
39| 0 36 0
40| 0 40 0
41| 0 43,99999 0
42| 0 47,99999 0
43| 0 51,99999 0
44| 0 55,99999 0
45| 0 60 0
46| 0 64 0
47| 0 68 0
48| 0 72 0
49| 0 76,00001 0
50| 0 80,00001 0
51| 0 84,00001 0
52| 0 88,00002 0
53| 0 92,00002 0
54| 0 96,00002 0
55| 0 100 0
56| 0 104 0
57| 0 108 0
58| 0 112 0
59| 0 116 0
60| 0 120 0
61| 0 124 0
62| 0 128 0
63| 0 132 0
64| 0 136 0
65| 0 140 0
66| 0 144 0
67| 0 148 0
68| 0 152 0
69| 0 156 0
70| 0 160 0
71| 0 164 0
72| 0 168 0
73| 0 171,9999 0
74| 0 175,9999 0
75| 0 179,9999 0
76| 0 183,9999 0
77| 0 187,9999 0
78| 0 191,9999 0
79| 0 195,9999 0
80| 0 199,9999 0
81| 0 203,9999 0
82| 0 207,9999 0
83| 0 211,9999 0
84| 0 215,9999 0
85| 0 219,9999 0
86| 0 223,9999 0
87| 0 227,9999 0
88| 0 231,9999 0
89| 0 235,9999 0
90| 0 239,9999 0
91| 0 243,9999 0
92| 0 247,9999 0
93| 0 251,9999 0
94| 0 255,9999 0
95| 0 259,9999 0
96| 0 263,9999 0
97| 0 267,9999 0
98| 0 271,9998 0
99| 0 275,9998 0
100| 0 279,9998 0
101| 0 283,9998 0
102| 0 287,9998 0
103| 0 291,9998 0
104| 0 295,9998 0
105| 0 299,9998 0
106| 0 303,9998 0
107| 0 307,9998 0
108| 0 311,9998 0
109| 0 0 0
110| 0 0 0
111| 0 0 0
112| 0 0 0
113| 0 4 0
114| 0 8 0
115| 0 12 0
116| 0 16 0
117| 0 0 0
118| 0 0 0
119| 0 0 0
120| 0 4 0
121| 0 8 0
122| 0 12 0
123| 0 16 0
124| 0 20 0
125| 0 24 0
126| 0 28 0
127| 0 32 0
128| 0 36 0
129| 0 40 0
130| 0 43,99999 0
131| 0 47,99999 0
132| 0 0 0
133| 0 0 0
134| 0 0 0
135| 0 0 0
136| 0 0 0
137| 0 4 0
138| 0 0 0
139| 0 0 0
140| 0 4 0
141| 0 8 0
142| 0 12 0
143| 0 16 0
144| 0 20 0
145| 0 24 0
146| 0 28 0
147| 0 32 0
148| 0 36 0
149| 0 40 0
150| 0 0 0
151| 0 0 0
152| 0 0 0
153| 0 0 0
154| 0 0 0
155| 0 0 0
156| 0 0 0
157| 0 0 0
158| 0 0 0
159| 0 0 0
160| 0 0 0
161| 0 0 0
162| 0 0 0
163| 0 0 0
164| 0 0 0
165| 0 0 0
166| 0 0 0
167| 0 0 0
168| 0 0 0
169| 0 0 0
170| 0 0 0
171| 0 0 0
172| 0 0 0
173| 0 0 0
174| 0 0 0
175| 0 0 0
176| 0 0 0
177| 0 0 0
178| 0 0 0
179| 0 0 0
180| 0 0 0
181| 0 0 0
182| 0 0 0
183| 0 0 0
184| 0 0 0
185| 0 0 0
186| 0 0 0
187| 0 0 0
188| 0 0 0
189| 0 0 0
190| 0 0 0
191| 0 0 0
192| 0 0 0
193| 0 0 0
194| 0 0 0
195| 0 0 0
196| 0 0 0
197| 0 0 0
198| 0 0 0
199| 0 0 0
200| 0 4 0
201| 0 8 0
202| 0 12 0
203| 0,3 16 0
204| 0,6 20 0
205| 0,9 24 0
206| 1,2 28 0
207| 1,5 32 0
208| 1,8 36 0
209| 2,1 40 0
210| 2,4 43,99999 0
211| 2,7 47,99999 0
212| 3 51,99999 0
213| 3,299999 55,99999 0
214| 3,299999 60 0
215| 3,299999 64 0
216| 3,299999 68 0
217| 3,299999 72 0
218| 3,299999 76,00001 0
219| 3,299999 80,00001 0
220| 3,299999 84,00001 0
221| 3,299999 88,00002 0
222| 0 0 0
223| 0 0 0
224| 0 0 0
225| 0 0 0
226| 0 0 0
227| 0 0 0
228| 0 0 0
229| 0 0 0
230| 0 0 0
231| 0 0 0
232| 0 0 0
233| 0 0 0
234| 0 4 0
235| 0 8 0
236| 0 12 0
237| 0 16 0
238| 0 20 0
239| 0 24 0
240| 0 28 0
241| 0 32 0
242| 0 36 0
243| 0 40 0
244| 0,3 43,99999 0
245| 0,6 47,99999 0
246| 0,9 51,99999 0
247| 1,2 55,99999 0
248| 1,5 60 0
249| 1,8 64 0
250| 2,1 68 0
251| 2,4 72 0
252| 2,7 76,00001 0
253| 3 80,00001 0
254| 3,299999 84,00001 0
255| 3,599999 88,00002 0
256| 3,899999 92,00002 0
257| 4,2 96,00002 0
258| 4,5 100 0
259| 4,8 104 0
260| 5,1 108 0
261| 5,4 112 0
262| 5,7 116 0
263| 6 120 0
264| 6,300001 124 0
265| 6,600001 128 0
266| 6,900001 132 0
267| 6,900001 136 0
268| 6,900001 140 0
269| 6,900001 144 0
270| 6,900001 148 0
271| 6,900001 152 0
272| 6,900001 156 0
273| 6,900001 160 0
274| 6,900001 164 0
275| 6,900001 168 0
276| 0 0 0
277| 0 0 0
278| 0 0 0
279| 0 0 0
280| 0 0 0
281| 0 0 0
282| 0 0 0
283| 0 0 0
284| 0 0 0
285| 0 0 0
286| 0 0 0
287| 0 0 0
288| 0 0 0
289| 0 0 0
290| 0 0 0
291| 0 0 0
292| 0 0 0
293| 0 0 0
294| 0 0 0
295| 0 0 0
296| 0 0 0
297| 0 0 0
298| 0 0 0
299| 0 0 0
300| 0 0 0
301| 0 0 0
302| 0 0 0
303| 0 0 0
304| 0 4 0
305| 0 8 0
306| 0 12 0
307| 0 16 0
308| 0 20 0
309| 0 24 0
310| 0 28 0
311| 0 32 0
312| 0 36 0
313| 0,3 40 0
314| 0,6 43,99999 0
315| 0,9 47,99999 0
316| 1,2 51,99999 0
317| 1,2 55,99999 0
318| 1,2 60 0
319| 1,2 64 0
320| 1,2 68 0
321| 1,2 72 0
322| 1,2 76,00001 0
323| 1,2 80,00001 0
324| 1,2 84,00001 0
325| 1,2 88,00002 0
326| 1,2 92,00002 0
327| 1,2 96,00002 0
328| 1,2 100 0
329| 1,2 104 0
330| 1,2 108 0
331| 1,2 112 0
332| 1,2 116 0
333| 1,2 120 0
334| 1,2 124 0
335| 1,2 128 0
336| 1,2 132 0
337| 1,2 136 0
338| 1,2 140 0
339| 1,2 144 0
340| 1,2 148 0
341| 1,2 152 0
342| 1,2 156 0
343| 1,2 160 0
344| 1,2 164 0
345| 1,2 168 0
346| 1,2 171,9999 0
347| 1,2 175,9999 0
348| 1,2 179,9999 0
349| 1,2 183,9999 0
350| 1,2 187,9999 0
351| 1,2 191,9999 0
352| 1,2 195,9999 0
353| 1,2 199,9999 0
354| 0 0 0
355| 0 0 0
356| 0 0 0
357| 0 0 0
358| 0 0 0
359| 0 0 0
360| 0 0 0
361| 0 0 0
362| 0 0 0
363| 0 4 0
364| 0 8 0
365| 0 12 0
366| 0 16 0
367| 0 0 0
368| 0 0 0
369| 0 0 0
370| 0 0 0
371| 0 0 0
372| 0 0 0
373| 0 0 0
374| 0 0 0
375| 0 0 0
376| 0 4 0
377| 0 8 0
378| 0 12 0
379| 0 16 0
380| 0 20 0
381| 0 24 0
382| 0 28 0
383| 0 32 0
384| 0 36 0
385| 0,3 40 0
386| 0,6 43,99999 0
387| 0,9 47,99999 0
388| 1,2 51,99999 0
389| 1,5 55,99999 0
390| 1,8 60 0
391| 2,1 64 0
392| 2,4 68 0
393| 2,7 72 0
394| 2,7 76,00001 0
395| 2,7 80,00001 0
396| 2,7 84,00001 0
397| 2,7 88,00002 0
398| 2,7 92,00002 0
399| 2,7 96,00002 0
400| 2,7 100 0
401| 2,7 104 0
402| 2,7 108 0
403| 2,7 112 0
404| 2,7 116 0
405| 2,7 120 0
406| 2,7 124 0
407| 2,7 128 0
408| 2,7 132 0
409| 2,7 136 0
410| 2,7 140 0
411| 2,7 144 0
412| 2,7 148 0
413| 2,7 152 0
414| 2,7 156 0
415| 2,7 160 0
416| 2,7 164 0
417| 2,7 168 0
418| 2,7 171,9999 0
419| 2,7 175,9999 0
420| 2,7 179,9999 0
421| 2,7 183,9999 0
422| 3 187,9999 0
423| 3,299999 191,9999 0
424| 3,599999 195,9999 0
425| 3,899999 199,9999 0
426| 4,2 203,9999 0
427| 4,5 207,9999 0
428| 4,8 211,9999 0
429| 5,1 215,9999 0
430| 5,4 219,9999 0
431| 5,7 223,9999 0
432| 6 227,9999 0
433| 6,300001 231,9999 0
434| 6,600001 235,9999 0
435| 6,600001 239,9999 0
436| 6,600001 243,9999 0
437| 6,600001 247,9999 0
438| 6,600001 251,9999 0
439| 6,600001 255,9999 0
440| 6,600001 259,9999 0
441| 6,600001 263,9999 0
442| 6,900001 267,9999 0
443| 7,200001 271,9998 0
444| 7,500001 275,9998 0
445| 7,800001 279,9998 0
446| 8,1 283,9998 0
447| 8,1 287,9998 0
448| 8,1 291,9998 0
449| 8,1 295,9998 0
450| 8,1 299,9998 0
451| 8,1 303,9998 0
452| 8,1 307,9998 0
453| 8,1 311,9998 0
454| 8,1 315,9998 0
455| 8,1 319,9998 0
456| 8,1 323,9998 0
457| 8,1 327,9998 0
458| 8,1 331,9998 0
459| 8,1 335,9998 0
460| 8,1 339,9998 0
461| 8,1 343,9998 0
462| 8,4 347,9998 0
463| 8,7 351,9998 0
464| 8,999999 355,9998 0
465| 8,999999 359,9998 0
466| 8,999999 363,9998 0
467| 8,999999 367,9998 0
468| 8,999999 371,9998 0
469| 8,999999 375,9998 0
470| 8,999999 379,9998 0
471| 8,999999 383,9998 0
472| 8,999999 387,9998 0
473| 8,999999 391,9998 0
474| 8,999999 395,9998 0
475| 8,999999 399,9997 0
476| 8,999999 403,9998 0
477| 0 400 0
478| -0,3 400 0
479| -0,6 400 0
480| -0,9 400 0
481| -1,2 400 0
482| -1,5 400 0
483| -1,8 400 0
484| -2,1 400 0
485| -2,1 400 0
486| -2,1 400 0
487| -2,1 400 0
488| -2,1 400 0
489| -2,1 400 0
490| -2,1 400 0
491| -2,1 400 0
492| -2,1 400 0
493| -2,1 400 0
494| -2,1 400 0
495| -2,1 400 0
496| -2,1 400 0
497| -2,1 400 0
498| 0 0 0
499| 0 0 0
500| 0 0 0
501| 0 0 0
502| 0 0 0
503| 0 0 0
504| 0 0 0
505| 0 0 0
506| 0 0 0
507| 0 0 0
508| 0 0 0
509| 0 0 0
510| 0 0 0
511| 0 0 0
512| 0 0 0
513| 0 0 0
514| 0 0 0
515| 0 0 0
516| 0 0 0
517| 0 0 0
518| 0 0 0
519| 0 0 0
520| 0 0 0
521| 0 4 0
522| 0 8 0
523| 0 12 0
524| 0 16 0
525| 0 0 0
526| 0 0 0
527| 0 0 0
528| 0 0 0
529| 0 0 0
530| 0 0 0
531| 0 0 0
532| 0 0 0
533| 0 0 0
534| 0 0 0
535| 0 0 0
536| -0,3 0 0
537| -0,6 0 0
538| -0,9 0 0
539| -1,2 0 0
540| -1,5 0 0
541| -1,8 0 0
542| -2,1 0 0
543| 0 0 0
544| 0 0 0
545| 0 0 0
546| 0 0 0
547| 0 0 0
548| 0 0 0
549| 0 0 0
550| 0 0 0
551| 0 0 0
552| 0 0 0
553| 0 0 0
554| 0 0 0
555| 0 0 0
556| 0 0 0
557| -0,3 0 0
558| -0,6 0 0
559| -0,9 0 0
560| 0 0 0
561| 0 0 0
562| 0 0 0
563| 0 0 0
564| 0 0 0
565| 0 0 0
566| 0 0 0
567| 0 0 0
568| 0 0 0
569| -0,3 0 0
570| -0,6 0 0
571| -0,9 0 0
572| -1,2 0 0
573| -1,5 0 0
574| -1,8 0 0
575| -2,1 0 0
576| 0 0 0
577| 0 0 0
578| 0 0 0
579| 0 0 0
580| 0 0 0
581| 0 0 0
582| 0 0 0
583| 0 0 0
584| 0 0 0
585| 0 0 0
586| 0 0 0
587| -0,3 0 0
588| -0,6 0 0
589| -0,9 0 0
590| -1,2 0 0
591| -1,5 0 0
592| -1,8 0 0
593| 0 0 0
594| 0 0 0
595| 0 0 0
596| 0 0 0
597| 0 0 0
598| 0 0 0
599| 0 0 0
600| 0 0 0
601| 0 0 0
602| 0 0 0
603| -0,3 0 0
604| -0,6 0 0
605| -0,9 0 0
606| -1,2 0 0
607| -1,5 0 0
608| 0 0 0
609| 0 0 0
610| 0 0 0
611| 0 0 0
612| 0 0 0
613| 0 0 0
614| 0 0 0
615| 0 0 0
616| 0 0 0
617| 0 0 0
618| 0 0 0
619| 0 0 0
620| 0 0 0
621| 0 0 0
622| 0 0 0
623| 0 0 0
624| 0 0 0
625| 0 0 0
626| -0,3 0 0
627| -0,6 0 0
628| -0,9 0 0
629| -1,2 0 0
630| -1,5 0 0
631| -1,8 0 0
632| -2,1 0 0
633| -2,4 0 0
634| -2,7 0 0
635| -3 0 0
636| -3,299999 0 0
637| -3,599999 0 0
638| -3,899999 0 0
639| -4,2 0 0
640| -4,5 0 0
641| -4,8 0 0
642| -5,1 0 0
643| -5,4 0 0
644| -5,7 0 0
645| -6 0 0
646| -6,300001 0 0
647| -6,600001 0 0
648| 0 0 0
649| 0 0 0
650| 0 0 0
651| 0 0 0
652| 0 0 0
653| 0 0 0
654| 0 0 0
655| 0 0 0
656| 0 0 0
657| 0 0 0
658| 0 0 0
659| 0 0 0
660| 0 0 0
661| 0 0 0
662| 0 0 0
663| 0 0 0
664| 0 0 0
665| 0 0 0
666| 0 0 0
667| 0 0 0
668| 0 0 0
669| 0 0 0
670| 0 0 0
671| 0 0 0
672| 0 0 0
673| 0 0 0
674| 0 0 0
675| 0 0 0
676| 0 0 0
677| 0 0 0
678| 0 0 0
679| 0 0 0
680| 0 0 0
681| 0 0 0
682| 0 0 0
683| 0 4 0
684| 0 8 0
685| 0 12 0
686| 0 16 0
687| -0,3 20 0
688| -0,6 24 0
689| -0,9 28 0
690| -1,2 32 0
691| -1,5 36 0
692| -1,8 40 0
693| -2,1 43,99999 0
694| -2,4 47,99999 0
695| -2,7 51,99999 0
696| -2,7 55,99999 0
697| 0 0 0
698| 0 0 0
699| 0 0 0
700| 0 0 0
701| 0 0 0
702| 0 0 0
703| 0 0 0
704| 0 0 0
705| 0 0 0
706| 0 0 0
707| 0 0 0
708| 0 0 0
709| 0 0 0
710| 0 0 0
711| 0 0 0
712| 0 4 0
713| 0 8 0
714| 0 12 0
715| 0 16 0
716| 0 20 0
717| 0 24 0
718| 0 28 0
719| 0 32 0
720| -0,3 36 0
721| -0,6 40 0
722| -0,9 43,99999 0
723| -1,2 47,99999 0
724| -1,5 51,99999 0
725| -1,8 55,99999 0
726| -2,1 60 0
727| -2,4 64 0
728| 0 0 0
729| 0 0 0
730| 0 0 0
731| 0 0 0
732| 0 0 0
733| 0 0 0
734| 0 0 0
735| 0 0 0
736| -0,3 0 0
737| -0,6 0 0
738| -0,9 0 0
739| -1,2 0 0
740| -1,5 0 0
741| -1,8 0 0
742| -2,1 0 0
743| -2,4 0 0
744| -2,7 0 0
745| -3 0 0
746| -3,299999 0 0
747| -3,599999 0 0
748| -3,899999 0 0
749| -4,2 0 0
750| -4,5 0 0
751| -4,8 0 0
752| -5,1 0 0
753| -5,4 0 0
754| -5,7 0 0
755| -6 0 0
756| -6,300001 0 0
757| -6,600001 0 0
758| -6,900001 0 0
759| -7,200001 0 0
760| -7,500001 0 0
761| -7,800001 0 0
762| -8,1 0 0
763| -8,4 0 0
764| -8,7 0 0
765| -8,999999 0 0
766| -9,299999 0 0
767| -9,599998 0 0
768| -9,899999 0 0
769| -10,2 0 0
770| -10,5 0 0
771| -10,8 0 0
772| -11,1 0 0
773| -11,4 0 0
774| -11,7 0 0
775| -12 0 0
776| -12,3 0 0
777| -12,6 0 0
778| -12,9 0 0
779| -13,2 0 0
780| -13,5 0 0
781| -13,79999 0 0
782| -14,09999 0 0
783| -14,39999 0 0
784| -14,69999 0 0
785| -14,99999 0 0
786| -15,29999 0 0
787| -15,59999 0 0
788| -15,89999 0 0
789| -16,19999 0 0
790| -16,49999 0 0
791| -16,79999 0 0
792| -17,09999 0 0
793| -17,39999 0 0
794| -17,69999 0 0
795| -17,99999 0 0
796| -18,29999 0 0
797| -18,59999 0 0
798| -18,89999 0 0
799| -19,19999 0 0
800| -19,49999 0 0
801| -19,79999 0 0
802| -20,09999 0 0
803| -20,39999 0 0
804| -20,69999 0 0
805| -20,99999 0 0
806| -21,29999 0 0
807| -21,59999 0 0
808| -21,89999 0 0
809| -22,19999 0 0
810| -22,49999 0 0
811| -22,79999 0 0
812| -23,09999 0 0
813| -23,39999 0 0
814| -23,69999 0 0
815| -23,99999 0 0
816| -24,29999 0 0
817| -24,59999 0 0
818| -24,89998 0 0
819| -25,19999 0 0
820| -25,49998 0 0
821| -25,79998 0 0
822| -26,09998 0 0
823| -26,39998 0 0
824| -26,69998 0 0
825| -26,99998 0 0
826| -27,29998 0 0
827| -27,59998 0 0
828| -27,89998 0 0
829| -28,19998 0 0
830| -28,49998 0 0
831| -28,79998 4 0
832| -29,09998 8 0
833| -29,39998 12 0
834| -29,69998 16 0
835| -29,99998 20 0
836| -30,29998 24 0
837| -30 28 0
838| -30 32 0
839| -30 36 0
840| -30 40 0
841| -30 43,99999 0
842| -30 47,99999 0
843| -30 51,99999 0
844| -30 55,99999 0
845| -30 60 0
846| -30 64 0
847| -30 68 0
848| -30 72 0
849| -30 76,00001 0
850| -30 80,00001 0
851| -30 84,00001 0
852| -30 88,00002 0
853| -30 92,00002 0
854| -30 96,00002 0
855| -30 100 0
856| -30 104 0
857| -30 108 0
858| -30 112 0
859| -30 116 0
860| -30 120 0
861| -30 124 0
862| -30 128 0
863| -30 132 0
864| -30 136 0
865| -30 140 0
866| -30 144 0
867| -30 148 0
868| -30 152 0
869| -30 156 0
870| -30 160 0
871| -30 164 0
872| -30 168 0
873| -30 171,9999 0
874| -30 175,9999 0
875| -30 179,9999 0
876| -30 183,9999 0
877| -30 187,9999 0
878| -30 191,9999 0
879| -30 195,9999 0
880| -30 199,9999 0
881| -30 203,9999 0
882| -30 207,9999 0
883| -30 211,9999 0
884| -30 215,9999 0
885| -30 219,9999 0
886| -30 223,9999 0
887| -30 227,9999 0
888| -30 231,9999 0
889| 0 235,9999 0
890| 0,3 239,9999 0
891| 0,6 243,9999 0
892| 0,9 247,9999 0
893| 1,2 251,9999 0
894| 1,5 255,9999 0
895| 1,8 259,9999 0
896| 2,1 263,9999 0
897| 2,4 267,9999 0
898| 2,7 271,9998 0
899| 3 275,9998 0
900| 3,299999 279,9998 0
901| 3,599999 283,9998 0
902| 3,899999 287,9998 0
903| 4,2 291,9998 0
904| 4,5 295,9998 0
905| 4,8 299,9998 0
906| 5,1 303,9998 0
907| 5,4 307,9998 0
908| 5,7 311,9998 0
909| 6 315,9998 0
910| 6,300001 319,9998 0
911| 6,600001 323,9998 0
912| 6,900001 327,9998 0
913| 7,200001 331,9998 0
914| 7,500001 335,9998 0
915| 7,800001 339,9998 0
916| 8,1 343,9998 0
917| 8,4 347,9998 0
918| 8,7 351,9998 0
919| 8,999999 355,9998 0
920| 9,299999 359,9998 0
921| 9,599998 363,9998 0
922| 9,899999 367,9998 0
923| 10,2 371,9998 0
924| 10,5 375,9998 0
925| 10,8 379,9998 0
926| 11,1 383,9998 0
927| 11,4 387,9998 0
928| 11,7 391,9998 0
929| 12 395,9998 0
930| 12,3 399,9997 0
931| 12,6 403,9998 0
932| 12,6 400 0
933| 12,6 400 0
934| 12,6 400 0
935| 12,6 400 0
936| 12,6 400 0
937| 12,6 400 0
938| 12,6 400 0
939| 12,6 400 0
940| 12,6 400 0
941| 12,6 400 0
942| 12,6 400 0
943| 12,6 400 0
944| 12,6 400 0
945| 12,6 400 0
946| 12,6 400 0
947| 0 0 0
948| 0 0 0
949| 0 0 0
950| 0 0 0
951| 0 0 0
952| 0 0 0
953| 0 0 0
954| 0 0 0
955| 0 0 0
956| 0 0 0
957| 0 0 0
958| 0 0 0
959| 0 0 0
960| 0 0 0
961| 0 0 0
962| 0,3 0 0
963| 0,6 0 0
964| 0,9 0 0
965| 1,2 0 0
966| 1,5 0 0
967| 1,8 0 0
968| 2,1 0 0
969| 2,4 0 0
970| 2,7 0 0
971| 3 0 0
972| 0 0 0
973| 0 0 0
974| 0 4 0
975| 0 8 0
976| 0 12 0
977| 0,3 16 0
978| 0,6 20 0
979| 0,9 24 0
980| 1,2 28 0
981| 1,5 32 0
982| 1,8 36 0
983| 2,1 40 0
984| 2,4 43,99999 0
985| 2,7 47,99999 0
986| 3 51,99999 0
987| 3,299999 55,99999 0
988| 3,599999 60 0
989| 3,899999 64 0
990| 4,2 68 0
991| 4,5 72 0
992| 4,8 76,00001 0
993| 5,1 80,00001 0
994| 5,4 84,00001 0
995| 5,7 88,00002 0
996| 6 92,00002 0
997| 6,300001 96,00002 0
998| 6,600001 100 0
999| 6,900001 104 0
1000| 7,200001 108 0
1001| 7,500001 112 0
1002| 7,800001 116 0
1003| 8,1 120 0
1004| 8,4 124 0
1005| 8,7 124 0
1006| 0 0 0
1007| 0 0 0
1008| 0 0 0
1009| 0 0 0
1010| 0 0 0
1011| 0 0 0
1012| 0 0 0
1013| 0 0 0
1014| 0 0 0
1015| 0 0 0
1016| 0 0 0
1017| 0 0 0
1018| 0 0 0
1019| 0,3 0 0
1020| 0,6 0 0
1021| 0,9 0 0
1022| 1,2 0 0
1023| 1,5 0 0
1024| 1,8 0 0
1025| 2,1 0 0
1026| 2,4 0 0
1027| 2,7 0 0
1028| 3 0 0
1029| 3,299999 0 0
1030| 3,599999 0 0
1031| 3,899999 0 0
1032| 4,2 0 0
1033| 0 0 0
1034| 0 0 0
1035| 0 0 0
1036| 0 0 0
1037| 0,3 0 0
1038| 0,6 0 0
1039| 0,9 0 0
1040| 1,2 0 0
1041| 1,5 0 0
1042| 1,8 0 0
1043| 2,1 0 0
1044| 2,4 0 0
1045| 2,7 0 0
1046| 3 0 0
1047| 3,299999 0 0
1048| 3,599999 0 0
1049| 3,899999 0 0
1050| 4,2 0 0
1051| 4,5 0 0
1052| 4,8 0 0
1053| 0 0 0
1054| 0 0 0
1055| 0 0 0
1056| 0 0 0
1057| 0 0 0
1058| 0 0 0
1059| 0 0 0
1060| 0 0 0
1061| 0 0 0
1062| 0 0 0
1063| 0 0 0
1064| 0 0 0
1065| 0 0 0
1066| 0 0 0
1067| 0 0 0
1068| 0 0 0
1069| 0 0 0
1070| 0 0 0
1071| 0 0 0
1072| 0 0 0
1073| 0 0 0
1074| 0 4 0
1075| 0 8 0
1076| 0 12 0
1077| 0 16 0
1078| 0 20 0
1079| 0 24 0
1080| 0 28 0
1081| 0 32 0
1082| 0,3 36 0
1083| 0,6 40 0
1084| 0,9 43,99999 0
1085| 1,2 47,99999 0
1086| 1,5 51,99999 0
1087| 1,8 55,99999 0
1088| 2,1 60 0
1089| 2,1 64 0
1090| 2,1 68 0
1091| 2,1 72 0
1092| 2,1 76,00001 0
1093| 2,1 80,00001 0
1094| 2,1 84,00001 0
1095| 2,1 88,00002 0
1096| 2,1 92,00002 0
1097| 2,1 96,00002 0
1098| 2,1 100 0
1099| 2,1 104 0
1100| 2,1 108 0
1101| 2,1 112 0
1102| 2,1 116 0
1103| 2,1 120 0
1104| 2,1 124 0
1105| 2,1 128 0
1106| 2,4 132 0
1107| 2,7 136 0
1108| 3 140 0
1109| 3,299999 144 0
1110| 3,599999 148 0
1111| 3,899999 152 0
1112| 4,2 156 0
1113| 4,2 160 0
1114| 4,2 164 0
1115| 4,2 168 0
1116| 4,2 171,9999 0
1117| 4,2 175,9999 0
1118| 4,2 179,9999 0
1119| 4,2 183,9999 0
1120| 4,2 187,9999 0
1121| 4,2 191,9999 0
1122| 4,2 195,9999 0
1123| 4,2 199,9999 0
1124| 4,2 203,9999 0
1125| 4,2 207,9999 0
1126| 4,2 211,9999 0
1127| 4,2 215,9999 0
1128| 4,2 219,9999 0
1129| 4,2 223,9999 0
1130| 4,2 227,9999 0
1131| 4,2 231,9999 0
1132| 4,2 235,9999 0
1133| 0 239,9999 0
1134| -0,3 243,9999 0
1135| -0,6 243,9999 0
1136| -0,9 243,9999 0
1137| -1,2 243,9999 0
1138| -1,5 243,9999 0
1139| -1,8 243,9999 0
1140| -2,1 243,9999 0
1141| -2,4 243,9999 0
1142| -2,7 243,9999 0
1143| -3 243,9999 0
1144| -3,299999 243,9999 0
1145| -3,599999 243,9999 0
1146| -3,899999 243,9999 0
1147| -4,2 243,9999 0
1148| -4,5 243,9999 0
1149| -4,8 243,9999 0
1150| -5,1 243,9999 0
1151| -5,4 243,9999 0
1152| -5,7 243,9999 0
1153| -6 243,9999 0
1154| -6,300001 243,9999 0
1155| -6,600001 243,9999 0
1156| -6,900001 243,9999 0
1157| -7,200001 243,9999 0
1158| -7,500001 243,9999 0
1159| -7,800001 243,9999 0
1160| -8,1 243,9999 0
1161| -8,4 243,9999 0
1162| -8,7 243,9999 0
1163| -8,999999 243,9999 0
1164| -9,299999 243,9999 0
1165| -9,599998 243,9999 0
1166| -9,899999 243,9999 0
1167| -10,2 243,9999 0
1168| -10,5 243,9999 0
1169| -10,8 243,9999 0
1170| -11,1 243,9999 0
1171| -11,4 243,9999 0
1172| -11,7 243,9999 0
1173| -12 243,9999 0
1174| -12,3 243,9999 0
1175| -12,6 243,9999 0
1176| -12,9 243,9999 0
1177| -13,2 243,9999 0
1178| -13,5 243,9999 0
1179| -13,79999 243,9999 0
1180| -14,09999 243,9999 0
1181| -14,39999 243,9999 0
1182| -14,69999 243,9999 0
1183| -14,99999 243,9999 0
1184| -15,29999 243,9999 0
1185| -15,59999 243,9999 0
1186| -15,89999 243,9999 0
1187| -16,19999 243,9999 0
1188| -16,49999 243,9999 0
1189| -16,79999 243,9999 0
1190| -17,09999 243,9999 0
1191| -17,39999 243,9999 0
1192| -17,69999 243,9999 0
1193| -17,99999 243,9999 0
1194| -18,29999 243,9999 0
1195| -18,59999 243,9999 0
1196| -18,89999 243,9999 0
1197| -19,19999 243,9999 0
1198| -19,49999 243,9999 0
1199| -19,79999 243,9999 0
1200| -20,09999 243,9999 0
1201| -20,39999 243,9999 0
1202| -20,69999 243,9999 0
1203| -20,99999 243,9999 0
1204| -21,29999 243,9999 0
1205| -21,59999 243,9999 0
1206| -21,89999 243,9999 0
1207| -22,19999 243,9999 0
1208| -22,49999 243,9999 0
1209| -22,79999 243,9999 0
1210| -23,09999 243,9999 0
1211| -23,39999 243,9999 0
1212| -23,69999 243,9999 0
1213| -23,99999 243,9999 0
1214| -24,29999 243,9999 0
1215| -24,59999 243,9999 0
1216| -24,89998 243,9999 0
1217| -25,19999 243,9999 0
1218| -25,49998 243,9999 0
1219| -25,79998 243,9999 0
1220| -26,09998 243,9999 0
1221| -26,39998 243,9999 0
1222| -26,69998 243,9999 0
1223| -26,99998 243,9999 0
1224| -27,29998 243,9999 0
1225| -27,59998 243,9999 0
1226| -27,89998 243,9999 0
1227| -28,19998 243,9999 0
1228| -28,49998 243,9999 0
1229| -28,79998 243,9999 0
1230| -29,09998 243,9999 0
1231| -29,39998 243,9999 0
1232| -29,69998 243,9999 0
1233| -29,99998 243,9999 0
1234| -30,29998 243,9999 0
1235| -30 243,9999 0
1236| -30 243,9999 0
1237| -30 243,9999 0
1238| -30 243,9999 0
1239| -30 243,9999 0
1240| -30 243,9999 0
1241| -30 243,9999 0
1242| -30 243,9999 0
1243| -30 243,9999 0
1244| -30 243,9999 0
1245| -30 243,9999 0
1246| -30 243,9999 0
1247| -30 243,9999 0
1248| -30 243,9999 0
1249| -30 243,9999 0
1250| -30 243,9999 0
1251| -30 243,9999 0
1252| -30 243,9999 0
1253| -30 243,9999 0
1254| -30 243,9999 0
1255| -30 243,9999 0
1256| -30 243,9999 0
1257| -30 243,9999 0
1258| -30 243,9999 0
1259| -30 243,9999 0
1260| -30 243,9999 0
1261| -30 243,9999 0
1262| -30 243,9999 0
1263| -30 243,9999 0
1264| -30 243,9999 0
1265| -30 243,9999 0
1266| -30 243,9999 0
1267| -30 243,9999 0
1268| -30 243,9999 0
1269| -30 243,9999 0
1270| -30 243,9999 0
1271| -30 243,9999 0
1272| -30 243,9999 0
1273| -30 243,9999 0
1274| -30 243,9999 0
1275| -30 243,9999 0
1276| -30 243,9999 0
1277| -30 243,9999 0
1278| -30 243,9999 0
1279| -30 243,9999 0
1280| -30 243,9999 0
1281| -30 243,9999 0
1282| -30 243,9999 0
1283| -30 243,9999 0
1284| -30 243,9999 0
1285| -30 243,9999 0
1286| -30 243,9999 0
1287| -30 243,9999 0
1288| -30 243,9999 0
1289| -30 243,9999 0
1290| -30 243,9999 0
1291| -30 243,9999 0
1292| -30 243,9999 0
1293| -30 243,9999 0
1294| -30 243,9999 0
1295| -30 243,9999 0
1296| -30 243,9999 0
1297| -30 243,9999 0
1298| -30 243,9999 0
1299| -30 243,9999 0
1300| -30 243,9999 0
1301| -30 243,9999 0
1302| -30 243,9999 0
1303| -30 243,9999 0
1304| -30 243,9999 0
1305| -30 243,9999 0
1306| -30 243,9999 0
1307| -30 243,9999 0
1308| -30 243,9999 0
1309| -30 243,9999 0
1310| -30 243,9999 0
1311| -30 243,9999 0
1312| -30 243,9999 0
1313| -30 243,9999 0
1314| -30 243,9999 0
1315| -30 243,9999 0
1316| -30 243,9999 0
1317| -30 243,9999 0
1318| -30 243,9999 0
1319| -30 243,9999 0
1320| -30 243,9999 0
1321| -30 243,9999 0
1322| -30 243,9999 0
1323| -30 243,9999 0
1324| -30 243,9999 0
1325| -30 243,9999 0
1326| -30 243,9999 0
1327| -30 243,9999 0
1328| -30 243,9999 0
1329| -30 243,9999 0
1330| -30 243,9999 0
1331| -30 243,9999 0
1332| -30 243,9999 0
1333| -30 243,9999 0
1334| -30 243,9999 0
1335| -30 243,9999 0
1336| -30 243,9999 0
1337| -30 243,9999 0
1338| -30 243,9999 0
1339| -30 243,9999 0
1340| -30 243,9999 0
1341| -30 243,9999 0
1342| -30 243,9999 0
1343| -30 243,9999 0
1344| -30 243,9999 0
1345| -30 243,9999 0
1346| -30 243,9999 0
1347| -30 243,9999 0
1348| -30 243,9999 0
1349| -30 243,9999 0
1350| -30 243,9999 0
1351| -30 243,9999 0
1352| -30 243,9999 0
1353| -30 243,9999 0
1354| -30 243,9999 0
1355| -30 243,9999 0
1356| -30 243,9999 0
1357| -30 243,9999 0
1358| -30 243,9999 0
1359| -30 243,9999 0
1360| -30 243,9999 0
1361| -30 243,9999 0
1362| -30 243,9999 0
1363| -30 243,9999 0
1364| -30 243,9999 0
1365| -30 243,9999 0
1366| -30 243,9999 0
1367| -30 243,9999 0
1368| -30 243,9999 0
1369| -30 243,9999 0
1370| -30 243,9999 0
1371| -30 243,9999 0
1372| -30 243,9999 0
1373| -30 243,9999 0
1374| -30 243,9999 0
1375| -30 243,9999 0
1376| -30 243,9999 0
1377| -30 243,9999 0
1378| -30 243,9999 0
1379| -30 243,9999 0
1380| -30 243,9999 0
1381| -30 243,9999 0
1382| -30 243,9999 0
1383| -30 243,9999 0
1384| -30 243,9999 0
1385| -30 243,9999 0
1386| -30 243,9999 0
1387| -30 243,9999 0
1388| -30 243,9999 0
1389| -30 243,9999 0
1390| -30 243,9999 0
1391| -30 243,9999 0
1392| -30 243,9999 0
1393| -30 243,9999 0
1394| -30 243,9999 0
1395| -30 243,9999 0
1396| -30 243,9999 0
1397| -30 243,9999 0
1398| -30 243,9999 0
1399| -30 243,9999 0
1400| -30 243,9999 0
1401| -30 243,9999 0
1402| -30 243,9999 0
1403| -30 243,9999 0
1404| -30 243,9999 0
1405| -30 243,9999 0
1406| 0 0 0
1407| 0 0 0
1408| 0 0 0
1409| 0 0 0
1410| 0 0 0
1411| 0 0 0
1412| 0 0 0
1413| 0 0 0
1414| 0 0 0
1415| 0 0 0
1416| 0 0 0
1417| 0 0 0
1418| 0 0 0
1419| 0 0 0
1420| 0 0 0
1421| 0 0 0
1422| 0 0 0
1423| 0 0 0
1424| 0 0 0
1425| 0 0 0
1426| 0 0 0
1427| 0 0 0
1428| 0 0 0
1429| 0 0 0
1430| 0 0 0
1431| 0 0 0
1432| 0 0 0
1433| 0 0 0
1434| 0 0 0
1435| 0 0 0
1436| 0 0 0
1437| 0 0 0
1438| 0 0 0
1439| 0 0 0
1440| 0 0 0
1441| 0 0 0
1442| 0,3 0 0
1443| 0,6 0 0
1444| 0 0 0
1445| 0 0 0
1446| 0 0 0
1447| 0 0 0
1448| -0,3 0 0
1449| -0,6 0 0
1450| -0,9 0 0
1451| -1,2 0 0
1452| -1,5 0 0
1453| -1,8 0 0
1454| -2,1 0 0
1455| -2,4 0 0
1456| -2,7 0 0
1457| -3 0 0
1458| -3,299999 0 0
1459| -3,599999 0 0
1460| -3,899999 0 0
1461| -4,2 0 0
1462| -4,5 0 0
1463| -4,8 0 0
1464| -5,1 0 0
1465| -5,4 0 0
1466| -5,7 0 0
1467| -6 0 0
1468| -6,300001 0 0
1469| -6,600001 0 0
1470| -6,900001 0 0
1471| -7,200001 0 0
1472| 0 0 0
1473| 0 0 0
1474| 0 0 0
1475| 0 0 0
1476| 0 0 0
1477| 0 0 0

