1| 0 0 0
2| 0 0 0
3| 0 0 0
4| 0 0 0
5| 0 0 0
6| 0 0 0
7| 0 0 0
8| 0 0 0
9| 0 0 0
10| 0 0 0
11| 0 0 0
12| 0 0 0
13| 0 0 0
14| 0 0 0
15| 0 0 0
16| 0 0 0
17| 0 0 0
18| 0 0 0
19| 0 0 0
20| 0 0 0
21| 0 0 0
22| 0 0 0
23| 0 0 0
24| 0 0 0
25| 0 0 0
26| 0 0 0
27| 0 0 0
28| 0 0 0
29| 0 0 0
30| 0 0 0
31| 0 0 0
32| 0 0 0
33| 0 0 0
34| 0 0 0
35| 0 0 0
36| 0 0 0
37| 0 0 0
38| 0 0 0
39| 0 0 0
40| 0 0 0
41| 0 0 0
42| 0 0 0
43| 0 0 0
44| 0 0 0
45| 0 0 0
46| 0 0 0
47| 0 0 0
48| 0 0 0
49| 0 0 0
50| 0 0 0
51| 0 0 0
52| 0 0 0
53| 0 0 0
54| 0 0 0
55| 0 0 0
56| 0 0 0
57| 0 0 0
58| 0 0 0
59| 0 0 0
60| 0 0 0
61| 0 0 0
62| 0 0 0
63| 0 0 0
64| 0 0 0
65| 0 0 0
66| 0 0 0
67| 0 0 0
68| 0 0 0
69| 0 0 0
70| 0 0 0
71| 0 0 0
72| 0 0 0
73| 0 0 0
74| 0 0 0
75| 0 0 0
76| 0 0 0
77| 0 0 0
78| 0 0 0
79| 0 0 0
80| 0 0 0
81| 0 0 0
82| 0 0 0
83| 0 0 0
84| 0 0 0
85| 0 0 0
86| 0 0 0
87| 0 0 0
88| 0 0 0
89| 0 0 0
90| 0 0 0
91| 0 0 0
92| 0 4 0
93| 0 8 0
94| 0 12 0
95| 0 16 0
96| -0,3 20 0
97| -0,6 24 0
98| -0,9 28 0
99| -1,2 32 0
100| -1,5 36 0
101| -1,8 40 0
102| -2,1 43,99999 0
103| -2,4 47,99999 0
104| -2,7 51,99999 0
105| -3 55,99999 0
106| -3,299999 60 0
107| -3,599999 64 0
108| -3,899999 68 0
109| -4,2 72 0
110| -4,5 76,00001 0
111| -4,8 80,00001 0
112| -5,1 84,00001 0
113| -5,4 88,00002 0
114| -5,7 92,00002 0
115| -6 96,00002 0
116| -6,300001 100 0
117| -6,600001 104 0
118| -6,900001 108 0
119| -7,200001 112 0
120| -7,500001 116 0
121| -7,800001 120 0
122| -7,800001 124 0
123| -7,800001 128 0
124| -7,800001 132 0
125| -7,800001 136 0
126| -7,800001 140 0
127| -7,800001 144 0
128| 0 0 0
129| 0 0 0
130| 0 0 0
131| 0 0 0
132| 0 0 0
133| 0 0 0
134| 0 0 0
135| 0 0 0
136| 0 0 0
137| 0 0 0
138| 0 0 0
139| 0 0 0
140| 0 0 0
141| 0 0 0
142| 0 0 0
143| 0 0 0
144| 0 0 0
145| 0 0 0
146| 0 0 0
147| 0 0 0
148| 0 0 0
149| 0 0 0
150| 0 0 0
151| 0 0 0
152| 0 0 0
153| 0 0 0
154| 0 0 0
155| 0 0 0
156| 0 0 0
157| 0 0 0
158| 0 0 0
159| 0 0 0
160| 0 0 0
161| 0 0 0
162| 0 0 0
163| 0 0 0
164| 0 0 0
165| 0 0 0
166| 0 0 0
167| 0 0 0
168| 0 0 0
169| 0 0 0
170| 0 0 0
171| 0 0 0
172| 0 0 0
173| 0 0 0
174| 0 0 0
175| 0 0 0
176| 0 0 0
177| 0 0 0
178| 0 0 0
179| 0 0 0
180| 0 0 0
181| 0 0 0
182| 0 0 0
183| 0 0 0
184| 0 0 0
185| 0 0 0
186| 0 4 0
187| 0 8 0
188| -0,3 12 0
189| -0,6 16 0
190| -0,9 20 0
191| -1,2 24 0
192| -1,5 28 0
193| -1,8 32 0
194| -2,1 36 0
195| -2,4 40 0
196| -2,7 43,99999 0
197| -3 47,99999 0
198| -3,299999 51,99999 0
199| -3,599999 55,99999 0
200| -3,899999 60 0
201| -4,2 64 0
202| -4,5 68 0
203| -4,8 72 0
204| -5,1 76,00001 0
205| -5,4 80,00001 0
206| -5,7 84,00001 0
207| -6 88,00002 0
208| -6,300001 92,00002 0
209| -6,600001 96,00002 0
210| -6,900001 100 0
211| -7,200001 104 0
212| -7,500001 108 0
213| -7,800001 112 0
214| -8,1 116 0
215| -8,4 120 0
216| -8,7 124 0
217| -8,999999 128 0
218| -9,299999 132 0
219| -9,599998 136 0
220| -9,899999 140 0
221| -10,2 144 0
222| -10,5 148 0
223| -10,8 152 0
224| -11,1 156 0
225| -11,4 160 0
226| -11,7 164 0
227| -12 168 0
228| -12,3 171,9999 0
229| -12,6 175,9999 0
230| -12,9 179,9999 0
231| -13,2 183,9999 0
232| -13,2 187,9999 0
233| -13,2 191,9999 0
234| -13,2 195,9999 0
235| -13,2 199,9999 0
236| -13,2 203,9999 0
237| -13,5 207,9999 0
238| -13,79999 211,9999 0
239| -14,09999 215,9999 0
240| -14,39999 219,9999 0
241| -14,69999 223,9999 0
242| -14,99999 227,9999 0
243| -15,29999 231,9999 0
244| -15,59999 235,9999 0
245| -15,89999 239,9999 0
246| -16,19999 243,9999 0
247| -16,49999 247,9999 0
248| -16,79999 251,9999 0
249| -17,09999 255,9999 0
250| -17,39999 259,9999 0
251| -17,69999 263,9999 0
252| -17,99999 267,9999 0
253| -18,29999 271,9998 0
254| -18,59999 275,9998 0
255| -18,59999 279,9998 0
256| -18,59999 283,9998 0
257| -18,59999 287,9998 0
258| -18,59999 291,9998 0
259| -18,59999 295,9998 0
260| -18,59999 299,9998 0
261| -18,59999 303,9998 0
262| -18,59999 307,9998 0
263| -18,59999 311,9998 0
264| -18,59999 315,9998 0
265| -18,59999 319,9998 0
266| -18,59999 323,9998 0
267| -18,59999 327,9998 0
268| -18,59999 331,9998 0
269| -18,59999 335,9998 0
270| -18,59999 339,9998 0
271| -18,59999 343,9998 0
272| 0 347,9998 0
273| 0,3 351,9998 0
274| 0,6 355,9998 0
275| 0,9 359,9998 0
276| 1,2 363,9998 0
277| 1,5 367,9998 0
278| 1,8 371,9998 0
279| 2,1 375,9998 0
280| 2,4 379,9998 0
281| 2,7 383,9998 0
282| 3 387,9998 0
283| 3,299999 391,9998 0
284| 3,599999 395,9998 0
285| 3,899999 399,9997 0
286| 4,2 400 0
287| 4,5 400 0
288| 4,8 400 0
289| 5,1 400 0
290| 5,4 400 0
291| 5,7 400 0
292| 6 400 0
293| 6,300001 400 0
294| 6,600001 400 0
295| 6,900001 400 0
296| 7,200001 400 0
297| 7,500001 400 0
298| 7,800001 400 0
299| 8,1 400 0
300| 8,4 400 0
301| 8,7 400 0
302| 8,999999 400 0
303| 9,299999 400 0
304| 9,599998 400 0
305| 9,899999 400 0
306| 9,899999 400 0
307| 9,899999 400 0
308| 9,899999 400 0
309| 9,899999 400 0
310| 9,899999 400 0
311| 9,899999 400 0
312| 9,899999 400 0
313| 9,899999 400 0
314| 9,899999 400 0
315| 9,899999 400 0
316| 9,899999 400 0
317| 9,899999 400 0
318| 9,899999 400 0
319| 9,899999 400 0
320| 9,899999 400 0
321| 9,899999 400 0
322| 9,899999 400 0
323| 9,899999 400 0
324| 9,899999 400 0
325| 9,899999 400 0
326| 9,899999 400 0
327| 9,899999 400 0
328| 9,899999 400 0
329| 9,899999 400 0
330| 9,899999 400 0
331| 9,899999 400 0
332| 0 400 0
333| -0,3 400 0
334| -0,6 400 0
335| -0,9 400 0
336| -1,2 400 0
337| -1,5 400 0
338| -1,8 400 0
339| -2,1 400 0
340| -2,4 400 0
341| -2,7 400 0
342| -3 400 0
343| -3,299999 400 0
344| -3,599999 400 0
345| -3,899999 400 0
346| -4,2 400 0
347| -4,5 400 0
348| -4,8 400 0
349| -5,1 400 0
350| -5,4 400 0
351| -5,7 400 0
352| -6 400 0
353| -6,300001 400 0
354| -6,600001 400 0
355| -6,900001 400 0
356| -7,200001 400 0
357| -7,200001 400 0
358| -7,200001 400 0
359| -7,200001 400 0
360| -7,200001 400 0
361| -7,200001 400 0
362| -7,200001 400 0
363| -7,200001 400 0
364| -7,200001 400 0
365| -7,200001 400 0
366| -7,200001 400 0
367| -7,200001 400 0
368| -7,200001 400 0
369| -7,200001 400 0
370| -7,200001 400 0
371| -7,200001 400 0
372| -7,200001 400 0
373| -7,200001 400 0
374| -7,200001 400 0
375| -7,200001 400 0
376| -7,200001 400 0
377| -7,200001 400 0
378| -7,200001 400 0
379| -7,200001 400 0
380| -7,200001 400 0
381| -7,200001 400 0
382| -7,200001 400 0
383| -7,200001 400 0
384| -7,200001 400 0
385| -7,200001 400 0
386| -7,200001 400 0
387| -7,200001 400 0
388| 0 400 0
389| 0,3 400 0
390| 0,6 400 0
391| 0,9 400 0
392| 1,2 400 0
393| 1,5 400 0
394| 1,5 400 0
395| 1,5 400 0
396| 1,5 400 0
397| 1,5 400 0
398| 1,5 400 0
399| 1,5 400 0
400| 1,5 400 0
401| 1,5 400 0
402| 1,5 400 0
403| 1,5 400 0
404| 1,5 400 0
405| 1,5 400 0
406| 1,5 400 0
407| 1,5 400 0
408| 1,5 400 0
409| 1,5 400 0
410| 1,5 400 0
411| 1,5 400 0
412| 1,5 400 0
413| 1,5 400 0
414| 1,5 400 0
415| 1,5 400 0
416| 1,5 400 0
417| 1,5 400 0
418| 1,5 400 0
419| 1,5 400 0
420| 1,5 400 0
421| 1,5 400 0
422| 1,5 400 0
423| 1,5 400 0
424| 1,5 400 0
425| 1,5 400 0
426| 1,5 400 0
427| 1,5 400 0
428| 1,5 400 0
429| 1,5 400 0
430| 1,5 400 0
431| 1,5 400 0
432| 1,5 400 0
433| 1,5 400 0
434| 1,5 400 0
435| 1,5 400 0
436| 1,5 400 0
437| 1,5 400 0
438| 1,5 400 0
439| 1,5 400 0
440| 1,5 400 0
441| 1,5 400 0
442| 1,5 400 0
443| 1,5 400 0
444| 1,5 400 0
445| 1,5 400 0
446| 1,5 400 0
447| 1,5 400 0
448| 1,5 400 0
449| 1,5 400 0
450| 1,5 400 0
451| 1,5 400 0
452| 1,5 400 0
453| 1,5 400 0
454| 1,5 400 0
455| 0 400 0
456| -0,3 400 0
457| -0,6 400 0
458| -0,6 400 0
459| -0,6 400 0
460| -0,6 400 0
461| -0,6 400 0
462| -0,6 400 0
463| -0,6 400 0
464| -0,6 400 0
465| -0,6 400 0
466| -0,6 400 0
467| -0,6 400 0
468| -0,6 400 0
469| -0,6 400 0
470| -0,6 400 0
471| -0,6 400 0
472| -0,6 400 0
473| -0,6 400 0
474| -0,6 400 0
475| -0,6 400 0
476| -0,6 400 0
477| -0,6 400 0
478| -0,6 400 0
479| -0,6 400 0
480| -0,6 400 0
481| -0,6 400 0
482| -0,6 400 0
483| -0,6 400 0
484| -0,6 400 0
485| -0,6 400 0
486| -0,6 400 0
487| -0,6 400 0
488| -0,6 400 0
489| -0,6 400 0
490| -0,6 400 0
491| -0,6 400 0
492| -0,6 400 0
493| -0,6 400 0
494| -0,6 400 0
495| -0,6 400 0
496| 0 400 0
497| 0,3 400 0
498| 0,6 400 0
499| 0,9 400 0
500| 1,2 400 0
501| 1,2 400 0
502| 1,2 400 0
503| 1,2 400 0
504| 1,2 400 0
505| 1,2 400 0
506| 1,2 400 0
507| 1,2 400 0
508| 1,2 400 0
509| 1,2 400 0
510| 1,2 400 0
511| 1,2 400 0
512| 1,2 400 0
513| 1,2 400 0
514| 1,2 400 0
515| 1,2 400 0
516| 1,2 400 0
517| 1,2 400 0
518| 1,2 400 0
519| 1,2 400 0
520| 1,2 400 0
521| 1,2 400 0
522| 1,2 400 0
523| 1,2 400 0
524| 1,2 400 0
525| 1,2 400 0
526| 1,2 400 0
527| 1,2 400 0
528| 1,2 400 0
529| 1,2 400 0
530| 1,2 400 0
531| 1,2 400 0
532| 1,2 400 0
533| 1,2 400 0
534| 1,2 400 0
535| 1,2 400 0
536| 1,2 400 0
537| 1,2 400 0
538| 1,2 400 0
539| 0 400 0
540| -0,3 400 0
541| -0,6 400 0
542| -0,9 400 0
543| -1,2 400 0
544| -1,2 400 0
545| -1,2 400 0
546| -1,2 400 0
547| -1,2 400 0
548| -1,2 400 0
549| -1,2 400 0
550| -1,2 400 0
551| -1,2 400 0
552| -1,2 400 0
553| -1,2 400 0
554| -1,2 400 0
555| -1,2 400 0
556| -1,2 400 0
557| -1,2 400 0
558| -1,2 400 0
559| -1,2 400 0
560| -1,2 400 0
561| -1,2 400 0
562| -1,2 400 0
563| -1,2 400 0
564| -1,2 400 0
565| -1,2 400 0
566| -1,2 400 0
567| -1,2 400 0
568| -1,2 400 0
569| -1,2 400 0
570| -1,2 400 0
571| -1,2 400 0
572| -1,2 400 0
573| -1,2 400 0
574| -1,2 400 0
575| -1,2 400 0
576| -1,2 400 0
577| -1,2 400 0
578| -1,2 400 0
579| -1,2 400 0
580| -1,2 400 0
581| -1,2 400 0
582| -1,2 400 0
583| -1,2 400 0
584| -1,2 400 0
585| -1,2 400 0
586| -1,2 400 0
587| -1,2 400 0
588| -1,2 400 0
589| -1,2 400 0
590| -1,2 400 0
591| -1,2 400 0
592| -1,2 400 0
593| -1,2 400 0
594| 0 400 0
595| 0,3 400 0
596| 0,6 400 0
597| 0,9 400 0
598| 1,2 400 0
599| 1,5 400 0
600| 1,5 400 0
601| 1,5 400 0
602| 1,5 400 0
603| 1,5 400 0
604| 1,5 400 0
605| 1,5 400 0
606| 1,5 400 0
607| 1,5 400 0
608| 1,5 400 0
609| 1,5 400 0
610| 1,5 400 0
611| 1,5 400 0
612| 1,5 400 0
613| 1,5 400 0
614| 1,5 400 0
615| 1,5 400 0
616| 1,5 400 0
617| 1,5 400 0
618| 1,5 400 0
619| 1,5 400 0
620| 1,5 400 0
621| 1,5 400 0
622| 1,5 400 0
623| 1,5 400 0
624| 1,5 400 0
625| 1,5 400 0
626| 1,5 400 0
627| 1,5 400 0
628| 1,5 400 0
629| 1,5 400 0
630| 1,5 400 0
631| 1,5 400 0
632| 1,5 400 0
633| 1,5 400 0
634| 1,5 400 0
635| 1,5 400 0
636| 1,5 400 0
637| 1,5 400 0
638| 1,5 400 0
639| 1,5 400 0
640| 1,5 400 0
641| 1,5 400 0
642| 1,5 400 0
643| 1,5 400 0
644| 1,5 400 0
645| 1,5 400 0
646| 1,5 400 0
647| 1,5 400 0
648| 1,5 400 0
649| 1,5 400 0
650| 1,5 400 0
651| 1,5 400 0
652| 1,5 400 0
653| 1,5 400 0
654| 1,5 400 0
655| 1,5 400 0
656| 1,5 400 0
657| 1,5 400 0
658| 1,5 400 0
659| 1,5 400 0
660| 1,5 400 0
661| 1,5 400 0
662| 1,5 400 0
663| 1,5 400 0
664| 1,5 400 0
665| 1,5 400 0
666| 1,5 400 0
667| 1,5 400 0
668| 1,5 400 0
669| 1,5 400 0
670| 1,5 400 0
671| 1,5 400 0
672| 1,5 400 0
673| 1,5 400 0
674| 1,5 400 0
675| 1,5 400 0
676| 1,5 400 0
677| 0 0 0
678| 0 0 0
679| 0 0 0
680| 0 0 0
681| 0 0 0
682| 0 0 0
683| 0 0 0
684| 0 0 0
685| 0 0 0
686| 0 0 0
687| 0 0 0
688| 0 0 0
689| 0 0 0
690| 0 0 0
691| 0 0 0
692| 0 0 0
693| 0 0 0
694| 0 0 0
695| 0 0 0
696| 0 0 0
697| 0 0 0
698| 0 0 0
699| 0 0 0
700| 0 0 0
701| 0 0 0
702| 0 0 0
703| 0 0 0
704| 0 0 0
705| 0 0 0
706| 0 0 0
707| 0 0 0
708| 0 0 0
709| 0 0 0
710| 0 0 0
711| 0 0 0
712| 0 0 0
713| 0 0 0
714| 0 0 0
715| 0 0 0
716| 0 0 0
717| 0 0 0
718| 0 0 0
719| 0 0 0
720| 0 0 0
721| 0 0 0
722| 0 0 0
723| 0 0 0
724| 0 0 0
725| 0 0 0
726| 0 0 0
727| 0 0 0
728| 0 0 0
729| 0 0 0
730| 0 0 0
731| 0 0 0
732| 0 0 0
733| 0 0 0
734| 0 0 0
735| 0 0 0
736| 0 0 0
737| 0 0 0
738| 0 0 0
739| 0 0 0
740| 0 0 0
741| 0 0 0
742| 0 0 0
743| 0 0 0
744| 0 0 0
745| 0 0 0
746| 0 0 0
747| 0 0 0
748| 0 0 0
749| 0 0 0
750| 0 0 0
751| 0 0 0
752| 0 0 0
753| 0 0 0
754| 0 0 0
755| 0 0 0
756| 0 0 0
757| 0 0 0
758| 0 0 0
759| 0 0 0
760| 0 0 0
761| 0 0 0
762| 0 0 0
763| 0 0 0
764| 0 0 0
765| 0 0 0
766| 0 0 0
767| 0 0 0
768| 0 0 0
769| 0 0 0
770| 0 0 0
771| 0 0 0
772| 0 0 0
773| 0 0 0
774| 0 0 0
775| -0,3 0 0
776| -0,6 0 0
777| -0,9 0 0
778| -1,2 0 0
779| -1,5 0 0
780| -1,8 0 0
781| -2,1 0 0
782| -2,4 0 0
783| -2,7 0 0
784| -3 0 0
785| -3,299999 0 0
786| -3,599999 0 0
787| -3,899999 0 0
788| -4,2 0 0
789| -4,5 0 0
790| -4,8 0 0
791| -5,1 0 0
792| -5,4 0 0
793| -5,7 0 0
794| -6 0 0
795| -6,300001 0 0
796| -6,600001 0 0
797| -6,900001 0 0
798| -7,200001 0 0
799| -7,500001 0 0
800| -7,800001 0 0
801| -8,1 0 0
802| -8,4 0 0
803| -8,7 0 0
804| -8,999999 0 0
805| -9,299999 0 0
806| -9,599998 0 0
807| -9,899999 0 0
808| -10,2 0 0
809| -10,5 0 0
810| -10,8 0 0
811| -11,1 0 0
812| -11,4 0 0
813| -11,7 0 0
814| -12 0 0
815| -12,3 0 0
816| -12,6 0 0
817| -12,9 0 0
818| -13,2 0 0
819| -13,5 0 0
820| -13,79999 0 0
821| -14,09999 0 0
822| -14,39999 0 0
823| -14,69999 0 0
824| -14,99999 0 0
825| -15,29999 0 0
826| -15,59999 0 0
827| -15,89999 0 0
828| -16,19999 0 0
829| -16,49999 0 0
830| -16,79999 0 0
831| -17,09999 0 0
832| -17,39999 0 0
833| -17,69999 0 0
834| -17,99999 0 0
835| -18,29999 0 0
836| -18,59999 0 0
837| -18,89999 0 0
838| -19,19999 0 0
839| -19,49999 0 0
840| -19,79999 0 0
841| -20,09999 0 0
842| -20,39999 0 0
843| -20,69999 0 0
844| -20,99999 0 0
845| -21,29999 0 0
846| -21,59999 0 0
847| -21,89999 0 0
848| -22,19999 0 0
849| -22,49999 0 0
850| -22,79999 0 0
851| -23,09999 0 0
852| -23,39999 0 0
853| -23,69999 0 0
854| -23,99999 0 0
855| -24,29999 0 0
856| -24,59999 0 0
857| -24,89998 0 0
858| -25,19999 0 0
859| -25,49998 0 0
860| -25,79998 0 0
861| -26,09998 0 0
862| -26,39998 0 0
863| -26,69998 0 0
864| -26,99998 0 0
865| -27,29998 0 0
866| -27,59998 0 0
867| -27,89998 0 0
868| -27,89998 0 0
869| 0 4 0
870| 0,3 8 0
871| 0,6 12 0
872| 0,9 16 0
873| 1,2 20 0
874| 1,5 24 0
875| 1,8 28 0
876| 2,1 32 0
877| 2,4 36 0
878| 2,7 40 0
879| 3 43,99999 0
880| 3,299999 47,99999 0
881| 3,599999 51,99999 0
882| 3,899999 55,99999 0
883| 4,2 60 0
884| 4,5 64 0
885| 4,8 68 0
886| 5,1 72 0
887| 5,4 76,00001 0
888| 5,7 80,00001 0
889| 6 84,00001 0
890| 6,300001 88,00002 0
891| 6,600001 92,00002 0
892| 6,900001 96,00002 0
893| 7,200001 100 0
894| 7,500001 104 0
895| 7,800001 108 0
896| 8,1 112 0
897| 8,4 116 0
898| 8,7 120 0
899| 8,999999 124 0
900| 9,299999 128 0
901| 9,599998 132 0
902| 9,599998 136 0
903| 9,599998 140 0
904| 9,599998 144 0
905| 9,599998 148 0
906| 9,599998 152 0
907| 9,599998 156 0
908| 9,599998 160 0
909| 9,599998 164 0
910| 9,599998 168 0
911| 9,599998 171,9999 0
912| 9,599998 175,9999 0
913| 9,599998 179,9999 0
914| 9,599998 183,9999 0
915| 9,599998 187,9999 0
916| 9,599998 191,9999 0
917| 9,599998 195,9999 0
918| 0 199,9999 0
919| -0,3 203,9999 0
920| -0,6 207,9999 0
921| -0,9 211,9999 0
922| -1,2 215,9999 0
923| -1,5 219,9999 0
924| -1,8 223,9999 0
925| -2,1 227,9999 0
926| -2,4 231,9999 0
927| -2,7 235,9999 0
928| -3 239,9999 0
929| -3,299999 243,9999 0
930| -3,599999 247,9999 0
931| -3,899999 251,9999 0
932| -4,2 255,9999 0
933| -4,5 259,9999 0
934| -4,8 263,9999 0
935| -5,1 267,9999 0
936| -5,4 271,9998 0
937| -5,7 275,9998 0
938| -6 279,9998 0
939| -6,300001 283,9998 0
940| -6,600001 287,9998 0
941| -6,900001 291,9998 0
942| -7,200001 295,9998 0
943| -7,500001 299,9998 0
944| -7,800001 303,9998 0
945| -8,1 307,9998 0
946| -8,4 311,9998 0
947| -8,7 315,9998 0
948| -8,999999 319,9998 0
949| -9,299999 323,9998 0
950| -9,599998 327,9998 0
951| -9,899999 331,9998 0
952| -10,2 335,9998 0
953| -10,5 339,9998 0
954| -10,8 343,9998 0
955| -11,1 347,9998 0
956| -11,4 351,9998 0
957| -11,7 355,9998 0
958| -12 359,9998 0
959| -12,3 363,9998 0
960| -12,6 367,9998 0
961| -12,9 371,9998 0
962| -13,2 375,9998 0
963| -13,5 379,9998 0
964| -13,79999 383,9998 0
965| -14,09999 387,9998 0
966| -14,09999 391,9998 0
967| -14,09999 395,9998 0
968| -14,09999 399,9997 0
969| -14,09999 400 0
970| -14,09999 400 0
971| -14,09999 400 0
972| -14,09999 400 0
973| -14,09999 400 0
974| -14,09999 400 0
975| -14,09999 400 0
976| -14,09999 400 0
977| -14,09999 400 0
978| -14,09999 400 0
979| -14,09999 400 0
980| -14,09999 400 0
981| -14,09999 400 0
982| -14,09999 400 0
983| -14,09999 400 0
984| -14,09999 400 0
985| -14,09999 400 0
986| -14,09999 400 0
987| -14,09999 400 0
988| -14,09999 400 0
989| -14,09999 400 0
990| -14,09999 400 0
991| -14,09999 400 0
992| -14,09999 400 0
993| -14,09999 400 0
994| -14,09999 400 0
995| -14,09999 400 0
996| -14,09999 400 0
997| -14,09999 400 0
998| -14,09999 400 0
999| -14,09999 400 0
1000| -14,09999 400 0
1001| 0 400 0
1002| 0,3 400 0
1003| 0,6 400 0
1004| 0,9 400 0
1005| 1,2 400 0
1006| 1,5 400 0
1007| 1,8 400 0
1008| 2,1 400 0
1009| 2,4 400 0
1010| 2,7 400 0
1011| 3 400 0
1012| 3,299999 400 0
1013| 3,599999 400 0
1014| 3,899999 400 0
1015| 4,2 400 0
1016| 4,5 400 0
1017| 4,8 400 0
1018| 5,1 400 0
1019| 5,4 400 0
1020| 5,7 400 0
1021| 6 400 0
1022| 6,300001 400 0
1023| 6,600001 400 0
1024| 6,900001 400 0
1025| 7,200001 400 0
1026| 7,500001 400 0
1027| 7,800001 400 0
1028| 8,1 400 0
1029| 8,4 400 0
1030| 8,7 400 0
1031| 8,999999 400 0
1032| 9,299999 400 0
1033| 9,299999 400 0
1034| 9,299999 400 0
1035| 9,299999 400 0
1036| 9,299999 400 0
1037| 9,299999 400 0
1038| 9,299999 400 0
1039| 9,299999 400 0
1040| 9,299999 400 0
1041| 9,299999 400 0
1042| 9,299999 400 0
1043| 9,299999 400 0
1044| 9,299999 400 0
1045| 9,299999 400 0
1046| 9,299999 400 0
1047| 9,299999 400 0
1048| 9,299999 400 0
1049| 9,299999 400 0
1050| 9,299999 400 0
1051| 9,299999 400 0
1052| 9,299999 400 0
1053| 9,299999 400 0
1054| 9,299999 400 0
1055| 9,299999 400 0
1056| 9,299999 400 0
1057| 9,299999 400 0
1058| 9,299999 400 0
1059| 9,299999 400 0
1060| 9,299999 400 0
1061| 9,299999 400 0
1062| 9,299999 400 0
1063| 9,299999 400 0
1064| 9,299999 400 0
1065| 9,299999 400 0
1066| 9,299999 400 0
1067| 9,299999 400 0
1068| 9,299999 400 0
1069| 9,299999 400 0
1070| 9,299999 400 0
1071| 9,299999 400 0
1072| 9,299999 400 0
1073| 9,299999 400 0
1074| 9,299999 400 0
1075| 9,299999 400 0
1076| 9,299999 400 0
1077| 9,299999 400 0
1078| 9,299999 400 0
1079| 9,299999 400 0
1080| 9,299999 400 0
1081| 9,299999 400 0
1082| 9,299999 400 0
1083| 9,299999 400 0
1084| 9,299999 400 0
1085| 9,299999 400 0
1086| 9,299999 400 0
1087| 9,299999 400 0
1088| 9,299999 400 0
1089| 9,299999 400 0
1090| 9,299999 400 0
1091| 9,299999 400 0
1092| 9,299999 400 0
1093| 9,299999 400 0
1094| 9,299999 400 0
1095| 9,299999 400 0
1096| 9,299999 400 0
1097| 9,299999 400 0
1098| 9,299999 400 0
1099| 9,299999 400 0
1100| 9,299999 400 0
1101| 9,299999 400 0
1102| 9,299999 400 0
1103| 9,299999 400 0
1104| 9,299999 400 0
1105| 9,299999 400 0
1106| 9,299999 400 0
1107| 9,299999 400 0
1108| 9,299999 400 0
1109| 9,299999 400 0
1110| 9,299999 400 0
1111| 9,299999 400 0
1112| 9,299999 400 0
1113| 9,299999 400 0
1114| 9,299999 400 0
1115| 9,299999 400 0
1116| 9,299999 400 0
1117| 9,299999 400 0
1118| 9,299999 400 0
1119| 9,299999 400 0
1120| 9,299999 400 0
1121| 9,299999 400 0
1122| 9,299999 400 0
1123| 9,299999 400 0
1124| 9,299999 400 0
1125| 9,299999 400 0
1126| 9,299999 400 0
1127| 9,299999 400 0
1128| 9,299999 400 0
1129| 9,299999 400 0
1130| 9,299999 400 0
1131| 9,299999 400 0
1132| 9,299999 400 0
1133| 9,299999 400 0
1134| 9,299999 400 0
1135| 9,299999 400 0
1136| 9,299999 400 0
1137| 9,299999 400 0
1138| 9,299999 400 0
1139| 9,299999 400 0
1140| 9,299999 400 0
1141| 9,299999 400 0
1142| 9,299999 400 0
1143| 9,299999 400 0
1144| 9,299999 400 0
1145| 9,299999 400 0
1146| 9,299999 400 0
1147| 9,299999 400 0
1148| 9,299999 400 0
1149| 9,299999 400 0
1150| 9,299999 400 0
1151| 9,299999 400 0
1152| 9,299999 400 0
1153| 9,299999 400 0
1154| 9,299999 400 0
1155| 9,299999 400 0
1156| 0 0 0
1157| 0 0 0
1158| 0 0 0
1159| 0 0 0
1160| 0 0 0
1161| 0 0 0
1162| 0 0 0
1163| 0 0 0
1164| 0 0 0
1165| 0 0 0
1166| 0 0 0
1167| 0 0 0
1168| 0 0 0
1169| 0 0 0
1170| 0 0 0
1171| 0 0 0
1172| 0 0 0
1173| 0 0 0
1174| 0,3 0 0
1175| 0,6 0 0
1176| 0,9 0 0
1177| 1,2 0 0
1178| 1,5 0 0
1179| 1,8 0 0
1180| 2,1 0 0
1181| 2,4 0 0
1182| 0 0 0
1183| 0 0 0
1184| 0 0 0
1185| 0 0 0
1186| 0 0 0
1187| 0 0 0
1188| 0 0 0
1189| 0 0 0
1190| 0 0 0
1191| 0 0 0
1192| 0 0 0
1193| 0 0 0
1194| 0 0 0
1195| 0 0 0
1196| 0 0 0
1197| 0,3 0 0
1198| 0,6 0 0
1199| 0,9 0 0
1200| 1,2 0 0
1201| 1,5 0 0
1202| 1,8 0 0
1203| 2,1 0 0
1204| 2,4 0 0
1205| 2,7 0 0
1206| 3 0 0
1207| 3,299999 0 0
1208| 3,599999 0 0
1209| 3,899999 0 0
1210| 4,2 0 0
1211| 4,5 0 0
1212| 4,8 0 0
1213| 5,1 0 0
1214| 5,4 0 0
1215| 5,7 0 0
1216| 6 0 0
1217| 6,300001 0 0
1218| 6,600001 0 0
1219| 6,900001 0 0
1220| 7,200001 0 0
1221| 7,500001 0 0
1222| 7,800001 0 0
1223| 8,1 0 0
1224| 8,4 0 0
1225| 8,7 0 0
1226| 8,999999 0 0
1227| 9,299999 0 0
1228| 9,599998 0 0
1229| 9,899999 0 0
1230| 10,2 0 0
1231| 10,5 0 0
1232| 0 0 0
1233| -0,3 0 0
1234| -0,6 0 0
1235| -0,9 0 0
1236| -1,2 0 0
1237| -1,5 0 0
1238| -1,8 0 0
1239| -2,1 0 0
1240| -2,4 0 0
1241| -2,7 0 0
1242| -3 0 0
1243| -3,299999 0 0
1244| -3,599999 0 0
1245| -3,899999 0 0
1246| -4,2 0 0
1247| -4,5 0 0
1248| -4,8 0 0
1249| -5,1 0 0
1250| -5,4 0 0
1251| -5,7 0 0
1252| -6 0 0
1253| -6,300001 0 0
1254| -6,600001 0 0
1255| -6,900001 0 0
1256| -7,200001 0 0
1257| -7,500001 0 0
1258| -7,800001 0 0
1259| -8,1 0 0
1260| -8,4 0 0
1261| -8,7 0 0
1262| -8,999999 0 0
1263| -9,299999 0 0
1264| -9,599998 0 0
1265| -9,899999 0 0
1266| -10,2 0 0
1267| 0 0 0
1268| 0,3 0 0
1269| 0,6 0 0
1270| 0,9 0 0
1271| 1,2 0 0
1272| 1,5 0 0
1273| 1,8 0 0
1274| 2,1 0 0
1275| 2,4 0 0
1276| 2,7 0 0
1277| 3 0 0
1278| 3,299999 0 0
1279| 3,599999 0 0
1280| 3,899999 0 0
1281| 4,2 0 0
1282| 4,5 0 0
1283| 4,8 0 0
1284| 5,1 0 0
1285| 5,4 0 0
1286| 5,7 0 0
1287| 6 0 0
1288| 6,300001 0 0
1289| 6,600001 0 0
1290| 6,900001 0 0
1291| 7,200001 0 0
1292| 7,500001 0 0
1293| 7,800001 0 0
1294| 8,1 0 0
1295| 8,4 0 0
1296| 8,7 0 0
1297| 8,999999 0 0
1298| 9,299999 0 0
1299| 9,599998 0 0
1300| 9,899999 0 0
1301| 10,2 0 0
1302| 10,5 0 0
1303| 10,8 0 0
1304| 11,1 0 0
1305| 11,4 0 0
1306| 11,7 0 0
1307| 12 0 0
1308| 12,3 0 0
1309| 12,6 0 0
1310| 12,9 0 0
1311| 13,2 0 0
1312| 13,5 0 0
1313| 13,79999 0 0
1314| 14,09999 0 0
1315| 14,39999 0 0
1316| 14,69999 0 0
1317| 14,99999 0 0
1318| 15,29999 0 0
1319| 15,59999 0 0
1320| 15,89999 0 0
1321| 16,19999 0 0
1322| 16,49999 0 0
1323| 16,79999 0 0
1324| 17,09999 0 0
1325| 17,39999 0 0
1326| 17,69999 0 0
1327| 0 0 0
1328| 0 0 0
1329| 0 0 0
1330| 0 0 0
1331| 0 0 0
1332| 0 0 0
1333| 0 0 0
1334| 0 0 0
1335| 0 0 0
1336| 0 0 0
1337| 0 0 0
1338| 0 0 0
1339| 0 0 0
1340| 0 0 0
1341| 0 0 0
1342| 0 0 0
1343| 0 0 0
1344| 0 0 0
1345| 0 0 0
1346| 0 0 0
1347| 0 0 0
1348| 0 0 0
1349| 0 0 0
1350| 0 0 0
1351| 0 0 0
1352| 0 0 0
1353| 0 0 0
1354| 0 0 0
1355| 0 0 0
1356| 0 0 0
1357| 0 0 0
1358| 0 0 0
1359| 0 0 0
1360| 0 0 0
1361| 0 0 0
1362| 0 0 0
1363| 0 0 0
1364| 0 0 0
1365| 0 0 0
1366| 0 0 0
1367| 0 0 0
1368| 0 0 0
1369| 0 0 0
1370| 0 0 0
1371| 0 0 0
1372| 0 0 0
1373| 0 0 0
1374| 0 0 0
1375| 0 0 0
1376| 0 0 0
1377| 0 0 0
1378| 0 0 0
1379| 0 0 0
1380| 0 0 0
1381| 0 0 0
1382| 0 0 0
1383| 0 0 0
1384| 0 0 0
1385| 0 0 0
1386| 0 0 0
1387| 0 0 0
1388| 0 0 0
1389| 0 0 0
1390| 0 0 0
1391| 0 0 0
1392| 0 0 0
1393| 0 0 0
1394| 0 0 0
1395| 0 0 0
1396| 0 0 0
1397| 0 0 0
1398| 0 0 0
1399| 0 0 0
1400| 0 0 0
1401| 0 0 0
1402| 0 0 0
1403| 0 0 0
1404| 0 0 0
1405| 0 0 0
1406| 0 0 0
1407| 0 0 0
1408| 0 0 0
1409| 0 0 0
1410| 0 0 0
1411| 0 0 0
1412| 0 0 0
1413| 0 0 0
1414| 0 0 0
1415| 0 0 0
1416| 0 0 0
1417| 0 0 0
1418| 0 0 0
1419| 0 0 0
1420| 0 0 0
1421| 0 0 0
1422| 0 0 0
1423| 0 0 0
1424| 0 0 0
1425| 0 0 0
1426| 0 0 0
1427| 0 0 0
1428| 0 0 0
1429| 0 0 0
1430| 0 0 0
1431| 0 0 0
1432| 0 0 0
1433| 0 0 0
1434| 0 0 0
1435| 0 0 0
1436| 0 0 0
1437| 0 0 0
1438| 0 0 0
1439| 0 0 0
1440| 0 0 0
1441| 0 0 0
1442| 0 0 0
1443| 0 0 0
1444| 0 0 0
1445| 0 0 0
1446| 0 0 0
1447| 0 0 0
1448| 0 0 0
1449| 0 0 0
1450| 0 0 0
1451| 0 0 0
1452| 0 0 0
1453| 0 0 0
1454| 0 0 0
1455| 0 0 0
1456| 0 0 0
1457| 0 0 0
1458| 0 0 0
1459| 0 0 0
1460| 0 0 0
1461| 0 0 0
1462| 0 0 0
1463| 0 0 0
1464| 0 0 0
1465| 0 0 0
1466| 0 0 0
1467| 0 0 0
1468| 0 0 0
1469| 0 0 0
1470| 0 0 0
1471| 0 0 0
1472| 0 0 0
1473| 0 0 0
1474| 0 0 0
1475| 0 0 0
1476| 0 0 0
1477| 0 0 0
1478| 0 0 0
1479| 0 0 0
1480| 0 0 0
1481| 0 0 0
1482| 0 0 0
1483| 0 0 0
1484| 0 0 0
1485| 0 0 0
1486| 0 0 0
1487| 0 0 0
1488| 0 0 0
1489| 0 0 0
1490| 0 0 0
1491| 0 0 0
1492| 0 0 0
1493| 0 0 0
1494| 0 0 0
1495| 0 0 0
1496| 0 0 0
1497| 0 0 0
1498| 0 0 0
1499| 0 0 0
1500| 0 0 0
1501| 0 0 0
1502| 0 0 0
1503| 0 0 0
1504| 0 0 0
1505| 0 0 0
1506| 0 0 0
1507| 0 0 0
1508| 0 0 0
1509| 0 0 0
1510| 0 0 0
1511| 0 0 0
1512| 0 0 0
1513| 0 0 0
1514| 0 0 0
1515| 0 0 0
1516| 0 0 0
1517| 0 0 0
1518| 0 0 0
1519| 0 0 0
1520| 0 0 0
1521| 0 0 0
1522| 0 0 0
1523| 0 0 0
1524| 0 0 0
1525| 0 0 0
1526| 0 0 0
1527| 0 0 0
1528| 0 0 0
1529| 0 0 0
1530| 0 0 0
1531| 0 0 0
1532| 0 0 0
1533| 0 0 0
1534| 0 0 0
1535| 0 0 0
1536| 0 0 0
1537| 0 0 0
1538| 0 0 0
1539| 0 0 0
1540| 0 0 0
1541| 0 0 0
1542| 0 0 0
1543| 0 0 0
1544| 0 0 0
1545| 0 0 0
1546| 0 0 0
1547| 0 0 0
1548| 0 0 0
1549| 0 0 0
1550| 0 0 0
1551| 0 0 0
1552| 0 0 0
1553| 0 0 0
1554| 0 0 0
1555| 0 0 0
1556| 0 0 0
1557| 0 0 0
1558| 0 0 0
1559| 0 0 0
1560| 0 0 0
1561| 0 0 0
1562| 0 0 0
1563| 0 0 0
1564| 0 0 0
1565| 0 0 0
1566| 0 0 0
1567| 0 0 0
1568| 0 0 0
1569| 0 0 0
1570| 0 0 0
1571| 0 0 0
1572| 0 0 0
1573| 0 0 0
1574| 0 0 0
1575| 0 0 0
1576| 0 0 0
1577| 0 0 0
1578| 0 0 0
1579| 0 0 0
1580| 0 0 0
1581| 0 0 0
1582| 0 0 0
1583| 0 0 0
1584| 0 0 0
1585| 0 0 0
1586| 0 0 0
1587| 0 0 0
1588| 0 0 0
1589| 0 0 0
1590| 0 0 0
1591| 0 0 0
1592| 0 0 0
1593| 0 0 0
1594| 0 0 0
1595| 0 0 0
1596| 0 0 0
1597| 0 0 0
1598| 0 0 0
1599| 0 0 0
1600| 0 0 0
1601| 0 0 0
1602| 0 0 0
1603| 0 0 0
1604| 0 0 0
1605| 0 0 0
1606| 0 0 0
1607| 0 0 0
1608| 0 0 0
1609| 0 0 0
1610| 0 0 0
1611| 0 0 0
1612| 0 0 0
1613| 0 0 0
1614| 0 0 0
1615| 0 0 0
1616| 0 0 0
1617| 0 0 0
1618| 0 0 0
1619| 0 0 0
1620| 0 0 0
1621| 0 0 0
1622| 0 0 0
1623| 0 0 0
1624| 0 0 0
1625| 0 0 0
1626| 0 0 0
1627| 0 0 0
1628| 0 0 0
1629| 0 0 0
1630| 0 0 0
1631| 0 0 0
1632| 0 0 0
1633| 0 0 0
1634| 0 0 0
1635| 0 0 0
1636| 0 0 0
1637| 0 0 0
1638| 0 0 0
1639| 0 0 0
1640| 0 0 0
1641| 0 0 0
1642| 0 0 0
1643| 0 0 0
1644| 0 0 0
1645| 0 0 0
1646| 0 0 0
1647| 0 0 0
1648| 0 0 0
1649| 0 0 0
1650| 0 0 0
1651| 0 0 0
1652| 0 0 0
1653| 0 0 0
1654| 0 0 0
1655| 0 0 0
1656| 0 0 0
1657| 0 0 0
1658| 0 0 0
1659| 0 0 0
1660| 0 0 0
1661| 0 0 0
1662| 0 0 0
1663| 0 0 0
1664| 0 0 0
1665| 0 0 0
1666| 0 0 0
1667| 0 0 0
1668| 0 0 0
1669| 0 0 0
1670| 0 0 0
1671| 0 0 0
1672| 0 0 0
1673| 0 0 0
1674| 0 0 0
1675| 0 0 0
1676| 0 0 0
1677| 0 0 0
1678| 0 0 0
1679| 0 0 0
1680| 0 0 0
1681| 0 0 0
1682| 0 0 0
1683| 0 0 0
1684| 0 0 0
1685| 0 0 0
1686| 0 0 0
1687| 0 0 0
1688| 0 0 0
1689| 0 0 0
1690| 0 0 0
1691| 0 0 0
1692| 0 0 0
1693| 0 0 0
1694| 0 0 0
1695| 0 0 0
1696| 0 0 0
1697| 0 0 0
1698| 0 0 0
1699| 0 0 0
1700| 0 0 0
1701| 0 0 0
1702| 0 0 0
1703| 0 0 0
1704| 0 0 0
1705| 0 0 0
1706| 0 0 0
1707| 0 0 0
1708| 0 0 0
1709| 0 0 0
1710| 0 0 0
1711| 0 0 0
1712| 0 0 0
1713| 0 0 0
1714| 0 0 0
1715| 0 0 0
1716| 0 0 0
1717| 0 0 0
1718| 0 0 0
1719| 0 0 0
1720| 0 0 0
1721| 0 0 0
1722| 0 0 0
1723| 0 0 0
1724| 0 0 0
1725| 0 0 0
1726| 0 0 0
1727| 0 0 0
1728| 0 0 0
1729| 0 0 0
1730| 0 0 0
1731| 0 0 0
1732| 0 0 0
1733| 0 0 0
1734| 0 0 0
1735| 0 0 0
1736| 0 0 0
1737| 0 0 0
1738| 0 0 0
1739| 0 0 0
1740| 0 0 0
1741| 0 0 0
1742| 0 0 0
1743| 0 0 0
1744| 0 0 0
1745| 0 0 0
1746| 0 0 0
1747| 0 0 0
1748| 0 0 0
1749| 0 0 0
1750| 0 0 0
1751| 0 0 0
1752| 0 0 0
1753| 0 0 0
1754| 0 0 0
1755| 0 0 0
1756| 0 0 0
1757| 0 0 0
1758| 0 0 0
1759| 0 0 0
1760| 0 0 0
1761| 0 0 0
1762| 0 0 0
1763| 0 0 0
1764| 0 0 0
1765| 0 0 0
1766| 0 0 0
1767| 0 0 0
1768| 0 0 0
1769| 0 0 0
1770| 0 0 0
1771| 0 0 0
1772| 0 0 0
1773| 0 0 0
1774| 0 0 0
1775| 0 0 0
1776| 0 0 0
1777| 0 0 0
1778| 0 0 0
1779| 0 0 0
1780| 0 0 0
1781| 0 0 0
1782| 0 0 0
1783| 0 0 0
1784| 0 0 0
1785| 0 0 0
1786| 0 0 0
1787| 0 0 0
1788| 0 0 0
1789| 0 0 0
1790| 0 0 0
1791| 0 0 0
1792| 0 0 0
1793| 0 0 0
1794| 0 0 0
1795| 0 0 0
1796| 0 0 0
1797| 0 0 0
1798| 0 0 0
1799| 0 0 0
1800| 0 0 0
1801| 0 0 0
1802| 0 0 0
1803| 0 0 0
1804| 0 0 0
1805| 0 0 0
1806| 0 0 0
1807| 0 0 0
1808| 0 0 0
1809| 0 0 0
1810| 0 0 0
1811| 0 0 0
1812| 0 0 0
1813| 0 0 0
1814| 0 0 0
1815| 0 0 0
1816| 0 0 0
1817| 0 0 0
1818| 0 0 0
1819| 0 0 0
1820| 0 0 0
1821| 0 0 0
1822| 0 0 0
1823| 0 0 0
1824| 0 0 0
1825| 0 0 0
1826| 0 0 0
1827| 0 0 0
1828| 0 0 0
1829| 0 0 0
1830| 0 0 0
1831| 0 0 0
1832| 0 0 0
1833| 0 0 0
1834| 0 0 0
1835| 0 0 0
1836| 0 0 0
1837| 0 0 0
1838| 0 0 0
1839| 0 0 0
1840| 0 0 0
1841| 0 0 0
1842| 0 0 0
1843| 0 0 0
1844| 0 0 0
1845| 0 0 0
1846| 0 0 0
1847| 0 0 0
1848| 0 0 0
1849| 0 0 0
1850| 0 0 0
1851| 0 0 0
1852| 0 0 0
1853| 0 0 0
1854| 0 0 0
1855| 0 0 0
1856| 0 0 0
1857| 0 0 0
1858| 0 0 0
1859| 0 0 0
1860| 0 0 0
1861| 0 0 0
1862| 0 0 0
1863| 0 0 0
1864| 0 0 0
1865| 0 0 0
1866| 0 0 0
1867| 0 0 0
1868| 0 0 0
1869| 0 0 0
1870| 0 0 0
1871| 0 0 0
1872| 0 0 0
1873| 0 0 0
1874| 0 0 0
1875| 0 0 0
1876| 0 0 0
1877| 0 0 0
1878| 0 0 0
1879| 0 0 0
1880| 0 0 0
1881| 0 0 0
1882| 0 0 0
1883| 0 0 0
1884| 0 0 0
1885| 0 0 0
1886| 0 0 0
1887| 0 0 0
1888| 0 0 0
1889| 0 0 0
1890| 0 0 0
1891| 0 0 0
1892| 0 0 0
1893| 0 0 0
1894| 0 0 0
1895| 0 0 0
1896| 0 0 0
1897| 0 0 0
1898| 0 0 0
1899| 0 0 0
1900| 0 0 0
1901| 0 0 0
1902| 0 0 0
1903| 0 0 0
1904| 0 0 0
1905| 0 0 0
1906| 0 0 0
1907| 0 0 0
1908| 0 0 0
1909| 0 0 0
1910| 0 0 0
1911| 0 0 0
1912| 0 0 0
1913| 0 0 0
1914| 0 0 0
1915| 0 0 0
1916| 0 0 0
1917| 0 0 0
1918| 0 0 0
1919| 0 0 0
1920| 0 0 0
1921| 0 0 0
1922| 0 0 0
1923| 0 0 0
1924| 0 0 0
1925| 0 0 0
1926| 0 0 0
1927| 0 0 0
1928| 0 0 0
1929| 0 0 0
1930| 0 0 0
1931| 0 0 0
1932| 0 0 0
1933| 0 0 0
1934| 0 0 0
1935| 0 0 0
1936| 0 0 0
1937| 0 0 0
1938| 0 0 0
1939| 0 0 0
1940| 0 0 0
1941| 0 0 0
1942| 0 0 0
1943| 0 0 0
1944| 0 0 0
1945| 0 0 0
1946| 0 0 0
1947| 0 0 0
1948| 0 0 0
1949| 0 0 0
1950| 0 0 0
1951| 0 0 0
1952| 0 0 0
1953| 0 0 0
1954| 0 0 0
1955| 0 0 0
1956| 0 0 0
1957| 0 0 0
1958| 0 0 0
1959| 0 0 0
1960| 0 0 0
1961| 0 0 0
1962| 0 0 0
1963| 0 0 0
1964| 0 0 0
1965| 0 0 0
1966| 0 0 0
1967| 0 0 0
1968| 0 0 0
1969| 0 0 0
1970| 0 0 0
1971| 0 0 0
1972| 0 0 0
1973| 0 0 0
1974| 0 0 0
1975| 0 0 0
1976| 0 0 0
1977| 0 0 0
1978| 0 0 0
1979| 0 0 0
1980| 0 0 0
1981| 0 0 0
1982| 0 0 0
1983| 0 0 0
1984| 0 0 0
1985| 0 0 0
1986| 0 0 0
1987| 0 0 0
1988| 0 0 0
1989| 0 0 0
1990| 0 0 0
1991| 0 0 0
1992| 0 0 0
1993| 0 0 0
1994| 0 0 0
1995| 0 0 0
1996| 0 0 0
1997| 0 0 0
1998| 0 0 0
1999| 0 0 0
2000| 0 0 0
2001| 0 0 0
2002| 0 0 0
2003| 0 0 0
2004| 0 0 0
2005| 0 0 0
2006| 0 0 0
2007| 0 0 0
2008| 0 0 0
2009| 0 0 0
2010| 0 0 0
2011| 0 0 0
2012| 0 0 0
2013| 0 0 0
2014| 0 0 0
2015| 0 0 0
2016| 0 0 0
2017| 0 0 0
2018| 0 0 0
2019| 0 0 0
2020| 0 0 0
2021| 0 0 0
2022| 0 0 0
2023| 0 0 0
2024| 0 0 0
2025| 0 0 0
2026| 0 0 0
2027| 0 0 0
2028| 0 0 0
2029| 0 0 0
2030| 0 0 0
2031| 0 0 0
2032| 0 0 0
2033| 0 0 0
2034| 0 0 0
2035| 0 0 0
2036| 0 0 0
2037| 0 0 0
2038| 0 0 0
2039| 0 0 0
2040| 0 0 0
2041| 0 0 0
2042| 0 0 0
2043| 0 0 0
2044| 0 0 0
2045| 0 0 0
2046| 0 0 0
2047| 0 0 0
2048| 0 0 0
2049| 0 0 0
2050| 0 0 0
2051| 0 0 0
2052| 0 0 0
2053| 0 0 0
2054| 0 0 0
2055| 0 0 0
2056| 0 0 0
2057| 0 0 0
2058| 0 0 0
2059| 0 0 0
2060| 0 0 0
2061| 0 0 0
2062| 0 0 0
2063| 0 0 0
2064| 0 0 0
2065| 0 0 0
2066| 0 0 0
2067| 0 0 0
2068| 0 0 0
2069| 0 0 0
2070| 0 0 0
2071| 0 0 0
2072| 0 0 0
2073| 0 0 0
2074| 0 0 0
2075| 0 0 0
2076| 0 0 0
2077| 0 0 0
2078| 0 0 0
2079| 0 0 0
2080| 0 0 0
2081| 0 0 0
2082| 0 0 0
2083| 0 0 0
2084| 0 0 0
2085| 0 0 0
2086| 0 0 0
2087| 0 0 0
2088| 0 0 0
2089| 0 0 0
2090| 0 0 0
2091| 0 0 0
2092| 0 0 0
2093| 0 0 0
2094| 0 0 0
2095| 0 0 0
2096| 0 0 0
2097| 0 0 0
2098| 0 0 0
2099| 0 0 0
2100| 0 0 0
2101| 0 0 0
2102| 0 0 0
2103| 0 0 0
2104| 0 0 0
2105| 0 0 0
2106| 0 0 0
2107| 0 0 0
2108| 0 0 0
2109| 0 0 0
2110| 0 0 0
2111| 0 0 0
2112| 0 0 0
2113| 0 0 0
2114| 0 0 0
2115| 0 0 0
2116| 0 0 0
2117| 0 0 0
2118| 0 0 0
2119| 0 0 0
2120| 0 0 0
2121| 0 0 0
2122| 0 0 0
2123| 0 0 0
2124| 0 0 0
2125| 0 0 0
2126| 0 0 0
2127| 0 0 0
2128| 0 0 0
2129| 0 0 0
2130| 0 0 0
2131| 0 0 0
2132| 0 0 0
2133| 0 0 0
2134| 0 0 0
2135| 0 0 0
2136| 0 0 0
2137| 0 0 0
2138| 0 0 0
2139| 0 0 0
2140| 0 0 0
2141| 0 0 0

