1| 0 0 0
2| 0 0 0
3| 0 0 0
4| 0 0 0
5| 0 0 0
6| 0 0 0
7| 0 0 0
8| 0 0 0
9| 0 0 0
10| 0 0 0
11| 0 0 0
12| 0 0 0
13| 0 0 0
14| 0 0 0
15| 0 0 0
16| 0 0 0
17| 0 0 0
18| 0 0 0
19| 0 0 0
20| 0 0 0
21| 0 0 0
22| 0 0 0
23| 0 4 0
24| 0 8 0
25| 0 12 0
26| 0 16 0
27| 0 20 0
28| 0 24 0
29| 0 28 0
30| 0 32 0
31| 0 36 0
32| 0 40 0
33| 0 43,99999 0
34| 0 47,99999 0
35| 0 51,99999 0
36| 0 55,99999 0
37| 0 60 0
38| 0 64 0
39| 0 68 0
40| 0 72 0
41| 0 76,00001 0
42| 0 80,00001 0
43| 0 84,00001 0
44| 0 88,00002 0
45| 0 92,00002 0
46| 0 96,00002 0
47| 0 100 0
48| 0 104 0
49| 0 108 0
50| 0 112 0
51| 0 116 0
52| 0 120 0
53| 0 124 0
54| 0 128 0
55| 0 132 0
56| 0 136 0
57| 0 140 0
58| 0 144 0
59| 0 148 0
60| 0 152 0
61| 0 156 0
62| 0 160 0
63| 0 164 0
64| 0 168 0
65| 0 171,9999 0
66| 0 175,9999 0
67| 0 179,9999 0
68| 0 183,9999 0
69| 0 187,9999 0
70| 0 191,9999 0
71| 0 195,9999 0
72| 0 199,9999 0
73| 0 203,9999 0
74| 0 207,9999 0
75| 0 0 0
76| 0 0 0
77| 0 0 0
78| 0 0 0
79| 0 0 0
80| 0 0 0
81| 0 0 0
82| 0 0 0
83| 0 4 0
84| 0 8 0
85| 0 12 0
86| 0 16 0
87| 0 20 0
88| 0 24 0
89| 0 28 0
90| 0 32 0
91| 0 36 0
92| 0 40 0
93| 0 43,99999 0
94| 0 47,99999 0
95| 0 51,99999 0
96| 0 55,99999 0
97| 0 60 0
98| 0 64 0
99| 0 68 0
100| 0 72 0
101| 0 76,00001 0
102| 0 80,00001 0
103| 0 84,00001 0
104| 0,3 88,00002 0
105| 0,6 92,00002 0
106| 0,9 96,00002 0
107| 1,2 100 0
108| 1,5 104 0
109| 1,5 108 0
110| 1,5 112 0
111| 1,5 116 0
112| 1,5 120 0
113| 1,5 124 0
114| 1,5 128 0
115| 1,5 132 0
116| 1,5 136 0
117| 1,5 140 0
118| 1,5 144 0
119| 1,5 148 0
120| 1,5 152 0
121| 1,5 156 0
122| 1,5 160 0
123| 1,8 164 0
124| 2,1 168 0
125| 2,4 171,9999 0
126| 2,7 175,9999 0
127| 3 179,9999 0
128| 3,299999 183,9999 0
129| 3,599999 187,9999 0
130| 3,899999 191,9999 0
131| 4,2 195,9999 0
132| 4,5 199,9999 0
133| 4,8 203,9999 0
134| 5,1 207,9999 0
135| 5,4 211,9999 0
136| 5,4 215,9999 0
137| 5,4 219,9999 0
138| 5,4 223,9999 0
139| 5,4 227,9999 0
140| 5,4 231,9999 0
141| 5,4 235,9999 0
142| 5,4 239,9999 0
143| 5,4 243,9999 0
144| 5,4 247,9999 0
145| 5,4 251,9999 0
146| 5,4 255,9999 0
147| 5,4 259,9999 0
148| 5,4 263,9999 0
149| 5,4 267,9999 0
150| 5,4 271,9998 0
151| 5,4 275,9998 0
152| 5,4 279,9998 0
153| 5,4 283,9998 0
154| 5,4 287,9998 0
155| 5,4 291,9998 0
156| 5,4 295,9998 0
157| 5,4 299,9998 0
158| 5,4 303,9998 0
159| 5,4 307,9998 0
160| 5,4 311,9998 0
161| 5,4 315,9998 0
162| 5,4 319,9998 0
163| 5,4 323,9998 0
164| 5,4 327,9998 0
165| 5,4 331,9998 0
166| 5,4 335,9998 0
167| 5,4 339,9998 0
168| 5,4 343,9998 0
169| 5,4 347,9998 0
170| 5,4 351,9998 0
171| 5,4 355,9998 0
172| 5,4 359,9998 0
173| 5,4 363,9998 0
174| 5,4 367,9998 0
175| 0 371,9998 0
176| -0,3 375,9998 0
177| -0,6 379,9998 0
178| -0,6 383,9998 0
179| -0,6 387,9998 0
180| -0,6 391,9998 0
181| -0,6 395,9998 0
182| -0,6 399,9997 0
183| -0,6 403,9998 0
184| -0,6 400 0
185| -0,6 400 0
186| -0,6 400 0
187| -0,6 400 0
188| -0,6 400 0
189| -0,6 400 0
190| -0,6 400 0
191| -0,6 400 0
192| -0,6 400 0
193| -0,6 400 0
194| -0,6 400 0
195| -0,6 400 0
196| -0,6 400 0
197| -0,6 400 0
198| -0,6 400 0
199| -0,6 400 0
200| -0,6 400 0
201| -0,6 400 0
202| -0,6 400 0
203| -0,6 400 0
204| -0,6 400 0
205| -0,6 400 0
206| -0,6 400 0
207| -0,6 400 0
208| -0,6 400 0
209| -0,6 400 0
210| 0 400 0
211| 0,3 400 0
212| 0,6 400 0
213| 0,9 400 0
214| 1,2 400 0
215| 1,5 400 0
216| 1,8 400 0
217| 2,1 400 0
218| 2,4 400 0
219| 2,7 400 0
220| 3 400 0
221| 3,299999 400 0
222| 3,599999 400 0
223| 3,899999 400 0
224| 4,2 400 0
225| 4,5 400 0
226| 4,8 400 0
227| 5,1 400 0
228| 5,4 400 0
229| 5,7 400 0
230| 6 400 0
231| 6,300001 400 0
232| 6,600001 400 0
233| 6,600001 400 0
234| 6,600001 400 0
235| 6,600001 400 0
236| 6,600001 400 0
237| 6,600001 400 0
238| 6,600001 400 0
239| 6,600001 400 0
240| 6,600001 400 0
241| 6,600001 400 0
242| 6,600001 400 0
243| 6,600001 400 0
244| 6,600001 400 0
245| 6,600001 400 0
246| 6,600001 400 0
247| 6,600001 400 0
248| 6,600001 400 0
249| 6,600001 400 0
250| 6,600001 400 0
251| 6,600001 400 0
252| 6,600001 400 0
253| 6,600001 400 0
254| 0 0 0
255| 0 0 0
256| 0 0 0
257| 0 0 0
258| 0 0 0
259| 0 0 0
260| 0 0 0
261| 0 0 0
262| 0 0 0
263| 0 0 0
264| 0 0 0
265| 0 0 0
266| 0 0 0
267| 0 0 0
268| 0 0 0
269| 0 0 0
270| 0 0 0
271| -0,3 0 0
272| -0,6 0 0
273| -0,9 0 0
274| -1,2 0 0
275| -1,5 0 0
276| -1,8 0 0
277| -2,1 0 0
278| -2,4 0 0
279| 0 0 0
280| 0 0 0
281| 0 0 0
282| 0 0 0
283| 0 0 0
284| 0 0 0
285| 0 0 0
286| 0 0 0
287| 0 0 0
288| 0 0 0
289| 0 0 0
290| 0 0 0
291| 0 0 0
292| 0 0 0
293| 0 0 0
294| 0 0 0
295| 0 0 0
296| 0 0 0
297| 0 0 0
298| 0 -4 0
299| 0 -8 0
300| 0 -12 0
301| 0 -16 0
302| 0 -20 0
303| 0 -24 0
304| 0 -28 0
305| 0 -32 0
306| 0 -36 0
307| 0 -40 0
308| 0 -43,99999 0
309| 0 -47,99999 0
310| 0 -51,99999 0
311| 0 -55,99999 0
312| 0 -60 0
313| 0 -64 30000
314| 0 -68 30000
315| 0 -72 30000
316| 0 -76,00001 30000
317| 0 -80,00001 30000
318| 0 -84,00001 30000
319| 0 -88,00002 30000
320| 0 -92,00002 30000
321| 0 -96,00002 30000
322| 0 -100 30000
323| 0 -104 30000
324| 0 -108 30000
325| 0 -112 30000
326| 0 -116 30000
327| 0 -120 30000
328| 0 -124 30000
329| 0 -128 30000
330| 0 -132 30000
331| 0 -136 30000
332| 0 -140 30000
333| 0 -144 30000
334| 0 -148 30000
335| 0 -152 30000
336| 0 -156 30000
337| 0 -160 30000
338| 0 -164 30000
339| 0 -168 30000
340| 0 -171,9999 30000
341| 0 -175,9999 30000
342| 0 -179,9999 30000
343| 0 -183,9999 30000
344| 0 -187,9999 30000
345| 0 -191,9999 30000
346| 0 -195,9999 30000
347| 0 -199,9999 30000
348| 0 -203,9999 30000
349| 0 -207,9999 30000
350| 0 -211,9999 30000
351| 0 -215,9999 30000
352| 0 -219,9999 30000
353| 0 -223,9999 30000
354| 0 -227,9999 30000
355| 0 -231,9999 30000
356| 0 -235,9999 30000
357| 0 -239,9999 30000
358| 0 -243,9999 30000
359| 0 -247,9999 30000
360| 0 -251,9999 30000
361| 0 -255,9999 30000
362| 0 -259,9999 30000
363| 0 -263,9999 30000
364| 0 -267,9999 30000
365| 0 -271,9998 30000
366| 0 -275,9998 30000
367| 0 -279,9998 30000
368| 0 -283,9998 30000
369| 0 -287,9998 30000
370| 0 -291,9998 30000
371| 0 -295,9998 30000
372| 0 -299,9998 30000
373| 0 -303,9998 30000
374| 0 -307,9998 30000
375| 0 -311,9998 30000
376| 0 -315,9998 30000
377| 0 -319,9998 30000
378| 0 -323,9998 30000
379| 0 -327,9998 30000
380| 0 -331,9998 30000
381| 0 -335,9998 30000
382| 0 -339,9998 30000
383| 0 -343,9998 30000
384| 0 -347,9998 30000
385| 0 -351,9998 30000
386| 0 -355,9998 30000
387| 0 -359,9998 30000
388| 0 -363,9998 0
389| 0 -367,9998 0
390| 0 -371,9998 0
391| 0 -375,9998 0
392| 0 0 0
393| 0 0 0
394| 0 0 0
395| 0 0 0
396| 0 0 0
397| 0 0 0
398| 0 0 0
399| 0 0 0
400| 0 0 0
401| 0 0 0
402| 0 0 0
403| 0 0 0
404| 0 0 0
405| 0 0 0
406| 0 0 0
407| 0 0 0
408| 0 0 0
409| 0 0 0
410| 0 0 0
411| 0 0 0
412| 0 0 30000
413| 0 0 30000
414| 0 0 30000
415| 0 0 30000
416| 0 0 30000
417| 0 0 30000
418| 0 0 30000
419| 0 0 30000
420| 0 0 30000
421| 0 0 30000
422| 0 0 30000
423| 0 0 30000
424| 0 0 30000
425| 0 0 0
426| 0 0 0
427| 0 0 0
428| 0 0 0
429| 0 0 0
430| 0 0 30000
431| 0 0 30000
432| 0 0 30000
433| 0 0 30000
434| 0 0 0
435| 0 0 0
436| 0 0 30000
437| 0 0 30000
438| 0 0 30000
439| 0 0 0
440| 0 0 0
441| 0 0 0
442| 0 0 0
443| 0 0 0
444| 0 0 0
445| 0 0 0
446| 0 0 0
447| 0 0 0
448| 0 0 0
449| 0 0 0
450| 0 0 0
451| 0 0 0
452| 0 0 0
453| 0 0 0
454| 0 0 0
455| 0 0 0
456| 0 0 0
457| 0 0 0
458| 0 0 0
459| 0 0 0
460| 0 0 0
461| 0 0 0
462| 0 0 0
463| 0 0 0
464| 0 0 0
465| 0 0 0
466| 0 0 0
467| 0 0 0
468| 0 0 0
469| 0 0 0
470| 0 0 0
471| 0 0 0
472| 0 0 0
473| 0 0 0
474| 0 0 0
475| 0 0 0
476| 0 0 0
477| 0 0 0
478| 0 0 0
479| 0 0 0
480| 0 0 0
481| 0 0 0
482| 0 0 0
483| 0 0 0
484| 0 0 0
485| 0 0 0
486| 0 0 0
487| 0 0 0
488| 0 0 0
489| 0 0 0
490| 0 0 0
491| 0 0 0
492| 0 0 0
493| 0 0 0
494| 0 0 0
495| 0 0 0
496| 0 0 0

