1| 0 0 0
2| 0 0 0
3| 0 0 0
4| 0 0 0
5| 0 0 0
6| 0 0 0
7| 0 0 0
8| 0 0 0
9| 0 0 0
10| 0 0 0
11| 0 0 0
12| 0 0 0
13| 0 0 0
14| 0 0 0
15| 0 0 0
16| 0 0 0
17| 0 0 0
18| 0 0 0
19| 0 0 0
20| 0 0 0
21| 0 0 0
22| 0 0 0
23| 0 0 0
24| 0 0 0
25| 0 0 0
26| 0 0 0
27| 0 0 0
28| 0 0 0
29| 0 0 0
30| 0 0 0
31| 0 0 0
32| 0 0 0
33| 0 0 0
34| 0 0 0
35| 0 0 0
36| 0 0 0
37| 0 0 0
38| 0 0 0
39| 0 0 0
40| 0 0 0
41| 0 0 0
42| 0 0 0
43| 0 0 0
44| 0 0 0
45| 0 0 0
46| 0 0 0
47| 0 0 0
48| 0 0 0
49| 0 0 0
50| 0 0 0
51| 0 0 0
52| 0 0 0
53| 0 0 0
54| 0 0 0
55| 0 0 0
56| 0 0 0
57| 0 0 0
58| 0 0 0
59| 0 0 0
60| 0 0 0
61| 0 0 0
62| 0 0 0
63| 0 0 0
64| 0 0 0
65| 0 0 0
66| 0 0 0
67| 0 0 0
68| 0 0 0
69| 0 0 0
70| 0 0 0
71| 0 0 0
72| 0 0 0
73| 0 0 0
74| 0 0 0
75| 0 0 0
76| 0 0 0
77| 0 0 0
78| 0 0 0
79| 0 0 0
80| 0 0 0
81| 0 0 0
82| 0 0 0
83| 0 0 0
1373| 0 400 0
1374| 0 400 0
1375| 0 400 0
1376| 0 400 0
1377| 0 400 0
1378| 0 400 0
1379| 0 400 0
1380| 0 400 0
1381| 0 400 0
1382| 0 400 0
1383| 0 400 0
1384| 0 400 0
1385| 0 400 0
1386| 0 400 0
1387| 0 400 0
1388| 0 400 0
1389| 0 400 0
1390| 0 400 0
1391| 0 400 0
1392| 0 400 0
1393| 0 400 0
1394| 0 400 0
1395| 0 400 0
1396| 0 400 0
1397| 0 400 0
1398| 0 400 0
1399| 0 400 0
1400| 0 400 0
1401| 0 400 0
1402| 0 400 0
1403| 0 400 0
1404| 0 400 0
1405| 0 400 0
1406| 0 400 0
1407| 0 400 0
1408| 0 400 0
1409| 0 400 0
1410| 0 400 0
1411| 0 400 0
1412| 0 400 0
1413| 0 400 0
1414| 0 400 0
1415| 0 400 0
1416| 0 400 0
1417| 0 400 0
1418| 0 400 0
1419| 0 400 0
1420| 0 400 0
1421| 0 400 0
1422| 0 400 0
1423| 0 400 0
1424| 0 400 0
1425| 0 400 0
1426| 0 400 0
1427| 0 400 0
1428| 0 400 0
1429| 0 400 0
1430| 0 400 0
1431| 0 400 0
1432| 0 400 0
1433| 0 400 0
1434| 0 400 0
1435| 0 400 0
1436| 0 400 0
1437| 0 400 0
1438| 0 400 0
1439| 0 400 0
1440| 0 400 0
1441| 0 400 0
1442| 0 400 0
1443| 0 400 0
1444| 0 400 0
1445| 0 400 0
1446| 0 400 0
1447| 0 400 0
1448| 0 400 0
1449| 0 400 0
1450| 0 400 0
1451| 0 400 0
1452| 0 400 0
1453| 0 400 0
1454| 0 400 0
1455| 0 400 0
1456| 0 400 0
1457| 0 400 0
1458| 0 400 0
1569| 0 400 0
1570| 0 400 0
1571| 0 400 0
1572| 0 400 0
1573| 0 400 0
1574| 0 400 0
1575| 0 400 0
1576| 0 400 0
1577| 0 400 0
1578| 0 400 0
1579| 0 400 0
1580| 0 400 0
1581| 0 400 0
1582| 0 400 0
1583| 0 400 0
1584| 0 400 0
1585| 0 400 0
1586| 0 400 0
1587| 0 400 0
1588| 0 400 0
1589| 0 400 0
1590| 0 400 0
1591| 0 400 0
1592| 0 400 0
1593| 0 400 0
1594| 0 400 0
1595| 0 400 0
1596| 0 400 0
1597| 0 400 0
1598| 0 400 0
1599| 0 400 0
1600| 0 400 0
1601| 0 400 0
1602| 0 400 0
1603| 0 400 0
1604| 0 400 0
1605| 0 400 0
1606| 0 400 0
1607| 0 400 0
1608| 0 400 0
1609| 0 400 0
1610| 0 400 0
1611| 0 400 0
1612| 0 400 0
1613| 0 400 0
1614| 0 400 0
1615| 0 400 0
1616| 0 400 0
1617| 0 400 0
1618| 0 400 0
1619| 0 400 0
1620| 0 400 0
1621| 0 400 0
1622| 0 400 0
1623| 0 400 0
1624| 0 400 0
1625| 0 400 0
1626| 0 400 0
1627| 0 400 0
1628| 0 400 0
1629| 0 400 0
1630| 0 400 0
1631| 0 400 0
1632| 0 400 0
1633| 0 400 0
1634| 0 400 0
1635| 0 400 0
1636| 0 400 0
1637| 0 400 0
1638| 0 400 0
1639| 0 400 0
1640| 0 400 0
1641| 0 400 0
1642| 0 400 0
1643| 0 400 0
1644| 0 400 0
1645| 0 400 0
1646| 0 400 0
1647| 0 400 0
1648| 0 400 0
1649| 0 400 0
1650| 0 400 0
1651| 0 400 0
1652| 0 400 0
1653| 0 400 0
1654| 0 400 0
1655| 0 400 0
1656| 0 400 0
1657| 0 400 0
1658| 0 400 0
1659| 0 400 0
1660| 0 400 0
1661| 0 400 0
1662| 0 400 0
1663| 0 400 0
1664| 0 400 0
1665| 0 400 0
1666| 0 400 0
1667| 0 400 0
1668| 0 400 0
1669| 0 400 0
1670| 0 400 0
1671| 0 400 0
1672| 0 400 0
1673| 0 400 0
1674| 0 400 0
1675| 0 400 0
1676| 0 400 0
1677| 0 400 0
1678| 0 400 0
1679| 0 400 0
1680| 0 400 0
1681| 0 400 0
1682| 0 400 0
1683| 0 400 0
1684| 0 400 0
1685| 0 400 0
1686| 0 400 0
1687| 0 400 0
1688| 0 400 0
1689| 0 400 0
1690| 0 400 0
1691| 0 400 0
1692| 0 400 0
1693| 0 400 0
1694| 0 400 0
1695| 0 400 0
1696| 0 400 0
1697| 0 400 0
1698| 0 400 0
1699| 0 400 0
1700| 0 400 0
1701| 0 400 0
1702| 0 400 0
1703| 0 400 0
1704| 0 400 0
1705| 0 400 0
1706| 0 400 0
1707| 0 400 0
1708| 0 400 0
1709| 0 400 0
1710| 0 400 0
1711| 0 400 0
1712| 0 400 0
1713| 0 400 0
1714| 0 400 0
1715| 0 400 0
1716| 0 400 0
1717| 0 400 0
1718| 0 400 0
1719| 0 400 0
1720| 0 400 0
1721| 0 400 0
1722| 0 400 0
1723| 0 400 0
1724| 0 400 0
1725| 0 400 0
1726| 0 400 0
1727| 0 400 0
1728| 0 400 0
1729| 0 400 0
1730| 0 400 0
1731| 0 400 0
1732| 0 400 0
1733| 0 400 0
1734| 0 400 0
1735| 0 400 0
1736| 0 400 0
1737| 0 400 0
1738| 0 400 0
1739| 0 400 0
1740| 0 400 0
1741| 0 400 0
1742| 0 400 0
1743| 0 400 0
1744| 0 400 0
1745| 0 400 0
1746| 0 400 0
1747| 0 400 0
1748| 0 400 0
1749| 0 400 0
1750| 0 400 0
1751| 0 400 0
1752| 0 400 0
1753| 0 400 0
1754| 0 400 0
1755| 0 400 0
1756| 0 400 0
1757| 0 400 0
1758| 0 400 0
1759| 0 400 0
1760| 0 400 0
1761| 0 400 0
1762| 0 400 0
1763| 0 400 0
1764| 0 400 0
1765| 0 400 0
1766| 0 400 0
1767| 0 400 0
1768| 0 400 0
1769| 0 400 0
1770| 0 400 0
1771| 0 400 0
1772| 0 400 0
1773| 0 400 0
1774| 0 400 0
1775| 0 400 0
1776| 0 400 0
1777| 0 400 0
1778| 0 400 0
1779| 0 400 0
1780| 0 400 0
1781| 0 400 0
1782| 0 400 0
1783| 0 400 0
1784| 0 400 0
1785| 0 400 0
1786| 0 400 0
1787| 0 400 0
1788| 0 400 0
1789| 0 400 0
1790| 0 400 0
1791| 0 400 0
1792| 0 400 0
1793| 0 400 0
1794| 0 400 0
1795| 0 400 0
1796| 0 400 0
1797| 0 400 0
1798| 0 400 0
1799| 0 400 0
1800| 0 400 0
1801| 0 400 0
1802| 0 400 0
1803| 0 400 0
1804| 0 400 0
1805| 0 400 0
1806| 0 400 0
1807| 0 400 0
1808| 0 400 0
1809| 0 400 0
1810| 0 400 0
1811| 0 400 0
1812| 0 400 0
1813| 0 400 0

