1| 0 0 0
2| 0 0 0
3| 0 0 0
4| 0 0 0
5| 0 0 0
6| 0 0 0
7| 0 0 0
8| 0 0 0
9| 0 0 0
10| 0 0 0
11| 0 0 0
12| 0 0 0
13| 0 0 0
14| 0 0 0
15| 0 0 0
16| 0 0 0
17| 0 0 0
18| 0 0 0
19| 0 0 0
20| 0 0 0
21| 0 0 0
22| 0 0 0
23| 0 0 0
24| 0 0 0
25| 0 0 0
26| 0 0 0
27| 0 0 0
28| 0 0 0
29| 0 0 0
30| 0 0 0
31| 0 0 0
32| 0 0 0
33| 0 0 0
34| 0 0 0
35| 0 0 0
36| 0 0 0
37| 0 0 0
38| 0 0 0
39| 0 0 0
40| 0 0 0
41| 0 0 0
42| 0 0 0
43| 0 0 0
44| 0 0 0
45| 0 0 0
46| 0 0 0
47| 0 0 0
48| 0 0 0
49| 0 0 0
50| 0 0 0
51| 0 0 0
52| 0 0 0
53| 0 0 0
54| 0 0 0
55| 0 0 0
56| 0 0 0
57| 0 0 0
58| 0 0 0
59| 0 0 0
60| 0 0 0
61| 0 0 0
62| 0 0 0
63| 0 0 0
64| 0 0 0
65| 0 0 0
66| 0 0 0
67| 0 0 0
68| 0 0 0
69| 0 0 0
70| 0 0 0
71| 0 0 0
72| 0 0 0
73| 0 0 0
74| 0 0 0
75| 0 4 0
76| 0 8 0
77| 0 12 0
78| 0 16 0
79| 0 20 0
80| 0 24 0
81| 0 28 0
82| 0 32 0
83| 0 36 0
84| 0 40 0
85| 0 43,99999 0
86| 0 47,99999 0
87| 0 51,99999 0
88| 0 55,99999 0
89| 0 60 0
90| 0 64 0
91| 0 68 0
92| 0 72 0
93| 0 76,00001 0
94| 0 80,00001 0
95| 0 84,00001 0
96| 0 88,00002 0
97| 0 92,00002 0
98| 0 96,00002 0
99| 0 100 0
100| 0 104 0
101| 0 108 0
102| 0 112 0
103| 0 116 0
104| 0 120 0
105| 0 124 0
106| 0 128 0
107| 0 132 0
108| 0 136 0
109| 0 140 0
110| 0 144 0
111| 0 148 0
112| 0 152 0
113| 0 156 0
114| 0 160 0
115| 0 164 0
116| 0 168 0
117| 0 171,9999 0
118| 0 175,9999 0
119| 0 179,9999 0
120| 0 183,9999 0
121| 0 187,9999 0
122| 0 191,9999 0
123| 0 195,9999 0
124| 0 199,9999 0
125| 0 203,9999 0
126| 0 207,9999 0
127| 0 211,9999 0
128| 0 215,9999 0
129| 0 219,9999 0
130| 0 223,9999 0
131| 0 227,9999 0
132| 0 231,9999 0
133| 0 235,9999 0
134| 0 239,9999 0
135| 0 243,9999 0
136| 0 247,9999 0
137| 0 251,9999 0
138| 0 255,9999 0
139| 0 259,9999 0
140| 0 263,9999 0
141| 0 267,9999 0
142| 0 271,9998 0
143| 0 275,9998 0
144| 0 279,9998 0
145| 0 283,9998 0
146| 0 287,9998 0
147| 0 291,9998 0
148| 0 295,9998 0
149| 0 299,9998 0
150| 0 303,9998 0
151| 0 307,9998 0
152| 0 311,9998 0
153| 0 315,9998 0
154| 0 319,9998 0
155| 0 323,9998 0
156| 0 327,9998 0
157| 0 331,9998 0
158| 0 335,9998 0
159| 0 339,9998 0
160| 0 343,9998 0
161| 0 347,9998 0
162| 0 351,9998 0
163| 0 355,9998 0
164| 0 359,9998 0
165| 0 363,9998 0
166| 0 367,9998 0
167| 0 371,9998 0
168| 0 375,9998 0
169| 0 379,9998 0
170| 0 383,9998 0
171| 0 387,9998 0
172| 0 391,9998 0
173| 0 395,9998 0
174| 0 399,9997 0
175| 0 403,9998 0
176| 0 400 0
177| 0 400 0
178| 0 400 0
179| 0 400 0
180| 0 400 0
181| 0 400 0
182| 0 400 0
183| 0 400 0
184| 0 400 0
185| 0 400 0
186| 0 400 0
187| 0 400 0
188| 0 400 0
189| 0 400 0
190| 0 400 0
191| 0 400 0
192| 0 400 0
193| 0 400 0
194| 0 400 0
195| 0 400 0
196| 0 400 0
197| 0 400 0
198| 0 400 0
199| 0 400 0
200| 0 400 0
201| 0 400 0
202| 0 400 0
203| 0 400 0
204| 0 400 0
205| 0 400 0
206| 0 400 0
207| 0 400 0
208| 0 400 0
209| 0 400 0
210| 0 400 0
211| 0 400 0
212| 0 400 0
213| 0 400 0
214| 0 400 0
215| 0 400 0
216| 0 400 0
217| 0 400 0
218| 0 400 0
219| 0 400 0
220| 0 400 0
221| 0 400 0
222| 0 400 0
223| 0 400 0
224| 0 400 0
225| 0 400 0
226| 0 400 0
227| 0 400 0
228| -0,3 400 0
229| -0,6 400 0
230| -0,9 400 0
231| -1,2 400 0
232| -1,5 400 0
233| -1,8 400 0
234| -2,1 400 0
235| -2,4 400 0
236| -2,7 400 0
237| -3 400 0
238| -3,299999 400 0
239| -3,599999 400 0
240| -3,899999 400 0
241| -4,2 400 0
242| -4,5 400 0
243| -4,8 400 0
244| -5,1 400 0
245| -5,4 400 0
246| -5,7 400 0
247| -6 400 0
248| -6,300001 400 0
249| -6,600001 400 0
250| -6,900001 400 0
251| -7,200001 400 0
252| -7,500001 400 0
253| 0 0 0
254| 0 0 0
255| 0 0 0
256| 0 0 0
257| 0 0 0
258| 0 0 0
259| 0 0 0
260| 0 0 0
261| 0 0 0
262| 0 0 0
263| 0 0 0
264| 0 0 0
265| 0 0 0
266| 0 0 0
267| 0 0 0
268| 0 0 0
269| 0 0 0
270| 0 0 0
271| 0 0 0
272| 0 0 0
273| 0 0 0
274| 0 0 0
275| 0 0 0
276| 0 -4 0
277| 0 -8 0
278| 0 -12 0
279| 0 -16 0
280| 0 -20 0
281| 0 -24 0
282| 0 -28 0
283| 0 -32 0
284| 0 -36 0
285| 0 -40 0
286| 0 -43,99999 0
287| 0 -47,99999 0
288| 0 -51,99999 0
289| 0 -55,99999 0
290| 0 -60 0
291| 0 -64 0
292| 0 -68 0
293| 0 -72 0
294| 0 -76,00001 0
295| 0 -80,00001 0
296| 0 -84,00001 0
297| 0 -88,00002 0
298| 0 -92,00002 0
299| 0 -96,00002 0
300| 0 -100 0
301| 0 -104 0
302| 0 -108 0
303| 0 -112 0
304| 0 -116 0
305| 0 -120 0
306| 0 -124 0
307| 0 -128 0
308| 0 -132 0
309| 0 -136 0
310| 0 -140 0
311| 0 -144 0
312| 0 -148 0
313| 0 -152 0
314| 0 -156 0
315| 0 -160 0
316| 0 -164 0
317| 0 -168 0
318| 0 -171,9999 0
319| 0 -175,9999 0
320| 0 -179,9999 0
321| 0 -183,9999 0
322| 0 -187,9999 0
323| 0 -191,9999 0
324| 0 -195,9999 0
325| 0 -199,9999 0
326| 0 -203,9999 0
327| 0 -207,9999 0
328| 0 -211,9999 0
329| 0 -215,9999 0
330| 0 -219,9999 0
331| 0 -223,9999 0
332| 0 -227,9999 0
333| 0 -231,9999 0
334| 0 -235,9999 0
335| 0 -239,9999 0
336| 0 -243,9999 0
337| 0 -247,9999 0
338| 0 -251,9999 0
339| 0 -255,9999 0
340| 0 -259,9999 30000
341| 0 -263,9999 30000
342| 0 0 30000
343| 0 0 30000
344| 0 0 30000
345| 0 0 30000
346| 0 0 30000
347| 0 0 30000
348| 0 0 30000
349| 0 0 30000
350| 0 0 30000
351| 0 0 30000
352| 0 0 30000
353| 0 0 30000
354| 0 0 30000
355| 0 0 30000
356| 0 0 30000
357| 0 0 30000
358| 0 0 30000
359| 0 0 30000
360| 0 0 30000
361| 0 0 30000
362| 0 0 30000
363| 0 0 30000
364| 0 0 30000
365| 0 0 30000
366| 0 0 30000
367| 0 0 30000
368| 0 0 30000
369| 0 0 30000
370| 0 0 30000
371| 0 0 30000
372| 0 0 30000
373| 0 0 30000
374| 0 0 30000
375| 0 0 30000
376| 0 0 30000
377| 0 0 30000
378| 0 0 30000
379| 0 0 30000
380| 0 0 30000
381| 0 0 30000
382| 0 0 30000
383| 0 0 30000
384| 0 0 30000
385| 0 0 30000
386| 0 0 30000
387| 0 0 30000
388| 0 0 30000
389| 0 0 30000
390| 0 0 30000
391| 0 0 0
392| 0 0 0
393| 0 0 0
394| 0 0 0
395| 0 0 0
396| 0 0 0
397| 0 0 0
398| 0 0 0
399| 0 0 0
400| 0 0 0
401| 0 0 0
402| 0 0 0
403| 0 0 0
404| 0 0 0
405| 0 0 0
406| 0 0 0
407| 0 0 0
408| 0 0 0
409| 0 0 0
410| 0 0 0
411| 0 0 0
412| 0 0 0
413| 0 0 0
414| 0 0 0
415| 0 0 0
416| 0 0 0
417| 0 0 0
418| 0 0 0
419| 0 0 0
420| 0 0 0
421| 0 0 0
422| 0 0 30000
423| 0 0 30000
424| 0 0 30000
425| 0 0 30000
426| 0 0 30000
427| 0 0 30000
428| 0 0 30000
429| 0 0 30000
430| 0 0 30000
431| 0 0 30000
432| 0 0 30000
433| 0 0 30000
434| 0 0 30000
435| 0 0 30000
436| 0 0 30000
437| 0 0 30000
438| 0 0 30000
439| 0 0 30000
440| 0 0 30000
441| 0 0 30000
442| 0 0 30000
443| 0 0 30000
444| 0 0 30000
445| 0 0 30000
446| 0 0 30000
447| 0 0 30000
448| 0 0 30000
449| 0 0 30000
450| 0 0 30000
451| 0 0 30000
452| 0 0 30000
453| 0 0 30000
454| 0 0 30000
455| 0 0 30000
456| 0 0 30000
457| 0 0 30000
458| 0 0 30000
459| 0 0 30000
460| 0 0 30000
461| 0 0 30000
462| 0 0 30000
463| 0 0 30000
464| 0 0 30000
465| 0 0 30000
466| 0 0 30000
467| 0 0 30000
468| 0 0 30000
469| 0 0 30000
470| 0 0 30000
471| 0 0 30000
472| 0 0 0
473| 0 0 0
474| 0 0 0
475| 0 0 0
476| 0 0 0
477| 0 0 0
478| 0 0 0
479| 0 0 0
480| 0 0 0
481| 0 0 0
482| 0 0 0
483| 0 0 0
484| 0 0 0
485| 0 0 0
486| 0 0 0
487| 0 0 0
488| 0 0 0
489| 0 0 0
490| 0 0 0
491| 0 0 0
492| 0 0 0
493| 0 0 0
494| 0 0 0
495| 0 0 0
496| 0 0 0
497| 0 0 0
498| 0 0 0
499| 0 0 0
500| 0 0 0
501| 0 0 0
502| 0 0 0
503| 0 0 0
504| 0 0 0
505| 0 0 0
506| 0 0 0
507| 0 0 0
508| 0 -4 0
509| 0 -8 0
510| 0 -12 0
511| 0 -16 0
512| 0,3 -20 0
513| 0,6 -24 0
514| 0,9 -28 0
515| 1,2 -32 0
516| 1,5 -36 0
517| 1,8 -40 0
518| 2,1 -43,99999 0
519| 2,4 -47,99999 0
520| 2,7 -51,99999 0
521| 3 -55,99999 0
522| 3,299999 -60 0
523| 3,599999 -64 0
524| 3,899999 -68 0
525| 4,2 -72 0
526| 4,5 -76,00001 0
527| 4,8 -80,00001 0
528| 5,1 -84,00001 0
529| 5,4 -88,00002 0
530| 5,7 -92,00002 0
531| 6 -96,00002 0
532| 6,300001 -100 0
533| 6,600001 -104 0
534| 6,900001 -108 0
535| 7,200001 -112 0
536| 7,500001 -116 0
537| 7,800001 -120 0
538| 8,1 -124 0
539| 8,4 -128 0
540| 8,7 -132 0
541| 8,999999 -136 0
542| 9,299999 -140 0
543| 9,599998 -144 0
544| 9,899999 -148 0
545| 10,2 -152 0
546| 10,5 -156 0
547| 10,8 -160 0
548| 11,1 -164 0
549| 11,4 -168 0
550| 11,7 -171,9999 0
551| 12 -175,9999 0
552| 12,3 -179,9999 0
553| 12,6 -183,9999 0
554| 12,9 -187,9999 0
555| 13,2 -191,9999 0
556| 13,5 -195,9999 0
557| 13,79999 -199,9999 0
558| 14,09999 -203,9999 0
559| 14,39999 -207,9999 0
560| 14,69999 -211,9999 0
561| 14,99999 -215,9999 0
562| 15,29999 -219,9999 0
563| 15,59999 -223,9999 0
564| 15,89999 -227,9999 0
565| 16,19999 -231,9999 0
566| 16,49999 -235,9999 0
567| 16,79999 -239,9999 0
568| 17,09999 -243,9999 0
569| 17,39999 -247,9999 0
570| 17,69999 -251,9999 0
571| 17,99999 -255,9999 0
572| 18,29999 -259,9999 0
573| 18,59999 -263,9999 0
574| 18,59999 -267,9999 0
575| 18,59999 -271,9998 0
576| 18,59999 -275,9998 0
577| 18,59999 -279,9998 0
578| 18,59999 -283,9998 0
579| 18,59999 -287,9998 0
580| 18,59999 -291,9998 0
581| 18,59999 -295,9998 0
582| 18,59999 -299,9998 0
583| 18,59999 -303,9998 0
584| 18,59999 -307,9998 0
585| 0 0 0
586| 0 0 0
587| 0 0 0
588| 0 0 0
589| 0 0 0
590| 0 0 0
591| 0 0 0
592| 0 0 0
593| 0 0 0
594| 0 0 0
595| 0 0 0
596| 0 0 0
597| 0 0 0
598| 0 0 0
599| 0 0 0
600| 0 0 0
601| 0 -4 0
602| 0 -8 0
603| 0,3 -12 0
604| 0,6 -16 0
605| 0,9 -20 0
606| 1,2 -24 0
607| 1,5 -28 0
608| 1,8 -32 0
609| 2,1 -36 0
610| 2,4 -40 0
611| 2,7 -43,99999 0
612| 3 -47,99999 0
613| 3,299999 -51,99999 0
614| 3,599999 -55,99999 0
615| 3,899999 -60 0
616| 4,2 -64 0
617| 4,5 -64 0
618| 0 0 0
619| 0 0 0
620| 0 0 0
621| 0 0 0
622| 0 0 0
623| 0 4 0
624| 0 8 0
625| 0 12 0
626| 0 16 0
627| 0 20 0
628| 0 24 0
629| 0 28 0
630| 0 32 0
631| 0 36 0
632| 0 40 0
633| 0 43,99999 0
634| 0 47,99999 0
635| 0 51,99999 0
636| 0 55,99999 0
637| 0 60 0
638| 0 64 0
639| 0 68 0
640| 0 72 0
641| 0 76,00001 0
642| 0 80,00001 0
643| 0 0 0
644| 0 0 0
645| 0 0 0
646| 0 0 0
647| 0 0 0
648| 0 0 0
649| 0 0 0
650| 0 0 0
651| 0 0 0
652| 0 0 0
653| 0 0 0
654| 0 0 30000
655| 0 0 30000
656| 0 0 30000
657| 0 0 30000
658| 0 0 30000
659| 0 0 30000
660| 0 0 30000
661| 0 0 30000
662| 0 0 30000
663| 0 0 30000
664| 0 0 30000
665| 0 0 30000
666| 0 0 30000
667| 0 0 30000
668| 0 0 30000
669| 0 0 30000
670| 0 0 30000
671| 0 0 30000
672| 0 0 30000
673| 0 0 30000
674| 0 0 30000
675| 0 0 30000
676| 0 0 30000
677| 0 0 30000
678| 0 0 30000
679| 0 0 30000
680| 0 0 30000
681| 0 0 30000
682| 0 0 30000
683| 0 0 30000
684| 0 0 30000
685| 0 0 30000
686| 0 0 30000
687| 0 0 30000
688| 0 0 30000
689| 0 0 30000
690| 0 0 30000
691| 0 0 30000
692| 0 0 30000
693| 0 0 30000
694| 0 0 30000
695| 0 0 30000
696| 0 0 30000
697| 0 0 30000
698| 0 0 0
699| 0 0 0
700| 0 0 0
701| 0 0 0
702| 0 0 0
703| 0 0 0
704| 0 0 0
705| 0 0 0
706| 0 0 0
707| 0 0 0
708| 0 0 0
709| 0 0 0
710| 0 0 0
711| 0 0 0
712| 0 0 0
713| 0 0 0
714| 0 0 0
715| 0 0 0
716| 0 0 0
717| 0 0 0
718| 0 0 0
719| 0 0 0
720| 0 0 0
721| 0 0 0
722| 0 0 0
723| 0 0 0
724| 0 0 0
725| 0 0 0
726| 0 0 0
727| 0 0 0
728| 0 0 0
729| 0 0 0
730| 0 0 0
731| 0 0 0
732| 0 0 0
733| 0 0 0
734| 0 0 0
735| 0 0 0
736| 0 0 0
737| 0 0 0
738| 0 0 0
739| 0 0 0
740| 0 0 0
741| 0 0 0
742| 0 0 0
743| 0 0 0
744| 0 0 0
745| 0 0 0
746| 0 0 0
747| 0 0 0
748| 0 0 0
749| 0 0 0
750| 0 0 0
751| 0 0 0
752| 0 0 0
753| 0 0 0
754| 0 0 0
755| 0 0 0
756| 0 0 0
757| 0 0 0
758| 0 0 0
759| 0 0 0
760| 0 0 0
761| 0 0 0
762| 0 0 0
763| 0 0 0
764| 0 0 0
765| 0 0 0
766| 0 0 0
767| 0 0 0
768| 0 0 0
769| 0 0 0
770| 0 0 0
771| 0 0 0
772| 0 0 0
773| 0 0 0
774| 0 0 0
775| 0 0 0
776| 0 0 0
777| 0 0 0
778| 0 0 0
779| 0 0 0
780| 0 0 0
781| 0 0 0
782| 0 0 0
783| 0 0 0
784| 0 0 0
785| 0 0 0
786| 0 0 0
787| 0 0 0
788| 0 0 0
789| 0 0 0
790| 0 0 0
791| 0 0 0
792| 0 0 0
793| 0 0 0
794| 0 0 0
795| 0 0 0
796| 0 0 0
797| 0 0 0
798| 0 0 0
799| 0 0 0
800| 0 0 0
801| 0 0 0
802| 0 0 0
803| 0 0 0

