1| 0 0 0
2| 0 0 0
3| 0 0 0
4| 0 0 0
5| 0 0 0
6| 0 0 0
7| 0 0 0
8| 0 0 0
9| 0 0 0
10| 0 0 0
11| 0 0 0
12| 0 0 0
13| 0 0 0
14| 0 0 0
15| 0 0 0
16| 0 0 0
17| 0 0 0
18| 0 0 0
19| 0 0 0
20| 0 0 0
21| 0 0 0
22| 0 0 0
23| 0 0 0
24| 0 0 0
25| 0 0 0
26| 0 0 0
27| 0 0 0
28| 0 0 0
29| 0 0 0
30| 0 0 0
31| 0 0 0
32| 0 0 0
33| 0 0 0
34| 0 0 0
35| 0 0 0
36| 0 0 0
37| 0 0 0
38| 0 0 0
39| 0 0 0
40| 0 0 0
41| 0 0 0
42| 0 0 0
43| 0 0 0
44| 0 0 0
45| 0 0 0
46| 0 0 0
47| 0 0 0
48| 0 0 0
49| 0 0 0
50| 0 0 0
51| 0 0 0
52| 0 0 0
53| 0 0 0
54| 0 0 0
55| 0 0 0
56| 0 0 0
57| 0 0 0
58| 0 0 0
59| 0 0 0
60| 0 0 0
61| 0 0 0
62| 0 0 0
63| 0 0 0
64| 0 0 0
65| 0 0 0
66| 0 0 0
67| 0 0 0
68| 0 0 0
69| 0 0 0
70| 0 0 0
71| 0 0 0
72| 0 0 0
73| 0 0 0
74| 0 0 0
75| 0 0 0
76| 0 0 0
77| 0 0 0
78| 0 0 0
79| 0 0 0
80| 0 0 0
81| 0 0 0
82| 0 0 0
83| 0 0 0
84| 0 0 0
85| 0 0 0
86| 0 0 0
87| 0 0 0
88| 0 0 0
89| 0 0 0
90| 0 0 0
91| 0 0 0
92| 0 0 0
93| 0 0 0
94| 0 0 0
95| 0 0 0
96| 0 0 0
97| 0 0 0
98| 0 0 0
99| 0 0 0
100| 0 0 0
101| 0 0 0
102| 0 0 0
103| 0 0 0
104| 0 0 0
105| 0 0 0
106| 0 0 0
107| 0 0 0
108| 0 0 0
109| 0 0 0
110| 0 0 0
111| 0 0 0
112| 0 0 0
113| 0 0 0
114| 0 0 0
115| 0 0 0
116| 0 0 0
117| 0 0 0
118| 0 0 0
119| 0 0 0
120| 0 0 0
121| 0 0 0
122| 0 0 0
123| 0 0 0
124| 0 0 0
125| 0 0 0
126| 0 0 0
127| 0 0 0
128| 0 0 0
129| 0 0 0
130| 0 0 0
131| 0 0 0
132| 0 0 0
133| 0 0 0
134| 0 0 0
135| 0 0 0
136| 0 0 0
137| 0 0 0
138| 0 0 0
139| 0 0 0
140| 0 0 0
141| 0 0 0
142| 0 0 0
143| 0 0 0
144| 0 0 0
145| 0 0 0
146| 0 0 0
147| 0 0 0
148| 0 0 0
149| 0 0 0
150| 0 0 0
151| 0 0 0
152| 0 0 0
153| 0 0 0
154| 0 0 0
155| 0 0 0
156| 0 0 0
157| 0 0 0
158| 0 0 0
159| 0 0 0
160| 0 0 0
161| 0 0 0
162| 0 0 0
163| 0 0 0
164| 0 0 0
165| 0 0 0
166| 0 0 0
167| 0 0 0
168| 0 0 0
169| 0 0 0
170| 0 0 0
171| 0 0 0
172| 0 0 0
173| 0 0 0
174| 0 0 0
175| 0 0 0
176| 0 0 0
177| 0 0 0
178| 0 0 0
179| 0 0 0
180| 0 0 0
181| 0 0 0
182| 0 0 0
183| 0 0 0
184| 0 0 0
185| 0 0 0
186| 0 0 0
187| 0 0 0
188| 0 0 0
189| 0 0 0
190| 0 0 0
191| 0 0 0
192| 0 0 0
193| 0 0 0
194| 0 0 0
195| 0 0 0
196| 0 0 0
197| 0 0 0
198| 0 0 0
199| 0 0 0
200| 0 0 0
201| 0 0 0
202| 0 0 0
203| 0 0 0
204| 0 0 0
205| 0 0 0
206| 0 0 0
207| 0 0 0
208| 0 0 0
209| 0 0 0
210| 0 0 0
211| 0 0 0
212| 0 0 0
213| 0 0 0
214| 0 0 0
215| 0 0 0
216| 0 0 0
217| 0 0 0
218| 0 0 0
219| 0 0 0
220| 0 0 0
221| 0 0 0
222| 0 0 0
223| 0 0 0
224| 0 0 0
225| 0 0 0
226| 0 0 0
227| 0 0 0
228| 0 0 0
229| 0 0 0
230| 0 0 0
231| 0 0 0
232| 0 0 0
233| 0 0 0
234| 0 0 0
235| 0 0 0
236| 0 0 0
237| 0 0 0
238| 0 0 0
239| 0 0 0
240| 0 0 0
241| 0 0 0
242| 0 0 0
243| 0 0 0
244| 0 0 0
245| 0 0 0
246| 0 0 0
247| 0 0 0
248| 0 0 0
249| 0 0 0
250| 0 0 0
251| 0 0 0
252| 0 0 0
253| 0 0 0
254| 0 0 0
255| 0 0 0
256| 0 0 0
257| 0 0 0
258| 0 0 0
259| 0 0 0
260| 0 0 0
261| 0 0 0
262| 0 0 0
263| 0 0 0
264| 0 0 0
265| 0 0 0
266| 0 0 0
267| 0 0 0
268| 0 0 0
269| 0 0 0
270| 0 0 0
271| 0 0 0
272| 0 0 0
273| 0 0 0
274| 0 0 0
275| 0 0 0
276| 0 0 0
277| 0 0 0
278| 0 0 0
279| 0 0 0
280| 0 0 0
281| 0 0 0
282| 0 0 0
283| 0 0 0
284| 0 0 0
285| 0 0 0
286| 0 0 0
287| 0 0 0
288| 0 0 0
289| 0 0 0
290| 0 0 0
291| 0 0 0
292| 0 0 0
293| 0 0 0
294| 0 0 0
295| 0 0 0
296| 0 0 0
297| 0 0 0
298| 0 0 0
299| 0 0 0
300| 0 0 0
301| 0 0 0
302| 0 0 0
303| 0 0 0
304| 0 0 0
305| 0 0 0
306| 0 0 0
307| 0 0 0
308| 0 0 0
309| 0 0 0
310| 0 0 0
311| 0 0 0
312| 0 0 0
313| 0 0 0
314| 0 0 0
315| 0 0 0
316| 0 0 0
317| 0 0 0
318| 0 0 0
319| 0 0 0
320| 0 0 0
321| 0 0 0
322| 0 0 0
323| 0 0 0
324| 0 0 0
325| 0 0 0
326| 0 0 0
327| 0 0 0
328| 0 0 0
329| 0 0 0
330| 0 0 0
331| 0 0 0
332| 0 0 0
333| 0 0 0
334| 0 0 0
335| 0 0 0
336| 0 0 0
337| 0 0 0
338| 0 0 0
339| 0 0 0
340| 0 0 0
341| 0 0 0
342| 0 0 0
343| 0 0 0
344| 0 0 0
345| 0 0 0
346| 0 0 0
347| 0 0 0
348| 0 0 0
349| 0 0 0
350| 0 0 0
351| 0 0 0
352| 0 0 0
353| 0 0 0
354| 0 0 0
355| 0 0 0
356| 0 0 0
357| 0 0 0
358| 0 0 0
359| 0 0 0
360| 0 0 0
361| 0 0 0
362| 0 0 0
363| 0 0 0
364| 0 0 0
365| 0 0 0
366| 0 0 0
367| 0 0 0
368| 0 0 0
369| 0 0 0
370| 0 0 0
371| 0 0 0
372| 0 0 0
373| 0 0 0
374| 0 0 0
375| 0 0 0
376| 0 0 0
377| 0 0 0
378| 0 0 0
379| 0 0 0
380| 0 0 0
381| 0 0 0
382| 0 0 0
383| 0 0 0
384| 0 0 0
385| 0 0 0
386| 0 0 0
387| 0 0 0
388| 0 0 0
389| 0 0 0
390| 0 0 0
391| 0 0 0
392| 0 0 0
393| 0 0 0
394| 0 0 0
395| 0 0 0
396| 0 0 0
397| 0 0 0
398| 0 0 0
399| 0 0 0
400| 0 0 0
401| 0 0 0
402| 0 0 0
403| 0 0 0
404| 0 0 0
405| 0 0 0
406| 0 0 0
407| 0 0 0
408| 0 0 0
409| 0 0 0
410| 0 0 0
411| 0 0 0
412| 0 0 0
413| 0 0 0
414| 0 0 0
415| 0 0 0
416| 0 0 0
417| 0 0 0
418| 0 0 0
419| 0 0 0
420| 0 0 0
421| 0 0 0
422| 0 0 0
423| 0 0 0
424| 0 0 0
425| 0 0 0
426| 0 0 0
427| 0 0 0
428| 0 0 0
429| 0 0 0
430| 0 0 0
431| 0 0 0
432| 0 0 0
433| 0 0 0
434| 0 0 0
435| 0 0 0
436| 0 0 0
437| 0 0 0
438| 0 0 0
439| 0 0 0
440| 0 0 0
441| 0 0 0
442| 0 0 0
443| 0 0 0
444| 0 0 0
445| 0 0 0
446| 0 0 0
447| 0 0 0
448| 0 0 0
449| 0 0 0
450| 0 0 0
451| 0 0 0
452| 0 0 0
453| 0 0 0
454| 0 0 0
455| 0 0 0
456| 0 0 0
457| 0 0 0
458| 0 0 0
459| 0 0 0
460| 0 0 0
461| 0 0 0
462| 0 0 0
463| 0 0 0
464| 0 0 0
465| 0 0 0
466| 0 0 0
467| 0 0 0
468| 0 0 0
469| 0 0 0
470| 0 0 0
471| 0 0 0
472| 0 0 0
473| 0 0 0
474| 0 0 0
475| 0 0 0
476| 0 0 0
477| 0 0 0
478| 0 0 0
479| 0 0 0
480| 0 0 0
481| 0 0 0
482| 0 0 0
483| 0 0 0
484| 0 0 0
485| 0 0 0
486| 0 0 0
487| 0 0 0
488| 0 0 0
489| 0 0 0
490| 0 0 0
491| 0 0 0
492| 0 0 0
493| 0 0 0
494| 0 0 0
495| 0 0 0
496| 0 0 0
497| 0 0 0
498| 0 0 0
499| 0 0 0
500| 0 0 0
501| 0 0 0
502| 0 0 0
503| 0 0 0
504| 0 0 0
505| 0 0 0
506| 0 0 0
507| 0 0 0
508| 0 0 0
509| 0 0 0
510| 0 0 0
511| 0 0 0
512| 0 0 0
513| 0 0 0
514| 0 0 0
515| 0 0 0
516| 0 0 0
517| 0 0 0
518| 0 0 0
519| 0 0 0
520| 0 0 0
521| 0 0 0
522| 0 0 0
523| 0 0 0
524| 0 0 0
525| 0 0 0
526| 0 0 0
527| 0 0 0
528| 0 0 0
529| 0 0 0
530| 0 0 0
531| 0 0 0
532| 0 0 0
533| 0 0 0
534| 0 0 0
535| 0 0 0
536| 0 0 0
537| 0 0 0
538| 0 0 0
539| 0 0 0
540| 0 0 0
541| 0 0 0
542| 0 0 0
543| 0 0 0
544| 0 0 0
545| 0 0 0
546| 0 0 0
547| 0 0 0
548| 0 0 0
549| 0 0 0
550| 0 0 0
551| 0 0 0
552| 0 0 0
553| 0 0 0
554| 0 0 0
555| 0 0 0
556| 0 0 0
557| 0 0 0
558| 0 0 0
559| 0 0 0
560| 0 0 0
561| 0 0 0
562| 0 0 0
563| 0 0 0
564| 0 0 0
565| 0 0 0
566| 0 0 0
567| 0 0 0
568| 0 0 0
569| 0 0 0
570| 0 0 0
571| 0 0 0
572| 0 0 0
573| 0 0 0
574| 0 0 0
575| 0 0 0
576| 0 0 0
577| 0 0 0
578| 0 0 0
2335| 0 0 0
2336| 0 0 0
2337| 0 0 0
2338| 0 0 0
2339| 0 0 0
2340| 0 0 0
2341| 0 0 0
2342| 0 0 0
2343| 0 0 0
2344| 0 0 0
2345| 0 0 0
2346| 0 0 0
2347| 0 0 0
2348| 0 0 0
2349| 0 0 0
2350| 0 0 0
2351| 0 0 0
2352| 0 0 0
2353| 0 0 0
2354| 0 0 0
2355| 0 0 0
2356| 0 0 0
2357| 0 0 0
2358| 0 0 0
2359| 0 0 0
2360| 0 0 0
2361| 0 0 0
2362| 0 0 0
2363| 0 0 0
2364| 0 0 0
2365| 0 0 0
2366| 0 0 0
2367| 0 0 0
2368| 0 0 0
2369| 0 0 0
2370| 0 0 0
2371| 0 0 0
2372| 0 0 0
2373| 0 0 0
2374| 0 0 0
2375| 0 0 0
2376| 0 0 0
2377| 0 0 0
2378| 0 0 0
2379| 0 0 0
2380| 0 0 0
2381| 0 0 0
2382| 0 0 0
2383| 0 0 0
2384| 0 0 0
2385| 0 0 0
2386| 0 0 0
2387| 0 0 0
2388| 0 0 0
2389| 0 0 0
2390| 0 0 0
2391| 0 0 0
2392| 0 0 0
2393| 0 0 0
2394| 0 0 0
2395| 0 0 0
2396| 0 0 0
2397| 0 0 0
2398| 0 0 0
2399| 0 0 0
2400| 0 0 0
2401| 0 0 0
2402| 0 0 0
2403| 0 0 0
2404| 0 0 0
2405| 0 0 0
2406| 0 0 0
2407| 0 0 0
2408| 0 0 0
2409| 0 0 0
2410| 0 0 0
2411| 0 0 0
2412| 0 0 0
2413| 0 0 0
2414| 0 0 0
2415| 0 0 0
2416| 0 0 0
2417| 0 0 0
2418| 0 4 0
2419| 0 8 0
2420| 0 12 0
2421| 0 16 0
2422| 0 20 0
2423| 0 24 0
2424| 0 28 0
2425| 0 32 0
2426| 0 36 0
2427| 0 40 0
2428| 0 43,99999 0
2429| 0 47,99999 0
2430| 0 51,99999 0
2431| 0 55,99999 0
2432| 0 60 0
2433| 0 64 0
2434| 0 68 0
2435| 0 72 0
2436| 0,3 76,00001 0
2437| 0,6 80,00001 0
2438| 0,9 84,00001 0
2439| 1,2 88,00002 0
2440| 1,5 92,00002 0
2441| 1,8 96,00002 0
2442| 2,1 100 0
2443| 2,4 104 0
2444| 2,7 108 0
2445| 3 112 0
2446| 3,299999 116 0
2447| 3,599999 120 0
2448| 3,899999 124 0
2449| 4,2 128 0
2450| 4,5 132 0
2451| 4,8 136 0
2452| 5,1 140 0
2453| 5,4 144 0
2454| 5,7 148 0
2455| 6 152 0
2456| 6,300001 156 0
2457| 6,600001 160 0
2458| 6,900001 164 0
2459| 7,200001 168 0
2460| 7,500001 171,9999 0
2461| 7,800001 175,9999 0
2462| 8,1 179,9999 0
2463| 8,4 183,9999 0
2464| 8,7 187,9999 0
2465| 8,999999 191,9999 0
2466| 0 0 0
2467| 0 0 0
2468| 0 0 0
2469| 0 0 0
2470| 0 0 0
2471| 0 0 0
2472| 0 0 0
2473| 0 0 0
2474| 0 0 0
2475| 0 0 0
2476| 0 0 0
2477| 0 0 0
2478| 0 0 0
2479| 0 0 0
2480| 0 0 0
2481| 0 0 0
2482| 0 0 0
2483| 0 0 0
2484| 0 0 0
2485| 0 0 0
2486| 0 0 0
2487| 0 0 0
2488| 0 0 0
2489| 0 0 0
2490| 0 0 0
2491| 0 0 0
2492| 0 0 0
2493| 0 0 0
2494| 0 0 0
2495| 0 0 0
2496| 0 0 0
2497| 0 0 0
2498| 0 0 0
2499| 0 0 0
2500| 0 0 0
2501| 0 0 0
2502| 0 0 0
2503| 0 0 0
2504| 0 0 0
2505| 0 0 0
2506| 0 0 0
2507| 0 0 0
2508| 0 0 0
2509| 0 0 0
2510| 0 0 0
2511| 0 0 0
2512| 0 0 0
2513| 0 0 0
2514| 0 0 0
2515| 0 0 0
2516| 0 0 0
2517| 0 0 0
2518| 0 0 0
2519| 0 0 0
2520| 0 0 0
2521| 0 0 0
2522| 0 0 0
2523| 0 0 0
2524| 0 0 0
2525| 0 0 0
2526| 0 0 0
2527| 0 0 0
2528| 0 0 0
2529| 0 0 0
2530| 0 0 0
2531| 0 0 0
2532| 0 0 0
2533| 0 0 0
2534| 0 0 0
2535| 0 0 0
2536| 0 0 0
2537| 0 0 0
2538| 0 0 0
2539| 0 0 0
2540| 0 0 0
2541| 0 0 0
2542| 0 0 0
2543| 0 0 0
2544| 0 0 0
2545| 0 0 0
2546| 0 0 0
2547| 0 0 0
2548| 0 0 0
2549| 0 0 0
2550| 0 0 0
2551| 0 0 0
2552| 0 0 0
2553| 0 0 0
2554| 0 0 0
2555| 0 0 0
2556| 0 0 0
2557| 0 0 0
2558| 0 0 0
2559| 0 0 0
2560| 0 0 0
2561| 0 0 0
2562| 0 0 0
2563| 0 0 0
2564| 0 0 0
2565| 0 0 0
2566| 0 0 0
2567| 0 0 0
2568| 0 0 0
2569| 0 0 0
2570| 0 0 0
2571| 0 0 0
2572| 0 0 0
2573| 0 0 0
2574| 0 0 0
2575| 0 0 0
2576| 0 0 0
2577| 0 0 0
2578| 0 0 0
2579| 0 0 0
2580| 0 0 0
2581| 0 0 0
2582| 0 0 0
2583| 0 0 0
2584| 0 0 0
2585| 0 0 0
2586| 0 0 0
2587| 0 0 0
2588| 0 0 0
2589| 0 0 0
2590| 0 0 0
2591| 0 0 0
2592| 0 0 0
2593| 0 0 0
2594| 0 0 0
2595| 0 0 0
2596| 0 0 0
2597| 0 0 0
2598| 0 0 0
2599| 0 0 0
2600| 0 0 0
2601| 0 0 0
2602| 0 0 0
2603| 0 0 0
2604| 0 0 0
2605| 0 0 0
2606| 0 0 0
2607| 0 0 0
2608| 0 0 0
2609| 0 0 0
2610| 0 0 0
2611| 0 0 0
2612| 0 0 0
2613| 0 0 0
2614| 0 0 0
2615| 0 0 0
2616| 0 0 0
2617| 0 0 0
2618| 0 0 0
2619| 0 0 0
2620| 0 0 0
2621| 0 0 0
2622| 0 0 0
2623| 0 0 0
2624| 0 0 0
2625| 0 0 0
2626| 0 0 0
2627| 0 0 0
2628| 0 0 0
2629| 0 0 0
2630| 0 0 0
2631| 0 0 0
2632| 0 0 0
2633| 0 0 0
2634| 0 0 0
2635| 0 0 0
2636| 0 0 0
2637| 0 0 0
2638| 0 0 0
2639| 0 0 0
2640| 0 0 0
2641| 0 0 0
2642| 0 0 0
2875| 0 0 0
2876| 0 0 0
2877| 0 0 0
2878| 0 0 0
2879| 0 0 0
2880| 0 0 0
2881| 0 0 0
2882| 0 0 0
2883| 0 0 0
2884| 0 0 0
2885| 0 0 0
2886| 0 0 0
2887| 0 0 0
2888| 0 0 0
2889| 0 0 0
2890| 0 0 0
2891| 0 0 0
2892| 0 0 0
2893| 0 0 0
2894| 0 0 0
2895| 0 0 0
2896| 0 0 0
2897| 0 0 0
2898| 0 0 0
2899| 0 0 0
2900| 0 0 0
2901| 0 0 0
2902| 0 0 0
2903| 0 0 0
2904| 0 0 0
2905| 0 0 0
2906| 0 0 0
2907| 0 0 0
2908| 0 0 0
2909| 0 0 0
2910| 0 0 0
2911| 0 0 0
2912| 0 0 0
2913| 0 0 0
2914| 0 0 0
2915| 0 0 0
2916| 0 0 0
2917| 0 0 0
2918| 0 0 0
2919| 0 0 0
2920| 0 0 0
2921| 0 0 0
2922| 0 0 0
2923| 0 0 0
2924| 0 0 0
2925| 0 0 0
2926| 0 0 0
2927| 0 0 0
2928| 0 0 0
2929| 0 0 0
2930| 0 0 0
2931| 0 0 0
2932| 0 0 0
2933| 0 0 0
2934| 0 0 0
2935| 0 0 0
2936| 0 0 0
2937| 0 0 0
2938| 0 0 0
2939| 0 0 0
2940| 0 0 0
2941| 0 0 0
2942| 0 0 0
2943| 0 0 0
2944| 0 0 0
2945| 0 0 0
2946| 0 0 0
2947| 0 0 0
2948| 0 0 0
2949| 0 0 0
2950| 0 0 0
2951| 0 4 0
2952| 0 8 0
2953| 0 12 0
2954| 0 16 0
2955| 0 20 0
2956| 0 24 0
2957| 0 28 0
2958| 0 32 0
2959| 0 36 0
2960| 0 40 0
2961| 0 43,99999 0
2962| 0 47,99999 0
2963| 0,3 51,99999 0
2964| 0,6 55,99999 0
2965| 0,9 60 0
2966| 1,2 64 0
2967| 1,5 68 0
2968| 1,8 72 0
2969| 2,1 76,00001 0
2970| 2,4 80,00001 0
2971| 2,7 84,00001 0
2972| 2,7 88,00002 0
2973| 2,7 92,00002 0
2974| 2,7 96,00002 0
2975| 2,7 100 0
2976| 2,7 104 0
2977| 2,7 108 0
2978| 2,7 112 0
2979| 2,7 116 0
2980| 2,7 120 0
2981| 2,7 124 0
2982| 2,7 128 0
2983| 2,7 132 0
2984| 2,7 136 0
2985| 2,7 140 0
2986| 2,7 144 0
2987| 2,7 148 0
2988| 2,7 152 0
2989| 2,7 156 0
2990| 2,7 160 0
2991| 2,7 164 0
2992| 2,7 168 0
2993| 2,7 171,9999 0
2994| 2,7 175,9999 0
2995| 2,7 179,9999 0
2996| 2,7 183,9999 0
2997| 2,7 187,9999 0
2998| 2,7 191,9999 0
2999| 2,7 195,9999 0
3000| 2,7 199,9999 0
3001| 2,7 203,9999 0
3002| 2,7 207,9999 0
3003| 2,7 211,9999 0
3004| 2,7 215,9999 0
3005| 2,7 219,9999 0
3006| 2,7 223,9999 0
3007| 2,7 227,9999 0
3008| 2,7 231,9999 0
3009| 2,7 235,9999 0
3010| 2,7 239,9999 0
3011| 2,7 243,9999 0
3012| 2,7 247,9999 0
3013| 2,7 251,9999 0
3014| 2,7 255,9999 0
3015| 2,7 259,9999 0
3016| 2,7 263,9999 0
3017| 2,7 267,9999 0
3018| 0 0 0
3019| 0 0 0
3020| 0 0 0
3021| 0 0 0
3022| 0 0 0
3023| 0 0 0
3024| 0 0 0
3025| 0 0 0
3026| 0 0 0
3027| 0 0 0
3028| 0 0 0
3029| 0 0 0
3030| 0 0 0
3031| 0 0 0
3032| 0 0 0
3033| 0 0 0
3034| 0 0 0
3035| 0 0 0
3036| 0 0 0
3037| 0 0 0
3038| 0 4 0
3039| 0 8 0
3040| 0 12 0
3041| 0 16 0
3042| 0 20 0
3043| 0 24 0
3044| 0 28 0
3045| 0 32 0
3046| 0 36 0
3047| 0 40 0
3048| 0 43,99999 0
3049| 0 47,99999 0
3050| 0 51,99999 0
3051| 0 55,99999 0
3052| 0 60 0
3053| 0 64 0
3054| 0 68 0
3055| 0 72 0
3056| 0 76,00001 0
3057| 0 80,00001 0
3058| 0 84,00001 0
3059| 0 88,00002 0
3060| 0 92,00002 0
3061| 0 96,00002 0
3062| 0 100 0
3063| 0 104 0
3064| 0 108 0
3065| 0 112 0
3066| 0 116 0
3067| 0 120 0
3068| 0 124 0
3069| 0 128 0
3070| 0 132 0
3071| 0 136 0
3072| 0 140 0
3073| 0 144 0
3074| 0 148 0
3075| 0 152 0
3076| 0 156 0
3077| 0 160 0
3078| 0 164 0
3079| 0 168 0
3080| 0 171,9999 0
3081| 0 175,9999 0
3082| 0 179,9999 0
3083| 0 183,9999 0
3084| 0 187,9999 0
3085| 0 191,9999 0
3086| 0 195,9999 0
3087| 0 199,9999 0
3088| 0 203,9999 0
3089| 0 207,9999 0
3090| 0 211,9999 0
3091| 0,3 215,9999 0
3092| 0,6 219,9999 0
3093| 0,9 223,9999 0
3094| 1,2 227,9999 0
3095| 1,2 231,9999 0
3096| 1,2 235,9999 0
3097| 1,2 239,9999 0
3098| 1,2 243,9999 0
3099| 1,2 247,9999 0
3100| 1,2 251,9999 0
3101| 1,2 255,9999 0
3102| 1,2 259,9999 0
3103| 1,2 263,9999 0
3104| 1,2 267,9999 0
3105| 1,2 271,9998 0
3106| 1,2 275,9998 0
3107| 1,2 279,9998 0
3108| 1,2 283,9998 0
3109| 1,2 287,9998 0
3110| 1,2 291,9998 0
3111| 1,2 295,9998 0
3112| 1,2 299,9998 0
3113| 1,2 303,9998 0
3114| 1,2 307,9998 0
3115| 1,2 311,9998 0
3116| 1,2 315,9998 0
3117| 1,2 319,9998 0
3118| 1,2 323,9998 0
3119| 1,2 327,9998 0
3120| 1,2 331,9998 0
3121| 1,2 335,9998 0
3122| 1,2 339,9998 0
3123| 1,2 343,9998 0
3124| 1,2 347,9998 0
3125| 1,2 351,9998 0
3126| 1,2 355,9998 0
3127| 1,2 359,9998 0
3128| 1,2 363,9998 0
3129| 1,2 367,9998 0
3130| 1,2 371,9998 0
3131| 1,2 375,9998 0
3132| 1,2 379,9998 0
3133| 1,2 383,9998 0
3134| 1,2 387,9998 0
3135| 1,2 391,9998 0
3136| 0 0 0
3137| 0 0 0
3138| 0 0 0
3139| 0 0 0
3140| 0 0 0
3141| 0 0 0
3142| 0 0 0
3143| 0 0 0
3144| 0 0 0
3145| 0 0 0
3146| 0 0 0
3147| 0 0 0
3148| 0 0 0
3149| 0 0 0
3150| 0 0 0
3151| 0 0 0
3152| 0 0 0
3153| 0 0 0
3154| 0 0 0
3155| 0 0 0
3156| 0 0 0
3157| 0 0 0
3158| 0 0 0
3159| 0 0 0
3160| 0 0 0
3161| 0 0 0
3162| 0 0 0
3163| 0 4 0
3164| 0 8 0
3165| 0 12 0
3166| 0 16 0
3167| 0 20 0
3168| 0 24 0
3169| 0 28 0
3170| 0,3 32 0
3171| 0,6 36 0
3172| 0,9 40 0
3173| 1,2 43,99999 0
3174| 1,5 47,99999 0
3175| 1,8 51,99999 0
3176| 2,1 55,99999 0
3177| 2,4 60 0
3178| 2,7 64 0
3179| 2,7 68 0
3180| 2,7 72 0
3181| 2,7 76,00001 0
3182| 2,7 80,00001 0
3183| 2,7 84,00001 0
3184| 2,7 88,00002 0
3185| 2,7 92,00002 0
3186| 2,7 96,00002 0
3187| 2,7 100 0
3188| 3 104 0
3189| 3,299999 108 0
3190| 3,599999 112 0
3191| 3,899999 116 0
3192| 3,899999 120 0
3193| 3,899999 124 0
3194| 3,899999 128 0
3195| 3,899999 132 0
3196| 3,899999 136 0
3197| 3,899999 140 0
3198| 3,899999 144 0
3199| 3,899999 148 0
3200| 3,899999 152 0
3201| 3,899999 156 0
3202| 3,899999 160 0
3203| 3,899999 164 0
3204| 3,899999 168 0
3205| 3,899999 171,9999 0
3206| 3,899999 175,9999 0
3207| 3,899999 179,9999 0
3208| 3,899999 183,9999 0
3209| 3,899999 187,9999 0
3210| 3,899999 191,9999 0
3211| 3,899999 195,9999 0
3212| 3,899999 199,9999 0
3213| 3,899999 203,9999 0
3214| 3,899999 207,9999 0
3215| 3,899999 211,9999 0
3216| 3,899999 215,9999 0
3217| 3,899999 219,9999 0
3218| 3,899999 223,9999 0
3219| 3,899999 227,9999 0
3220| 3,899999 231,9999 0
3221| 3,899999 235,9999 0
3222| 3,899999 239,9999 0
3223| 3,899999 243,9999 0
3224| 3,899999 247,9999 0
3225| 3,899999 251,9999 0
3226| 3,899999 255,9999 0
3227| 3,899999 259,9999 0
3228| 3,899999 263,9999 0
3229| 3,899999 267,9999 0
3230| 3,899999 271,9998 0
3231| 3,899999 275,9998 0
3232| 3,899999 279,9998 0
3233| 3,899999 283,9998 0
3234| 3,899999 287,9998 0
3235| 3,899999 291,9998 0
3236| 0 0 0
3237| 0 0 0
3238| 0 0 0
3239| 0 0 0
3240| 0 0 0
3241| 0 0 0
3242| 0 0 0
3243| 0 0 0
3244| 0 0 0
3245| 0 0 0
3246| 0 0 0
3247| 0 0 0
3248| 0 0 0
3249| 0,3 0 0
3250| 0,6 0 0
3251| 0,9 0 0
3252| 1,2 0 0
3253| 1,5 0 0
3254| 1,8 0 0
3255| 2,1 0 0
3256| 2,4 0 0
3257| 2,7 0 0
3258| 3 0 0
3259| 3,299999 0 0
3260| 3,599999 0 0
3261| 3,899999 0 0
3262| 4,2 0 0
3263| 0 0 0
3264| 0 0 0
3265| 0 0 0
3266| 0 0 0
3267| 0 0 0
3268| 0 0 0
3269| 0,3 0 0
3270| 0,6 0 0
3271| 0,9 0 0
3272| 1,2 0 0
3273| 1,5 0 0
3274| 0 0 0
3275| 0 0 0
3276| 0 0 0
3277| 0 0 0
3278| 0 0 0
3279| 0 0 0
3280| 0 0 0
3281| 0 0 0
3282| 0 0 0
3283| 0 0 0
3284| 0 0 0
3285| 0 0 0
3286| 0 0 0
3287| 0 0 0
3288| 0 0 0
3289| 0 0 0
3290| 0 0 0
3291| 0 0 0
3292| 0 0 0
3293| 0 0 0
3294| 0 0 0
3295| 0 0 0
3296| 0 0 0
3297| 0 0 0
3298| 0 0 0
3299| 0 0 0
3300| 0 0 0
3301| 0 0 0
3302| 0 0 0
3303| 0 0 0
3304| 0 0 0
3305| 0 0 0
3306| 0 0 0
3307| 0 0 0
3308| 0,3 0 0
3309| 0,6 0 0
3310| 0,9 0 0
3311| 1,2 0 0
3312| 0 0 0
3313| 0 0 0
3314| 0 0 0
3315| 0 0 0
3316| 0 0 0
3317| 0 0 0
3318| 0 0 0
3319| 0 0 0
3320| 0 0 0
3321| 0 0 0
3322| 0 0 0
3323| 0 0 0
3324| 0 0 0
3325| 0 0 0
3326| 0,3 0 0
3327| 0,6 0 0
3328| 0,9 0 0
3329| 1,2 0 0
3330| 1,5 0 0
3331| 1,8 0 0
3332| 2,1 0 0
3333| 2,4 0 0
3334| 2,7 0 0
3335| 3 0 0
3336| 0 0 0
3337| 0 0 0
3338| 0 0 0
3339| 0 0 0
3340| 0 0 0
3341| 0 0 0
3342| 0,3 0 0
3343| 0,6 0 0
3344| 0,9 0 0
3345| 1,2 0 0
3346| 1,5 0 0
3347| 1,8 0 0
3348| 2,1 0 0
3349| 2,4 0 0
3350| 2,7 0 0
3351| 3 0 0
3352| 3,299999 0 0
3353| 3,599999 0 0
3354| 3,899999 0 0
3355| 4,2 0 0
3356| 4,5 0 0
3357| 4,8 0 0
3358| 5,1 0 0
3359| 5,4 0 0
3360| 5,7 0 0
3361| 6 0 0
3362| 6,300001 0 0
3363| 6,600001 0 0
3364| 6,900001 0 0
3365| 7,200001 0 0
3366| 7,500001 0 0
3367| 7,800001 0 0
3368| 8,1 0 0
3369| 8,4 0 0
3370| 8,7 0 0
3371| 8,999999 0 0
3372| 9,299999 0 0
3373| 9,599998 0 0
3374| 9,899999 0 0
3375| 10,2 0 0
3376| 10,5 0 0
3377| 10,8 0 0
3378| 11,1 0 0
3379| 11,4 0 0
3380| 11,7 0 0
3381| 12 0 0
3382| 12,3 0 0
3383| 12,6 0 0
3384| 12,9 0 0
3385| 13,2 0 0
3386| 13,5 0 0
3387| 13,79999 0 0
3388| 14,09999 0 0
3389| 14,39999 0 0
3390| 14,69999 0 0
3391| 14,99999 0 0
3392| 15,29999 0 0
3393| 15,59999 0 0
3394| 15,89999 0 0
3395| 16,19999 0 0
3396| 16,49999 0 0
3397| 16,79999 0 0
3398| 17,09999 0 0
3399| 17,39999 0 0
3400| 17,69999 0 0
3401| 17,99999 0 0
3402| 18,29999 0 0
3403| 18,59999 0 0
3404| 18,89999 0 0
3405| 19,19999 0 0
3406| 19,49999 0 0
3407| 19,79999 0 0
3408| 20,09999 0 0
3409| 20,39999 0 0
3410| 20,69999 0 0
3411| 20,99999 0 0
3412| 21,29999 0 0
3413| 21,59999 0 0
3414| 21,89999 0 0
3415| 22,19999 0 0
3416| 22,49999 0 0
3417| 22,79999 0 0
3418| 23,09999 0 0
3419| 23,39999 0 0
3420| 23,69999 0 0
3421| 23,99999 0 0
3422| 24,29999 0 0
3423| 24,59999 0 0
3424| 24,89998 0 0
3425| 25,19999 0 0
3426| 25,49998 0 0
3427| 25,79998 0 0
3428| 26,09998 0 0
3429| 26,39998 0 0
3430| 26,69998 0 0
3431| 26,99998 0 0
3432| 27,29998 0 0
3433| 27,59998 0 0
3434| 27,89998 0 0
3435| 28,19998 0 0
3436| 28,49998 0 0
3437| 28,79998 0 0
3438| 29,09998 0 0
3439| 29,39998 0 0
3440| 29,69998 0 0
3441| 29,99998 0 0
3442| 30 0 0
3443| 30 4 0
3444| 30 8 0
3445| 30 12 0
3446| 30 16 0
3447| 30 20 0
3448| 30 24 0
3449| 30 28 0
3450| 30 32 0
3451| 30 36 0
3452| 30 40 0
3453| 30 43,99999 0
3454| 30 47,99999 0
3455| 30 51,99999 0
3456| 30 55,99999 0
3457| 30 60 0
3458| 30 64 0
3459| 30 68 0
3460| 30 72 0
3461| 30 76,00001 0
3462| 30 80,00001 0
3463| 30 84,00001 0
3464| 0 88,00002 0
3465| 0 92,00002 0
3466| 0 96,00002 0
3467| 0 100 0
3468| 0 104 0
3469| 0 108 0
3470| 0,3 112 0
3471| 0,6 116 0
3472| 0,9 120 0
3473| 1,2 124 0
3474| 1,5 128 0
3475| 1,8 132 0
3476| 1,8 136 0
3477| 1,8 140 0
3478| 1,8 144 0
3479| 1,8 148 0
3480| 1,8 152 0
3481| 1,8 156 0
3482| 1,8 160 0
3483| 1,8 164 0
3484| 1,8 168 0
3485| 1,8 171,9999 0
3486| 2,1 175,9999 0
3487| 2,4 179,9999 0
3488| 2,7 183,9999 0
3489| 3 187,9999 0
3490| 3,299999 191,9999 0
3491| 3,599999 195,9999 0
3492| 3,599999 199,9999 0
3493| 3,599999 203,9999 0
3494| 3,599999 207,9999 0
3495| 3,599999 211,9999 0
3496| 0 0 0
3497| 0 0 0
3498| 0 0 0
3499| 0 0 0
3500| 0 0 0
3501| 0 0 0
3502| 0 0 0
3503| 0 0 0
3504| 0 0 0
3505| 0 0 0
3506| 0 0 0
3507| 0 0 0
3508| 0 0 0
3509| 0 0 0
3510| 0 0 0
3511| 0 0 0
3512| 0 0 0
3513| 0 0 0
3514| 0 0 0
3515| 0 0 0
3516| 0 0 0
3517| 0 0 0
3518| 0 0 0
3519| 0 0 0
3520| 0 0 0
3521| 0 0 0
3522| 0 0 0
3523| 0 0 0
3524| 0 0 0
3525| 0 0 0
3526| 0 0 0
3527| 0 0 0
3528| 0 0 0
3529| 0 0 0
3530| 0 0 0
3531| 0 0 0
3532| 0 0 0
3533| 0 0 0
3534| 0 0 0
3535| 0 0 0
3536| 0 0 0
3537| 0 0 0
3538| 0 0 0
3539| 0 0 0
3540| 0 0 0
3541| 0 0 0
3542| 0 0 0
3543| 0 0 0
3544| 0 0 0
3545| 0 0 0
3546| 0 0 0
3547| 0 0 0
3548| 0 0 0
3549| 0 0 0
3550| 0 0 0
3551| 0 0 0
3552| 0 0 0
3553| 0 0 0
3554| 0 0 0
3555| 0 0 0
3556| 0 0 0
3557| 0 0 0
3558| 0 0 0
3559| 0 0 0
3560| 0 0 0
3561| 0 0 0
3562| 0 0 0
3563| 0 0 0
3564| 0 0 0
3565| 0,3 0 0
3566| 0,6 0 0
3567| 0,9 0 0
3568| 1,2 0 0
3569| 1,5 0 0
3570| 1,8 0 0
3571| 2,1 0 0
3572| 2,4 0 0
3573| 2,7 0 0
3574| 3 0 0
3575| 3,299999 0 0
3576| 3,599999 0 0
3577| 3,899999 0 0
3578| 4,2 0 0
3579| 4,5 0 0
3580| 4,8 0 0
3581| 5,1 0 0
3582| 5,4 0 0
3583| 5,7 0 0
3584| 6 0 0
3585| 6,300001 0 0
3586| 6,600001 0 0
3587| 6,900001 0 0
3588| 7,200001 0 0
3589| 7,500001 0 0
3590| 7,800001 0 0
3591| 8,1 0 0
3592| 8,4 0 0
3593| 8,7 0 0
3594| 8,999999 0 0
3595| 9,299999 0 0
3596| 9,599998 0 0
3597| 9,899999 0 0
3598| 10,2 0 0
3599| 10,5 0 0
3600| 10,8 0 0
3601| 11,1 0 0
3602| 11,4 0 0
3603| 11,7 0 0
3604| 12 0 0
3605| 12,3 0 0
3606| 12,6 0 0
3607| 12,9 0 0
3608| 13,2 0 0
3609| 13,5 0 0
3610| 13,79999 0 0
3611| 14,09999 0 0
3612| 14,39999 0 0
3613| 14,69999 0 0
3614| 14,99999 0 0
3615| 15,29999 0 0
3616| 15,59999 0 0
3617| 15,89999 0 0
3618| 16,19999 0 0
3619| 16,49999 0 0
3620| 16,79999 0 0
3621| 17,09999 0 0
3622| 0 0 0
3623| 0 0 0
3624| 0 0 0
3625| 0 0 0
3626| 0 0 0
3627| 0 0 0
3628| 0 0 0
3629| 0 0 0
3630| 0 0 0
3631| 0 0 0
3632| 0 0 0
3633| 0 0 0
3634| 0 0 0
3635| 0 0 0
3636| 0 0 0
3637| 0 0 0
3638| 0 0 0
3639| 0 0 0
3640| 0 0 0
3641| 0 0 0
3642| 0 0 0
3643| 0 0 0
3644| 0 0 0
3645| 0 0 0
3646| 0 0 0
3647| 0 0 0
3648| 0 0 0
3649| 0 0 0
3650| 0 0 0
3651| 0 0 0
3652| 0 0 0
3653| 0 0 0
3654| 0 0 0
3655| 0 0 0
3656| 0 0 0
3657| 0 0 0
3658| 0 0 0
3659| 0 0 0
3660| 0 0 0
3661| 0 0 0
3662| 0 0 0
3663| 0 0 0
3664| 0 0 0
3665| 0 0 0
3666| 0 0 0
3667| 0 0 0
3668| 0 0 0
3669| 0 0 0
3670| 0 0 0
3671| 0 0 0
3672| 0 0 0
3673| 0 0 0
3674| 0 0 0
3675| 0 0 0
3676| 0 0 0
3677| 0 0 0
3678| 0 0 0
3679| 0 0 0
3680| 0 0 0
3681| 0 0 0
3682| 0 0 0
3683| 0 0 0
3684| 0 0 0
3685| -0,3 0 0
3686| -0,6 0 0
3687| -0,9 0 0
3688| -1,2 0 0
3689| -1,5 0 0
3690| -1,8 0 0
3691| -2,1 0 0
3692| -2,4 0 0
3693| -2,7 0 0
3694| -3 0 0
3695| -3,299999 0 0
3696| -3,599999 0 0
3697| -3,899999 0 0
3698| -4,2 0 0
3699| -4,5 0 0
3700| -4,8 0 0
3701| -5,1 0 0
3702| -5,4 0 0
3703| -5,7 0 0
3704| -6 0 0
3705| -6,300001 0 0
3706| -6,600001 0 0
3707| -6,900001 0 0
3708| -7,200001 0 0
3709| -7,500001 0 0
3710| -7,800001 0 0
3711| -8,1 0 0
3712| -8,4 0 0
3713| 0 0 0
3714| 0 0 0
3715| 0 0 0
3716| 0 0 0
3717| 0 0 0
3718| 0 0 0
3719| 0 0 0
3720| 0 0 0
3721| 0 0 0
3722| 0 0 0
3723| 0 0 0
3724| 0 0 0
3725| 0 0 0
3726| 0 0 0
3727| 0 0 0
3728| 0 0 0
3729| 0 0 0
3730| 0 0 0
3731| 0 0 0
3732| 0 0 0
3733| 0 0 0
3734| 0 0 0
3735| 0 0 0
3736| 0 0 0
3737| 0 0 0
3738| 0 0 0
3739| 0 0 0
3740| 0 0 0
3741| 0 0 0
3742| 0 0 0
3743| 0 0 0
3744| 0 0 0
3745| 0 0 0
3746| 0 0 0
3747| 0 0 0
3748| 0 0 0
3749| 0 0 0
3750| 0 0 0
3751| 0 0 0
3752| 0 0 0
3753| 0 0 0
3754| 0 0 0
3755| 0 0 0
3756| 0 0 0
3757| 0 0 0
3758| 0 0 0
3759| 0 0 0
3760| 0 0 0
3761| 0 0 0
3762| 0 0 0
3763| 0 0 0
3764| 0 0 0
3765| 0 0 0
3766| 0 0 0
3767| 0 0 0
3768| 0 0 0
3769| 0 0 0
3770| 0 0 0
3771| 0 0 0
3772| 0 0 0
3773| 0 0 0
3774| 0 0 0
3775| 0 0 0
3776| 0 0 0
3777| 0 0 0
3778| 0 0 0
3779| 0 0 0
3780| 0 0 0
3781| 0 0 0
3782| 0 0 0
3783| 0 0 0
3784| 0 0 0
3785| 0 0 0
3786| 0 0 0
3787| 0 0 0
3788| 0 0 0
3789| 0 0 0
3790| 0 0 0
3791| 0 0 0
3792| 0 0 0
3793| 0 0 0
3794| 0 0 0
3795| 0 0 0
3796| 0 0 0
3797| 0 0 0
3798| 0 0 0
3799| 0 0 0
3800| 0 0 0
3801| 0 0 0
3802| 0 0 0
3803| 0 0 0
3804| 0 0 0
3805| 0 0 0
3806| 0 0 0
3807| 0 0 0
3808| 0 0 0
3809| 0 0 0
3810| 0 0 0
3811| 0 0 0
3812| 0 0 0
3813| 0 0 0
3814| 0 0 0
3815| 0 0 0
3816| 0 0 0
3817| 0 0 0
3818| 0 0 0
3819| 0 0 0
3820| 0 0 0
3821| 0 0 0
3822| 0 0 0
3823| 0 0 0
3824| 0 0 0
3825| 0 0 0
3826| 0 0 0
3827| 0 0 0
3828| 0 0 0
3829| 0 0 0
3830| 0 0 0
3831| 0 0 0
3832| 0 0 0
3833| 0 0 0
3834| 0 0 0
3835| 0 0 0
3836| 0 0 0
3837| 0 0 0
3838| 0 0 0
3839| 0 0 0
3840| 0 0 0
3841| 0 0 0
3842| 0 0 0
3843| 0 0 0
3844| 0 0 0
3845| 0 0 0
3846| 0 0 0
3847| 0 0 0
3848| 0 0 0
3849| 0 0 0
3850| 0 0 0
3851| 0 0 0
3852| 0 0 0
3853| 0 0 0
3854| 0 0 0
3855| 0 0 0
3856| 0 0 0
3857| 0 0 0
3858| 0 0 0
3859| 0 0 0
3860| 0 0 0
3861| 0 0 0
3862| 0 0 0
3863| 0 0 0
3864| 0 0 0
3865| 0 0 0
3866| 0 0 0
3867| 0 0 0
3868| 0 0 0
3869| 0 0 0
3870| 0 0 0
3871| 0 0 0
3872| 0 0 0
3873| 0 0 0
3874| 0 0 0
3875| 0 0 0
3876| 0 0 0
3877| 0 0 0
3878| 0 0 0
3879| 0 0 0
3880| 0 0 0
3881| 0 0 0
3882| 0 0 0
3883| 0 0 0
3884| 0 0 0
3885| 0 0 0
3886| 0 0 0
3887| 0 0 0
3888| 0 0 0
3889| 0 0 0
3890| 0 0 0
3891| 0 0 0
3892| 0 0 0
3893| 0 0 0
3894| 0 0 0
3895| 0 0 0
3896| 0 0 0
3897| 0 0 0
3898| 0 0 0
3899| 0 0 0
3900| 0 0 0
3901| 0 0 0
3902| 0 0 0
3903| 0 0 0
3904| 0 0 0
3905| 0 0 0
3906| 0 0 0
3907| 0 0 0
3908| 0 0 0
3909| 0 0 0
3910| 0 0 0
3911| 0 0 0
3912| 0 0 0
3913| 0 0 0
3914| 0 0 0
3915| 0 0 0
3916| 0 0 0
3917| 0 0 0
3918| 0 0 0
3919| 0 0 0
3920| 0 0 0
3921| 0 0 0
3922| 0 0 0
3923| 0 0 0
3924| 0 0 0
3925| 0 0 0
3926| 0 0 0
3927| 0 0 0
3928| 0 0 0
3929| 0 0 0
3930| 0 0 0
3931| 0 0 0
3932| 0 0 0
3933| 0 0 0
3934| 0 0 0
3935| 0 0 0
3936| 0 0 0
3937| 0 0 0
3938| 0 0 0
3939| 0 0 0
3940| 0 0 0
3941| 0 0 0
3942| 0 0 0
3943| 0 0 0
3944| 0 0 0
3945| 0 0 0
3946| 0 0 0
3947| 0 0 0
3948| 0 0 0
3949| 0 0 0
3950| 0 0 0
3951| 0 0 0
3952| 0 0 0
3953| 0 0 0
3954| 0 0 0
3955| 0 0 0
3956| 0 0 0
3957| 0 0 0
3958| 0 0 0
3959| 0 0 0
3960| 0 0 0
3961| 0 0 0
3962| 0 0 0
3963| 0 0 0
3964| 0 0 0
3965| 0 0 0
3966| 0 0 0
3967| 0 0 0
3968| 0 0 0
3969| 0 0 0
3970| 0 0 0
3971| 0 0 0
3972| 0 0 0
3973| 0 0 0
3974| 0 0 0
3975| 0 0 0
3976| 0 0 0
3977| 0 0 0
3978| 0 0 0
3979| 0 0 0
3980| 0 0 0
3981| 0 0 0
3982| 0 0 0
3983| 0 0 0
3984| 0 0 0
3985| 0 0 0
3986| 0 0 0
3987| 0 0 0
3988| 0 0 0
3989| 0 0 0
3990| 0 0 0
3991| 0 0 0
3992| 0 0 0
3993| 0 0 0
3994| 0 0 0
3995| 0 0 0
3996| 0 0 0
3997| 0 0 0
3998| 0 0 0
3999| 0 0 0
4000| 0 0 0
4001| 0 0 0
4002| 0 0 0
4003| 0 0 0
4004| 0 0 0
4005| 0 0 0
4006| 0 0 0
4007| 0 0 0
4008| 0 0 0
4009| 0 0 0
4010| 0 0 0
4011| 0 0 0
4012| 0 0 0
4013| 0 0 0
4014| 0 0 0
4015| 0 0 0
4016| 0 0 0
4017| 0 0 0
4018| 0 0 0
4019| 0 0 0
4020| 0 0 0
4021| 0 0 0
4022| 0 0 0
4023| 0 0 0
4024| 0 0 0
4025| 0 0 0
4026| 0 0 0
4027| 0 0 0
4028| 0 0 0
4029| 0 0 0
4030| 0 0 0
4031| 0 0 0
4032| 0 0 0
4033| 0 0 0
4034| 0 0 0
4035| 0 0 0
4036| 0 0 0
4037| 0 0 0
4038| 0 0 0
4039| 0 0 0
4040| 0 0 0
4041| 0 0 0
4042| 0 0 0
4043| 0 0 0
4044| 0 0 0
4045| 0 0 0
4046| 0 0 0
4047| 0 0 0
4048| 0 0 0
4049| 0 0 0
4050| 0 0 0
4051| 0 0 0
4052| 0 0 0
4053| 0 0 0
4054| 0 0 0
4055| 0 0 0
4056| 0 0 0
4057| 0 0 0
4058| 0 0 0
4059| 0 0 0
4060| 0 0 0
4061| 0 0 0
4062| 0 0 0
4063| 0 0 0
4064| 0 0 0
4065| 0 0 0
4066| 0 0 0
4067| 0 0 0
4068| 0 0 0
4069| 0 0 0
4070| 0 0 0
4071| 0 0 0
4072| 0 0 0
4073| 0 0 0
4074| 0 0 0
4075| 0 0 0
4076| 0 0 0
4077| 0 0 0
4078| 0 0 0
4079| 0 0 0
4080| 0 0 0
4081| 0 0 0
4082| 0 0 0
4083| 0 0 0
4084| 0 0 0
4085| 0 0 0
4086| 0 0 0
4087| 0 0 0
4088| 0 0 0
4089| 0 0 0
4090| 0 0 0
4091| 0 0 0
4092| 0 0 0
4093| 0 0 0
4094| 0 0 0
4095| 0 0 0
4096| 0 0 0
4097| 0 0 0
4098| 0 0 0
4099| 0 0 0
4100| 0 0 0
4101| 0 0 0
4102| 0 0 0
4103| 0 0 0
4104| 0 0 0
4105| 0 0 0
4106| 0 0 0
4107| 0 0 0
4108| 0 0 0
4109| 0 0 0
4110| 0 0 0
4111| 0 0 0
4112| 0 0 0
4113| 0 0 0
4114| 0 0 0
4115| 0 0 0
4116| 0 0 0
4117| 0 0 0
4118| 0 0 0
4119| 0 0 0
4120| 0 0 0
4121| 0 0 0
4122| 0 0 0
4123| 0 0 0
4124| 0 0 0
4125| 0 0 0
4126| 0 0 0
4127| 0 0 0
4128| 0 0 0
4129| 0 0 0
4130| 0 0 0
4131| 0 0 0
4132| 0 0 0
4133| 0 0 0
4134| 0 0 0
4135| 0 0 0
4136| 0 0 0
4137| 0 0 0
4138| 0 0 0
4139| 0 0 0
4140| 0 0 0
4141| 0 0 0
4142| 0 0 0
4143| 0 0 0
4144| 0 0 0
4145| 0 0 0
4146| 0 0 0
4147| 0 0 0
4148| 0 0 0
4149| 0 0 0
4150| 0 0 0
4151| 0 0 0
4152| 0 0 0
4153| 0 0 0
4154| 0 0 0
4155| 0 0 0
4156| 0 0 0
4157| 0 0 0
4158| 0 0 0
4159| 0 0 0
4160| 0 0 0
4161| 0 0 0
4162| 0 0 0
4163| 0 0 0
4164| 0 0 0
4165| 0 0 0
4166| 0 0 0
4167| 0 0 0
4168| 0 0 0
4169| 0 0 0
4170| 0 0 0
4171| 0 0 0
4172| 0 0 0
4173| 0 0 0
4174| 0 0 0
4175| 0 0 0
4176| 0 0 0
4177| 0 0 0
4178| 0 0 0
4179| 0 0 0
4180| 0 0 0
4181| 0 0 0
4182| 0 0 0
4183| 0 0 0
4184| 0 0 0
4185| 0 0 0
4186| 0 0 0
4187| 0 0 0
4188| 0 0 0
4189| 0 0 0
4190| 0 0 0
4191| 0 0 0
4192| 0 0 0
4193| 0 0 0
4194| 0 0 0
4195| 0 0 0
4196| 0 0 0
4197| 0 0 0
4198| 0 0 0
4199| 0 0 0
4200| 0 0 0
4201| 0 0 0
4202| 0 0 0
4203| 0 0 0
4204| 0 0 0
4205| 0 0 0
4206| 0 0 0
4207| 0 0 0
4208| 0 0 0
4209| 0 0 0
4210| 0 0 0
4211| 0 0 0
4212| 0 0 0
4213| 0 0 0
4214| 0 0 0
4215| 0 0 0
4216| 0 0 0
4217| 0 0 0
4218| 0 0 0
4219| 0 0 0
4220| 0 0 0
4221| 0 0 0
4222| 0 0 0
4223| 0 0 0
4224| 0 0 0
4225| 0 0 0
4226| 0 0 0
4227| 0 0 0
4228| 0 0 0
4229| 0 0 0
4230| 0 0 0
4231| 0 0 0
4232| 0 0 0
4233| 0 0 0
4234| 0 0 0
4235| 0 0 0
4236| 0 0 0
4237| 0 0 0
4238| 0 0 0
4239| 0 0 0
4240| 0 0 0
4241| 0 0 0
4242| 0 0 0
4243| 0 0 0
4244| 0 0 0
4245| 0 0 0
4246| 0 0 0
4247| 0 0 0
4248| 0 0 0
4249| 0 0 0
4250| 0 0 0
4251| 0 0 0
4252| 0 0 0
4253| 0 0 0
4254| 0 0 0
4255| 0 0 0
4256| 0 0 0
4257| 0 0 0
4258| 0 0 0
4259| 0 0 0
4260| 0 0 0
4261| 0 0 0
4262| 0 0 0
4263| 0 0 0
4264| 0 0 0
4265| 0 0 0
4266| 0 0 0
4267| 0 0 0
4268| 0 0 0
4269| 0 0 0
4270| 0 0 0
4271| 0 0 0
4272| 0 0 0
4273| 0 0 0
4274| 0 0 0
4275| 0 0 0
4276| 0 0 0
4277| 0 0 0
4278| 0 0 0
4279| 0 0 0
4280| 0 0 0
4281| 0 0 0
4282| 0 0 0
4283| 0 0 0
4284| 0 0 0
4285| 0 0 0
4286| 0 0 0
4287| 0 0 0
4288| 0 0 0
4289| 0 0 0
4290| 0 0 0
4291| 0 0 0
4292| 0 0 0
4293| 0 0 0
4294| 0 0 0
4295| 0 0 0
4296| 0 0 0
4297| 0 0 0
4298| 0 0 0
4299| 0 0 0
4300| 0 0 0
4301| 0 0 0
4302| 0 0 0
4303| 0 0 0
4304| 0 0 0
4305| 0 0 0
4306| 0 0 0
4307| 0 0 0
4308| 0 0 0
4309| 0 0 0
4310| 0 0 0
4311| 0 0 0
4312| 0 0 0
4313| 0 0 0
4314| 0 0 0
4315| 0 0 0
4316| 0 0 0
4317| 0 0 0
4318| 0 0 0
4319| 0 0 0
4320| 0 0 0
4321| 0 0 0
4322| 0 0 0
4323| 0 0 0
4324| 0 0 0
4325| 0 0 0
4326| 0 0 0
4327| 0 0 0
4328| 0 0 0
4329| 0 0 0
4330| 0 0 0
4331| 0 0 0
4332| 0 0 0
4333| 0 0 0
4334| 0 0 0
4335| 0 0 0
4336| 0 0 0
4337| 0 0 0
4338| 0 0 0
4339| 0 0 0
4340| 0 0 0
4341| 0 0 0
4342| 0 0 0
4343| 0 0 0
4344| 0 0 0
4345| 0 0 0
4346| 0 0 0
4347| 0 0 0
4348| 0 0 0
4349| 0 0 0
4350| 0 0 0
4351| 0 0 0
4352| 0 0 0
4353| 0 0 0
4354| 0 0 0
4355| 0 0 0
4356| 0 0 0
4357| 0 0 0
4358| 0 0 0
4359| 0 0 0
4360| 0 0 0
4361| 0 0 0
4362| 0 0 0
4363| 0 0 0
4364| 0 0 0
4365| 0 0 0
4366| 0 0 0
4367| 0 0 0
4368| 0 0 0
4369| 0 0 0
4370| 0 0 0
4371| 0 0 0
4372| 0 0 0
4373| 0 0 0
4374| 0 0 0
4375| 0 0 0
4376| 0 0 0
4377| 0 0 0
4378| 0 0 0
4379| 0 0 0
4380| 0 0 0
4381| 0 0 0
4382| 0 0 0
4383| 0 0 0
4384| 0 0 0
4385| 0 0 0
4386| 0 0 0
4387| 0 0 0
4388| 0 0 0
4389| 0 0 0
4390| 0 0 0
4391| 0 0 0
4392| 0 0 0
4393| 0,3 0 0
4394| 0,6 0 0
4395| 0,9 0 0
4396| 1,2 0 0
4397| 1,5 0 0
4398| 1,8 0 0
4399| 2,1 0 0
4400| 2,4 0 0
4401| 2,7 0 0
4402| 3 0 0
4403| 3,299999 0 0
4404| 3,599999 0 0
4405| 3,899999 0 0
4406| 4,2 0 0
4407| 4,5 0 0
4408| 4,8 0 0
4409| 5,1 0 0
4410| 5,4 0 0
4411| 5,7 0 0
4412| 6 0 0
4413| 6,300001 0 0
4414| 6,600001 0 0
4415| 6,900001 0 0
4416| 7,200001 0 0
4417| 7,500001 0 0
4418| 7,800001 0 0
4419| 8,1 0 0
4420| 8,4 0 0
4421| 8,7 0 0
4422| 8,999999 0 0
4423| 9,299999 0 0
4424| 9,599998 0 0
4425| 9,899999 0 0
4426| 10,2 0 0
4427| 10,5 0 0
4428| 10,8 0 0
4429| 11,1 0 0
4430| 11,4 0 0
4431| 11,7 0 0
4432| 12 0 0
4433| 12,3 0 0
4434| 12,6 0 0
4435| 12,9 0 0
4436| 13,2 0 0
4437| 13,5 0 0
4438| 13,79999 0 0
4439| 14,09999 0 0
4440| 14,39999 0 0
4441| 14,69999 0 0
4442| 14,99999 0 0
4443| 15,29999 0 0
4444| 15,59999 0 0
4445| 15,89999 0 0
4446| 16,19999 0 0
4447| 16,49999 0 0
4448| 16,79999 0 0
4449| 17,09999 0 0
4450| 17,39999 0 0
4451| 17,69999 0 0
4452| 17,99999 0 0
4453| 18,29999 0 0
4454| 18,59999 0 0
4455| 18,89999 0 0
4456| 19,19999 0 0
4457| 19,49999 0 0
4458| 19,79999 0 0
4459| 20,09999 0 0
4460| 20,39999 0 0
4461| 20,69999 0 0
4462| 20,99999 0 0
4463| 21,29999 0 0
4464| 21,59999 0 0
4465| 21,89999 0 0
4466| 22,19999 0 0
4467| 22,49999 0 0
4468| 22,79999 0 0
4469| 23,09999 0 0
4470| 23,39999 0 0
4471| 23,69999 0 0
4472| 23,99999 0 0
4473| 24,29999 0 0
4474| 24,59999 0 0
4475| 24,89998 0 0
4476| 25,19999 0 0
4477| 25,49998 0 0
4478| 25,79998 0 0
4479| 26,09998 0 0
4480| 26,39998 0 0
4481| 26,69998 0 0
4482| 0 0 0
4483| 0 0 0
4484| 0 0 0
4485| 0 0 0
4486| 0 0 0
4487| 0 0 0
4488| 0 0 0
4489| 0 0 0
4490| 0 0 0
4491| 0 0 0
4492| 0 0 0
4493| 0 0 0
4494| 0 0 0
4495| 0 0 0
4496| 0 0 0
4497| 0 0 0
4498| 0 0 0
4499| 0 0 0
4500| 0 0 0
4501| 0 0 0
4502| 0 0 0
4503| 0 0 0
4504| 0 0 0
4505| 0 0 0
4506| 0 0 0
4507| 0 0 0
4508| 0 0 0
4509| 0 0 0
4510| 0 0 0
4511| 0 0 0
4512| 0 0 0
4513| 0 0 0
4514| 0 0 0
4515| 0 0 0
4516| 0 0 0
4517| 0 0 0
4518| 0 0 0
4519| 0 0 0
4520| 0 0 0
4521| 0 0 0
4522| 0 0 0
4523| 0 0 0
4524| 0 0 0
4525| 0 0 0
4526| 0 0 0
4527| 0 0 0
4528| 0 0 0
4529| 0 0 0
4530| 0 0 0
4531| 0 0 0
4532| 0 0 0
4533| 0 0 0
4534| 0 0 0
4535| 0 0 0
4536| 0 0 0
4537| 0 0 0
4538| 0 0 0
4539| 0 0 0
4540| 0 0 0
4541| 0 0 0
4542| 0 0 0
4543| 0 0 0
4544| 0 0 0
4545| 0 0 0
4546| 0 0 0
4547| 0 0 0
4548| 0 0 0
4549| 0 0 0
4550| 0 0 0
4551| 0 0 0
4552| 0 0 0
4553| 0 0 0
4554| 0 0 0
4555| 0 0 0
4556| 0 0 0
4557| 0 0 0
4558| 0 0 0
4559| 0 0 0
4560| 0 0 0
4561| 0 0 0
4562| 0 0 0
4563| 0 0 0
4564| 0 0 0
4565| 0 0 0
4566| 0 0 0
4567| 0 0 0
4568| 0 0 0
4569| 0 0 0
4570| 0 0 0
4571| 0 0 0
4572| 0 0 0
4573| 0 0 0
4574| 0 0 0
4575| 0 0 0
4576| 0 0 0
4577| 0 0 0
4578| 0 0 0
4579| 0 0 0
4580| 0 0 0
4581| 0 0 0
4582| 0 0 0
4583| 0 0 0
4584| 0 0 0
4585| 0 0 0
4586| 0 0 0
4587| 0 0 0
4588| 0 0 0
4589| 0 0 0
4590| 0 0 0
4591| 0 0 0
4592| 0 0 0
4593| 0 0 0
4594| 0 0 0
4595| 0 0 0
4596| 0 0 0
4597| 0 0 0
4598| 0 0 0
4599| 0 0 0
4600| 0 0 0
4601| 0 0 0
4602| 0 0 0
4603| 0 0 0
4604| 0 0 0
4605| 0 0 0
4606| 0 0 0
4607| 0 0 0
4608| 0 0 0
4609| 0 0 0
4610| 0 0 0
4611| 0 0 0
4612| 0 0 0
4613| 0 0 0
4614| 0 0 0
4615| 0 0 0
4616| 0 0 0
4617| 0 0 0
4618| 0 0 0
4619| 0 0 0
4620| 0 0 0
4621| 0 0 0
4622| 0 0 0
4623| 0 0 0
4624| 0 0 0
4625| 0 0 0
4626| 0 0 0
4627| 0 0 0
4628| 0 0 0
4629| 0 0 0
4630| 0 0 0
4631| 0 0 0
4632| 0 0 0
4633| 0 0 0
4634| 0 0 0
4635| 0 0 0
4636| 0 0 0
4637| 0 0 0
4638| 0 0 0
4639| 0 0 0
4640| 0 0 0
4641| 0 0 0
4642| 0 0 0
4643| 0 0 0
4644| 0 0 0
4645| 0 0 0
4646| 0 0 0
4647| 0 0 0
4648| 0 0 0
4649| 0 0 0
4650| 0 0 0
4651| 0 0 0
4652| 0 0 0
4653| 0 0 0
4654| 0 0 0
4655| 0 0 0
4656| 0 0 0
4657| 0 0 0
4658| 0 0 0
4659| 0 0 0
4660| 0 0 0
4661| 0 0 0
4662| 0 0 0
4663| 0 0 0
4664| 0 0 0
4665| 0 0 0
4666| 0 0 0
4667| 0 0 0
4668| 0 0 0
4669| 0 0 0
4670| 0 0 0
4671| 0 0 0
4672| 0 0 0
4673| 0 0 0
4674| 0 0 0
4675| 0 0 0
4676| 0 0 0
4677| 0 0 0
4678| 0 0 0
4679| 0 0 0
4680| 0 0 0
4681| 0 0 0
4682| 0 0 0
4683| 0 0 0
4684| 0 0 0
4685| 0 0 0
4686| 0 0 0
4687| 0 0 0
4688| 0 0 0
4689| 0 0 0
4690| 0 0 0
4691| 0 0 0
4692| 0 0 0
4693| 0 0 0
4694| 0 0 0
4695| 0 0 0
4696| 0 0 0
4697| 0 0 0
4698| 0 0 0
4699| 0 0 0
4700| 0 0 0
4701| 0 0 0
4702| 0 0 0
4703| 0 0 0
4704| 0 0 0
4705| 0 0 0
4706| 0 0 0
4707| 0 0 0
4708| 0 0 0
4709| 0 0 0
4710| 0 0 0
4711| 0 0 0
4712| 0 0 0
4713| 0 0 0
4714| 0 0 0
4715| 0 0 0
4716| 0 0 0
4717| 0 0 0
4718| 0 0 0
4719| 0 0 0
4720| 0 0 0
4721| 0 0 0
4722| 0 0 0
4723| 0 0 0
4724| 0 0 0
4725| 0 0 0
4726| 0 0 0
4727| 0 0 0
4728| 0 0 0
4729| 0 0 0
4730| 0 0 0
4731| 0 0 0
4732| 0 0 0
4733| 0 0 0
4734| 0 0 0
4735| 0 0 0
4736| 0 0 0
4737| 0 0 0
4738| 0 0 0
4739| 0 0 0
4740| 0 0 0
4741| 0 0 0
4742| 0 0 0
4743| 0 0 0
4744| 0 0 0
4745| 0 0 0
4746| 0 0 0

