1| 0 0 0
2| 0 0 0
3| 0 0 0
4| 0 0 0
5| 0 0 0
6| 0 0 0
7| 0 0 0
8| 0 0 0
9| 0 0 0
10| 0 0 0
11| 0 0 0
12| 0 0 0
13| 0 0 0
14| 0 0 0
15| 0 0 0
16| 0 0 0
17| 0 0 0
18| 0 0 0
19| 0 0 0
20| 0 0 0
21| 0 0 0
22| 0 0 0
23| 0 0 0
24| 0 0 0
25| 0 0 0
26| 0 0 0
27| 0 0 0
28| 0 0 0
29| 0 0 0
30| 0 0 0
31| 0 0 0
32| 0 0 0
33| 0 0 0
34| 0 0 0
35| 0 0 0
36| 0 0 0
37| 0 0 0
38| 0 0 0
39| 0 0 0
40| 0 0 0
41| 0 0 0
42| 0 0 0
43| 0 0 0
44| 0 0 0
45| 0 0 0
46| 0 0 0
47| 0 0 0
48| 0 0 0
49| 0 0 0
50| 0 0 0
51| 0 0 0
52| 0 0 0
53| 0 0 0
54| 0 0 0
55| 0 0 0
56| 0 0 0
57| 0 0 0
58| 0 0 0
59| 0 0 0
60| 0 0 0
61| 0 0 0
62| 0 0 0
63| 0 0 0
64| 0 0 0
65| 0 0 0
66| 0 0 0
67| 0 0 0
68| 0 0 0
69| 0 4 0
70| 0 8 0
71| 0 12 0
72| 0 16 0
73| 0 20 0
74| 0 24 0
75| 0 28 0
76| 0 32 0
77| 0 36 0
78| 0 40 0
79| 0 43,99999 0
80| 0 47,99999 0
81| 0 51,99999 0
82| 0 55,99999 0
83| 0 60 0
84| 0 64 0
85| 0 68 0
86| 0 72 0
87| 0 76,00001 0
88| 0 80,00001 0
89| 0 84,00001 0
90| 0 88,00002 0
91| 0 92,00002 0
92| 0 96,00002 0
93| 0 100 0
94| 0 104 0
95| 0 108 0
96| 0 112 0
97| 0 116 0
98| 0 120 0
99| 0 124 0
100| 0 128 0
101| 0 132 0
102| 0 136 0
103| 0 140 0
104| 0 144 0
105| 0 148 0
106| 0 152 0
107| 0 156 0
108| 0 160 0
109| 0 164 0
110| 0 168 0
111| 0 171,9999 0
112| 0 175,9999 0
113| 0 179,9999 0
114| 0 183,9999 0
115| 0 187,9999 0
116| 0 191,9999 0
117| -0,3 195,9999 0
118| -0,6 199,9999 0
119| -0,9 203,9999 0
120| -1,2 207,9999 0
121| -1,5 211,9999 0
122| -1,8 215,9999 0
123| -2,1 219,9999 0
124| -2,4 223,9999 0
125| -2,7 227,9999 0
126| -3 231,9999 0
127| -3,299999 235,9999 0
128| -3,599999 239,9999 0
129| -3,899999 243,9999 0
130| -4,2 247,9999 0
131| -4,2 251,9999 0
132| -4,2 255,9999 0
133| -4,2 259,9999 0
134| -4,2 263,9999 0
135| -4,2 267,9999 0
136| -4,2 271,9998 0
137| -4,2 275,9998 0
138| -4,2 279,9998 0
139| -4,2 283,9998 0
140| -4,2 287,9998 0
141| -4,2 291,9998 0
142| -4,2 295,9998 0
143| -4,2 299,9998 0
144| -4,2 303,9998 0
145| -4,2 307,9998 0
146| -4,2 311,9998 0
147| -4,2 315,9998 0
148| -4,2 319,9998 0
149| -4,2 323,9998 0
150| -4,2 327,9998 0
151| -4,2 331,9998 0
152| -4,2 335,9998 0
153| -4,2 339,9998 0
154| -4,2 343,9998 0
155| -4,2 347,9998 0
156| -4,2 351,9998 0
157| -4,2 355,9998 0
158| -4,2 359,9998 0
159| -4,2 363,9998 0
160| -4,2 367,9998 0
161| -4,2 371,9998 0
162| -4,2 375,9998 0
163| -4,2 379,9998 0
164| -4,2 383,9998 0
165| -4,2 387,9998 0
166| -4,2 391,9998 0
167| -4,2 395,9998 0
168| -4,2 399,9997 0
169| -4,2 403,9998 0
170| -4,2 400 0
171| -4,2 400 0
172| -4,2 400 0
173| -4,2 400 0
174| -4,2 400 0
175| -4,2 400 0
176| -4,2 400 0
177| -4,2 400 0
178| -4,2 400 0
179| -4,2 400 0
180| -4,2 400 0
181| -4,2 400 0
182| -4,2 400 0
183| -4,2 400 0
184| -4,2 400 0
185| -4,2 400 0
186| -4,2 400 0
187| -4,2 400 0
188| -4,2 400 0
189| -4,2 400 0
190| -4,2 400 0
191| -4,2 400 0
192| -4,2 400 0
193| -4,2 400 0
194| -4,2 400 0
195| -4,2 400 0
196| -4,2 400 0
197| -4,2 400 0
198| -4,2 400 0
199| -4,2 400 0
200| -4,2 400 0
201| -4,2 400 0
202| 0 400 0
203| 0,3 400 0
204| 0,6 400 0
205| 0,9 400 0
206| 1,2 400 0
207| 1,2 400 0
208| 1,2 400 0
209| 1,2 400 0
210| 1,2 400 0
211| 1,2 400 0
212| 1,2 400 0
213| 1,2 400 0
214| 1,2 400 0
215| 1,2 400 0
216| 1,2 400 0
217| 1,2 400 0
218| 1,2 400 0
219| 1,2 400 0
220| 1,5 400 0
221| 1,8 400 0
222| 1,8 400 0
223| 1,8 400 0
224| 1,8 400 0
225| 1,8 400 0
226| 1,8 400 0
227| 1,8 400 0
228| 1,8 400 0
229| 1,8 400 0
230| 1,8 400 0
231| 1,8 400 0
232| 1,8 400 0
233| 1,8 400 0
234| 1,8 400 0
235| 1,8 400 0
236| 1,8 400 0
237| 1,8 400 0
238| 1,8 400 0
239| 1,8 400 0
240| 1,8 400 0
241| 1,8 400 0
242| 1,8 400 0
243| 1,8 400 0
244| 1,8 400 0
245| 0 400 0
246| -0,3 400 0
247| -0,6 400 0
248| -0,9 400 0
249| -0,9 400 0
250| -0,9 400 0
251| -0,9 400 0
252| -0,9 400 0
253| -0,9 400 0
254| -0,9 400 0
255| -0,9 400 0
256| -0,9 400 0
257| -0,9 400 0
258| -0,9 400 0
259| -0,9 400 0
260| -0,9 400 0
261| -0,9 400 0
262| -0,9 400 0
263| -0,9 400 0
264| -0,9 400 0
265| -0,9 400 0
266| -0,9 400 0
267| -0,9 400 0
268| -0,9 400 0
269| -0,9 400 0
270| -0,9 400 0
271| -0,9 400 0
272| -0,9 400 0
273| -0,9 400 0
274| -0,9 400 0
275| -1,2 400 0
276| -1,5 400 0
277| -1,5 400 0
278| -1,5 400 0
279| -1,5 400 0
280| -1,5 400 0
281| -1,5 400 0
282| -1,5 400 0
283| -1,5 400 0
284| -1,5 400 0
285| -1,5 400 0
286| -1,5 400 0
287| -1,5 400 0
288| -1,5 400 0
289| -1,5 400 0
290| -1,5 400 0
291| -1,5 400 0
292| -1,5 400 0
293| -1,5 400 0
294| -1,5 400 0
295| -1,5 400 0
296| -1,5 400 0
297| -1,5 400 0
298| -1,5 400 0
299| -1,5 400 0
300| -1,5 400 0
301| -1,5 400 0
302| -1,5 400 0
303| -1,5 400 0
304| -1,5 400 0
305| -1,5 400 0
306| -1,5 400 0
307| -1,5 400 0
308| -1,5 400 0
309| -1,5 400 0
310| -1,5 400 0
311| -1,5 400 0
312| -1,5 400 0
313| -1,5 400 0
314| -1,5 400 0
315| -1,5 400 0
316| -1,5 400 0
317| -1,5 400 0
318| -1,5 400 0
319| -1,5 400 0
320| -1,5 400 0
321| -1,5 400 0
322| -1,5 400 0
323| -1,5 400 0
324| -1,5 400 0
325| -1,5 400 0
326| -1,5 400 0
327| -1,5 400 0
328| -1,5 400 0
329| -1,5 400 0
330| -1,5 400 0
331| -1,5 400 0
332| -1,5 400 0
333| -1,5 400 0
334| -1,5 400 0
335| -1,5 400 0
336| -1,5 400 0
337| -1,5 400 0
338| 0 400 0
339| 0,3 400 0
340| 0,6 400 0
341| 0,9 400 0
342| 1,2 400 0
343| 1,5 400 0
344| 1,8 400 0
345| 1,8 400 0
346| 1,8 400 0
347| 1,8 400 0
348| 1,8 400 0
349| 1,8 400 0
350| 1,8 400 0
351| 1,8 400 0
352| 1,8 400 0
353| 1,8 400 0
354| 1,8 400 0
355| 1,8 400 0
356| 1,8 400 0
357| 0 0 0
358| 0 0 0
359| 0 0 0
360| 0 0 0
361| 0 0 0
362| 0 0 0
363| 0 0 0
364| 0 0 0
365| 0 0 0
366| 0 0 0
367| 0 0 0
368| 0 0 0
369| 0 0 0
370| 0 0 0
371| 0 0 0
372| 0 0 0
373| 0 0 0
374| 0 0 0
375| 0 0 0
376| 0 0 0
377| 0 0 0
378| 0 0 0
379| 0 0 0
380| 0 0 0
381| 0 0 0
382| 0 0 0
383| 0 0 0
384| 0 0 0
385| 0 0 0
386| 0 0 0
387| 0 0 0
388| 0 0 0
389| 0 0 0
390| 0 0 0
391| 0 0 0
392| 0 0 0
393| 0 0 0
394| 0 0 0
395| 0 0 0
396| 0 0 0
397| 0 0 0
398| 0 0 0
399| 0 0 0
400| 0 0 0
401| 0 0 0
402| 0 0 0
403| 0 0 0
404| 0 0 0
405| 0 0 0
406| 0 0 0
407| 0 0 0
408| 0 0 0
409| 0 0 0
410| 0 0 0
411| 0 0 0
412| 0 0 0
413| 0 0 0
414| 0 0 0
415| 0 0 0
416| 0 0 0
417| 0 0 0
418| 0 0 0
419| 0 0 0
420| 0 0 0
421| 0 0 0
422| 0 0 0
423| 0 0 0
424| 0 0 0
425| 0 0 0
426| 0 0 0
427| 0 0 0
428| 0 0 0
429| 0 0 0
430| 0 0 0
431| 0 0 0
432| 0 0 0
433| 0 0 0
434| 0 0 0
435| 0 0 0
436| 0 0 0
437| 0 0 0
438| 0 0 0
439| 0 0 0
440| 0 0 0
441| 0 0 0
442| 0 0 0
443| 0 0 0
444| 0 0 0
445| 0 0 0
446| 0 0 0
447| 0 0 0
448| 0 0 0
449| 0 0 0
450| 0 0 0
451| 0 0 0
452| 0 0 0
453| 0 0 0
454| 0 0 0
455| 0 0 0
456| 0 0 0
457| 0 0 0
458| 0 0 0
459| 0 0 0
460| 0 0 0
461| 0 0 0
462| 0 0 0
463| 0 0 0
464| 0 0 0
465| 0 0 0
466| 0 0 0
467| 0 0 0
468| 0 0 0
469| 0 0 0
470| 0 0 0
471| 0 0 0
472| 0 0 0
473| 0 0 0
474| 0 0 0
475| 0 0 0
476| 0 0 0
477| 0 0 0
478| 0 0 0
479| 0 0 0
480| 0 0 0
481| 0 0 0
482| 0 0 0
483| 0 0 0
484| 0 0 0
485| 0 0 0
486| 0 0 0
487| 0 0 0
488| 0 0 0
489| 0 0 0
490| 0 0 0
491| 0 0 0
492| 0 0 0
493| 0 0 0
494| 0 0 0
495| 0 0 0
496| 0 0 0
497| 0 0 0
498| 0 0 0
499| 0 0 0
500| 0 0 0
501| 0 0 0
502| 0 0 0
503| 0 0 0
504| 0 0 0
505| 0 0 0
506| 0 0 0
507| 0 0 0
508| 0 0 0
509| 0 0 0
510| 0 0 0
511| 0 0 0
512| 0 0 0
513| 0 0 0
514| 0 0 0
515| 0 0 0
516| 0 0 0
517| 0 0 0
518| 0 0 0
519| 0 0 0
520| 0 0 0
521| 0 0 0
522| 0 0 0
523| 0 0 0
524| 0 0 0
525| 0 0 0
526| 0 0 0
527| 0 0 0
528| 0 0 0
529| 0 0 0
530| 0 0 0
531| 0 0 0
532| 0 0 0
533| 0 0 0
534| 0 0 0
535| 0 0 0
536| 0 0 0
537| 0 0 0
538| 0 0 0
539| 0 0 0
540| 0 0 0
541| 0 0 0
542| 0 0 0
543| 0 0 0
544| 0 0 0
545| 0 0 0
546| 0 0 0
547| 0 0 0
548| 0 0 0
549| 0 0 0
550| 0 0 0
551| 0 0 0
552| 0 0 0
553| 0 0 0
554| 0 0 0
555| 0 0 0
556| 0 0 0
557| 0 0 0
558| 0 0 0
559| 0 0 0
560| 0 0 0
561| 0 0 0
562| 0 0 0
563| 0 0 0
564| 0 0 0
565| 0 0 0
566| 0 0 0
567| 0 0 0
568| 0 0 0
569| 0 0 0
570| 0 0 0
571| 0 0 0
572| 0 0 0
573| 0 0 0
574| 0 0 0
575| 0 0 0
576| 0 0 0
577| 0 0 0
578| 0 0 0
579| 0 0 0
580| 0 0 0
581| 0 0 0
582| 0 0 0
583| 0 0 0
584| 0 0 0
585| 0 0 0
586| 0 0 0
587| 0 0 0
588| 0 0 0
589| 0 0 0
590| 0 0 0
591| 0 0 0
592| 0 0 0
593| 0 0 0
594| 0 0 0
595| 0 0 0
596| 0 0 0
597| 0 0 0
598| 0 0 0
599| 0 0 0
600| 0 0 0
601| 0 0 0
602| 0 0 0
603| 0 0 0
604| 0 0 0
605| 0 0 0
606| 0 0 0
607| 0 0 0
608| 0 0 0
609| 0 0 0
610| 0 0 0
611| 0 0 0
612| 0 0 0
613| 0 0 0
614| 0 0 0
615| 0 0 0
616| 0 0 0
617| 0,3 0 0
618| 0,6 0 0
619| 0,9 0 0
620| 1,2 0 0
621| 1,5 0 0
622| 1,8 0 0
623| 2,1 0 0
624| 2,4 0 0
625| 2,7 0 0
626| 3 0 0
627| 3,299999 0 0
628| 3,599999 0 0
629| 3,899999 0 0
630| 4,2 0 0
631| 4,5 0 0
632| 4,8 0 0
633| 5,1 0 0
634| 5,4 0 0
635| 5,7 0 0
636| 6 0 0
637| 6,300001 0 0
638| 6,600001 0 0
639| 6,900001 0 0
640| 7,200001 0 0
641| 7,500001 0 0
642| 0 0 0
643| 0 0 0
644| 0 0 0
645| 0 0 0
646| 0 0 0
647| 0 0 0
648| 0 0 0
649| 0 0 0
650| 0 0 0
651| 0 0 0
652| 0,3 0 0
653| 0 0 0
654| 0 0 0
655| 0 0 0
656| 0 0 0
657| 0 0 0
658| 0 0 0
659| 0 0 0
660| 0 0 0
661| 0 0 0
662| 0 0 0
663| 0 0 0
664| 0 0 0
665| 0 0 0
666| 0 0 0
667| 0 0 0
668| 0,3 0 0
669| 0,6 0 0
670| 0,9 0 0
671| 1,2 0 0
672| 1,5 0 0
673| 1,8 0 0
674| 2,1 0 0
675| 2,4 0 0
676| 2,7 0 0
677| 3 0 0
678| 3,299999 0 0
679| 3,599999 0 0
680| 3,899999 0 0
681| 4,2 0 0
682| 4,5 0 0
683| 4,8 0 0
684| 5,1 0 0
685| 5,4 0 0
686| 0 0 0
687| 0 0 0
688| 0 0 0
689| 0 0 0
690| 0 0 0
691| 0 0 0
692| 0 0 0
693| 0 0 0
694| 0 0 0
695| 0 0 0
696| 0 0 0
697| 0 0 0
698| 0 0 0
699| 0 0 0
700| 0 0 0
701| 0 0 0
702| 0 4 0
703| 0 8 0
704| 0 12 0
705| 0 16 0
706| 0 20 0
707| 0 24 0
708| 0 28 0
709| 0 32 0
710| 0 36 0
711| 0 40 0
712| 0 43,99999 0
713| 0 47,99999 0
714| 0,3 51,99999 0
715| 0,6 55,99999 0
716| 0,9 60 0
717| 1,2 64 0
718| 1,5 68 0
719| 1,8 72 0
720| 2,1 76,00001 0
721| 2,4 80,00001 0
722| 2,4 84,00001 0
723| 2,4 88,00002 0
724| 2,4 92,00002 0
725| 2,4 96,00002 0
726| 2,4 100 0
727| 2,4 104 0
728| 2,4 108 0
729| 2,4 112 0
730| 2,4 116 0
731| 2,4 120 0
732| 2,4 124 0
733| 2,4 128 0
734| 2,4 132 0
735| 2,4 136 0
736| 2,4 140 0
737| 2,4 144 0
738| 2,4 148 0
739| 2,4 152 0
740| 2,4 156 0
741| 2,4 160 0
742| 2,4 164 0
743| 2,4 168 0
744| 2,4 171,9999 0
745| 2,4 175,9999 0
746| 2,4 179,9999 0
747| 2,4 183,9999 0
748| 2,4 187,9999 0
749| 2,4 191,9999 0
750| 2,4 195,9999 0
751| 2,4 199,9999 0
752| 2,4 203,9999 0
753| 2,4 207,9999 0
754| 2,4 211,9999 0
755| 2,4 215,9999 0
756| 2,4 219,9999 0
757| 2,4 223,9999 0
758| 2,4 227,9999 0
759| 2,4 231,9999 0
760| 2,4 235,9999 0
761| 0 239,9999 0
762| -0,3 243,9999 0
763| -0,6 247,9999 0
764| -0,9 251,9999 0
765| -1,2 255,9999 0
766| -1,5 259,9999 0
767| -1,5 263,9999 0
768| -1,5 267,9999 0
769| -1,5 271,9998 0
770| -1,5 275,9998 0
771| -1,5 279,9998 0
772| -1,5 283,9998 0
773| -1,5 287,9998 0
774| -1,5 291,9998 0
775| -1,5 295,9998 0
776| -1,5 299,9998 0
777| -1,5 303,9998 0
778| -1,5 307,9998 0
779| -1,5 311,9998 0
780| -1,5 315,9998 0
781| -1,5 319,9998 0
782| -1,5 323,9998 0
783| -1,5 327,9998 0
784| -1,5 331,9998 0
785| -1,5 335,9998 0
786| -1,5 339,9998 0
787| -1,5 343,9998 0
788| -1,5 347,9998 0
789| -1,5 351,9998 0
790| -1,5 355,9998 0
791| -1,5 359,9998 0
792| -1,5 363,9998 0
793| -1,5 367,9998 0
794| -1,5 371,9998 0
795| -1,5 375,9998 0
796| -1,5 379,9998 0
797| -1,5 383,9998 0
798| -1,5 387,9998 0
799| -1,5 391,9998 0
800| -1,5 395,9998 0
801| -1,5 399,9997 0
802| -1,5 403,9998 0
803| -1,5 400 0
804| -1,5 400 0
805| -1,5 400 0
806| -1,5 400 0
807| -1,5 400 0
808| -1,5 400 0
809| -1,5 400 0
810| -1,5 400 0
811| -1,5 400 0
812| -1,5 400 0
813| -1,5 400 0
814| -1,5 400 0
815| -1,5 400 0
816| -1,5 400 0
817| -1,5 400 0
818| -1,5 400 0
819| -1,5 400 0
820| -1,8 400 0
821| -2,1 400 0
822| -2,4 400 0
823| -2,7 400 0
824| -2,7 400 0
825| -2,7 400 0
826| -2,7 400 0
827| -2,7 400 0
828| -2,7 400 0
829| -2,7 400 0
830| -2,7 400 0
831| -2,7 400 0
832| -2,7 400 0
833| -2,7 400 0
834| -2,7 400 0
835| -2,7 400 0
836| -2,7 400 0
837| -2,7 400 0
838| -2,7 400 0
839| -2,7 400 0
840| -2,7 400 0
841| -2,7 400 0
842| -2,7 400 0
843| -2,7 400 0
844| -2,7 400 0
845| -2,7 400 0
846| -2,7 400 0
847| -2,7 400 0
848| -2,7 400 0
849| 0 400 0
850| 0,3 400 0
851| 0,6 400 0
852| 0,9 400 0
853| 1,2 400 0
854| 1,2 400 0
855| 1,2 400 0
856| 1,2 400 0
857| 1,2 400 0
858| 1,2 400 0
859| 1,2 400 0
860| 1,2 400 0
861| 1,2 400 0
862| 1,2 400 0
863| 1,2 400 0
864| 1,2 400 0
865| 1,2 400 0
866| 1,2 400 0
867| 1,2 400 0
868| 1,2 400 0
869| 1,2 400 0
870| 1,2 400 0
871| 1,2 400 0
872| 1,5 400 0
873| 1,8 400 0
874| 2,1 400 0
875| 2,4 400 0
876| 2,7 400 0
877| 2,7 400 0
878| 2,7 400 0
879| 2,7 400 0
880| 2,7 400 0
881| 2,7 400 0
882| 2,7 400 0
883| 2,7 400 0
884| 2,7 400 0
885| 2,7 400 0
886| 2,7 400 0
887| 2,7 400 0
888| 2,7 400 0
889| 2,7 400 0
890| 2,7 400 0
891| 2,7 400 0
892| 2,7 400 0
893| 2,7 400 0
894| 2,7 400 0
895| 2,7 400 0
896| 2,7 400 0
897| 2,7 400 0
898| 2,7 400 0
899| 2,7 400 0
900| 2,7 400 0
901| 2,7 400 0
902| 2,7 400 0
903| 2,7 400 0
904| 2,7 400 0
905| 2,7 400 0
906| 2,7 400 0
907| 2,7 400 0
908| 2,7 400 0
909| 2,7 400 0
910| 2,7 400 0
911| 2,7 400 0
912| 2,7 400 0
913| 2,7 400 0
914| 2,7 400 0
915| 2,7 400 0
916| 2,7 400 0
917| 2,7 400 0
918| 2,7 400 0
919| 2,7 400 0
920| 2,7 400 0
921| 2,7 400 0
922| 2,7 400 0
923| 2,7 400 0
924| 2,7 400 0
925| 2,7 400 0
926| 2,7 400 0
927| 2,7 400 0
928| 2,7 400 0
929| 2,7 400 0
930| 2,7 400 0
931| 2,7 400 0
932| 2,7 400 0
933| 2,7 400 0
934| 2,7 400 0
935| 2,7 400 0
936| 2,7 400 0
937| 2,7 400 0
938| 2,7 400 0
939| 2,7 400 0
940| 0 400 0
941| -0,3 400 0
942| -0,6 400 0
943| -0,9 400 0
944| -1,2 400 0
945| -1,2 400 0
946| -1,2 400 0
947| -1,2 400 0
948| -1,2 400 0
949| -1,2 400 0
950| -1,2 400 0
951| -1,2 400 0
952| -1,2 400 0
953| -1,2 400 0
954| -1,2 400 0
955| -1,2 400 0
956| -1,2 400 0
957| -1,2 400 0
958| -1,2 400 0
959| -1,2 400 0
960| -1,2 400 0
961| -1,2 400 0
962| -1,2 400 0
963| -1,2 400 0
964| -1,2 400 0
965| -1,2 400 0
966| -1,2 400 0
967| -1,2 400 0
968| -1,2 400 0
969| -1,2 400 0
970| -1,2 400 0
971| -1,2 400 0
972| -1,2 400 0
973| -1,2 400 0
974| -1,2 400 0
975| -1,2 400 0
976| -1,2 400 0
977| -1,2 400 0
978| -1,2 400 0
979| -1,2 400 0
980| -1,2 400 0
981| -1,2 400 0
982| 0 0 0
983| 0 0 0
984| 0 0 0
985| 0 0 0
986| 0 0 0
987| 0 0 0
988| 0 0 0
989| 0 0 0
990| 0 0 0
991| 0 0 0
992| 0 0 0
993| 0 0 0
994| 0 0 0
995| 0 0 0
996| 0 0 0
997| 0 0 0
998| 0 0 0
999| 0 0 0
1000| 0 0 0
1001| 0 0 0
1002| 0 0 0
1003| 0 0 0
1004| 0 0 0
1005| 0 0 0
1006| 0 4 0
1007| 0 8 0
1008| 0 12 0
1009| 0 16 0
1010| 0 20 0
1011| 0 24 0
1012| 0 28 0
1013| 0 32 0
1014| 0 36 0
1015| 0 40 0
1016| 0 43,99999 0
1017| 0 47,99999 0
1018| 0 51,99999 0
1019| 0 55,99999 0
1020| 0 60 0
1021| 0 64 0
1022| 0 68 0
1023| 0 72 0
1024| 0 76,00001 0
1025| 0 80,00001 0
1026| 0 84,00001 0
1027| 0 88,00002 0
1028| 0 92,00002 0
1029| 0 96,00002 0
1030| 0 100 0
1031| 0 104 0
1032| 0 108 0
1033| 0 112 0
1034| 0 116 0
1035| 0 120 0
1036| 0 124 0
1037| 0 128 0
1038| 0 0 0
1039| 0 0 0
1040| 0 0 0
1041| 0 0 0
1042| 0 0 0
1043| 0 0 0
1044| 0 0 0
1045| 0 0 0
1046| 0 0 0
1047| 0 0 0
1048| 0 0 0
1049| 0 0 0
1050| 0 0 0
1051| 0 0 0
1052| 0 0 0
1053| 0 0 0
1054| 0 0 0
1055| 0 0 0
1056| 0 0 0
1057| 0 0 0
1058| 0 0 0
1059| 0 0 0
1060| 0 0 0
1061| 0 0 0
1062| 0 0 0
1063| 0 0 0
1064| 0 0 0
1065| 0 0 0
1066| 0 0 0
1067| 0 0 0
1068| 0 0 0
1069| 0 0 0
1070| 0 0 0
1071| 0 0 0
1072| 0 0 0
1073| 0 4 0
1074| 0 8 0
1075| 0 12 0
1076| 0 16 0
1077| 0 20 0
1078| 0 24 0
1079| 0 28 0
1080| 0 32 0
1081| 0 36 0
1082| -0,3 40 0
1083| -0,6 43,99999 0
1084| -0,9 47,99999 0
1085| -1,2 51,99999 0
1086| -1,5 55,99999 0
1087| -1,8 60 0
1088| -2,1 64 0
1089| -2,4 68 0
1090| -2,7 72 0
1091| -3 76,00001 0
1092| -3,299999 80,00001 0
1093| -3,599999 84,00001 0
1094| -3,899999 88,00002 0
1095| -4,2 92,00002 0
1096| -4,5 96,00002 0
1097| -4,8 100 0
1098| -5,1 104 0
1099| -5,4 108 0
1100| -5,7 112 0
1101| -6 116 0
1102| -6,300001 120 0
1103| -6,600001 124 0
1104| -6,900001 128 0
1105| -7,200001 132 0
1106| -7,500001 136 0
1107| -7,800001 140 0
1108| -8,1 144 0
1109| -8,4 148 0
1110| -8,7 152 0
1111| -8,999999 156 0
1112| -9,299999 160 0
1113| -9,599998 164 0
1114| -9,899999 168 0
1115| -10,2 171,9999 0
1116| -10,5 175,9999 0
1117| -10,8 179,9999 0
1118| -11,1 183,9999 0
1119| -11,4 187,9999 0
1120| -11,7 191,9999 0
1121| -12 195,9999 0
1122| -12,3 199,9999 0
1123| -12,6 203,9999 0
1124| -12,9 207,9999 0
1125| -13,2 211,9999 0
1126| -13,5 215,9999 0
1127| -13,79999 219,9999 0
1128| -14,09999 223,9999 0
1129| -14,39999 227,9999 0
1130| -14,69999 231,9999 0
1131| -14,99999 235,9999 0
1132| -15,29999 239,9999 0
1133| -15,59999 243,9999 0
1134| -15,89999 247,9999 0
1135| -16,19999 251,9999 0
1136| -16,49999 255,9999 0
1137| -16,79999 259,9999 0
1138| -17,09999 263,9999 0
1139| -17,39999 267,9999 0
1140| -17,69999 271,9998 0
1141| -17,99999 275,9998 0
1142| -18,29999 279,9998 0
1143| -18,59999 283,9998 0
1144| -18,89999 287,9998 0
1145| -19,19999 291,9998 0
1146| -19,49999 295,9998 0
1147| -19,79999 299,9998 0
1148| -20,09999 303,9998 0
1149| -20,39999 307,9998 0
1150| -20,69999 311,9998 0
1151| -20,99999 315,9998 0
1152| -21,29999 319,9998 0
1153| -21,59999 323,9998 0
1154| -21,89999 327,9998 0
1155| -22,19999 331,9998 0
1156| -22,49999 335,9998 0
1157| -22,79999 339,9998 0
1158| -22,79999 343,9998 0
1159| -22,79999 347,9998 0
1160| -22,79999 351,9998 0
1161| -22,79999 355,9998 0
1162| -22,79999 359,9998 0
1163| -22,79999 363,9998 0
1164| -22,79999 367,9998 0
1165| -22,79999 371,9998 0
1166| -22,79999 375,9998 0
1167| -22,79999 379,9998 0
1168| -22,79999 383,9998 0
1169| -22,79999 387,9998 0
1170| -23,09999 391,9998 0
1171| -23,39999 395,9998 0
1172| -23,69999 399,9997 0
1173| -23,99999 403,9998 0
1174| -24,29999 400 0
1175| -24,59999 400 0
1176| -24,89998 400 0
1177| -25,19999 400 0
1178| -25,49998 400 0
1179| -25,79998 400 0
1180| -26,09998 400 0
1181| -26,39998 400 0
1182| -26,69998 400 0
1183| -26,99998 400 0
1184| -27,29998 400 0
1185| -27,59998 400 0
1186| -27,89998 400 0
1187| -28,19998 400 0
1188| -28,49998 400 0
1189| -28,79998 400 0
1190| -29,09998 400 0
1191| -29,39998 400 0
1192| -29,69998 400 0
1193| -29,99998 400 0
1194| -29,99998 400 0
1195| -29,99998 400 0
1196| -29,99998 400 0
1197| -29,99998 400 0
1198| -29,99998 400 0
1199| -29,99998 400 0
1200| -29,99998 400 0
1201| -29,99998 400 0
1202| -29,99998 400 0
1203| -29,99998 400 0
1204| -30,29998 400 0
1205| -30 400 0
1206| -30 400 0
1207| -30 400 0
1208| -30 400 0
1209| -30 400 0
1210| -30 400 0
1211| -30 400 0
1212| -30 400 0
1213| -30 400 0
1214| -30 400 0
1215| -30 400 0
1216| -30 400 0
1217| -30 400 0
1218| -30 400 0
1219| -30 400 0
1220| -30 400 0
1221| -30 400 0
1222| -30 400 0
1223| -30 400 0
1224| -30 400 0
1225| -30 400 0
1226| -30 400 0
1227| -30 400 0
1228| -30 400 0
1229| -30 400 0
1230| -30 400 0
1231| -30 400 0
1232| -30 400 0
1233| -30 400 0
1234| -30 400 0
1235| -30 400 0
1236| -30 400 0
1237| -30 400 0
1238| -30 400 0
1239| -30 400 0
1240| -30 400 0
1241| -30 400 0
1242| -30 400 0
1243| -30 400 0
1244| -30 400 0
1245| -30 400 0
1246| -30 400 0
1247| -30 400 0
1248| -30 400 0
1249| -30 400 0
1250| -30 400 0
1251| -30 400 0
1252| -30 400 0
1253| -30 400 0
1254| -30 400 0
1255| -30 400 0
1256| -30 400 0
1257| -30 400 0
1258| -30 400 0
1259| -30 400 0
1260| -30 400 0
1261| -30 400 0
1262| -30 400 0
1263| -30 400 0
1264| -30 400 0
1265| -30 400 0
1266| -30 400 0
1267| -30 400 0
1268| -30 400 0
1269| -30 400 0
1270| -30 400 0
1271| -30 400 0
1272| -30 400 0
1273| -30 400 0
1274| -30 400 0
1275| -30 400 0
1276| -30 400 0
1277| -30 400 0
1278| -30 400 0
1279| -30 400 0
1280| -30 400 0
1281| -30 400 0
1282| -30 400 0
1283| -30 400 0
1284| -30 400 0
1285| -30 400 0
1286| -30 400 0
1287| -30 400 0
1288| -30 400 0
1289| -30 400 0
1290| -30 400 0
1291| -30 400 0
1292| -30 400 0
1293| -30 400 0
1294| -30 400 0
1295| -30 400 0
1296| -30 400 0
1297| -30 400 0
1298| -30 400 0
1299| -30 400 0
1300| -30 400 0
1301| -30 400 0
1302| -30 400 0
1303| -30 400 0
1304| -30 400 0
1305| -30 400 0
1306| -30 400 0
1307| -30 400 0
1308| -30 400 0
1309| -30 400 0
1310| 0 400 0
1311| 0,3 400 0
1312| 0,6 400 0
1313| 0,9 400 0
1314| 1,2 400 0
1315| 1,2 400 0
1316| 1,2 400 0
1317| 1,2 400 0
1318| 1,2 400 0
1319| 1,2 400 0
1320| 1,2 400 0
1321| 1,2 400 0
1322| 1,2 400 0
1323| 1,2 400 0
1324| 1,2 400 0
1325| 1,2 400 0
1326| 1,2 400 0
1327| 1,2 400 0
1328| 1,2 400 0
1329| 1,2 400 0
1330| 1,2 400 0
1331| 1,2 400 0
1332| 1,2 400 0
1333| 1,2 400 0
1334| 1,2 400 0
1335| 1,2 400 0
1336| 1,2 400 0
1337| 1,2 400 0
1338| 1,2 400 0
1339| 1,2 400 0
1340| 1,2 400 0
1341| 0 400 0
1342| -0,3 400 0
1343| -0,6 400 0
1344| -0,6 400 0
1345| -0,6 400 0
1346| -0,6 400 0
1347| -0,6 400 0
1348| -0,6 400 0
1349| -0,6 400 0
1350| -0,6 400 0
1351| -0,6 400 0
1352| -0,6 400 0
1353| -0,6 400 0
1354| -0,6 400 0
1355| -0,6 400 0
1356| -0,6 400 0
1357| -0,6 400 0
1358| -0,6 400 0
1359| -0,6 400 0
1360| -0,6 400 0
1361| -0,6 400 0
1362| -0,6 400 0
1363| -0,6 400 0
1364| -0,6 400 0
1365| -0,6 400 0
1366| -0,6 400 0
1367| -0,9 400 0
1368| -1,2 400 0
1369| -1,5 400 0
1370| -1,8 400 0
1371| -1,8 400 0
1372| -1,8 400 0
1373| -1,8 400 0
1374| -1,8 400 0
1375| -1,8 400 0
1376| -1,8 400 0
1377| -1,8 400 0
1378| -1,8 400 0
1379| -1,8 400 0
1380| -1,8 400 0
1381| -1,8 400 0
1382| -1,8 400 0
1383| -1,8 400 0
1384| -1,8 400 0
1385| -1,8 400 0
1386| -1,8 400 0
1387| -1,8 400 0
1388| -2,1 400 0
1389| -2,4 400 0
1390| -2,7 400 0
1391| -3 400 0
1392| -3 400 0
1393| -3 400 0
1394| -3 400 0
1395| -3 400 0
1396| -3 400 0
1397| -3 400 0
1398| -3 400 0
1399| -3 400 0
1400| -3 400 0
1401| -3 400 0
1402| -3 400 0
1403| -3 400 0
1404| -3 400 0
1405| -3 400 0
1406| -3 400 0
1407| -3 400 0
1408| -3 400 0
1409| -3 400 0
1410| -3 400 0
1411| -3 400 0
1412| -3 400 0
1413| -3 400 0
1414| -3 400 0
1415| -3 400 0
1416| -3 400 0
1417| -3 400 0
1418| -3 400 0
1419| -3 400 0
1420| -3 400 0
1421| -3 400 0
1422| -3 400 0
1423| -3 400 0
1424| -3 400 0
1425| -3 400 0
1426| -3 400 0
1427| -3 400 0
1428| -3 400 0
1429| -3 400 0
1430| -3 400 0
1431| -3 400 0
1432| -3 400 0
1433| -3 400 0
1434| -3 400 0
1435| 0 400 0
1436| 0,3 400 0
1437| 0,6 400 0
1438| 0,9 400 0
1439| 0,9 400 0
1440| 0,9 400 0
1441| 0,9 400 0
1442| 0,9 400 0
1443| 0,9 400 0
1444| 0,9 400 0
1445| 0,9 400 0
1446| 0,9 400 0
1447| 0,9 400 0
1448| 0,9 400 0
1449| 0,9 400 0
1450| 0,9 400 0
1451| 0,9 400 0
1452| 0,9 400 0
1453| 0,9 400 0
1454| 0 400 0
1455| -0,3 400 0
1456| -0,6 400 0
1457| -0,6 400 0
1458| -0,6 400 0
1459| -0,6 400 0
1460| -0,6 400 0
1461| -0,6 400 0
1462| -0,9 400 0
1463| -1,2 400 0
1464| -1,5 400 0
1465| -1,5 400 0
1466| -1,5 400 0
1467| -1,8 400 0
1468| -2,1 400 0
1469| -2,4 400 0
1470| -2,4 400 0
1471| -2,4 400 0
1472| -2,7 400 0
1473| -3 400 0
1474| -3,299999 400 0
1475| -3,599999 400 0
1476| -3,899999 400 0
1477| -3,899999 400 0
1478| -3,899999 400 0
1479| -4,2 400 0
1480| -4,5 400 0
1481| -4,5 400 0
1482| -4,5 400 0
1483| -4,5 400 0
1484| -4,5 400 0
1485| -4,5 400 0
1486| -4,5 400 0
1487| -4,5 400 0
1488| -4,5 400 0
1489| -4,5 400 0
1490| -4,5 400 0
1491| 0 400 0
1492| 0,3 400 0
1493| 0,6 400 0
1494| 0,6 400 0
1495| 0,6 400 0
1496| 0,6 400 0
1497| 0,6 400 0
1498| 0,6 400 0
1499| 0,6 400 0
1500| 0,6 400 0
1501| 0,6 400 0
1502| 0,6 400 0
1503| 0 0 0
1504| 0 0 0
1505| 0 0 0
1506| 0 0 0
1507| 0 0 0
1508| 0 0 0
1509| 0 0 0
1510| 0 0 0
1511| 0 0 0
1512| 0 0 0
1513| 0 0 0
1514| 0 0 0
1515| 0 0 0
1516| 0 0 0
1517| 0 0 0
1518| 0 0 0
1519| 0 0 0
1520| 0 0 0
1521| 0 0 0
1522| 0 0 0
1523| 0 0 0
1524| 0 0 0
1525| 0 0 0
1526| 0 0 0
1527| 0 0 0
1528| 0 0 0
1529| 0 0 0
1530| 0 0 0
1531| 0 0 0
1532| 0 0 0
1533| 0 0 0
1534| 0 0 0
1535| 0 0 0
1536| 0 0 0
1537| 0 0 0
1538| 0 0 0
1539| 0 0 0
1540| 0 0 0
1541| 0 0 0
1542| 0 0 0
1543| 0 0 0
1544| 0 0 0
1545| 0 0 0
1546| 0 0 0
1547| 0 0 0
1548| 0 0 0
1549| 0 0 0
1550| 0 0 0
1551| 0 0 0
1552| 0 0 0
1553| 0 0 0
1554| 0 0 0
1555| 0 0 0
1556| 0 0 0
1557| 0 0 0
1558| 0 0 0
1559| 0 0 0
1560| 0 0 0
1561| 0 0 0
1562| 0 0 0
1563| 0 0 0
1564| 0 0 0
1565| 0 0 0
1566| 0 0 0
1567| 0 0 0
1568| 0 0 0
1569| 0 0 0
1570| 0 0 0
1571| 0 0 0
1572| 0 0 0
1573| 0 0 0
1574| 0 0 0
1575| 0 0 0
1576| 0 0 0
1577| 0 0 0
1578| 0 0 0
1579| 0 0 0
1580| 0 0 0
1581| 0 0 0
1582| 0 0 0
1583| 0 0 0
1584| 0 0 0
1585| 0 0 0
1586| 0 0 0
1587| 0 0 0
1588| 0 0 0
1589| 0 0 0
1590| 0 0 0
1591| 0 0 0
1592| 0 0 0
1593| 0 0 0
1594| 0 0 0
1595| 0 0 0
1596| 0 0 0
1597| 0 0 0
1598| 0 0 0
1599| 0 0 0
1600| 0 0 0
1601| 0 0 0

