1| 0 0 0
2| 0 0 0
3| 0 0 0
4| 0 0 0
5| 0 0 0
6| 0 0 0
7| 0 0 0
8| 0 0 0
9| 0 0 0
10| 0 0 0
11| 0 0 0
12| 0 0 0
13| 0 0 0
14| 0 0 0
15| 0 0 0
16| 0 0 0
17| 0 0 0
18| 0 0 0
19| 0 0 0
20| 0 0 0
21| 0 0 0
22| 0 0 0
23| 0 0 0
24| 0 0 0
25| 0 0 0
26| 0 0 0
27| 0 0 0
28| 0 0 0
29| 0 0 0
30| 0 0 0
31| 0 0 0
32| 0 0 0
33| 0 0 0
34| 0 0 0
35| 0 0 0
36| 0 0 0
37| 0 0 0
38| 0 0 0
39| 0 0 0
40| 0 0 0
41| 0 0 0
42| 0 0 0
43| 0 0 0
44| 0 0 0
45| 0 0 0
46| 0 0 0
47| 0 0 0
48| 0 0 0
49| 0 0 0
50| 0 0 0
51| 0 0 0
52| 0 0 0
53| 0 0 0
54| 0 0 0
55| 0 0 0
56| 0 0 0
57| 0 0 0
58| 0 0 0
59| 0 0 0
60| 0 0 0
61| 0 0 0
62| 0 0 0
63| 0 0 0
64| 0 0 0
65| 0 0 0
66| 0 0 0
67| 0 0 0
68| 0 0 0
69| 0 0 0
70| 0 0 0
71| 0 0 0
72| 0 0 0
73| 0 0 0
74| 0 0 0
75| 0 4 0
76| 0 8 0
77| 0 12 0
78| 0 16 0
79| 0 20 0
80| 0 24 0
81| 0 28 0
82| 0 32 0
83| 0 36 0
84| 0 40 0
85| 0 43,99999 0
86| 0,3 47,99999 0
87| 0,6 51,99999 0
88| 0,9 55,99999 0
89| 1,2 60 0
90| 1,5 64 0
91| 1,8 68 0
92| 2,1 72 0
93| 2,4 76,00001 0
94| 2,7 80,00001 0
95| 3 84,00001 0
96| 3,299999 88,00002 0
97| 3,599999 92,00002 0
98| 3,899999 96,00002 0
99| 4,2 100 0
100| 4,5 104 0
101| 4,8 108 0
102| 5,1 112 0
103| 5,4 116 0
104| 5,7 120 0
105| 6 124 0
106| 6 128 0
107| 6 132 0
108| 6 136 0
109| 6 140 0
110| 6 144 0
111| 6 148 0
112| 6 152 0
113| 6 156 0
114| 6 160 0
115| 6 164 0
116| 6 168 0
117| 6 171,9999 0
118| 6 175,9999 0
119| 6 179,9999 0
120| 6 183,9999 0
121| 6 187,9999 0
122| 6 191,9999 0
123| 6 195,9999 0
124| 6 199,9999 0
125| 6 203,9999 0
126| 6 207,9999 0
127| 6 211,9999 0
128| 6 215,9999 0
129| 6 219,9999 0
130| 6 223,9999 0
131| 6 227,9999 0
132| 6 231,9999 0
133| 6 235,9999 0
134| 6 239,9999 0
135| 6 243,9999 0
136| 6 247,9999 0
137| 6 251,9999 0
138| 6 255,9999 0
139| 6 259,9999 0
140| 6 263,9999 0
141| 6 267,9999 0
142| 0 0 0
143| 0 0 0
144| 0 0 0
145| 0 0 0
146| 0 0 0
147| 0 0 0
148| 0 0 0
149| 0 0 0
150| 0 0 0
151| 0 0 0
152| 0 0 0
153| 0 0 0
154| 0 0 0
155| 0 0 0
156| 0 0 0
157| 0 0 0
158| 0 0 0
159| 0 0 0
160| 0 0 0
161| 0 0 0
162| 0 0 0
163| 0 0 0
164| 0 0 0
165| 0 0 0
166| 0 0 0
167| 0 0 0
168| 0 0 0
169| 0 0 0
170| 0 0 0
171| 0 0 0
172| 0 0 0
173| 0 0 0
174| 0 0 0
175| 0 0 0
176| 0 0 0
177| 0 0 0
178| 0 0 0
179| 0 0 0
180| 0 0 0
181| 0 0 0
182| 0 0 0
183| 0 0 0
184| 0 0 0
185| 0 0 0
186| 0 0 0
187| 0 0 0
188| 0 0 0
189| 0 0 0
190| 0 0 0
191| 0 0 0
192| 0 0 0
193| 0 0 0
194| 0 0 0
195| 0 0 0
196| 0 0 0
197| 0 0 0
198| 0 0 0
199| 0 0 0
200| 0 0 0
201| 0 0 0
202| 0 0 0
203| 0 0 0
204| 0 0 0
205| 0 0 0
206| 0 0 0
207| 0 0 0
208| 0 0 0
209| 0 0 0
210| 0 0 0
211| 0 0 0
212| 0 0 0
213| 0 0 0
214| 0 0 0
215| 0 0 0
216| 0 0 0
217| 0 0 0
218| 0 0 0
219| 0 0 0
220| 0 0 0
221| 0 0 0
222| 0 0 0
223| 0 0 0
224| 0 0 0
225| 0 0 0
226| 0 0 0
227| 0 0 0
228| 0 0 0
229| 0 0 0
230| 0 0 0
231| 0 0 0
232| 0 0 0
233| 0 0 0
234| 0 0 0
235| 0 0 0
236| 0 0 0
237| 0 0 0
238| 0 0 0
239| 0 0 0
240| 0 0 0
241| 0 0 0
242| 0 0 0
243| 0 0 0
244| 0 0 0
245| 0 0 0
246| 0 0 0
247| 0 0 0
248| 0 0 0
249| 0 0 0
250| 0 0 0
251| 0 0 0
252| 0 0 0
253| 0 0 0
254| 0 0 0
255| 0 0 0
256| 0 0 0
257| 0 0 0
258| 0 0 0
259| 0 0 0
260| 0 0 0
261| 0 0 0
262| 0 0 0
263| 0 0 0
264| 0 0 0
265| 0 0 0
266| 0 0 0
267| 0 0 0
268| 0 0 0
269| 0 0 0
270| 0 0 0
271| 0 0 0
272| 0 0 0
273| 0 0 0
274| 0 0 0
275| 0 0 0
276| 0 0 0
277| 0 0 0
278| 0 0 0
279| 0 0 0
280| 0 0 0
281| 0 0 0
282| 0 0 0
283| 0 0 0
284| 0 0 0
285| 0 0 0
286| 0 0 0
287| 0 0 0
288| 0 0 0
289| 0 0 0
290| 0 0 0
291| 0 0 0
292| 0 0 0
293| 0 0 0
294| 0 0 0
295| 0 0 0
296| 0 0 0
297| 0 0 0
298| 0 0 0
299| 0 0 0
300| 0 0 0
301| 0 0 0
302| 0 0 0
303| 0 0 0
304| 0 0 0
305| 0 0 0
306| 0 0 0
307| 0 0 0
308| 0 0 0
309| 0 0 0
310| 0 0 0
311| 0 0 0
312| 0 0 0
313| 0 0 0
314| 0 0 0
315| 0 0 0
316| 0 0 0
317| 0 0 0
318| 0 0 0
319| 0 0 0
320| 0 0 0
321| 0 0 0
322| 0 0 0
323| 0 0 0
324| 0 0 0
325| 0 0 0
326| 0 0 0
327| 0 0 0
328| 0 0 0
329| 0 0 0
330| 0 0 0
331| 0 0 0
332| 0 0 0
333| 0 0 0
334| 0 0 0
335| 0 0 0
336| 0 0 0
337| 0 0 0
338| 0 0 0
339| 0 0 0
340| 0 0 0
341| 0 0 0
342| 0 0 0
343| 0 0 0
344| 0 0 0
345| 0 0 0
346| 0 0 0
347| 0 0 0
348| 0 0 0
349| 0 0 0
350| 0 0 0
351| 0 0 0
352| 0 0 0
353| 0 0 0
354| 0 0 0
355| 0 0 0
356| 0 0 0
357| 0 0 0
358| 0 0 0
359| 0 0 0
360| 0 0 0
361| 0 0 0
362| 0 0 0
363| 0 0 0
364| 0 0 0
365| 0 0 0
366| 0 0 0
367| 0 0 0
368| 0 0 0
369| 0 0 0
370| 0 0 0
371| 0 0 0
372| 0 0 0
373| 0 0 0
374| 0 0 0
375| 0 0 0
376| 0 0 0
377| 0 0 0
378| 0 0 0
379| 0 0 0
380| 0 0 0
381| 0 0 0
382| 0 0 0
383| 0 0 0
384| 0 0 0
385| 0 0 0
386| 0 0 0
387| 0 0 0
388| 0 0 0
389| 0 0 0
390| 0 0 0
391| 0 0 0
392| 0 0 0
393| 0 0 0
394| 0 0 0
395| 0 0 0
396| 0 0 0
397| 0 0 0
398| 0 0 0
399| 0 0 0
400| 0 0 0
401| 0 0 0
402| 0 0 0
403| 0 0 0
404| 0 0 0
405| 0 0 0
406| 0 0 0
407| 0 0 0
408| 0 0 0
409| 0 0 0
410| 0 0 0
411| 0 0 0
412| 0 0 0
413| 0 0 0
414| 0 0 0
415| 0 0 0
416| 0 0 0
417| 0 0 0
418| 0 0 0
419| 0 0 0
420| 0 0 0
421| 0 0 0
422| 0 0 0
423| 0 0 0
424| 0 0 0
425| 0 0 0
426| 0 0 0
427| 0 0 0
428| 0 0 0
429| 0 0 0
430| 0 0 0
431| 0 0 0
432| 0 0 0
433| 0 0 0
434| 0 0 0
435| 0 0 0
436| 0 0 0
437| 0 0 0
438| 0 0 0
439| 0 0 0
440| 0 0 0
441| 0 0 0
442| 0 0 0
443| 0 0 0
444| 0 0 0
445| 0 0 0
446| 0 0 0
447| 0 0 0
448| 0 4 0
449| 0 8 0
450| 0 12 0
451| 0 16 0
452| 0 20 0
453| 0 24 0
454| 0 28 0
455| 0 32 0
456| 0 36 0
457| 0 40 0
458| 0 43,99999 0
459| 0 47,99999 0
460| 0 51,99999 0
461| 0 55,99999 0
462| -0,3 60 0
463| -0,6 64 0
464| -0,9 68 0
465| -1,2 72 0
466| -1,5 76,00001 0
467| -1,8 80,00001 0
468| -2,1 84,00001 0
469| -2,4 88,00002 0
470| -2,7 92,00002 0
471| -3 96,00002 0
472| -3,299999 100 0
473| -3,599999 104 0
474| -3,899999 108 0
475| -4,2 112 0
476| -4,5 116 0
477| -4,8 120 0
478| -5,1 124 0
479| -5,4 128 0
480| -5,7 132 0
481| -6 136 0
482| -6,300001 140 0
483| -6,600001 144 0
484| -6,900001 148 0
485| -7,200001 152 0
486| -7,500001 156 0
487| -7,500001 160 0
488| 0 164 0
489| 0,3 168 0
490| 0,6 171,9999 0
491| 0,9 175,9999 0
492| 1,2 179,9999 0
493| 1,5 183,9999 0
494| 1,8 187,9999 0
495| 2,1 191,9999 0
496| 2,4 195,9999 0
497| 2,7 199,9999 0
498| 3 203,9999 0
499| 3,299999 207,9999 0
500| 3,599999 211,9999 0
501| 3,899999 215,9999 0
502| 4,2 219,9999 0
503| 4,5 223,9999 0
504| 4,8 227,9999 0
505| 5,1 231,9999 0
506| 5,4 235,9999 0
507| 5,7 239,9999 0
508| 6 243,9999 0
509| 6,300001 247,9999 0
510| 6,600001 251,9999 0
511| 6,900001 255,9999 0
512| 7,200001 259,9999 0
513| 7,500001 263,9999 0
514| 7,800001 267,9999 0
515| 8,1 271,9998 0
516| 8,4 275,9998 0
517| 8,7 279,9998 0
518| 8,999999 283,9998 0
519| 9,299999 287,9998 0
520| 9,599998 291,9998 0
521| 9,899999 295,9998 0
522| 10,2 299,9998 0
523| 10,5 303,9998 0
524| 10,8 307,9998 0
525| 11,1 311,9998 0
526| 11,4 315,9998 0
527| 11,7 319,9998 0
528| 0 323,9998 0
529| 0 327,9998 0
530| 0 331,9998 0
531| 0 335,9998 0
532| -0,3 339,9998 0
533| -0,6 343,9998 0
534| -0,9 347,9998 0
535| -1,2 351,9998 0
536| -1,5 355,9998 0
537| -1,8 359,9998 0
538| -2,1 363,9998 0
539| -2,4 367,9998 0
540| -2,7 371,9998 0
541| -3 375,9998 0
542| -3,299999 379,9998 0
543| -3,599999 383,9998 0
544| -3,899999 387,9998 0
545| -4,2 391,9998 0
546| -4,5 395,9998 0
547| -4,8 399,9997 0
548| -5,1 400 0
549| -5,4 400 0
550| -5,7 400 0
551| -6 400 0
552| -6,300001 400 0
553| -6,600001 400 0
554| -6,900001 400 0
555| -7,200001 400 0
556| -7,500001 400 0
557| 0 400 0
558| 0,3 400 0
559| 0,6 400 0
560| 0,9 400 0
561| 1,2 400 0
562| 1,5 400 0
563| 1,8 400 0
564| 2,1 400 0
565| 2,4 400 0
566| 2,7 400 0
567| 3 400 0
568| 3,299999 400 0
569| 3,599999 400 0
570| 3,899999 400 0
571| 4,2 400 0
572| 4,5 400 0
573| 4,8 400 0
574| 5,1 400 0
575| 5,4 400 0
576| 5,7 400 0
577| 6 400 0
578| 6,300001 400 0
579| 6,600001 400 0
580| 6,900001 400 0
581| 7,200001 400 0
582| 7,500001 400 0
583| 7,800001 400 0
584| 8,1 400 0
585| 8,4 400 0
586| 8,7 400 0
587| 8,999999 400 0
588| 9,299999 400 0
589| 9,599998 400 0
590| 9,899999 400 0
591| 10,2 400 0
592| 10,5 400 0
593| 10,8 400 0
594| 11,1 400 0
595| 11,4 400 0
596| 11,7 400 0
597| 12 400 0
598| 12,3 400 0
599| 12,6 400 0
600| 12,9 400 0
601| 13,2 400 0
602| 13,5 400 0
603| 13,79999 400 0
604| 14,09999 400 0
605| 14,39999 400 0
606| 14,69999 400 0
607| 14,99999 400 0
608| 15,29999 400 0
609| 15,59999 400 0
610| 15,89999 400 0
611| 15,89999 400 0
612| 15,89999 400 0
613| 15,89999 400 0
614| 15,89999 400 0
615| 15,89999 400 0
616| 15,89999 400 0
617| 15,89999 400 0
618| 15,89999 400 0
619| 15,89999 400 0
620| 15,89999 400 0
621| 0 400 0
622| -0,3 400 0
623| -0,6 400 0
624| -0,9 400 0
625| -1,2 400 0
626| -1,5 400 0
627| -1,8 400 0
628| -2,1 400 0
629| -2,4 400 0
630| -2,7 400 0
631| 0 0 0
632| 0 0 0
633| 0 0 0
634| 0 0 0
635| 0 0 0
636| 0 0 0
637| 0 0 0
638| 0 0 0
639| 0 0 0
640| 0 0 0
641| 0 0 0
642| 0 0 0
643| 0 0 0
644| 0 0 0
645| 0 0 0
646| 0 0 0
647| 0 0 0
648| 0 0 0
649| 0 0 0
650| 0 0 0
651| 0 0 0
652| 0 0 0
653| 0 0 0
654| 0 0 0
655| -0,3 0 0
656| -0,6 0 0
657| -0,9 0 0
658| -1,2 0 0
659| -1,5 0 0
660| -1,8 0 0
661| -2,1 0 0
662| -2,4 0 0
663| -2,7 0 0
664| -3 0 0
665| -3,299999 -4 0
666| -3,599999 -8 0
667| -3,599999 -12 0
668| -3,599999 -16 0
669| -3,599999 -20 0
670| -3,599999 -24 0
671| -3,599999 -28 0
672| 0 -32 0
673| 0,3 -36 0
674| 0,6 -40 0
675| 0,9 -43,99999 0
676| 1,2 -43,99999 0
677| 1,5 -43,99999 0
678| 1,8 -43,99999 0
679| 2,1 -43,99999 0
680| 2,4 -43,99999 0
681| 2,7 -43,99999 0
682| 3 -43,99999 0
683| 3,299999 -43,99999 0
684| 3,599999 -43,99999 0
685| 3,899999 -43,99999 0
686| 4,2 -43,99999 0
687| 4,5 -43,99999 0
688| 4,8 -43,99999 0
689| 5,1 -43,99999 0
690| 5,4 -43,99999 0
691| 5,7 -43,99999 0
692| 6 -43,99999 0
693| 6,300001 -43,99999 0
694| 6,600001 -43,99999 0
695| 6,900001 -43,99999 0
696| 7,200001 -47,99999 0
697| 7,500001 -51,99999 0
698| 7,800001 -55,99999 0
699| 8,1 -60 0
700| 8,4 -64 0
701| 8,7 -68 0
702| 8,999999 -72 0
703| 9,299999 -76,00001 0
704| 9,599998 -80,00001 0
705| 9,899999 -84,00001 0
706| 10,2 -88,00002 0
707| 10,5 -92,00002 0
708| 10,8 -96,00002 0
709| 11,1 -100 0
710| 11,4 -104 0
711| 11,7 -108 0
712| 12 -112 0
713| 12,3 -116 0
714| 12,6 -120 0
715| 12,9 -124 0
716| 13,2 -128 0
717| 13,5 -132 0
718| 13,79999 -136 0
719| 14,09999 -140 0
720| 14,39999 -144 0
721| 14,69999 -148 0
722| 14,99999 -152 0
723| 15,29999 -156 0
724| 15,59999 -160 0
725| 15,89999 -164 0
726| 16,19999 -168 0
727| 16,49999 -171,9999 0
728| 0 -175,9999 0
729| 0 -179,9999 0
730| 0 -183,9999 0
731| 0 -187,9999 0
732| -0,3 -191,9999 0
733| -0,6 -195,9999 0
734| -0,9 -195,9999 0
735| -1,2 -195,9999 0
736| -1,5 -195,9999 0
737| -1,8 -195,9999 0
738| -2,1 -195,9999 0
739| -2,4 -195,9999 0
740| -2,7 -195,9999 0
741| -3 -195,9999 0
742| -3,299999 -195,9999 0
743| -3,599999 -195,9999 0
744| -3,899999 -195,9999 0
745| -4,2 -195,9999 0
746| -4,5 -195,9999 0
747| -4,8 -195,9999 0
748| -5,1 -195,9999 0
749| -5,4 -195,9999 0
750| -5,7 -195,9999 0
751| -6 -195,9999 0
752| -6,300001 -195,9999 0
753| -6,600001 -195,9999 0
754| -6,900001 -195,9999 0
755| -7,200001 -195,9999 0
756| -7,500001 -195,9999 0
757| -7,800001 -195,9999 0
758| -8,1 -195,9999 0
759| -8,4 -195,9999 0
760| -8,7 -195,9999 0
761| -8,999999 -195,9999 0
762| -9,299999 -195,9999 0
763| -9,599998 -195,9999 0
764| -9,899999 -195,9999 0
765| -10,2 -195,9999 0
766| -10,5 -195,9999 0
767| -10,8 -195,9999 0
768| -11,1 -195,9999 0
769| -11,4 -195,9999 0
770| -11,7 -195,9999 0
771| -12 -195,9999 0
772| -12,3 -195,9999 0
773| -12,6 -195,9999 0
774| -12,9 -195,9999 0
775| -13,2 -195,9999 0
776| -13,5 -195,9999 0
777| -13,79999 -195,9999 0
778| -14,09999 -195,9999 0
779| -14,39999 -195,9999 0
780| -14,69999 -195,9999 0
781| -14,99999 -195,9999 0
782| -15,29999 -195,9999 0
783| -15,59999 -195,9999 0
784| -15,89999 -195,9999 0
785| -16,19999 -195,9999 0
786| -16,49999 -195,9999 0
787| -16,79999 -195,9999 0
788| -17,09999 -195,9999 0
789| -17,39999 -195,9999 0
790| -17,69999 -195,9999 0
791| -17,99999 -195,9999 0
792| -18,29999 -195,9999 0
793| -18,59999 -195,9999 0
794| -18,89999 -195,9999 0
795| -19,19999 -195,9999 0
796| -19,49999 -195,9999 0
797| -19,79999 -195,9999 0
798| -20,09999 -195,9999 0
799| -20,39999 -195,9999 0
800| -20,69999 -195,9999 0
801| -20,99999 -195,9999 0
802| -21,29999 -195,9999 0
803| -21,59999 -195,9999 0
804| -21,89999 -195,9999 0
805| -22,19999 -195,9999 0
806| -22,49999 -195,9999 0
807| -22,79999 0 0
808| -23,09999 4 0
809| -23,39999 8 0
810| -23,69999 12 0
811| -23,99999 16 0
812| -24,29999 20 0
813| -24,59999 24 0
814| -24,89998 28 0
815| -25,19999 32 0
816| -25,49998 36 0
817| 0 40 0
818| 0,3 43,99999 0
819| 0,6 47,99999 0
820| 0,9 51,99999 0
821| 1,2 55,99999 0
822| 1,5 60 0
823| 1,8 64 0
824| 2,1 68 0
825| 2,4 72 0
826| 2,7 76,00001 0
827| 3 80,00001 0
828| 3 84,00001 0
829| 3 88,00002 0
830| 3 92,00002 0
831| 3 96,00002 0
832| 3 100 0
833| 0 0 0
834| 0 0 0
835| 0 0 0
836| 0 0 0
837| 0 0 0
838| 0 0 0
839| 0 0 0
840| 0 0 0
841| 0 0 0
842| 0 0 0
843| 0 0 0
844| 0 0 0
845| 0 0 0
846| 0 0 0
847| 0 0 0
848| 0 0 0
849| 0 0 0
850| 0 0 0
851| 0 0 0
852| 0 0 0
853| 0 0 0
854| 0 0 0
855| 0 0 0
856| 0 0 0
857| 0 0 0
858| 0 0 0
859| 0 0 0
860| 0 0 0
861| 0 0 0
862| 0 0 0
863| 0 0 0
864| 0 0 0
865| 0 0 0
866| 0 0 0
867| 0,3 0 0
868| 0,6 0 0
869| 0,9 0 0
870| 1,2 0 0
871| 1,5 0 0
872| 1,8 0 0
873| 2,1 0 0
874| 2,4 0 0
875| 2,7 0 0
876| 3 0 0
877| 3,299999 0 0
878| 3,599999 0 0
879| 3,899999 4 0
880| 4,2 8 0
881| 4,2 12 0
882| 4,2 16 0
883| 4,2 20 0
884| 4,2 24 0
885| 4,2 28 0
886| 4,2 32 0
887| 4,2 36 0
888| 4,2 40 0
889| 4,2 43,99999 0
890| 4,2 47,99999 0
891| 4,2 51,99999 0
892| 4,2 55,99999 0
893| 4,2 60 0
894| 4,2 64 0
895| 4,2 68 0
896| 4,2 72 0
897| 4,2 76,00001 0
898| 4,2 80,00001 0
899| 4,2 84,00001 0
900| 4,2 88,00002 0
901| 4,2 92,00002 0
902| 4,2 96,00002 0
903| 4,2 100 0
904| 4,2 104 0
905| 4,2 108 0
906| 4,2 112 0
907| 4,2 116 30000
908| 4,2 120 30000
909| 4,2 124 30000
910| 4,2 128 30000
911| 4,2 132 30000
912| 4,2 136 30000
913| 4,2 140 30000
914| 4,2 144 30000
915| 4,2 148 30000
916| 4,2 152 30000
917| 4,2 156 30000
918| 4,2 160 30000
919| 4,2 164 30000
920| 4,2 168 30000
921| 4,2 171,9999 30000
922| 4,2 175,9999 30000
923| 4,2 179,9999 30000
924| 4,2 183,9999 30000
925| 4,2 187,9999 30000
926| 4,2 191,9999 30000
927| 4,2 195,9999 30000
928| 4,2 199,9999 30000
929| 4,2 203,9999 30000
930| 4,2 207,9999 30000
931| 4,2 211,9999 30000
932| 4,2 215,9999 30000
933| 4,2 219,9999 30000
934| 4,2 223,9999 30000
935| 4,2 227,9999 30000
936| 4,2 231,9999 30000
937| 4,2 235,9999 30000
938| 4,2 239,9999 30000
939| 4,2 243,9999 30000
940| 4,2 247,9999 30000
941| 4,2 251,9999 30000
942| 4,2 255,9999 30000
943| 4,2 259,9999 30000
944| 4,2 263,9999 30000
945| 4,2 267,9999 30000
946| 4,2 271,9998 30000
947| 4,2 275,9998 30000
948| 4,2 279,9998 30000
949| 4,2 283,9998 30000
950| 4,2 287,9998 0
951| 0 0 0
952| 0 0 0
953| 0 0 0
954| 0 0 0
955| 0 0 0
956| 0 0 0
957| 0 0 0
958| 0 0 0
959| 0 0 0
960| 0 0 0
961| 0 0 0
962| 0 0 0
963| 0 0 0
964| 0 0 0
965| 0 0 0
966| 0 0 0
967| 0 0 0
968| 0 0 0
969| 0 0 0
970| 0 0 0
971| 0 0 0
972| 0 0 0
973| 0 0 0
974| 0 0 0
975| 0 0 0
976| 0 0 0
977| 0 0 0
978| 0 0 0
979| 0 0 0
980| 0 0 0
981| 0 4 0
982| 0 8 0
983| 0 12 0
984| 0 16 0
985| 0 20 0
986| 0 24 0
987| 0 28 0
988| 0 32 0
989| 0 36 0
990| 0 40 0
991| 0 43,99999 0
992| 0 47,99999 0
993| 0 51,99999 0
994| 0 55,99999 0
995| 0 60 0
996| 0 64 0
997| 0 68 0
998| 0 72 0
999| 0 76,00001 0
1000| 0 80,00001 0
1001| 0 84,00001 0
1002| 0 88,00002 0
1003| 0 92,00002 0
1004| 0 96,00002 0
1005| 0 100 0
1006| 0 104 0
1007| 0 108 0
1008| 0 112 0
1009| 0 116 0
1010| 0 120 0
1011| 0 124 0
1012| 0 128 0
1013| 0 132 0
1014| 0 136 0
1015| 0 140 0
1016| 0 144 0
1017| 0 148 0
1018| 0 152 0
1019| 0 156 0
1020| 0 160 0
1021| 0 164 0
1022| 0 168 0
1023| 0 171,9999 0
1024| 0 175,9999 0
1025| 0 179,9999 0
1026| 0 183,9999 0
1027| 0 187,9999 0
1028| 0 191,9999 0
1029| 0 195,9999 0
1030| 0 199,9999 0
1031| 0 203,9999 0
1032| 0 207,9999 0
1033| 0 211,9999 0
1034| 0 215,9999 0
1035| 0 219,9999 0
1036| 0 223,9999 0
1037| 0 227,9999 0
1038| 0 231,9999 0
1039| 0 235,9999 0
1040| 0 239,9999 0
1041| 0 243,9999 0
1042| 0 247,9999 0
1043| 0 251,9999 0
1044| 0 255,9999 0
1045| 0 259,9999 0
1046| 0 263,9999 0
1047| 0 267,9999 0
1048| 0 271,9998 0
1049| 0 275,9998 0
1050| 0 279,9998 0
1051| 0 283,9998 0
1052| 0 287,9998 0
1053| 0 291,9998 0
1054| 0 295,9998 0
1055| 0 299,9998 0
1056| 0 303,9998 0
1057| 0 307,9998 0
1058| 0 311,9998 0
1059| 0 315,9998 0
1060| 0 319,9998 0
1061| 0 323,9998 0
1062| 0 327,9998 0
1063| 0 331,9998 0
1064| 0 335,9998 0
1065| 0 339,9998 0
1066| 0 343,9998 0
1067| 0 0 0
1068| 0 0 0
1069| 0 0 0
1070| 0 0 0
1071| 0 0 0
1072| 0 0 0
1073| 0 0 0
1074| 0 0 0
1075| 0 0 0
1076| 0 0 0
1077| 0 0 0
1078| 0 0 0
1079| 0 0 0
1080| 0 0 0
1081| 0 0 0
1082| 0 0 0
1083| 0 0 0
1084| 0 0 0
1085| 0 0 0
1086| 0 0 0
1087| 0 0 0
1088| 0 0 0
1089| 0 0 0
1090| 0 0 0
1091| 0 0 0
1092| 0 0 0
1093| 0 0 0
1094| 0 0 0
1095| 0 0 0
1096| 0 0 0
1097| 0 0 0
1098| 0 0 0
1099| 0 0 0
1100| 0 0 0
1101| 0 0 0
1102| 0 0 0
1103| 0 0 0
1104| 0 0 0
1105| 0 0 0
1106| 0 0 0
1107| 0 0 0
1108| 0 0 0
1109| 0 0 0
1110| 0 0 0
1111| 0 0 0
1112| 0 0 0
1113| 0 0 0
1114| 0 0 0
1115| 0 0 0
1116| 0 0 0
1117| 0 0 0
1118| 0 0 0
1119| 0 0 0
1120| 0 0 0
1121| 0 0 0
1122| 0 0 0
1123| 0 0 0
1124| 0 0 0
1125| 0 0 0
1126| 0 0 0
1127| 0 0 0
1128| 0 0 0
1129| 0 0 0
1130| 0 0 0
1131| 0 0 0
1132| 0 0 0
1133| 0 0 0
1134| 0 0 0
1135| 0 0 0
1136| 0 0 0
1137| 0 0 0
1138| 0 0 0
1139| 0 0 0
1140| 0 0 0
1141| 0 0 0
1142| 0 0 0
1143| 0 0 0
1144| 0 0 0
1145| 0 0 0
1146| 0 0 0
1147| 0 0 0
1148| 0 0 0
1149| 0 0 0
1150| 0 0 0
1151| 0 0 0
1152| 0 0 0
1153| 0 0 0
1154| 0 0 0
1155| 0 0 0
1156| 0 0 0
1157| 0 0 0
1158| 0 4 0
1159| 0 8 0
1160| 0 12 0
1161| 0 16 0
1162| 0 20 0
1163| 0 24 0
1164| 0 28 0
1165| 0 32 0
1166| 0 36 0
1167| 0 40 0
1168| 0 43,99999 0
1169| 0 47,99999 0
1170| 0 51,99999 0
1171| 0 55,99999 0
1172| 0 60 0
1173| 0,3 64 0
1174| 0,6 68 0
1175| 0,9 72 0
1176| 1,2 76,00001 0
1177| 1,2 80,00001 0
1178| 1,2 84,00001 0
1179| 1,2 88,00002 0
1180| 1,2 92,00002 0
1181| 1,2 96,00002 0
1182| 1,2 100 0
1183| 1,2 104 0
1184| 1,2 108 0
1185| 1,2 112 0
1186| 1,2 116 0
1187| 1,2 120 0
1188| 0 0 0
1189| 0 0 0
1190| 0 0 0
1191| 0 0 0
1192| 0 0 0
1193| 0 0 0
1194| 0 0 0
1195| 0 0 0
1196| 0 0 0
1197| 0 0 0
1198| 0 0 0
1199| 0 0 0
1200| 0 0 0
1201| 0 0 0
1202| 0 4 0
1203| 0 8 0
1204| 0 12 0
1205| 0 16 0
1206| 0 20 0
1207| 0 24 0
1208| 0 0 0
1209| 0 0 0
1210| 0 0 0
1211| 0 0 0
1212| 0 0 0
1213| 0 0 0
1214| 0 0 0
1215| 0 0 0
1216| 0 0 0
1217| 0 0 0
1218| 0 0 0
1219| 0 0 0
1220| 0 0 0
1221| 0 0 0
1222| 0 0 0
1223| 0 0 0
1224| 0 0 0
1225| -0,3 0 0
1226| -0,6 0 0
1227| -0,9 0 0
1228| -1,2 0 0
1229| -1,5 0 0
1230| -1,8 0 0
1231| -2,1 0 0
1232| -2,4 0 0
1233| -2,7 0 0
1234| -3 0 0
1235| -3,299999 0 0
1236| -3,599999 0 0
1237| -3,899999 0 0
1238| -4,2 0 0
1239| -4,5 0 0
1240| -4,8 0 0
1241| -5,1 0 0
1242| -5,4 4 0
1243| -5,7 8 0
1244| -6 12 0
1245| -6,300001 16 0
1246| -6,600001 20 0
1247| -6,900001 24 0
1248| -7,200001 28 0
1249| -7,500001 32 0
1250| -7,800001 36 0
1251| -8,1 40 0
1252| -8,4 43,99999 0
1253| -8,7 47,99999 0
1254| -8,999999 51,99999 0
1255| -9,299999 55,99999 0
1256| -9,599998 60 0
1257| -9,899999 64 0
1258| -10,2 68 0
1259| -10,5 72 0
1260| -10,8 76,00001 0
1261| -11,1 80,00001 0
1262| -11,4 84,00001 0
1263| -11,7 88,00002 0
1264| -12 92,00002 0
1265| -12,3 96,00002 0
1266| -12,6 100 0
1267| -12,9 104 0
1268| -13,2 108 0
1269| -13,5 112 0
1270| -13,79999 116 0
1271| -14,09999 120 0
1272| -14,39999 124 0
1273| -14,69999 128 0
1274| -14,99999 132 0
1275| -15,29999 136 0
1276| -15,59999 140 0
1277| -15,89999 144 0
1278| -16,19999 148 0
1279| -16,49999 152 0
1280| -16,79999 156 0
1281| -17,09999 160 0
1282| -17,39999 164 0
1283| -17,69999 168 0
1284| -17,99999 171,9999 0
1285| -18,29999 175,9999 0
1286| -18,59999 179,9999 0
1287| -18,89999 183,9999 0
1288| -19,19999 187,9999 0
1289| -19,49999 191,9999 0
1290| -19,79999 195,9999 0
1291| -20,09999 199,9999 0
1292| -20,39999 203,9999 0
1293| -20,69999 207,9999 0
1294| -20,99999 211,9999 0
1295| -21,29999 215,9999 0
1296| -21,59999 219,9999 0
1297| -21,89999 223,9999 0
1298| -22,19999 227,9999 0
1299| -22,49999 231,9999 0
1300| -22,79999 235,9999 0
1301| -23,09999 239,9999 0
1302| -23,39999 243,9999 0
1303| -23,69999 247,9999 0
1304| -23,99999 251,9999 0
1305| -24,29999 255,9999 0
1306| -24,59999 259,9999 0
1307| -24,89998 263,9999 0
1308| -25,19999 267,9999 0
1309| -25,49998 271,9998 0
1310| -25,79998 275,9998 0
1311| -26,09998 279,9998 0
1312| -26,39998 283,9998 0
1313| -26,69998 287,9998 0
1314| -26,99998 291,9998 0
1315| -26,99998 295,9998 0
1316| -26,99998 299,9998 0
1317| 0 0 0
1318| 0 0 0
1319| 0 0 0
1320| 0 0 0
1321| 0 0 0
1322| 0 0 0
1323| 0 0 0
1324| 0 0 0
1325| 0 0 0
1326| 0 0 0
1327| 0 0 0
1328| 0 0 0
1329| 0 0 0
1330| 0 0 0
1331| 0 0 0
1332| 0 0 0
1333| 0 0 0
1334| 0 0 0
1335| 0 0 0
1336| 0 0 0
1337| 0 0 0
1338| 0 0 0
1339| 0 0 0
1340| 0 0 0
1341| 0 0 0
1342| 0 0 0
1343| 0 0 0
1344| 0 0 0
1345| 0 0 0
1346| 0 0 0
1347| 0 0 0
1348| 0 0 0
1349| 0 0 0
1350| 0 0 0
1351| 0 0 0
1352| 0 0 0
1353| 0 0 0
1354| 0 0 0
1355| 0 0 0
1356| 0 0 0
1357| 0 0 0
1358| 0 0 0
1359| 0 0 0
1360| -0,3 0 0
1361| -0,6 0 0
1362| -0,9 0 0
1363| -1,2 0 0
1364| -1,5 0 0
1365| -1,8 0 0
1366| -2,1 0 0
1367| -2,4 0 0
1368| -2,7 0 0
1369| -3 0 0
1370| -3,299999 0 0
1371| -3,599999 0 0
1372| -3,899999 0 0
1373| -4,2 0 0
1374| -4,5 0 0
1375| -4,8 0 0
1376| -5,1 0 0
1377| -5,4 0 0
1378| -5,7 0 0
1379| -6 0 0
1380| -6,300001 0 0
1381| -6,600001 0 0
1382| -6,900001 0 0
1383| -7,200001 0 0
1384| -7,500001 0 0
1385| -7,800001 0 0
1386| -8,1 0 0
1387| 0 0 0
1388| 0 0 0
1389| 0 0 0
1390| 0 0 0
1391| 0 0 0
1392| 0 0 0
1393| 0 0 0
1394| 0 0 0
1395| 0 0 0
1396| 0 0 0
1397| 0 0 0
1398| 0 0 0
1399| 0 0 0
1400| 0 0 0
1401| 0 0 0
1402| 0 0 0
1403| 0 0 0
1404| 0 0 0
1405| 0 0 0
1406| 0 0 0
1407| 0 0 0
1408| 0 0 0
1409| 0 0 0
1410| 0 0 0
1411| 0 0 0
1412| 0 0 0
1413| 0 0 0
1414| 0 0 0
1415| 0 0 0
1416| 0 0 0
1417| 0 0 0
1418| 0 0 0
1419| 0 0 0
1420| 0 0 0
1421| -0,3 0 0
1422| -0,6 0 0
1423| -0,9 0 0
1424| -1,2 0 0
1425| -1,5 0 0
1426| -1,8 0 0
1427| -2,1 0 0
1428| -2,4 0 0
1429| -2,7 0 0
1430| -3 0 0
1431| -3,299999 0 0
1432| -3,599999 0 0
1433| -3,899999 0 0
1434| -4,2 0 0
1435| -4,5 0 0
1436| -4,8 0 0
1437| -5,1 0 0
1438| -5,4 0 0
1439| -5,7 0 0
1440| -6 0 0
1441| -6,300001 0 0
1442| -6,600001 0 0
1443| -6,900001 0 0
1444| -7,200001 0 0
1445| -7,500001 0 0
1446| -7,800001 0 0
1447| -8,1 0 0
1448| -8,4 0 0
1449| -8,7 0 0
1450| -8,999999 0 0
1451| -9,299999 0 0
1452| -9,599998 0 0
1453| -9,899999 0 0
1454| -10,2 0 0
1455| -10,5 0 0
1456| -10,8 0 0
1457| -11,1 0 0
1458| -11,4 0 0
1459| 0 0 0
1460| 0 0 0
1461| 0 0 0
1462| 0 0 0
1463| 0,3 0 0
1464| 0,6 0 0
1465| 0,9 0 0
1466| 1,2 0 0
1467| 1,5 0 0
1468| 1,8 0 0
1469| 2,1 0 0
1470| 2,4 0 0
1471| 2,7 0 0
1472| 3 0 0
1473| 3,299999 0 0
1474| 3,599999 0 0
1475| 3,899999 0 0
1476| 4,2 0 0
1477| 4,5 0 0
1478| 4,8 0 0
1479| 5,1 0 0
1480| 5,4 0 0
1481| 5,7 0 0
1482| 6 0 0
1483| 6,300001 0 0
1484| 6,600001 0 0
1485| 6,900001 0 0
1486| 7,200001 0 0
1487| 7,500001 0 0
1488| 7,800001 0 0
1489| 8,1 0 0
1490| 8,4 0 0
1491| 8,7 0 0
1492| 8,999999 0 0
1493| 9,299999 0 0
1494| 9,599998 0 0
1495| 9,899999 0 0
1496| 10,2 0 0
1497| 10,5 0 0
1498| 10,8 0 0
1499| 11,1 0 0
1500| 11,4 0 0
1501| 11,7 0 0
1502| 0 0 0
1503| 0 0 0
1504| 0 0 0
1505| 0 0 0
1506| 0 0 0
1507| 0 0 0
1508| 0 0 0
1509| 0 0 0
1510| 0 0 0
1511| 0 0 0
1512| 0 0 0
1513| 0 0 0
1514| 0 0 0
1515| 0 0 0
1516| 0 0 0
1517| 0 0 0
1518| 0 0 0
1519| 0 0 0
1520| 0 0 0
1521| 0 0 0
1522| 0 0 0
1523| 0 0 0
1524| 0 0 0
1525| 0 0 0
1526| 0,3 0 0
1527| 0,6 0 0
1528| 0,9 0 0
1529| 1,2 0 0
1530| 1,5 0 0
1531| 1,8 0 0
1532| 0 0 0
1533| 0 0 0
1534| 0 0 0
1535| 0 0 0
1536| 0 0 0
1537| 0 0 0
1538| 0 0 0
1539| 0 0 0
1540| 0 0 0
1541| 0 0 0
1542| 0 0 0
1543| 0 0 0
1544| 0 0 0
1545| 0 0 0
1546| 0,3 0 0
1547| 0,6 0 0
1548| 0,9 0 0
1549| 1,2 0 0
1550| 1,5 0 0
1551| 0 0 0
1552| 0,3 0 0
1553| 0,6 0 0
1554| 0,9 0 0
1555| 1,2 0 0
1556| 1,5 0 0
1557| 1,8 0 0
1558| 2,1 0 0
1559| 2,4 0 0
1560| 2,7 0 0
1561| 3 0 0
1562| 3,299999 0 0
1563| 3,599999 0 0
1564| 3,899999 0 0
1565| 4,2 0 0
1566| 4,5 0 0
1567| 4,8 0 0
1568| 5,1 0 0
1569| 5,4 0 0
1570| 5,7 0 0
1571| 6 0 0
1572| 6,300001 0 0
1573| 6,600001 0 0
1574| 6,900001 0 0
1575| 7,200001 0 0
1576| 7,500001 0 0
1577| 7,800001 0 0
1578| 8,1 0 0
1579| 8,4 0 0
1580| 8,7 0 0
1581| 8,999999 0 0
1582| 9,299999 0 0
1583| 9,599998 0 0
1584| 9,899999 0 0
1585| 10,2 0 0
1586| 10,5 0 0
1587| 10,8 0 0
1588| 11,1 0 0
1589| 11,4 0 0
1590| 11,7 0 0
1591| 12 0 0
1592| 12,3 0 0
1593| 12,6 0 0
1594| 12,9 0 0
1595| 13,2 0 0
1596| 13,5 0 0
1597| 13,79999 0 0
1598| 14,09999 0 0
1599| 14,39999 0 0
1600| 14,69999 0 0
1601| 14,99999 0 0
1602| 15,29999 0 0
1603| 0 0 0
1604| 0 0 0
1605| 0 0 0
1606| 0 0 0
1607| 0 0 0
1608| 0 0 0
1609| 0 0 0
1610| 0 0 0
1611| 0 0 0
1612| 0 0 0
1613| 0 0 0
1614| 0 0 0
1615| 0 0 0
1616| 0 0 0
1617| 0 0 0
1618| 0 0 0
1619| 0 0 0
1620| 0 0 0
1621| 0 0 0
1622| 0 0 0
1623| 0 0 0
1624| 0 0 0
1625| 0 0 0
1626| 0 0 0
1627| 0 0 0
1628| 0 0 0
1629| 0 0 0
1630| 0 0 0
1631| 0 0 0
1632| 0 0 0
1633| 0 0 0
1634| 0 0 0
1635| 0 0 0
1636| 0 0 0
1637| 0 0 0
1638| 0 0 0
1639| 0 0 0
1640| 0,3 0 0
1641| 0,6 0 0
1642| 0,9 0 0
1643| 1,2 0 0
1644| 1,5 0 0
1645| 1,8 0 0
1646| 2,1 0 0
1647| 2,4 0 0
1648| 2,7 0 0
1649| 3 0 0
1650| 3,299999 0 0
1651| 3,599999 0 0
1652| 3,899999 0 0
1653| 4,2 0 0
1654| 4,5 0 0
1655| 4,8 0 0
1656| 5,1 0 0
1657| 5,4 0 0
1658| 5,7 0 0
1659| 6 0 0
1660| 6,300001 0 0
1661| 6,600001 0 0
1662| 6,900001 0 0
1663| 7,200001 0 0
1664| 7,500001 0 0
1665| 7,800001 0 0
1666| 8,1 0 0
1667| 8,4 0 0
1668| 8,7 0 0
1669| 8,999999 0 0
1670| 9,299999 0 0
1671| 9,599998 0 0
1672| 9,899999 0 0
1673| 10,2 0 0
1674| 10,5 0 0
1675| 10,8 0 0
1676| 11,1 0 0
1677| 11,4 0 0
1678| 11,7 0 0
1679| 12 0 0
1680| 12,3 0 0
1681| 12,6 0 0
1682| 0 0 0
1683| 0 0 0
1684| 0 0 0
1685| 0 0 0
1686| 0 0 0
1687| 0 0 0
1688| 0 0 0
1689| 0 0 0
1690| 0 0 0
1691| 0 0 0
1692| 0 0 0
1693| 0 0 0
1694| 0 0 0
1695| 0 0 0
1696| 0 0 0
1697| 0 0 0
1698| 0 0 0
1699| 0 0 0
1700| 0 0 0
1701| 0 0 0
1702| 0 0 0
1703| 0 0 0
1704| 0 0 0
1705| 0 0 0
1706| 0 0 0
1707| 0 0 0
1708| 0 0 0
1709| 0 0 0
1710| 0 0 0
1711| 0 0 0
1712| 0 0 0
1713| 0 0 0
1714| 0 0 0
1715| 0 0 0
1716| 0 0 0
1717| 0 0 0
1718| 0 0 0
1719| 0 0 0
1720| 0 0 0
1721| 0 0 0
1722| 0,3 0 0
1723| 0,6 0 0
1724| 0,9 0 0
1725| 1,2 0 0
1726| 1,5 0 0
1727| 1,8 0 0
1728| 0 0 0
1729| 0 0 0
1730| 0 0 0
1731| 0 0 0
1732| 0 0 0
1733| 0 0 0
1734| 0 0 0
1735| 0 0 0
1736| 0 0 0
1737| 0 0 0
1738| 0 0 0
1739| 0 0 0
1740| 0 0 0
1741| 0 0 0
1742| 0 0 0
1743| 0 0 0
1744| 0 0 0
1745| 0 0 0
1746| 0 0 0
1747| 0,3 0 0
1748| 0,6 0 0
1749| 0,9 0 0
1750| 1,2 0 0
1751| 1,5 0 0
1752| 1,8 0 0
1753| 2,1 0 0
1754| 2,4 0 0
1755| 2,7 0 0
1756| 3 0 0
1757| 3,299999 0 0
1758| 3,599999 0 0
1759| 3,899999 0 0
1760| 4,2 0 0
1761| 4,5 0 0
1762| 4,8 0 0
1763| 5,1 0 0
1764| 5,4 0 0
1765| 5,7 0 0
1766| 6 0 0
1767| 6,300001 0 0
1768| 6,600001 0 0
1769| 6,900001 0 0
1770| 7,200001 0 0
1771| 7,500001 0 0
1772| 7,800001 0 0
1773| 8,1 0 0
1774| 8,4 0 0
1775| 8,7 0 0
1776| 8,999999 0 0
1777| 9,299999 0 0
1778| 9,599998 0 0
1779| 9,899999 0 0
1780| 10,2 0 0
1781| 10,5 0 0
1782| 10,8 0 0
1783| 11,1 0 0
1784| 11,4 0 0
1785| 11,7 0 0
1786| 12 0 0
1787| 12,3 0 0
1788| 12,6 0 0
1789| 12,9 0 0
1790| 13,2 0 0
1791| 13,5 0 0
1792| 13,79999 0 0
1793| 14,09999 0 0
1794| 14,39999 0 0
1795| 14,69999 0 0
1796| 14,99999 0 0
1797| 15,29999 0 0
1798| 15,59999 0 0
1799| 15,89999 0 0
1800| 16,19999 0 0
1801| 16,49999 0 0
1802| 16,79999 0 0
1803| 17,09999 0 0
1804| 17,39999 0 0
1805| 0 0 0
1806| 0 0 0
1807| 0 0 0
1808| 0 0 0
1809| 0 0 0
1810| 0 0 0
1811| 0 0 0
1812| 0 0 0
1813| 0 0 0
1814| 0 0 0
1815| 0 0 0
1816| 0 0 0
1817| 0 0 0
1818| 0 0 0
1819| 0 0 0
1820| 0 0 0
1821| 0 0 0
1822| 0 0 0
1823| 0 0 0
1824| 0 0 0
1825| 0 0 0
1826| 0 0 0
1827| 0 0 0
1828| 0 0 0
1829| 0 0 0
1830| 0 0 0
1831| 0 0 0
1832| 0 0 0
1833| 0 0 0
1834| 0 0 0
1835| 0 0 0
1836| 0 0 0
1837| 0 0 0
1838| 0 0 0
1839| 0 0 0
1840| 0 0 0
1841| 0 0 0
1842| 0 0 0
1843| 0 0 0

