1| 0 0 0
2| 0 0 0
3| 0 0 0
4| 0 0 0
5| 0 0 0
6| 0 0 0
7| 0 0 0
8| 0 0 0
9| 0 0 0
10| 0 0 0
11| 0 0 0
12| 0 0 0
13| 0 0 0
14| 0 0 0
15| 0 0 0
16| 0 0 0
17| 0 0 0
18| 0 0 0
19| 0 0 0
20| 0 0 0
21| 0 0 0
22| 0 0 0
23| 0 0 0
24| 0 0 0
25| 0 0 0
26| 0 0 0
27| 0 0 0
28| 0 0 0
29| 0 0 0
30| 0 0 0
31| 0 0 0
32| 0 0 0
33| 0 0 0
34| 0 0 0
35| 0 0 0
36| 0 0 0
37| 0 0 0
38| 0 0 0
39| 0 0 0
40| 0 0 0
41| 0 0 0
42| 0 0 0
43| 0 0 0
44| 0 0 0
45| 0 0 0
46| 0 0 0
47| 0 0 0
48| 0 0 0
49| 0 0 0
50| 0 0 0
51| 0 0 0
52| 0 0 0
53| 0 0 0
54| 0 0 0
55| 0 0 0
56| 0 0 0
57| 0 0 0
58| 0 0 0
59| 0 0 0
60| 0 0 0
61| 0 0 0
62| 0 0 0
63| 0 0 0
64| 0 0 0
65| 0 0 0
66| 0 0 0
67| 0 0 0
68| 0 0 0
69| 0 0 0
70| 0 0 0
71| 0 0 0
72| 0 0 0
73| 0 0 0
74| 0 0 0
75| 0 0 0
76| 0 0 0
77| 0 0 0
78| 0 0 0
79| 0 0 0
80| 0 0 0
81| 0 0 0
82| 0 0 0
83| 0 0 0
84| 0 0 0
85| 0 0 0
86| 0 0 0
87| 0 0 0
88| 0 0 0
89| 0 0 0
90| 0 0 0
91| 0 0 0
92| 0 0 0
93| 0 0 0
94| 0 0 0
95| 0 0 0
96| 0 0 0
97| 0 0 0
98| 0 0 0
99| 0 0 0
100| 0 0 0
101| 0 0 0
102| 0 0 0
103| 0 0 0
104| 0 0 0
105| 0 0 0
106| 0 0 0
107| 0 0 0
108| 0 0 0
109| 0 0 0
110| 0 0 0
111| 0 0 0
112| 0 0 0
113| 0 0 0
114| 0 0 0
115| 0 0 0
116| 0 0 0
117| 0 0 0
118| 0 0 0
119| 0 0 0
120| 0 0 0
121| 0 0 0
122| 0 0 0
123| 0 0 0
124| 0 0 0
125| 0 0 0
126| 0 0 0
127| 0 0 0
128| 0 0 0
129| 0 0 0
130| 0 0 0
131| 0 0 0
132| 0 0 0
133| 0 0 0
134| 0 0 0
135| 0 0 0
136| 0 0 0
137| 0 0 0
138| 0 0 0
139| 0 0 0
140| 0 0 0
141| 0 0 0
142| 0 0 0
143| 0 0 0
144| 0 0 0
145| 0 0 0
146| 0 0 0
147| 0 0 0
148| 0 0 0
149| 0 0 0
150| 0 0 0
151| 0 0 0
152| 0 0 0
153| 0 0 0
154| 0 0 0
155| 0 0 0
156| 0 0 0
157| 0 0 0
158| 0 0 0
159| 0 0 0
160| 0 0 0
161| 0 0 0
162| 0 0 0
163| 0 0 0
164| 0 0 0
165| 0 0 0
166| 0 0 0
167| 0 0 0
168| 0 0 0
169| 0 0 0
170| 0 0 0
171| 0 0 0
172| 0 0 0
173| 0 0 0
174| 0 0 0
175| 0 0 0
176| 0 0 0
177| 0 0 0
178| 0 0 0
179| 0 0 0
180| 0 0 0
181| 0 0 0
182| 0 0 0
183| 0 0 0
184| 0 0 0
185| 0 0 0
186| 0 0 0
187| 0 0 0
188| 0 0 0
189| 0 0 0
190| 0 0 0
191| 0 0 0
192| 0 0 0
193| 0 0 0
194| 0 0 0
195| 0 0 0
196| 0 0 0
197| 0 0 0
198| 0 0 0
199| 0 0 0
200| 0 0 0
201| 0 0 0
202| 0 0 0
203| 0 0 0
204| 0 0 0
205| 0 0 0
206| 0 0 0
207| 0 0 0
208| 0 0 0
209| 0 0 0
210| 0 0 0
211| 0 0 0
212| 0 0 0
213| 0 0 0
214| 0 0 0
215| 0 0 0
216| 0 0 0
217| 0 0 0
218| 0 0 0
219| 0 0 0
220| 0 0 0
221| 0 0 0
222| 0 0 0
223| 0 0 0
224| 0 0 0
225| 0 0 0
226| 0 0 0
227| 0 0 0
228| 0 0 0
229| 0 0 0
230| 0 0 0
231| 0 0 0
232| 0 0 0
233| 0 0 0
234| 0 0 0
235| 0 0 0
236| 0 0 0
237| 0 0 0
238| 0 0 0
239| 0 0 0
240| 0 0 0
241| 0 0 0
242| 0 0 0
243| 0 0 0
244| 0 0 0
245| 0 0 0
246| 0 0 0
247| 0 0 0
248| 0 0 0
249| 0 0 0
250| 0 0 0
251| 0 0 0
252| 0 0 0
253| 0 0 0
254| 0 0 0
255| 0 0 0
256| 0 0 0
257| 0 0 0
258| 0 0 0
259| 0 0 0
260| 0 0 0
261| 0 0 0
262| 0 0 0
263| 0 0 0
264| 0 0 0
265| 0 0 0
266| 0 0 0
267| 0 0 0
268| 0 0 0
269| 0 0 0
270| 0 0 0
271| 0 0 0
272| 0 0 0
273| 0 0 0
274| 0 0 0
275| 0 0 0
276| 0 0 0
277| 0 0 0
278| 0 0 0
279| 0 0 0
280| 0 0 0
281| 0 0 0
282| 0 0 0
283| 0 0 0
284| 0 0 0
285| 0 0 0
286| 0 0 0
287| 0 0 0
288| 0 0 0
289| 0 0 0
290| 0 0 0
291| 0 0 0
292| 0 0 0
293| 0 0 0
294| 0 0 0
295| 0 0 0
296| 0 0 0
297| 0 0 0
298| 0 0 0
299| 0 0 0
300| 0 0 0
301| 0 0 0
302| 0 0 0
303| 0 0 0
304| 0 0 0
305| 0 0 0
306| 0 0 0
307| 0 0 0
308| 0 0 0
309| 0 0 0
310| 0 0 0
311| 0 0 0
312| 0 0 0
313| 0 0 0
314| 0 0 0
315| 0 0 0
316| 0 0 0
317| 0 0 0
318| 0 0 0
319| 0 0 0
320| 0 0 0
321| 0 0 0
322| 0 0 0
323| 0 0 0
324| 0 0 0
325| 0 0 0
326| 0 0 0
327| 0 0 0
328| 0 0 0
329| 0 0 0
330| 0 0 0
331| 0 0 0
332| 0 0 0
333| 0 0 0
334| 0 0 0
335| 0 0 0
336| 0 0 0
337| 0 0 0
338| 0 0 0
339| 0 0 0
340| 0 0 0
341| 0 0 0
342| 0 0 0
343| 0 0 0
344| 0 0 0
345| 0 0 0
346| 0 0 0
347| 0 0 0
348| 0 0 0
349| 0 0 0
350| 0 0 0
351| 0 0 0
352| 0 0 0
353| 0 0 0
354| 0 0 0
355| 0 0 0
356| 0 0 0
357| 0 0 0
358| 0 0 0
359| 0 0 0
360| 0 0 0
361| 0 0 0
362| 0 0 0
363| 0 0 0
364| 0 0 0
365| 0 0 0
366| 0 0 0
367| 0 0 0
368| 0 0 0
369| 0 0 0
370| 0 0 0
371| 0 0 0
372| 0 0 0
373| 0 0 0
374| 0 0 0
375| 0 0 0
376| 0 0 0
377| 0 0 0
378| 0 0 0
379| 0 0 0
380| 0 0 0
381| 0 0 0
382| 0 0 0
383| 0 0 0
384| 0 0 0
385| 0 0 0
386| 0 0 0
387| 0 0 0
388| 0 0 0
389| 0 0 0
390| 0 0 0
391| 0 0 0
392| 0 0 0
393| 0 0 0
394| 0 0 0
395| 0 0 0
396| 0 0 0
397| 0 0 0
398| 0 0 0
399| 0 0 0
400| 0 0 0
401| 0 0 0
402| 0 0 0
403| 0 0 0
404| 0 0 0
405| 0 0 0
406| 0 0 0
407| 0 0 0
408| 0 0 0
409| 0 0 0
410| 0 0 0
411| 0 0 0
412| 0 0 0
413| 0 0 0
414| 0 0 0
415| 0 0 0
416| 0 0 0
417| 0 0 0
418| 0 0 0
419| 0 0 0
420| 0 0 0
421| 0 0 0
422| 0 0 0
423| 0 0 0
424| 0 0 0
425| 0 0 0
426| 0 0 0
427| 0 0 0
428| 0 0 0
429| 0 0 0
430| 0 0 0
431| 0 0 0
432| 0 0 0
433| 0 0 0
434| 0 0 0
435| 0 4 0
436| 0 8 0
437| 0 12 0
438| 0 16 0
439| 0 20 0
440| 0 24 0
441| 0 28 0
442| 0 32 0
443| 0 36 0
444| 0 40 0
445| 0 43,99999 0
446| 0 47,99999 0
447| 0 51,99999 0
448| 0 55,99999 0
449| 0 60 0
450| 0 64 0
451| 0 68 0
452| 0 72 0
453| 0 76,00001 0
454| 0 80,00001 0
455| 0 84,00001 0
456| 0 88,00002 0
457| 0 92,00002 0
458| 0 96,00002 0
459| 0 100 0
460| 0 104 0
461| 0 108 0
462| 0 112 0
463| 0 116 0
464| 0 120 0
465| 0 124 0
466| 0 128 0
467| 0 132 0
468| 0 136 0
469| 0 140 0
470| 0 144 0
471| 0 148 0
472| 0 152 0
473| 0 156 0
474| 0 160 0
475| 0 164 0
476| 0 168 0
477| 0 171,9999 0
478| 0 175,9999 0
479| 0 179,9999 0
480| 0 183,9999 0
481| 0 187,9999 0
482| 0 191,9999 0
483| 0 195,9999 0
484| 0 199,9999 0
485| 0 203,9999 0
486| 0 207,9999 0
487| 0 211,9999 0
488| 0 215,9999 0
489| 0 219,9999 0
490| 0 223,9999 0
491| 0 227,9999 0
492| 0 231,9999 0
493| 0 235,9999 0
494| 0 239,9999 0
495| 0 243,9999 0
496| 0 247,9999 0
497| 0 251,9999 0
498| 0 255,9999 0
499| 0 259,9999 0
500| 0 263,9999 0
501| 0 267,9999 0
502| 0 271,9998 0
503| 0 275,9998 0
504| 0 279,9998 0
505| 0 283,9998 0
506| 0 287,9998 0
507| 0 291,9998 0
508| 0 295,9998 0
509| 0 299,9998 0
510| 0 303,9998 0
511| 0 307,9998 0
512| 0 311,9998 0
513| 0 315,9998 0
514| 0 319,9998 0
515| 0 323,9998 0
516| 0 327,9998 0
517| 0 331,9998 0
518| 0 335,9998 0
519| 0 339,9998 0
520| 0 343,9998 0
521| 0 347,9998 0
522| 0 351,9998 0
523| 0 355,9998 0
524| 0 359,9998 0
525| 0 363,9998 0
526| 0 367,9998 0
527| 0 371,9998 0
528| 0 375,9998 0
529| 0 379,9998 0
530| 0 383,9998 0
531| 0 387,9998 0
532| 0 391,9998 0
533| 0 395,9998 0
534| 0 399,9997 0
535| 0 400 0
536| 0 400 0
537| 0 400 0
538| 0 400 0
539| 0 400 0
540| 0 400 0
541| 0 400 0
542| 0 400 0
543| 0 400 0
544| 0 400 0
545| 0 400 0
546| 0 400 0
547| 0 400 0
548| 0 400 0
549| 0 400 0
550| 0 400 0
551| 0 400 0
552| 0 400 0
553| 0 400 0
554| 0 400 0
555| 0 400 0
556| 0 400 0
557| 0 400 0
558| 0 400 0
559| 0 400 0
560| 0 400 0
561| 0 400 0
562| 0 400 0
563| 0 400 0
564| 0 400 0
565| 0 400 0
566| 0 400 0
567| 0 400 0
568| 0 400 0
569| 0 400 0
570| 0 400 0
571| 0 400 0
572| 0 400 0
573| 0 400 0
574| 0 400 0
575| 0 400 0
576| 0 400 0
577| 0 400 0
578| 0 400 0
579| 0 400 0
580| 0 400 0
581| 0 400 0
582| 0 400 0
583| 0 400 0
584| 0,3 400 0
585| 0,6 400 0
586| 0,9 400 0
587| 1,2 400 0
588| 1,5 400 0
589| 1,5 400 0
590| 1,5 400 0
591| 1,5 400 0
592| 1,5 400 0
593| 1,5 400 0
594| 1,5 400 0
595| 1,5 400 0
596| 1,5 400 0
597| 1,5 400 0
598| 1,5 400 0
599| 1,5 400 0
600| 1,5 400 0
601| 1,8 400 0
602| 2,1 400 0
603| 2,4 400 0
604| 2,7 400 0
605| 3 400 0
606| 3,299999 400 0
607| 3,599999 400 0
608| 3,899999 400 0
609| 4,2 400 0
610| 4,5 400 0
611| 4,8 400 0
612| 5,1 400 0
613| 5,4 400 0
614| 5,7 400 0
615| 6 400 0
616| 6 400 0
617| 6 400 0
618| 6 400 0
619| 6 400 0
620| 6 400 0
621| 6 400 0
622| 6 400 0
623| 6 400 0
624| 6 400 0
625| 6 400 0
626| 6 400 0
627| 6 400 0
628| 6 400 0
629| 6 400 0
630| 0 0 0
631| 0 0 0
632| 0 0 0
633| 0 0 0
634| 0 0 0
635| 0 0 0
636| 0 0 0
637| -0,3 0 0
638| -0,6 0 0
639| -0,9 0 0
640| -1,2 0 0
641| -1,5 0 0
642| -1,8 0 0
643| -2,1 0 0
644| -2,4 0 0
645| -2,7 0 0
646| -3 0 0
647| -3,299999 0 0
648| -3,599999 0 0
649| 0 0 0
650| 0 0 0
651| 0 0 0
652| 0 0 0
653| 0 0 0
654| 0 0 0
655| 0 0 0
656| 0 0 0
657| 0 0 0
658| 0 0 0
659| 0 0 0
660| 0 0 0
661| 0 0 0
662| 0 0 0
663| 0 0 0
664| 0,3 0 0
665| 0,6 0 0
666| 0,9 0 0
667| 1,2 0 0
668| 1,5 0 0
669| 1,8 0 0
670| 2,1 0 0
671| 2,4 0 0
672| 2,7 0 0
673| 3 0 0
674| 3,299999 0 0
675| 3,599999 0 0
676| 3,899999 0 0
677| 4,2 0 0
678| 4,5 0 0
679| 4,8 0 0
680| 5,1 0 0
681| 5,4 0 0
682| 5,7 0 0
683| 6 0 0
684| 6,300001 0 0
685| 6,600001 0 0
686| 6,900001 0 0
687| 7,200001 0 0
688| 7,500001 0 0
689| 0 0 0
690| 0 0 0
691| 0 0 0
692| 0 0 0
693| 0 0 0
694| 0 0 0
695| 0 0 0
696| 0 0 0
697| 0 0 0
698| 0 0 0
699| 0 0 0
700| 0 0 0
701| 0 0 0
702| 0 0 0
703| 0 0 0
704| 0 0 0
705| 0 0 0
706| 0 0 0
707| 0 0 0
708| 0 0 0
709| 0 0 0
710| 0 0 0
711| 0 0 0
712| 0 0 0
713| 0 0 0
714| 0 0 0
715| 0 0 0
716| 0 0 0
717| 0 0 0
718| 0 0 0
719| 0 0 0
720| 0 0 0
721| 0 4 0
722| 0 8 0
723| 0 12 0
724| 0,3 16 0
725| 0,6 20 0
726| 0,9 20 0
727| 1,2 20 0
728| 1,5 20 0
729| 1,8 20 0
730| 2,1 20 0
731| 2,4 20 0
732| 0 0 0
733| 0 0 0
734| 0 0 0
735| 0 0 0
736| 0 0 0
737| 0 0 0
738| 0 0 0
739| 0 0 0
740| 0 0 0
741| 0 0 0
742| -0,3 0 0
743| -0,6 0 0
744| -0,9 0 0
745| -1,2 0 0
746| -1,5 0 0
747| -1,8 0 0
748| -2,1 0 0
749| -2,4 0 0
750| -2,7 0 0
751| -3 -4 0
752| 0 -8 0
753| 0,3 -12 0
754| 0,6 -16 0
755| 0,9 -20 0
756| 1,2 -24 0
757| 1,5 -28 0
758| 1,8 -32 0
759| 2,1 -36 0
760| 2,4 -40 0
761| 2,7 -43,99999 0
762| 3 -47,99999 0
763| 3,299999 -51,99999 0
764| 3,299999 -55,99999 0
765| 3,299999 -60 0
766| 3,299999 -64 0
767| 0 -68 0
768| -0,3 -72 0
769| -0,6 -76,00001 0
770| -0,9 -80,00001 0
771| -1,2 -84,00001 0
772| -1,5 -88,00002 0
773| -1,8 -88,00002 0
774| 0 0 0
775| 0 0 0
776| 0 0 30000
777| 0 0 30000
778| 0 0 30000
779| 0 0 30000
780| 0 0 30000
781| 0 0 30000
782| 0 0 30000
783| 0 0 30000
784| 0 0 30000
785| 0 0 30000
786| 0 0 30000
787| 0 0 30000
788| 0 0 30000
789| 0 0 30000
790| 0 0 30000
791| 0 0 30000
792| 0 0 30000
793| 0 0 30000
794| 0 0 30000
795| 0 0 30000
796| 0 0 30000
797| 0 0 30000
798| 0 0 30000
799| 0 0 30000
800| 0 0 30000
801| 0 0 30000
802| 0 0 30000
803| 0 0 30000
804| 0 0 30000
805| 0 0 30000
806| 0 0 30000
807| 0 0 30000
808| 0 0 30000
809| 0 0 30000
810| 0 0 30000
811| 0 0 30000
812| 0 0 30000
813| 0 0 30000
814| 0 0 30000
815| 0 0 30000
816| 0 0 30000
817| 0 0 0
818| 0 0 0
819| 0 0 0
820| 0 0 0
821| 0 0 0
822| 0 0 0
823| 0 0 0
824| 0 0 0
825| 0 0 0
826| 0 0 0
827| 0 0 0
828| 0 0 0
829| 0 0 0
830| 0 0 0
831| 0 0 0
832| 0 0 0
833| 0 0 0
834| 0 0 0
835| 0 -4 0
836| 0 -8 0
837| 0 -12 0
838| 0 -16 0
839| 0 -20 0
840| 0 -24 0
841| 0 -28 0
842| 0 -32 0
843| 0 -36 0
844| 0 -40 0
845| 0 -43,99999 0
846| 0 -47,99999 0
847| 0 -51,99999 0
848| 0 -55,99999 0
849| 0 -60 0
850| 0 -64 0
851| 0 -68 0
852| 0 -72 0
853| 0 -76,00001 0
854| 0 -80,00001 0
855| 0 -84,00001 0
856| 0 -88,00002 0
857| 0 -92,00002 0
858| 0 -96,00002 0
859| 0 -100 0
860| 0 -104 0
861| 0 -108 0
862| 0 -112 0
863| 0 -116 0
864| 0 0 0
865| 0 0 0
866| 0 0 0
867| 0 0 0
868| 0 0 0
869| 0 0 0
870| 0 0 0
871| 0 0 0
872| 0 0 0
873| 0 0 0
874| 0 0 0
875| 0 0 0
876| 0 0 0
877| 0 0 0
878| 0 0 0
879| 0 0 0
880| 0 0 0
881| 0 0 0
882| 0 0 0
883| 0 0 0
884| 0 0 0
885| 0 0 0
886| 0 0 0
887| 0 0 0
888| 0 0 0
889| 0 0 0
890| 0 0 0
891| 0 0 0
892| 0 0 0
893| 0 0 0
894| 0 0 0
895| 0 0 0
896| 0 0 0
897| 0 0 0
898| 0 0 0
899| 0 0 0
900| 0 0 0
901| 0 0 0
902| 0 0 0
903| 0 0 0
904| 0 0 0
905| 0 0 0
906| 0 0 0
907| 0 0 0
908| 0 0 0
909| 0 -4 0
910| 0 -8 0
911| 0 -12 0
912| 0 -16 0
913| 0 -20 0
914| 0 -24 0
915| 0 -28 0
916| 0 -32 0
917| 0 -36 0
918| 0 -40 0
919| 0 -43,99999 0
920| 0 -47,99999 0
921| 0 -51,99999 0
922| 0 -55,99999 0
923| 0 -60 0
924| 0 -64 0
925| 0 -68 0
926| 0 -72 0
927| 0 -76,00001 0
928| 0 -80,00001 0
929| 0 -84,00001 0
930| 0 -88,00002 0
931| 0 -92,00002 0
932| 0 -96,00002 0
933| 0 -100 0
934| 0 -104 0
935| 0 -108 0
936| 0 -112 0
937| 0 -116 0
938| 0 -120 0
939| 0 -124 0
940| 0 -128 0
941| 0 -132 0
942| 0 -136 0
943| 0 -140 0
944| 0 -144 0
945| 0 -148 0
946| 0 -152 0
947| 0 -156 0
948| 0 -160 0
949| 0 -164 0
950| 0 -168 0
951| 0 -171,9999 0
952| 0 -175,9999 0
953| -0,3 -179,9999 0
954| -0,6 -183,9999 0
955| -0,9 -187,9999 0
956| -0,9 -191,9999 0
957| -0,9 -195,9999 0
958| -0,9 -199,9999 0
959| -0,9 -203,9999 0
960| -0,9 -207,9999 0
961| -0,9 -211,9999 0
962| -0,9 -215,9999 0
963| -0,9 -219,9999 0
964| -0,9 -223,9999 30000
965| -0,9 -227,9999 30000
966| -0,9 -231,9999 30000
967| -0,9 -235,9999 30000
968| -0,9 -239,9999 30000
969| -0,9 -243,9999 30000
970| -0,9 -247,9999 30000
971| -0,9 -251,9999 30000
972| -0,9 -255,9999 30000
973| -0,9 -259,9999 30000
974| -0,9 -263,9999 30000
975| -0,9 -267,9999 30000
976| -0,9 -271,9998 30000
977| -0,9 -275,9998 30000
978| -0,9 -279,9998 30000
979| -0,9 -283,9998 30000
980| -0,9 -287,9998 30000
981| -0,9 -291,9998 30000
982| -0,9 -295,9998 30000
983| -0,9 -299,9998 30000
984| -0,9 -303,9998 30000
985| -0,9 -307,9998 30000
986| -0,9 -311,9998 30000
987| -0,9 -315,9998 30000
988| -0,9 -319,9998 30000
989| -0,9 -323,9998 30000
990| -0,9 -327,9998 30000
991| -0,9 -331,9998 30000
992| -0,9 -335,9998 30000
993| -0,9 -339,9998 30000
994| -0,9 -343,9998 30000
995| -0,9 -347,9998 30000
996| -0,9 -351,9998 30000
997| -0,9 -355,9998 30000
998| -0,9 -359,9998 30000
999| -0,9 -363,9998 30000
1000| -0,9 -367,9998 30000
1001| -0,9 -371,9998 30000
1002| -0,9 -375,9998 30000
1003| -0,9 -379,9998 30000
1004| -0,9 -383,9998 30000
1005| -0,9 -387,9998 30000
1006| -0,9 -391,9998 30000
1007| -0,9 -395,9998 30000
1008| -0,9 -399,9997 30000
1009| -0,9 -400 30000
1010| -0,9 -400 30000
1011| -0,9 -400 30000
1012| -0,9 -400 30000
1013| -0,9 -400 30000
1014| -0,9 -400 30000
1015| -0,9 -400 30000
1016| -0,9 -400 30000
1017| -0,9 -400 30000
1018| -0,9 -400 30000
1019| -0,9 -400 30000
1020| -0,9 -400 30000
1021| -0,9 -400 30000
1022| -0,9 -400 30000
1023| -0,9 -400 30000
1024| -0,9 -400 30000
1025| -0,9 -400 30000
1026| -0,9 -400 30000
1027| -0,9 -400 30000
1028| -0,9 -400 30000
1029| -0,9 -400 30000
1030| -0,9 -400 30000
1031| -0,9 -400 30000
1032| -0,9 -400 0
1033| -0,9 -400 0
1034| -0,9 -400 0
1035| -0,9 -400 0
1036| -0,9 -400 0
1037| -0,9 -400 0
1038| -0,9 -400 0
1039| -0,9 -400 0
1040| -0,9 -400 0
1041| -0,9 -400 0
1042| -0,9 -400 0
1043| -0,9 -400 0
1044| -0,9 -400 0
1045| -0,9 -400 0
1046| -0,9 -400 0
1047| -0,9 -400 0
1048| -0,9 -400 0
1049| -0,9 -400 0
1050| -0,9 -400 0
1051| -0,9 -400 0
1052| -0,9 -400 0
1053| 0 0 0
1054| 0 0 0
1055| 0 0 0
1056| 0 0 0
1057| 0 0 0
1058| 0 0 0
1059| 0 0 0
1060| 0 0 0
1061| 0 0 0
1062| 0 0 0
1063| 0 0 0
1064| 0 0 0
1065| 0 0 0
1066| 0 0 0
1067| 0 0 0
1068| 0 0 0
1069| 0 0 0
1070| 0 0 0
1071| 0 0 0
1072| 0 0 0
1073| 0 0 0
1074| 0 0 0
1075| 0 0 0
1076| 0 0 0
1077| 0 0 0
1078| 0 0 0
1079| 0 0 0
1080| 0 0 0
1081| 0 0 0
1082| 0 0 0
1083| 0 0 0
1084| 0 0 0
1085| 0 0 0
1086| 0 0 0
1087| 0 0 0
1088| 0 0 0
1089| 0 0 0
1090| 0 0 0
1091| 0 0 0
1092| 0 0 0
1093| 0 0 0
1094| 0 -4 0
1095| 0 -8 0
1096| 0 -12 0
1097| 0 -16 0
1098| 0 -20 0
1099| 0 -24 0
1100| 0 -28 0
1101| 0 -32 0
1102| 0 -36 0
1103| 0,3 -40 0
1104| 0,6 -43,99999 0
1105| 0,9 -47,99999 0
1106| 1,2 -51,99999 0
1107| 1,5 -55,99999 0
1108| 1,8 -60 0
1109| 2,1 -64 0
1110| 2,4 -64 0
1111| 2,7 -64 0
1112| 3 -64 0
1113| 3,299999 -64 0
1114| 3,599999 -64 0
1115| 3,899999 -64 0
1116| 4,2 -64 0
1117| 4,5 -64 0
1118| 4,8 -64 0
1119| 5,1 -64 0
1120| 5,4 -64 0
1121| 5,7 -64 0
1122| 6 -64 0
1123| 6,300001 -64 0
1124| 6,600001 -64 0
1125| 6,900001 -64 0
1126| 7,200001 -64 0
1127| 7,500001 -64 0
1128| 7,800001 -64 0
1129| 8,1 -64 0
1130| 8,4 -64 0
1131| 8,7 -64 0
1132| 8,999999 -64 0
1133| 9,299999 -64 0
1134| 9,599998 -64 0
1135| 9,899999 -64 0
1136| 10,2 -64 0
1137| 10,5 -64 0
1138| 10,8 -64 0
1139| 11,1 -64 0
1140| 11,4 -64 0
1141| 11,7 -64 0
1142| 12 -64 0
1143| 12,3 -64 0
1144| 12,6 -64 0
1145| 12,9 -64 0
1146| 13,2 -64 0
1147| 13,5 -64 0
1148| 13,79999 -64 0
1149| 14,09999 -64 0
1150| 14,39999 -64 0
1151| 14,69999 -64 0
1152| 14,99999 -64 0
1153| 15,29999 -64 0
1154| 15,59999 -64 0
1155| 15,89999 -64 0
1156| 16,19999 -64 0
1157| 16,49999 -64 0
1158| 16,79999 -64 0
1159| 17,09999 -64 0
1160| 17,39999 -64 0
1161| 17,69999 -64 0
1162| 17,99999 -64 0
1163| 18,29999 -64 0
1164| 18,59999 -64 0
1165| 18,89999 -64 0
1166| 19,19999 -64 0
1167| 19,49999 -64 0
1168| 19,79999 -64 0
1169| 20,09999 -64 0
1170| 20,39999 -64 0
1171| 20,69999 -64 0
1172| 20,99999 -64 0
1173| 21,29999 -64 0
1174| 21,59999 -64 0
1175| 21,89999 -64 0
1176| 22,19999 -64 0
1177| 22,49999 -64 0
1178| 22,79999 -64 0
1179| 23,09999 -64 0
1180| 23,39999 -64 0
1181| 23,69999 -64 0
1182| 23,99999 -64 0
1183| 24,29999 -64 0
1184| 24,59999 -64 0
1185| 24,89998 -64 0
1186| 25,19999 -64 0
1187| 25,49998 -64 0
1188| 25,79998 -64 0
1189| 26,09998 -64 0
1190| 26,39998 -64 0
1191| 26,69998 -64 0
1192| 26,99998 -64 0
1193| 27,29998 -64 0
1194| 27,59998 -64 0
1195| 27,89998 -64 0
1196| 28,19998 -64 0
1197| 28,49998 -64 0
1198| 28,79998 -64 0
1199| 29,09998 -64 0
1200| 29,39998 -64 0
1201| 29,69998 -64 0
1202| 29,99998 -64 0
1203| 30 -64 0
1204| 30 -64 0
1205| 30 -64 0
1206| 30 -64 0
1207| 30 -64 0
1208| 30 -64 0
1209| 30 -64 0
1210| 30 -64 0
1211| 30 -64 0
1212| 30 -64 0
1213| 30 -64 0
1214| 30 -64 0
1215| 30 -64 0
1216| 30 -64 0
1217| 30 -64 0
1218| 30 -64 0
1219| 30 -64 0
1220| 0 0 0
1221| 0 0 0
1222| 0 0 0
1223| 0 0 0
1224| 0 0 0
1225| 0 0 0
1226| 0 0 0
1227| 0 0 0
1228| 0 0 0
1229| 0 0 0
1230| 0 0 0
1231| 0 0 0
1232| 0 0 0
1233| 0 0 0
1234| 0 0 0
1235| 0 0 0
1236| 0 0 0
1237| 0 0 0
1238| 0 0 0
1239| 0 0 0
1240| 0 0 0
1241| 0 0 0
1242| 0 0 0
1243| 0 0 0
1244| -0,3 0 0
1245| -0,6 0 0
1246| -0,9 0 0
1247| -1,2 0 0
1248| -1,5 0 0
1249| -1,8 0 0
1250| -2,1 0 0
1251| -2,4 0 0
1252| -2,7 0 0
1253| -3 0 0
1254| -3 4 0
1255| -3 8 0
1256| -3 12 0
1257| -3 16 0
1258| -3 20 0
1259| -3 24 0
1260| -3 28 0
1261| -3 32 0
1262| -3 36 0
1263| -3 40 0
1264| 0 43,99999 0
1265| 0,3 47,99999 0
1266| 0,6 51,99999 0
1267| 0,9 55,99999 0
1268| 1,2 60 0
1269| 1,5 64 0
1270| 1,8 68 0
1271| 2,1 72 0
1272| 2,4 76,00001 0
1273| 2,7 80,00001 0
1274| 3 84,00001 0
1275| 3,299999 88,00002 0
1276| 3,599999 92,00002 0
1277| 3,899999 96,00002 0
1278| 4,2 100 0
1279| 4,5 104 0
1280| 4,8 108 0
1281| 5,1 112 0
1282| 5,4 116 0
1283| 5,7 120 0
1284| 6 124 0
1285| 6,300001 128 0
1286| 6,600001 132 0
1287| 6,900001 136 0
1288| 7,200001 140 0
1289| 7,500001 144 0
1290| 7,800001 148 0
1291| 8,1 148 0
1292| 0 0 0
1293| 0 0 0
1294| 0 0 0
1295| 0 0 0
1296| 0 0 0
1297| 0 0 0
1298| 0 0 0
1299| 0 0 0
1300| 0 0 0
1301| 0 0 0
1302| 0 0 0
1303| 0 0 0
1304| 0 0 0
1305| 0 0 0
1306| 0 0 0
1307| 0 0 0
1308| 0 0 0
1309| 0 0 0
1310| 0 0 0
1311| 0 0 0
1312| 0 0 0
1313| 0 0 0
1314| 0 0 0
1315| 0 0 0
1316| 0 0 0
1317| 0 0 0
1318| 0 0 0
1319| 0 0 0
1320| 0 0 0
1321| 0 0 0
1322| 0 0 0
1323| 0 0 0
1324| 0 0 0
1325| 0 0 0
1326| 0 0 0
1327| 0 0 0
1328| 0 0 0
1329| 0 0 0
1330| 0 0 0
1331| 0 0 0
1332| 0 0 0
1333| 0 0 0
1334| 0 0 0
1335| 0 0 0
1336| 0 0 0
1337| 0 0 0
1338| 0 0 0
1339| 0 0 0
1340| 0 0 0
1341| 0 0 0
1342| 0 0 0
1343| 0 0 0
1344| 0 0 0
1345| 0 0 0
1346| 0 0 0
1347| 0 0 0
1348| 0 0 0
1349| 0 0 0
1350| 0 0 0
1351| 0 0 0
1352| 0 0 0
1353| 0 0 0
1354| 0 0 0
1355| 0 0 0
1356| 0 0 0
1357| 0 0 0
1358| 0 0 0
1359| 0 0 0
1360| 0 0 0
1361| 0 0 0
1362| 0 0 0
1363| 0 0 0
1364| 0 0 0
1365| 0 0 0
1366| 0 0 0
1367| 0 0 0
1368| 0 0 0
1369| 0 0 0
1370| 0 0 0
1371| 0 0 0
1372| 0 0 0
1373| 0 0 0
1374| 0 0 0
1375| 0 0 0
1376| 0 0 0
1377| 0 0 0
1378| 0 0 0
1379| 0 0 0
1380| 0 0 0
1381| 0 0 0
1382| 0 0 0
1383| 0 0 0
1384| 0 0 0
1385| 0 0 0
1386| 0 0 0
1387| 0 0 0
1388| 0 0 0
1389| 0 0 0
1390| 0 0 0
1391| 0 0 0
1392| 0 0 0
1393| 0 0 0
1394| 0 0 0
1395| 0 0 0
1396| 0 0 0
1397| 0 0 0
1398| 0 0 0
1399| 0 0 0
1400| 0 0 0
1401| 0 0 0
1402| 0 0 0
1403| 0 0 0
1404| 0 0 0
1405| 0 0 0
1406| 0 0 0
1407| 0 0 0
1408| 0 0 0
1409| 0 0 0
1410| 0 0 0
1411| 0 0 0
1412| 0 0 0
1413| 0 0 0
1414| 0 0 0
1415| 0 0 0
1416| 0 0 0
1417| 0 0 0
1418| 0 0 0
1419| 0 0 0
1420| 0 0 0
1421| 0 0 0
1422| 0 0 0
1423| 0 0 0
1424| 0 0 0
1425| 0 0 0
1426| 0 0 0
1427| 0 0 0

