1| 0 0 0
2| 0 0 0
3| 0 0 0
4| 0 0 0
5| 0 0 0
6| 0 0 0
7| 0 0 0
8| 0 0 0
9| 0 0 0
10| 0 0 0
11| 0 0 0
12| 0 0 0
13| 0 0 0
14| 0 0 0
15| 0 0 0
16| 0 0 0
17| 0 0 0
18| 0 0 0
19| 0 0 0
20| 0 0 0
21| 0 0 0
22| 0 0 0
23| 0 0 0
24| 0 0 0
25| 0 0 0
26| 0 0 0
27| 0 0 0
28| 0 0 0
29| 0 0 0
30| 0 0 0
31| 0 0 0
32| 0 0 0
33| 0 0 0
34| 0 0 0
35| 0 0 0
36| 0 0 0
37| 0 0 0
38| 0 0 0
39| 0 0 0
40| 0 0 0
41| 0 0 0
42| 0 0 0
43| 0 0 0
44| 0 0 0
45| 0 0 0
46| 0 0 0
47| 0 4 0
48| 0 8 0
49| 0 12 0
50| 0 16 0
51| 0 20 0
52| 0 24 0
53| 0 28 0
54| 0 32 0
55| 0 36 0
56| 0 40 0
57| 0 43,99999 0
58| 0 47,99999 0
59| 0 51,99999 0
60| 0 55,99999 0
61| 0 60 0
62| 0 64 0
63| 0 68 0
64| 0 72 0
65| 0 76,00001 0
66| 0 80,00001 0
67| 0 84,00001 0
68| 0 88,00002 0
69| 0 92,00002 0
70| 0 96,00002 0
71| 0 100 0
72| 0 104 0
73| 0 108 0
74| 0 112 0
75| 0 116 0
76| 0 120 0
77| 0 124 0
78| 0 128 0
79| 0 132 0
80| 0 136 0
81| 0 140 0
82| 0 144 0
83| 0 148 0
84| 0 152 0
85| 0 156 0
86| 0 160 0
87| 0 164 0
88| 0 168 0
89| 0 171,9999 0
90| 0 175,9999 0
91| 0 179,9999 0
92| 0 183,9999 0
93| 0 187,9999 0
94| 0 191,9999 0
95| 0 195,9999 0
96| 0 199,9999 0
97| 0 203,9999 0
98| 0 207,9999 0
99| 0 211,9999 0
100| 0 215,9999 0
101| 0 219,9999 0
102| 0 223,9999 0
103| 0 227,9999 0
104| 0 231,9999 0
105| 0 235,9999 0
106| 0 239,9999 0
107| 0 243,9999 0
108| 0 247,9999 0
109| 0 251,9999 0
110| 0 255,9999 0
111| 0 259,9999 0
112| 0 263,9999 0
113| 0 267,9999 0
114| 0 271,9998 0
115| 0 275,9998 0
116| 0 279,9998 0
117| 0 283,9998 0
118| 0 287,9998 0
119| 0 291,9998 0
120| 0 295,9998 0
121| 0 299,9998 0
122| 0 303,9998 0
123| 0 307,9998 0
124| 0 311,9998 0
125| 0 315,9998 0
126| 0 319,9998 0
127| 0 323,9998 0
128| 0 327,9998 0
129| 0 331,9998 0
130| 0 335,9998 0
131| 0 339,9998 0
132| 0 343,9998 0
133| 0 347,9998 0
134| 0 351,9998 0
135| 0 355,9998 0
136| 0 359,9998 0
137| 0 363,9998 0
138| 0 367,9998 0
139| 0 371,9998 0
140| 0 375,9998 0
141| 0 379,9998 0
142| 0 383,9998 0
143| 0 387,9998 0
144| 0 391,9998 0
145| 0 395,9998 0
146| 0 399,9997 0
147| 0 400 0
148| 0 400 0
149| 0 400 0
150| 0 400 0
151| 0 400 0
152| 0 400 0
153| 0 400 0
154| 0 400 0
155| 0 400 0
156| 0 400 0
157| 0 400 0
158| 0 400 0
159| 0 400 0
160| 0 400 0
161| 0 400 0
162| 0 400 0
163| 0 400 0
164| 0 400 0
165| 0 400 0
166| 0 400 0
167| 0 400 0
168| 0 400 0
169| 0 400 0
170| 0 400 0
171| 0 400 0
172| 0 400 0
173| 0 400 0
174| 0 400 0
175| 0 400 0
176| 0 400 0
177| 0 400 0
178| 0 400 0
179| 0 400 0
180| 0 400 0
181| 0 400 0
182| 0 400 0
183| 0 400 0
184| 0 400 0
185| 0 400 0
186| 0 400 0
187| 0 400 0
188| 0 400 0
189| 0 400 0
190| 0 400 0
191| 0 400 0
192| 0 400 0
193| 0 400 0
194| 0 400 0
195| 0 400 0
196| 0 400 0
197| 0 400 0
198| 0 400 0
199| 0 400 0
200| 0 400 0
201| 0 400 0
202| 0 400 0
203| 0 400 0
204| 0 400 0
205| 0 400 0
206| 0 400 0
207| -0,3 400 0
208| -0,6 400 0
209| -0,9 400 0
210| -1,2 400 0
211| -1,5 400 0
212| -1,8 400 0
213| -2,1 400 0
214| -2,1 400 0
215| -2,1 400 0
216| -2,1 400 0
217| -2,1 400 0
218| -2,1 400 0
219| -2,1 400 0
220| -2,1 400 0
221| -2,1 400 0
222| -2,1 400 0
223| -2,1 400 0
224| -2,1 400 0
225| -2,1 400 0
226| -2,1 400 0
227| -2,4 400 0
228| -2,7 400 0
229| -3 400 0
230| -3,299999 400 0
231| -3,599999 400 0
232| -3,599999 400 0
233| -3,599999 400 0
234| -3,599999 400 0
235| -3,599999 400 0
236| -3,599999 400 0
237| -3,599999 400 0
238| -3,599999 400 0
239| -3,599999 400 0
240| -3,599999 400 0
241| -3,599999 400 0
242| -3,599999 400 0
243| -3,599999 400 0
244| -3,599999 400 0
245| -3,599999 400 0
246| -3,599999 400 0
247| -3,599999 400 0
248| -3,599999 400 0
249| -3,599999 400 0
250| -3,599999 400 0
251| -3,599999 400 0
252| -3,599999 400 0
253| -3,599999 400 0
254| -3,599999 400 0
255| -3,599999 400 0
256| -3,599999 400 0
257| -3,599999 400 0
258| -3,599999 400 0
259| -3,599999 400 0
260| -3,599999 400 0
261| -3,599999 400 0
262| -3,599999 400 0
263| -3,599999 400 0
264| -3,599999 400 0
265| -3,599999 400 0
266| -3,599999 400 0
267| -3,599999 400 0
268| -3,599999 400 0
269| -3,599999 400 0
270| -3,599999 400 0
271| -3,599999 400 0
272| -3,599999 400 0
273| -3,599999 400 0
274| -3,599999 400 0
275| -3,599999 400 0
276| -3,599999 400 0
277| -3,599999 400 0
278| -3,599999 400 0
279| -3,599999 400 0
280| -3,599999 400 0
281| -3,599999 400 0
282| -3,599999 400 0
283| -3,599999 400 0
284| -3,599999 400 0
285| -3,599999 400 0
286| -3,599999 400 0
287| -3,599999 400 0
288| -3,599999 400 0
289| -3,599999 400 0
290| -3,599999 400 0
291| -3,599999 400 0
292| -3,599999 400 0
293| -3,599999 400 0
294| -3,599999 400 0
295| -3,599999 400 0
296| -3,599999 400 0
297| -3,599999 400 0
298| 0 400 0
299| 0,3 400 0
300| 0,6 400 0
301| 0,9 400 0
302| 1,2 400 0
303| 1,2 400 0
304| 1,2 400 0
305| 1,2 400 0
306| 1,2 400 0
307| 1,2 400 0
308| 1,2 400 0
309| 1,2 400 0
310| 1,2 400 0
311| 1,2 400 0
312| 1,2 400 0
313| 1,2 400 0
314| 1,2 400 0
315| 1,2 400 0
316| 1,2 400 0
317| 1,2 400 0
318| 1,2 400 0
319| 1,2 400 0
320| 1,2 400 0
321| 1,2 400 0
322| 1,2 400 0
323| 1,2 400 0
324| 1,2 400 0
325| 1,2 400 0
326| 1,2 400 0
327| 1,2 400 0
328| 1,2 400 0
329| 1,2 400 0
330| 1,2 400 0
331| 1,2 400 0
332| 1,2 400 0
333| 1,2 400 0
334| 1,2 400 0
335| 1,2 400 0
336| 1,2 400 0
337| 1,2 400 0
338| 1,2 400 0
339| 1,2 400 0
340| 1,2 400 0
341| 1,2 400 0
342| 1,2 400 0
343| 1,2 400 0
344| 1,2 400 0
345| 1,2 400 0
346| 1,2 400 0
347| 1,2 400 0
348| 1,2 400 0
349| 1,2 400 0
350| 1,2 400 0
351| 1,2 400 0
352| 1,2 400 0
353| 1,2 400 0
354| 1,2 400 0
355| 1,2 400 0
356| 1,2 400 0
357| 1,2 400 0
358| 1,2 400 0
359| 1,2 400 0
360| 1,2 400 0
361| 1,2 400 0
362| 1,2 400 0
363| 1,2 400 0
364| 1,2 400 0
365| 1,2 400 0
366| 1,2 400 0
367| 1,2 400 0
368| 1,2 400 0
369| 1,2 400 0
370| 1,2 400 0
371| 1,2 400 0
372| 1,2 400 0
373| 1,2 400 0
374| 1,2 400 0
375| 1,2 400 0
376| 1,2 400 0
377| 1,2 400 0
378| 1,2 400 0
379| 1,2 400 0
380| 1,2 400 0
381| 1,2 400 0
382| 1,2 400 0
383| 1,2 400 0
384| 1,2 400 0
385| 1,2 400 0
386| 1,2 400 0
387| 1,2 400 0
388| 1,2 400 0
389| 1,2 400 0
390| 1,2 400 0
391| 1,2 400 0
392| 1,2 400 0
393| 1,2 400 0
394| 1,2 400 0
395| 1,2 400 0
396| 1,2 400 0
397| 1,2 400 0
398| 1,2 400 0
399| 1,2 400 0
400| 1,2 400 0
401| 1,2 400 0
402| 1,2 400 0
403| 1,2 400 0
404| 1,2 400 0
405| 1,2 400 0
406| 1,2 400 0
407| 1,2 400 0
408| 1,2 400 0
409| 1,2 400 0
410| 1,2 400 0
411| 1,2 400 0
412| 1,2 400 0
413| 1,2 400 0
414| 1,2 400 0
415| 1,2 400 0
416| 1,2 400 0
417| 1,2 400 0
418| 1,2 400 0
419| 1,2 400 0
420| 1,2 400 0
421| 1,2 400 0
422| 1,2 400 0
423| 1,2 400 0
424| 1,2 400 0
425| 1,2 400 0
426| 1,2 400 0
427| 1,2 400 0
428| 1,2 400 0
429| 1,2 400 0
430| 1,2 400 0
431| 1,2 400 0
432| 1,2 400 0
433| 1,2 400 0
434| 1,2 400 0
435| 1,2 400 0
436| 1,2 400 0
437| 1,2 400 0
438| 1,2 400 0
439| 1,2 400 0
440| 1,2 400 0
441| 1,2 400 0
442| 1,2 400 0
443| 1,2 400 0
444| 1,2 400 0
445| 1,2 400 0
446| 1,2 400 0
447| 1,2 400 0
448| 1,2 400 0
449| 1,2 400 0
450| 1,2 400 0
451| 1,2 400 0
452| 0 400 0
453| -0,3 400 0
454| -0,6 400 0
455| -0,6 400 0
456| -0,6 400 0
457| -0,6 400 0
458| -0,6 400 0
459| -0,6 400 0
460| -0,6 400 0
461| -0,6 400 0
462| -0,6 400 0
463| -0,6 400 0
464| -0,6 400 0
465| -0,6 400 0
466| -0,6 400 0
467| -0,6 400 0
468| -0,6 400 0
469| -0,6 400 0
470| -0,6 400 0
471| -0,6 400 0
472| -0,6 400 0
473| -0,6 400 0
474| -0,6 400 0
475| -0,6 400 0
476| -0,6 400 0
477| -0,6 400 0
478| -0,6 400 0
479| -0,6 400 0
480| -0,6 400 0
481| -0,6 400 0
482| -0,6 400 0
483| -0,6 400 0
484| -0,6 400 0
485| -0,6 400 0
486| -0,6 400 0
487| -0,6 400 0
488| -0,6 400 0
489| -0,6 400 0
490| -0,6 400 0
491| -0,6 400 0
492| -0,6 400 0
493| -0,6 400 0
494| -0,6 400 0
495| -0,6 400 0
496| -0,6 400 0
497| -0,6 400 0
498| -0,6 400 0
499| -0,6 400 0
500| -0,6 400 0
501| -0,6 400 0
502| -0,6 400 0
503| -0,6 400 0
504| -0,6 400 0
505| -0,6 400 0
506| -0,6 400 0
507| -0,6 400 0
508| -0,6 400 0
509| -0,6 400 0
510| -0,6 400 0
511| -0,6 400 0
512| -0,6 400 0
513| -0,6 400 0
514| -0,6 400 0
515| -0,6 400 0
516| -0,6 400 0
517| -0,6 400 0
518| -0,6 400 0
519| -0,6 400 0
520| -0,6 400 0
521| -0,6 400 0
522| -0,6 400 0
523| -0,6 400 0
524| -0,6 400 0
525| -0,6 400 0
526| -0,6 400 0
527| -0,6 400 0
528| -0,6 400 0
529| -0,6 400 0
530| -0,6 400 0
531| -0,6 400 0
532| -0,6 400 0
533| -0,6 400 0
534| -0,6 400 0
535| -0,6 400 0
536| -0,6 400 0
537| -0,6 400 0
538| -0,6 400 0
539| -0,6 400 0
540| -0,6 400 0
541| -0,6 400 0
542| -0,6 400 0
543| -0,6 400 0
544| -0,6 400 0
545| -0,6 400 0
546| -0,6 400 0
547| -0,6 400 0
548| -0,6 400 0
549| -0,6 400 0
550| -0,6 400 0
551| -0,6 400 0
552| -0,6 400 0
553| -0,6 400 0
554| -0,6 400 0
555| -0,6 400 0
556| -0,6 400 0
557| -0,6 400 0
558| -0,6 400 0
559| -0,6 400 0
560| -0,6 400 0
561| -0,6 400 0
562| -0,6 400 0
563| -0,6 400 0
564| -0,6 400 0
565| -0,6 400 0
566| -0,6 400 0
567| -0,6 400 0
568| -0,6 400 0
569| -0,6 400 0
570| -0,6 400 0
571| -0,6 400 0
572| -0,6 400 0
573| -0,6 400 0
574| -0,6 400 0
575| -0,6 400 0
576| -0,6 400 0
577| -0,6 400 0
578| -0,6 400 0
579| -0,6 400 0
580| -0,6 400 0
581| -0,6 400 0
582| -0,6 400 0
583| -0,6 400 0
584| -0,6 400 0
585| -0,6 400 0
586| -0,6 400 0
587| -0,6 400 0
588| -0,6 400 0
589| -0,6 400 0
590| -0,6 400 0
591| -0,6 400 0
592| -0,6 400 0
593| -0,6 400 0
594| -0,6 400 0
595| -0,6 400 0
596| 0 400 0
597| 0,3 400 0
598| 0,6 400 0
599| 0,9 400 0
600| 1,2 400 0
601| 1,5 400 0
602| 1,8 400 0
603| 2,1 400 0
604| 2,4 400 0
605| 2,7 400 0
606| 3 400 0
607| 3,299999 400 0
608| 3,599999 400 0
609| 3,899999 400 0
610| 4,2 400 0
611| 4,5 400 0
612| 4,5 400 0
613| 4,5 400 0
614| 4,5 400 0
615| 4,5 400 0
616| 4,5 400 0
617| 4,5 400 0
618| 4,5 400 0
619| 4,5 400 0
620| 4,5 400 0
621| 4,5 400 0
622| 4,5 400 0
623| 4,8 400 0
624| 5,1 400 0
625| 5,4 400 0
626| 5,7 400 0
627| 6 400 0
628| 6,300001 400 0
629| 6,600001 400 0
630| 6,900001 400 0
631| 7,200001 400 0
632| 7,200001 400 0
633| 7,200001 400 0
634| 7,200001 400 0
635| 7,200001 400 0
636| 7,200001 400 0
637| 7,200001 400 0
638| 7,200001 400 0
639| 7,200001 400 0
640| 7,200001 400 0
641| 7,200001 400 0
642| 7,200001 400 0
643| 7,200001 400 0
644| 7,500001 400 0
645| 7,800001 400 0
646| 8,1 400 0
647| 8,4 400 0
648| 8,7 400 0
649| 8,999999 400 0
650| 9,299999 400 0
651| 9,299999 400 0
652| 9,299999 400 0
653| 9,299999 400 0
654| 9,299999 400 0
655| 9,299999 400 0
656| 9,299999 400 0
657| 9,299999 400 0
658| 9,299999 400 0
659| 9,299999 400 0
660| 9,299999 400 0
661| 9,299999 400 0
662| 9,299999 400 0
663| 9,299999 400 0
664| 9,299999 400 0
665| 9,299999 400 0
666| 9,299999 400 0
667| 9,299999 400 0
668| 9,299999 400 0
669| 9,299999 400 0
670| 9,299999 400 0
671| 9,299999 400 0
672| 9,299999 400 0
673| 9,299999 400 0
674| 9,299999 400 0
675| 9,299999 400 0
676| 9,299999 400 0
677| 9,299999 400 0
678| 9,299999 400 0
679| 9,299999 400 0
680| 9,299999 400 0
681| 9,299999 400 0
682| 9,299999 400 0
683| 9,299999 400 0
684| 9,299999 400 0
685| 9,299999 400 0
686| 9,299999 400 0
687| 9,299999 400 0
688| 9,299999 400 0
689| 9,299999 400 0
690| 9,299999 400 0
691| 9,299999 400 0
692| 9,299999 400 0
693| 9,299999 400 0
694| 9,299999 400 0
695| 9,299999 400 0
696| 9,299999 400 0
697| 9,299999 400 0
698| 9,299999 400 0
699| 9,299999 400 0
700| 9,299999 400 0
701| 9,299999 400 0
702| 9,299999 400 0
703| 9,299999 400 0
704| 9,299999 400 0
705| 9,299999 400 0
706| 9,299999 400 0
707| 9,299999 400 0
708| 9,299999 400 0
709| 9,299999 400 0
710| 9,299999 400 0
711| 9,299999 400 0
712| 9,299999 400 0
713| 9,299999 400 0
714| 9,299999 400 0
715| 9,299999 400 0
716| 9,299999 400 0
717| 9,299999 400 0
718| 9,299999 400 0
719| 9,299999 400 0
720| 9,299999 400 0
721| 0 400 0
722| -0,3 400 0
723| -0,6 400 0
724| -0,9 400 0
725| -1,2 400 0
726| -1,5 400 0
727| -1,5 400 0
728| -1,5 400 0
729| -1,5 400 0
730| -1,5 400 0
731| -1,5 400 0
732| -1,5 400 0
733| -1,5 400 0
734| -1,5 400 0
735| -1,5 400 0
736| -1,5 400 0
737| -1,5 400 0
738| -1,5 400 0
739| -1,5 400 0
740| -1,5 400 0
741| -1,5 400 0
742| -1,5 400 0
743| -1,8 400 0
744| -2,1 400 0
745| -2,4 400 0
746| -2,7 400 0
747| -3 400 0
748| -3,299999 400 0
749| -3,599999 400 0
750| -3,599999 400 0
751| -3,899999 400 0
752| -4,2 400 0
753| -4,5 400 0
754| -4,8 400 0
755| -5,1 400 0
756| -5,4 400 0
757| -5,7 400 0
758| -6 400 0
759| -6,300001 400 0
760| -6,600001 400 0
761| -6,900001 400 0
762| -7,200001 400 0
763| -7,500001 400 0
764| -7,800001 400 0
765| -7,800001 400 0
766| -7,800001 400 0
767| -7,800001 400 0
768| -7,800001 400 0
769| -7,800001 400 0
770| -7,800001 400 0
771| -7,800001 400 0
772| -7,800001 400 0
773| -7,800001 400 0
774| -7,800001 400 0
775| -7,800001 400 0
776| -7,800001 400 0
777| -7,800001 400 0
778| -7,800001 400 0
779| -7,800001 400 0
780| -7,800001 400 0
781| -7,800001 400 0
782| -7,800001 400 0
783| -7,800001 400 0
784| -7,800001 400 0
785| -7,800001 400 0
786| -7,800001 400 0
787| -7,800001 400 0
788| -7,800001 400 0
789| -7,800001 400 0
790| -7,800001 400 0
791| 0 400 0
792| 0,3 400 0
793| 0,6 400 0
794| 0,9 400 0
795| 0,9 400 0
796| 0,9 400 0
797| 0,9 400 0
798| 0,9 400 0
799| 0,9 400 0
800| 0,9 400 0
801| 0,9 400 0
802| 0,9 400 0
803| 0,9 400 0
804| 0,9 400 0
805| 0,9 400 0
806| 0,9 400 0
807| 0,9 400 0
808| 0,9 400 0
809| 0,9 400 0
810| 0,9 400 0
811| 0,9 400 0
812| 0,9 400 0
813| 0,9 400 0
814| 0,9 400 0
815| 0,9 400 0
816| 0,9 400 0
817| 0,9 400 0
818| 0,9 400 0
819| 0,9 400 0
820| 0,9 400 0
821| 0,9 400 0
822| 0,9 400 0
823| 0,9 400 0
824| 0,9 400 0
825| 0,9 400 0
826| 0,9 400 0
827| 0,9 400 0
828| 0,9 400 0
829| 0,9 400 0
830| 0,9 400 0
831| 0,9 400 0
832| 0,9 400 0
833| 0,9 400 0
834| 0,9 400 0
835| 0,9 400 0
836| 0,9 400 0
837| 0,9 400 0
838| 0,9 400 0
839| 0,9 400 0
840| 0,9 400 0
841| 0,9 400 0
842| 0,9 400 0
843| 0,9 400 0
844| 0,9 400 0
845| 0,9 400 0
846| 0,9 400 0
847| 0,9 400 0
848| 0,9 400 0
849| 0,9 400 0
850| 0,9 400 0
851| 0,9 400 0
852| 0,9 400 0
853| 0 400 0
854| -0,3 400 0
855| -0,6 400 0
856| -0,9 400 0
857| -1,2 400 0
858| -1,5 400 0
859| -1,8 400 0
860| -1,8 400 0
861| -1,8 400 0
862| -1,8 400 0
863| -1,8 400 0
864| -1,8 400 0
865| -1,8 400 0
866| -1,8 400 0
867| -1,8 400 0
868| -1,8 400 0
869| -1,8 400 0
870| -1,8 400 0
871| -1,8 400 0
872| -1,8 400 0
873| -1,8 400 0
874| -1,8 400 0
875| -1,8 400 0
876| -1,8 400 0
877| -1,8 400 0
878| -1,8 400 0
879| -1,8 400 0
880| -1,8 400 0
881| -1,8 400 0
882| -1,8 400 0
883| -1,8 400 0
884| 0 0 0
885| 0 0 0
886| 0 0 0
887| 0 0 0
888| 0 0 0
889| 0 0 0
890| 0 0 0
891| 0 0 0
892| 0 0 0
893| 0 0 0
894| 0 0 0
895| 0 0 0
896| 0 0 0
897| 0 0 0
898| 0 0 0
899| 0 0 0
900| 0 0 0
901| 0 0 0
902| 0 0 0
903| 0 0 0
904| 0 0 0
905| 0 0 0
906| 0 0 0
907| 0 0 0
908| 0 4 0
909| 0 8 0
910| 0 12 0
911| 0 16 0
912| 0 20 0
913| 0 24 0
914| 0 28 0
915| 0 32 0
916| 0 36 0
917| 0 40 0
918| 0 43,99999 0
919| 0 47,99999 0
920| 0 51,99999 0
921| 0 55,99999 0
922| 0 60 0
923| 0 64 0
924| 0 68 0
925| 0 72 0
926| 0 76,00001 0
927| -0,3 80,00001 0
928| -0,6 84,00001 0
929| -0,9 88,00002 0
930| -1,2 92,00002 0
931| -1,5 96,00002 0
932| -1,8 100 0
933| -2,1 104 0
934| -2,4 108 0
935| -2,7 112 0
936| -3 116 0
937| -3,299999 120 0
938| -3,599999 124 0
939| -3,899999 128 0
940| -4,2 132 0
941| -4,5 136 0
942| -4,8 140 0
943| -4,8 144 0
944| -4,8 148 0
945| -4,8 152 0
946| -4,8 156 0
947| -4,8 160 0
948| -4,8 164 0
949| -4,8 168 0
950| -4,8 171,9999 0
951| -4,8 175,9999 0
952| -5,1 179,9999 0
953| -5,4 183,9999 0
954| -5,7 187,9999 0
955| -6 191,9999 0
956| -6,300001 195,9999 0
957| -6,600001 199,9999 0
958| -6,900001 203,9999 0
959| -7,200001 203,9999 0
960| -7,500001 203,9999 0
961| -7,800001 203,9999 0
962| -8,1 207,9999 0
963| -8,4 211,9999 0
964| -8,7 215,9999 0
965| -8,999999 219,9999 0
966| -9,299999 223,9999 0
967| -9,599998 227,9999 0
968| -9,899999 231,9999 0
969| -10,2 235,9999 0
970| -10,5 239,9999 0
971| -10,8 243,9999 0
972| -11,1 247,9999 0
973| -11,4 251,9999 0
974| -11,7 255,9999 0
975| -12 259,9999 0
976| -12,3 263,9999 0
977| -12,6 267,9999 0
978| -12,9 271,9998 0
979| -13,2 275,9998 0
980| -13,5 279,9998 0
981| -13,79999 283,9998 0
982| -14,09999 287,9998 0
983| -14,39999 291,9998 0
984| -14,69999 295,9998 0
985| -14,99999 299,9998 0
986| -15,29999 303,9998 0
987| -15,29999 307,9998 0
988| -15,29999 311,9998 0
989| -15,29999 315,9998 0
990| -15,29999 319,9998 0
991| -15,29999 323,9998 0
992| -15,29999 327,9998 0
993| -15,29999 331,9998 0
994| -15,29999 335,9998 0
995| -15,29999 339,9998 0
996| 0 0 0
997| 0 0 0
998| 0 0 0
999| 0 0 0
1000| 0 0 0
1001| 0 0 0
1002| 0 0 0
1003| 0 0 0
1004| 0 0 0
1005| 0 0 0
1006| 0 4 0
1007| 0 8 0
1008| 0 12 0
1009| 0 16 0
1010| 0 20 0
1011| 0 24 0
1012| 0 28 0
1013| 0 32 0
1014| 0 36 0
1015| 0 40 0
1016| 0 43,99999 0
1017| 0 47,99999 0
1018| 0 51,99999 0
1019| 0 55,99999 0
1020| 0 60 0
1021| 0 64 0
1022| 0 68 0
1023| 0 72 0
1024| 0 76,00001 0
1025| 0 80,00001 0
1026| 0 84,00001 0
1027| 0 88,00002 0
1028| 0 92,00002 0
1029| 0 96,00002 0
1030| 0 100 0
1031| 0 104 0
1032| 0 108 0
1033| 0 112 0
1034| 0,3 116 0
1035| 0,6 120 0
1036| 0,9 124 0
1037| 1,2 128 0
1038| 1,5 132 0
1039| 0 136 0
1040| 0 140 0
1041| -0,3 144 0
1042| -0,6 148 0
1043| -0,9 152 0
1044| -1,2 156 0
1045| -1,5 160 0
1046| -1,8 164 0
1047| -2,1 168 0
1048| -2,4 171,9999 0
1049| -2,7 175,9999 0
1050| -3 179,9999 0
1051| -3,299999 183,9999 0
1052| -3,599999 187,9999 0
1053| -3,899999 191,9999 0
1054| -4,2 195,9999 0
1055| -4,5 199,9999 0
1056| -4,8 203,9999 0
1057| -5,1 207,9999 0
1058| -5,4 211,9999 0
1059| -5,7 215,9999 0
1060| -6 219,9999 0
1061| -6,300001 223,9999 0
1062| -6,600001 227,9999 0
1063| -6,900001 231,9999 0
1064| -7,200001 235,9999 0
1065| -7,500001 239,9999 0
1066| -7,800001 243,9999 0
1067| -8,1 247,9999 0
1068| -8,4 251,9999 0
1069| -8,4 255,9999 0
1070| -8,4 259,9999 0
1071| -8,4 263,9999 0
1072| -8,4 267,9999 0
1073| -8,4 271,9998 0
1074| -8,4 275,9998 0
1075| -8,4 279,9998 0
1076| -8,7 283,9998 0
1077| -8,999999 287,9998 0
1078| -8,999999 291,9998 0
1079| -8,999999 295,9998 0
1080| -8,999999 299,9998 0
1081| -8,999999 303,9998 0
1082| -8,999999 307,9998 0
1083| -8,999999 311,9998 0
1084| -8,999999 315,9998 0
1085| -8,999999 319,9998 0
1086| -8,999999 323,9998 0
1087| 0 327,9998 0
1088| 0,3 331,9998 0
1089| 0,6 335,9998 0
1090| 0,9 339,9998 0
1091| 1,2 343,9998 0
1092| 1,5 347,9998 0
1093| 1,8 351,9998 0
1094| 2,1 355,9998 0
1095| 2,4 359,9998 0
1096| 2,7 363,9998 0
1097| 3 367,9998 0
1098| 3,299999 371,9998 0
1099| 3,599999 375,9998 0
1100| 3,899999 379,9998 0
1101| 4,2 383,9998 0
1102| 4,2 387,9998 0
1103| 4,2 391,9998 0
1104| 4,2 395,9998 0
1105| 4,2 399,9997 0
1106| 4,2 400 0
1107| 4,2 400 0
1108| 4,2 400 0
1109| 4,2 400 0
1110| 4,2 400 0
1111| 4,2 400 0
1112| 4,2 400 0
1113| 4,2 400 0
1114| 4,2 400 0
1115| 4,2 400 0
1116| 4,2 400 0
1117| 4,2 400 0
1118| 4,2 400 0
1119| 4,2 400 0
1120| 4,2 400 0
1121| 4,2 400 0
1122| 4,2 400 0
1123| 4,2 400 0
1124| 4,2 400 0
1125| 4,2 400 0
1126| 4,2 400 0
1127| 4,2 400 0
1128| 4,2 400 0
1129| 4,2 400 0
1130| 4,2 400 0
1131| 4,2 400 0
1132| 4,2 400 0
1133| 4,2 400 0
1134| 4,2 400 0
1135| 4,2 400 0
1136| 4,2 400 0
1137| 4,2 400 0
1138| 4,2 400 0
1139| 4,2 400 0
1140| 4,2 400 0
1141| 4,2 400 0
1142| 4,2 400 0
1143| 4,2 400 0
1144| 4,2 400 0
1145| 4,2 400 0
1146| 4,2 400 0
1147| 4,2 400 0
1148| 4,2 400 0
1149| 4,2 400 0
1150| 4,2 400 0
1151| 4,2 400 0
1152| 0 400 0
1153| -0,3 400 0
1154| -0,6 400 0
1155| -0,9 400 0
1156| -1,2 400 0
1157| -1,5 400 0
1158| -1,8 400 0
1159| -2,1 400 0
1160| -2,4 400 0
1161| -2,7 400 0
1162| -3 400 0
1163| -3,299999 400 0
1164| -3,599999 400 0
1165| -3,899999 400 0
1166| -4,2 400 0
1167| -4,5 400 0
1168| -4,8 400 0
1169| -5,1 400 0
1170| -5,4 400 0
1171| -5,7 400 0
1172| -6 400 0
1173| -6,300001 400 0
1174| -6,600001 400 0
1175| -6,900001 400 0
1176| -7,200001 400 0
1177| -7,500001 400 0
1178| -7,500001 400 0
1179| -7,500001 400 0
1180| -7,500001 400 0
1181| -7,500001 400 0
1182| -7,500001 400 0
1183| -7,500001 400 0
1184| -7,500001 400 0
1185| -7,500001 400 0
1186| -7,500001 400 0
1187| -7,500001 400 0
1188| -7,500001 400 0
1189| -7,500001 400 0
1190| -7,500001 400 0
1191| -7,500001 400 0
1192| -7,500001 400 0
1193| -7,500001 400 0
1194| -7,500001 400 0
1195| -7,500001 400 0
1196| -7,500001 400 0
1197| -7,500001 400 0
1198| -7,500001 400 0
1199| -7,500001 400 0
1200| -7,500001 400 0
1201| -7,500001 400 0
1202| -7,500001 400 0
1203| -7,500001 400 0
1204| -7,500001 400 0
1205| -7,500001 400 0
1206| -7,500001 400 0
1207| -7,500001 400 0
1208| -7,500001 400 0
1209| -7,500001 400 0
1210| -7,500001 400 0
1211| -7,500001 400 0
1212| -7,500001 400 0
1213| -7,500001 400 0
1214| -7,500001 400 0
1215| -7,500001 400 0
1216| -7,500001 400 0
1217| -7,500001 400 0
1218| -7,500001 400 0
1219| -7,500001 400 0
1220| -7,500001 400 0
1221| -7,500001 400 0
1222| -7,500001 400 0
1223| -7,500001 400 0
1224| -7,500001 400 0
1225| -7,500001 400 0
1226| -7,500001 400 0
1227| -7,500001 400 0
1228| -7,500001 400 0
1229| -7,500001 400 0
1230| -7,500001 400 0
1231| -7,500001 400 0
1232| -7,500001 400 0
1233| -7,500001 400 0
1234| -7,500001 400 0
1235| -7,500001 400 0
1236| -7,500001 400 0
1237| -7,500001 400 0
1238| -7,500001 400 0
1239| -7,500001 400 0
1240| -7,500001 400 0
1241| -7,500001 400 0
1242| -7,500001 400 0
1243| -7,500001 400 0
1244| -7,500001 400 0
1245| -7,500001 400 0
1246| -7,500001 400 0
1247| -7,500001 400 0
1248| -7,500001 400 0
1249| -7,500001 400 0
1250| -7,500001 400 0
1251| -7,500001 400 0
1252| -7,500001 400 0
1253| -7,500001 400 0
1254| -7,500001 400 0
1255| -7,500001 400 0
1256| -7,500001 400 0
1257| -7,500001 400 0
1258| -7,500001 400 0
1259| -7,500001 400 0
1260| -7,500001 400 0
1261| -7,500001 400 0
1262| -7,500001 400 0
1263| -7,500001 400 0
1264| -7,500001 400 0
1265| -7,500001 400 0
1266| -7,500001 400 0
1267| -7,500001 400 0
1268| -7,500001 400 0
1269| -7,500001 400 0
1270| -7,500001 400 0
1271| -7,500001 400 0
1272| -7,500001 400 0
1273| -7,500001 400 0
1274| -7,500001 400 0
1275| -7,500001 400 0
1276| -7,500001 400 0
1277| -7,500001 400 0
1278| -7,500001 400 0
1279| -7,500001 400 0
1280| -7,500001 400 0
1281| -7,500001 400 0
1282| -7,500001 400 0
1283| -7,500001 400 0
1284| -7,500001 400 0
1285| -7,500001 400 0
1286| 0 400 0
1287| 0,3 400 0
1288| 0,6 400 0
1289| 0,9 400 0
1290| 1,2 400 0
1291| 1,5 400 0
1292| 1,8 400 0
1293| 1,8 400 0
1294| 1,8 400 0
1295| 1,8 400 0
1296| 1,8 400 0
1297| 1,8 400 0
1298| 1,8 400 0
1299| 1,8 400 0
1300| 1,8 400 0
1301| 1,8 400 0
1302| 1,8 400 0
1303| 1,8 400 0
1304| 1,8 400 0
1305| 1,8 400 0
1306| 1,8 400 0
1307| 1,8 400 0
1308| 1,8 400 0
1309| 1,8 400 0
1310| 1,8 400 0
1311| 1,8 400 0
1312| 1,8 400 0
1313| 1,8 400 0
1314| 1,8 400 0
1315| 1,8 400 0
1316| 1,8 400 0
1317| 1,8 400 0
1318| 1,8 400 0
1319| 1,8 400 0
1320| 1,8 400 0
1321| 1,8 400 0
1322| 1,8 400 0
1323| 1,8 400 0
1324| 1,8 400 0
1325| 1,8 400 0
1326| 1,8 400 0
1327| 1,8 400 0
1328| 1,8 400 0
1329| 1,8 400 0
1330| 1,8 400 0
1331| 1,8 400 0
1332| 1,8 400 0
1333| 1,8 400 0
1334| 1,8 400 0
1335| 1,8 400 0
1336| 1,8 400 0
1337| 1,8 400 0
1338| 1,8 400 0
1339| 1,8 400 0
1340| 1,8 400 0
1341| 1,8 400 0
1342| 1,8 400 0
1343| 1,8 400 0
1344| 1,8 400 0
1345| 1,8 400 0
1346| 1,8 400 0
1347| 1,8 400 0
1348| 1,8 400 0
1349| 1,8 400 0
1350| 1,8 400 0
1351| 1,8 400 0
1352| 1,8 400 0
1353| 1,8 400 0
1354| 1,8 400 0
1355| 1,8 400 0
1356| 1,8 400 0
1357| 1,8 400 0
1358| 1,8 400 0
1359| 1,8 400 0
1360| 1,8 400 0
1361| 1,8 400 0
1362| 1,8 400 0
1363| 1,8 400 0
1364| 1,8 400 0
1365| 1,8 400 0
1366| 1,8 400 0
1367| 1,8 400 0
1368| 1,8 400 0
1369| 1,8 400 0
1370| 1,8 400 0
1371| 1,8 400 0
1372| 1,8 400 0
1373| 1,8 400 0
1374| 1,8 400 0
1375| 1,8 400 0
1376| 1,8 400 0
1377| 1,8 400 0
1378| 1,8 400 0
1379| 1,8 400 0
1380| 1,8 400 0
1381| 1,8 400 0
1382| 1,8 400 0
1383| 1,8 400 0
1384| 1,8 400 0
1385| 1,8 400 0
1386| 1,8 400 0
1387| 1,8 400 0
1388| 1,8 400 0
1389| 1,8 400 0
1390| 1,8 400 0
1391| 1,8 400 0
1392| 1,8 400 0
1393| 1,8 400 0
1394| 1,8 400 0
1395| 1,8 400 0
1396| 1,8 400 0
1397| 1,8 400 0
1398| 1,8 400 0
1399| 1,8 400 0
1400| 1,8 400 0
1401| 1,8 400 0
1402| 1,8 400 0
1403| 1,8 400 0
1404| 1,8 400 0
1405| 1,8 400 0
1406| 1,8 400 0
1407| 1,8 400 0
1408| 1,8 400 0
1409| 1,8 400 0
1410| 1,8 400 0
1411| 1,8 400 0
1412| 1,8 400 0
1413| 1,8 400 0
1414| 1,8 400 0
1415| 1,8 400 0
1416| 1,8 400 0
1417| 1,8 400 0
1418| 1,8 400 0
1419| 1,8 400 0
1420| 1,8 400 0
1421| 1,8 400 0
1422| 1,8 400 0
1423| 1,8 400 0
1424| 1,8 400 0
1425| 1,8 400 0
1426| 1,8 400 0
1427| 1,8 400 0
1428| 1,8 400 0
1429| 1,8 400 0
1430| 1,8 400 0
1431| 1,8 400 0
1432| 1,8 400 0
1433| 1,8 400 0
1434| 1,8 400 0
1435| 1,8 400 0
1436| 1,8 400 0
1437| 1,8 400 0
1438| 1,8 400 0
1439| 1,8 400 0
1440| 1,8 400 0
1441| 1,8 400 0
1442| 1,8 400 0
1443| 1,8 400 0
1444| 1,8 400 0
1445| 1,8 400 0
1446| 1,8 400 0
1447| 1,8 400 0
1448| 1,8 400 0
1449| 1,8 400 0
1450| 1,8 400 0
1451| 1,8 400 0
1452| 1,8 400 0
1453| 1,8 400 0
1454| 1,8 400 0
1455| 1,8 400 0
1456| 1,8 400 0
1457| 1,8 400 0
1458| 1,8 400 0
1459| 1,8 400 0
1460| 1,8 400 0
1461| 1,8 400 0
1462| 1,8 400 0
1463| 1,8 400 0
1464| 1,8 400 0
1465| 1,8 400 0
1466| 1,8 400 0
1467| 1,8 400 0
1468| 1,8 400 0
1469| 1,8 400 0
1470| 1,8 400 0
1471| 1,8 400 0
1472| 1,8 400 0
1473| 1,8 400 0
1474| 1,8 400 0
1475| 1,8 400 0
1476| 1,8 400 0
1477| 1,8 400 0
1478| 1,8 400 0
1479| 1,8 400 0
1480| 1,8 400 0
1481| 1,8 400 0
1482| 1,8 400 0
1483| 1,8 400 0
1484| 1,8 400 0
1485| 1,8 400 0
1486| 1,8 400 0
1487| 1,8 400 0
1488| 1,8 400 0
1489| 1,8 400 0
1490| 1,8 400 0
1491| 1,8 400 0
1492| 1,8 400 0
1493| 1,8 400 0
1494| 1,8 400 0
1495| 1,8 400 0
1496| 1,8 400 0
1497| 1,8 400 0
1498| 1,8 400 0
1499| 1,8 400 0
1500| 1,8 400 0
1501| 1,8 400 0
1502| 1,8 400 0
1503| 1,8 400 0
1504| 1,8 400 0
1505| 1,8 400 0
1506| 1,8 400 0
1507| 1,8 400 0
1508| 1,8 400 0
1509| 1,8 400 0
1510| 1,8 400 0
1511| 1,8 400 0
1512| 1,8 400 0
1513| 1,8 400 0
1514| 1,8 400 0
1515| 1,8 400 0
1516| 1,8 400 0
1517| 1,8 400 0
1518| 1,8 400 0
1519| 1,8 400 0
1520| 1,8 400 0
1521| 1,8 400 0
1522| 1,8 400 0
1523| 1,8 400 0
1524| 1,8 400 0
1525| 1,8 400 0
1526| 1,8 400 0
1527| 1,8 400 0
1528| 1,8 400 0
1529| 1,8 400 0
1530| 1,8 400 0
1531| 1,8 400 0
1532| 1,8 400 0
1533| 1,8 400 0
1534| 1,8 400 0
1535| 1,8 400 0
1536| 1,8 400 0
1537| 1,8 400 0
1538| 1,8 400 0
1539| 1,8 400 0
1540| 1,8 400 0
1541| 1,8 400 0
1542| 1,8 400 0
1543| 1,8 400 0
1544| 1,8 400 0
1545| 1,8 400 0
1546| 1,8 400 0
1547| 1,8 400 0
1548| 1,8 400 0
1549| 1,8 400 0
1550| 1,8 400 0
1551| 1,8 400 0
1552| 1,8 400 0
1553| 1,8 400 0
1554| 1,8 400 0
1555| 1,8 400 0
1556| 1,8 400 0
1557| 1,8 400 0
1558| 1,8 400 0
1559| 1,8 400 0
1560| 1,8 400 0
1561| 1,8 400 0
1562| 1,8 400 0
1563| 1,8 400 0
1564| 1,8 400 0
1565| 1,8 400 0
1566| 1,8 400 0
1567| 1,8 400 0
1568| 1,8 400 0
1569| 1,8 400 0
1570| 1,8 400 0
1571| 1,8 400 0
1572| 1,8 400 0
1573| 1,8 400 0
1574| 1,8 400 0
1575| 1,8 400 0
1576| 0 400 0
1577| -0,3 400 0
1578| -0,6 400 0
1579| -0,9 400 0
1580| -1,2 400 0
1581| -1,5 400 0
1582| -1,5 400 0
1583| -1,5 400 0
1584| -1,5 400 0
1585| -1,5 400 0
1586| -1,5 400 0
1587| -1,5 400 0
1588| -1,5 400 0
1589| -1,5 400 0
1590| -1,5 400 0
1591| -1,5 400 0
1592| -1,5 400 0
1593| -1,5 400 0
1594| -1,5 400 0
1595| -1,5 400 0
1596| -1,5 400 0
1597| -1,5 400 0
1598| -1,5 400 0
1599| -1,5 400 0
1600| -1,5 400 0
1601| -1,5 400 0
1602| -1,5 400 0
1603| -1,5 400 0
1604| -1,5 400 0
1605| -1,5 400 0
1606| -1,5 400 0
1607| -1,5 400 0
1608| -1,5 400 0
1609| -1,5 400 0
1610| -1,5 400 0
1611| -1,5 400 0
1612| -1,5 400 0
1613| -1,5 400 0
1614| -1,5 400 0
1615| -1,5 400 0
1616| -1,5 400 0
1617| -1,5 400 0
1618| -1,5 400 0
1619| -1,5 400 0
1620| -1,5 400 0
1621| -1,5 400 0
1622| -1,5 400 0
1623| -1,5 400 0
1624| -1,5 400 0
1625| -1,5 400 0
1626| -1,5 400 0
1627| -1,5 400 0
1628| -1,5 400 0
1629| -1,5 400 0
1630| -1,5 400 0
1631| -1,5 400 0
1632| -1,5 400 0
1633| -1,5 400 0
1634| -1,5 400 0
1635| -1,8 400 0
1636| -2,1 400 0
1637| -2,4 400 0
1638| -2,4 400 0
1639| -2,4 400 0
1640| -2,4 400 0
1641| -2,4 400 0
1642| -2,4 400 0
1643| -2,4 400 0
1644| -2,4 400 0
1645| -2,4 400 0
1646| -2,4 400 0
1647| -2,4 400 0
1648| -2,4 400 0
1649| -2,4 400 0
1650| -2,4 400 0
1651| -2,4 400 0
1652| -2,4 400 0
1653| -2,4 400 0
1654| -2,4 400 0
1655| -2,4 400 0
1656| -2,4 400 0
1657| -2,4 400 0
1658| -2,4 400 0
1659| -2,4 400 0
1660| -2,4 400 0
1661| -2,4 400 0
1662| -2,4 400 0
1663| -2,4 400 0
1664| -2,4 400 0
1665| -2,4 400 0
1666| -2,4 400 0
1667| -2,4 400 0
1668| -2,4 400 0
1669| -2,4 400 0
1670| -2,4 400 0
1671| -2,4 400 0
1672| -2,7 400 0
1673| -3 400 0
1674| -3,299999 400 0
1675| -3,599999 400 0
1676| -3,599999 400 0
1677| -3,599999 400 0
1678| -3,599999 400 0
1679| -3,599999 400 0
1680| -3,599999 400 0
1681| -3,899999 400 0
1682| -4,2 400 0
1683| -4,5 400 0
1684| -4,8 400 0
1685| -4,8 400 0
1686| -4,8 400 0
1687| -4,8 400 0
1688| -4,8 400 0
1689| -4,8 400 0
1690| -4,8 400 0
1691| -4,8 400 0
1692| -4,8 400 0
1693| -4,8 400 0
1694| -4,8 400 0
1695| -4,8 400 0
1696| -4,8 400 0
1697| -4,8 400 0
1698| -4,8 400 0
1699| -4,8 400 0
1700| -4,8 400 0
1701| -4,8 400 0
1702| -4,8 400 0
1703| -4,8 400 0
1704| -4,8 400 0
1705| -4,8 400 0
1706| -4,8 400 0
1707| -4,8 400 0
1708| -4,8 400 0
1709| -4,8 400 0
1710| -4,8 400 0
1711| -4,8 400 0
1712| -4,8 400 0
1713| -4,8 400 0
1714| -4,8 400 0
1715| -4,8 400 0
1716| -4,8 400 0
1717| -4,8 400 0
1718| -4,8 400 0
1719| -4,8 400 0
1720| -4,8 400 0
1721| -4,8 400 0
1722| -4,8 400 0
1723| 0 400 0
1724| 0,3 400 0
1725| 0,6 400 0
1726| 0,6 400 0
1727| 0,6 400 0
1728| 0,6 400 0
1729| 0,6 400 0
1730| 0,6 400 0
1731| 0,6 400 0
1732| 0,6 400 0
1733| 0,6 400 0
1734| 0,6 400 0
1735| 0,6 400 0
1736| 0,6 400 0
1737| 0,6 400 0
1738| 0,6 400 0
1739| 0,6 400 0
1740| 0,6 400 0
1741| 0,6 400 0
1742| 0,6 400 0
1743| 0,6 400 0
1744| 0,6 400 0
1745| 0,6 400 0
1746| 0,6 400 0
1747| 0,6 400 0
1748| 0,6 400 0
1749| 0,6 400 0
1750| 0,6 400 0
1751| 0,6 400 0
1752| 0,6 400 0
1753| 0,6 400 0
1754| 0,6 400 0
1755| 0,6 400 0
1756| 0,6 400 0
1757| 0,6 400 0
1758| 0,6 400 0
1759| 0,6 400 0
1760| 0,6 400 0
1761| 0,6 400 0
1762| 0,6 400 0
1763| 0,6 400 0
1764| 0,6 400 0
1765| 0,6 400 0
1766| 0,6 400 0
1767| 0,6 400 0
1768| 0,6 400 0
1769| 0,6 400 0
1770| 0,6 400 0
1771| 0,6 400 0
1772| 0,6 400 0
1773| 0,6 400 0
1774| 0,6 400 0
1775| 0,6 400 0
1776| 0,6 400 0
1777| 0,6 400 0
1778| 0,6 400 0
1779| 0,6 400 0
1780| 0,9 400 0
1781| 1,2 400 0
1782| 1,2 400 0
1783| 1,2 400 0
1784| 1,2 400 0
1785| 1,2 400 0
1786| 1,2 400 0
1787| 1,2 400 0
1788| 1,2 400 0
1789| 1,2 400 0
1790| 1,2 400 0
1791| 1,2 400 0
1792| 1,2 400 0
1793| 1,2 400 0
1794| 1,2 400 0
1795| 1,2 400 0
1796| 1,2 400 0
1797| 1,2 400 0
1798| 1,2 400 0
1799| 1,2 400 0
1800| 1,2 400 0
1801| 1,2 400 0
1802| 1,2 400 0
1803| 1,2 400 0
1804| 1,2 400 0
1805| 1,2 400 0
1806| 1,2 400 0
1807| 1,2 400 0
1808| 1,2 400 0
1809| 1,2 400 0
1810| 1,2 400 0
1811| 1,2 400 0
1812| 1,2 400 0
1813| 1,2 400 0
1814| 1,2 400 0
1815| 1,2 400 0
1816| 1,2 400 0
1817| 1,2 400 0
1818| 1,2 400 0
1819| 1,2 400 0
1820| 1,2 400 0
1821| 1,2 400 0
1822| 1,2 400 0
1823| 1,2 400 0
1824| 1,2 400 0
1825| 1,2 400 0
1826| 1,2 400 0
1827| 1,2 400 0
1828| 1,2 400 0
1829| 1,2 400 0
1830| 1,2 400 0
1831| 1,2 400 0
1832| 1,2 400 0
1833| 1,2 400 0
1834| 1,2 400 0
1835| 1,2 400 0
1836| 1,2 400 0
1837| 1,2 400 0
1838| 1,2 400 0
1839| 1,2 400 0
1840| 1,2 400 0
1841| 1,2 400 0
1842| 1,2 400 0
1843| 1,2 400 0
1844| 1,2 400 0
1845| 1,2 400 0
1846| 1,2 400 0
1847| 1,2 400 0
1848| 1,2 400 0
1849| 1,2 400 0
1850| 1,2 400 0
1851| 1,2 400 0
1852| 1,2 400 0
1853| 1,2 400 0
1854| 1,2 400 0
1855| 1,2 400 0
1856| 1,2 400 0
1857| 1,2 400 0
1858| 1,2 400 0
1859| 1,2 400 0
1860| 1,2 400 0
1861| 1,2 400 0
1862| 1,2 400 0
1863| 1,2 400 0
1864| 1,2 400 0
1865| 1,2 400 0
1866| 1,2 400 0
1867| 1,2 400 0
1868| 1,2 400 0
1869| 1,2 400 0
1870| 1,2 400 0
1871| 1,2 400 0
1872| 1,2 400 0
1873| 1,2 400 0
1874| 1,2 400 0
1875| 1,2 400 0
1876| 1,2 400 0
1877| 1,2 400 0
1878| 1,2 400 0
1879| 1,2 400 0
1880| 1,2 400 0
1881| 1,2 400 0
1882| 1,2 400 0
1883| 1,2 400 0
1884| 1,2 400 0
1885| 1,2 400 0
1886| 1,2 400 0
1887| 1,2 400 0
1888| 1,2 400 0
1889| 1,5 400 0
1890| 1,8 400 0
1891| 2,1 400 0
1892| 2,4 400 0
1893| 2,4 400 0
1894| 2,4 400 0
1895| 2,4 400 0
1896| 2,4 400 0
1897| 2,4 400 0
1898| 2,4 400 0
1899| 2,4 400 0
1900| 2,4 400 0
1901| 2,4 400 0
1902| 2,4 400 0
1903| 2,7 400 0
1904| 3 400 0
1905| 3,299999 400 0
1906| 3,599999 400 0
1907| 3,599999 400 0
1908| 3,599999 400 0
1909| 3,599999 400 0
1910| 3,599999 400 0
1911| 3,599999 400 0
1912| 3,599999 400 0
1913| 3,599999 400 0
1914| 3,599999 400 0
1915| 3,599999 400 0
1916| 3,599999 400 0
1917| 3,599999 400 0
1918| 3,599999 400 0
1919| 3,599999 400 0
1920| 3,599999 400 0
1921| 3,599999 400 0
1922| 3,599999 400 0
1923| 3,599999 400 0
1924| 3,599999 400 0
1925| 3,599999 400 0
1926| 3,599999 400 0
1927| 3,599999 400 0
1928| 3,599999 400 0
1929| 3,599999 400 0
1930| 3,599999 400 0
1931| 3,599999 400 0
1932| 3,599999 400 0
1933| 3,599999 400 0
1934| 3,599999 400 0
1935| 3,599999 400 0
1936| 3,599999 400 0
1937| 3,599999 400 0
1938| 3,599999 400 0
1939| 3,599999 400 0
1940| 3,599999 400 0
1941| 3,599999 400 0
1942| 3,599999 400 0
1943| 3,599999 400 0
1944| 3,599999 400 0
1945| 3,599999 400 0
1946| 3,599999 400 0
1947| 3,599999 400 0
1948| 3,599999 400 0
1949| 3,599999 400 0
1950| 3,599999 400 0
1951| 3,899999 400 0
1952| 4,2 400 0
1953| 4,5 400 0
1954| 4,5 400 0
1955| 4,5 400 0
1956| 4,5 400 0
1957| 4,5 400 0
1958| 4,5 400 0
1959| 4,5 400 0
1960| 4,5 400 0
1961| 4,5 400 0
1962| 0 400 0
1963| -0,3 400 0
1964| -0,6 400 0
1965| -0,9 400 0
1966| -1,2 400 0
1967| -1,2 400 0
1968| -1,2 400 0
1969| -1,2 400 0
1970| -1,2 400 0
1971| -1,2 400 0
1972| -1,2 400 0
1973| -1,2 400 0
1974| -1,2 400 0
1975| -1,2 400 0
1976| -1,2 400 0
1977| -1,2 400 0
1978| -1,2 400 0
1979| -1,2 400 0
1980| -1,2 400 0
1981| -1,2 400 0
1982| -1,2 400 0
1983| -1,2 400 0
1984| -1,2 400 0
1985| -1,2 400 0
1986| -1,2 400 0
1987| -1,2 400 0
1988| -1,2 400 0
1989| -1,2 400 0
1990| -1,2 400 0
1991| -1,2 400 0
1992| -1,2 400 0
1993| -1,2 400 0
1994| -1,2 400 0
1995| -1,2 400 0
1996| -1,2 400 0
1997| -1,2 400 0
1998| -1,2 400 0
1999| -1,2 400 0
2000| -1,2 400 0
2001| -1,2 400 0
2002| -1,2 400 0
2003| -1,2 400 0
2004| -1,2 400 0
2005| 0 400 0
2006| 0,3 400 0
2007| 0,3 400 0
2008| 0,3 400 0
2009| 0,3 400 0
2010| 0,3 400 0
2011| 0,3 400 0
2012| 0,6 400 0
2013| 0,9 400 0
2014| 1,2 400 0
2015| 1,5 400 0
2016| 1,5 400 0
2017| 1,5 400 0
2018| 1,5 400 0
2019| 1,5 400 0
2020| 1,5 400 0
2021| 1,5 400 0
2022| 1,5 400 0
2023| 1,5 400 0
2024| 1,5 400 0
2025| 1,5 400 0
2026| 1,5 400 0
2027| 1,8 400 0
2028| 2,1 400 0
2029| 2,4 400 0
2030| 2,7 400 0
2031| 3 400 0
2032| 3 400 0
2033| 3 400 0
2034| 3 400 0
2035| 3 400 0
2036| 3 400 0
2037| 3 400 0
2038| 3 400 0
2039| 3 400 0
2040| 3 400 0
2041| 3 400 0
2042| 3 400 0
2043| 3 400 0
2044| 3 400 0
2045| 3 400 0
2046| 3 400 0
2047| 3 400 0
2048| 3 400 0
2049| 3 400 0
2050| 3 400 0
2051| 3 400 0
2052| 3 400 0
2053| 3 400 0
2054| 3 400 0
2055| 3 400 0
2056| 3 400 0
2057| 3 400 0
2058| 3 400 0
2059| 3 400 0
2060| 3 400 0
2061| 3 400 0
2062| 3 400 0
2063| 3 400 0
2064| 3 400 0
2065| 3 400 0
2066| 3 400 0
2067| 3 400 0
2068| 3 400 0
2069| 3 400 0
2070| 3 400 0
2071| 3 400 0
2072| 3 400 0
2073| 3 400 0
2074| 3 400 0
2075| 3 400 0
2076| 3 400 0
2077| 3 400 0
2078| 3 400 0
2079| 3 400 0
2080| 3 400 0
2081| 3 400 0
2082| 3 400 0
2083| 3 400 0
2084| 3 400 0
2085| 3 400 0
2086| 3 400 0
2087| 3 400 0
2088| 3 400 0
2089| 3 400 0
2090| 3 400 0
2091| 3 400 0
2092| 3 400 0
2093| 3 400 0
2094| 3 400 0
2095| 3 400 0
2096| 3 400 0
2097| 3 400 0
2098| 3 400 0
2099| 3 400 0
2100| 3 400 0
2101| 3 400 0
2102| 3 400 0
2103| 3 400 0
2104| 3 400 0
2105| 3 400 0
2106| 3 400 0
2107| 3 400 0
2108| 3 400 0
2109| 3 400 0
2110| 3 400 0
2111| 3 400 0
2112| 3 400 0
2113| 3 400 0
2114| 3 400 0
2115| 3 400 0
2116| 3 400 0
2117| 3 400 0
2118| 3 400 0
2119| 3 400 0
2120| 3 400 0
2121| 3 400 0
2122| 0 400 0
2123| -0,3 400 0
2124| -0,6 400 0
2125| -0,9 400 0
2126| -1,2 400 0
2127| -1,2 400 0
2128| -1,2 400 0
2129| -1,2 400 0
2130| -1,2 400 0
2131| -1,2 400 0
2132| -1,2 400 0
2133| -1,2 400 0
2134| -1,2 400 0
2135| -1,2 400 0
2136| -1,2 400 0
2137| -1,2 400 0
2138| -1,2 400 0
2139| -1,2 400 0
2140| -1,2 400 0
2141| -1,2 400 0
2142| -1,2 400 0
2143| -1,2 400 0
2144| -1,2 400 0
2145| -1,2 400 0
2146| -1,2 400 0
2147| -1,2 400 0
2148| -1,2 400 0
2149| -1,2 400 0
2150| -1,2 400 0
2151| -1,2 400 0
2152| -1,2 400 0
2153| -1,2 400 0
2154| -1,2 400 0
2155| -1,2 400 0
2156| -1,2 400 0
2157| -1,2 400 0
2158| -1,2 400 0
2159| -1,2 400 0
2160| -1,2 400 0
2161| -1,2 400 0
2162| -1,2 400 0
2163| -1,2 400 0
2164| -1,2 400 0
2165| -1,2 400 0
2166| -1,2 400 0
2167| -1,2 400 0
2168| -1,2 400 0
2169| -1,2 400 0
2170| -1,2 400 0
2171| -1,2 400 0
2172| -1,2 400 0
2173| -1,2 400 0
2174| -1,2 400 0
2175| -1,2 400 0
2176| -1,2 400 0
2177| -1,2 400 0
2178| -1,2 400 0
2179| -1,5 400 0
2180| -1,8 400 0
2181| -2,1 400 0
2182| -2,4 400 0
2183| -2,7 400 0
2184| -3 400 0
2185| -3,299999 400 0
2186| -3,299999 400 0
2187| -3,299999 400 0
2188| -3,299999 400 0
2189| -3,299999 400 0
2190| -3,299999 400 0
2191| -3,299999 400 0
2192| -3,299999 400 0
2193| -3,299999 400 0
2194| -3,299999 400 0
2195| -3,299999 400 0
2196| -3,299999 400 0
2197| -3,299999 400 0
2198| -3,299999 400 0
2199| -3,299999 400 0
2200| -3,299999 400 0
2201| -3,299999 400 0
2202| -3,299999 400 0
2203| -3,299999 400 0
2204| -3,299999 400 0
2205| -3,299999 400 0
2206| -3,299999 400 0
2207| -3,299999 400 0
2208| -3,299999 400 0
2209| -3,299999 400 0
2210| -3,299999 400 0
2211| -3,299999 400 0
2212| -3,299999 400 0
2213| -3,299999 400 0
2214| -3,299999 400 0
2215| -3,299999 400 0
2216| -3,299999 400 0
2217| -3,299999 400 0
2218| -3,299999 400 0
2219| -3,299999 400 0
2220| -3,299999 400 0
2221| -3,299999 400 0
2222| -3,299999 400 0
2223| -3,299999 400 0
2224| -3,299999 400 0
2225| -3,299999 400 0
2226| -3,299999 400 0
2227| -3,299999 400 0
2228| -3,299999 400 0
2229| -3,299999 400 0
2230| -3,299999 400 0
2231| -3,299999 400 0
2232| -3,299999 400 0
2233| -3,299999 400 0
2234| -3,599999 400 0
2235| -3,899999 400 0
2236| -4,2 400 0
2237| -4,5 400 0
2238| -4,8 400 0
2239| -5,1 400 0
2240| -5,4 400 0
2241| -5,4 400 0
2242| -5,4 400 0
2243| -5,4 400 0
2244| -5,4 400 0
2245| -5,4 400 0
2246| -5,4 400 0
2247| -5,4 400 0
2248| -5,4 400 0
2249| -5,4 400 0
2250| -5,4 400 0
2251| -5,4 400 0
2252| -5,4 400 0
2253| -5,4 400 0
2254| -5,4 400 0
2255| -5,4 400 0
2256| -5,4 400 0
2257| -5,4 400 0
2258| -5,4 400 0
2259| -5,4 400 0
2260| -5,4 400 0
2261| -5,4 400 0
2262| -5,4 400 0
2263| -5,4 400 0
2264| -5,4 400 0
2265| -5,4 400 0
2266| -5,4 400 0
2267| -5,4 400 0
2268| -5,4 400 0
2269| -5,4 400 0
2270| -5,4 400 0
2271| -5,4 400 0
2272| -5,4 400 0
2273| -5,4 400 0
2274| -5,4 400 0
2275| -5,4 400 0
2276| -5,4 400 0
2277| -5,4 400 0
2278| -5,4 400 0
2279| -5,4 400 0
2280| -5,4 400 0
2281| -5,4 400 0
2282| -5,4 400 0
2283| -5,4 400 0
2284| -5,4 400 0
2285| -5,4 400 0
2286| -5,4 400 0
2287| -5,4 400 0
2288| -5,4 400 0
2289| -5,4 400 0
2290| -5,4 400 0
2291| -5,4 400 0
2292| -5,4 400 0
2293| -5,4 400 0
2294| -5,4 400 0
2295| -5,4 400 0
2296| -5,4 400 0
2297| -5,4 400 0
2298| -5,4 400 0
2299| -5,4 400 0
2300| -5,4 400 0
2301| -5,4 400 0
2302| -5,4 400 0
2303| -5,4 400 0
2304| -5,4 400 0
2305| -5,4 400 0
2306| -5,4 400 0
2307| -5,4 400 0
2308| -5,4 400 0
2309| -5,4 400 0
2310| -5,4 400 0
2311| -5,4 400 0
2312| -5,4 400 0
2313| -5,4 400 0
2314| -5,4 400 0
2315| -5,4 400 0
2316| -5,4 400 0
2317| -5,4 400 0
2318| -5,4 400 0
2319| -5,4 400 0
2320| -5,4 400 0
2321| -5,4 400 0
2322| -5,4 400 0
2323| -5,4 400 0
2324| -5,4 400 0
2325| -5,4 400 0
2326| -5,4 400 0
2327| -5,4 400 0
2328| -5,4 400 0
2329| -5,4 400 0
2330| -5,4 400 0
2331| -5,4 400 0
2332| -5,4 400 0
2333| -5,4 400 0
2334| -5,4 400 0
2335| -5,4 400 0
2336| -5,4 400 0
2337| -5,4 400 0
2338| -5,4 400 0
2339| -5,4 400 0
2340| -5,4 400 0
2341| -5,4 400 0
2342| -5,4 400 0
2343| -5,4 400 0
2344| -5,4 400 0
2345| -5,4 400 0
2346| -5,4 400 0
2347| -5,4 400 0
2348| -5,4 400 0
2349| -5,4 400 0
2350| -5,4 400 0
2351| -5,4 400 0
2352| -5,4 400 0
2353| -5,4 400 0
2354| -5,4 400 0
2355| -5,4 400 0
2356| -5,4 400 0
2357| -5,4 400 0
2358| -5,4 400 0
2359| -5,4 400 0
2360| -5,4 400 0
2361| -5,4 400 0
2362| -5,4 400 0
2363| -5,4 400 0
2364| -5,4 400 0
2365| -5,4 400 0
2366| -5,4 400 0
2367| -5,4 400 0
2368| -5,4 400 0
2369| -5,4 400 0
2370| -5,4 400 0
2371| -5,4 400 0
2372| -5,4 400 0
2373| -5,4 400 0
2374| -5,4 400 0
2375| -5,4 400 0
2376| -5,4 400 0
2377| -5,4 400 0
2378| -5,4 400 0
2379| -5,4 400 0
2380| -5,4 400 0
2381| -5,4 400 0
2382| -5,4 400 0
2383| -5,4 400 0
2384| -5,4 400 0
2385| -5,4 400 0
2386| -5,4 400 0
2387| -5,4 400 0
2388| -5,4 400 0
2389| -5,4 400 0
2390| -5,4 400 0
2391| -5,4 400 0
2392| -5,4 400 0
2393| -5,4 400 0
2394| -5,4 400 0
2395| -5,4 400 0
2396| -5,4 400 0
2397| -5,4 400 0
2398| -5,4 400 0
2399| -5,4 400 0
2400| -5,4 400 0
2401| -5,4 400 0
2402| -5,4 400 0
2403| -5,4 400 0
2404| -5,4 400 0
2405| -5,4 400 0
2406| -5,4 400 0
2407| -5,4 400 0
2408| -5,4 400 0
2409| -5,4 400 0
2410| -5,4 400 0
2411| -5,4 400 0
2412| -5,4 400 0
2413| -5,4 400 0
2414| -5,4 400 0
2415| -5,4 400 0
2416| -5,4 400 0
2417| -5,4 400 0
2418| -5,4 400 0
2419| -5,4 400 0
2420| -5,4 400 0
2421| -5,4 400 0
2422| 0 400 0
2423| 0,3 400 0
2424| 0,6 400 0
2425| 0,9 400 0
2426| 1,2 400 0
2427| 1,5 400 0
2428| 1,5 400 0
2429| 1,5 400 0
2430| 1,5 400 0
2431| 1,5 400 0
2432| 1,5 400 0
2433| 1,5 400 0
2434| 1,5 400 0
2435| 1,5 400 0
2436| 1,5 400 0
2437| 1,8 400 0
2438| 2,1 400 0
2439| 2,4 400 0
2440| 2,7 400 0
2441| 3 400 0
2442| 3,299999 400 0
2443| 3,599999 400 0
2444| 3,899999 400 0
2445| 3,899999 400 0
2446| 3,899999 400 0
2447| 3,899999 400 0
2448| 3,899999 400 0
2449| 3,899999 400 0
2450| 3,899999 400 0
2451| 3,899999 400 0
2452| 3,899999 400 0
2453| 3,899999 400 0
2454| 3,899999 400 0
2455| 3,899999 400 0
2456| 3,899999 400 0
2457| 3,899999 400 0
2458| 3,899999 400 0
2459| 3,899999 400 0
2460| 3,899999 400 0
2461| 3,899999 400 0
2462| 0 400 0
2463| -0,3 400 0
2464| -0,6 400 0
2465| -0,9 400 0
2466| -1,2 400 0
2467| -1,5 400 0
2468| -1,5 400 0
2469| -1,5 400 0
2470| -1,5 400 0
2471| -1,5 400 0
2472| -1,5 400 0
2473| -1,5 400 0
2474| -1,5 400 0
2475| -1,5 400 0
2476| -1,5 400 0
2477| -1,5 400 0
2478| -1,5 400 0
2479| -1,5 400 0
2480| -1,5 400 0
2481| -1,5 400 0
2482| 0 0 0
2483| 0 0 0
2484| 0 0 0
2485| 0 0 0
2486| 0 0 0
2487| 0 0 0
2488| 0 0 0
2489| 0 0 0
2490| 0 0 0
2491| 0 0 0
2492| 0 0 0
2493| 0 0 0
2494| 0 0 0
2495| 0 0 0
2496| 0 0 0
2497| 0 0 0
2498| 0 0 0
2499| 0 4 0
2500| 0 8 0
2501| 0 12 0
2502| 0 16 0
2503| 0 20 0
2504| 0 24 0
2505| 0 28 0
2506| 0 32 0
2507| 0 36 0
2508| 0 40 0
2509| 0 43,99999 0
2510| 0 47,99999 0
2511| 0 51,99999 0
2512| 0 55,99999 0
2513| 0 60 0
2514| 0 64 0
2515| 0 68 0
2516| 0 72 0
2517| 0 76,00001 0
2518| 0 80,00001 0
2519| 0 84,00001 0
2520| 0 88,00002 0
2521| 0 92,00002 0
2522| 0 96,00002 0
2523| 0 100 0
2524| 0 104 0
2525| -0,3 108 0
2526| -0,6 112 0
2527| -0,6 116 0
2528| -0,6 120 0
2529| -0,6 124 0
2530| -0,6 128 0
2531| -0,6 132 0
2532| -0,6 136 0
2533| -0,6 140 0
2534| -0,6 144 0
2535| -0,6 148 0
2536| -0,6 152 0
2537| -0,6 156 0
2538| -0,6 160 0
2539| -0,6 164 0
2540| -0,6 168 0
2541| -0,6 171,9999 0
2542| -0,6 175,9999 0
2543| -0,6 179,9999 0
2544| -0,6 183,9999 0
2545| -0,6 187,9999 0
2546| -0,6 191,9999 0
2547| -0,6 195,9999 0
2548| -0,6 199,9999 0
2549| -0,6 203,9999 0
2550| -0,6 207,9999 0
2551| -0,6 211,9999 0
2552| -0,6 215,9999 0
2553| -0,6 219,9999 0
2554| -0,6 223,9999 0
2555| -0,6 227,9999 0
2556| -0,6 231,9999 0
2557| -0,6 235,9999 0
2558| -0,6 239,9999 0
2559| -0,6 243,9999 0
2560| -0,6 247,9999 0
2561| -0,6 251,9999 0
2562| -0,6 255,9999 0
2563| -0,6 259,9999 0
2564| -0,6 263,9999 0
2565| -0,6 267,9999 0
2566| -0,6 271,9998 0
2567| -0,9 275,9998 0
2568| -1,2 279,9998 0
2569| -1,5 283,9998 0
2570| -1,8 287,9998 0
2571| -2,1 291,9998 0
2572| -2,4 295,9998 0
2573| -2,7 299,9998 0
2574| -3 303,9998 0
2575| -3,299999 307,9998 0
2576| -3,599999 311,9998 0
2577| -3,899999 315,9998 0
2578| -4,2 319,9998 0
2579| -4,5 323,9998 0
2580| -4,8 327,9998 0
2581| -5,1 331,9998 0
2582| -5,4 331,9998 0
2583| -5,7 331,9998 0
2584| -6 331,9998 0
2585| -6,300001 331,9998 0
2586| -6,600001 331,9998 0
2587| -6,900001 331,9998 0
2588| -7,200001 331,9998 0
2589| -7,500001 331,9998 0
2590| -7,800001 331,9998 0
2591| -8,1 331,9998 0
2592| -8,4 331,9998 0
2593| -8,7 335,9998 0
2594| -8,999999 339,9998 0
2595| -9,299999 343,9998 0
2596| -9,599998 347,9998 0
2597| -9,899999 351,9998 0
2598| -10,2 355,9998 0
2599| -10,5 359,9998 0
2600| -10,8 363,9998 0
2601| -11,1 367,9998 0
2602| -11,4 371,9998 0
2603| -11,7 375,9998 0
2604| -12 379,9998 0
2605| -12,3 383,9998 0
2606| -12,3 387,9998 0
2607| -12,3 391,9998 0
2608| -12,3 395,9998 0
2609| 0 399,9997 0
2610| 0,3 400 0
2611| 0,6 400 0
2612| 0,9 400 0
2613| 1,2 400 0
2614| 1,5 400 0
2615| 1,8 400 0
2616| 2,1 400 0
2617| 2,4 400 0
2618| 2,7 400 0
2619| 3 400 0
2620| 3,299999 400 0
2621| 3,599999 400 0
2622| 3,599999 400 0
2623| 3,599999 400 0
2624| 3,599999 400 0
2625| 3,599999 400 0
2626| 3,599999 400 0
2627| 3,599999 400 0
2628| 3,599999 400 0
2629| 3,599999 400 0
2630| 3,599999 400 0
2631| 3,599999 400 0
2632| 3,599999 400 0
2633| 3,599999 400 0
2634| 0 0 0
2635| 0 0 0
2636| 0 0 0
2637| 0 4 0
2638| 0 8 0
2639| 0 12 0
2640| -0,3 16 0
2641| -0,6 20 0
2642| -0,9 24 0
2643| -0,9 28 0
2644| -0,9 32 0
2645| -0,9 36 0
2646| -0,9 40 0
2647| -0,9 43,99999 0
2648| -0,9 47,99999 0
2649| -0,9 51,99999 0
2650| -0,9 55,99999 0
2651| -0,9 60 0
2652| -0,9 64 0
2653| -0,9 68 0
2654| -0,9 72 0
2655| -0,9 76,00001 0
2656| -0,9 80,00001 0
2657| -0,9 84,00001 0
2658| -0,9 88,00002 0
2659| -0,9 92,00002 0
2660| -0,9 96,00002 0
2661| -0,9 100 0
2662| -0,9 104 0
2663| -0,9 108 0
2664| -0,9 112 0
2665| -0,9 116 0
2666| -0,9 120 0
2667| 0 0 0
2668| 0 0 0
2669| 0 0 0
2670| 0 0 0
2671| 0 0 0
2672| 0 4 0
2673| 0 0 0
2674| 0 0 0
2675| 0 0 0
2676| 0 0 0
2677| 0 0 0
2678| 0 4 0
2679| 0 8 0
2680| 0 12 0
2681| 0 16 0
2682| 0 0 0
2683| 0 0 0
2684| 0 0 0
2685| 0 0 0
2686| 0 0 0
2687| 0 0 0
2688| 0 0 0
2689| 0 0 0
2690| 0 0 0
2691| 0 0 0
2692| 0 0 0
2693| 0 0 0
2694| 0 0 0
2695| 0 0 0
2696| 0 0 0
2697| 0 0 0
2698| 0 0 0
2699| 0 0 0
2700| 0 0 0
2701| 0 0 0
2702| 0 0 0
2703| 0 0 0
2704| 0 0 0
2705| 0 0 0
2706| 0 0 0
2707| 0 0 0
2708| 0 0 0
2709| 0 0 0
2710| 0 0 0
2711| 0 0 0
2712| 0 0 0
2713| 0 0 0
2714| 0 0 0
2715| 0 0 0
2716| 0 0 0
2717| 0 0 0
2718| 0 0 0
2719| 0 0 0
2720| 0 0 0
2721| 0 0 0
2722| 0 0 0
2723| 0 0 0
2724| 0 0 0
2725| 0 0 0
2726| 0 0 0
2727| 0 0 0
2728| 0 0 0
2729| 0 0 0
2730| 0 0 0
2731| 0 0 0
2732| 0 0 0
2733| 0 0 0
2734| 0 0 0
2735| 0 0 0
2736| 0 0 0

