1| 0 0 0
2| 0 0 0
3| 0 0 0
4| 0 0 0
5| 0 0 0
6| 0 0 0
7| 0 0 0
8| 0 0 0
9| 0 0 0
10| 0 0 0
11| 0 0 0
12| 0 0 0
13| 0 0 0
14| 0 0 0
15| 0 0 0
16| 0 0 0
17| 0 0 0
18| 0 0 0
19| 0 0 0
20| 0 0 0
21| 0 0 0
22| 0 0 0
23| 0 0 0
24| 0 0 0
25| 0 0 0
26| 0 0 0
27| 0 0 0
28| 0 0 0
29| 0 0 0
30| 0 0 0
31| 0 0 0
32| 0 0 0
33| 0 0 0
34| 0 0 0
35| 0 0 0
36| 0 0 0
37| 0 0 0
38| 0 0 0
39| 0 0 0
40| 0 0 0
41| 0 0 0
42| 0 0 0
43| 0 0 0
44| 0 0 0
45| 0 0 0
46| 0 0 0
47| 0 0 0
48| 0 0 0
49| 0 0 0
50| 0 0 0
51| 0 0 0
52| 0 0 0
53| 0 0 0
54| 0 0 0
55| 0 0 0
56| 0 0 0
57| 0 4 0
58| 0 8 0
59| 0 12 0
60| 0 16 0
61| 0 20 0
62| 0 24 0
63| 0 28 0
64| 0 32 0
65| 0 36 0
66| 0 40 0
67| 0 43,99999 0
68| 0 47,99999 0
69| 0 51,99999 0
70| 0 55,99999 0
71| 0 60 0
72| 0 64 0
73| 0 68 0
74| 0 72 0
75| 0 76,00001 0
76| 0 80,00001 0
77| 0 84,00001 0
78| 0 88,00002 0
79| 0 92,00002 0
80| 0 96,00002 0
81| 0 100 0
82| 0 104 0
83| 0 108 0
84| 0 112 0
85| 0 116 0
86| 0 120 0
87| 0 124 0
88| 0 128 0
89| 0 132 0
90| 0 136 0
91| 0 140 0
92| 0 144 0
93| 0 148 0
94| 0 152 0
95| 0 156 0
96| 0 160 0
97| 0 164 0
98| 0 168 0
99| 0 171,9999 0
100| 0 175,9999 0
101| 0 179,9999 0
102| 0 183,9999 0
103| 0 187,9999 0
104| 0 191,9999 0
105| 0 195,9999 0
106| 0 199,9999 0
107| 0 203,9999 0
108| 0 207,9999 0
109| 0 211,9999 0
110| 0 215,9999 0
111| 0 219,9999 0
112| 0 223,9999 0
113| 0 227,9999 0
114| 0 231,9999 0
115| 0 235,9999 0
116| 0 239,9999 0
117| 0 243,9999 0
118| 0 247,9999 0
119| 0 251,9999 0
120| 0 255,9999 0
121| 0 259,9999 0
122| 0 263,9999 0
123| 0 267,9999 0
124| 0 271,9998 0
125| 0 275,9998 0
126| 0 279,9998 0
127| 0 283,9998 0
128| 0 287,9998 0
129| 0 291,9998 0
130| 0 295,9998 0
131| 0 299,9998 0
132| 0 303,9998 0
133| 0 307,9998 0
134| 0 311,9998 0
135| 0 315,9998 0
136| 0 319,9998 0
137| 0 323,9998 0
138| 0 327,9998 0
139| 0 331,9998 0
140| 0 335,9998 0
141| 0 339,9998 0
142| 0 343,9998 0
143| 0 347,9998 0
144| 0 351,9998 0
145| 0 355,9998 0
146| 0 359,9998 0
147| 0 363,9998 0
148| 0 367,9998 0
149| 0 371,9998 0
150| 0 375,9998 0
151| 0 379,9998 0
152| 0 383,9998 0
153| 0 387,9998 0
154| 0 391,9998 0
155| 0 395,9998 0
156| 0 399,9997 0
157| 0 400 0
158| 0 400 0
159| 0 400 0
160| 0 400 0
161| 0 400 0
162| 0 400 0
163| 0 400 0
164| 0 400 0
165| 0 400 0
166| 0 400 0
167| 0 400 0
168| 0 400 0
169| 0 400 0
170| 0 400 0
171| 0 400 0
172| 0 400 0
173| 0,3 400 0
174| 0,6 400 0
175| 0,9 400 0
176| 0,9 400 0
177| 0,9 400 0
178| 0,9 400 0
179| 0,9 400 0
180| 0,9 400 0
181| 0,9 400 0
182| 0,9 400 0
183| 0,9 400 0
184| 0,9 400 0
185| 0,9 400 0
186| 0,9 400 0
187| 0,9 400 0
188| 0,9 400 0
189| 0,9 400 0
190| 0,9 400 0
191| 0,9 400 0
192| 0,9 400 0
193| 0,9 400 0
194| 0,9 400 0
195| 0,9 400 0
196| 0,9 400 0
197| 0,9 400 0
198| 1,2 400 0
199| 1,5 400 0
200| 1,8 400 0
201| 1,8 400 0
202| 1,8 400 0
203| 1,8 400 0
204| 1,8 400 0
205| 1,8 400 0
206| 1,8 400 0
207| 2,1 400 0
208| 2,4 400 0
209| 2,7 400 0
210| 2,7 400 0
211| 2,7 400 0
212| 2,7 400 0
213| 2,7 400 0
214| 2,7 400 0
215| 2,7 400 0
216| 2,7 400 0
217| 2,7 400 0
218| 2,7 400 0
219| 2,7 400 0
220| 2,7 400 0
221| 2,7 400 0
222| 2,7 400 0
223| 2,7 400 0
224| 2,7 400 0
225| 2,7 400 0
226| 2,7 400 0
227| 2,7 400 0
228| 2,7 400 0
229| 2,7 400 0
230| 3 400 0
231| 3,299999 400 0
232| 3,599999 400 0
233| 3,899999 400 0
234| 4,2 400 0
235| 4,5 400 0
236| 4,5 400 0
237| 4,5 400 0
238| 4,5 400 0
239| 4,5 400 0
240| 4,5 400 0
241| 4,5 400 0
242| 4,5 400 0
243| 4,5 400 0
244| 4,5 400 0
245| 4,5 400 0
246| 4,5 400 0
247| 4,5 400 0
248| 4,5 400 0
249| 0 0 0
250| 0 0 0
251| 0 0 0
252| 0 0 0
253| 0 0 0
254| 0 0 0
255| 0 0 0
256| 0 0 0
257| 0 0 0
258| 0 0 0
259| 0 0 0
260| 0 0 0
261| 0 0 0
262| 0 0 0
263| 0 0 0
264| 0 0 0
265| 0 0 0
266| 0 0 0
267| 0 0 0
268| 0 0 0
269| 0 0 0
270| 0 0 0
271| 0 0 0
272| 0,3 0 0
273| 0,6 0 0
274| 0,9 0 0
275| 1,2 0 0
276| 1,5 0 0
277| 1,8 0 0
278| 2,1 0 0
279| 2,4 0 0
280| 2,7 0 0
281| 3 0 0
282| 3,299999 0 0
283| 3,599999 0 0
284| 3,899999 0 0
285| 4,2 0 0
286| 4,5 0 0
287| 0 0 0
288| 0 0 0
289| 0 0 0
290| 0 0 0
291| 0 0 0
292| 0 0 0
293| 0 0 0
294| 0 0 0
295| 0 0 0
296| 0 0 0
297| 0,3 0 0
298| 0,6 0 0
299| 0,9 0 0
300| 1,2 0 0
301| 1,5 0 0
302| 1,8 0 0
303| 2,1 0 0
304| 2,4 0 0
305| 2,7 0 0
306| 3 0 0
307| 3,299999 0 0
308| 3,599999 0 0
309| 3,899999 0 0
310| 4,2 0 0
311| 4,5 0 0
312| 4,8 0 0
313| 5,1 0 0
314| 0 0 0
315| 0 0 0
316| 0 0 0
317| 0 0 0
318| 0,3 0 0
319| 0,6 0 0
320| 0,9 0 0
321| 1,2 0 0
322| 1,5 0 0
323| 1,8 0 0
324| 2,1 0 0
325| 2,4 0 0
326| 2,7 0 0
327| 3 0 0
328| 3,299999 0 0
329| 3,599999 0 0
330| 3,899999 0 0
331| 4,2 0 0
332| 4,5 0 0
333| 4,8 0 0
334| 5,1 0 0
335| 5,4 0 0
336| 5,7 0 0
337| 6 0 0
338| 6,300001 0 0
339| 6,600001 0 0
340| 6,900001 0 0
341| 7,200001 0 0
342| 7,500001 0 0
343| 7,800001 0 0
344| 8,1 0 0
345| 8,4 0 0
346| 8,7 0 0
347| 8,999999 0 0
348| 9,299999 0 0
349| 9,599998 0 0
350| 9,899999 0 0
351| 10,2 0 0
352| 10,5 0 0
353| 10,8 0 0
354| 11,1 0 0
355| 11,4 0 0
356| 11,7 0 0
357| 12 0 0
358| 12,3 0 0
359| 12,6 0 0
360| 12,9 0 0
361| 13,2 0 0
362| 13,5 0 0
363| 13,79999 0 0
364| 14,09999 0 0
365| 14,39999 0 0
366| 14,69999 0 0
367| 14,99999 0 0
368| 15,29999 0 0
369| 15,59999 0 0
370| 15,89999 0 0
371| 16,19999 0 0
372| 16,49999 0 0
373| 16,79999 0 0
374| 17,09999 0 0
375| 17,39999 0 0
376| 17,69999 0 0
377| 17,99999 0 0
378| 18,29999 0 0
379| 18,59999 0 0
380| 18,89999 0 0
381| 19,19999 0 0
382| 19,49999 0 0
383| 19,79999 0 0
384| 20,09999 0 0
385| 20,39999 0 0
386| 20,69999 0 0
387| 20,99999 0 0
388| 21,29999 0 0
389| 21,59999 0 0
390| 21,89999 0 0
391| 22,19999 0 0
392| 22,49999 0 0
393| 22,79999 0 0
394| 23,09999 0 0
395| 23,39999 0 0
396| 23,69999 0 0
397| 23,99999 0 0
398| 24,29999 0 0
399| 24,59999 0 0
400| 24,89998 0 0
401| 25,19999 0 0
467| 0 0 0
468| 0 0 0
469| 0 0 0
470| 0 0 0
471| 0 0 0
472| 0 0 0
473| 0 0 0
474| 0 0 0
475| 0 0 0
476| 0 0 0
477| 0,3 0 0
478| 0,6 0 0
479| 0,9 0 0
480| 1,2 0 0
481| 1,5 0 0
482| 1,8 0 0
483| 2,1 0 0
484| 2,4 0 0
485| 2,7 0 0
486| 3 0 0
487| 3,299999 0 0
488| 3,599999 0 0
489| 3,899999 0 0
490| 4,2 0 0
491| 4,5 0 0
492| 4,8 0 0
493| 5,1 0 0
494| 5,4 0 0
495| 5,7 0 0
496| 6 4 0
497| 6,300001 8 0
498| 6,600001 12 0
499| 6,900001 16 0
500| 7,200001 20 0
501| 7,500001 24 0
502| 7,800001 28 0
503| 8,1 32 0
504| 8,4 36 0
505| 8,7 40 0
506| 8,999999 43,99999 0
507| 9,299999 47,99999 0
508| 9,599998 51,99999 0
509| 9,899999 55,99999 0
510| 10,2 60 0
511| 10,5 64 0
512| 10,8 68 0
513| 11,1 72 0
514| 11,4 76,00001 0
515| 11,7 80,00001 0
516| 12 84,00001 0
517| 12,3 88,00002 0
518| 12,6 92,00002 0
519| 12,9 96,00002 0
520| 13,2 100 0
521| 13,5 104 0
522| 13,79999 108 0
523| 14,09999 112 0
524| 14,39999 116 0
525| 14,69999 120 0
526| 14,99999 120 0
527| 15,29999 120 0
528| 15,59999 120 0
529| 15,89999 120 0
530| 16,19999 120 0
531| 16,49999 120 0
532| 16,79999 120 0
533| 17,09999 120 0
534| 17,39999 120 0
535| 17,69999 120 0
536| 17,99999 124 0
537| 18,29999 128 0
538| 18,59999 132 0
539| 18,89999 136 0
540| 19,19999 140 0
541| 19,49999 144 0
542| 19,79999 148 0
543| 20,09999 152 0
544| 20,39999 156 0
545| 20,69999 160 0
546| 20,99999 164 0
547| 21,29999 168 0
548| 21,59999 171,9999 0
549| 21,89999 175,9999 0
550| 22,19999 179,9999 0
551| 22,49999 183,9999 0
552| 22,79999 187,9999 0
553| 23,09999 191,9999 0
554| 23,39999 195,9999 0
555| 23,69999 199,9999 0
556| 23,99999 203,9999 0
557| 24,29999 207,9999 0
558| 24,59999 211,9999 0
559| 24,89998 215,9999 0
560| 25,19999 219,9999 0
561| 25,49998 223,9999 0
604| 0 0 0
605| 0 0 0
606| 0 0 0
607| 0 0 0
608| 0 0 0
609| 0 0 0
610| 0 0 0
611| 0 0 0
612| 0 0 0
613| 0 0 0
614| 0,3 0 0
615| 0,6 0 0
616| 0,9 0 0
617| 1,2 0 0
618| 1,5 0 0
619| 1,8 0 0
620| 2,1 0 0
621| 2,4 4 0
622| 2,7 8 0
623| 3 12 0
624| 3,299999 16 0
625| 3,599999 20 0
626| 3,899999 24 0
627| 4,2 28 0
628| 4,5 32 0
629| 4,8 36 0
630| 5,1 40 0
631| 5,4 43,99999 0
632| 5,7 47,99999 0
633| 6 51,99999 0
634| 6,300001 55,99999 0
635| 6,600001 60 0
636| 6,900001 64 0
637| 7,200001 68 0
638| 7,500001 72 0
639| 7,800001 76,00001 0
640| 8,1 80,00001 0
641| 8,4 84,00001 0
642| 8,7 88,00002 0
643| 8,999999 92,00002 0
644| 9,299999 96,00002 0
645| 9,599998 100 0
646| 9,899999 104 0
647| 10,2 108 0
648| 10,5 112 0
649| 10,8 116 0
650| 11,1 120 0
651| 11,4 124 0
652| 11,7 128 0
653| 12 132 0
654| 12,3 136 0
655| 12,6 140 0
656| 12,9 144 0
657| 13,2 148 0
658| 13,5 152 0
659| 13,79999 156 0
660| 14,09999 160 0
661| 14,39999 164 0
662| 14,69999 168 0
663| 14,99999 171,9999 0
664| 15,29999 175,9999 0
665| 15,59999 179,9999 0
666| 15,89999 183,9999 0
667| 16,19999 187,9999 0
668| 16,49999 191,9999 0
669| 16,79999 195,9999 0
670| 17,09999 199,9999 0
671| 17,39999 203,9999 0
672| 17,69999 207,9999 0
673| 17,99999 211,9999 0
674| 18,29999 215,9999 0
675| 18,59999 219,9999 0
676| 18,89999 223,9999 0
677| 19,19999 227,9999 0
678| 19,49999 231,9999 0
679| 19,79999 235,9999 0
680| 20,09999 239,9999 0
681| 20,39999 243,9999 0
682| 20,69999 247,9999 0
683| 20,99999 251,9999 0
684| 21,29999 255,9999 0
685| 21,59999 259,9999 0
686| 21,89999 263,9999 0
687| 22,19999 267,9999 0
688| 22,49999 271,9998 0
689| 22,79999 275,9998 0
690| 23,09999 279,9998 0
691| 23,39999 283,9998 0
692| 23,69999 287,9998 0
693| 23,99999 291,9998 0
815| 0 0 0
816| 0 0 0
817| 0 0 0
818| 0 0 0
819| 0 0 0
820| 0 0 0
821| 0 4 0
822| 0,3 8 0
823| 0,6 12 0
824| 0,9 16 0
825| 1,2 20 0
826| 1,5 24 0
827| 1,8 28 0
828| 2,1 32 0
829| 2,4 36 0
830| 2,7 40 0
831| 3 43,99999 0
832| 3,299999 47,99999 0
833| 3,599999 51,99999 0
834| 3,899999 55,99999 0
835| 4,2 60 0
836| 4,5 64 0
837| 4,8 68 0
838| 5,1 72 0
839| 5,4 76,00001 0
840| 5,7 80,00001 0
841| 6 84,00001 0
842| 6,300001 88,00002 0
843| 6,600001 92,00002 0
844| 6,900001 96,00002 0
845| 7,200001 100 0
846| 7,500001 104 0
847| 7,800001 108 0
848| 8,1 112 0
849| 8,4 116 0
850| 8,7 120 0
851| 8,999999 124 0
852| 9,299999 128 0
853| 9,599998 132 0
854| 9,899999 136 0
855| 10,2 140 0
856| 10,5 144 0
857| 10,8 148 0
858| 11,1 152 0
859| 11,4 156 0
860| 11,7 160 0
861| 12 164 0
862| 12,3 168 0
863| 12,6 171,9999 0
864| 12,9 175,9999 0
865| 13,2 179,9999 0
866| 13,5 183,9999 0
867| 13,79999 187,9999 0
868| 14,09999 191,9999 0
869| 14,39999 195,9999 0
870| 14,69999 199,9999 0
871| 14,99999 203,9999 0
872| 15,29999 207,9999 0
873| 15,59999 211,9999 0
874| 15,89999 215,9999 0
875| 16,19999 219,9999 0
876| 16,49999 223,9999 0
877| 16,79999 227,9999 0
878| 17,09999 231,9999 0
879| 17,39999 235,9999 0
880| 17,69999 239,9999 0
881| 17,99999 243,9999 0
882| 18,29999 247,9999 0
883| 18,59999 251,9999 0
884| 18,89999 255,9999 0
885| 19,19999 259,9999 0
886| 19,49999 263,9999 0
887| 19,79999 267,9999 0
888| 20,09999 271,9998 0
889| 20,39999 275,9998 0
890| 20,69999 279,9998 0
891| 20,99999 283,9998 0
892| 21,29999 287,9998 0
893| 21,59999 291,9998 0
894| 21,89999 295,9998 0
895| 22,19999 299,9998 0
896| 22,49999 303,9998 0
897| 22,79999 307,9998 0
898| 23,09999 311,9998 0
899| 23,39999 315,9998 0
900| 23,69999 319,9998 0
901| 23,99999 323,9998 0
902| 24,29999 327,9998 0
903| 24,59999 331,9998 0
904| 24,89998 335,9998 0
905| 25,19999 339,9998 0
937| 25,19999 343,9998 0
938| 25,19999 347,9998 0
939| 25,19999 351,9998 0
940| 25,19999 355,9998 0
941| 25,19999 359,9998 0
942| 0 0 0
943| 0 0 0
944| 0 0 0
945| 0 0 0
946| 0 0 0
947| 0 0 0
948| 0 0 0
949| 0 0 0
950| 0 0 0
951| 0 0 0
952| 0 0 0
953| 0 0 0
954| 0 0 0
955| 0 0 0
956| 0 0 0
957| 0 0 0
958| 0 0 0
959| 0 0 0
960| 0 0 0
961| 0 0 0
962| 0 0 0
963| 0 0 0
964| 0 0 0
965| 0 0 0
966| 0 0 0
967| 0 0 0
968| 0 0 0
969| 0 0 0
970| 0 0 0
971| 0 0 0
972| 0 0 0
973| 0 0 0
974| 0 0 0
975| 0 0 0
976| 0 0 0
977| 0 0 0
978| 0 0 0
979| 0 0 0
980| 0 0 0
981| 0 0 0
982| 0 0 0
983| 0 0 0
984| 0 0 0
985| 0 0 0
986| 0 0 0
987| 0 0 0
988| 0 0 0
989| 0 0 0
990| 0 0 0
991| 0 0 0
992| 0 0 0
993| 0 0 0
994| 0 0 0
995| 0 0 0
996| 0 0 0
997| 0 0 0
998| 0 0 0
999| 0 0 0
1000| 0 0 0
1001| 0 0 0
1002| 0 0 0
1003| 0 0 0
1004| 0 0 0
1005| 0 0 0
1006| 0 0 0
1007| 0 0 0
1008| 0 0 0
1009| 0 0 0
1010| 0 0 0
1011| 0 0 0
1012| 0 0 0
1013| 0 0 0
1014| 0 0 0
1015| 0 0 0
1016| 0 0 0
1017| 0 0 0
1018| 0 0 0
1019| 0 0 0
1020| 0 0 0
1021| 0 0 0
1022| 0 0 0
1023| 0 0 0
1024| 0 0 0
1025| 0 0 0
1026| 0 0 0
1027| 0 0 0
1028| 0 0 0
1029| 0 0 0
1030| 0 0 0
1031| 0 0 0
1032| 0 0 0
1033| 0 0 0
1034| 0 0 0
1035| 0 0 0
1036| 0 0 0
1037| 0 0 0
1038| 0 0 0
1039| 0 0 0
1040| 0 0 0
1041| 0 0 0
1042| 0 0 0
1043| 0 0 0
1044| 0 0 0
1045| 0 0 0
1046| 0 0 0
1047| 0 0 0
1048| 0 4 0
1049| 0 8 0
1050| 0 12 0
1051| 0 16 0
1052| 0 20 0
1053| 0 24 0
1054| 0,3 28 0
1055| 0,6 32 0
1056| 0,9 36 0
1057| 1,2 40 0
1058| 1,5 43,99999 0
1059| 1,8 47,99999 0
1060| 2,1 51,99999 0
1061| 2,4 55,99999 0
1062| 2,7 60 0
1063| 3 64 0
1064| 3,299999 68 0
1065| 3,599999 72 0
1066| 3,899999 76,00001 0
1067| 4,2 80,00001 0
1068| 4,5 84,00001 0
1069| 4,8 88,00002 0
1070| 5,1 92,00002 0
1071| 5,4 96,00002 0
1072| 5,7 100 0
1073| 6 104 0
1074| 6,300001 108 0
1075| 6,600001 112 0
1076| 6,900001 116 0
1077| 7,200001 120 0
1078| 7,500001 124 0
1079| 7,800001 128 0
1080| 8,1 132 0
1081| 8,1 136 0
1082| 8,1 140 0
1083| 8,1 144 0
1084| 8,1 148 0
1085| 8,1 152 0
1086| 8,1 156 0
1087| 8,1 160 0
1088| 8,1 164 0
1089| 8,1 168 0
1090| 0 0 0
1091| 0 0 0
1092| 0 0 0
1093| 0 0 0
1094| 0 0 0
1095| 0 0 0
1096| 0 0 0
1097| 0 0 0
1098| 0 0 0
1099| 0 0 0
1100| 0 0 0
1101| 0 0 0
1102| 0 0 0
1103| 0 0 0
1104| 0 0 0
1105| 0 0 0
1106| 0 0 0
1107| 0 0 0
1108| 0 0 0
1109| 0 0 0
1110| 0 0 0
1111| 0 0 0
1112| 0 0 0
1113| 0 0 0
1114| 0 0 0
1115| 0 0 0
1116| 0 0 0
1117| 0 0 0
1118| 0 0 0
1119| 0 0 0
1120| 0 0 0
1121| 0 0 0
1122| 0 0 0
1123| 0 0 0
1124| 0 0 0
1125| 0 0 0
1126| 0 0 0
1127| 0 0 0
1128| 0 0 0
1129| 0 0 0
1130| 0 0 0
1131| 0 0 0
1132| 0 0 0
1133| 0 0 0
1134| 0 0 0
1135| 0 0 0
1136| 0 0 0
1137| 0 0 0
1138| 0 0 0
1139| 0 0 0
1140| 0 0 0

