1| 0 0 0
2| 0 0 0
3| 0 0 0
4| 0 0 0
5| 0 0 0
6| 0 0 0
7| 0 0 0
8| 0 0 0
9| 0 0 0
10| 0 0 0
11| 0 0 0
12| 0 0 0
13| 0 0 0
14| 0 0 0
15| 0 0 0
16| 0 0 0
17| 0 0 0
18| 0 0 0
19| 0 0 0
20| 0 0 0
21| 0 0 0
22| 0 0 0
23| 0 0 0
24| 0 0 0
25| 0 0 0
26| 0 0 0
27| 0 0 0
28| 0 0 0
29| 0 0 0
30| 0 0 0
31| 0 0 0
32| 0 0 0
33| 0 0 0
34| 0 0 0
35| 0 0 0
36| 0 0 0
37| 0 0 0
38| 0 0 0
39| 0 0 0
40| 0 0 0
41| 0 0 0
42| 0 0 0
43| 0 0 0
44| 0 0 0
45| 0 0 0
46| 0 0 0
47| 0 0 0
48| 0 0 0
49| 0 0 0
50| 0 0 0
51| 0 0 0
52| 0 0 0
53| 0 0 0
54| 0 0 0
55| 0 0 0
56| 0 0 0
57| 0 0 0
58| 0 0 0
59| 0 0 0
60| 0 0 0
61| 0 0 0
62| 0 0 0
63| 0 0 0
64| 0 0 0
65| 0 0 0
66| 0 0 0
67| 0 0 0
68| 0 0 0
69| 0 0 0
70| 0 0 0
71| 0 0 0
72| 0 0 0
73| 0 0 0
74| 0 0 0
75| 0 0 0
76| 0 0 0
77| 0 0 0
78| 0 0 0
79| 0 0 0
80| 0 0 0
81| 0 0 0
82| 0 0 0
83| 0 0 0
84| 0 0 0
85| 0 0 0
86| 0 0 0
87| 0 0 0
88| 0 0 0
89| 0 0 0
90| 0 0 0
91| 0 0 0
92| 0 0 0
93| 0 0 0
94| 0 0 0
95| 0 0 0
96| 0 0 0
97| 0 0 0
98| 0 0 0
99| 0 0 0
100| 0 0 0
101| 0 0 0
102| 0 0 0
103| 0 0 0
104| 0 0 0
105| 0 0 0
106| 0 0 0
107| 0 0 0
108| 0 0 0
109| 0 0 0
110| 0 0 0
111| 0 0 0
112| 0 0 0
113| 0 0 0
114| 0 0 0
115| 0 0 0
116| 0 0 0
117| 0 0 0
118| 0 0 0
119| 0 0 0
120| 0 0 0
121| 0 0 0
122| 0 0 0
123| 0 0 0
124| 0 0 0
125| 0 0 0
126| 0 0 0
127| 0 0 0
128| 0 0 0
129| 0 0 0
130| 0 0 0
131| 0 0 0
132| 0 0 0
133| 0 0 0
134| 0 0 0
135| 0 0 0
136| 0 0 0
137| 0 0 0
138| 0 0 0
139| 0 0 0
140| 0 0 0
141| 0 0 0
142| 0 0 0
143| 0 0 0
144| 0 0 0
145| 0 0 0
146| 0 0 0
147| 0 0 0
148| 0 0 0
149| 0 0 0
150| 0 0 0
151| 0 0 0
152| 0 0 0
153| 0 0 0
154| 0 0 0
155| 0 0 0
156| 0 0 0
157| 0 0 0
158| 0 4 0
159| 0 8 0
160| 0 12 0
161| 0 16 0
162| 0 20 0
163| 0 24 0
164| 0 28 0
165| 0 32 0
166| 0 36 0
167| 0 40 0
168| 0 43,99999 0
169| 0 47,99999 0
170| 0 51,99999 0
171| 0 55,99999 0
172| 0 60 0
173| 0 64 0
174| 0 68 0
175| 0 72 0
176| 0 76,00001 0
177| 0 80,00001 0
178| 0 84,00001 0
179| 0 88,00002 0
180| 0 92,00002 0
181| 0 96,00002 0
182| 0 100 0
183| 0 104 0
184| 0 108 0
185| 0 112 0
186| 0 116 0
187| 0 120 0
188| 0 124 0
189| 0 128 0
190| 0 132 0
191| 0 136 0
192| 0 140 0
193| 0 144 0
194| 0 148 0
195| 0 152 0
196| 0 156 0
197| 0 160 0
198| 0 164 0
199| 0 168 0
200| 0 171,9999 0
201| 0 175,9999 0
202| 0 179,9999 0
203| -0,3 183,9999 0
204| -0,6 187,9999 0
205| -0,9 191,9999 0
206| -1,2 195,9999 0
207| -1,5 199,9999 0
208| -1,8 203,9999 0
209| -2,1 207,9999 0
210| -2,4 211,9999 0
211| -2,7 215,9999 0
212| -3 219,9999 0
213| -3,299999 223,9999 0
214| -3,599999 227,9999 0
215| -3,899999 231,9999 0
216| -4,2 235,9999 0
217| -4,5 239,9999 0
218| -4,8 243,9999 0
219| -5,1 247,9999 0
220| -5,4 251,9999 0
221| -5,7 255,9999 0
222| -6 259,9999 0
223| -6,300001 263,9999 0
224| -6,600001 267,9999 0
225| -6,900001 271,9998 0
226| -7,200001 275,9998 0
227| -7,200001 279,9998 0
228| -7,200001 283,9998 0
229| -7,200001 287,9998 0
230| -7,200001 291,9998 0
231| -7,200001 295,9998 0
232| -7,200001 299,9998 0
233| -7,200001 303,9998 0
234| -7,200001 307,9998 0
235| -7,200001 311,9998 0
236| -7,200001 315,9998 0
237| -7,200001 319,9998 0
238| -7,200001 323,9998 0
239| -7,200001 327,9998 0
240| -7,200001 331,9998 0
241| -7,200001 335,9998 0
242| -7,200001 339,9998 0
243| -7,200001 343,9998 0
244| -7,200001 347,9998 0
245| -7,200001 351,9998 0
246| -7,200001 355,9998 0
247| -7,200001 359,9998 0
248| -7,200001 363,9998 0
249| -7,200001 367,9998 0
250| -7,200001 371,9998 0
251| -7,200001 375,9998 0
252| -7,200001 379,9998 0
253| -7,200001 383,9998 0
254| -7,200001 387,9998 0
255| -7,200001 391,9998 0
256| -7,200001 395,9998 0
257| -7,200001 399,9997 0
258| -7,200001 400 0
259| -7,200001 400 0
260| -7,200001 400 0
261| -7,200001 400 0
262| -7,200001 400 0
263| -7,200001 400 0
264| -7,200001 400 0
265| -7,200001 400 0
266| -7,200001 400 0
267| -7,200001 400 0
268| -7,200001 400 0
269| -7,200001 400 0
270| -7,200001 400 0
271| -7,200001 400 0
272| -7,200001 400 0
273| -7,200001 400 0
274| -7,200001 400 0
275| -7,200001 400 0
276| 0 400 0
277| 0 400 0
278| 0 400 0
279| 0 400 0
280| 0 400 0
281| 0 400 0
282| 0 400 0
283| 0 400 0
284| 0 400 0
285| 0 400 0
286| 0 400 0
287| 0 400 0
288| 0 400 0
289| 0 400 0
290| 0 400 0
291| 0 400 0
292| 0 400 0
293| 0,3 400 0
294| 0,3 400 0
295| 0,3 400 0
296| 0,3 400 0
297| 0,3 400 0
298| 0,3 400 0
299| 0,3 400 0
300| 0,3 400 0
301| 0,3 400 0
302| 0,3 400 0
303| 0,3 400 0
304| 0,3 400 0
305| 0,3 400 0
306| 0,3 400 0
307| 0,3 400 0
308| 0,3 400 0
309| 0,3 400 0
310| 0,3 400 0
311| 0,3 400 0
312| 0,3 400 0
313| 0,3 400 0
314| 0,3 400 0
315| 0,3 400 0
316| 0,3 400 0
317| 0,3 400 0
318| 0,3 400 0
319| 0,3 400 0
320| 0,3 400 0
321| 0,3 400 0
322| 0,3 400 0
323| 0,3 400 0
324| 0,3 400 0
325| 0,3 400 0
326| 0,3 400 0
327| 0,3 400 0
328| 0,3 400 0
329| 0,3 400 0
330| 0,3 400 0
331| 0,3 400 0
332| 0,3 400 0
333| 0,3 400 0
334| 0,3 400 0
335| 0,3 400 0
336| 0,3 400 0
337| 0,3 400 0
338| 0,3 400 0
339| 0,3 400 0
340| 0,3 400 0
341| 0,3 400 0
342| 0,3 400 0
343| 0,3 400 0
344| 0,3 400 0
345| 0,3 400 0
346| 0,3 400 0
347| 0,3 400 0
348| 0,3 400 0
349| 0,3 400 0
350| 0,3 400 0
351| 0,3 400 0
352| 0,3 400 0
353| 0,3 400 0
354| 0,3 400 0
355| 0,3 400 0
356| 0,3 400 0
357| 0,3 400 0
358| 0,3 400 0
359| 0,3 400 0
360| 0,3 400 0
361| 0,3 400 0
362| 0,3 400 0
363| 0,3 400 0
364| 0,3 400 0
365| 0,3 400 0
366| 0,3 400 0
367| 0,3 400 0
368| 0,3 400 0
369| 0,3 400 0
370| 0,3 400 0
371| 0,3 400 0
372| 0,3 400 0
373| 0,3 400 0
374| 0,3 400 0
375| 0,3 400 0
376| 0,3 400 0
377| 0,3 400 0
378| 0,3 400 0
379| 0,3 400 0
380| 0,3 400 0
381| 0,3 400 0
382| 0,3 400 0
383| 0,3 400 0
384| 0,3 400 0
385| 0,3 400 0
386| 0,3 400 0
387| 0,3 400 0
388| 0,3 400 0
389| 0,3 400 0
390| 0,3 400 0
391| 0,3 400 0
392| 0,3 400 0
393| 0,3 400 0
394| 0,3 400 0
395| 0,3 400 0
396| 0,3 400 0
397| 0,3 400 0
398| 0,3 400 0
399| 0,3 400 0
400| 0,3 400 0
401| 0,3 400 0
402| 0,3 400 0
403| 0,3 400 0
404| 0,3 400 0
405| 0,3 400 0
406| 0,3 400 0
407| 0,3 400 0
408| 0,3 400 0
409| 0,3 400 0
410| 0,3 400 0
411| 0,3 400 0
412| 0,3 400 0
413| 0,3 400 0
414| 0,3 400 0
415| 0,3 400 0
416| 0,3 400 0
417| 0,3 400 0
418| 0,3 400 0
419| 0,3 400 0
420| 0,3 400 0
421| 0,3 400 0
422| 0,3 400 0
423| 0,3 400 0
424| 0,3 400 0
425| 0,3 400 0
426| 0,3 400 0
427| 0,3 400 0
428| 0,3 400 0
429| 0,3 400 0
430| 0,6 400 0
431| 0,9 400 0
432| 1,2 400 0
433| 1,5 400 0
434| 1,8 400 0
435| 2,1 400 0
436| 2,4 400 0
437| 2,7 400 0
438| 3 400 0
439| 3,299999 400 0
440| 3,599999 400 0
441| 3,899999 400 0
442| 4,2 400 0
443| 4,5 400 0
444| 4,8 400 0
445| 5,1 400 0
446| 5,4 400 0
447| 5,7 400 0
448| 6 400 0
449| 6,300001 400 0
450| 6,600001 400 0
451| 6,900001 400 0
452| 7,200001 400 0
453| 7,500001 400 0
454| 7,800001 400 0
455| 7,800001 400 0
456| 7,800001 400 0
457| 7,800001 400 0
458| 7,800001 400 0
459| 7,800001 400 0
460| 7,800001 400 0
461| 7,800001 400 0
462| 0 400 0
463| -0,3 400 0
464| -0,6 400 0
465| -0,9 400 0
466| -1,2 400 0
467| -1,5 400 0
468| -1,8 400 0
469| -2,1 400 0
470| -2,4 400 0
471| -2,7 400 0
472| -3 400 0
473| -3,299999 400 0
474| -3,599999 400 0
475| -3,899999 400 0
476| -4,2 400 0
477| -4,5 400 0
478| -4,8 400 0
479| -5,1 400 0
480| -5,4 400 0
481| -5,7 400 0
482| -6 400 0
483| -6,300001 400 0
484| -6,600001 400 0
485| -6,900001 400 0
486| -7,200001 400 0
487| -7,500001 400 0
488| -7,800001 400 0
489| -8,1 400 0
490| -8,1 400 0
491| -8,1 400 0
492| -8,1 400 0
493| -8,1 400 0
494| -8,1 400 0
495| -8,1 400 0
496| -8,1 400 0
497| -8,1 400 0
498| -8,1 400 0
499| -8,1 400 0
500| -8,1 400 0
501| -8,1 400 0
502| -8,1 400 0
503| -8,1 400 0
504| -8,1 400 0
505| -8,1 400 0
506| -8,1 400 0
507| -8,1 400 0
508| -8,1 400 0
509| -8,1 400 0
510| -8,1 400 0
511| -8,1 400 0
512| -8,1 400 0
513| -8,4 400 0
514| -8,7 400 0
515| -8,999999 400 0
516| -9,299999 400 0
517| -9,299999 400 0
518| -9,299999 400 0
519| -9,299999 400 0
520| -9,299999 400 0
521| -9,299999 400 0
522| -9,299999 400 0
523| -9,299999 400 0
524| -9,299999 400 0
525| -9,299999 400 0
526| -9,299999 400 0
527| -9,299999 400 0
528| -9,299999 400 0
529| -9,299999 400 0
530| -9,299999 400 0
531| -9,299999 400 0
532| -9,299999 400 0
533| -9,299999 400 0
534| -9,299999 400 0
535| -9,299999 400 0
536| -9,299999 400 0
537| -9,299999 400 0
538| -9,299999 400 0
539| -9,299999 400 0
540| -9,299999 400 0
541| -9,299999 400 0
542| -9,299999 400 0
543| -9,299999 400 0
544| -9,299999 400 0
545| -9,299999 400 0
546| -9,299999 400 0
547| -9,299999 400 0
548| -9,299999 400 0
549| -9,299999 400 0
550| 0 400 0
551| 0,3 400 0
552| 0,6 400 0
553| 0,6 400 0
554| 0,6 400 0
555| 0,6 400 0
556| 0,6 400 0
557| 0,6 400 0
558| 0,6 400 0
559| 0,6 400 0
560| 0,6 400 0
561| 0,6 400 0
562| 0,6 400 0
563| 0,6 400 0
564| 0,6 400 0
565| 0,6 400 0
566| 0,6 400 0
567| 0,9 400 0
568| 1,2 400 0
569| 1,5 400 0
570| 1,8 400 0
571| 1,8 400 0
572| 1,8 400 0
573| 1,8 400 0
574| 1,8 400 0
575| 1,8 400 0
576| 1,8 400 0
577| 1,8 400 0
578| 1,8 400 0
579| 1,8 400 0
580| 1,8 400 0
581| 1,8 400 0
582| 1,8 400 0
583| 1,8 400 0
584| 1,8 400 0
585| 1,8 400 0
586| 1,8 400 0
587| 1,8 400 0
588| 1,8 400 0
589| 1,8 400 0
590| 2,1 400 0
591| 2,4 400 0
592| 2,7 400 0
593| 2,7 400 0
594| 2,7 400 0
595| 2,7 400 0
596| 2,7 400 0
597| 2,7 400 0
598| 2,7 400 0
599| 2,7 400 0
600| 2,7 400 0
601| 2,7 400 0
602| 2,7 400 0
603| 2,7 400 0
604| 2,7 400 0
605| 2,7 400 0
606| 2,7 400 0
607| 2,7 400 0
608| 2,7 400 0
609| 2,7 400 0
610| 2,7 400 0
611| 2,7 400 0
612| 2,7 400 0
613| 2,7 400 0
614| 2,7 400 0
615| 2,7 400 0
616| 2,7 400 0
617| 2,7 400 0
618| 2,7 400 0
619| 2,7 400 0
620| 2,7 400 0
621| 2,7 400 0
622| 2,7 400 0
623| 2,7 400 0
624| 2,7 400 0
625| 2,7 400 0
626| 2,7 400 0
627| 2,7 400 0
628| 2,7 400 0
629| 2,7 400 0
630| 2,7 400 0
631| 2,7 400 0
632| 2,7 400 0
633| 2,7 400 0
634| 2,7 400 0
635| 2,7 400 0
636| 2,7 400 0
637| 2,7 400 0
638| 2,7 400 0
639| 2,7 400 0
640| 2,7 400 0
641| 2,7 400 0
642| 2,7 400 0
643| 2,7 400 0
644| 2,7 400 0
645| 2,7 400 0
646| 2,7 400 0
647| 2,7 400 0
648| 2,7 400 0
649| 2,7 400 0
650| 2,7 400 0
651| 2,7 400 0
652| 2,7 400 0
653| 2,7 400 0
654| 2,7 400 0
655| 0 400 0
656| -0,3 400 0
657| -0,6 400 0
658| -0,9 400 0
659| -1,2 400 0
660| -1,5 400 0
661| -1,8 400 0
662| -2,1 400 0
663| -2,4 400 0
664| -2,7 400 0
665| -3 400 0
666| -3,299999 400 0
667| -3,599999 400 0
668| -3,899999 400 0
669| -4,2 400 0
670| -4,5 400 0
671| -4,8 400 0
672| -5,1 400 0
673| -5,4 400 0
674| -5,7 400 0
675| -6 400 0
676| -6 400 0
4422| 0 0 0
4423| 0 0 0
4424| 0 0 0
4425| 0 0 0
4426| 0 0 0
4427| 0 0 0
4428| 0 0 0
4429| 0 0 0
4430| 0 0 0
4431| 0 0 0
4432| 0 0 0
4433| 0 0 0
4434| 0 0 0
4435| 0 0 0
4436| 0 0 0
4437| 0 0 0
4438| 0 0 0
4439| 0 0 0
4440| 0 0 0
4441| 0 0 0
4442| 0 0 0
4443| 0 0 0
4444| 0 0 0
4445| 0 0 0
4446| 0 0 0
4447| 0 0 0
4448| 0 0 0
4449| 0 0 0
4450| 0 0 0
4451| 0 0 0
4452| 0 0 0
4453| 0 0 0
4454| 0 0 0
4455| 0 0 0
4456| 0 0 0
4457| 0 0 0
4458| 0 0 0
4459| 0 0 0
4460| 0 0 0
4461| 0 0 0
4462| 0 0 0
4463| 0 0 0
4464| 0 0 0
4465| 0 0 0
4466| 0 0 0
4467| 0 0 0
4468| 0 0 0
4469| 0 0 0
4470| 0 0 0
4471| 0 0 0
4472| 0 0 0
4473| 0 0 0
4474| 0 0 0
4475| 0 0 0
4476| 0 0 0
4477| 0 0 0
4478| 0 0 0
4479| 0 0 0
4480| 0 0 0
4481| 0 0 0
4482| 0 0 0
4483| 0 0 0
4484| 0 0 0
4485| 0 0 0
4486| 0 0 0
4487| 0 0 0
4488| 0 0 0
4489| 0 0 0
4490| 0 0 0
4491| 0 0 0
4492| 0 0 0
4493| 0 0 0
4494| 0 0 0
4495| 0 0 0
4496| 0 0 0
4497| 0 0 0
4498| 0 0 0
4499| 0 0 0
4500| 0 0 0
4501| 0 0 0
4502| 0 0 0
4503| 0 0 0
4504| 0 0 0
4505| 0 0 0
4506| 0 0 0
4507| 0 0 0
4753| 0 0 0
4754| 0 0 0
4755| 0 0 0
4756| 0 0 0
4757| 0 0 0
4758| 0 0 0
4759| 0 0 0
4760| 0 0 0
4761| 0 0 0
4762| 0 0 0
4763| 0 0 0
4764| 0 0 0
4765| 0 0 0
4766| 0 0 0
4767| 0 0 0
4768| 0 0 0
4769| 0 0 0
4770| 0 0 0
4771| 0 0 0
4772| 0 0 0
4773| 0 0 0
4774| 0 0 0
4775| 0 0 0
4776| 0 0 0
4777| 0 0 0
4778| 0 0 0
4779| 0 0 0
4780| 0 0 0
4781| 0 0 0
4782| 0 0 0
4783| 0 0 0
4784| 0 0 0
4785| 0 0 0
4786| 0 0 0
4787| 0 0 0
4788| 0 0 0
4789| 0 0 0
4790| 0 0 0
4791| 0 0 0
4792| 0 0 0
4793| 0 0 0
4794| 0 0 0
4795| 0 0 0
4796| 0 0 0
4797| 0 0 0
4798| 0 0 0
4799| 0 0 0
4800| 0 0 0
4801| 0 0 0
4802| 0 0 0
4803| 0 0 0
4804| 0 0 0
4805| 0 0 0
4806| 0 0 0
4807| 0 0 0
4808| 0 0 0
4809| 0 0 0
4810| 0 0 0
4811| 0 0 0
4812| 0 0 0
4813| 0 0 0
4814| 0 0 0
4815| 0 0 0
4816| 0 0 0
4817| 0 0 0
4818| 0 0 0
4819| 0 0 0
4820| 0 0 0
4821| 0 0 0
4822| 0 0 0
4823| 0 0 0
4824| 0 0 0
4825| 0 0 0
4826| 0 0 0
4827| 0 0 0
4828| 0 0 0
4829| 0 0 0
4830| 0 0 0
4831| 0 0 0
4832| 0 0 0
4833| 0 0 0
4834| 0 0 0
4835| 0 0 0
4836| 0 0 0
4837| 0 0 0
4838| 0 0 0

