[1|(0.0.0)]
[2|(0.0.0)]
[3|(0.0.0)]
[4|(0.0.0)]
[5|(0.0.0)]
[6|(0.0.0)]
[7|(0.0.0)]
[8|(0.0.0)]
[9|(0.0.0)]
[10|(0.0.0)]
[11|(0.0.0)]
[12|(0.0.0)]
[13|(0.0.0)]
[14|(0.0.0)]
[15|(0.0.0)]
[16|(0.0.0)]
[17|(0.0.0)]
[18|(0.0.0)]
[19|(0.0.0)]
[20|(0.0.0)]
[21|(0.0.0)]
[22|(0.0.0)]
[23|(0.0.0)]
[24|(0.0.0)]
[25|(0.0.0)]
[26|(0.0.0)]
[27|(0.0.0)]
[28|(0.0.0)]
[29|(0.0.0)]
[30|(0.0.0)]
[31|(0.0.0)]
[32|(0.0.0)]
[33|(0.0.0)]
[34|(0.0.0)]
[35|(0.0.0)]
[36|(0.0.0)]
[37|(0.0.0)]
[38|(0.0.0)]
[39|(0.0.0)]
[40|(0.0.0)]
[41|(0.0.0)]
[42|(0.0.0)]
[43|(0.0.0)]
[44|(0.0.0)]
[45|(0.0.0)]
[46|(0.0.0)]
[47|(0.0.0)]
[48|(0.0.0)]
[49|(0.0.0)]
[50|(0.0.0)]
[51|(0.0.0)]
[52|(0.0.0)]
[53|(0.0.0)]
[54|(0.0.0)]
[55|(0.0.0)]
[56|(0.0.0)]
[57|(0.0.0)]
[58|(0.0.0)]
[59|(0.0.0)]
[60|(0.0.0)]
[61|(0.0.0)]
[62|(0.0.0)]
[63|(0.0.0)]
[64|(0.0.0)]
[65|(0.0.0)]
[66|(0.0.0)]
[67|(0.0.0)]
[68|(0.0.0)]
[69|(0.0.0)]
[70|(0.0.0)]
[71|(0.0.0)]
[72|(0.0.0)]
[73|(0.0.0)]
[74|(0.0.0)]
[75|(0.0.0)]
[76|(0.0.0)]
[77|(0.0.0)]
[78|(0.0.0)]
[79|(0.0.0)]
[80|(0.0.0)]
[81|(0.0.0)]
[82|(0.0,01.0)]
[83|(0.0,02.0)]
[84|(0.0,03.0)]
[85|(0.0,04.0)]
[86|(0.0,05.0)]
[87|(0.0,05999999.0)]
[88|(0.0,06999999.0)]
[89|(0.0,07999999.0)]
[90|(0.0,08999999.0)]
[91|(0.0,09999999.0)]
[92|(0.0,11.0)]
[93|(0.0,12.0)]
[94|(0.0,13.0)]
[95|(0.0,14.0)]
[96|(0.0,15.0)]
[97|(0.0,16.0)]
[98|(0.0,17.0)]
[99|(0.0,18.0)]
[100|(0.0,19.0)]
[101|(0.0,2.0)]
[102|(-0,01.0,21.0)]
[103|(-0,02.0,22.0)]
[104|(-0,03.0,23.0)]
[105|(-0,04.0,24.0)]
[106|(-0,05.0,25.0)]
[107|(-0,05999999.0,26.0)]
[108|(-0,06999999.0,27.0)]
[109|(-0,07999999.0,28.0)]
[110|(-0,08999999.0,29.0)]
[111|(-0,09999999.0,3.0)]
[112|(-0,11.0,31.0)]
[113|(-0,12.0,32.0)]
[114|(-0,13.0,33.0)]
[115|(-0,14.0,3399999.0)]
[116|(-0,15.0,3499999.0)]
[117|(-0,16.0,3599999.0)]
[118|(-0,17.0,3699999.0)]
[119|(-0,18.0,3799999.0)]
[120|(-0,19.0,3899999.0)]
[121|(-0,2.0,3999999.0)]
[122|(-0,21.0,4099999.0)]
[123|(-0,22.0,4199999.0)]
[124|(-0,23.0,4299999.0)]
[125|(-0,24.0,4399998.0)]
[126|(-0,25.0,4499998.0)]
[127|(-0,26.0,4599998.0)]
[128|(-0,27.0,4699998.0)]
[129|(-0,28.0,4799998.0)]
[130|(-0,29.0,4899998.0)]
[131|(-0,3.0,4999998.0)]
[132|(-0,3.0,5099998.0)]
[133|(-0,3.0,5199998.0)]
[134|(-0,3.0,5299998.0)]
[135|(-0,3.0,5399998.0)]
[136|(-0,3.0,5499998.0)]
[137|(-0,3.0,5599998.0)]
[138|(-0,3.0,5699998.0)]
[139|(-0,3.0,5799997.0)]
[140|(-0,3.0,5899997.0)]
[141|(-0,3.0,5999997.0)]
[142|(-0,3.0,6099997.0)]
[143|(-0,3.0,6199997.0)]
[144|(-0,3.0,6299997.0)]
[145|(-0,3.0,6399997.0)]
[146|(-0,3.0,6499997.0)]
[147|(-0,3.0,6599997.0)]
[148|(-0,3.0,6699997.0)]
[149|(-0,3.0,6799996.0)]
[150|(-0,31.0,6899996.0)]
[151|(-0,32.0,6999996.0)]
[152|(-0,33.0,7099996.0)]
[153|(-0,33.0,7199996.0)]
[154|(-0,33.0,7299996.0)]
[155|(-0,33.0,7399996.0)]
[156|(-0,33.0,7499996.0)]
[157|(-0,33.0,7599996.0)]
[158|(-0,33.0,7699996.0)]
[159|(-0,33.0,7799996.0)]
[160|(-0,33.0,7899995.0)]
[161|(-0,33.0,7999995.0)]
[162|(-0,33.0,8099995.0)]
[163|(-0,33.0,8199995.0)]
[164|(-0,33.0,8299995.0)]
[165|(-0,3399999.0,8399995.0)]
[166|(-0,3499999.0,8499995.0)]
[167|(-0,3599999.0,8599995.0)]
[168|(-0,3699999.0,8699995.0)]
[169|(-0,3799999.0,8799995.0)]
[170|(-0,3899999.0,8899994.0)]
[171|(-0,3999999.0,8999994.0)]
[172|(-0,4099999.0,9099994.0)]
[173|(-0,4199999.0,9199994.0)]
[174|(-0,4299999.0,9299994.0)]
[175|(-0,4399998.0,9399994.0)]
[176|(-0,4499998.0,9499994.0)]
[177|(-0,4599998.0,9599994.0)]
[178|(-0,4699998.0,9699994.0)]
[179|(-0,4799998.0,9799994.0)]
[180|(-0,4899998.0,9899994.0)]
[181|(-0,4999998.0,9999993.0)]
[182|(-0,4999998.1.0)]
[183|(-0,4999998.1.0)]
[184|(-0,4999998.1.0)]
[185|(-0,4999998.1.0)]
[186|(-0,4999998.1.0)]
[187|(-0,4999998.1.0)]
[188|(-0,4999998.1.0)]
[189|(-0,5099998.1.0)]
[190|(-0,5199998.1.0)]
[191|(-0,5299998.1.0)]
[192|(-0,5399998.1.0)]
[193|(-0,5499998.1.0)]
[194|(-0,5599998.1.0)]
[195|(-0,5699998.1.0)]
[196|(-0,5799997.1.0)]
[197|(-0,5899997.1.0)]
[198|(-0,5999997.1.0)]
[199|(-0,6099997.1.0)]
[200|(-0,6199997.1.0)]
[201|(-0,6299997.1.0)]
[202|(-0,6399997.1.0)]
[203|(-0,6499997.1.0)]
[204|(-0,6599997.1.0)]
[205|(-0,6699997.1.0)]
[206|(-0,6799996.1.0)]
[207|(-0,6899996.1.0)]
[208|(-0,6999996.1.0)]
[209|(-0,7099996.1.0)]
[210|(-0,7199996.1.0)]
[211|(-0,7299996.1.0)]
[212|(-0,7399996.1.0)]
[213|(-0,7499996.1.0)]
[214|(-0,7599996.1.0)]
[215|(-0,7699996.1.0)]
[216|(-0,7799996.1.0)]
[217|(-0,7899995.1.0)]
[218|(-0,7999995.1.0)]
[219|(-0,8099995.1.0)]
[220|(-0,8199995.1.0)]
[221|(-0,8299995.1.0)]
[222|(-0,8399995.1.0)]
[223|(-0,8499995.1.0)]
[224|(-0,8599995.1.0)]
[225|(-0,8599995.1.0)]
[226|(-0,8599995.1.0)]
[227|(-0,8599995.1.0)]
[228|(-0,8599995.1.0)]
[229|(-0,8599995.1.0)]
[230|(-0,8599995.1.0)]
[231|(-0,8599995.1.0)]
[232|(-0,8599995.1.0)]
[233|(-0,8599995.1.0)]
[234|(-0,8599995.1.0)]
[235|(-0,8599995.1.0)]
[236|(-0,8599995.1.0)]
[237|(-0,8699995.1.0)]
[238|(-0,8799995.1.0)]
[239|(-0,8899994.1.0)]
[240|(-0,8999994.1.0)]
[241|(-0,9099994.1.0)]
[242|(-0,9199994.1.0)]
[243|(-0,9299994.1.0)]
[244|(-0,9399994.1.0)]
[245|(-0,9499994.1.0)]
[246|(-0,9599994.1.0)]
[247|(-0,9699994.1.0)]
[248|(-0,9799994.1.0)]
[249|(-0,9899994.1.0)]
[250|(-0,9999993.1.0)]
[251|(-1.1.0)]
[252|(-1.1.0)]
[253|(-1.1.0)]
[254|(-1.1.0)]
[255|(-1.1.0)]
[256|(-1.1.0)]
[257|(-1.1.0)]
[258|(-1.1.0)]
[259|(-1.1.0)]
[260|(-1.1.0)]
[261|(-1.1.0)]
[262|(-1.1.0)]
[263|(-1.1.0)]
[264|(-1.1.0)]
[265|(-1.1.0)]
[266|(-1.1.0)]
[267|(-1.1.0)]
[268|(-1.1.0)]
[269|(-1.1.0)]
[270|(-1.1.0)]
[271|(-1.1.0)]
[272|(-1.1.0)]
[273|(-1.1.0)]
[274|(0.1.0)]
[275|(0,01.1.0)]
[276|(0,02.1.0)]
[277|(0,03.1.0)]
[278|(0,04.1.0)]
[279|(0,05.1.0)]
[280|(0,05999999.1.0)]
[281|(0,06999999.1.0)]
[282|(0,07999999.1.0)]
[283|(0,08999999.1.0)]
[284|(0,09999999.1.0)]
[285|(0,11.1.0)]
[286|(0,12.1.0)]
[287|(0,12.1.0)]
[288|(0,12.1.0)]
[289|(0,12.1.0)]
[290|(0,12.1.0)]
[291|(0,12.1.0)]
[292|(0,12.1.0)]
[293|(0,12.1.0)]
[294|(0,12.1.0)]
[295|(0,12.1.0)]
[296|(0,12.1.0)]
[297|(0,12.1.0)]
[298|(0,12.1.0)]
[299|(0,12.1.0)]
[300|(0,12.1.0)]
[301|(0,12.1.0)]
[302|(0,12.1.0)]
[303|(0,12.1.0)]
[304|(0,12.1.0)]
[305|(0,12.1.0)]
[306|(0,12.1.0)]
[307|(0,12.1.0)]
[308|(0,12.1.0)]
[309|(0,12.1.0)]
[310|(0,12.1.0)]
[311|(0,12.1.0)]
[312|(0,12.1.0)]
[313|(0,12.1.0)]
[314|(0,12.1.0)]
[315|(0,12.1.0)]
[316|(0,12.1.0)]
[317|(0,12.1.0)]
[318|(0,12.1.0)]
[319|(0,12.1.0)]
[320|(0,12.1.0)]
[321|(0,12.1.0)]
[322|(0,12.1.0)]
[323|(0,12.1.0)]
[324|(0,12.1.0)]
[325|(0,12.1.0)]
[326|(0,12.1.0)]
[327|(0,12.1.0)]
[328|(0,12.1.0)]
[329|(0,12.1.0)]
[330|(0,12.1.0)]
[331|(0,12.1.0)]
[332|(0,12.1.0)]
[333|(0,12.1.0)]
[334|(0,12.1.0)]
[335|(0,12.1.0)]
[336|(0,12.1.0)]
[337|(0,12.1.0)]
[338|(0,12.1.0)]
[339|(0,12.1.0)]
[340|(0,12.1.0)]
[341|(0,12.1.0)]
[342|(0,12.1.0)]
[343|(0,12.1.0)]
[344|(0,12.1.0)]
[345|(0.1.0)]
[346|(-0,01.1.0)]
[347|(-0,02.1.0)]
[348|(-0,03.1.0)]
[349|(-0,04.1.0)]
[350|(-0,05.1.0)]
[351|(-0,05999999.1.0)]
[352|(-0,06999999.1.0)]
[353|(-0,07999999.1.0)]
[354|(-0,08999999.1.0)]
[355|(-0,09999999.1.0)]
[356|(-0,11.1.0)]
[357|(-0,12.1.0)]
[358|(-0,13.1.0)]
[359|(-0,14.1.0)]
[360|(-0,15.1.0)]
[361|(-0,16.1.0)]
[362|(-0,16.1.0)]
[363|(-0,16.1.0)]
[364|(-0,16.1.0)]
[365|(-0,16.1.0)]
[366|(-0,16.1.0)]
[367|(-0,17.1.0)]
[368|(-0,18.1.0)]
[369|(-0,19.1.0)]
[370|(-0,2.1.0)]
[371|(-0,21.1.0)]
[372|(-0,22.1.0)]
[373|(-0,23.1.0)]
[374|(-0,24.1.0)]
[375|(-0,25.1.0)]
[376|(-0,26.1.0)]
[377|(-0,27.1.0)]
[378|(-0,28.1.0)]
[379|(-0,29.1.0)]
[380|(-0,3.1.0)]
[381|(-0,31.1.0)]
[382|(-0,32.1.0)]
[383|(-0,33.1.0)]
[384|(-0,3399999.1.0)]
[385|(-0,3499999.1.0)]
[386|(-0,3599999.1.0)]
[387|(-0,3699999.1.0)]
[388|(-0,3799999.1.0)]
[389|(-0,3899999.1.0)]
[390|(-0,3999999.1.0)]
[391|(-0,4099999.1.0)]
[392|(-0,4199999.1.0)]
[393|(-0,4299999.1.0)]
[394|(-0,4399998.1.0)]
[395|(-0,4499998.1.0)]
[396|(-0,4599998.1.0)]
[397|(-0,4699998.1.0)]
[398|(-0,4799998.1.0)]
[399|(-0,4899998.1.0)]
[400|(-0,4999998.1.0)]
[401|(-0,5099998.1.0)]
[402|(-0,5199998.1.0)]
[403|(-0,5299998.1.0)]
[404|(-0,5399998.1.0)]
[405|(-0,5499998.1.0)]
[406|(-0,5599998.1.0)]
[407|(-0,5699998.1.0)]
[408|(-0,5799997.1.0)]
[409|(-0,5899997.1.0)]
[410|(-0,5999997.1.0)]
[411|(-0,6099997.1.0)]
[412|(-0,6199997.1.0)]
[413|(-0,6299997.1.0)]
[414|(-0,6399997.1.0)]
[415|(-0,6499997.1.0)]
[416|(-0,6599997.1.0)]
[417|(-0,6599997.1.0)]
[418|(-0,6599997.1.0)]
[419|(0.1.0)]
[420|(0,01.1.0)]
[421|(0,02.1.0)]
[422|(0,03.1.0)]
[423|(0,04.1.0)]
[424|(0,05.1.0)]
[425|(0,05999999.1.0)]
[426|(0,06999999.1.0)]
[427|(0,07999999.1.0)]
[428|(0,08999999.1.0)]
[429|(0,09999999.1.0)]
[430|(0,11.1.0)]
[431|(0,12.1.0)]
[432|(0,13.1.0)]
[433|(0,14.1.0)]
[434|(0,15.1.0)]
[435|(0,16.1.0)]
[436|(0,17.1.0)]
[437|(0,18.1.0)]
[438|(0,19.1.0)]
[439|(0,2.1.0)]
[440|(0,21.1.0)]
[441|(0,22.1.0)]
[442|(0,23.1.0)]
[443|(0,24.1.0)]
[444|(0,25.1.0)]
[445|(0,26.1.0)]
[446|(0,27.1.0)]
[447|(0,28.1.0)]
[448|(0,29.1.0)]
[449|(0,3.1.0)]
[450|(0,31.1.0)]
[451|(0,31.1.30000)]
[452|(0,31.1.30000)]
[453|(0,31.1.30000)]
[454|(0,31.1.30000)]
[455|(0,31.1.30000)]
[456|(0,31.1.30000)]
[457|(0,31.1.30000)]
[458|(0,31.1.30000)]
[459|(0,31.1.30000)]
[460|(0,31.1.30000)]
[461|(0,31.1.30000)]
[462|(0,31.1.30000)]
[463|(0,31.1.30000)]
[464|(0,31.1.30000)]
[465|(0,31.1.30000)]
[466|(0,31.1.30000)]
[467|(0,31.1.30000)]
[468|(0,31.1.30000)]
[469|(0,31.1.30000)]
[470|(0,31.1.30000)]
[471|(0,31.1.30000)]
[472|(0,31.1.30000)]
[473|(0,31.1.30000)]
[474|(0,31.1.30000)]
[475|(0,31.1.30000)]
[476|(0,31.1.30000)]
[477|(0,31.1.30000)]
[478|(0,31.1.30000)]
[479|(0,31.1.30000)]
[480|(0,31.1.30000)]
[481|(0,31.1.30000)]
[482|(0,31.1.30000)]
[483|(0,31.1.30000)]
[484|(0,31.1.30000)]
[485|(0,31.1.30000)]
[486|(0,31.1.30000)]
[487|(0,31.1.30000)]
[488|(0,31.1.30000)]
[489|(0,31.1.30000)]
[490|(0,31.1.30000)]
[491|(0,31.1.30000)]
[492|(0,31.1.30000)]
[493|(0,31.1.30000)]
[494|(0,31.1.30000)]
[495|(0,31.1.30000)]
[496|(0,31.1.30000)]
[497|(0,31.1.30000)]
[498|(0,31.1.30000)]
[499|(0,31.1.30000)]
[500|(0,31.1.30000)]
[501|(0,31.1.30000)]
[502|(0,31.1.30000)]
[503|(0,31.1.30000)]
[504|(0,31.1.30000)]
[505|(0,31.1.30000)]
[506|(0,31.1.30000)]
[507|(0,31.1.30000)]
[508|(0,31.1.30000)]
[509|(0,31.1.30000)]
[510|(0,31.1.30000)]
[511|(0,31.1.30000)]
[512|(0,31.1.30000)]
[513|(0,31.1.30000)]
[514|(0,31.1.30000)]
[515|(0,31.1.30000)]
[516|(0,31.1.30000)]
[517|(0,31.1.30000)]
[518|(0,31.1.30000)]
[519|(0,31.1.30000)]
[520|(0,31.1.30000)]
[521|(0,31.1.30000)]
[522|(0,31.1.30000)]
[523|(0,31.1.30000)]
[524|(0,31.1.30000)]
[525|(0,31.1.30000)]
[526|(0,31.1.30000)]
[527|(0,31.1.30000)]
[528|(0,31.1.30000)]
[529|(0.0.0)]
[530|(0.0.0)]
[531|(0.0.0)]
[532|(0.0.0)]
[533|(0.0.0)]
[534|(0,01.0.0)]
[535|(0,02.0.0)]
[536|(0,03.0.0)]
[537|(0,04.0.0)]
[538|(0,05.0.0)]
[539|(0,05999999.0.0)]
[540|(0,06999999.0.0)]
[541|(0,07999999.0.0)]
[542|(0,08999999.0,01.0)]
[543|(0,09999999.0,02.0)]
[544|(0,11.0,03.0)]
[545|(0,12.0,04.0)]
[546|(0,13.0,05.0)]
[547|(0,14.0,05999999.0)]
[548|(0,15.0,06999999.0)]
[549|(0,16.0,07999999.0)]
[550|(0,17.0,08999999.0)]
[551|(0,18.0,09999999.0)]
[552|(0,19.0,11.0)]
[553|(0,2.0,12.0)]
[554|(0,21.0,13.0)]
[555|(0,22.0,14.0)]
[556|(0,23.0,15.0)]
[557|(0,24.0,16.0)]
[558|(0,25.0,17.0)]
[559|(0,26.0,18.0)]
[560|(0,27.0,19.0)]
[561|(0,28.0,2.0)]
[562|(0,29.0,21.0)]
[563|(0,3.0,22.0)]
[564|(0,31.0,23.0)]
[565|(0,32.0,24.0)]
[566|(0,33.0,25.0)]
[567|(0,3399999.0,26.0)]
[568|(0,3499999.0,27.0)]
[569|(0,3599999.0,28.0)]
[570|(0,3699999.0,29.0)]
[571|(0,3799999.0,3.0)]
[572|(0,3899999.0,31.0)]
[573|(0,3999999.0,32.0)]
[574|(0,4099999.0,33.0)]
[575|(0,4199999.0,3399999.0)]
[576|(0,4299999.0,3499999.0)]
[577|(0,4399998.0,3599999.0)]
[578|(0,4499998.0,3699999.0)]
[579|(0,4599998.0,3799999.0)]
[580|(0,4699998.0,3899999.0)]
[581|(0,4799998.0,3999999.0)]
[582|(0,4899998.0,4099999.0)]
[583|(0,4999998.0,4199999.0)]
[584|(0,5099998.0,4299999.0)]
[585|(0,5199998.0,4399998.0)]
[586|(0,5299998.0,4499998.0)]
[587|(0,5399998.0,4599998.0)]
[588|(0,5499998.0,4699998.0)]
[589|(0,5599998.0,4799998.0)]
[590|(0,5699998.0,4899998.0)]
[591|(0,5799997.0,4999998.0)]
[592|(0,5899997.0,5099998.0)]
[593|(0,5999997.0,5199998.0)]
[594|(0,6099997.0,5299998.0)]
[595|(0,6199997.0,5399998.0)]
[596|(0,6299997.0,5499998.0)]
[597|(0,6399997.0,5599998.0)]
[598|(0,6499997.0,5699998.0)]
[599|(0,6599997.0,5799997.0)]
[600|(0,6699997.0,5899997.0)]
[601|(0,6799996.0,5999997.0)]
[602|(0,6899996.0,6099997.0)]
[603|(0,6999996.0,6199997.0)]
[604|(0,7099996.0,6299997.0)]
[605|(0,7199996.0,6399997.0)]
[606|(0,7299996.0,6499997.0)]
[607|(0,7399996.0,6599997.0)]
[608|(0,7399996.0,6599997.30000)]
[609|(0,7399996.0,6599997.30000)]
[610|(0,7399996.0,6599997.30000)]
[611|(0,7399996.0,6599997.30000)]
[612|(0,7399996.0,6599997.30000)]
[613|(0,7399996.0,6599997.30000)]
[614|(0,7399996.0,6599997.30000)]
[615|(0,7399996.0,6599997.30000)]
[616|(0,7399996.0,6599997.30000)]
[617|(0,7399996.0,6599997.30000)]
[618|(0,7399996.0,6599997.30000)]
[619|(0,7399996.0,6599997.30000)]
[620|(0,7399996.0,6599997.30000)]
[621|(0,7399996.0,6599997.30000)]
[622|(0,7399996.0,6599997.30000)]
[623|(0,7399996.0,6599997.30000)]
[624|(0,7399996.0,6599997.30000)]
[625|(0,7399996.0,6599997.30000)]
[626|(0,7399996.0,6599997.30000)]
[627|(0,7399996.0,6599997.30000)]
[628|(0,7399996.0,6599997.30000)]
[629|(0,7399996.0,6599997.30000)]
[630|(0,7399996.0,6599997.30000)]
[631|(0,7399996.0,6599997.30000)]
[632|(0,7399996.0,6599997.30000)]
[633|(0,7399996.0,6599997.30000)]
[634|(0,7399996.0,6599997.30000)]
[635|(0,7399996.0,6599997.30000)]
[636|(0,7399996.0,6599997.30000)]
[637|(0,7399996.0,6599997.30000)]
[638|(0,7399996.0,6599997.30000)]
[639|(0,7399996.0,6599997.30000)]
[640|(0,7399996.0,6599997.30000)]
[641|(0,7399996.0,6599997.30000)]
[642|(0.0.0)]
[643|(0.0.0)]
[644|(0.0.0)]
[645|(0.0.0)]
[646|(0.0.0)]
[647|(0.0.0)]
[648|(0.0.0)]
[649|(0.0.0)]
[650|(0.0.0)]
[651|(0.0.0)]
[652|(0.0.0)]
[653|(0.0.0)]
[654|(0.0.0)]
[655|(0.0.0)]
[656|(0.0.0)]
[657|(0.0.0)]
[658|(0.0.0)]
[659|(0.0.0)]
[660|(0.0.0)]
[661|(0,01.0.0)]
[662|(0,02.0.0)]
[663|(0,03.0.0)]
[664|(0,04.0.0)]
[665|(0,05.0.0)]
[666|(0,05999999.0,01.0)]
[667|(0,06999999.0,02.0)]
[668|(0,07999999.0,03.0)]
[669|(0,08999999.0,04.0)]
[670|(0,09999999.0,05.0)]
[671|(0,11.0,05999999.0)]
[672|(0,12.0,06999999.0)]
[673|(0,13.0,07999999.0)]
[674|(0,14.0,08999999.0)]
[675|(0,15.0,09999999.0)]
[676|(0,15.0,09999999.30000)]
[677|(0,15.0,09999999.30000)]
[678|(0,15.0,09999999.30000)]
[679|(0,15.0,09999999.30000)]
[680|(0,15.0,09999999.30000)]
[681|(0,15.0,09999999.30000)]
[682|(0,15.0,09999999.30000)]
[683|(0,15.0,09999999.30000)]
[684|(0,15.0,09999999.30000)]
[685|(0,15.0,09999999.30000)]
[686|(0,15.0,09999999.30000)]
[687|(0,15.0,09999999.30000)]
[688|(0,15.0,09999999.30000)]
[689|(0,15.0,09999999.30000)]
[690|(0,15.0,09999999.30000)]
[691|(0,15.0,09999999.30000)]
[692|(0,15.0,09999999.30000)]
[693|(0,15.0,09999999.30000)]
[694|(0,15.0,09999999.30000)]
[695|(0,15.0,09999999.30000)]
[696|(0,15.0,09999999.30000)]
[697|(0,15.0,09999999.30000)]
[698|(0,15.0,09999999.30000)]
[699|(0,15.0,09999999.30000)]
[700|(0,15.0,09999999.30000)]
[701|(0,15.0,09999999.30000)]
[702|(0,15.0,09999999.30000)]
[703|(0,15.0,09999999.30000)]
[704|(0,15.0,09999999.30000)]
[705|(0.0.0)]
[706|(0.0.0)]
[707|(0.0.0)]
[708|(0.0.0)]
[709|(0.0.0)]
[710|(0.0.0)]
[711|(0.0.0)]
[712|(0.0.0)]
[713|(0.0.0)]
[714|(0.0.0)]
[715|(0,01.0.0)]
[716|(0,02.0.0)]
[717|(0,03.0.0)]
[718|(0,04.0.0)]
[719|(0,05.0.0)]
[720|(0,05999999.0.0)]
[721|(0,06999999.0.0)]
[722|(0,07999999.0.0)]
[723|(0,08999999.0.0)]
[724|(0,09999999.0.0)]
[725|(0,11.0.0)]
[726|(0,12.0.0)]
[727|(0,13.0.0)]
[728|(0,14.0.0)]
[729|(0,15.0.0)]
[730|(0,16.0.0)]
[731|(0,17.0.0)]
[732|(0,18.0.0)]
[733|(0,19.0.0)]
[734|(0,2.0.0)]
[735|(0,21.0.0)]
[736|(0,22.0.0)]
[737|(0,23.0.0)]
[738|(0,24.0.0)]
[739|(0,25.0.0)]
[740|(0,26.0.0)]
[741|(0,27.0.0)]
[742|(0,28.0.0)]
[743|(0,29.0.0)]
[744|(0,3.0.0)]
[745|(0,31.0.0)]
[746|(0,32.0.0)]
[747|(0,33.0.0)]
[748|(0,3399999.0,01.0)]
[749|(0,3499999.0,02.0)]
[750|(0,3599999.0,03.0)]
[751|(0,3699999.0,04.0)]
[752|(0,3799999.0,05.0)]
[753|(0,3899999.0,05999999.0)]
[754|(0,3999999.0,06999999.0)]
[755|(0,4099999.0,07999999.0)]
[756|(0,4199999.0,08999999.0)]
[757|(0,4299999.0,09999999.0)]
[758|(0,4399998.0,11.0)]
[759|(0,4499998.0,12.0)]
[760|(0,4599998.0,13.0)]
[761|(0,4699998.0,14.0)]
[762|(0,4799998.0,15.0)]
[763|(0,4899998.0,16.0)]
[764|(0,4999998.0,17.0)]
[765|(0,5099998.0,18.0)]
[766|(0,5199998.0,19.0)]
[767|(0,5299998.0,2.0)]
[768|(0,5399998.0,21.0)]
[769|(0,5499998.0,22.0)]
[770|(0,5599998.0,23.0)]
[771|(0,5699998.0,24.0)]
[772|(0,5799997.0,25.0)]
[773|(0,5899997.0,26.0)]
[774|(0,5999997.0,27.0)]
[775|(0,6099997.0,28.0)]
[776|(0,6199997.0,29.0)]
[777|(0,6299997.0,3.0)]
[778|(0,6399997.0,31.0)]
[779|(0,6499997.0,32.0)]
[780|(0,6599997.0,33.0)]
[781|(0,6699997.0,3399999.0)]
[782|(0,6799996.0,3499999.0)]
[783|(0,6899996.0,3599999.0)]
[784|(0,6999996.0,3699999.0)]
[785|(0,7099996.0,3799999.0)]
[786|(0,7099996.0,3799999.30000)]
[787|(0,7099996.0,3799999.30000)]
[788|(0,7099996.0,3799999.30000)]
[789|(0,7099996.0,3799999.30000)]
[790|(0,7099996.0,3799999.30000)]
[791|(0,7099996.0,3799999.30000)]
[792|(0,7099996.0,3799999.30000)]
[793|(0,7099996.0,3799999.30000)]
[794|(0,7099996.0,3799999.30000)]
[795|(0,7099996.0,3799999.30000)]
[796|(0,7099996.0,3799999.30000)]
[797|(0,7099996.0,3799999.30000)]
[798|(0,7099996.0,3799999.30000)]
[799|(0,7099996.0,3799999.30000)]
[800|(0,7099996.0,3799999.30000)]
[801|(0,7099996.0,3799999.30000)]
[802|(0,7099996.0,3799999.30000)]
[803|(0,7099996.0,3799999.30000)]
[804|(0,7099996.0,3799999.30000)]
[805|(0,7099996.0,3799999.30000)]
[806|(0,7099996.0,3799999.30000)]
[807|(0,7099996.0,3799999.30000)]
[808|(0,7099996.0,3799999.30000)]
[809|(0,7099996.0,3799999.30000)]
[810|(0,7099996.0,3799999.30000)]
[811|(0,7099996.0,3799999.30000)]
[812|(0,7099996.0,3799999.30000)]
[813|(0,7099996.0,3799999.30000)]
[814|(0,7099996.0,3799999.30000)]
[815|(0,7099996.0,3799999.30000)]
[816|(0,7099996.0,3799999.30000)]
[817|(0,7099996.0,3799999.30000)]
[818|(0,7099996.0,3799999.30000)]
[819|(0,7099996.0,3799999.30000)]
[820|(0,7099996.0,3799999.30000)]
[821|(0,7099996.0,3799999.30000)]
[822|(0,7099996.0,3799999.30000)]
[823|(0,7099996.0,3799999.30000)]
[824|(0,7099996.0,3799999.30000)]
[825|(0,7099996.0,3799999.30000)]
[826|(0,7099996.0,3799999.30000)]
[827|(0,7099996.0,3799999.30000)]
[828|(0,7099996.0,3799999.30000)]
[829|(0,7099996.0,3799999.30000)]
[830|(0,7099996.0,3799999.30000)]
[831|(0,7099996.0,3799999.30000)]
[832|(0,7099996.0,3799999.30000)]
[833|(0,7099996.0,3799999.30000)]
[834|(0,7099996.0,3799999.30000)]
[835|(0,7099996.0,3799999.30000)]
[836|(0,7099996.0,3799999.30000)]
[837|(0,7099996.0,3799999.30000)]
[838|(0,7099996.0,3799999.30000)]
[839|(0,7099996.0,3799999.30000)]
[840|(0,7099996.0,3799999.30000)]
[841|(0,7099996.0,3799999.30000)]
[842|(0,7099996.0,3799999.30000)]
[843|(0,7099996.0,3799999.30000)]
[844|(0,7099996.0,3799999.30000)]
[845|(0,7099996.0,3799999.30000)]
[846|(0,7099996.0,3799999.30000)]
[847|(0,7099996.0,3799999.30000)]
[848|(0,7099996.0,3799999.30000)]
[849|(0,7099996.0,3799999.30000)]
[850|(0,7099996.0,3799999.30000)]
[851|(0.0.0)]
[852|(0.0.0)]
[853|(0.0.0)]
[854|(0.0.0)]
[855|(0.0.0)]
[856|(0.0.0)]
[857|(0.0.0)]
[858|(0.0.0)]
[859|(0.0.0)]
[860|(0.0.0)]
[861|(0.0.0)]
[862|(0.0.0)]
[863|(0.0.0)]
[864|(0.0.0)]
[865|(0.0.0)]
[866|(0.0.0)]
[867|(0.0.0)]
[868|(0.0.0)]
[869|(0.0.0)]
[870|(0.0.0)]
[871|(0.0.0)]
[872|(0.0.0)]
[873|(0.0.0)]
[874|(0.0.0)]
[875|(0.0.0)]
[876|(0.0.0)]
[877|(0.0.0)]
[878|(0.0.0)]
[879|(0.0.0)]
[880|(0.0.0)]
[881|(0.0.0)]
[882|(0.0.0)]
[883|(0.0.0)]
[884|(0.0.0)]
[885|(0.0.30000)]
[886|(0.0.30000)]
[887|(0.0.30000)]
[888|(0.0.30000)]
[889|(0.0.30000)]
[890|(0.0.30000)]
[891|(0.0.30000)]
[892|(0.0.30000)]
[893|(0.0.30000)]
[894|(0.0.30000)]
[895|(0.0.30000)]
[896|(0.0.30000)]
[897|(0.0.30000)]
[898|(0.0.30000)]
[899|(0.0.30000)]
[900|(0.0.30000)]
[901|(0.0.30000)]
[902|(0.0.30000)]
[903|(0.0.30000)]
[904|(0.0.30000)]
[905|(0.0.30000)]
[906|(0.0.30000)]
[907|(0.0.30000)]
[908|(0.0.30000)]
[909|(0.0.30000)]
[910|(0.0.30000)]
[911|(0.0.30000)]
[912|(0.0.30000)]
[913|(0.0.30000)]
[914|(0.0.30000)]
[915|(0.0.30000)]
[916|(0.0.30000)]
[917|(0.0.30000)]
[918|(0.0.30000)]
[919|(0.0.30000)]
[920|(0.0.30000)]
[921|(0.0.0)]
[922|(0.0.0)]
[923|(0.0.0)]
[924|(0.0.0)]
[925|(0.0.0)]
[926|(0.0.0)]
[927|(0.0.0)]
[928|(0.0.0)]
[929|(0.0.0)]
[930|(0.0.0)]
[931|(0.0.0)]
[932|(0.0.0)]
[933|(0.0.0)]
[934|(0.0.0)]
[935|(0.0.0)]
[936|(0.0.0)]
[937|(0.0.0)]
[938|(0.0.0)]
[939|(0.0.0)]
[940|(0.0.0)]
[941|(0.0.0)]
[942|(0.0.0)]
[943|(0.0.0)]
[944|(0.0.0)]
[945|(0.0.0)]
[946|(0.0.0)]
[947|(0.0.0)]
[948|(0.0.0)]
[949|(0.0.0)]
[950|(0.0.0)]
[951|(0.0.0)]
[952|(0.0.0)]
[953|(0.0.0)]
[954|(0.0.0)]
[955|(0.0.0)]
[956|(0.0.0)]
[957|(0.0.0)]
[958|(0.0.0)]
[959|(0.0.0)]
[960|(0.0.0)]
[961|(0.0.0)]
[962|(0.0.0)]
[963|(0.0.0)]
[964|(0.0.0)]
[965|(0.0.0)]
[966|(0.0.0)]
[967|(0.0.0)]
[968|(0.0.0)]
[969|(0.0.0)]
[970|(0.0.0)]
[971|(0.0.0)]
[972|(0.0.0)]
[973|(0.0.0)]
[974|(0.0.0)]
[975|(0.0.0)]
[976|(0.0.0)]
[977|(0.0.0)]
[978|(0.0.0)]
[979|(0.0.0)]
[980|(0.0.0)]
[981|(0.0.0)]
[982|(0.0.0)]
[983|(0.0.0)]
[984|(0.0.0)]
[985|(0.0.0)]
[986|(0.0.0)]
[987|(0.0.0)]
[988|(0.0.0)]
[989|(0.0.0)]
[990|(0.0.0)]
[991|(0.0.0)]
[992|(0.0.0)]
[993|(0.0.0)]
[994|(0.0.0)]
[995|(0.0.0)]
[996|(0.0.0)]
[997|(0.0.0)]
[998|(0.0.0)]
[999|(0.0.0)]
[1000|(0.0.30000)]
[1001|(0.0.30000)]
[1002|(0.0.30000)]
[1003|(0.0.30000)]
[1004|(0.0.30000)]
[1005|(0.0.30000)]
[1006|(0.0.30000)]
[1007|(0.0.30000)]
[1008|(0.0.30000)]
[1009|(0.0.30000)]
[1010|(0.0.30000)]
[1011|(0.0.30000)]
[1012|(0.0.30000)]
[1013|(0.0.30000)]
[1014|(0.0.30000)]
[1015|(0.0.30000)]
[1016|(0.0.30000)]
[1017|(0.0.30000)]
[1018|(0.0.30000)]
[1019|(0.0.30000)]
[1020|(0.0.30000)]
[1021|(0.0.30000)]
[1022|(0.0.30000)]
[1023|(0.0.30000)]
[1024|(0.0.30000)]
[1025|(0.0.30000)]
[1026|(0.0.30000)]
[1027|(0.0.30000)]
[1028|(0.0.30000)]
[1029|(0.0.30000)]
[1030|(0.0.30000)]
[1031|(0.0.30000)]
[1032|(0.0.30000)]
[1033|(0.0.30000)]
[1034|(0.0.30000)]
[1035|(0.0.30000)]
[1036|(0.0.30000)]
[1037|(0.0.30000)]
[1038|(0.0.30000)]
[1039|(0.0.30000)]
[1040|(0.0.30000)]
[1041|(0.0.30000)]
[1042|(0.0.30000)]
[1043|(0.0.30000)]
[1044|(0.0.30000)]
[1045|(0.0.30000)]
[1046|(0.0.30000)]
[1047|(0.0.30000)]
[1048|(0.0.30000)]
[1049|(0.0.30000)]
[1050|(0.0.30000)]
[1051|(0.0.30000)]
[1052|(0.0.30000)]
[1053|(0.0.30000)]
[1054|(0.0.30000)]
[1055|(0.0.30000)]
[1056|(0.0.30000)]
[1057|(0.0.30000)]
[1058|(0.0.30000)]
[1059|(0.0.30000)]
[1060|(0.0.30000)]
[1061|(0.0.30000)]
[1062|(0.0.30000)]
[1063|(0.0.30000)]
[1064|(0.0.30000)]
[1065|(0.0.30000)]
