1| 0 0 0
2| 0 0 0
3| 0 0 0
4| 0 0 0
5| 0 0 0
6| 0 0 0
7| 0 0 0
8| 0 0 0
9| 0 0 0
10| 0 0 0
11| 0 0 0
12| 0 0 0
13| 0 0 0
14| 0 0 0
15| 0 0 0
16| 0 0 0
17| 0 0 0
18| 0 0 0
19| 0 0 0
20| 0 0 0
21| 0 0 0
22| 0 0 0
23| 0 0 0
24| 0 0 0
25| 0 0 0
26| 0 0 0
27| 0 0 0
28| 0 0 0
29| 0 0 0
30| 0 0 0
31| 0 0 0
32| 0 0 0
33| 0 0 0
34| 0 0 0
35| 0 0 0
36| 0 0 0
37| 0 0 0
38| 0 0 0
39| 0 0 0
40| 0 0 0
41| 0 0 0
42| 0 0 0
43| 0 0 0
44| 0 0 0
45| 0 0 0
46| 0 0 0
47| 0 0 0
48| 0 0 0
49| 0 0 0
50| 0 0 0
51| 0 0 0
52| 0 0 0
53| 0 0 0
54| 0 0 0
55| 0 0 0
56| 0 0 0
57| 0 0 0
58| 0 0 0
59| 0 0 0
60| 0 0 0
61| 0 0 0
62| 0 0 0
63| 0 0 0
64| 0 0 0
65| 0 0 0
66| 0 0 0
67| 0 0 0
68| 0 0 0
69| 0 0 0
70| 0 0 0
71| 0 0 0
72| 0 0 0
73| 0 0 0
74| 0 0 0
75| 0 0 0
76| 0 0 0
77| 0 0 0
78| 0 0 0
79| 0 0 0
80| 0 0 0
81| 0 0 0
82| 0 4 0
83| 0 8 0
84| 0 12 0
85| 0 16 0
86| 0 20 0
87| 0 24 0
88| 0 28 0
89| 0 32 0
90| 0 36 0
91| 0 40 0
92| 0 43,99999 0
93| 0 47,99999 0
94| 0 51,99999 0
95| 0 55,99999 0
96| 0 60 0
97| 0 64 0
98| 0 68 0
99| 0 72 0
100| 0 76,00001 0
101| 0 80,00001 0
102| -0,3 84,00001 0
103| -0,6 88,00002 0
104| -0,9 92,00002 0
105| -1,2 96,00002 0
106| -1,5 100 0
107| -1,8 104 0
108| -2,1 108 0
109| -2,4 112 0
110| -2,7 116 0
111| -3 120 0
112| -3,299999 124 0
113| -3,599999 128 0
114| -3,899999 132 0
115| -4,2 136 0
116| -4,5 140 0
117| -4,8 144 0
118| -5,1 148 0
119| -5,4 152 0
120| -5,7 156 0
121| -6 160 0
122| -6,300001 164 0
123| -6,600001 168 0
124| -6,900001 171,9999 0
125| -7,200001 175,9999 0
126| -7,500001 179,9999 0
127| -7,800001 183,9999 0
128| -8,1 187,9999 0
129| -8,4 191,9999 0
130| -8,7 195,9999 0
131| -8,999999 199,9999 0
132| -8,999999 203,9999 0
133| -8,999999 207,9999 0
134| -8,999999 211,9999 0
135| -8,999999 215,9999 0
136| -8,999999 219,9999 0
137| -8,999999 223,9999 0
138| -8,999999 227,9999 0
139| -8,999999 231,9999 0
140| -8,999999 235,9999 0
141| -8,999999 239,9999 0
142| -8,999999 243,9999 0
143| -8,999999 247,9999 0
144| -8,999999 251,9999 0
145| -8,999999 255,9999 0
146| -8,999999 259,9999 0
147| -8,999999 263,9999 0
148| -8,999999 267,9999 0
149| -8,999999 271,9998 0
150| -9,299999 275,9998 0
151| -9,599998 279,9998 0
152| -9,899999 283,9998 0
153| -9,899999 287,9998 0
154| -9,899999 291,9998 0
155| -9,899999 295,9998 0
156| -9,899999 299,9998 0
157| -9,899999 303,9998 0
158| -9,899999 307,9998 0
159| -9,899999 311,9998 0
160| -9,899999 315,9998 0
161| -9,899999 319,9998 0
162| -9,899999 323,9998 0
163| -9,899999 327,9998 0
164| -9,899999 331,9998 0
165| -10,2 335,9998 0
166| -10,5 339,9998 0
167| -10,8 343,9998 0
168| -11,1 347,9998 0
169| -11,4 351,9998 0
170| -11,7 355,9998 0
171| -12 359,9998 0
172| -12,3 363,9998 0
173| -12,6 367,9998 0
174| -12,9 371,9998 0
175| -13,2 375,9998 0
176| -13,5 379,9998 0
177| -13,79999 383,9998 0
178| -14,09999 387,9998 0
179| -14,39999 391,9998 0
180| -14,69999 395,9998 0
181| -14,99999 399,9997 0
182| -14,99999 400 0
183| -14,99999 400 0
184| -14,99999 400 0
185| -14,99999 400 0
186| -14,99999 400 0
187| -14,99999 400 0
188| -14,99999 400 0
189| -15,29999 400 0
190| -15,59999 400 0
191| -15,89999 400 0
192| -16,19999 400 0
193| -16,49999 400 0
194| -16,79999 400 0
195| -17,09999 400 0
196| -17,39999 400 0
197| -17,69999 400 0
198| -17,99999 400 0
199| -18,29999 400 0
200| -18,59999 400 0
201| -18,89999 400 0
202| -19,19999 400 0
203| -19,49999 400 0
204| -19,79999 400 0
205| -20,09999 400 0
206| -20,39999 400 0
207| -20,69999 400 0
208| -20,99999 400 0
209| -21,29999 400 0
210| -21,59999 400 0
211| -21,89999 400 0
212| -22,19999 400 0
213| -22,49999 400 0
214| -22,79999 400 0
215| -23,09999 400 0
216| -23,39999 400 0
217| -23,69999 400 0
218| -23,99999 400 0
219| -24,29999 400 0
220| -24,59999 400 0
221| -24,89998 400 0
222| -25,19999 400 0
223| -25,49998 400 0
224| -25,79998 400 0
225| -25,79998 400 0
226| -25,79998 400 0
227| -25,79998 400 0
228| -25,79998 400 0
229| -25,79998 400 0
230| -25,79998 400 0
231| -25,79998 400 0
232| -25,79998 400 0
233| -25,79998 400 0
234| -25,79998 400 0
235| -25,79998 400 0
236| -25,79998 400 0
237| -26,09998 400 0
238| -26,39998 400 0
239| -26,69998 400 0
240| -26,99998 400 0
241| -27,29998 400 0
242| -27,59998 400 0
243| -27,89998 400 0
244| -28,19998 400 0
245| -28,49998 400 0
246| -28,79998 400 0
247| -29,09998 400 0
248| -29,39998 400 0
249| -29,69998 400 0
250| -29,99998 400 0
251| -30 400 0
252| -30 400 0
253| -30 400 0
254| -30 400 0
255| -30 400 0
256| -30 400 0
257| -30 400 0
258| -30 400 0
259| -30 400 0
260| -30 400 0
261| -30 400 0
262| -30 400 0
263| -30 400 0
264| -30 400 0
265| -30 400 0
266| -30 400 0
267| -30 400 0
268| -30 400 0
269| -30 400 0
270| -30 400 0
271| -30 400 0
272| -30 400 0
273| -30 400 0
274| 0 400 0
275| 0,3 400 0
276| 0,6 400 0
277| 0,9 400 0
278| 1,2 400 0
279| 1,5 400 0
280| 1,8 400 0
281| 2,1 400 0
282| 2,4 400 0
283| 2,7 400 0
284| 3 400 0
285| 3,299999 400 0
286| 3,599999 400 0
287| 3,599999 400 0
288| 3,599999 400 0
289| 3,599999 400 0
290| 3,599999 400 0
291| 3,599999 400 0
292| 3,599999 400 0
293| 3,599999 400 0
294| 3,599999 400 0
295| 3,599999 400 0
296| 3,599999 400 0
297| 3,599999 400 0
298| 3,599999 400 0
299| 3,599999 400 0
300| 3,599999 400 0
301| 3,599999 400 0
302| 3,599999 400 0
303| 3,599999 400 0
304| 3,599999 400 0
305| 3,599999 400 0
306| 3,599999 400 0
307| 3,599999 400 0
308| 3,599999 400 0
309| 3,599999 400 0
310| 3,599999 400 0
311| 3,599999 400 0
312| 3,599999 400 0
313| 3,599999 400 0
314| 3,599999 400 0
315| 3,599999 400 0
316| 3,599999 400 0
317| 3,599999 400 0
318| 3,599999 400 0
319| 3,599999 400 0
320| 3,599999 400 0
321| 3,599999 400 0
322| 3,599999 400 0
323| 3,599999 400 0
324| 3,599999 400 0
325| 3,599999 400 0
326| 3,599999 400 0
327| 3,599999 400 0
328| 3,599999 400 0
329| 3,599999 400 0
330| 3,599999 400 0
331| 3,599999 400 0
332| 3,599999 400 0
333| 3,599999 400 0
334| 3,599999 400 0
335| 3,599999 400 0
336| 3,599999 400 0
337| 3,599999 400 0
338| 3,599999 400 0
339| 3,599999 400 0
340| 3,599999 400 0
341| 3,599999 400 0
342| 3,599999 400 0
343| 3,599999 400 0
344| 3,599999 400 0
345| 0 400 0
346| -0,3 400 0
347| -0,6 400 0
348| -0,9 400 0
349| -1,2 400 0
350| -1,5 400 0
351| -1,8 400 0
352| -2,1 400 0
353| -2,4 400 0
354| -2,7 400 0
355| -3 400 0
356| -3,299999 400 0
357| -3,599999 400 0
358| -3,899999 400 0
359| -4,2 400 0
360| -4,5 400 0
361| -4,8 400 0
362| -4,8 400 0
363| -4,8 400 0
364| -4,8 400 0
365| -4,8 400 0
366| -4,8 400 0
367| -5,1 400 0
368| -5,4 400 0
369| -5,7 400 0
370| -6 400 0
371| -6,300001 400 0
372| -6,600001 400 0
373| -6,900001 400 0
374| -7,200001 400 0
375| -7,500001 400 0
376| -7,800001 400 0
377| -8,1 400 0
378| -8,4 400 0
379| -8,7 400 0
380| -8,999999 400 0
381| -9,299999 400 0
382| -9,599998 400 0
383| -9,899999 400 0
384| -10,2 400 0
385| -10,5 400 0
386| -10,8 400 0
387| -11,1 400 0
388| -11,4 400 0
389| -11,7 400 0
390| -12 400 0
391| -12,3 400 0
392| -12,6 400 0
393| -12,9 400 0
394| -13,2 400 0
395| -13,5 400 0
396| -13,79999 400 0
397| -14,09999 400 0
398| -14,39999 400 0
399| -14,69999 400 0
400| -14,99999 400 0
401| -15,29999 400 0
402| -15,59999 400 0
403| -15,89999 400 0
404| -16,19999 400 0
405| -16,49999 400 0
406| -16,79999 400 0
407| -17,09999 400 0
408| -17,39999 400 0
409| -17,69999 400 0
410| -17,99999 400 0
411| -18,29999 400 0
412| -18,59999 400 0
413| -18,89999 400 0
414| -19,19999 400 0
415| -19,49999 400 0
416| -19,79999 400 0
417| -19,79999 400 0
418| -19,79999 400 0
419| 0 400 0
420| 0,3 400 0
421| 0,6 400 0
422| 0,9 400 0
423| 1,2 400 0
424| 1,5 400 0
425| 1,8 400 0
426| 2,1 400 0
427| 2,4 400 0
428| 2,7 400 0
429| 3 400 0
430| 3,299999 400 0
431| 3,599999 400 0
432| 3,899999 400 0
433| 4,2 400 0
434| 4,5 400 0
435| 4,8 400 0
436| 5,1 400 0
437| 5,4 400 0
438| 5,7 400 0
439| 6 400 0
440| 6,300001 400 0
441| 6,600001 400 0
442| 6,900001 400 0
443| 7,200001 400 0
444| 7,500001 400 0
445| 7,800001 400 0
446| 8,1 400 0
447| 8,4 400 0
448| 8,7 400 0
449| 8,999999 400 0
450| 9,299999 400 0
529| 0 0 0
530| 0 0 0
531| 0 0 0
532| 0 0 0
533| 0 0 0
534| 0,3 0 0
535| 0,6 0 0
536| 0,9 0 0
537| 1,2 0 0
538| 1,5 0 0
539| 1,8 0 0
540| 2,1 0 0
541| 2,4 0 0
542| 2,7 4 0
543| 3 8 0
544| 3,299999 12 0
545| 3,599999 16 0
546| 3,899999 20 0
547| 4,2 24 0
548| 4,5 28 0
549| 4,8 32 0
550| 5,1 36 0
551| 5,4 40 0
552| 5,7 43,99999 0
553| 6 47,99999 0
554| 6,300001 51,99999 0
555| 6,600001 55,99999 0
556| 6,900001 60 0
557| 7,200001 64 0
558| 7,500001 68 0
559| 7,800001 72 0
560| 8,1 76,00001 0
561| 8,4 80,00001 0
562| 8,7 84,00001 0
563| 8,999999 88,00002 0
564| 9,299999 92,00002 0
565| 9,599998 96,00002 0
566| 9,899999 100 0
567| 10,2 104 0
568| 10,5 108 0
569| 10,8 112 0
570| 11,1 116 0
571| 11,4 120 0
572| 11,7 124 0
573| 12 128 0
574| 12,3 132 0
575| 12,6 136 0
576| 12,9 140 0
577| 13,2 144 0
578| 13,5 148 0
579| 13,79999 152 0
580| 14,09999 156 0
581| 14,39999 160 0
582| 14,69999 164 0
583| 14,99999 168 0
584| 15,29999 171,9999 0
585| 15,59999 175,9999 0
586| 15,89999 179,9999 0
587| 16,19999 183,9999 0
588| 16,49999 187,9999 0
589| 16,79999 191,9999 0
590| 17,09999 195,9999 0
591| 17,39999 199,9999 0
592| 17,69999 203,9999 0
593| 17,99999 207,9999 0
594| 18,29999 211,9999 0
595| 18,59999 215,9999 0
596| 18,89999 219,9999 0
597| 19,19999 223,9999 0
598| 19,49999 227,9999 0
599| 19,79999 231,9999 0
600| 20,09999 235,9999 0
601| 20,39999 239,9999 0
602| 20,69999 243,9999 0
603| 20,99999 247,9999 0
604| 21,29999 251,9999 0
605| 21,59999 255,9999 0
606| 21,89999 259,9999 0
607| 22,19999 263,9999 0
642| 0 0 0
643| 0 0 0
644| 0 0 0
645| 0 0 0
646| 0 0 0
647| 0 0 0
648| 0 0 0
649| 0 0 0
650| 0 0 0
651| 0 0 0
652| 0 0 0
653| 0 0 0
654| 0 0 0
655| 0 0 0
656| 0 0 0
657| 0 0 0
658| 0 0 0
659| 0 0 0
660| 0 0 0
661| 0,3 0 0
662| 0,6 0 0
663| 0,9 0 0
664| 1,2 0 0
665| 1,5 0 0
666| 1,8 4 0
667| 2,1 8 0
668| 2,4 12 0
669| 2,7 16 0
670| 3 20 0
671| 3,299999 24 0
672| 3,599999 28 0
673| 3,899999 32 0
674| 4,2 36 0
675| 4,5 40 0
705| 0 0 0
706| 0 0 0
707| 0 0 0
708| 0 0 0
709| 0 0 0
710| 0 0 0
711| 0 0 0
712| 0 0 0
713| 0 0 0
714| 0 0 0
715| 0,3 0 0
716| 0,6 0 0
717| 0,9 0 0
718| 1,2 0 0
719| 1,5 0 0
720| 1,8 0 0
721| 2,1 0 0
722| 2,4 0 0
723| 2,7 0 0
724| 3 0 0
725| 3,299999 0 0
726| 3,599999 0 0
727| 3,899999 0 0
728| 4,2 0 0
729| 4,5 0 0
730| 4,8 0 0
731| 5,1 0 0
732| 5,4 0 0
733| 5,7 0 0
734| 6 0 0
735| 6,300001 0 0
736| 6,600001 0 0
737| 6,900001 0 0
738| 7,200001 0 0
739| 7,500001 0 0
740| 7,800001 0 0
741| 8,1 0 0
742| 8,4 0 0
743| 8,7 0 0
744| 8,999999 0 0
745| 9,299999 0 0
746| 9,599998 0 0
747| 9,899999 0 0
748| 10,2 4 0
749| 10,5 8 0
750| 10,8 12 0
751| 11,1 16 0
752| 11,4 20 0
753| 11,7 24 0
754| 12 28 0
755| 12,3 32 0
756| 12,6 36 0
757| 12,9 40 0
758| 13,2 43,99999 0
759| 13,5 47,99999 0
760| 13,79999 51,99999 0
761| 14,09999 55,99999 0
762| 14,39999 60 0
763| 14,69999 64 0
764| 14,99999 68 0
765| 15,29999 72 0
766| 15,59999 76,00001 0
767| 15,89999 80,00001 0
768| 16,19999 84,00001 0
769| 16,49999 88,00002 0
770| 16,79999 92,00002 0
771| 17,09999 96,00002 0
772| 17,39999 100 0
773| 17,69999 104 0
774| 17,99999 108 0
775| 18,29999 112 0
776| 18,59999 116 0
777| 18,89999 120 0
778| 19,19999 124 0
779| 19,49999 128 0
780| 19,79999 132 0
781| 20,09999 136 0
782| 20,39999 140 0
783| 20,69999 144 0
784| 20,99999 148 0
785| 21,29999 152 0
851| 0 0 0
852| 0 0 0
853| 0 0 0
854| 0 0 0
855| 0 0 0
856| 0 0 0
857| 0 0 0
858| 0 0 0
859| 0 0 0
860| 0 0 0
861| 0 0 0
862| 0 0 0
863| 0 0 0
864| 0 0 0
865| 0 0 0
866| 0 0 0
867| 0 0 0
868| 0 0 0
869| 0 0 0
870| 0 0 0
871| 0 0 0
872| 0 0 0
873| 0 0 0
874| 0 0 0
875| 0 0 0
876| 0 0 0
877| 0 0 0
878| 0 0 0
879| 0 0 0
880| 0 0 0
881| 0 0 0
882| 0 0 0
883| 0 0 0
884| 0 0 0
921| 0 0 0
922| 0 0 0
923| 0 0 0
924| 0 0 0
925| 0 0 0
926| 0 0 0
927| 0 0 0
928| 0 0 0
929| 0 0 0
930| 0 0 0
931| 0 0 0
932| 0 0 0
933| 0 0 0
934| 0 0 0
935| 0 0 0
936| 0 0 0
937| 0 0 0
938| 0 0 0
939| 0 0 0
940| 0 0 0
941| 0 0 0
942| 0 0 0
943| 0 0 0
944| 0 0 0
945| 0 0 0
946| 0 0 0
947| 0 0 0
948| 0 0 0
949| 0 0 0
950| 0 0 0
951| 0 0 0
952| 0 0 0
953| 0 0 0
954| 0 0 0
955| 0 0 0
956| 0 0 0
957| 0 0 0
958| 0 0 0
959| 0 0 0
960| 0 0 0
961| 0 0 0
962| 0 0 0
963| 0 0 0
964| 0 0 0
965| 0 0 0
966| 0 0 0
967| 0 0 0
968| 0 0 0
969| 0 0 0
970| 0 0 0
971| 0 0 0
972| 0 0 0
973| 0 0 0
974| 0 0 0
975| 0 0 0
976| 0 0 0
977| 0 0 0
978| 0 0 0
979| 0 0 0
980| 0 0 0
981| 0 0 0
982| 0 0 0
983| 0 0 0
984| 0 0 0
985| 0 0 0
986| 0 0 0
987| 0 0 0
988| 0 0 0
989| 0 0 0
990| 0 0 0
991| 0 0 0
992| 0 0 0
993| 0 0 0
994| 0 0 0
995| 0 0 0
996| 0 0 0
997| 0 0 0
998| 0 0 0
999| 0 0 0

