[1|(0.0.0)]
[2|(0.0.0)]
[3|(0.0.0)]
[4|(0.0.0)]
[5|(0.0.0)]
[6|(0.0.0)]
[7|(0.0.0)]
[8|(0.0.0)]
[9|(0.0.0)]
[10|(0.0.0)]
[11|(0.0.0)]
[12|(0.0.0)]
[13|(0.0.0)]
[14|(0.0.0)]
[15|(0,01.0.0)]
[16|(0,02.0.0)]
[17|(0,03.0.0)]
[18|(0,04.0.0)]
[19|(0,05.0.0)]
[20|(0,05999999.0.0)]
[21|(0,06999999.0.0)]
[22|(0,07999999.0.0)]
[23|(0,08999999.0.0)]
[24|(0,09999999.0.0)]
[25|(0,11.0.0)]
[26|(0,12.0.0)]
[27|(0,13.0.0)]
[28|(0,14.0.0)]
[29|(0,15.0.0)]
[30|(0,16.0.0)]
[31|(0,17.0.0)]
[32|(0,18.0.0)]
[33|(0,19.0.0)]
[34|(0,2.0.0)]
[35|(0,21.0.0)]
[36|(0,22.0.0)]
[37|(0,23.0.0)]
[38|(0,24.0.0)]
[39|(0,25.0.0)]
[40|(0,26.0.0)]
[41|(0,27.0.0)]
[42|(0,28.0.0)]
[43|(0,29.0.0)]
[44|(0,3.0.0)]
[45|(0,31.0.0)]
[46|(0,32.0.0)]
[47|(0,33.0.0)]
[48|(0,3399999.0.0)]
[49|(0,3499999.0.0)]
[50|(0,3599999.0.0)]
[51|(0,3699999.0.0)]
[52|(0,3799999.0.0)]
[53|(0,3899999.0,01.0)]
[54|(0,3999999.0,02.0)]
[55|(0,4099999.0,03.0)]
[56|(0,4199999.0,04.0)]
[57|(0,4299999.0,05.0)]
[58|(0,4399998.0,05999999.0)]
[59|(0,4499998.0,06999999.0)]
[60|(0,4599998.0,06999999.0)]
[61|(0,4699998.0,06999999.0)]
[62|(0,4799998.0,07999999.0)]
[63|(0,4899998.0,08999999.0)]
[64|(0,4999998.0,09999999.0)]
[65|(0,5099998.0,11.0)]
[66|(0,5199998.0,12.0)]
[67|(0,5299998.0,13.0)]
[68|(0,5399998.0,13.0)]
[69|(0,5499998.0,13.0)]
[70|(0,5599998.0,13.0)]
[71|(0,5699998.0,13.0)]
[72|(0,5799997.0,13.0)]
[73|(0,5899997.0,13.0)]
[74|(0,5999997.0,13.0)]
[75|(0,6099997.0,13.0)]
[76|(0,6199997.0,13.0)]
[77|(0,6299997.0,13.0)]
[78|(0,6399997.0,13.0)]
[79|(0,6499997.0,13.0)]
[80|(0,6599997.0,13.0)]
[81|(0,6699997.0,13.0)]
[82|(0,6799996.0,13.0)]
[83|(0,6899996.0,13.0)]
[84|(0,6999996.0,13.0)]
[85|(0,7099996.0,13.0)]
[86|(0,7199996.0,13.0)]
[87|(0,7299996.0,13.0)]
[88|(0,7399996.0,13.0)]
[89|(0,7499996.0,13.0)]
[90|(0,7599996.0,13.0)]
[91|(0,7699996.0,13.0)]
[92|(0,7799996.0,13.0)]
[93|(0,7899995.0,13.0)]
[94|(0,7999995.0,13.0)]
[95|(0,8099995.0,13.0)]
[96|(0,8199995.0,13.0)]
[97|(0,8299995.0,13.0)]
[98|(0,8399995.0,13.0)]
[99|(0,8499995.0,13.0)]
[100|(0,8599995.0,13.0)]
[101|(0,8699995.0,13.0)]
[102|(0,8799995.0,13.0)]
[103|(0,8899994.0,13.0)]
[104|(0,8999994.0,13.0)]
[105|(0,9099994.0,13.0)]
[106|(0,9199994.0,13.0)]
[107|(0,9299994.0,13.0)]
[108|(0,9399994.0,13.0)]
[109|(0,9499994.0,13.0)]
[110|(0,9599994.0,13.0)]
[111|(0,9699994.0,13.0)]
[112|(0,9799994.0,13.0)]
[113|(0,9899994.0,13.0)]
[114|(0,9999993.0,13.0)]
[115|(1,009999.0,13.0)]
[116|(1.0,13.0)]
[117|(1.0,13.0)]
[118|(1.0,13.0)]
[119|(1.0,13.0)]
[120|(1.0,13.0)]
[121|(1.0,13.0)]
[122|(1.0,13.0)]
[123|(1.0,13.0)]
[124|(1.0,13.0)]
[125|(1.0,13.0)]
[126|(1.0,13.0)]
[127|(1.0,13.0)]
[128|(1.0,13.0)]
[129|(1.0,13.0)]
[130|(1.0,13.0)]
[131|(1.0,13.0)]
[132|(1.0,13.0)]
[133|(1.0,13.0)]
[134|(1.0,13.0)]
[135|(1.0,13.0)]
[136|(1.0,13.0)]
[137|(1.0,13.0)]
[138|(1.0,13.0)]
[139|(1.0,13.0)]
[140|(1.0,13.0)]
[141|(1.0,13.0)]
[142|(1.0,13.0)]
[143|(1.0,13.0)]
[144|(1.0,13.0)]
[145|(1.0,13.0)]
[146|(1.0,13.0)]
[147|(1.0,13.0)]
[148|(1.0,13.0)]
[149|(1.0,13.0)]
[150|(1.0,13.0)]
[151|(1.0,13.0)]
[152|(1.0,13.0)]
[153|(1.0,13.0)]
[154|(1.0,13.0)]
[155|(1.0,13.0)]
[156|(1.0,13.0)]
[157|(1.0,13.0)]
[158|(1.0,13.0)]
[159|(1.0,13.0)]
[160|(1.0,13.0)]
[161|(1.0,13.0)]
[162|(1.0,13.0)]
[163|(1.0,13.0)]
[164|(1.0,13.0)]
[165|(1.0,13.0)]
[166|(1.0,13.0)]
[167|(1.0,13.0)]
[168|(1.0,13.0)]
[169|(1.0,13.0)]
[170|(1.0,13.0)]
[171|(1.0,13.0)]
[172|(1.0,13.0)]
[173|(1.0,13.0)]
[174|(1.0,13.0)]
[175|(1.0,13.0)]
[176|(1.0,13.0)]
[177|(1.0,13.0)]
[178|(1.0,13.0)]
[179|(1.0,13.0)]
[180|(1.0.0)]
[181|(1.-0,01.0)]
[182|(1.-0,02.0)]
[183|(1.-0,03.0)]
[184|(1.-0,04.0)]
[185|(1.-0,04.0)]
[186|(1.-0,04.0)]
[187|(1.-0,04.0)]
[188|(1.-0,04.0)]
[189|(1.-0,04.0)]
[190|(1.-0,04.0)]
[191|(1.-0,04.0)]
[192|(1.-0,04.0)]
[193|(1.-0,04.0)]
[194|(1.-0,04.0)]
[195|(1.-0,04.0)]
[196|(1.-0,04.0)]
[197|(1.-0,04.0)]
[198|(1.-0,04.0)]
[199|(1.-0,04.0)]
[200|(1.-0,04.0)]
[201|(1.-0,04.0)]
[202|(1.-0,04.0)]
[203|(1.-0,04.0)]
[204|(1.-0,04.0)]
[205|(1.0.0)]
[206|(1.0,01.0)]
[207|(1.0,02.0)]
[208|(1.0,03.0)]
[209|(1.0,04.0)]
[210|(1.0,04.0)]
[211|(1.0,04.0)]
[212|(1.0,04.0)]
[213|(1.0,04.0)]
[214|(1.0,04.0)]
[215|(1.0,04.0)]
[216|(1.0,04.0)]
[217|(1.0,04.0)]
[218|(1.0,04.0)]
[219|(1.0,04.0)]
[220|(1.0,04.0)]
[221|(1.0,04.0)]
[222|(1.0,04.0)]
[223|(1.0,04.0)]
[224|(1.0,04.0)]
[225|(1.0,04.0)]
[226|(1.0,04.0)]
[227|(1.0,04.0)]
[228|(1.0,04.0)]
[229|(1.0,04.0)]
[230|(1.0,04.0)]
[231|(1.0,04.0)]
[232|(1.0,04.0)]
[233|(1.0,04.0)]
[234|(1.0,04.0)]
[235|(1.0,04.0)]
[236|(1.0,04.0)]
[237|(1.0,04.0)]
[238|(1.0,04.0)]
[239|(1.0,04.0)]
[240|(1.0,04.0)]
[241|(1.0,04.0)]
[242|(1.0,04.0)]
[243|(1.0,04.0)]
[244|(1.0,04.0)]
[245|(1.0,04.0)]
[246|(1.0,04.0)]
[247|(1.0,04.0)]
[248|(1.0,04.0)]
[249|(1.0,04.0)]
[250|(1.0,04.0)]
[251|(1.0,04.0)]
[252|(1.0,04.0)]
[253|(1.0,04.0)]
[254|(1.0,04.0)]
[255|(1.0,04.0)]
[256|(1.0,04.0)]
[257|(1.0,04.0)]
[258|(1.0,04.0)]
[259|(1.0,04.0)]
[260|(1.0,04.0)]
[261|(1.0,04.0)]
[262|(1.0,04.0)]
[263|(1.0,04.0)]
[264|(1.0,04.0)]
[265|(1.0,04.0)]
[266|(1.0,04.0)]
[267|(1.0,04.0)]
[268|(1.0,04.0)]
[269|(1.0,04.0)]
[270|(1.0,04.0)]
[271|(1.0,04.0)]
[272|(1.0,04.0)]
[273|(1.0,04.0)]
[274|(1.0,04.0)]
[275|(1.0,04.0)]
[276|(1.0,04.0)]
[277|(1.0,04.0)]
[278|(1.0,04.0)]
[279|(1.0,04.0)]
[280|(1.0,04.0)]
[281|(1.0,04.0)]
[282|(1.0,04.0)]
[283|(1.0,04.0)]
[284|(1.0,04.0)]
[285|(1.0,04.0)]
[286|(1.0,04.0)]
[287|(1.0,04.0)]
[288|(1.0,04.0)]
[289|(1.0,04.0)]
[290|(1.0,04.0)]
[291|(1.0,04.0)]
[292|(1.0,04.0)]
[293|(1.0,04.0)]
[294|(1.0,04.0)]
[295|(1.0,04.0)]
[296|(1.0,04.0)]
[297|(1.0.0)]
[298|(1.-0,01.0)]
[299|(1.-0,02.0)]
[300|(1.-0,03.0)]
[301|(1.-0,04.0)]
[302|(1.-0,05.0)]
[303|(1.-0,05999999.0)]
[304|(1.-0,06999999.0)]
[305|(1.-0,07999999.0)]
[306|(1.-0,08999999.0)]
[307|(1.-0,09999999.0)]
[308|(1.-0,11.0)]
[309|(1.-0,12.0)]
[310|(1.-0,13.0)]
[311|(1.-0,14.0)]
[312|(1.-0,14.0)]
[313|(1.-0,14.0)]
[314|(1.-0,14.0)]
[315|(1.-0,14.0)]
[316|(1.-0,14.0)]
[317|(1.-0,14.0)]
[318|(1.-0,14.0)]
[319|(1.-0,14.0)]
[320|(1.-0,14.0)]
[321|(1.-0,14.0)]
[322|(1.0.0)]
[323|(1.0,01.0)]
[324|(1.0,02.0)]
[325|(1.0,03.0)]
[326|(1.0,04.0)]
[327|(1.0,05.0)]
[328|(1.0,05999999.0)]
[329|(1.0,06999999.0)]
[330|(1.0,07999999.0)]
[331|(1.0,08999999.0)]
[332|(1.0,09999999.0)]
[333|(1.0,11.0)]
[334|(1.0,12.0)]
[335|(1.0,13.0)]
[336|(1.0,14.0)]
[337|(1.0,15.0)]
[338|(1.0,16.0)]
[339|(1.0,17.0)]
[340|(1.0,18.0)]
[341|(1.0,19.0)]
[342|(1.0,2.0)]
[343|(1.0,21.0)]
[344|(1.0,22.0)]
[345|(1.0,23.0)]
[346|(1.0,24.0)]
[347|(1.0,24.0)]
[348|(1.0,24.0)]
[349|(1.0,24.0)]
[350|(1.0,24.0)]
[351|(1.0.0)]
[352|(1.-0,01.0)]
[353|(1.-0,02.0)]
[354|(1.-0,03.0)]
[355|(1.-0,04.0)]
[356|(1.-0,05.0)]
[357|(1.-0,05999999.0)]
[358|(1.-0,06999999.0)]
[359|(1.-0,07999999.0)]
[360|(1.-0,08999999.0)]
[361|(1.-0,09999999.0)]
[362|(1.-0,11.0)]
[363|(1.-0,12.0)]
[364|(1.-0,13.0)]
[365|(1.-0,14.0)]
[366|(1.-0,15.0)]
[367|(1.-0,16.0)]
[368|(1.-0,17.0)]
[369|(1.-0,18.0)]
[370|(1.-0,19.0)]
[371|(1.-0,2.0)]
[372|(1.-0,2.0)]
[373|(1.-0,2.0)]
[374|(1.-0,2.0)]
[375|(1.-0,2.0)]
[376|(1.-0,2.0)]
[377|(1.-0,2.0)]
[378|(1.0.0)]
[379|(1.0,01.0)]
[380|(1.0,02.0)]
[381|(1.0,03.0)]
[382|(1.0,04.0)]
[383|(1.0,05.0)]
[384|(1.0,05999999.0)]
[385|(1.0,06999999.0)]
[386|(1.0,07999999.0)]
[387|(1.0,08999999.0)]
[388|(1.0,08999999.0)]
[389|(1.0,08999999.0)]
[390|(1.0,08999999.0)]
[391|(1.0,08999999.0)]
[392|(1.0,08999999.0)]
[393|(1.0,08999999.0)]
[394|(1.0,08999999.0)]
[395|(1.0,08999999.0)]
[396|(1.0,08999999.0)]
[397|(1.0,08999999.0)]
[398|(1.0,08999999.0)]
[399|(1.0,08999999.0)]
[400|(1.0,08999999.0)]
[401|(1.0,08999999.0)]
[402|(1.0.0)]
[403|(1.-0,01.0)]
[404|(1.-0,02.0)]
[405|(1.-0,03.0)]
[406|(1.-0,04.0)]
[407|(1.-0,05.0)]
[408|(1.-0,05.0)]
[409|(1.-0,05.0)]
[410|(1.-0,05.0)]
[411|(1.-0,05.0)]
[412|(1.-0,05.0)]
[413|(1.-0,05.0)]
[414|(1.-0,05.0)]
[415|(1.-0,05.0)]
[416|(1.-0,05.0)]
[417|(1.-0,05.0)]
[418|(1.-0,05.0)]
[419|(1.-0,05.0)]
[420|(1.-0,05.0)]
[421|(1.-0,05.0)]
[422|(1.-0,05.0)]
[423|(1.-0,05.0)]
[424|(1.-0,05.0)]
[425|(1.-0,05.0)]
[426|(1.-0,05.0)]
[427|(1.-0,05.0)]
[428|(1.-0,05.0)]
[429|(1.-0,05.0)]
[430|(1.-0,05.0)]
[431|(1.-0,05.0)]
[432|(1.-0,05.0)]
[433|(1.-0,05.0)]
[434|(1.-0,05.0)]
[435|(1.-0,05.0)]
[436|(1.-0,05.0)]
[437|(1.-0,05.0)]
[438|(1.-0,05.0)]
[439|(1.-0,05.0)]
[440|(1.-0,05.0)]
[441|(1.-0,05.0)]
[442|(1.-0,05.0)]
[443|(1.-0,05.0)]
[444|(1.-0,05.0)]
[445|(1.-0,05.0)]
[446|(1.-0,05.0)]
[447|(1.-0,05.0)]
[448|(1.-0,05.0)]
[449|(1.-0,05.0)]
[450|(1.-0,05.0)]
[451|(1.-0,05.0)]
[452|(1.-0,05.0)]
[453|(1.-0,05.0)]
[454|(1.-0,05.0)]
[455|(1.-0,05.0)]
[456|(1.-0,05.0)]
[457|(1.-0,05.0)]
[458|(1.-0,05.0)]
[459|(1.-0,05.0)]
[460|(1.-0,05.0)]
[461|(1.-0,05.0)]
[462|(1.-0,05.0)]
[463|(1.-0,05.0)]
[464|(1.-0,05.0)]
[465|(1.-0,05.0)]
[466|(1.-0,05.0)]
[467|(1.-0,05.0)]
[468|(1.-0,05.0)]
[469|(1.-0,05.0)]
[470|(1.-0,05.0)]
[471|(1.-0,05.0)]
[472|(1.-0,05.0)]
[473|(1.-0,05.0)]
[474|(1.-0,05.0)]
[475|(1.-0,05.0)]
[476|(1.-0,05.0)]
[477|(1.-0,05.0)]
[478|(1.-0,05.0)]
[479|(1.-0,05.0)]
[480|(1.-0,05.0)]
[481|(1.-0,05.0)]
[482|(1.-0,05.0)]
[483|(1.-0,05.0)]
[484|(1.-0,05.0)]
[485|(1.-0,05.0)]
[486|(1.-0,05.0)]
[487|(1.-0,05.0)]
[488|(1.-0,05.0)]
[489|(1.-0,05.0)]
[490|(1.-0,05.0)]
[491|(1.-0,05.0)]
[492|(1.-0,05.0)]
[493|(1.-0,05.0)]
[494|(1.-0,05.0)]
[495|(1.-0,05.0)]
[496|(1.-0,05.0)]
[497|(1.-0,05.0)]
[498|(1.-0,05.0)]
[499|(1.-0,05.0)]
[500|(1.-0,05.0)]
[501|(1.-0,05.0)]
[502|(1.-0,05.0)]
[503|(1.-0,05.0)]
[504|(1.-0,05.0)]
[505|(1.-0,05.0)]
[506|(1.-0,05.0)]
[507|(1.-0,05.0)]
[508|(1.-0,05.0)]
[509|(1.-0,05.0)]
[510|(1.-0,05.0)]
[511|(1.-0,05.0)]
[512|(1.-0,05.0)]
[513|(1.-0,05.0)]
[514|(1.-0,05.0)]
[515|(1.-0,05.0)]
[516|(1.-0,05.0)]
[517|(1.-0,05.0)]
[518|(1.-0,05.0)]
[519|(1.-0,05.0)]
[520|(1.-0,05.0)]
[521|(1.-0,05.0)]
[522|(1.-0,05.0)]
[523|(1.-0,05.0)]
[524|(1.-0,05999999.0)]
[525|(1.-0,06999999.0)]
[526|(1.-0,07999999.0)]
[527|(1.-0,08999999.0)]
[528|(1.-0,08999999.0)]
[529|(1.-0,08999999.0)]
[530|(1.-0,08999999.0)]
[531|(1.-0,08999999.0)]
[532|(1.-0,08999999.0)]
[533|(1.-0,08999999.0)]
[534|(1.-0,08999999.0)]
[535|(1.-0,08999999.0)]
[536|(1.0.0)]
[537|(1.0,01.0)]
[538|(1.0,02.0)]
[539|(1.0,03.0)]
[540|(1.0,04.0)]
[541|(1.0,05.0)]
[542|(1.0,05.0)]
[543|(1.0,05.0)]
[544|(1.0,05.0)]
[545|(1.0,05.0)]
[546|(1.0,05.0)]
[547|(1.0,05999999.0)]
[548|(1.0,06999999.0)]
[549|(1.0,07999999.0)]
[550|(1.0,07999999.0)]
[551|(1.0,07999999.0)]
[552|(1.0,07999999.0)]
[553|(1.0,07999999.0)]
[554|(1.0,07999999.0)]
[555|(1.0,07999999.0)]
[556|(1.0,07999999.0)]
[557|(1.0,07999999.0)]
[558|(1.0,07999999.0)]
[559|(1.0,07999999.0)]
[560|(1.0,07999999.0)]
[561|(1.0,07999999.0)]
[562|(1.0,07999999.0)]
[563|(1.0,07999999.0)]
[564|(1.0,07999999.0)]
[565|(1.0,07999999.0)]
[566|(1.0,07999999.0)]
[567|(1.0,07999999.0)]
[568|(1.0,07999999.0)]
[569|(1.0,07999999.0)]
[570|(1.0,07999999.0)]
[571|(1.0,07999999.0)]
[572|(1.0,07999999.0)]
[573|(1.0,07999999.0)]
[574|(1.0,07999999.0)]
[575|(1.0,07999999.0)]
[576|(1.0,07999999.0)]
[577|(1.0,07999999.0)]
[578|(1.0,07999999.0)]
[579|(1.0,07999999.0)]
[580|(1.0,07999999.0)]
[581|(1.0,07999999.0)]
[582|(1.0,07999999.0)]
[583|(1.0,07999999.0)]
[584|(1.0,07999999.0)]
[585|(1.0,07999999.0)]
[586|(1.0,07999999.0)]
[587|(1.0,07999999.0)]
[588|(1.0,07999999.0)]
[589|(1.0.0)]
[590|(1.-0,01.0)]
[591|(1.-0,02.0)]
[592|(1.-0,03.0)]
[593|(1.-0,03.0)]
[594|(1.-0,03.0)]
[595|(1.-0,03.0)]
[596|(1.-0,03.0)]
[597|(1.-0,03.0)]
[598|(1.-0,03.0)]
[599|(1.-0,03.0)]
[600|(1.-0,03.0)]
[601|(1.-0,03.0)]
[602|(1.-0,03.0)]
[603|(1.-0,03.0)]
[604|(1.-0,03.0)]
[605|(1.-0,03.0)]
[606|(1.-0,03.0)]
[607|(1.-0,03.0)]
[608|(1.-0,03.0)]
[609|(1.-0,03.0)]
[610|(1.-0,03.0)]
[611|(1.0.0)]
[612|(1.0,01.0)]
[613|(1.0,02.0)]
[614|(1.0,02.0)]
[615|(1.0,02.0)]
[616|(1.0,02.0)]
[617|(1.0,02.0)]
[618|(1.0,02.0)]
[619|(1.0,02.0)]
[620|(1.0,02.0)]
[621|(1.0,02.0)]
[622|(1.0,02.0)]
[623|(1.0,02.0)]
[624|(1.0,02.0)]
[625|(1.0,02.0)]
[626|(1.0,02.0)]
[627|(1.0,02.0)]
[628|(1.0,02.0)]
[629|(1.0,02.0)]
[630|(1.0,02.0)]
[631|(1.0,02.0)]
[632|(1.0,02.0)]
[633|(1.0,02.0)]
[634|(1.0,02.0)]
[635|(1.0,02.0)]
[636|(1.0,02.0)]
[637|(1.0,02.0)]
[638|(1.0,02.0)]
[639|(1.0,02.0)]
[640|(1.0.0)]
[641|(1.-0,01.0)]
[642|(1.-0,02.0)]
[643|(0.0.0)]
[644|(0.0.0)]
[645|(0.0.0)]
[646|(0.0.0)]
[647|(0.0.0)]
[648|(0.0.0)]
[649|(0,01.0.0)]
[650|(0,02.0.0)]
[651|(0,03.0.0)]
[652|(0,04.0.0)]
[653|(0,05.0.0)]
[654|(0,05999999.0.0)]
[655|(0,06999999.0.0)]
[656|(0,07999999.0.0)]
[657|(0,08999999.0.0)]
[658|(0,09999999.0.0)]
[659|(0,11.0.0)]
[660|(0,12.0.0)]
[661|(0,13.0.0)]
[662|(0,14.0.0)]
[663|(0,15.0.0)]
[664|(0,16.0.0)]
[665|(0,17.0.0)]
[666|(0,18.0.0)]
[667|(0,19.0.0)]
[668|(0,2.0.0)]
[669|(0,21.0.0)]
[670|(0,22.0.0)]
[671|(0,23.0.0)]
[672|(0,24.0.0)]
[673|(0,25.0.0)]
[674|(0,26.0.0)]
[675|(0,27.0.0)]
[676|(0,28.0.0)]
[677|(0,29.0.0)]
[678|(0,3.0.0)]
[679|(0,31.0.0)]
[680|(0,32.0.0)]
[681|(0,33.0.0)]
[682|(0,3399999.0.0)]
[683|(0,3499999.0.0)]
[684|(0,3599999.0.0)]
[685|(0,3699999.0.0)]
[686|(0,3799999.0.0)]
[687|(0,3899999.0.0)]
[688|(0,3999999.0.0)]
[689|(0,4099999.0.0)]
[690|(0,4199999.0.0)]
[691|(0,4299999.0.0)]
[692|(0,4399998.0.0)]
[693|(0,4499998.0.0)]
[694|(0,4599998.0.0)]
[695|(0.0.0)]
[696|(0.0.0)]
[697|(0.0.0)]
[698|(0.0.0)]
[699|(0.0.0)]
[700|(0.0.0)]
[701|(0.0.0)]
[702|(0.0.0)]
[703|(0.0.0)]
[704|(0.0.0)]
[705|(0.0.0)]
[706|(0.0.0)]
[707|(0.0.0)]
[708|(0.0.0)]
[709|(0.0.0)]
[710|(0.0.0)]
[711|(0.0.0)]
[712|(0.0.0)]
[713|(0.0.0)]
[714|(0.0.0)]
