1| 0 0 0
2| 0 0 0
3| 0 0 0
4| 0 0 0
5| 0 0 0
6| 0 0 0
7| 0 0 0
8| 0 0 0
9| 0 0 0
10| 0 0 0
11| 0 0 0
12| 0 0 0
13| 0 0 0
14| 0 0 0
15| 0 4 0
16| 0 8 0
17| 0 12 0
18| 0 16 0
19| 0 20 0
20| 0 24 0
21| 0 28 0
22| 0 32 0
23| 0 36 0
24| 0 40 0
25| 0 43,99999 0
26| 0 47,99999 0
27| 0 51,99999 0
28| 0 55,99999 0
29| 0 60 0
30| 0 64 0
31| 0 68 0
32| 0 72 0
33| 0 76,00001 0
34| 0 80,00001 0
35| 0 84,00001 0
36| 0 88,00002 0
37| 0 92,00002 0
38| 0 96,00002 0
39| 0 100 0
40| 0 104 0
41| 0 108 0
42| 0 112 0
43| 0 116 0
44| 0 120 0
45| 0 124 0
46| 0 128 0
47| 0 132 0
48| 0 136 0
49| 0 140 0
50| 0 144 0
51| 0 148 0
52| 0 152 0
53| 0,3 156 0
54| 0,6 160 0
55| 0,9 164 0
56| 1,2 168 0
57| 1,5 171,9999 0
58| 1,8 175,9999 0
59| 2,1 179,9999 0
60| 2,1 183,9999 0
61| 2,1 187,9999 0
62| 2,4 191,9999 0
63| 2,7 195,9999 0
64| 3 199,9999 0
65| 3,299999 203,9999 0
66| 3,599999 207,9999 0
67| 3,899999 211,9999 0
68| 3,899999 215,9999 0
69| 3,899999 219,9999 0
70| 3,899999 223,9999 0
71| 3,899999 227,9999 0
72| 3,899999 231,9999 0
73| 3,899999 235,9999 0
74| 3,899999 239,9999 0
75| 3,899999 243,9999 0
76| 3,899999 247,9999 0
77| 3,899999 251,9999 0
78| 3,899999 255,9999 0
79| 3,899999 259,9999 0
80| 3,899999 263,9999 0
81| 3,899999 267,9999 0
82| 3,899999 271,9998 0
83| 3,899999 275,9998 0
84| 3,899999 279,9998 0
85| 3,899999 283,9998 0
86| 3,899999 287,9998 0
87| 3,899999 291,9998 0
88| 3,899999 295,9998 0
89| 3,899999 299,9998 0
90| 3,899999 303,9998 0
91| 3,899999 307,9998 0
92| 3,899999 311,9998 0
93| 3,899999 315,9998 0
94| 3,899999 319,9998 0
95| 3,899999 323,9998 0
96| 3,899999 327,9998 0
97| 3,899999 331,9998 0
98| 3,899999 335,9998 0
99| 3,899999 339,9998 0
100| 3,899999 343,9998 0
101| 3,899999 347,9998 0
102| 3,899999 351,9998 0
103| 3,899999 355,9998 0
104| 3,899999 359,9998 0
105| 3,899999 363,9998 0
106| 3,899999 367,9998 0
107| 3,899999 371,9998 0
108| 3,899999 375,9998 0
109| 3,899999 379,9998 0
110| 3,899999 383,9998 0
111| 3,899999 387,9998 0
112| 3,899999 391,9998 0
113| 3,899999 395,9998 0
114| 3,899999 399,9997 0
115| 3,899999 403,9998 0
116| 3,899999 400 0
117| 3,899999 400 0
118| 3,899999 400 0
119| 3,899999 400 0
120| 3,899999 400 0
121| 3,899999 400 0
122| 3,899999 400 0
123| 3,899999 400 0
124| 3,899999 400 0
125| 3,899999 400 0
126| 3,899999 400 0
127| 3,899999 400 0
128| 3,899999 400 0
129| 3,899999 400 0
130| 3,899999 400 0
131| 3,899999 400 0
132| 3,899999 400 0
133| 3,899999 400 0
134| 3,899999 400 0
135| 3,899999 400 0
136| 3,899999 400 0
137| 3,899999 400 0
138| 3,899999 400 0
139| 3,899999 400 0
140| 3,899999 400 0
141| 3,899999 400 0
142| 3,899999 400 0
143| 3,899999 400 0
144| 3,899999 400 0
145| 3,899999 400 0
146| 3,899999 400 0
147| 3,899999 400 0
148| 3,899999 400 0
149| 3,899999 400 0
150| 3,899999 400 0
151| 3,899999 400 0
152| 3,899999 400 0
153| 3,899999 400 0
154| 3,899999 400 0
155| 3,899999 400 0
156| 3,899999 400 0
157| 3,899999 400 0
158| 3,899999 400 0
159| 3,899999 400 0
160| 3,899999 400 0
161| 3,899999 400 0
162| 3,899999 400 0
163| 3,899999 400 0
164| 3,899999 400 0
165| 3,899999 400 0
166| 3,899999 400 0
167| 3,899999 400 0
168| 3,899999 400 0
169| 3,899999 400 0
170| 3,899999 400 0
171| 3,899999 400 0
172| 3,899999 400 0
173| 3,899999 400 0
174| 3,899999 400 0
175| 3,899999 400 0
176| 3,899999 400 0
177| 3,899999 400 0
178| 3,899999 400 0
179| 3,899999 400 0
180| 0 400 0
181| -0,3 400 0
182| -0,6 400 0
183| -0,9 400 0
184| -1,2 400 0
185| -1,2 400 0
186| -1,2 400 0
187| -1,2 400 0
188| -1,2 400 0
189| -1,2 400 0
190| -1,2 400 0
191| -1,2 400 0
192| -1,2 400 0
193| -1,2 400 0
194| -1,2 400 0
195| -1,2 400 0
196| -1,2 400 0
197| -1,2 400 0
198| -1,2 400 0
199| -1,2 400 0
200| -1,2 400 0
201| -1,2 400 0
202| -1,2 400 0
203| -1,2 400 0
204| -1,2 400 0
205| 0 400 0
206| 0,3 400 0
207| 0,6 400 0
208| 0,9 400 0
209| 1,2 400 0
210| 1,2 400 0
211| 1,2 400 0
212| 1,2 400 0
213| 1,2 400 0
214| 1,2 400 0
215| 1,2 400 0
216| 1,2 400 0
217| 1,2 400 0
218| 1,2 400 0
219| 1,2 400 0
220| 1,2 400 0
221| 1,2 400 0
222| 1,2 400 0
223| 1,2 400 0
224| 1,2 400 0
225| 1,2 400 0
226| 1,2 400 0
227| 1,2 400 0
228| 1,2 400 0
229| 1,2 400 0
230| 1,2 400 0
231| 1,2 400 0
232| 1,2 400 0
233| 1,2 400 0
234| 1,2 400 0
235| 1,2 400 0
236| 1,2 400 0
237| 1,2 400 0
238| 1,2 400 0
239| 1,2 400 0
240| 1,2 400 0
241| 1,2 400 0
242| 1,2 400 0
243| 1,2 400 0
244| 1,2 400 0
245| 1,2 400 0
246| 1,2 400 0
247| 1,2 400 0
248| 1,2 400 0
249| 1,2 400 0
250| 1,2 400 0
251| 1,2 400 0
252| 1,2 400 0
253| 1,2 400 0
254| 1,2 400 0
255| 1,2 400 0
256| 1,2 400 0
257| 1,2 400 0
258| 1,2 400 0
259| 1,2 400 0
260| 1,2 400 0
261| 1,2 400 0
262| 1,2 400 0
263| 1,2 400 0
264| 1,2 400 0
265| 1,2 400 0
266| 1,2 400 0
267| 1,2 400 0
268| 1,2 400 0
269| 1,2 400 0
270| 1,2 400 0
271| 1,2 400 0
272| 1,2 400 0
273| 1,2 400 0
274| 1,2 400 0
275| 1,2 400 0
276| 1,2 400 0
277| 1,2 400 0
278| 1,2 400 0
279| 1,2 400 0
280| 1,2 400 0
281| 1,2 400 0
282| 1,2 400 0
283| 1,2 400 0
284| 1,2 400 0
285| 1,2 400 0
286| 1,2 400 0
287| 1,2 400 0
288| 1,2 400 0
289| 1,2 400 0
290| 1,2 400 0
291| 1,2 400 0
292| 1,2 400 0
293| 1,2 400 0
294| 1,2 400 0
295| 1,2 400 0
296| 1,2 400 0
297| 0 400 0
298| -0,3 400 0
299| -0,6 400 0
300| -0,9 400 0
301| -1,2 400 0
302| -1,5 400 0
303| -1,8 400 0
304| -2,1 400 0
305| -2,4 400 0
306| -2,7 400 0
307| -3 400 0
308| -3,299999 400 0
309| -3,599999 400 0
310| -3,899999 400 0
311| -4,2 400 0
312| -4,2 400 0
313| -4,2 400 0
314| -4,2 400 0
315| -4,2 400 0
316| -4,2 400 0
317| -4,2 400 0
318| -4,2 400 0
319| -4,2 400 0
320| -4,2 400 0
321| -4,2 400 0
322| 0 400 0
323| 0,3 400 0
324| 0,6 400 0
325| 0,9 400 0
326| 1,2 400 0
327| 1,5 400 0
328| 1,8 400 0
329| 2,1 400 0
330| 2,4 400 0
331| 2,7 400 0
332| 3 400 0
333| 3,299999 400 0
334| 3,599999 400 0
335| 3,899999 400 0
336| 4,2 400 0
337| 4,5 400 0
338| 4,8 400 0
339| 5,1 400 0
340| 5,4 400 0
341| 5,7 400 0
342| 6 400 0
343| 6,300001 400 0
344| 6,600001 400 0
345| 6,900001 400 0
346| 7,200001 400 0
347| 7,200001 400 0
348| 7,200001 400 0
349| 7,200001 400 0
350| 7,200001 400 0
351| 0 400 0
352| -0,3 400 0
353| -0,6 400 0
354| -0,9 400 0
355| -1,2 400 0
356| -1,5 400 0
357| -1,8 400 0
358| -2,1 400 0
359| -2,4 400 0
360| -2,7 400 0
361| -3 400 0
362| -3,299999 400 0
363| -3,599999 400 0
364| -3,899999 400 0
365| -4,2 400 0
366| -4,5 400 0
367| -4,8 400 0
368| -5,1 400 0
369| -5,4 400 0
370| -5,7 400 0
371| -6 400 0
372| -6 400 0
373| -6 400 0
374| -6 400 0
375| -6 400 0
376| -6 400 0
377| -6 400 0
378| 0 400 0
379| 0,3 400 0
380| 0,6 400 0
381| 0,9 400 0
382| 1,2 400 0
383| 1,5 400 0
384| 1,8 400 0
385| 2,1 400 0
386| 2,4 400 0
387| 2,7 400 0
388| 2,7 400 0
389| 2,7 400 0
390| 2,7 400 0
391| 2,7 400 0
392| 2,7 400 0
393| 2,7 400 0
394| 2,7 400 0
395| 2,7 400 0
396| 2,7 400 0
397| 2,7 400 0
398| 2,7 400 0
399| 2,7 400 0
400| 2,7 400 0
401| 2,7 400 0
402| 0 400 0
403| -0,3 400 0
404| -0,6 400 0
405| -0,9 400 0
406| -1,2 400 0
407| -1,5 400 0
408| -1,5 400 0
409| -1,5 400 0
410| -1,5 400 0
411| -1,5 400 0
412| -1,5 400 0
413| -1,5 400 0
414| -1,5 400 0
415| -1,5 400 0
416| -1,5 400 0
417| -1,5 400 0
418| -1,5 400 0
419| -1,5 400 0
420| -1,5 400 0
421| -1,5 400 0
422| -1,5 400 0
423| -1,5 400 0
424| -1,5 400 0
425| -1,5 400 0
426| -1,5 400 0
427| -1,5 400 0
428| -1,5 400 0
429| -1,5 400 0
430| -1,5 400 0
431| -1,5 400 0
432| -1,5 400 0
433| -1,5 400 0
434| -1,5 400 0
435| -1,5 400 0
436| -1,5 400 0
437| -1,5 400 0
438| -1,5 400 0
439| -1,5 400 0
440| -1,5 400 0
441| -1,5 400 0
442| -1,5 400 0
443| -1,5 400 0
444| -1,5 400 0
445| -1,5 400 0
446| -1,5 400 0
447| -1,5 400 0
448| -1,5 400 0
449| -1,5 400 0
450| -1,5 400 0
451| -1,5 400 0
452| -1,5 400 0
453| -1,5 400 0
454| -1,5 400 0
455| -1,5 400 0
456| -1,5 400 0
457| -1,5 400 0
458| -1,5 400 0
459| -1,5 400 0
460| -1,5 400 0
461| -1,5 400 0
462| -1,5 400 0
463| -1,5 400 0
464| -1,5 400 0
465| -1,5 400 0
466| -1,5 400 0
467| -1,5 400 0
468| -1,5 400 0
469| -1,5 400 0
470| -1,5 400 0
471| -1,5 400 0
472| -1,5 400 0
473| -1,5 400 0
474| -1,5 400 0
475| -1,5 400 0
476| -1,5 400 0
477| -1,5 400 0
478| -1,5 400 0
479| -1,5 400 0
480| -1,5 400 0
481| -1,5 400 0
482| -1,5 400 0
483| -1,5 400 0
484| -1,5 400 0
485| -1,5 400 0
486| -1,5 400 0
487| -1,5 400 0
488| -1,5 400 0
489| -1,5 400 0
490| -1,5 400 0
491| -1,5 400 0
492| -1,5 400 0
493| -1,5 400 0
494| -1,5 400 0
495| -1,5 400 0
496| -1,5 400 0
497| -1,5 400 0
498| -1,5 400 0
499| -1,5 400 0
500| -1,5 400 0
501| -1,5 400 0
502| -1,5 400 0
503| -1,5 400 0
504| -1,5 400 0
505| -1,5 400 0
506| -1,5 400 0
507| -1,5 400 0
508| -1,5 400 0
509| -1,5 400 0
510| -1,5 400 0
511| -1,5 400 0
512| -1,5 400 0
513| -1,5 400 0
514| -1,5 400 0
515| -1,5 400 0
516| -1,5 400 0
517| -1,5 400 0
518| -1,5 400 0
519| -1,5 400 0
520| -1,5 400 0
521| -1,5 400 0
522| -1,5 400 0
523| -1,5 400 0
524| -1,8 400 0
525| -2,1 400 0
526| -2,4 400 0
527| -2,7 400 0
528| -2,7 400 0
529| -2,7 400 0
530| -2,7 400 0
531| -2,7 400 0
532| -2,7 400 0
533| -2,7 400 0
534| -2,7 400 0
535| -2,7 400 0
536| 0 400 0
537| 0,3 400 0
538| 0,6 400 0
539| 0,9 400 0
540| 1,2 400 0
541| 1,5 400 0
542| 1,5 400 0
543| 1,5 400 0
544| 1,5 400 0
545| 1,5 400 0
546| 1,5 400 0
547| 1,8 400 0
548| 2,1 400 0
549| 2,4 400 0
550| 2,4 400 0
551| 2,4 400 0
552| 2,4 400 0
553| 2,4 400 0
554| 2,4 400 0
555| 2,4 400 0
556| 2,4 400 0
557| 2,4 400 0
558| 2,4 400 0
559| 2,4 400 0
560| 2,4 400 0
561| 2,4 400 0
562| 2,4 400 0
563| 2,4 400 0
564| 2,4 400 0
565| 2,4 400 0
566| 2,4 400 0
567| 2,4 400 0
568| 2,4 400 0
569| 2,4 400 0
570| 2,4 400 0
571| 2,4 400 0
572| 2,4 400 0
573| 2,4 400 0
574| 2,4 400 0
575| 2,4 400 0
576| 2,4 400 0
577| 2,4 400 0
578| 2,4 400 0
579| 2,4 400 0
580| 2,4 400 0
581| 2,4 400 0
582| 2,4 400 0
583| 2,4 400 0
584| 2,4 400 0
585| 2,4 400 0
586| 2,4 400 0
587| 2,4 400 0
588| 2,4 400 0
589| 0 400 0
590| -0,3 400 0
591| -0,6 400 0
592| -0,9 400 0
593| -0,9 400 0
594| -0,9 400 0
595| -0,9 400 0
596| -0,9 400 0
597| -0,9 400 0
598| -0,9 400 0
599| -0,9 400 0
600| -0,9 400 0
601| -0,9 400 0
602| -0,9 400 0
603| -0,9 400 0
604| -0,9 400 0
605| -0,9 400 0
606| -0,9 400 0
607| -0,9 400 0
608| -0,9 400 0
609| -0,9 400 0
610| -0,9 400 0
611| 0 400 0
612| 0,3 400 0
613| 0,6 400 0
614| 0,6 400 0
615| 0,6 400 0
616| 0,6 400 0
617| 0,6 400 0
618| 0,6 400 0
619| 0,6 400 0
620| 0,6 400 0
621| 0,6 400 0
622| 0,6 400 0
623| 0,6 400 0
624| 0,6 400 0
625| 0,6 400 0
626| 0,6 400 0
627| 0,6 400 0
628| 0,6 400 0
629| 0,6 400 0
630| 0,6 400 0
631| 0,6 400 0
632| 0,6 400 0
633| 0,6 400 0
634| 0,6 400 0
635| 0,6 400 0
636| 0,6 400 0
637| 0,6 400 0
638| 0,6 400 0
639| 0,6 400 0
640| 0 400 0
641| -0,3 400 0
642| -0,6 400 0
643| 0 0 0
644| 0 0 0
645| 0 0 0
646| 0 0 0
647| 0 0 0
648| 0 0 0
649| 0 4 0
650| 0 8 0
651| 0 12 0
652| 0 16 0
653| 0 20 0
654| 0 24 0
655| 0 28 0
656| 0 32 0
657| 0 36 0
658| 0 40 0
659| 0 43,99999 0
660| 0 47,99999 0
661| 0 51,99999 0
662| 0 55,99999 0
663| 0 60 0
664| 0 64 0
665| 0 68 0
666| 0 72 0
667| 0 76,00001 0
668| 0 80,00001 0
669| 0 84,00001 0
670| 0 88,00002 0
671| 0 92,00002 0
672| 0 96,00002 0
673| 0 100 0
674| 0 104 0
675| 0 108 0
676| 0 112 0
677| 0 116 0
678| 0 120 0
679| 0 124 0
680| 0 128 0
681| 0 132 0
682| 0 136 0
683| 0 140 0
684| 0 144 0
685| 0 148 0
686| 0 152 0
687| 0 156 0
688| 0 160 0
689| 0 164 0
690| 0 168 0
691| 0 171,9999 0
692| 0 175,9999 0
693| 0 179,9999 0
694| 0 183,9999 0
695| 0 0 0
696| 0 0 0
697| 0 0 0
698| 0 0 0
699| 0 0 0
700| 0 0 0
701| 0 0 0
702| 0 0 0
703| 0 0 0
704| 0 0 0
705| 0 0 0
706| 0 0 0
707| 0 0 0
708| 0 0 0
709| 0 0 0
710| 0 0 0
711| 0 0 0
712| 0 0 0
713| 0 0 0
714| 0 0 0

