1| 95,39 0,2492657 30,42748, angle: 0, torque: 0 
2| 95,39027 0,2506981 30,42779, angle: 0, torque: 0 
3| 95,39056 0,2532083 30,42802, angle: 0, torque: 0 
4| 95,39083 0,256507 30,4284, angle: 0, torque: 0 
5| 95,39104 0,260283 30,4289, angle: 0, torque: 0 
6| 95,39119 0,2642934 30,42949, angle: 0, torque: 0 
7| 95,39127 0,2683516 30,43013, angle: 0, torque: 0 
8| 95,39127 0,2723182 30,43082, angle: 0, torque: 0 
9| 95,39119 0,2760938 30,43152, angle: 0, torque: 0 
10| 95,39105 0,2796102 30,43223, angle: 0, torque: 0 
11| 95,39088 0,2828257 30,43293, angle: 0, torque: 0 
12| 95,39066 0,2857187 30,43361, angle: 0, torque: 0 
13| 95,39041 0,2882831 30,43427, angle: 0, torque: 0 
14| 95,39015 0,2905251 30,4349, angle: 0, torque: 0 
15| 95,38988 0,2924587 30,43549, angle: 0, torque: 0 
16| 95,38961 0,2941045 30,43606, angle: 0, torque: 0 
17| 95,38935 0,2954333 30,43659, angle: 0, torque: 0 
18| 95,3891 0,2965438 30,43709, angle: 0, torque: 0 
19| 95,38885 0,2974509 30,43756, angle: 0, torque: 0 
20| 95,38862 0,2981789 30,43799, angle: 0, torque: 0 
21| 95,3884 0,2987524 30,43839, angle: 0, torque: 0 
22| 95,3882 0,2991932 30,43877, angle: 0, torque: 0 
23| 95,388 0,2995226 30,43913, angle: 0, torque: 0 
24| 95,38782 0,2997583 30,43946, angle: 0, torque: 0 
25| 95,38766 0,2999181 30,43978, angle: 0, torque: 0 
26| 95,3875 0,3000163 30,44007, angle: 0, torque: 0 
27| 95,38735 0,3000661 30,44035, angle: 0, torque: 0 
28| 95,38721 0,3000774 30,44062, angle: 0, torque: 0 
29| 95,38708 0,3000608 30,44088, angle: 0, torque: 0 
30| 95,38696 0,3000233 30,44112, angle: 0, torque: 0 
31| 95,38683 0,2999713 30,44135, angle: 0,3, torque: 0 
32| 95,38672 0,29991 30,44158, angle: 0,6, torque: 0 
33| 95,3866 0,2998434 30,4418, angle: 0,9, torque: 4 
34| 95,387 0,2997848 30,44233, angle: 1,2, torque: 8 
35| 95,38654 0,2997039 30,44231, angle: 1,5, torque: 12 
36| 95,38635 0,2996326 30,44246, angle: 1,8, torque: 16 
37| 95,38601 0,2995622 30,4425, angle: 2,1, torque: 20 
38| 95,38622 0,299521 30,44287, angle: 2,4, torque: 24 
39| 95,38631 0,2994725 30,4432, angle: 2,7, torque: 28 
40| 95,38647 0,2994264 30,44356, angle: 3, torque: 32 
41| 95,38696 0,2993903 30,44414, angle: 3,299999, torque: 36 
42| 95,38735 0,2993506 30,4446, angle: 3,599999, torque: 40 
43| 95,38787 0,2993214 30,44517, angle: 3,899999, torque: 43,99999 
44| 95,38885 0,2993039 30,446, angle: 4,2, torque: 47,99999 
45| 95,38998 0,2992822 30,44692, angle: 4,5, torque: 51,99999 
46| 95,39124 0,2992657 30,44785, angle: 4,8, torque: 55,99999 
47| 95,39279 0,2992521 30,449, angle: 5,1, torque: 60 
48| 95,3942 0,2992366 30,45008, angle: 5,4, torque: 64 
49| 95,3966 0,2992511 30,45168, angle: 5,7, torque: 68 
50| 95,39918 0,2992579 30,45337, angle: 6, torque: 72 
51| 95,40206 0,2992723 30,45526, angle: 6, torque: 76,00001 
52| 95,40538 0,2992901 30,45736, angle: 6, torque: 80,00001 
53| 95,40926 0,2993199 30,45977, angle: 6, torque: 84,00001 
54| 95,41362 0,2993655 30,46249, angle: 6, torque: 88,00002 
55| 95,41816 0,2993997 30,46525, angle: 6, torque: 92,00002 
56| 95,42314 0,299443 30,46829, angle: 6, torque: 96,00002 
57| 95,4285 0,2994905 30,47157, angle: 6, torque: 100 
58| 95,43446 0,2995461 30,47514, angle: 6, torque: 104 
59| 95,44054 0,2996129 30,47878, angle: 6, torque: 108 
60| 95,4474 0,29969 30,48286, angle: 6,300001, torque: 112 
61| 95,45476 0,2997763 30,48722, angle: 6,600001, torque: 116 
62| 95,46265 0,2998769 30,49188, angle: 6,600001, torque: 120 
63| 95,47169 0,2999993 30,49708, angle: 6,600001, torque: 124 
64| 95,48084 0,3001127 30,5023, angle: 6,600001, torque: 128 
65| 95,49051 0,300235 30,50782, angle: 6,600001, torque: 132 
66| 95,50085 0,3003725 30,51373, angle: 6,900001, torque: 136 
67| 95,51249 0,30054 30,52032, angle: 6,900001, torque: 140 
68| 95,52415 0,3006996 30,52691, angle: 6,900001, torque: 144 
69| 95,53706 0,3008813 30,53412, angle: 6,900001, torque: 148 
70| 95,55045 0,301069 30,54157, angle: 6,900001, torque: 152 
71| 95,56485 0,3012779 30,54955, angle: 6,900001, torque: 156 
72| 95,57971 0,3014881 30,55774, angle: 6,900001, torque: 160 
73| 95,59538 0,3017129 30,56633, angle: 6,900001, torque: 164 
74| 95,61225 0,3019678 30,57556, angle: 6,900001, torque: 168 
75| 95,62997 0,3022363 30,58519, angle: 7,200001, torque: 171,9999 
76| 95,64866 0,3025205 30,5953, angle: 7,500001, torque: 175,9999 
77| 95,66801 0,3028108 30,60561, angle: 7,800001, torque: 179,9999 
78| 95,68852 0,3031251 30,61647, angle: 7,800001, torque: 183,9999 
79| 95,70994 0,3034547 30,62772, angle: 7,800001, torque: 187,9999 
80| 95,73238 0,3038054 30,63941, angle: 7,800001, torque: 191,9999 
81| 95,75565 0,3041691 30,65145, angle: 7,800001, torque: 195,9999 
82| 95,78006 0,3045599 30,66399, angle: 7,800001, torque: 199,9999 
83| 95,80573 0,3049794 30,6771, angle: 7,800001, torque: 203,9999 
84| 95,83228 0,3053699 30,69061, angle: 7,800001, torque: 207,9999 
85| 95,85999 0,3057702 30,70465, angle: 7,800001, torque: 211,9999 
86| 95,88879 0,3061686 30,71914, angle: 7,800001, torque: 215,9999 
87| 95,91876 0,3065671 30,73406, angle: 7,800001, torque: 219,9999 
88| 95,95003 0,3069751 30,74947, angle: 7,800001, torque: 223,9999 
89| 95,98244 0,3073865 30,7653, angle: 7,800001, torque: 227,9999 
90| 96,01618 0,3078113 30,78163, angle: 7,800001, torque: 231,9999 
91| 96,05113 0,3082539 30,79839, angle: 7,800001, torque: 235,9999 
92| 96,08743 0,3087225 30,81564, angle: 7,800001, torque: 239,9999 
93| 96,12504 0,3092107 30,83334, angle: 7,800001, torque: 243,9999 
94| 96,164 0,3097194 30,85147, angle: 7,800001, torque: 247,9999 
95| 96,20444 0,3101987 30,87002, angle: 7,800001, torque: 251,9999 
96| 96,24632 0,3106716 30,889, angle: 7,800001, torque: 255,9999 
97| 96,2897 0,3111486 30,90845, angle: 7,800001, torque: 259,9999 
98| 96,33456 0,3116331 30,92837, angle: 7,800001, torque: 263,9999 
99| 96,38095 0,3121172 30,94874, angle: 7,800001, torque: 267,9999 
100| 96,42888 0,312546 30,96947, angle: 7,800001, torque: 271,9998 
101| 96,47836 0,312948 30,99062, angle: 7,800001, torque: 275,9998 
102| 96,52942 0,3133622 31,01216, angle: 7,800001, torque: 279,9998 
103| 96,5821 0,3137737 31,03409, angle: 7,800001, torque: 283,9998 
104| 96,63643 0,3141907 31,05639, angle: 7,800001, torque: 287,9998 
105| 96,69243 0,3146213 31,07909, angle: 7,800001, torque: 291,9998 
106| 96,75013 0,3150609 31,10205, angle: 7,800001, torque: 295,9998 
107| 96,80957 0,3155368 31,1254, angle: 7,800001, torque: 299,9998 
108| 96,87077 0,3160248 31,149, angle: 7,800001, torque: 303,9998 
109| 96,93378 0,3165447 31,17288, angle: 7,800001, torque: 307,9998 
110| 96,9986 0,3170971 31,19703, angle: 7,800001, torque: 311,9998 
111| 97,06535 0,3177279 31,22141, angle: 7,800001, torque: 315,9998 
112| 97,134 0,3184179 31,246, angle: 7,800001, torque: 319,9998 
113| 97,20459 0,3191641 31,27081, angle: 7,800001, torque: 323,9998 
114| 97,27711 0,3199636 31,2958, angle: 7,800001, torque: 327,9998 
115| 97,35172 0,3206974 31,32123, angle: 7,800001, torque: 331,9998 
116| 97,42839 0,3213977 31,34684, angle: 7,800001, torque: 335,9998 
117| 97,50729 0,322141 31,3725, angle: 7,800001, torque: 339,9998 
118| 97,58836 0,3229051 31,3982, angle: 7,800001, torque: 343,9998 
119| 97,6716 0,3236901 31,42395, angle: 7,800001, torque: 347,9998 
120| 97,75703 0,3245209 31,44971, angle: 7,800001, torque: 351,9998 
121| 97,84483 0,3252243 31,47533, angle: 7,800001, torque: 355,9998 
122| 97,93501 0,326005 31,50105, angle: 7,800001, torque: 359,9998 
123| 98,02744 0,3268782 31,52664, angle: 7,800001, torque: 363,9998 
124| 98,12221 0,3278112 31,55209, angle: 7,800001, torque: 367,9998 
125| 98,21931 0,328805 31,57734, angle: 7,800001, torque: 371,9998 
126| 98,31876 0,3298322 31,60235, angle: 7,800001, torque: 375,9998 
127| 98,42181 0,3315703 31,6269, angle: 0, torque: 0 
128| 98,52367 0,33322 31,65273, angle: 0, torque: 0 
129| 98,62331 0,334766 31,67838, angle: 0, torque: 0 
130| 98,72488 0,3363434 31,70451, angle: 0, torque: 0 
131| 98,82143 0,3377854 31,72927, angle: 0, torque: 0 
132| 98,92352 0,3393986 31,75529, angle: 0, torque: 0 
133| 99,02092 0,3408101 31,77995, angle: 0, torque: 0 
134| 99,12356 0,3426018 31,80577, angle: 0, torque: 0 
135| 99,22125 0,3443749 31,83047, angle: 0, torque: 0 
136| 99,32188 0,3463099 31,85593, angle: 0, torque: 0 
137| 99,41884 0,3482876 31,88055, angle: 0, torque: 0 
138| 99,51821 0,3503143 31,90542, angle: 0, torque: 0 
139| 99,61589 0,3522795 31,92985, angle: 0, torque: 0 
140| 99,71384 0,3542548 31,95422, angle: 0, torque: 0 
141| 99,81135 0,3561983 31,97851, angle: 0, torque: 0 
142| 99,90915 0,3581407 32,00275, angle: 0, torque: 0 
143| 100,0076 0,3600624 32,02725, angle: 0, torque: 0 
144| 100,1057 0,361959 32,05146, angle: 0, torque: 0 
145| 100,2036 0,3638246 32,07576, angle: 0, torque: 0 
146| 100,3004 0,365666 32,09966, angle: 0, torque: 0 
147| 100,3988 0,3675089 32,1241, angle: 0, torque: 4 
148| 100,4953 0,3693123 32,14795, angle: 0, torque: 8 
149| 100,593 0,3712234 32,17241, angle: 0, torque: 12 
150| 100,6892 0,3730886 32,19646, angle: 0, torque: 16 
151| 100,787 0,3749757 32,22111, angle: 0, torque: 20 
152| 100,884 0,3768142 32,2453, angle: 0, torque: 24 
153| 100,9822 0,3785284 32,26982, angle: 0, torque: 28 
154| 101,0794 0,3801225 32,29383, angle: 0,3, torque: 32 
155| 101,1779 0,3816714 32,31831, angle: 0,3, torque: 36 
156| 101,2757 0,3831416 32,34236, angle: 0,3, torque: 40 
157| 101,3749 0,3845704 32,36691, angle: 0,3, torque: 43,99999 
158| 101,473 0,3859549 32,39091, angle: 0,3, torque: 47,99999 
159| 101,5725 0,3873482 32,4155, angle: 0,3, torque: 51,99999 
160| 101,6714 0,3887196 32,43968, angle: 0,3, torque: 55,99999 
161| 101,7719 0,3901262 32,46455, angle: 0,3, torque: 60 
162| 101,8707 0,3914863 32,48868, angle: 0,3, torque: 64 
163| 101,9708 0,3928878 32,51341, angle: 0,3, torque: 68 
164| 102,0705 0,3942906 32,53773, angle: 0,3, torque: 72 
165| 102,1714 0,3957173 32,56255, angle: 0,6, torque: 76,00001 
166| 102,2716 0,3970955 32,58671, angle: 0,9, torque: 80,00001 
167| 102,3741 0,3984658 32,61167, angle: 0,9, torque: 84,00001 
168| 102,4749 0,3997247 32,63589, angle: 0,9, torque: 88,00002 
169| 102,5772 0,4010098 32,66066, angle: 0,9, torque: 92,00002 
170| 102,6809 0,4022817 32,68554, angle: 1,2, torque: 96,00002 
171| 102,7847 0,4035349 32,71038, angle: 1,5, torque: 100 
172| 102,8881 0,4047652 32,73467, angle: 1,5, torque: 104 
173| 102,993 0,4060414 32,75928, angle: 1,5, torque: 108 
174| 103,0977 0,4073104 32,78344, angle: 1,5, torque: 112 
175| 103,2043 0,4085929 32,80793, angle: 1,5, torque: 116 
176| 103,3097 0,4097739 32,83164, angle: 1,5, torque: 120 
177| 103,4165 0,4110022 32,85554, angle: 1,8, torque: 124 
178| 103,5243 0,412265 32,8792, angle: 2,1, torque: 128 
179| 103,6336 0,4135581 32,90298, angle: 2,4, torque: 132 
180| 103,7415 0,414831 32,92593, angle: 2,7, torque: 136 
181| 103,8521 0,4160854 32,94937, angle: 3, torque: 140 
182| 103,9631 0,4172734 32,97242, angle: 3,299999, torque: 144 
183| 104,0759 0,4184498 32,99545, angle: 3,599999, torque: 148 
184| 104,1873 0,4195654 33,01755, angle: 3,899999, torque: 152 
185| 104,3018 0,4207007 33,03981, angle: 4,2, torque: 156 
186| 104,4175 0,4218372 33,06161, angle: 4,5, torque: 160 
187| 104,5339 0,4229782 33,08294, angle: 4,8, torque: 164 
188| 104,6519 0,4241267 33,10373, angle: 5,1, torque: 168 
189| 104,7693 0,4251647 33,12353, angle: 5,4, torque: 171,9999 
190| 104,89 0,4262896 33,14282, angle: 5,7, torque: 175,9999 
191| 105,0085 0,4273912 33,1609, angle: 6, torque: 179,9999 
192| 105,1312 0,4287292 33,17882, angle: 6,300001, torque: 183,9999 
193| 105,2537 0,4302033 33,1959, angle: 6,600001, torque: 187,9999 
194| 105,3773 0,4317871 33,21191, angle: 6,900001, torque: 191,9999 
195| 105,5046 0,433507 33,22736, angle: 7,200001, torque: 195,9999 
196| 105,6282 0,4351294 33,24149, angle: 7,200001, torque: 199,9999 
197| 105,7569 0,4367163 33,25486, angle: 7,200001, torque: 203,9999 
198| 105,8848 0,4381377 33,26707, angle: 7,200001, torque: 207,9999 
199| 106,0141 0,4395308 33,27792, angle: 7,200001, torque: 211,9999 
200| 106,1456 0,4409484 33,28798, angle: 7,200001, torque: 215,9999 
201| 106,2769 0,4423606 33,29666, angle: 7,200001, torque: 219,9999 
202| 106,4107 0,4438383 33,3044, angle: 7,200001, torque: 223,9999 
203| 106,5449 0,4454302 33,31086, angle: 7,200001, torque: 227,9999 
204| 106,6815 0,4472702 33,31636, angle: 7,200001, torque: 231,9999 
205| 106,8168 0,449209 33,32029, angle: 7,200001, torque: 235,9999 
206| 106,9545 0,4513474 33,32304, angle: 7,200001, torque: 239,9999 
207| 107,0952 0,4535872 33,32438, angle: 7,200001, torque: 243,9999 
208| 107,2351 0,456056 33,32414, angle: 7,200001, torque: 247,9999 
209| 107,3803 0,4589974 33,32217, angle: 7,200001, torque: 251,9999 
210| 107,5224 0,4621134 33,31893, angle: 7,200001, torque: 255,9999 
211| 107,6705 0,4655833 33,31366, angle: 7,200001, torque: 259,9999 
212| 107,8173 0,4691345 33,30711, angle: 0, torque: 263,9999 
213| 107,968 0,4729691 33,30117, angle: -0,3, torque: 267,9999 
214| 108,1175 0,4768164 33,29487, angle: -0,3, torque: 271,9998 
215| 108,271 0,4808267 33,28775, angle: -0,3, torque: 275,9998 
216| 108,4226 0,4847785 33,28011, angle: -0,3, torque: 279,9998 
217| 108,579 0,4888994 33,27157, angle: -0,3, torque: 283,9998 
218| 108,7324 0,4931772 33,26291, angle: -0,3, torque: 287,9998 
219| 108,8904 0,4979612 33,25329, angle: -0,3, torque: 291,9998 
220| 109,0451 0,5027719 33,24362, angle: -0,3, torque: 295,9998 
221| 109,2048 0,507999 33,23321, angle: -0,3, torque: 299,9998 
222| 109,363 0,513266 33,22271, angle: -0,3, torque: 303,9998 
223| 109,5247 0,5187942 33,21183, angle: -0,3, torque: 307,9998 
224| 109,6872 0,5244038 33,20075, angle: -0,3, torque: 311,9998 
225| 109,8519 0,5301361 33,18943, angle: -0,3, torque: 315,9998 
226| 110,0174 0,5359097 33,17794, angle: -0,3, torque: 319,9998 
227| 110,1854 0,5417536 33,16622, angle: -0,3, torque: 323,9998 
228| 110,3545 0,5472064 33,15406, angle: -0,3, torque: 327,9998 
229| 110,5262 0,552254 33,14164, angle: -0,3, torque: 331,9998 
230| 110,6995 0,5569729 33,12909, angle: -0,3, torque: 335,9998 
231| 110,8752 0,5614724 33,11642, angle: -0,3, torque: 339,9998 
232| 111,0525 0,5658746 33,10381, angle: -0,3, torque: 343,9998 
233| 111,2326 0,5704193 33,09137, angle: -0,3, torque: 347,9998 
234| 111,4142 0,575029 33,07901, angle: -0,3, torque: 351,9998 
235| 111,5985 0,5797361 33,0666, angle: -0,3, torque: 355,9998 
236| 111,7843 0,584461 33,05413, angle: -0,3, torque: 359,9998 
237| 111,9725 0,5889788 33,04139, angle: -0,3, torque: 363,9998 
238| 112,1627 0,5932292 33,02876, angle: -0,3, torque: 367,9998 
239| 112,3549 0,5972857 33,01616, angle: -0,3, torque: 371,9998 
240| 112,5493 0,6011808 33,0035, angle: -0,3, torque: 375,9998 
241| 112,7451 0,6049978 32,99091, angle: -0,3, torque: 379,9998 
242| 112,9429 0,6088126 32,97831, angle: -0,3, torque: 383,9998 
243| 113,1427 0,6126532 32,96573, angle: -0,3, torque: 387,9998 
244| 113,3447 0,6165518 32,95312, angle: -0,3, torque: 391,9998 
245| 113,5492 0,6206552 32,94084, angle: -0,3, torque: 395,9998 
246| 113,7566 0,6250638 32,92864, angle: -0,3, torque: 399,9997 
247| 113,9665 0,6296934 32,91646, angle: -0,3, torque: 403,9998 
248| 114,1789 0,6342416 32,90391, angle: -0,3, torque: 400 
249| 114,3941 0,6386899 32,89109, angle: -0,3, torque: 400 
250| 114,6116 0,6430595 32,87818, angle: -0,3, torque: 400 
251| 114,8317 0,6473793 32,86523, angle: -0,3, torque: 400 
252| 115,054 0,6519652 32,85251, angle: -0,3, torque: 400 
253| 115,279 0,6574232 32,83973, angle: -0,3, torque: 400 
254| 115,5061 0,6635426 32,82692, angle: -0,3, torque: 400 
255| 115,7354 0,6701759 32,81413, angle: -0,3, torque: 400 
256| 115,9666 0,6770865 32,80157, angle: -0,3, torque: 400 
257| 116,1998 0,6840882 32,78936, angle: -0,3, torque: 400 
258| 116,435 0,691157 32,7773, angle: -0,3, torque: 400 
259| 116,6719 0,6984374 32,76526, angle: -0,3, torque: 400 
260| 116,9102 0,7058886 32,75294, angle: -0,3, torque: 400 
261| 117,1503 0,7135344 32,74052, angle: -0,3, torque: 400 
262| 117,3923 0,7213305 32,72812, angle: -0,3, torque: 400 
263| 117,6367 0,7290854 32,71612, angle: -0,3, torque: 400 
264| 117,8833 0,7367991 32,70433, angle: -0,3, torque: 400 
265| 118,1323 0,7444071 32,69255, angle: -0,3, torque: 400 
266| 118,3846 0,7521648 32,68052, angle: -0,3, torque: 400 
267| 118,6397 0,7601026 32,66831, angle: -0,3, torque: 400 
268| 118,8974 0,7681242 32,65611, angle: -0,3, torque: 400 
269| 119,157 0,7759919 32,64437, angle: -0,3, torque: 400 
270| 119,419 0,7837466 32,63287, angle: -0,3, torque: 400 
271| 119,6831 0,7914546 32,62154, angle: -0,3, torque: 400 
272| 119,9495 0,7997755 32,61007, angle: -0,3, torque: 400 
273| 120,2178 0,8086916 32,59836, angle: -0,3, torque: 400 
274| 120,4884 0,8179996 32,58679, angle: -0,3, torque: 400 
275| 120,7612 0,8274813 32,57559, angle: -0,3, torque: 400 
276| 121,0363 0,8370872 32,5646, angle: -0,3, torque: 400 
277| 121,3071 0,8465158 32,55395, angle: -0,3, torque: 400 
278| 121,5737 0,8557984 32,54343, angle: -0,3, torque: 400 
279| 121,8342 0,8646322 32,53292, angle: -0,3, torque: 400 
280| 122,0972 0,8736893 32,52198, angle: -0,3, torque: 400 
281| 122,3642 0,8829398 32,51081, angle: -0,3, torque: 400 
282| 122,6341 0,8922602 32,49965, angle: -0,3, torque: 400 
283| 122,9068 0,9016699 32,48885, angle: -0,3, torque: 400 
284| 123,1829 0,9111462 32,47883, angle: -0,3, torque: 400 
285| 123,4616 0,9203049 32,46881, angle: -0,3, torque: 400 
286| 123,7423 0,9291868 32,45892, angle: -0,3, torque: 400 
287| 124,0251 0,9378798 32,44917, angle: -0,3, torque: 400 
288| 124,31 0,946457 32,43957, angle: -0,3, torque: 400 
289| 124,5977 0,955857 32,43062, angle: -0,3, torque: 400 
290| 124,8882 0,9662508 32,42148, angle: -0,3, torque: 400 
291| 125,1813 0,9771739 32,41287, angle: 0, torque: 400 
292| 125,4769 0,988445 32,40443, angle: 0,3, torque: 400 
293| 125,7748 0,9999475 32,39595, angle: 0,3, torque: 400 
294| 126,0748 1,011998 32,38751, angle: 0,3, torque: 400 
295| 126,3762 1,024928 32,3786, angle: 0,3, torque: 400 
296| 126,679 1,038539 32,3695, angle: 0,3, torque: 400 
297| 126,9817 1,052631 32,36036, angle: 0,3, torque: 400 
298| 127,2841 1,067046 32,35125, angle: 0,3, torque: 400 
299| 127,5862 1,081758 32,34223, angle: 0,3, torque: 400 
300| 127,8903 1,097966 32,33324, angle: 0,3, torque: 400 
301| 128,1939 1,114957 32,32464, angle: 0,3, torque: 400 
302| 128,4978 1,132441 32,31628, angle: 0,3, torque: 400 
303| 128,802 1,150214 32,30799, angle: 0,3, torque: 400 
304| 129,1062 1,168193 32,29977, angle: 0,3, torque: 400 
305| 129,409 1,186979 32,291, angle: 0,3, torque: 400 
306| 129,7102 1,206134 32,28235, angle: 0,3, torque: 400 
307| 130,0115 1,225644 32,27375, angle: 0,3, torque: 400 
308| 130,3122 1,245319 32,26513, angle: 0,3, torque: 400 
309| 130,6128 1,265118 32,25642, angle: 0,6, torque: 400 
310| 130,914 1,285023 32,24695, angle: 0,9, torque: 400 
311| 131,2161 1,305204 32,23683, angle: 0,9, torque: 400 
312| 131,5184 1,325506 32,22631, angle: 0,9, torque: 400 
313| 131,8211 1,345857 32,21547, angle: 0,9, torque: 400 
314| 132,1239 1,366197 32,20433, angle: 0,9, torque: 400 
315| 132,4262 1,386573 32,19292, angle: 0,9, torque: 400 
316| 132,727 1,40674 32,18129, angle: 0,9, torque: 400 
317| 133,0275 1,42683 32,16935, angle: 0,9, torque: 400 
318| 133,3276 1,446876 32,15705, angle: 0,9, torque: 400 
319| 133,6275 1,466896 32,14438, angle: 0,9, torque: 400 
320| 133,9272 1,486389 32,13115, angle: 0,9, torque: 400 
321| 134,2263 1,504687 32,11776, angle: 0,9, torque: 400 
322| 134,5258 1,522117 32,104, angle: 0,9, torque: 400 
323| 134,8256 1,538943 32,08979, angle: 0,9, torque: 400 
324| 135,1254 1,555329 32,0751, angle: 0,9, torque: 400 
325| 135,4256 1,571368 32,05991, angle: 0,9, torque: 400 
326| 135,728 1,587751 32,04445, angle: 0,9, torque: 400 
327| 136,0309 1,604238 32,02855, angle: 0,9, torque: 400 
328| 136,3344 1,620782 32,01204, angle: 0,9, torque: 400 
329| 136,6382 1,637253 31,99474, angle: 0,9, torque: 400 
330| 136,9415 1,653478 31,97655, angle: 0,9, torque: 400 
331| 137,2448 1,670643 31,95702, angle: 0,9, torque: 400 
332| 137,5467 1,688495 31,93664, angle: 0,9, torque: 400 
333| 137,8485 1,706969 31,91555, angle: 0,9, torque: 400 
334| 138,1501 1,725936 31,8938, angle: 0,9, torque: 400 
335| 138,4523 1,745252 31,8713, angle: 0,9, torque: 400 
336| 138,7531 1,764155 31,84826, angle: 0,9, torque: 400 
337| 139,053 1,782644 31,82483, angle: 0,9, torque: 400 
338| 139,3526 1,800858 31,80076, angle: 0,9, torque: 400 
339| 139,6515 1,818767 31,77603, angle: 0,9, torque: 400 
340| 139,9496 1,836623 31,75064, angle: 0,9, torque: 400 
341| 140,2487 1,854269 31,72484, angle: 0,9, torque: 400 
342| 140,5484 1,87151 31,69933, angle: 0,9, torque: 400 
343| 140,8485 1,888389 31,6735, angle: 0,9, torque: 400 
344| 141,1485 1,904339 31,64649, angle: 0,9, torque: 400 
345| 141,4488 1,919465 31,61775, angle: 0,9, torque: 400 
346| 141,7496 1,934648 31,58743, angle: 0,9, torque: 400 
347| 142,0495 1,949578 31,55735, angle: 0,9, torque: 400 
348| 142,3494 1,964383 31,527, angle: 0,9, torque: 400 
349| 142,6494 1,978743 31,49574, angle: 0,9, torque: 400 
350| 142,9496 1,992792 31,46334, angle: 0,9, torque: 400 
351| 143,2496 2,006789 31,42979, angle: 0,9, torque: 400 
352| 143,55 2,020816 31,39551, angle: 0,9, torque: 400 
353| 143,851 2,035139 31,36064, angle: 0,9, torque: 400 
354| 144,1525 2,049917 31,32541, angle: 0,9, torque: 400 
355| 144,4536 2,064722 31,29038, angle: 0,9, torque: 400 
356| 144,7547 2,07956 31,25514, angle: 0,9, torque: 400 
357| 145,0556 2,094551 31,21889, angle: 0,9, torque: 400 
358| 145,3553 2,109484 31,18164, angle: 0,9, torque: 400 
359| 145,6543 2,124616 31,1438, angle: 0,9, torque: 400 
360| 145,9529 2,139732 31,10597, angle: 0,9, torque: 400 
361| 146,2517 2,154794 31,06768, angle: 0,9, torque: 400 
362| 146,5493 2,16928 31,02854, angle: 0,9, torque: 400 
363| 146,848 2,183712 30,98856, angle: 0,9, torque: 400 
364| 147,1465 2,197784 30,94835, angle: 0,9, torque: 400 
365| 147,445 2,211466 30,90784, angle: 0,9, torque: 400 
366| 147,7435 2,224881 30,8668, angle: 0,9, torque: 400 
367| 148,0411 2,236903 30,82405, angle: 0,9, torque: 400 
368| 148,338 2,248075 30,78117, angle: 0,9, torque: 400 
369| 148,6348 2,258799 30,73759, angle: 0,9, torque: 400 
370| 148,9319 2,269169 30,69359, angle: 0,9, torque: 400 
371| 149,2291 2,279309 30,64912, angle: 0,9, torque: 400 
372| 149,5272 2,289235 30,60386, angle: 0,9, torque: 400 
373| 149,8261 2,298388 30,55788, angle: 0,9, torque: 400 
374| 150,1257 2,30722 30,51057, angle: 0,9, torque: 400 
375| 150,4251 2,315789 30,46251, angle: 0,9, torque: 400 
376| 150,7247 2,324245 30,41386, angle: 0,9, torque: 400 
377| 151,0239 2,332882 30,36501, angle: 0,9, torque: 400 
378| 151,3205 2,340569 30,31634, angle: 0,9, torque: 400 
379| 151,6165 2,347569 30,26766, angle: 0,9, torque: 400 
380| 151,912 2,354127 30,21863, angle: 0,9, torque: 400 
381| 152,2074 2,360418 30,1691, angle: 0,9, torque: 400 
382| 152,5031 2,366622 30,11802, angle: 0,9, torque: 400 
383| 152,8006 2,372556 30,06557, angle: 0,9, torque: 400 
384| 153,0987 2,377914 30,01312, angle: 0,9, torque: 400 
385| 153,3977 2,382813 29,96019, angle: 0,9, torque: 400 
386| 153,6972 2,387358 29,90666, angle: 0,9, torque: 400 
387| 153,9962 2,391601 29,85273, angle: 0,9, torque: 400 
388| 154,2948 2,39658 29,79838, angle: 0,9, torque: 400 
389| 154,593 2,402212 29,74336, angle: 0,9, torque: 400 
390| 154,8907 2,407981 29,68724, angle: 0,9, torque: 400 
391| 155,1877 2,413745 29,63071, angle: 0,9, torque: 400 
392| 155,4845 2,419167 29,57456, angle: 0,9, torque: 400 
393| 155,7803 2,424025 29,51809, angle: 0,9, torque: 400 
394| 156,0735 2,427722 29,46099, angle: 0,9, torque: 400 
395| 156,3655 2,430256 29,40311, angle: 0,9, torque: 400 
396| 156,6588 2,432438 29,34317, angle: 0, torque: 400 
397| 156,9521 2,434251 29,28283, angle: 0, torque: 400 
398| 157,2462 2,435544 29,22169, angle: 0, torque: 400 
399| 157,5426 2,436201 29,16037, angle: 0, torque: 400 
400| 157,8405 2,436172 29,09909, angle: 0, torque: 400 
401| 158,1391 2,436068 29,03648, angle: 0, torque: 400 
402| 158,4371 2,435922 28,97333, angle: 0, torque: 400 
403| 158,7353 2,436142 28,91033, angle: 0, torque: 400 
404| 159,0329 2,437184 28,8482, angle: 0, torque: 400 
405| 159,33 2,438848 28,78642, angle: 0, torque: 400 
406| 159,6268 2,441001 28,72464, angle: 0, torque: 400 
407| 159,9232 2,443533 28,66282, angle: 0, torque: 400 
408| 160,2195 2,446329 28,6009, angle: 0, torque: 400 
409| 160,515 2,44902 28,53963, angle: 0, torque: 400 
410| 160,8108 2,451816 28,47801, angle: 0, torque: 400 
411| 161,1065 2,454746 28,416, angle: 0, torque: 400 
412| 161,4021 2,457774 28,35374, angle: 0, torque: 400 
413| 161,6977 2,460872 28,2913, angle: 0, torque: 400 
414| 161,9933 2,463603 28,22912, angle: 0, torque: 400 
415| 162,2884 2,465822 28,16661, angle: 0, torque: 400 
416| 162,5829 2,467612 28,10416, angle: 0, torque: 400 
417| 162,8773 2,469125 28,04165, angle: 0, torque: 400 
418| 163,1715 2,470459 27,9791, angle: 0, torque: 400 
419| 163,4658 2,47152 27,9163, angle: 0, torque: 400 
420| 163,7602 2,472042 27,85329, angle: 0, torque: 400 
421| 164,0552 2,47207 27,79034, angle: 0, torque: 400 
422| 164,351 2,471916 27,72671, angle: 0, torque: 400 
423| 164,6467 2,471534 27,66262, angle: 0, torque: 400 
424| 164,9428 2,471116 27,59844, angle: 0, torque: 400 
425| 165,2382 2,47013 27,53382, angle: 0, torque: 400 
426| 165,5322 2,468144 27,46968, angle: 0, torque: 400 
427| 165,8262 2,465901 27,4047, angle: 0, torque: 400 
428| 166,1195 2,463391 27,33953, angle: 0, torque: 400 
429| 166,4145 2,461737 27,27549, angle: 0, torque: 400 
430| 166,7112 2,460861 27,21209, angle: 0, torque: 400 
431| 167,0101 2,461007 27,14908, angle: 0, torque: 400 
432| 167,3104 2,462198 27,08508, angle: 0, torque: 400 
433| 167,6118 2,464028 27,0207, angle: 0, torque: 400 
434| 167,9144 2,467205 26,95737, angle: 0, torque: 400 
435| 168,215 2,471358 26,89691, angle: 0, torque: 400 
436| 168,5136 2,476643 26,83725, angle: 0, torque: 400 
437| 168,8086 2,482554 26,77792, angle: 0, torque: 400 
438| 169,1017 2,488299 26,71772, angle: 0, torque: 400 
439| 169,3932 2,494183 26,65694, angle: 0, torque: 400 
440| 169,6855 2,499857 26,59616, angle: 0, torque: 400 
441| 169,9774 2,50439 26,53531, angle: 0, torque: 400 
442| 170,2675 2,506727 26,4756, angle: 0, torque: 400 
443| 170,5579 2,506667 26,41497, angle: 0, torque: 400 
444| 170,8516 2,50602 26,35069, angle: 0, torque: 400 
445| 171,1442 2,505086 26,28534, angle: 0, torque: 400 
446| 171,4399 2,504523 26,22002, angle: 0, torque: 400 
447| 171,7391 2,504056 26,15648, angle: 0, torque: 400 
448| 172,0406 2,50358 26,09402, angle: 0, torque: 400 
449| 172,3423 2,503786 26,03064, angle: 0, torque: 400 
450| 172,6417 2,504497 25,96756, angle: 0, torque: 400 
451| 172,942 2,506234 25,90518, angle: 0, torque: 400 
452| 173,239 2,509445 25,84518, angle: 0, torque: 400 
453| 173,5366 2,513626 25,78654, angle: 0, torque: 400 
454| 173,8329 2,518379 25,72897, angle: 0, torque: 400 
455| 174,1292 2,523504 25,67162, angle: 0, torque: 400 
456| 174,4252 2,528526 25,6139, angle: 0, torque: 400 
457| 174,7225 2,534155 25,5555, angle: 0, torque: 400 
458| 175,0197 2,540076 25,49699, angle: 0, torque: 400 
459| 175,3173 2,546131 25,43842, angle: 0, torque: 400 
460| 175,6152 2,552233 25,37978, angle: 0, torque: 400 
461| 175,9135 2,558615 25,3207, angle: 0, torque: 400 
462| 176,2123 2,566188 25,2615, angle: 0, torque: 400 
463| 176,5096 2,574138 25,20362, angle: 0, torque: 400 
464| 176,8055 2,581428 25,14535, angle: 0, torque: 400 
465| 177,1008 2,588262 25,0866, angle: 0, torque: 400 
466| 177,3961 2,595224 25,02675, angle: 0, torque: 400 
467| 177,6921 2,603496 24,9677, angle: 0, torque: 400 
468| 177,988 2,612278 24,91002, angle: 0, torque: 400 
469| 178,2838 2,619956 24,8512, angle: 0, torque: 400 
470| 178,5797 2,626576 24,79202, angle: 0, torque: 400 
471| 178,8758 2,632539 24,73239, angle: 0, torque: 400 
472| 179,1716 2,638792 24,67362, angle: 0, torque: 400 
473| 179,4668 2,645294 24,61491, angle: 0, torque: 400 
474| 179,7632 2,652163 24,55534, angle: 0, torque: 400 
475| 180,0603 2,659223 24,49557, angle: 0, torque: 400 
476| 180,3579 2,666333 24,43576, angle: 0, torque: 400 
477| 180,6568 2,673868 24,37634, angle: 0, torque: 400 
478| 180,9583 2,683365 24,31794, angle: 0, torque: 400 
479| 181,2582 2,693961 24,26155, angle: 0, torque: 400 
480| 181,5584 2,705655 24,20514, angle: 0, torque: 400 
481| 181,8574 2,717392 24,14804, angle: 0, torque: 400 
482| 182,1536 2,728321 24,09013, angle: 0, torque: 400 
483| 182,4509 2,74153 24,03398, angle: 0, torque: 0 
484| 182,7487 2,75686 23,9784, angle: 0, torque: 0 
485| 183,0423 2,77342 23,9236, angle: 0, torque: 0 
486| 183,3357 2,789934 23,86725, angle: 0, torque: 0 
487| 183,6292 2,805053 23,80863, angle: 0, torque: 0 
488| 183,9213 2,819773 23,75075, angle: 0, torque: 0 
489| 184,2111 2,834698 23,69162, angle: 0, torque: 0 
490| 184,5 2,850432 23,63239, angle: 0, torque: 0 
491| 184,7889 2,86699 23,57325, angle: 0, torque: 0 
492| 185,0771 2,883164 23,51607, angle: 0, torque: 0 
493| 185,365 2,898104 23,46038, angle: 0, torque: 0 
494| 185,6527 2,911679 23,40346, angle: 0, torque: 0 
495| 185,9409 2,925684 23,34533, angle: 0, torque: 0 
496| 186,2292 2,940612 23,28773, angle: 0, torque: 0 
497| 186,5185 2,955368 23,23218, angle: 0, torque: 0 
498| 186,809 2,969539 23,17817, angle: 0, torque: 0 
499| 187,0993 2,982239 23,1231, angle: 0, torque: 0 

