1| 0 0 0
2| 0 0 0
3| 0 0 0
4| 0 0 0
5| 0 0 0
6| 0 0 0
7| 0 0 0
8| 0 0 0
9| 0 0 0
10| 0 0 0
11| 0 0 0
12| 0 0 0
13| 0 0 0
14| 0 0 0
15| 0 4 0
16| 0 8 0
17| 0 12 0
18| 0 16 0
19| 0 20 0
20| 0 24 0
21| 0 28 0
22| 0 32 0
23| 0 36 0
24| 0 40 0
25| 0 44 0
26| 0 48 0
27| 0 52 0
28| 0 56 0
29| 0 60 0
30| 0 64 0
31| 0 68 0
32| 0 72 0
33| 0 76 0
34| 0 80 0
35| 0 84 0
36| 0 88 0
37| 0 92 0
38| 0 96 0
39| 0 100 0
40| 0 104 0
41| 0 108 0
42| 0 112 0
43| 0 116 0
44| 0 120 0
45| 0 124 0
46| 0 128 0
47| 0 132 0
48| 0 136 0
49| 0 140 0
50| 0 144 0
51| 0 148 0
52| 0 152 0
53| 0,3 156 0
54| 0,6 160 0
55| 0,9 164 0
56| 1,2 168 0
57| 1,5 172 0
58| 1,8 175,9999 0
59| 2,1 179,9999 0
60| 2,1 183,9999 0
61| 2,1 187,9999 0
62| 2,4 191,9999 0
63| 2,7 195,9999 0
64| 3 199,9999 0
65| 3,3 203,9999 0
66| 3,6 207,9999 0
67| 3,9 211,9999 0
68| 3,9 215,9999 0
69| 3,9 219,9999 0
70| 3,9 223,9999 0
71| 3,9 227,9999 0
72| 3,9 231,9999 0
73| 3,9 235,9999 0
74| 3,9 239,9999 0
75| 3,9 243,9999 0
76| 3,9 247,9999 0
77| 3,9 251,9999 0
78| 3,9 255,9999 0
79| 3,9 259,9999 0
80| 3,9 263,9999 0
81| 3,9 267,9999 0
82| 3,9 271,9998 0
83| 3,9 275,9998 0
84| 3,9 279,9998 0
85| 3,9 283,9998 0
86| 3,9 287,9998 0
87| 3,9 291,9998 0
88| 3,9 295,9998 0
89| 3,9 299,9998 0
90| 3,9 303,9998 0
91| 3,9 307,9998 0
92| 3,9 311,9998 0
93| 3,9 315,9998 0
94| 3,9 319,9998 0
95| 3,9 323,9998 0
96| 3,9 327,9998 0
97| 3,9 331,9998 0
98| 3,9 335,9998 0
99| 3,9 339,9998 0
100| 3,9 343,9998 0
101| 3,9 347,9998 0
102| 3,9 351,9998 0
103| 3,9 355,9998 0
104| 3,9 359,9998 0
105| 3,9 363,9998 0
106| 3,9 367,9998 0
107| 3,9 371,9998 0
108| 3,9 375,9998 0
109| 3,9 379,9998 0
110| 3,9 383,9998 0
111| 3,9 387,9998 0
112| 3,9 391,9998 0
113| 3,9 395,9998 0
114| 3,9 399,9997 0
115| 3,9 403,9996 0
116| 3,9 400 0
117| 3,9 400 0
118| 3,9 400 0
119| 3,9 400 0
120| 3,9 400 0
121| 3,9 400 0
122| 3,9 400 0
123| 3,9 400 0
124| 3,9 400 0
125| 3,9 400 0
126| 3,9 400 0
127| 3,9 400 0
128| 3,9 400 0
129| 3,9 400 0
130| 3,9 400 0
131| 3,9 400 0
132| 3,9 400 0
133| 3,9 400 0
134| 3,9 400 0
135| 3,9 400 0
136| 3,9 400 0
137| 3,9 400 0
138| 3,9 400 0
139| 3,9 400 0
140| 3,9 400 0
141| 3,9 400 0
142| 3,9 400 0
143| 3,9 400 0
144| 3,9 400 0
145| 3,9 400 0
146| 3,9 400 0
147| 3,9 400 0
148| 3,9 400 0
149| 3,9 400 0
150| 3,9 400 0
151| 3,9 400 0
152| 3,9 400 0
153| 3,9 400 0
154| 3,9 400 0
155| 3,9 400 0
156| 3,9 400 0
157| 3,9 400 0
158| 3,9 400 0
159| 3,9 400 0
160| 3,9 400 0
161| 3,9 400 0
162| 3,9 400 0
163| 3,9 400 0
164| 3,9 400 0
165| 3,9 400 0
166| 3,9 400 0
167| 3,9 400 0
168| 3,9 400 0
169| 3,9 400 0
170| 3,9 400 0
171| 3,9 400 0
172| 3,9 400 0
173| 3,9 400 0
174| 3,9 400 0
175| 3,9 400 0
176| 3,9 400 0
177| 3,9 400 0
178| 3,9 400 0
179| 3,9 400 0
180| 0 400 0
181| -0,3 400 0
182| -0,6 400 0
183| -0,9 400 0
184| -1,2 400 0
185| -1,2 400 0
186| -1,2 400 0
187| -1,2 400 0
188| -1,2 400 0
189| -1,2 400 0
190| -1,2 400 0
191| -1,2 400 0
192| -1,2 400 0
193| -1,2 400 0
194| -1,2 400 0
195| -1,2 400 0
196| -1,2 400 0
197| -1,2 400 0
198| -1,2 400 0
199| -1,2 400 0
200| -1,2 400 0
201| -1,2 400 0
202| -1,2 400 0
203| -1,2 400 0
204| -1,2 400 0
205| 0 400 0
206| 0,3 400 0
207| 0,6 400 0
208| 0,9 400 0
209| 1,2 400 0
210| 1,2 400 0
211| 1,2 400 0
212| 1,2 400 0
213| 1,2 400 0
214| 1,2 400 0
215| 1,2 400 0
216| 1,2 400 0
217| 1,2 400 0
218| 1,2 400 0
219| 1,2 400 0
220| 1,2 400 0
221| 1,2 400 0
222| 1,2 400 0
223| 1,2 400 0
224| 1,2 400 0
225| 1,2 400 0
226| 1,2 400 0
227| 1,2 400 0
228| 1,2 400 0
229| 1,2 400 0
230| 1,2 400 0
231| 1,2 400 0
232| 1,2 400 0
233| 1,2 400 0
234| 1,2 400 0
235| 1,2 400 0
236| 1,2 400 0
237| 1,2 400 0
238| 1,2 400 0
239| 1,2 400 0
240| 1,2 400 0
241| 1,2 400 0
242| 1,2 400 0
243| 1,2 400 0
244| 1,2 400 0
245| 1,2 400 0
246| 1,2 400 0
247| 1,2 400 0
248| 1,2 400 0
249| 1,2 400 0
250| 1,2 400 0
251| 1,2 400 0
252| 1,2 400 0
253| 1,2 400 0
254| 1,2 400 0
255| 1,2 400 0
256| 1,2 400 0
257| 1,2 400 0
258| 1,2 400 0
259| 1,2 400 0
260| 1,2 400 0
261| 1,2 400 0
262| 1,2 400 0
263| 1,2 400 0
264| 1,2 400 0
265| 1,2 400 0
266| 1,2 400 0
267| 1,2 400 0
268| 1,2 400 0
269| 1,2 400 0
270| 1,2 400 0
271| 1,2 400 0
272| 1,2 400 0
273| 1,2 400 0
274| 1,2 400 0
275| 1,2 400 0
276| 1,2 400 0
277| 1,2 400 0
278| 1,2 400 0
279| 1,2 400 0
280| 1,2 400 0
281| 1,2 400 0
282| 1,2 400 0

1| 0 0 0
2| 0 0 0
3| 0 0 0
4| 0 0 0
5| 0 0 0
6| 0 0 0
7| 0 0 0
8| 0 0 0
9| 0 0 0
10| 0 0 0
11| 0 0 0
12| 0 0 0
13| 0 0 0
14| 0 0 0
15| 0 4 0
16| 0 8 0
17| 0 12 0
18| 0 16 0
19| 0 20 0
20| 0 24 0
21| 0 28 0
22| 0 32 0
23| 0 36 0
24| 0 40 0
25| 0 44 0
26| 0 48 0
27| 0 52 0
28| 0 56 0
29| 0 60 0
30| 0 64 0
31| 0 68 0
32| 0 72 0
33| 0 76 0
34| 0 80 0
35| 0 84 0
36| 0 88 0
37| 0 92 0
38| 0 96 0
39| 0 100 0
40| 0 104 0
41| 0 108 0
42| 0 112 0
43| 0 116 0
44| 0 120 0
45| 0 124 0
46| 0 128 0
47| 0 132 0
48| 0 136 0
49| 0 140 0
50| 0 144 0
51| 0 148 0
52| 0 152 0
53| 0,3 156 0
54| 0,6 160 0
55| 0,9 164 0
56| 1,2 168 0
57| 1,5 172 0
58| 1,8 175,9999 0
59| 2,1 179,9999 0
60| 2,1 183,9999 0
61| 2,1 187,9999 0
62| 2,4 191,9999 0
63| 2,7 195,9999 0
64| 3 199,9999 0
65| 3,3 203,9999 0
66| 3,6 207,9999 0
67| 3,9 211,9999 0
68| 3,9 215,9999 0
69| 3,9 219,9999 0
70| 3,9 223,9999 0
71| 3,9 227,9999 0
72| 3,9 231,9999 0
73| 3,9 235,9999 0
74| 3,9 239,9999 0
75| 3,9 243,9999 0
76| 3,9 247,9999 0
77| 3,9 251,9999 0
78| 3,9 255,9999 0
79| 3,9 259,9999 0
80| 3,9 263,9999 0
81| 3,9 267,9999 0
82| 3,9 271,9998 0
83| 3,9 275,9998 0
84| 3,9 279,9998 0
85| 3,9 283,9998 0
86| 3,9 287,9998 0
87| 3,9 291,9998 0
88| 3,9 295,9998 0
89| 3,9 299,9998 0
90| 3,9 303,9998 0
91| 3,9 307,9998 0
92| 3,9 311,9998 0
93| 3,9 315,9998 0
94| 3,9 319,9998 0
95| 3,9 323,9998 0
96| 3,9 327,9998 0
97| 3,9 331,9998 0
98| 3,9 335,9998 0
99| 3,9 339,9998 0
100| 3,9 343,9998 0
101| 3,9 347,9998 0
102| 3,9 351,9998 0
103| 3,9 355,9998 0
104| 3,9 359,9998 0
105| 3,9 363,9998 0
106| 3,9 367,9998 0
107| 3,9 371,9998 0
108| 3,9 375,9998 0
109| 3,9 379,9998 0
110| 3,9 383,9998 0
111| 3,9 387,9998 0
112| 3,9 391,9998 0
113| 3,9 395,9998 0
114| 3,9 399,9997 0
115| 3,9 403,9996 0
116| 3,9 400 0
117| 3,9 400 0
118| 3,9 400 0
119| 3,9 400 0
120| 3,9 400 0
121| 3,9 400 0
122| 3,9 400 0
123| 3,9 400 0
124| 3,9 400 0
125| 3,9 400 0
126| 3,9 400 0
127| 3,9 400 0
128| 3,9 400 0
129| 3,9 400 0
130| 3,9 400 0
131| 3,9 400 0
132| 3,9 400 0
133| 3,9 400 0
134| 3,9 400 0
135| 3,9 400 0
136| 3,9 400 0
137| 3,9 400 0
138| 3,9 400 0
139| 3,9 400 0
140| 3,9 400 0
141| 3,9 400 0
142| 3,9 400 0
143| 3,9 400 0
144| 3,9 400 0
145| 3,9 400 0
146| 3,9 400 0
147| 3,9 400 0
148| 3,9 400 0
149| 3,9 400 0
150| 3,9 400 0
151| 3,9 400 0
152| 3,9 400 0
153| 3,9 400 0
154| 3,9 400 0
155| 3,9 400 0
156| 3,9 400 0
157| 3,9 400 0
158| 3,9 400 0
159| 3,9 400 0
160| 3,9 400 0
161| 3,9 400 0
162| 3,9 400 0
163| 3,9 400 0
164| 3,9 400 0
165| 3,9 400 0
166| 3,9 400 0
167| 3,9 400 0
168| 3,9 400 0
169| 3,9 400 0
170| 3,9 400 0
171| 3,9 400 0
172| 3,9 400 0
173| 3,9 400 0
174| 3,9 400 0
175| 3,9 400 0
176| 3,9 400 0
177| 3,9 400 0
178| 3,9 400 0
179| 3,9 400 0
180| 0 400 0
181| -0,3 400 0
182| -0,6 400 0
183| -0,9 400 0
184| -1,2 400 0
185| -1,2 400 0
186| -1,2 400 0
187| -1,2 400 0
188| -1,2 400 0
189| -1,2 400 0
190| -1,2 400 0
191| -1,2 400 0
192| -1,2 400 0
193| -1,2 400 0
194| -1,2 400 0
195| -1,2 400 0
196| -1,2 400 0
197| -1,2 400 0
198| -1,2 400 0
199| -1,2 400 0
200| -1,2 400 0
201| -1,2 400 0
202| -1,2 400 0
203| -1,2 400 0
204| -1,2 400 0
205| 0 400 0
206| 0,3 400 0
207| 0,6 400 0
208| 0,9 400 0
209| 1,2 400 0
210| 1,2 400 0
211| 1,2 400 0
212| 1,2 400 0
213| 1,2 400 0
214| 1,2 400 0
215| 1,2 400 0
216| 1,2 400 0
217| 1,2 400 0
218| 1,2 400 0
219| 1,2 400 0
220| 1,2 400 0
221| 1,2 400 0
222| 1,2 400 0
223| 1,2 400 0
224| 1,2 400 0
225| 1,2 400 0
226| 1,2 400 0
227| 1,2 400 0
228| 1,2 400 0
229| 1,2 400 0
230| 1,2 400 0
231| 1,2 400 0
232| 1,2 400 0
233| 1,2 400 0
234| 1,2 400 0
235| 1,2 400 0
236| 1,2 400 0
237| 1,2 400 0
238| 1,2 400 0
239| 1,2 400 0
240| 1,2 400 0
241| 1,2 400 0
242| 1,2 400 0
243| 1,2 400 0
244| 1,2 400 0
245| 1,2 400 0
246| 1,2 400 0
247| 1,2 400 0
248| 1,2 400 0
249| 1,2 400 0
250| 1,2 400 0
251| 1,2 400 0
252| 1,2 400 0
253| 1,2 400 0
254| 1,2 400 0
255| 1,2 400 0
256| 1,2 400 0
257| 1,2 400 0
258| 1,2 400 0
259| 1,2 400 0
260| 1,2 400 0
261| 1,2 400 0
262| 1,2 400 0
263| 1,2 400 0
264| 1,2 400 0
265| 1,2 400 0
266| 1,2 400 0
267| 1,2 400 0
268| 1,2 400 0
269| 1,2 400 0
270| 1,2 400 0
271| 1,2 400 0
272| 1,2 400 0
273| 1,2 400 0
274| 1,2 400 0
275| 1,2 400 0
276| 1,2 400 0
277| 1,2 400 0
278| 1,2 400 0
279| 1,2 400 0
280| 1,2 400 0
281| 1,2 400 0
282| 1,2 400 0
283| 1,2 400 0
284| 1,2 400 0
285| 1,2 400 0
286| 1,2 400 0
287| 1,2 400 0
288| 1,2 400 0
289| 1,2 400 0
290| 1,2 400 0
291| 1,2 400 0
292| 1,2 400 0
293| 1,2 400 0
294| 1,2 400 0
295| 1,2 400 0
296| 1,2 400 0
297| 0 400 0
298| -0,3 400 0
299| -0,6 400 0
300| -0,9 400 0
301| -1,2 400 0
302| -1,5 400 0
303| -1,8 400 0
304| -2,1 400 0
305| -2,4 400 0
306| -2,7 400 0
307| -3 400 0
308| -3,3 400 0
309| -3,6 400 0
310| -3,9 400 0
311| -4,2 400 0
312| -4,2 400 0
313| -4,2 400 0
314| -4,2 400 0
315| -4,2 400 0
316| -4,2 400 0
317| -4,2 400 0
318| -4,2 400 0
319| -4,2 400 0
320| -4,2 400 0
321| -4,2 400 0
322| 0 400 0
323| 0,3 400 0
324| 0,6 400 0
325| 0,9 400 0
326| 1,2 400 0
327| 1,5 400 0
328| 1,8 400 0
329| 2,1 400 0
330| 2,4 400 0
331| 2,7 400 0
332| 3 400 0
333| 3,3 400 0
334| 3,6 400 0
335| 3,9 400 0
336| 4,2 400 0
337| 4,5 400 0
338| 4,8 400 0
339| 5,1 400 0
340| 5,4 400 0
341| 5,7 400 0
342| 6 400 0
343| 6,3 400 0
344| 6,6 400 0
345| 6,9 400 0
346| 7,2 400 0
347| 7,2 400 0
348| 7,2 400 0
349| 7,2 400 0
350| 7,2 400 0
351| 0 400 0
352| -0,3 400 0
353| -0,6 400 0
354| -0,9 400 0
355| -1,2 400 0
356| -1,5 400 0
357| -1,8 400 0
358| -2,1 400 0
359| -2,4 400 0
360| -2,7 400 0
361| -3 400 0
362| -3,3 400 0
363| -3,6 400 0
364| -3,9 400 0
365| -4,2 400 0
366| -4,5 400 0
367| -4,8 400 0
368| -5,1 400 0
369| -5,4 400 0
370| -5,7 400 0
371| -6 400 0
372| -6 400 0
373| -6 400 0
374| -6 400 0
375| -6 400 0
376| -6 400 0
377| -6 400 0
378| 0 400 0
379| 0,3 400 0
380| 0,6 400 0
381| 0,9 400 0
382| 1,2 400 0
383| 1,5 400 0
384| 1,8 400 0
385| 2,1 400 0
386| 2,4 400 0
387| 2,7 400 0
388| 2,7 400 0
389| 2,7 400 0
390| 2,7 400 0
391| 2,7 400 0
392| 2,7 400 0
393| 2,7 400 0
394| 2,7 400 0
395| 2,7 400 0
396| 2,7 400 0
397| 2,7 400 0
398| 2,7 400 0
399| 2,7 400 0
400| 2,7 400 0
401| 2,7 400 0
402| 0 400 0
403| -0,3 400 0
404| -0,6 400 0
405| -0,9 400 0
406| -1,2 400 0
407| -1,5 400 0
408| -1,5 400 0
409| -1,5 400 0
410| -1,5 400 0
411| -1,5 400 0
412| -1,5 400 0
413| -1,5 400 0
414| -1,5 400 0
415| -1,5 400 0
416| -1,5 400 0
417| -1,5 400 0
418| -1,5 400 0
419| -1,5 400 0
420| -1,5 400 0
421| -1,5 400 0
422| -1,5 400 0
423| -1,5 400 0
424| -1,5 400 0
425| -1,5 400 0
426| -1,5 400 0
427| -1,5 400 0
428| -1,5 400 0
429| -1,5 400 0
430| -1,5 400 0
431| -1,5 400 0
432| -1,5 400 0
433| -1,5 400 0
434| -1,5 400 0
435| -1,5 400 0
436| -1,5 400 0
437| -1,5 400 0
438| -1,5 400 0
439| -1,5 400 0
440| -1,5 400 0
441| -1,5 400 0
442| -1,5 400 0
443| -1,5 400 0
444| -1,5 400 0
445| -1,5 400 0
446| -1,5 400 0
447| -1,5 400 0
448| -1,5 400 0
449| -1,5 400 0
450| -1,5 400 0
451| -1,5 400 0
452| -1,5 400 0
453| -1,5 400 0
454| -1,5 400 0
455| -1,5 400 0
456| -1,5 400 0
457| -1,5 400 0
458| -1,5 400 0
459| -1,5 400 0
460| -1,5 400 0
461| -1,5 400 0
462| -1,5 400 0
463| -1,5 400 0
464| -1,5 400 0
465| -1,5 400 0
466| -1,5 400 0
467| -1,5 400 0
468| -1,5 400 0
469| -1,5 400 0
470| -1,5 400 0
471| -1,5 400 0
472| -1,5 400 0
473| -1,5 400 0
474| -1,5 400 0
475| -1,5 400 0
476| -1,5 400 0
477| -1,5 400 0
478| -1,5 400 0
479| -1,5 400 0
480| -1,5 400 0
481| -1,5 400 0
482| -1,5 400 0
483| -1,5 400 0
484| -1,5 400 0
485| -1,5 400 0
486| -1,5 400 0
487| -1,5 400 0
488| -1,5 400 0
489| -1,5 400 0
490| -1,5 400 0
491| -1,5 400 0
492| -1,5 400 0
493| -1,5 400 0
494| -1,5 400 0
495| -1,5 400 0
496| -1,5 400 0
497| -1,5 400 0
498| -1,5 400 0
499| -1,5 400 0
500| -1,5 400 0
501| -1,5 400 0

1| 0 0 0
2| 0 0 0
3| 0 0 0
4| 0 0 0
5| 0 0 0
6| 0 0 0
7| 0 0 0
8| 0 0 0
9| 0 0 0
10| 0 0 0
11| 0 0 0
12| 0 0 0
13| 0 0 0
14| 0 0 0
15| 0 0 0
16| 0 0 0
17| 0 0 0
18| 0 0 0
19| 0 0 0
20| 0 0 0
21| 0 0 0
22| 0 0 0
23| 0 0 0
24| 0 0 0
25| 0 0 0
26| 0 0 0
27| 0 0 0
28| 0 0 0
29| 0 0 0
30| 0 0 0
31| 0 0 0
32| 0 0 0
33| 0 0 0
34| 0 0 0
35| 0 0 0
36| 0 0 0
37| 0 0 0
38| 0 0 0
39| 0 0 0
40| 0 0 0
41| 0 0 0
42| 0 0 0
43| 0 0 0
44| 0 0 0
45| 0 0 0
46| 0 0 0
47| 0 0 0
48| 0 0 0
49| 0 0 0
50| 0 0 0
51| 0 0 0
52| 0 0 0
53| 0 0 0
54| 0 0 0
55| 0 0 0
56| 0 0 0
57| 0 0 0
58| 0 0 0
59| 0 0 0
60| 0 0 0
61| 0 0 0
62| 0 0 0
63| 0 0 0
64| 0 0 0
65| 0 0 0
66| 0 0 0
67| 0 0 0
68| 0 0 0
69| 0 0 0
70| 0 0 0
71| 0 0 0
72| 0 0 0
73| 0 0 0
74| 0 0 0
75| 0 0 0
76| 0 0 0
77| 0 0 0
78| 0 0 0
79| 0 0 0
80| 0 0 0
81| 0 0 0
82| 0 0 0
83| 0 0 0
84| 0 0 0
85| 0 0 0
86| 0 0 0
87| 0 0 0
88| 0 0 0
89| 0 0 0
90| 0 0 0
91| 0 0 0
92| 0 0 0
93| 0 0 0
94| 0 0 0
95| 0 0 0
96| 0 0 0
97| 0 0 0
98| 0 0 0
99| 0 0 0
100| 0 0 0
101| 0 0 0
102| 0 0 0
103| 0 0 0
104| 0 0 0
105| 0 0 0
106| 0 0 0
107| 0 0 0
108| 0 0 0
109| 0 0 0
110| 0 0 0
111| 0 0 0
112| 0 0 0
113| 0,3 0 0
114| 0,6 0 0
115| 0,9 0 0
116| 1,2 0 0
117| 1,5 0 0
118| 1,8 0 0
119| 2,1 0 0
120| 2,4 0 0
121| 2,7 0 0
122| 3 0 0
123| 3,299999 0 0
124| 3,599999 0 0
125| 3,899999 0 0
126| 4,2 0 0
127| 4,5 0 0
128| 4,8 0 0
129| 5,1 0 0
130| 5,4 0 0
131| 5,7 0 0
132| 6 0 0
133| 6,300001 0 0
134| 6,600001 0 0
135| 6,900001 0 0
136| 7,200001 0 0
137| 7,500001 0 0
138| 7,800001 0 0
139| 8,1 0 0
140| 8,4 0 0
141| 8,7 0 0
142| 8,999999 0 0
143| 9,299999 0 0
144| 9,599998 0 0
145| 9,899999 0 0
146| 10,2 0 0
147| 10,5 0 0
148| 10,8 0 0
149| 11,1 0 0
150| 11,4 0 0
151| 11,7 0 0
152| 12 0 0
153| 12,3 0 0
154| 12,6 0 0
155| 12,9 0 0
156| 13,2 0 0
157| 13,5 0 0
158| 13,79999 0 0
159| 14,09999 0 0
160| 14,39999 0 0
161| 14,69999 0 0
162| 14,99999 0 0
163| 15,29999 0 0
164| 15,59999 0 0
165| 15,89999 0 0
166| 16,19999 0 0
167| 16,49999 0 0
168| 16,79999 0 0
169| 17,09999 0 0
170| 17,39999 0 0
171| 17,69999 0 0
172| 17,99999 0 0
173| 18,29999 0 0
174| 18,59999 0 0
175| 18,89999 0 0
176| 19,19999 0 0
177| 19,49999 0 0
178| 19,79999 0 0
179| 20,09999 0 0
180| 20,39999 0 0
181| 20,69999 0 0
182| 20,99999 0 0
183| 21,29999 0 0
184| 21,59999 0 0
185| 21,89999 0 0
186| 22,19999 0 0
187| 22,49999 0 0
188| 22,79999 0 0
189| 23,09999 0 0
190| 23,39999 0 0
191| 23,69999 0 0
192| 23,99999 0 0
193| 24,29999 0 0
194| 24,59999 0 0
195| 24,89998 0 0
196| 25,19999 0 0
197| 25,49998 0 0
198| 25,79998 0 0
199| 26,09998 0 0
200| 26,39998 0 0
201| 26,69998 0 0
202| 26,99998 0 0
203| 27,29998 0 0
204| 27,59998 0 0
205| 27,89998 0 0
206| 28,19998 0 0
207| 28,49998 0 0
208| 28,79998 0 0
209| 29,09998 0 0
210| 29,39998 0 0
211| 29,69998 0 0
212| 29,99998 0 0
213| 30,29998 0 0
214| 30 0 0
215| 30 0 0
216| 30 0 0
217| 30 0 0
218| 30 0 0
219| 30 0 0
220| 30 0 0
221| 30 0 0
222| 30 0 0
223| 30 0 0
224| 30 0 0
225| 30 0 0
226| 30 0 0
227| 30 0 0
228| 30 0 0
229| 30 0 0
230| 30 0 0
231| 30 0 0
232| 30 0 0
233| 30 0 0
234| 30 0 0
235| 30 0 0
236| 30 0 0
237| 30 0 0
238| 30 0 0
239| 30 0 0
240| 30 0 0
241| 30 0 0
242| 30 0 0
243| 30 0 0
244| 30 0 0
245| 30 0 0
246| 30 0 0
247| 30 0 0
248| 30 0 0
249| 30 0 0
250| 30 0 0
251| 30 0 0
252| 30 0 0
253| 30 0 0
254| 30 0 0
255| 30 0 0
256| 30 0 0
257| 30 0 0
258| 30 0 0
259| 30 0 0
260| 30 0 0
261| 30 0 0
262| 30 0 0
263| 30 0 0
264| 30 0 0
265| 30 0 0
266| 30 0 0
267| 30 0 0
268| 30 0 0
269| 30 0 0
270| 30 0 0
271| 30 0 0
272| 30 0 0
273| 30 0 0
274| 30 0 0
275| 30 0 0
276| 30 0 0
277| 30 0 0
278| 30 0 0
279| 30 0 0
280| 30 0 0
281| 30 0 0
282| 30 0 0
283| 30 0 0
284| 30 0 0
285| 30 0 0
286| 30 0 0
287| 30 0 0
288| 30 0 0
289| 30 0 0
290| 30 0 0
291| 30 0 0
292| 30 0 0
293| 30 0 0
294| 30 0 0
295| 30 0 0
296| 30 0 0
297| 30 0 0
298| 30 0 0
299| 30 0 0
300| 30 0 0
301| 30 0 0
302| 30 0 0
303| 30 0 0
304| 30 0 0
305| 30 0 0
306| 30 0 0
307| 30 0 0
308| 30 0 0
309| 30 0 0
310| 30 0 0
311| 30 0 0
312| 30 0 0
313| 30 0 0
314| 30 0 0
315| 30 0 0
316| 30 0 0
317| 30 0 0
318| 30 0 0
319| 30 0 0
320| 30 0 0
321| 30 0 0
322| 30 0 0
323| 30 0 0
324| 30 0 0
325| 30 0 0
326| 30 0 0
327| 30 0 0
328| 30 0 0
329| 30 0 0
330| 30 0 0
331| 30 0 0
332| 0 0 0
333| 0 0 0
334| 0 0 0
335| 0 0 0
336| 0 0 0
337| 0 0 0
338| 0 0 0
339| 0 0 0
340| 0 0 0
341| 0 0 0
342| 0 0 0
343| 0 0 0
344| 0 0 0
345| 0 0 0
346| 0 0 0
347| 0 0 0
348| 0 0 0
349| 0 0 0
350| 0 0 0
351| 0 0 0
352| 0 0 0
353| 0 0 0
354| 0 0 0
355| 0 0 0
356| -0,3 0 0
357| -0,6 0 0
358| -0,9 0 0
359| -1,2 0 0
360| -1,5 0 0
361| -1,8 0 0
362| -2,1 0 0
363| -2,4 0 0
364| -2,7 0 0
365| -3 0 0
366| -3,299999 0 0
367| -3,599999 0 0
368| -3,899999 0 0
369| -4,2 0 0
370| -4,5 0 0
371| -4,8 0 0
372| -5,1 0 0
373| -5,4 0 0
374| -5,7 0 0
375| -6 0 0
376| -6,300001 0 0
377| -6,600001 0 0
378| -6,900001 0 0
379| -7,200001 0 0
380| -7,500001 0 0
381| -7,800001 0 0
382| -8,1 0 0
383| -8,4 0 0
384| -8,7 0 0
385| -8,999999 0 0
386| -9,299999 0 0
387| -9,599998 0 0
388| -9,899999 0 0
389| -10,2 0 0
390| -10,5 0 0
391| -10,8 0 0
392| -11,1 0 0
393| -11,4 0 0
394| -11,7 0 0
395| -12 0 0
396| -12,3 0 0
397| -12,6 0 0
398| -12,9 0 0
399| -13,2 0 0
400| -13,5 0 0
401| -13,79999 0 0
402| -14,09999 0 0
403| -14,39999 0 0
404| -14,69999 0 0
405| -14,99999 0 0
406| -15,29999 0 0
407| -15,59999 0 0
408| -15,89999 0 0
409| -16,19999 0 0
410| -16,49999 0 0
411| -16,79999 0 0
412| -17,09999 0 0
413| -17,39999 0 0
414| -17,69999 0 0
415| -17,99999 0 0
416| -18,29999 0 0
417| -18,59999 0 0
418| -18,89999 0 0
419| -19,19999 0 0
420| -19,49999 0 0
421| -19,79999 0 0
422| -20,09999 0 0
423| -20,39999 0 0
424| -20,69999 0 0
425| -20,99999 0 0
426| -21,29999 0 0
427| -21,59999 0 0
428| -21,89999 0 0
429| -22,19999 0 0
430| -22,49999 0 0
431| -22,79999 0 0
432| -23,09999 0 0
433| -23,39999 0 0
434| -23,69999 0 0
435| -23,99999 0 0
436| -24,29999 0 0
437| -24,59999 0 0
438| -24,89998 0 0
439| -25,19999 0 0
440| -25,49998 0 0
441| -25,79998 0 0
442| -26,09998 0 0
443| -26,39998 0 0
444| -26,69998 0 0
445| -26,99998 0 0
446| -27,29998 0 0
447| -27,59998 0 0
448| -27,89998 0 0
449| -28,19998 0 0
450| -28,49998 0 0
451| -28,79998 0 0
452| -29,09998 0 0
453| -29,39998 0 0
454| -29,69998 0 0
455| -29,99998 0 0
456| -30,29998 0 0
457| -30 0 0
458| -30 0 0
459| -30 0 0
460| -30 0 0
461| -30 0 0
462| -30 0 0
463| -30 0 0
464| -30 0 0
465| -30 0 0
466| -30 0 0
467| -30 0 0
468| -30 0 0
469| -30 0 0
470| -30 0 0
471| -30 0 0
472| -30 0 0
473| -30 0 0
474| -30 0 0
475| -30 0 0
476| -30 0 0
477| -30 0 0
478| -30 0 0
479| -30 0 0
480| -30 0 0
481| -30 0 0
482| -30 0 0
483| -30 0 0
484| -30 0 0
485| -30 0 0
486| -30 0 0
487| -30 0 0
488| -30 0 0
489| -30 0 0
490| -30 0 0
491| -30 0 0
492| -30 0 0
493| -30 0 0
494| -30 0 0
495| -30 0 0
496| -30 0 0
497| -30 0 0
498| -30 0 0
499| -30 0 0
500| -30 0 0
501| -30 0 0
502| -30 0 0
503| -30 0 0
504| -30 0 0
505| -30 0 0
506| -30 0 0
507| -30 0 0
508| -30 0 0
509| -30 0 0
510| -30 0 0
511| -30 0 0
512| -30 0 0
513| -30 0 0
514| 0 0 0
515| 0 0 0
516| 0 0 0
517| 0 0 0
518| 0 0 0
519| 0 0 0
520| 0 0 0
521| 0 0 0
522| 0 0 0
523| 0 0 0
524| 0 0 0
525| 0 0 0
526| 0 0 0
527| 0 0 0
528| 0 0 0
529| 0 0 0
530| 0 0 0
531| 0 0 0
532| 0 0 0
533| 0 0 0
534| 0 0 0
535| 0 0 0
536| 0 0 0
537| 0 0 0
538| 0 0 0
539| 0 0 0
540| 0 0 0
541| 0 0 0
542| 0 0 0

