[1|(0.0.0)]
[2|(0.0.0)]
[3|(0.0.0)]
[4|(0.0.0)]
[5|(0.0.0)]
[6|(0.0.0)]
[7|(0.0.0)]
[8|(0.0.0)]
[9|(0.0.0)]
[10|(0.0.0)]
[11|(0.0.0)]
[12|(0.0.0)]
[13|(0.0.0)]
[14|(0.0.0)]
[15|(0.0.0)]
[16|(0.0.0)]
[17|(0.0.0)]
[18|(0.0.0)]
[19|(0.0.0)]
[20|(0.0.0)]
[21|(0.0.0)]
[22|(0.0.0)]
[23|(0.0.0)]
[24|(0.0.0)]
[25|(0.0.0)]
[26|(0.0.0)]
[27|(0.0.0)]
[28|(0.0.0)]
[29|(0.0.0)]
[30|(0.0.0)]
[31|(0.0,01.0)]
[32|(0.0,02.0)]
[33|(0,01.0,03.0)]
[34|(0,02.0,04.0)]
[35|(0,03.0,05.0)]
[36|(0,04.0,05999999.0)]
[37|(0,05.0,06999999.0)]
[38|(0,05999999.0,07999999.0)]
[39|(0,06999999.0,08999999.0)]
[40|(0,07999999.0,09999999.0)]
[41|(0,08999999.0,11.0)]
[42|(0,09999999.0,12.0)]
[43|(0,11.0,13.0)]
[44|(0,12.0,14.0)]
[45|(0,13.0,15.0)]
[46|(0,14.0,16.0)]
[47|(0,15.0,17.0)]
[48|(0,16.0,18.0)]
[49|(0,17.0,19.0)]
[50|(0,18.0,2.0)]
[51|(0,19.0,2.0)]
[52|(0,2.0,2.0)]
[53|(0,21.0,2.0)]
[54|(0,22.0,2.0)]
[55|(0,23.0,2.0)]
[56|(0,24.0,2.0)]
[57|(0,25.0,2.0)]
[58|(0,26.0,2.0)]
[59|(0,27.0,2.0)]
[60|(0,28.0,21.0)]
[61|(0,29.0,22.0)]
[62|(0,3.0,22.0)]
[63|(0,31.0,22.0)]
[64|(0,32.0,22.0)]
[65|(0,33.0,22.0)]
[66|(0,3399999.0,23.0)]
[67|(0,3499999.0,23.0)]
[68|(0,3599999.0,23.0)]
[69|(0,3699999.0,23.0)]
[70|(0,3799999.0,23.0)]
[71|(0,3899999.0,23.0)]
[72|(0,3999999.0,23.0)]
[73|(0,4099999.0,23.0)]
[74|(0,4199999.0,23.0)]
[75|(0,4299999.0,24.0)]
[76|(0,4399998.0,25.0)]
[77|(0,4499998.0,26.0)]
[78|(0,4599998.0,26.0)]
[79|(0,4699998.0,26.0)]
[80|(0,4799998.0,26.0)]
[81|(0,4899998.0,26.0)]
[82|(0,4999998.0,26.0)]
[83|(0,5099998.0,26.0)]
[84|(0,5199998.0,26.0)]
[85|(0,5299998.0,26.0)]
[86|(0,5399998.0,26.0)]
[87|(0,5499998.0,26.0)]
[88|(0,5599998.0,26.0)]
[89|(0,5699998.0,26.0)]
[90|(0,5799997.0,26.0)]
[91|(0,5899997.0,26.0)]
[92|(0,5999997.0,26.0)]
[93|(0,6099997.0,26.0)]
[94|(0,6199997.0,26.0)]
[95|(0,6299997.0,26.0)]
[96|(0,6399997.0,26.0)]
[97|(0,6499997.0,26.0)]
[98|(0,6599997.0,26.0)]
[99|(0,6699997.0,26.0)]
[100|(0,6799996.0,26.0)]
[101|(0,6899996.0,26.0)]
[102|(0,6999996.0,26.0)]
[103|(0,7099996.0,26.0)]
[104|(0,7199996.0,26.0)]
[105|(0,7299996.0,26.0)]
[106|(0,7399996.0,26.0)]
[107|(0,7499996.0,26.0)]
[108|(0,7599996.0,26.0)]
[109|(0,7699996.0,26.0)]
[110|(0,7799996.0,26.0)]
[111|(0,7899995.0,26.0)]
[112|(0,7999995.0,26.0)]
[113|(0,8099995.0,26.0)]
[114|(0,8199995.0,26.0)]
[115|(0,8299995.0,26.0)]
[116|(0,8399995.0,26.0)]
[117|(0,8499995.0,26.0)]
[118|(0,8599995.0,26.0)]
[119|(0,8699995.0,26.0)]
[120|(0,8799995.0,26.0)]
[121|(0,8899994.0,26.0)]
[122|(0,8999994.0,26.0)]
[123|(0,9099994.0,26.0)]
[124|(0,9199994.0,26.0)]
[125|(0,9299994.0,26.0)]
[126|(0,9399994.0,26.0)]
[127|(0.0.0)]
[128|(0.0.0)]
[129|(0.0.0)]
[130|(0.0.0)]
[131|(0.0.0)]
[132|(0.0.0)]
[133|(0.0.0)]
[134|(0.0.0)]
[135|(0.0.0)]
[136|(0.0.0)]
[137|(0.0.0)]
[138|(0.0.0)]
[139|(0.0.0)]
[140|(0.0.0)]
[141|(0.0.0)]
[142|(0.0.0)]
[143|(0.0.0)]
[144|(0.0.0)]
[145|(0.0.0)]
[146|(0.0.0)]
[147|(0,01.0.0)]
[148|(0,02.0.0)]
[149|(0,03.0.0)]
[150|(0,04.0.0)]
[151|(0,05.0.0)]
[152|(0,05999999.0.0)]
[153|(0,06999999.0.0)]
[154|(0,07999999.0,01.0)]
[155|(0,08999999.0,01.0)]
[156|(0,09999999.0,01.0)]
[157|(0,11.0,01.0)]
[158|(0,12.0,01.0)]
[159|(0,13.0,01.0)]
[160|(0,14.0,01.0)]
[161|(0,15.0,01.0)]
[162|(0,16.0,01.0)]
[163|(0,17.0,01.0)]
[164|(0,18.0,01.0)]
[165|(0,19.0,02.0)]
[166|(0,2.0,03.0)]
[167|(0,21.0,03.0)]
[168|(0,22.0,03.0)]
[169|(0,23.0,03.0)]
[170|(0,24.0,04.0)]
[171|(0,25.0,05.0)]
[172|(0,26.0,05.0)]
[173|(0,27.0,05.0)]
[174|(0,28.0,05.0)]
[175|(0,29.0,05.0)]
[176|(0,3.0,05.0)]
[177|(0,31.0,05999999.0)]
[178|(0,32.0,06999999.0)]
[179|(0,33.0,07999999.0)]
[180|(0,3399999.0,08999999.0)]
[181|(0,3499999.0,09999999.0)]
[182|(0,3599999.0,11.0)]
[183|(0,3699999.0,12.0)]
[184|(0,3799999.0,13.0)]
[185|(0,3899999.0,14.0)]
[186|(0,3999999.0,15.0)]
[187|(0,4099999.0,16.0)]
[188|(0,4199999.0,17.0)]
[189|(0,4299999.0,18.0)]
[190|(0,4399998.0,19.0)]
[191|(0,4499998.0,2.0)]
[192|(0,4599998.0,21.0)]
[193|(0,4699998.0,22.0)]
[194|(0,4799998.0,23.0)]
[195|(0,4899998.0,24.0)]
[196|(0,4999998.0,24.0)]
[197|(0,5099998.0,24.0)]
[198|(0,5199998.0,24.0)]
[199|(0,5299998.0,24.0)]
[200|(0,5399998.0,24.0)]
[201|(0,5499998.0,24.0)]
[202|(0,5599998.0,24.0)]
[203|(0,5699998.0,24.0)]
[204|(0,5799997.0,24.0)]
[205|(0,5899997.0,24.0)]
[206|(0,5999997.0,24.0)]
[207|(0,6099997.0,24.0)]
[208|(0,6199997.0,24.0)]
[209|(0,6299997.0,24.0)]
[210|(0,6399997.0,24.0)]
[211|(0,6499997.0,24.0)]
[212|(0,6599997.0.0)]
[213|(0,6699997.-0,01.0)]
[214|(0,6799996.-0,01.0)]
[215|(0,6899996.-0,01.0)]
[216|(0,6999996.-0,01.0)]
[217|(0,7099996.-0,01.0)]
[218|(0,7199996.-0,01.0)]
[219|(0,7299996.-0,01.0)]
[220|(0,7399996.-0,01.0)]
[221|(0,7499996.-0,01.0)]
[222|(0,7599996.-0,01.0)]
[223|(0,7699996.-0,01.0)]
[224|(0,7799996.-0,01.0)]
[225|(0,7899995.-0,01.0)]
[226|(0,7999995.-0,01.0)]
[227|(0,8099995.-0,01.0)]
[228|(0,8199995.-0,01.0)]
[229|(0,8299995.-0,01.0)]
[230|(0,8399995.-0,01.0)]
[231|(0,8499995.-0,01.0)]
[232|(0,8599995.-0,01.0)]
[233|(0,8699995.-0,01.0)]
[234|(0,8799995.-0,01.0)]
[235|(0,8899994.-0,01.0)]
[236|(0,8999994.-0,01.0)]
[237|(0,9099994.-0,01.0)]
[238|(0,9199994.-0,01.0)]
[239|(0,9299994.-0,01.0)]
[240|(0,9399994.-0,01.0)]
[241|(0,9499994.-0,01.0)]
[242|(0,9599994.-0,01.0)]
[243|(0,9699994.-0,01.0)]
[244|(0,9799994.-0,01.0)]
[245|(0,9899994.-0,01.0)]
[246|(0,9999993.-0,01.0)]
[247|(1,009999.-0,01.0)]
[248|(1.-0,01.0)]
[249|(1.-0,01.0)]
[250|(1.-0,01.0)]
[251|(1.-0,01.0)]
[252|(1.-0,01.0)]
[253|(1.-0,01.0)]
[254|(1.-0,01.0)]
[255|(1.-0,01.0)]
[256|(1.-0,01.0)]
[257|(1.-0,01.0)]
[258|(1.-0,01.0)]
[259|(1.-0,01.0)]
[260|(1.-0,01.0)]
[261|(1.-0,01.0)]
[262|(1.-0,01.0)]
[263|(1.-0,01.0)]
[264|(1.-0,01.0)]
[265|(1.-0,01.0)]
[266|(1.-0,01.0)]
[267|(1.-0,01.0)]
[268|(1.-0,01.0)]
[269|(1.-0,01.0)]
[270|(1.-0,01.0)]
[271|(1.-0,01.0)]
[272|(1.-0,01.0)]
[273|(1.-0,01.0)]
[274|(1.-0,01.0)]
[275|(1.-0,01.30000)]
[276|(1.-0,01.30000)]
[277|(1.-0,01.0)]
[278|(1.-0,01.0)]
[279|(1.-0,01.0)]
[280|(1.-0,01.0)]
[281|(1.-0,01.0)]
[282|(1.-0,01.0)]
[283|(1.-0,01.0)]
[284|(1.-0,01.0)]
[285|(1.-0,01.0)]
[286|(1.-0,01.0)]
[287|(1.-0,01.0)]
[288|(1.-0,01.0)]
[289|(1.-0,01.0)]
[290|(1.-0,01.0)]
[291|(1.0.0)]
[292|(1.0,01.0)]
[293|(1.0,01.0)]
[294|(1.0,01.0)]
[295|(1.0,01.0)]
[296|(1.0,01.0)]
[297|(1.0,01.0)]
[298|(1.0,01.0)]
[299|(1.0,01.0)]
[300|(1.0,01.0)]
[301|(1.0,01.0)]
[302|(1.0,01.0)]
[303|(1.0,01.0)]
[304|(1.0,01.0)]
[305|(1.0,01.0)]
[306|(1.0,01.0)]
[307|(1.0,01.0)]
[308|(1.0,01.0)]
[309|(1.0,02.0)]
[310|(1.0,03.0)]
[311|(1.0,03.0)]
[312|(1.0,03.0)]
[313|(1.0,03.0)]
[314|(1.0,03.0)]
[315|(1.0,03.0)]
[316|(1.0,03.0)]
[317|(1.0,03.0)]
[318|(1.0,03.0)]
[319|(1.0,03.0)]
[320|(1.0,03.0)]
[321|(1.0,03.0)]
[322|(1.0,03.0)]
[323|(1.0,03.0)]
[324|(1.0,03.0)]
[325|(1.0,03.0)]
[326|(1.0,03.0)]
[327|(1.0,03.0)]
[328|(1.0,03.0)]
[329|(1.0,03.0)]
[330|(1.0,03.0)]
[331|(1.0,03.0)]
[332|(1.0,03.0)]
[333|(1.0,03.0)]
[334|(1.0,03.0)]
[335|(1.0,03.0)]
[336|(1.0,03.0)]
[337|(1.0,03.0)]
[338|(1.0,03.0)]
[339|(1.0,03.0)]
[340|(1.0,03.0)]
[341|(1.0,03.0)]
[342|(1.0,03.0)]
[343|(1.0,03.0)]
[344|(1.0,03.0)]
[345|(1.0,03.0)]
[346|(1.0,03.0)]
[347|(1.0,03.0)]
[348|(1.0,03.0)]
[349|(1.0,03.0)]
[350|(1.0,03.0)]
[351|(1.0,03.0)]
[352|(1.0,03.0)]
[353|(1.0,03.0)]
[354|(1.0,03.0)]
[355|(1.0,03.0)]
[356|(1.0,03.0)]
[357|(1.0,03.0)]
[358|(1.0,03.0)]
[359|(1.0,03.0)]
[360|(1.0,03.0)]
[361|(1.0,03.0)]
[362|(1.0,03.0)]
[363|(1.0,03.0)]
[364|(1.0,03.0)]
[365|(1.0,03.0)]
[366|(1.0,03.0)]
[367|(1.0,03.0)]
[368|(1.0,03.0)]
[369|(1.0,03.0)]
[370|(1.0,03.0)]
[371|(1.0,03.0)]
[372|(1.0,03.0)]
[373|(1.0,03.0)]
[374|(1.0,03.0)]
[375|(1.0,03.0)]
[376|(1.0,03.0)]
[377|(1.0,03.0)]
[378|(1.0,03.0)]
[379|(1.0,03.0)]
[380|(1.0,03.0)]
[381|(1.0,03.0)]
[382|(1.0,03.0)]
[383|(1.0,03.0)]
[384|(1.0,03.0)]
[385|(1.0,03.0)]
[386|(1.0,03.0)]
[387|(1.0,03.0)]
[388|(1.0,03.0)]
[389|(1.0,03.0)]
[390|(1.0,03.0)]
[391|(1.0,03.0)]
[392|(1.0,03.0)]
[393|(1.0,03.0)]
[394|(1.0,03.0)]
[395|(1.0,03.0)]
[396|(1.0.0)]
[397|(1.0.0)]
[398|(1.0.0)]
[399|(1.0.0)]
[400|(1.0.0)]
[401|(1.0.0)]
[402|(1.0.0)]
[403|(1.0.0)]
[404|(1.0.0)]
[405|(1.0.0)]
[406|(1.0.0)]
[407|(1.0.0)]
[408|(1.0.0)]
[409|(1.0.0)]
[410|(1.0.0)]
[411|(1.0.0)]
[412|(1.0.0)]
[413|(1.0.0)]
[414|(1.0.0)]
[415|(1.0.0)]
[416|(1.0.0)]
[417|(1.0.0)]
[418|(1.0.0)]
[419|(1.0.0)]
[420|(1.0.0)]
[421|(1.0.0)]
[422|(1.0.0)]
[423|(1.0.0)]
[424|(1.0.0)]
[425|(1.0.0)]
[426|(1.0.0)]
[427|(1.0.0)]
[428|(1.0.0)]
[429|(1.0.0)]
[430|(1.0.0)]
[431|(1.0.0)]
[432|(1.0.0)]
[433|(1.0.0)]
[434|(1.0.0)]
[435|(1.0.0)]
[436|(1.0.0)]
[437|(1.0.0)]
[438|(1.0.0)]
[439|(1.0.0)]
[440|(1.0.0)]
[441|(1.0.0)]
[442|(1.0.0)]
[443|(1.0.0)]
[444|(1.0.0)]
[445|(1.0.0)]
[446|(1.0.0)]
[447|(1.0.0)]
[448|(1.0.0)]
[449|(1.0.0)]
[450|(1.0.0)]
[451|(1.0.0)]
[452|(1.0.0)]
[453|(1.0.0)]
[454|(1.0.0)]
[455|(1.0.0)]
[456|(1.0.0)]
[457|(1.0.0)]
[458|(1.0.0)]
[459|(1.0.0)]
[460|(1.0.0)]
[461|(1.0.0)]
[462|(1.0.0)]
[463|(1.0.0)]
[464|(1.0.0)]
[465|(1.0.0)]
[466|(1.0.0)]
[467|(1.0.0)]
[468|(1.0.0)]
[469|(1.0.0)]
[470|(1.0.0)]
[471|(1.0.0)]
[472|(1.0.0)]
[473|(1.0.0)]
[474|(1.0.0)]
[475|(1.0.0)]
[476|(1.0.0)]
[477|(1.0.0)]
[478|(1.0.0)]
[479|(1.0.0)]
[480|(1.0.0)]
[481|(1.0.0)]
[482|(1.0.0)]
[483|(0.0.0)]
[484|(0.0.0)]
[485|(0.0.0)]
[486|(0.0.0)]
[487|(0.0.0)]
[488|(0.0.0)]
[489|(0.0.0)]
[490|(0.0.0)]
[491|(0.0.0)]
[492|(0.0.0)]
[493|(0.0.0)]
[494|(0.0.0)]
[495|(0.0.0)]
[496|(0.0.0)]
[497|(0.0.0)]
[498|(0.0.0)]
[499|(0.0.0)]
[1|(0.0.0)]
[2|(0.0.0)]
[3|(0.0.0)]
[4|(0.0.0)]
[5|(0.0.0)]
[6|(0.0.0)]
[7|(0.0.0)]
[8|(0.0.0)]
[9|(0.0.0)]
[10|(0.0.0)]
[11|(0.0.0)]
[12|(0.0.0)]
[13|(0.0.0)]
[14|(0.0.0)]
[15|(0.0.0)]
[16|(0.0.0)]
[17|(0.0.0)]
[18|(0.0.0)]
[19|(0.0.0)]
[20|(0.0.0)]
[21|(0.0.0)]
[22|(0.0.0)]
[23|(0.0.0)]
[24|(0.0.0)]
[25|(0.0.0)]
[26|(0.0.0)]
[27|(0.0.0)]
[28|(0.0.0)]
[29|(0.0.0)]
[30|(0.0.0)]
[31|(0.0,01.0)]
[32|(0.0,02.0)]
[33|(0,01.0,03.0)]
[34|(0,02.0,04.0)]
[35|(0,03.0,05.0)]
[36|(0,04.0,05999999.0)]
[37|(0,05.0,06999999.0)]
[38|(0,05999999.0,07999999.0)]
[39|(0,06999999.0,08999999.0)]
[40|(0,07999999.0,09999999.0)]
[41|(0,08999999.0,11.0)]
[42|(0,09999999.0,12.0)]
[43|(0,11.0,13.0)]
[44|(0,12.0,14.0)]
[45|(0,13.0,15.0)]
[46|(0,14.0,16.0)]
[47|(0,15.0,17.0)]
[48|(0,16.0,18.0)]
[49|(0,17.0,19.0)]
[50|(0,18.0,2.0)]
[51|(0,19.0,2.0)]
[52|(0,2.0,2.0)]
[53|(0,21.0,2.0)]
[54|(0,22.0,2.0)]
[55|(0,23.0,2.0)]
[56|(0,24.0,2.0)]
[57|(0,25.0,2.0)]
[58|(0,26.0,2.0)]
[59|(0,27.0,2.0)]
[60|(0,28.0,21.0)]
[61|(0,29.0,22.0)]
[62|(0,3.0,22.0)]
[63|(0,31.0,22.0)]
[64|(0,32.0,22.0)]
[65|(0,33.0,22.0)]
[66|(0,3399999.0,23.0)]
[67|(0,3499999.0,23.0)]
[68|(0,3599999.0,23.0)]
[69|(0,3699999.0,23.0)]
[70|(0,3799999.0,23.0)]
[71|(0,3899999.0,23.0)]
[72|(0,3999999.0,23.0)]
[73|(0,4099999.0,23.0)]
[74|(0,4199999.0,23.0)]
[75|(0,4299999.0,24.0)]
[76|(0,4399998.0,25.0)]
[77|(0,4499998.0,26.0)]
[78|(0,4599998.0,26.0)]
[79|(0,4699998.0,26.0)]
[80|(0,4799998.0,26.0)]
[81|(0,4899998.0,26.0)]
[82|(0,4999998.0,26.0)]
[83|(0,5099998.0,26.0)]
[84|(0,5199998.0,26.0)]
[85|(0,5299998.0,26.0)]
[86|(0,5399998.0,26.0)]
[87|(0,5499998.0,26.0)]
[88|(0,5599998.0,26.0)]
[89|(0,5699998.0,26.0)]
[90|(0,5799997.0,26.0)]
[91|(0,5899997.0,26.0)]
[92|(0,5999997.0,26.0)]
[93|(0,6099997.0,26.0)]
[94|(0,6199997.0,26.0)]
[95|(0,6299997.0,26.0)]
[96|(0,6399997.0,26.0)]
[97|(0,6499997.0,26.0)]
[98|(0,6599997.0,26.0)]
[99|(0,6699997.0,26.0)]
[100|(0,6799996.0,26.0)]
[101|(0,6899996.0,26.0)]
[102|(0,6999996.0,26.0)]
[103|(0,7099996.0,26.0)]
[104|(0,7199996.0,26.0)]
[105|(0,7299996.0,26.0)]
[106|(0,7399996.0,26.0)]
[107|(0,7499996.0,26.0)]
[108|(0,7599996.0,26.0)]
[109|(0,7699996.0,26.0)]
[110|(0,7799996.0,26.0)]
[111|(0,7899995.0,26.0)]
[112|(0,7999995.0,26.0)]
[113|(0,8099995.0,26.0)]
[114|(0,8199995.0,26.0)]
[115|(0,8299995.0,26.0)]
[116|(0,8399995.0,26.0)]
[117|(0,8499995.0,26.0)]
[118|(0,8599995.0,26.0)]
[119|(0,8699995.0,26.0)]
[120|(0,8799995.0,26.0)]
[121|(0,8899994.0,26.0)]
[122|(0,8999994.0,26.0)]
[123|(0,9099994.0,26.0)]
[124|(0,9199994.0,26.0)]
[125|(0,9299994.0,26.0)]
[126|(0,9399994.0,26.0)]
[127|(0.0.0)]
[128|(0.0.0)]
[129|(0.0.0)]
[130|(0.0.0)]
[131|(0.0.0)]
[132|(0.0.0)]
[133|(0.0.0)]
[134|(0.0.0)]
[135|(0.0.0)]
[136|(0.0.0)]
[137|(0.0.0)]
[138|(0.0.0)]
[139|(0.0.0)]
[140|(0.0.0)]
[141|(0.0.0)]
[142|(0.0.0)]
[143|(0.0.0)]
[144|(0.0.0)]
[145|(0.0.0)]
[146|(0.0.0)]
[147|(0,01.0.0)]
[148|(0,02.0.0)]
[149|(0,03.0.0)]
[150|(0,04.0.0)]
[151|(0,05.0.0)]
[152|(0,05999999.0.0)]
[153|(0,06999999.0.0)]
[154|(0,07999999.0,01.0)]
[155|(0,08999999.0,01.0)]
[156|(0,09999999.0,01.0)]
[157|(0,11.0,01.0)]
[158|(0,12.0,01.0)]
[159|(0,13.0,01.0)]
[160|(0,14.0,01.0)]
[161|(0,15.0,01.0)]
[162|(0,16.0,01.0)]
[163|(0,17.0,01.0)]
[164|(0,18.0,01.0)]
[165|(0,19.0,02.0)]
[166|(0,2.0,03.0)]
[167|(0,21.0,03.0)]
[168|(0,22.0,03.0)]
[169|(0,23.0,03.0)]
[170|(0,24.0,04.0)]
[171|(0,25.0,05.0)]
[172|(0,26.0,05.0)]
[173|(0,27.0,05.0)]
[174|(0,28.0,05.0)]
[175|(0,29.0,05.0)]
[176|(0,3.0,05.0)]
[177|(0,31.0,05999999.0)]
[178|(0,32.0,06999999.0)]
[179|(0,33.0,07999999.0)]
[180|(0,3399999.0,08999999.0)]
[181|(0,3499999.0,09999999.0)]
[182|(0,3599999.0,11.0)]
[183|(0,3699999.0,12.0)]
[184|(0,3799999.0,13.0)]
[185|(0,3899999.0,14.0)]
[186|(0,3999999.0,15.0)]
[187|(0,4099999.0,16.0)]
[188|(0,4199999.0,17.0)]
[189|(0,4299999.0,18.0)]
[190|(0,4399998.0,19.0)]
[191|(0,4499998.0,2.0)]
[192|(0,4599998.0,21.0)]
[193|(0,4699998.0,22.0)]
[194|(0,4799998.0,23.0)]
[195|(0,4899998.0,24.0)]
[196|(0,4999998.0,24.0)]
[197|(0,5099998.0,24.0)]
[198|(0,5199998.0,24.0)]
[199|(0,5299998.0,24.0)]
[200|(0,5399998.0,24.0)]
[201|(0,5499998.0,24.0)]
[202|(0,5599998.0,24.0)]
[203|(0,5699998.0,24.0)]
[204|(0,5799997.0,24.0)]
[205|(0,5899997.0,24.0)]
[206|(0,5999997.0,24.0)]
[207|(0,6099997.0,24.0)]
[208|(0,6199997.0,24.0)]
[209|(0,6299997.0,24.0)]
[210|(0,6399997.0,24.0)]
[211|(0,6499997.0,24.0)]
[212|(0,6599997.0.0)]
[213|(0,6699997.-0,01.0)]
[214|(0,6799996.-0,01.0)]
[215|(0,6899996.-0,01.0)]
[216|(0,6999996.-0,01.0)]
[217|(0,7099996.-0,01.0)]
[218|(0,7199996.-0,01.0)]
[219|(0,7299996.-0,01.0)]
[220|(0,7399996.-0,01.0)]
[221|(0,7499996.-0,01.0)]
[222|(0,7599996.-0,01.0)]
[223|(0,7699996.-0,01.0)]
[224|(0,7799996.-0,01.0)]
[225|(0,7899995.-0,01.0)]
[226|(0,7999995.-0,01.0)]
[227|(0,8099995.-0,01.0)]
[228|(0,8199995.-0,01.0)]
[229|(0,8299995.-0,01.0)]
[230|(0,8399995.-0,01.0)]
[231|(0,8499995.-0,01.0)]
[232|(0,8599995.-0,01.0)]
[233|(0,8699995.-0,01.0)]
[234|(0,8799995.-0,01.0)]
[235|(0,8899994.-0,01.0)]
[236|(0,8999994.-0,01.0)]
[237|(0,9099994.-0,01.0)]
[238|(0,9199994.-0,01.0)]
[239|(0,9299994.-0,01.0)]
[240|(0,9399994.-0,01.0)]
[241|(0,9499994.-0,01.0)]
[242|(0,9599994.-0,01.0)]
[243|(0,9699994.-0,01.0)]
[244|(0,9799994.-0,01.0)]
[245|(0,9899994.-0,01.0)]
[246|(0,9999993.-0,01.0)]
[247|(1,009999.-0,01.0)]
[248|(1.-0,01.0)]
[249|(1.-0,01.0)]
[250|(1.-0,01.0)]
[251|(1.-0,01.0)]
[252|(1.-0,01.0)]
[253|(1.-0,01.0)]
[254|(1.-0,01.0)]
[255|(1.-0,01.0)]
[256|(1.-0,01.0)]
[257|(1.-0,01.0)]
[258|(1.-0,01.0)]
[259|(1.-0,01.0)]
[260|(1.-0,01.0)]
[261|(1.-0,01.0)]
[262|(1.-0,01.0)]
[263|(1.-0,01.0)]
[264|(1.-0,01.0)]
[265|(1.-0,01.0)]
[266|(1.-0,01.0)]
[267|(1.-0,01.0)]
[268|(1.-0,01.0)]
[269|(1.-0,01.0)]
[270|(1.-0,01.0)]
[271|(1.-0,01.0)]
[272|(1.-0,01.0)]
[273|(1.-0,01.0)]
[274|(1.-0,01.0)]
[275|(1.-0,01.30000)]
[276|(1.-0,01.30000)]
[277|(1.-0,01.0)]
[278|(1.-0,01.0)]
[279|(1.-0,01.0)]
[280|(1.-0,01.0)]
[281|(1.-0,01.0)]
[282|(1.-0,01.0)]
[283|(1.-0,01.0)]
[284|(1.-0,01.0)]
[285|(1.-0,01.0)]
[286|(1.-0,01.0)]
[287|(1.-0,01.0)]
[288|(1.-0,01.0)]
[289|(1.-0,01.0)]
[290|(1.-0,01.0)]
[291|(1.0.0)]
[292|(1.0,01.0)]
[293|(1.0,01.0)]
[294|(1.0,01.0)]
[295|(1.0,01.0)]
[296|(1.0,01.0)]
[297|(1.0,01.0)]
[298|(1.0,01.0)]
[299|(1.0,01.0)]
[300|(1.0,01.0)]
[301|(1.0,01.0)]
[302|(1.0,01.0)]
[303|(1.0,01.0)]
[304|(1.0,01.0)]
[305|(1.0,01.0)]
[306|(1.0,01.0)]
[307|(1.0,01.0)]
[308|(1.0,01.0)]
[309|(1.0,02.0)]
[310|(1.0,03.0)]
[311|(1.0,03.0)]
[312|(1.0,03.0)]
[313|(1.0,03.0)]
[314|(1.0,03.0)]
[315|(1.0,03.0)]
[316|(1.0,03.0)]
[317|(1.0,03.0)]
[318|(1.0,03.0)]
[319|(1.0,03.0)]
[320|(1.0,03.0)]
[321|(1.0,03.0)]
[322|(1.0,03.0)]
[323|(1.0,03.0)]
[324|(1.0,03.0)]
[325|(1.0,03.0)]
[326|(1.0,03.0)]
[327|(1.0,03.0)]
[328|(1.0,03.0)]
[329|(1.0,03.0)]
[330|(1.0,03.0)]
[331|(1.0,03.0)]
[332|(1.0,03.0)]
[333|(1.0,03.0)]
[334|(1.0,03.0)]
[335|(1.0,03.0)]
[336|(1.0,03.0)]
[337|(1.0,03.0)]
[338|(1.0,03.0)]
[339|(1.0,03.0)]
[340|(1.0,03.0)]
[341|(1.0,03.0)]
[342|(1.0,03.0)]
[343|(1.0,03.0)]
[344|(1.0,03.0)]
[345|(1.0,03.0)]
[346|(1.0,03.0)]
[347|(1.0,03.0)]
[348|(1.0,03.0)]
[349|(1.0,03.0)]
[350|(1.0,03.0)]
[351|(1.0,03.0)]
[352|(1.0,03.0)]
[353|(1.0,03.0)]
[354|(1.0,03.0)]
[355|(1.0,03.0)]
[356|(1.0,03.0)]
[357|(1.0,03.0)]
[358|(1.0,03.0)]
[359|(1.0,03.0)]
[360|(1.0,03.0)]
[361|(1.0,03.0)]
[362|(1.0,03.0)]
[363|(1.0,03.0)]
[364|(1.0,03.0)]
[365|(1.0,03.0)]
[366|(1.0,03.0)]
[367|(1.0,03.0)]
[368|(1.0,03.0)]
[369|(1.0,03.0)]
[370|(1.0,03.0)]
[371|(1.0,03.0)]
[372|(1.0,03.0)]
[373|(1.0,03.0)]
[374|(1.0,03.0)]
[375|(1.0,03.0)]
[376|(1.0,03.0)]
[377|(1.0,03.0)]
[378|(1.0,03.0)]
[379|(1.0,03.0)]
[380|(1.0,03.0)]
[381|(1.0,03.0)]
[382|(1.0,03.0)]
[383|(1.0,03.0)]
[384|(1.0,03.0)]
[385|(1.0,03.0)]
[386|(1.0,03.0)]
[387|(1.0,03.0)]
[388|(1.0,03.0)]
[389|(1.0,03.0)]
[390|(1.0,03.0)]
[391|(1.0,03.0)]
[392|(1.0,03.0)]
[393|(1.0,03.0)]
[394|(1.0,03.0)]
[395|(1.0,03.0)]
[396|(1.0.0)]
[397|(1.0.0)]
[398|(1.0.0)]
[399|(1.0.0)]
[400|(1.0.0)]
[401|(1.0.0)]
[402|(1.0.0)]
[403|(1.0.0)]
[404|(1.0.0)]
[405|(1.0.0)]
[406|(1.0.0)]
[407|(1.0.0)]
[408|(1.0.0)]
[409|(1.0.0)]
[410|(1.0.0)]
[411|(1.0.0)]
[412|(1.0.0)]
[413|(1.0.0)]
[414|(1.0.0)]
[415|(1.0.0)]
[416|(1.0.0)]
[417|(1.0.0)]
[418|(1.0.0)]
[419|(1.0.0)]
[420|(1.0.0)]
[421|(1.0.0)]
[422|(1.0.0)]
[423|(1.0.0)]
[424|(1.0.0)]
[425|(1.0.0)]
[426|(1.0.0)]
[427|(1.0.0)]
[428|(1.0.0)]
[429|(1.0.0)]
[430|(1.0.0)]
[431|(1.0.0)]
[432|(1.0.0)]
[433|(1.0.0)]
[434|(1.0.0)]
[435|(1.0.0)]
[436|(1.0.0)]
[437|(1.0.0)]
[438|(1.0.0)]
[439|(1.0.0)]
[440|(1.0.0)]
[441|(1.0.0)]
[442|(1.0.0)]
[443|(1.0.0)]
[444|(1.0.0)]
[445|(1.0.0)]
[446|(1.0.0)]
[447|(1.0.0)]
[448|(1.0.0)]
[449|(1.0.0)]
[450|(1.0.0)]
[451|(1.0.0)]
[452|(1.0.0)]
[453|(1.0.0)]
[454|(1.0.0)]
[455|(1.0.0)]
[456|(1.0.0)]
[457|(1.0.0)]
[458|(1.0.0)]
[459|(1.0.0)]
[460|(1.0.0)]
[461|(1.0.0)]
[462|(1.0.0)]
[463|(1.0.0)]
[464|(1.0.0)]
[465|(1.0.0)]
[466|(1.0.0)]
[467|(1.0.0)]
[468|(1.0.0)]
[469|(1.0.0)]
[470|(1.0.0)]
[471|(1.0.0)]
[472|(1.0.0)]
[473|(1.0.0)]
[474|(1.0.0)]
[475|(1.0.0)]
[476|(1.0.0)]
[477|(1.0.0)]
[478|(1.0.0)]
[479|(1.0.0)]
[480|(1.0.0)]
[481|(1.0.0)]
[482|(1.0.0)]
[483|(0.0.0)]
[484|(0.0.0)]
[485|(0.0.0)]
[486|(0.0.0)]
[487|(0.0.0)]
[488|(0.0.0)]
[489|(0.0.0)]
[490|(0.0.0)]
[491|(0.0.0)]
[492|(0.0.0)]
[493|(0.0.0)]
[494|(0.0.0)]
[495|(0.0.0)]
[496|(0.0.0)]
[497|(0.0.0)]
[1|(0.0.0)]
[2|(0.0.0)]
[3|(0.0.0)]
[4|(0.0.0)]
[5|(0.0.0)]
[6|(0.0.0)]
[7|(0.0.0)]
[8|(0.0.0)]
[9|(0.0.0)]
[10|(0.0.0)]
[11|(0.0.0)]
[12|(0.0.0)]
[13|(0.0.0)]
[14|(0.0.0)]
[15|(0.0.0)]
[16|(0.0.0)]
[17|(0.0.0)]
[18|(0.0.0)]
[19|(0.0.0)]
[20|(0.0.0)]
[21|(0.0.0)]
[22|(0.0.0)]
[23|(0.0.0)]
[24|(0.0.0)]
[25|(0.0.0)]
[26|(0.0.0)]
[27|(0.0.0)]
[28|(0.0.0)]
[29|(0.0.0)]
[30|(0.0.0)]
[31|(0.0.0)]
[32|(0.0.0)]
[33|(0.0.0)]
[34|(0.0.0)]
[35|(0.0.0)]
[36|(0.0.0)]
[37|(0.0.0)]
[38|(0.0.0)]
[39|(0.0.0)]
[40|(0.0.0)]
[41|(0.0.0)]
[42|(0.0.0)]
[43|(0.0.0)]
[44|(0.0.0)]
[45|(0.0.0)]
[46|(0.0.0)]
[47|(0.0.0)]
[48|(0.0.0)]
[49|(0.0.0)]
[50|(0.0.0)]
[51|(0.0.0)]
[52|(0.0.0)]
[53|(0.0.0)]
[54|(0.0.0)]
[55|(0.0.0)]
[56|(0.0.0)]
[57|(0.0.0)]
[58|(0.0.0)]
[59|(0.0.0)]
[60|(0.0.0)]
[61|(0.0.0)]
[62|(0.0.0)]
[63|(0.0.0)]
[64|(0.0.0)]
[65|(0.0.0)]
[66|(0.0.0)]
[67|(0.0.0)]
[68|(0.0.0)]
[69|(0.0.0)]
[70|(0.0.0)]
[71|(0.0.0)]
[72|(0.0.0)]
[73|(0.0.0)]
[74|(0.0.0)]
[75|(0.0.0)]
[76|(0.0.0)]
[77|(0.0.0)]
[78|(0.0.0)]
[79|(0.0.0)]
[80|(0.0.0)]
[81|(0.0.0)]
[82|(0.0.0)]
[83|(0.0.0)]
[84|(0.0.0)]
[85|(0.0.0)]
[86|(0.0.0)]
[87|(0.0.0)]
[88|(0.0.0)]
[89|(0.0.0)]
[90|(0.0.0)]
[91|(0.0.0)]
[92|(0.0.0)]
[93|(0.0.0)]
[94|(0.0.0)]
[95|(0.0.0)]
[96|(0.0.0)]
[97|(0.0.0)]
[98|(0.0.0)]
[99|(0.0.0)]
[100|(0.0.0)]
[101|(0.0.0)]
[102|(0.0.0)]
[103|(0.0.0)]
[104|(0.0.0)]
[105|(0.0.0)]
[106|(0.0.0)]
[107|(0.0.0)]
[108|(0.0.0)]
[109|(0.0.0)]
[110|(0.0.0)]
[111|(0.0.0)]
[112|(0.0.0)]
[113|(0.0.0)]
[114|(0.0.0)]
[115|(0.0.0)]
[116|(0.0.0)]
[117|(0.0.0)]
[118|(0.0.0)]
[119|(0.0.0)]
[120|(0.0.0)]
[121|(0.0.0)]
[122|(0.0.0)]
[123|(0.0.0)]
[124|(0.0.0)]
[125|(0.0.0)]
[126|(0.0.0)]
[127|(0.0.0)]
[128|(0.0.0)]
[129|(0.0.0)]
[130|(0.0.0)]
[131|(0.0.0)]
[132|(0.0.0)]
[133|(0.0.0)]
[134|(0.0.0)]
[135|(0.0.0)]
[136|(0.0.0)]
[137|(0.0.0)]
[138|(0.0.0)]
[139|(0.0.0)]
[140|(0.0.0)]
[141|(0.0.0)]
[142|(0.0.0)]
[143|(0.0.0)]
[144|(0.0.0)]
[145|(0.0.0)]
[146|(0.0.0)]
[147|(0.0.0)]
[148|(0.0.0)]
[149|(0.0.0)]
[150|(0.0.0)]
[151|(0.0.0)]
[152|(0.0.0)]
[153|(0.0.0)]
[154|(0.0.0)]
[155|(0.0.0)]
[156|(0.0.0)]
[157|(0.0.0)]
[158|(0.0.0)]
[159|(0.0.0)]
[160|(0.0.0)]
[161|(0.0.0)]
[162|(0.0.0)]
[163|(0.0.0)]
[164|(0.0.0)]
[165|(0.0.0)]
[166|(0.0.0)]
[167|(0.0.0)]
[168|(0.0.0)]
[169|(0.0.0)]
[170|(0.0.0)]
[171|(0.0.0)]
[172|(0.0.0)]
[173|(0.0.0)]
[174|(0.0.0)]
[175|(0.0.0)]
[176|(0.0.0)]
[177|(0.0.0)]
[178|(0.0.0)]
[179|(0.0.0)]
[180|(0.0.0)]
[181|(0.0.0)]
[182|(0.0.0)]
[183|(0.0.0)]
[184|(0.0.0)]
[185|(0.0.0)]
[186|(0.0.0)]
[187|(0.0.0)]
[188|(0.0.0)]
[189|(0.0.0)]
[190|(0.0.0)]
[191|(0.0.0)]
[192|(0.0.0)]
[193|(0.0.0)]
[194|(0.0.0)]
[195|(0.0.0)]
[196|(0.0.0)]
[197|(0.0.0)]
[198|(0.0.0)]
[199|(0.0.0)]
[200|(0.0.0)]
[201|(0.0.0)]
[202|(0.0.0)]
[203|(0.0.0)]
[204|(0.0.0)]
[205|(0.0.0)]
[206|(0.0.0)]
[207|(0.0.0)]
[208|(0.0.0)]
[209|(0.0.0)]
[210|(0.0.0)]
[211|(0.0.0)]
[212|(0.0.0)]
[213|(0.0.0)]
[214|(0.0.0)]
[215|(0.0.0)]
[216|(0.0.0)]
[217|(0.0.0)]
[218|(0.0.0)]
[219|(0.0.0)]
[220|(0.0.0)]
[221|(0.0.0)]
[222|(0.0.0)]
[223|(0.0.0)]
[224|(0.0.0)]
[225|(0.0.0)]
[226|(0.0.0)]
[227|(0.0.0)]
[228|(0.0.0)]
[229|(0.0.0)]
[230|(0.0.0)]
[231|(0.0.0)]
[232|(0.0.0)]
[233|(0.0.0)]
[234|(0.0.0)]
[235|(0.0.0)]
[236|(0.0.0)]
[237|(0.0.0)]
[238|(0.0.0)]
[239|(0.0.0)]
[240|(0.0.0)]
[241|(0.0.0)]
[242|(0.0.0)]
[243|(0.0.0)]
[244|(0.0.0)]
[245|(0.0.0)]
[246|(0.0.0)]
[247|(0.0.0)]
[248|(0.0.0)]
[249|(0.0.0)]
[250|(0.0.0)]
[251|(0.0.0)]
[252|(0.0.0)]
[253|(0.0.0)]
[254|(0.0.0)]
[255|(0.0.0)]
[256|(0.0.0)]
[257|(0.0.0)]
[258|(0.0.0)]
[259|(0.0.0)]
[260|(0.0.0)]
[261|(0.0.0)]
[262|(0.0.0)]
[263|(0.0.0)]
[264|(0.0.0)]
[265|(0.0.0)]
[266|(0.0.0)]
[267|(0.0.0)]
[268|(0.0.0)]
[269|(0.0.0)]
[270|(0.0.0)]
[271|(0.0.0)]
[272|(0.0.0)]
[273|(0.0.0)]
[274|(0.0.0)]
[275|(0.0.0)]
[276|(0.0.0)]
[277|(0.0.0)]
[278|(0.0.0)]
[279|(0.0.0)]
[280|(0.0.0)]
[281|(0.0.0)]
[282|(0.0.0)]
[283|(0.0.0)]
[284|(0.0.0)]
[285|(0.0.0)]
[286|(0.0.0)]
[287|(0.0.0)]
[288|(0.0.0)]
[289|(0.0.0)]
[290|(0.0.0)]
[291|(0.0.0)]
[292|(0.0.0)]
[293|(0.0.0)]
[294|(0.0.0)]
[295|(0.0.0)]
[296|(0.0.0)]
[297|(0.0.0)]
[298|(0.0.0)]
[299|(0.0.0)]
[300|(0.0.0)]
[301|(0.0.0)]
[302|(0.0.0)]
[303|(0.0.0)]
[304|(0.0.0)]
[305|(0.0.0)]
[306|(0.0.0)]
[307|(0.0.0)]
[308|(0.0.0)]
[309|(0.0.0)]
[310|(0.0.0)]
[311|(0.0.0)]
[312|(0.0.0)]
[313|(0.0.0)]
[314|(0.0.0)]
[315|(0.0.0)]
[316|(0.0.0)]
[317|(0.0.0)]
[318|(0.0.0)]
[319|(0.0.0)]
[320|(0.0.0)]
[321|(0.0.0)]
[322|(0.0.0)]
[323|(0.0.0)]
[324|(0.0.0)]
[325|(0.0.0)]
[326|(0.0.0)]
[327|(0.0.0)]
[328|(0.0.0)]
[329|(0.0.0)]
[330|(0.0.0)]
[331|(0.0.0)]
[332|(0.0.0)]
[333|(0.0.0)]
[334|(0.0.0)]
[335|(0.0.0)]
[336|(0.0.0)]
[337|(0.0.0)]
[338|(0.0.0)]
[339|(0.0.0)]
[340|(0.0.0)]
[341|(0.0.0)]
[342|(0.0.0)]
[343|(0.0.0)]
[344|(0.0.0)]
[345|(0.0.0)]
[346|(0.0.0)]
[347|(0.0.0)]
[348|(0.0.0)]
[349|(0.0.0)]
[350|(0.0.0)]
[351|(0.0.0)]
[352|(0.0.0)]
[353|(0.0.0)]
[354|(0.0.0)]
[355|(0.0.0)]
[356|(0.0.0)]
[357|(0.0.0)]
[358|(0.0.0)]
[359|(0.0.0)]
[360|(0.0.0)]
[361|(0.0.0)]
[362|(0.0.0)]
[363|(0.0.0)]
[364|(0.0.0)]
[365|(0.0.0)]
[366|(0.0.0)]
[367|(0.0.0)]
[368|(0.0.0)]
[369|(0.0.0)]
[370|(0.0.0)]
[371|(0.0.0)]
[372|(0.0.0)]
[373|(0.0.0)]
[374|(0.0.0)]
[375|(0.0.0)]
[376|(0.0.0)]
[377|(0.0.0)]
[378|(0.0.0)]
[379|(0.0.0)]
[380|(0.0.0)]
[381|(0.0.0)]
[382|(0.0.0)]
[383|(0.0.0)]
[384|(0.0.0)]
[385|(0.0.0)]
[386|(0.0.0)]
[387|(0.0.0)]
[388|(0.0.0)]
[389|(0.0.0)]
[390|(0,01.0.0)]
[391|(0,02.0.0)]
[392|(0,03.0.0)]
[393|(0,04.0.0)]
[394|(0,05.0.0)]
[395|(0,05999999.0.0)]
[396|(0,06999999.0.0)]
[397|(0,07999999.0,01.0)]
[398|(0,08999999.0,02.0)]
[399|(0,09999999.0,03.0)]
[400|(0,11.0,04.0)]
[401|(0,12.0,05.0)]
[402|(0,13.0,05.0)]
[403|(0,14.0,05.0)]
[404|(0,15.0,05.0)]
[405|(0,16.0,05.0)]
[406|(0,17.0,05.0)]
[407|(0,18.0,05.0)]
[408|(0,19.0,05.0)]
[409|(0,2.0,05.0)]
[410|(0,21.0,05.0)]
[411|(0,22.0,05.0)]
[412|(0,23.0,05.0)]
[413|(0,24.0,05.0)]
[414|(0,25.0,05.0)]
[415|(0,26.0,05.0)]
[416|(0,27.0,05.0)]
[417|(0,28.0,05.0)]
[418|(0,29.0,05999999.0)]
[419|(0,3.0,06999999.0)]
[420|(0,31.0,07999999.0)]
[421|(0,32.0,08999999.0)]
[422|(0,33.0,09999999.0)]
[423|(0,3399999.0,11.0)]
[424|(0,3499999.0,12.0)]
[425|(0,3599999.0,12.0)]
[426|(0,3699999.0,12.0)]
[427|(0,3799999.0,12.0)]
[428|(0,3899999.0,12.0)]
[429|(0,3999999.0,12.0)]
[430|(0,4099999.0,12.0)]
[431|(0,4199999.0,12.0)]
[432|(0,4299999.0,12.0)]
[433|(0,4399998.0,12.0)]
[434|(0,4499998.0,13.0)]
[435|(0,4599998.0,14.0)]
[436|(0,4699998.0,15.0)]
[437|(0,4799998.0,16.0)]
[438|(0,4899998.0,17.0)]
[439|(0,4999998.0,18.0)]
[440|(0,5099998.0,19.0)]
[441|(0,5199998.0,19.0)]
[442|(0,5299998.0,19.0)]
[443|(0,5399998.0,19.0)]
[444|(0,5499998.0,19.0)]
[445|(0,5599998.0,19.0)]
[446|(0,5699998.0,19.0)]
[447|(0,5799997.0,19.0)]
[448|(0,5899997.0,19.0)]
[449|(0,5999997.0,19.0)]
[450|(0,6099997.0,19.0)]
[451|(0,6199997.0,19.0)]
[452|(0,6299997.0,19.0)]
[453|(0,6399997.0,19.0)]
[454|(0,6499997.0,19.0)]
[455|(0,6599997.0,19.0)]
[456|(0,6699997.0,19.0)]
[457|(0,6799996.0,19.0)]
[458|(0,6899996.0,19.0)]
[459|(0,6999996.0,19.0)]
[460|(0,7099996.0,19.0)]
[461|(0,7199996.0,19.0)]
[462|(0,7299996.0,19.0)]
[463|(0,7399996.0,19.0)]
[464|(0,7499996.0,19.0)]
[465|(0,7599996.0,19.0)]
[466|(0,7699996.0,19.0)]
[467|(0,7799996.0,19.0)]
[468|(0,7899995.0,19.0)]
[469|(0,7999995.0,19.0)]
[470|(0,8099995.0,19.0)]
[471|(0,8199995.0,19.0)]
[472|(0,8299995.0,19.0)]
[473|(0,8399995.0,19.0)]
[474|(0,8499995.0,19.0)]
[475|(0,8599995.0,19.0)]
[476|(0,8699995.0,19.0)]
[477|(0,8799995.0,19.0)]
[478|(0,8899994.0,19.0)]
[479|(0,8999994.0,19.0)]
[480|(0,9099994.0,19.0)]
[481|(0,9199994.0,19.0)]
[482|(0,9299994.0,19.0)]
[483|(0,9399994.0,19.0)]
[484|(0,9499994.0,19.0)]
[485|(0,9599994.0,19.0)]
[486|(0,9699994.0,19.0)]
[487|(0,9799994.0,19.0)]
[488|(0,9899994.0,19.0)]
[489|(0,9999993.0,19.0)]
[490|(1,009999.0,19.0)]
[491|(1.0,19.0)]
[492|(1.0.0)]
[493|(1.-0,01.0)]
[494|(1.-0,02.0)]
[495|(1.-0,02.0)]
[496|(1.-0,02.0)]
[497|(1.-0,02.0)]
[498|(1.-0,02.0)]
[499|(1.-0,02.0)]
[500|(1.-0,02.0)]
[501|(1.-0,02.0)]
[502|(1.-0,02.0)]
[503|(1.-0,02.0)]
[504|(1.-0,02.0)]
[505|(1.-0,02.0)]
[506|(1.-0,02.0)]
[507|(1.-0,02.0)]
[508|(1.-0,02.0)]
[509|(1.-0,02.0)]
[510|(1.-0,02.0)]
[511|(1.-0,02.0)]
[512|(1.-0,02.0)]
[513|(1.-0,02.0)]
[514|(1.-0,02.0)]
[515|(1.-0,02.0)]
[516|(1.-0,02.0)]
[517|(1.-0,02.0)]
[518|(1.-0,02.0)]
[519|(1.-0,02.0)]
[520|(1.-0,02.0)]
[521|(1.-0,02.0)]
[522|(1.-0,02.0)]
[523|(1.-0,02.0)]
[524|(1.-0,02.0)]
[525|(1.-0,02.0)]
[526|(1.-0,02.0)]
[527|(1.-0,03.0)]
[528|(1.-0,04.0)]
[529|(1.-0,05.0)]
[530|(1.-0,05.0)]
[531|(1.-0,05.0)]
[532|(1.-0,05.0)]
[533|(1.-0,05.0)]
[534|(1.-0,05.0)]
[535|(1.-0,05.0)]
[536|(1.-0,05.0)]
[537|(1.-0,05.0)]
[538|(1.-0,05.0)]
[539|(1.-0,05.0)]
[540|(1.-0,05999999.0)]
[541|(1.-0,06999999.0)]
[542|(1.-0,07999999.0)]
[543|(1.-0,08999999.0)]
[544|(1.-0,08999999.0)]
[545|(1.-0,08999999.0)]
[546|(1.-0,08999999.0)]
[547|(1.-0,08999999.0)]
[548|(1.-0,08999999.0)]
[549|(1.-0,08999999.0)]
[550|(1.-0,08999999.0)]
[551|(1.-0,08999999.0)]
[552|(1.-0,08999999.0)]
[553|(1.-0,08999999.0)]
[554|(1.-0,08999999.0)]
[555|(1.-0,08999999.0)]
[556|(1.-0,08999999.0)]
[557|(1.-0,08999999.0)]
[558|(1.-0,08999999.0)]
[559|(1.-0,08999999.0)]
[560|(1.-0,08999999.0)]
[561|(1.-0,08999999.0)]
[562|(1.-0,08999999.0)]
[563|(1.-0,08999999.0)]
[564|(1.-0,08999999.0)]
[565|(1.-0,08999999.0)]
[566|(1.-0,08999999.0)]
[567|(1.-0,08999999.0)]
[568|(1.-0,08999999.0)]
[569|(1.-0,08999999.0)]
[570|(1.-0,08999999.0)]
[571|(1.-0,08999999.0)]
[572|(1.-0,08999999.0)]
[573|(1.-0,08999999.0)]
[574|(1.-0,08999999.0)]
[575|(1.-0,08999999.0)]
[576|(1.-0,08999999.0)]
[577|(1.-0,08999999.0)]
[578|(1.-0,08999999.0)]
[579|(1.-0,08999999.0)]
[580|(1.-0,08999999.0)]
[581|(1.-0,08999999.0)]
[582|(1.-0,08999999.0)]
[583|(1.-0,08999999.0)]
[584|(1.-0,08999999.0)]
[585|(1.0.0)]
[586|(1.0,01.0)]
[587|(1.0,02.0)]
[588|(1.0,03.0)]
[589|(1.0,04.0)]
[590|(1.0,05.0)]
[591|(1.0,05999999.0)]
[592|(1.0,06999999.0)]
[593|(1.0,07999999.0)]
[594|(1.0,08999999.0)]
[595|(1.0,09999999.0)]
[596|(1.0,11.0)]
[597|(1.0,12.0)]
[598|(1.0,13.0)]
[599|(1.0,14.0)]
[600|(1.0,15.0)]
[601|(1.0,16.0)]
[602|(1.0,17.0)]
[603|(1.0,18.0)]
[604|(1.0,19.0)]
[605|(1.0,2.0)]
[606|(1.0,21.0)]
[607|(1.0,22.0)]
[608|(1.0,23.0)]
[609|(1.0,24.0)]
[610|(1.0,25.0)]
[611|(1.0,26.0)]
[612|(1.0,27.0)]
[613|(1.0,28.0)]
[614|(1.0,29.0)]
[615|(1.0,3.0)]
[616|(1.0,31.0)]
[617|(1.0,32.0)]
[618|(1.0,33.0)]
[619|(1.0,3399999.0)]
[620|(1.0,3499999.0)]
[621|(1.0,3599999.0)]
[622|(1.0,3699999.0)]
[623|(1.0,3799999.0)]
[624|(1.0,3899999.0)]
[625|(1.0,3999999.0)]
[626|(1.0,4099999.0)]
[627|(1.0,4199999.0)]
[628|(1.0,4299999.0)]
[629|(1.0,4399998.0)]
[630|(1.0,4499998.0)]
[631|(1.0,4599998.0)]
[632|(1.0,4699998.0)]
[633|(1.0,4799998.0)]
[634|(1.0,4899998.0)]
[635|(1.0,4999998.0)]
[636|(1.0,5099998.0)]
[637|(1.0,5199998.0)]
[638|(1.0,5299998.0)]
[639|(1.0,5399998.0)]
[640|(1.0,5499998.0)]
[641|(1.0,5599998.0)]
[642|(1.0,5699998.0)]
[643|(1.0,5799997.0)]
[644|(1.0,5899997.0)]
[645|(1.0,5999997.0)]
[646|(1.0,6099997.0)]
[647|(1.0,6199997.0)]
[648|(1.0,6299997.0)]
[649|(1.0,6399997.0)]
[650|(1.0,6399997.0)]
[651|(1.0,6399997.0)]
[652|(1.0,6399997.0)]
[653|(1.0,6399997.0)]
[654|(1.0,6399997.0)]
[655|(1.0,6399997.0)]
[656|(1.0,6399997.0)]
[657|(1.0,6399997.0)]
[658|(1.0,6399997.0)]
[659|(1.0,6399997.0)]
[660|(1.0,6399997.0)]
[661|(1.0,6399997.0)]
[662|(1.0,6399997.0)]
[663|(1.0,6399997.0)]
[664|(1.0,6399997.0)]
[665|(1.0,6399997.0)]
[666|(1.0,6399997.0)]
[667|(1.0,6399997.0)]
[668|(1.0,6399997.0)]
[669|(1.0,6399997.0)]
[670|(1.0,6399997.0)]
[671|(1.0,6399997.0)]
[672|(1.0,6399997.0)]
[673|(1.0,6399997.0)]
[674|(1.0,6399997.0)]
[675|(1.0,6399997.0)]
[676|(1.0,6399997.0)]
[677|(1.0,6399997.0)]
[678|(1.0,6399997.0)]
[679|(1.0,6399997.0)]
[680|(1.0,6399997.0)]
[681|(1.0,6399997.0)]
[682|(1.0,6399997.0)]
[683|(1.0,6399997.0)]
[684|(1.0,6399997.0)]
[685|(1.0,6399997.0)]
[686|(1.0,6399997.0)]
[687|(1.0,6399997.0)]
[688|(1.0,6399997.0)]
[689|(1.0,6399997.0)]
[690|(1.0,6399997.0)]
[691|(1.0,6399997.0)]
[692|(1.0,6399997.0)]
[693|(1.0,6399997.0)]
[694|(1.0,6399997.0)]
[695|(1.0.0)]
[696|(1.-0,01.0)]
[697|(1.-0,02.0)]
[698|(1.-0,03.0)]
[699|(1.-0,04.0)]
[700|(1.-0,05.0)]
[701|(1.-0,05999999.0)]
[702|(1.-0,05999999.0)]
[703|(1.-0,05999999.0)]
[704|(1.-0,05999999.0)]
[705|(1.-0,05999999.0)]
[706|(1.-0,05999999.0)]
[707|(1.-0,05999999.0)]
[708|(1.-0,05999999.0)]
[709|(1.-0,05999999.0)]
[710|(1.-0,05999999.0)]
[711|(1.-0,05999999.0)]
[712|(1.-0,05999999.0)]
[713|(1.-0,05999999.0)]
[714|(1.-0,05999999.0)]
[715|(1.-0,05999999.0)]
[716|(1.-0,05999999.0)]
[717|(1.-0,05999999.0)]
[718|(1.-0,05999999.0)]
[719|(1.-0,05999999.0)]
[720|(1.-0,05999999.0)]
[721|(1.-0,05999999.0)]
[722|(1.-0,05999999.0)]
[723|(1.-0,05999999.0)]
[724|(1.-0,05999999.0)]
[725|(1.-0,05999999.0)]
[726|(1.-0,05999999.0)]
[727|(1.-0,05999999.0)]
[728|(1.-0,05999999.0)]
[729|(1.-0,05999999.0)]
[730|(1.-0,05999999.0)]
[731|(1.-0,05999999.0)]
[732|(1.-0,05999999.0)]
[733|(1.-0,05999999.0)]
[734|(1.-0,05999999.0)]
[735|(1.-0,05999999.0)]
[736|(1.-0,05999999.0)]
[737|(1.-0,05999999.0)]
[738|(1.-0,05999999.0)]
[739|(1.-0,05999999.0)]
[740|(1.-0,05999999.0)]
[741|(1.-0,05999999.0)]
[742|(1.-0,06999999.0)]
[743|(1.-0,07999999.0)]
[744|(1.-0,08999999.0)]
[745|(1.-0,09999999.0)]
[746|(1.-0,11.0)]
[747|(1.-0,11.0)]
[748|(1.-0,11.0)]
[749|(1.-0,11.0)]
[750|(1.-0,11.0)]
[751|(1.-0,11.0)]
[752|(1.-0,11.0)]
[753|(1.-0,11.0)]
[754|(1.-0,11.0)]
[755|(1.-0,11.0)]
[756|(1.-0,11.0)]
[757|(1.-0,11.0)]
[758|(1.-0,11.0)]
[759|(1.-0,11.0)]
[760|(1.-0,11.0)]
[761|(1.-0,11.0)]
[762|(1.-0,11.0)]
[763|(1.-0,11.0)]
[764|(1.-0,11.0)]
[765|(1.-0,11.0)]
[766|(1.-0,11.0)]
[767|(1.-0,11.0)]
[768|(1.-0,11.0)]
[769|(1.-0,11.0)]
[770|(1.-0,11.0)]
[771|(1.-0,11.0)]
[772|(1.-0,11.0)]
[773|(1.-0,11.0)]
[774|(1.-0,11.0)]
[775|(1.-0,11.0)]
[776|(1.-0,11.0)]
[777|(1.-0,11.0)]
[778|(1.-0,11.0)]
[779|(1.-0,11.0)]
[780|(1.-0,11.0)]
[781|(1.-0,11.0)]
[782|(1.-0,11.0)]
[783|(1.-0,11.0)]
[784|(1.-0,11.0)]
[785|(1.-0,11.0)]
[786|(1.-0,11.0)]
[787|(1.-0,11.0)]
[788|(1.-0,11.0)]
[789|(1.-0,11.0)]
[790|(1.-0,11.0)]
[791|(1.-0,11.0)]
[792|(1.-0,11.0)]
[793|(1.-0,11.0)]
[794|(1.-0,11.0)]
[795|(1.-0,11.0)]
[796|(1.-0,11.0)]
[797|(1.-0,11.0)]
[798|(1.-0,11.0)]
[799|(1.-0,11.0)]
[800|(1.-0,11.0)]
[801|(1.-0,11.0)]
[802|(1.-0,11.0)]
[803|(1.-0,11.0)]
[804|(1.-0,11.0)]
[805|(1.-0,11.0)]
[806|(1.-0,11.0)]
[807|(1.-0,11.0)]
[808|(1.-0,11.0)]
[809|(1.-0,11.0)]
[810|(1.-0,11.0)]
[811|(1.-0,11.0)]
[812|(1.-0,11.0)]
[813|(1.-0,11.0)]
[814|(1.-0,11.0)]
[815|(1.-0,11.0)]
[816|(1.-0,11.0)]
[817|(1.-0,11.0)]
[818|(1.-0,11.0)]
[819|(1.-0,11.0)]
[820|(1.-0,11.0)]
[821|(1.-0,11.0)]
[822|(1.-0,11.0)]
[823|(1.-0,11.0)]
[824|(1.-0,11.0)]
[825|(1.-0,11.0)]
[826|(1.-0,11.0)]
[827|(1.-0,11.0)]
[828|(1.-0,11.0)]
[829|(1.-0,11.0)]
[830|(1.-0,11.0)]
[831|(1.-0,11.0)]
[832|(1.-0,11.0)]
[833|(1.-0,11.0)]
[834|(1.-0,11.0)]
[835|(1.-0,11.0)]
[836|(1.-0,11.0)]
[837|(1.-0,11.0)]
[838|(1.-0,11.0)]
[839|(1.-0,11.0)]
[840|(1.-0,11.0)]
[841|(1.-0,11.0)]
[842|(1.-0,11.0)]
[843|(1.-0,11.0)]
[844|(1.-0,11.0)]
[845|(1.-0,11.0)]
[846|(1.-0,11.0)]
[847|(0.0.0)]
[848|(0.0.0)]
[849|(0.0.0)]
[850|(0.0.0)]
[851|(0.0.0)]
[852|(0.0.0)]
[853|(0.0.0)]
[854|(0.0.0)]
[855|(0.0.0)]
[856|(0.0.0)]
[857|(0.0.0)]
[858|(0.0.0)]
[859|(0.0.0)]
[860|(0.0.0)]
[861|(0.0.0)]
[862|(0.0.0)]
[863|(0.0.0)]
[864|(0.0.0)]
[865|(0.0.0)]
[866|(0.0.0)]
[867|(0.0.0)]
[868|(0.0.0)]
[869|(0.0.0)]
[870|(0.0.0)]
[871|(0.0.0)]
[872|(0.0.0)]
[873|(0.0.0)]
[874|(0.0.0)]
[875|(0.0.0)]
[876|(0.0.0)]
[877|(0.0.0)]
[878|(0.0.0)]
[879|(0.0.0)]
[880|(0.0.0)]
[881|(0.0.0)]
[882|(0.0.0)]
[883|(0.0.0)]
[884|(0.0.0)]
[885|(0.0.0)]
[886|(0.0.0)]
[887|(0.0.0)]
[888|(0.0.0)]
[889|(0.0.0)]
[890|(0.0.0)]
[891|(0.0.0)]
[892|(0.0.0)]
[893|(0.0.0)]
[894|(0.0.0)]
[895|(0.0.0)]
[896|(0.0.0)]
[897|(0.0.0)]
[898|(0.0.0)]
[899|(0.0.0)]
[900|(0.0.0)]
[901|(0.0.0)]
[902|(0.0.0)]
[903|(0.0.0)]
[904|(0.0.0)]
[905|(0.0.0)]
[906|(0.0.0)]
[907|(0.0.0)]
[908|(0.0.0)]
[909|(0.0.0)]
[910|(0.0.0)]
[911|(0.0.0)]
[912|(0.0.0)]
[913|(0.0.0)]
[914|(0.0.0)]
[915|(0.0.0)]
[916|(0.0.0)]
[917|(0.0.0)]
[918|(0.0.0)]
[919|(0.0.0)]
[920|(0.0.0)]
[921|(0.0.0)]
[922|(0.0.0)]
[923|(0.0.0)]
[924|(0.0.0)]
[925|(0.0.0)]
[926|(0.0.0)]
[927|(0.0.0)]
[928|(0.0.0)]
[929|(0.0.0)]
[930|(0.0.0)]
[931|(0.0.0)]
[932|(0.0.0)]
[933|(0.0.0)]
[934|(0.0.0)]
[935|(0.0.0)]
[936|(0.0.0)]
[937|(0.0.0)]
[938|(0.0.0)]
[939|(0.0.0)]
[940|(0.0.0)]
[941|(0.0.0)]
[942|(0.0.0)]
[943|(0.0.0)]
[944|(0.0.0)]
[945|(0.0.0)]
[946|(0.0.0)]
[947|(0.0.0)]
[948|(0.0.0)]
[949|(0.0.0)]
[950|(0.0.0)]
[951|(0.0.0)]
[952|(0.0.0)]
[953|(0.0.0)]
[954|(0.0.0)]
[955|(0.0.0)]
[956|(0.0.0)]
[957|(0.0.0)]
[958|(0.0.0)]
[959|(0.0.0)]
[960|(0.0.0)]
[961|(0.0.0)]
[962|(0.0.0)]
[963|(0.0.0)]
[964|(0.0.0)]
[965|(0.0.0)]
[966|(0.0.0)]
[967|(0.0.0)]
[968|(0.0.0)]
[969|(0.0.0)]
[970|(0.0.0)]
[971|(0.0.0)]
[972|(0.0.0)]
[973|(0.0.0)]
[974|(0.0.0)]
[975|(0.0.0)]
[976|(0.0.0)]
[977|(0.0.0)]
[978|(0.0.0)]
[979|(0.0.0)]
[980|(0.0.0)]
[1|(0.0.0)]
[2|(0.0.0)]
[3|(0.0.0)]
[4|(0.0.0)]
[5|(0.0.0)]
[6|(0.0.0)]
[7|(0.0.0)]
[8|(0.0.0)]
[9|(0.0.0)]
[10|(0.0.0)]
[11|(0.0.0)]
[12|(0.0.0)]
[13|(0.0.0)]
[14|(0.0.0)]
[15|(0.0.0)]
[16|(0.0.0)]
[17|(0.0.0)]
[18|(0.0.0)]
[19|(0.0.0)]
[20|(0.0.0)]
[21|(0.0.0)]
[22|(0.0.0)]
[23|(0.0.0)]
[24|(0.0.0)]
[25|(0.0.0)]
[26|(0.0.0)]
[27|(0.0.0)]
[28|(0.0.0)]
[29|(0.0.0)]
[30|(0.0.0)]
[31|(0.0,01.0)]
[32|(0.0,02.0)]
[33|(0,01.0,03.0)]
[34|(0,02.0,04.0)]
[35|(0,03.0,05.0)]
[36|(0,04.0,05999999.0)]
[37|(0,05.0,06999999.0)]
[38|(0,05999999.0,07999999.0)]
[39|(0,06999999.0,08999999.0)]
[40|(0,07999999.0,09999999.0)]
[41|(0,08999999.0,11.0)]
[42|(0,09999999.0,12.0)]
[43|(0,11.0,13.0)]
[44|(0,12.0,14.0)]
[45|(0,13.0,15.0)]
[46|(0,14.0,16.0)]
[47|(0,15.0,17.0)]
[48|(0,16.0,18.0)]
[49|(0,17.0,19.0)]
[50|(0,18.0,2.0)]
[51|(0,19.0,2.0)]
[52|(0,2.0,2.0)]
[53|(0,21.0,2.0)]
[54|(0,22.0,2.0)]
[55|(0,23.0,2.0)]
[56|(0,24.0,2.0)]
[57|(0,25.0,2.0)]
[58|(0,26.0,2.0)]
[59|(0,27.0,2.0)]
[60|(0,28.0,21.0)]
[61|(0,29.0,22.0)]
[62|(0,3.0,22.0)]
[63|(0,31.0,22.0)]
[64|(0,32.0,22.0)]
[65|(0,33.0,22.0)]
[66|(0,3399999.0,23.0)]
[67|(0,3499999.0,23.0)]
[68|(0,3599999.0,23.0)]
[69|(0,3699999.0,23.0)]
[70|(0,3799999.0,23.0)]
[71|(0,3899999.0,23.0)]
[72|(0,3999999.0,23.0)]
[73|(0,4099999.0,23.0)]
[74|(0,4199999.0,23.0)]
[75|(0,4299999.0,24.0)]
[76|(0,4399998.0,25.0)]
[77|(0,4499998.0,26.0)]
[78|(0,4599998.0,26.0)]
[79|(0,4699998.0,26.0)]
[80|(0,4799998.0,26.0)]
[81|(0,4899998.0,26.0)]
[82|(0,4999998.0,26.0)]
[83|(0,5099998.0,26.0)]
[84|(0,5199998.0,26.0)]
[85|(0,5299998.0,26.0)]
[86|(0,5399998.0,26.0)]
[87|(0,5499998.0,26.0)]
[88|(0,5599998.0,26.0)]
[89|(0,5699998.0,26.0)]
[90|(0,5799997.0,26.0)]
[91|(0,5899997.0,26.0)]
[92|(0,5999997.0,26.0)]
[93|(0,6099997.0,26.0)]
[94|(0,6199997.0,26.0)]
[95|(0,6299997.0,26.0)]
[96|(0,6399997.0,26.0)]
[97|(0,6499997.0,26.0)]
[98|(0,6599997.0,26.0)]
[99|(0,6699997.0,26.0)]
[100|(0,6799996.0,26.0)]
[101|(0,6899996.0,26.0)]
[102|(0,6999996.0,26.0)]
[103|(0,7099996.0,26.0)]
[104|(0,7199996.0,26.0)]
[105|(0,7299996.0,26.0)]
[106|(0,7399996.0,26.0)]
[107|(0,7499996.0,26.0)]
[108|(0,7599996.0,26.0)]
[109|(0,7699996.0,26.0)]
[110|(0,7799996.0,26.0)]
[111|(0,7899995.0,26.0)]
[112|(0,7999995.0,26.0)]
[113|(0,8099995.0,26.0)]
[114|(0,8199995.0,26.0)]
[115|(0,8299995.0,26.0)]
[116|(0,8399995.0,26.0)]
[117|(0,8499995.0,26.0)]
[118|(0,8599995.0,26.0)]
[119|(0,8699995.0,26.0)]
[120|(0,8799995.0,26.0)]
[121|(0,8899994.0,26.0)]
[122|(0,8999994.0,26.0)]
[123|(0,9099994.0,26.0)]
[124|(0,9199994.0,26.0)]
[125|(0,9299994.0,26.0)]
[126|(0,9399994.0,26.0)]
[127|(0.0.0)]
[128|(0.0.0)]
[129|(0.0.0)]
[130|(0.0.0)]
[131|(0.0.0)]
[132|(0.0.0)]
[133|(0.0.0)]
[134|(0.0.0)]
[135|(0.0.0)]
[136|(0.0.0)]
[137|(0.0.0)]
[138|(0.0.0)]
[139|(0.0.0)]
[140|(0.0.0)]
[141|(0.0.0)]
[142|(0.0.0)]
[143|(0.0.0)]
[144|(0.0.0)]
[145|(0.0.0)]
[146|(0.0.0)]
[147|(0,01.0.0)]
[148|(0,02.0.0)]
[149|(0,03.0.0)]
[150|(0,04.0.0)]
[151|(0,05.0.0)]
[152|(0,05999999.0.0)]
[153|(0,06999999.0.0)]
[154|(0,07999999.0,01.0)]
[155|(0,08999999.0,01.0)]
[156|(0,09999999.0,01.0)]
[157|(0,11.0,01.0)]
[158|(0,12.0,01.0)]
[159|(0,13.0,01.0)]
[160|(0,14.0,01.0)]
[161|(0,15.0,01.0)]
[162|(0,16.0,01.0)]
[163|(0,17.0,01.0)]
[164|(0,18.0,01.0)]
[165|(0,19.0,02.0)]
[166|(0,2.0,03.0)]
[167|(0,21.0,03.0)]
[168|(0,22.0,03.0)]
[169|(0,23.0,03.0)]
[170|(0,24.0,04.0)]
[171|(0,25.0,05.0)]
[172|(0,26.0,05.0)]
[173|(0,27.0,05.0)]
[174|(0,28.0,05.0)]
[175|(0,29.0,05.0)]
[176|(0,3.0,05.0)]
[177|(0,31.0,05999999.0)]
[178|(0,32.0,06999999.0)]
[179|(0,33.0,07999999.0)]
[180|(0,3399999.0,08999999.0)]
[181|(0,3499999.0,09999999.0)]
[182|(0,3599999.0,11.0)]
[183|(0,3699999.0,12.0)]
[184|(0,3799999.0,13.0)]
[185|(0,3899999.0,14.0)]
[186|(0,3999999.0,15.0)]
[187|(0,4099999.0,16.0)]
[188|(0,4199999.0,17.0)]
[189|(0,4299999.0,18.0)]
[190|(0,4399998.0,19.0)]
[191|(0,4499998.0,2.0)]
[192|(0,4599998.0,21.0)]
[193|(0,4699998.0,22.0)]
[194|(0,4799998.0,23.0)]
[195|(0,4899998.0,24.0)]
[196|(0,4999998.0,24.0)]
[197|(0,5099998.0,24.0)]
[198|(0,5199998.0,24.0)]
[199|(0,5299998.0,24.0)]
[200|(0,5399998.0,24.0)]
[201|(0,5499998.0,24.0)]
[202|(0,5599998.0,24.0)]
[203|(0,5699998.0,24.0)]
[204|(0,5799997.0,24.0)]
[205|(0,5899997.0,24.0)]
[206|(0,5999997.0,24.0)]
[207|(0,6099997.0,24.0)]
[208|(0,6199997.0,24.0)]
[209|(0,6299997.0,24.0)]
[210|(0,6399997.0,24.0)]
[211|(0,6499997.0,24.0)]
[212|(0,6599997.0.0)]
[213|(0,6699997.-0,01.0)]
[214|(0,6799996.-0,01.0)]
[215|(0,6899996.-0,01.0)]
[216|(0,6999996.-0,01.0)]
[217|(0,7099996.-0,01.0)]
[218|(0,7199996.-0,01.0)]
[219|(0,7299996.-0,01.0)]
[220|(0,7399996.-0,01.0)]
[221|(0,7499996.-0,01.0)]
[222|(0,7599996.-0,01.0)]
[223|(0,7699996.-0,01.0)]
[224|(0,7799996.-0,01.0)]
[225|(0,7899995.-0,01.0)]
[226|(0,7999995.-0,01.0)]
[227|(0,8099995.-0,01.0)]
[228|(0,8199995.-0,01.0)]
[229|(0,8299995.-0,01.0)]
[230|(0,8399995.-0,01.0)]
[231|(0,8499995.-0,01.0)]
[232|(0,8599995.-0,01.0)]
[233|(0,8699995.-0,01.0)]
[234|(0,8799995.-0,01.0)]
[235|(0,8899994.-0,01.0)]
[236|(0,8999994.-0,01.0)]
[237|(0,9099994.-0,01.0)]
[238|(0,9199994.-0,01.0)]
[239|(0,9299994.-0,01.0)]
[240|(0,9399994.-0,01.0)]
[241|(0,9499994.-0,01.0)]
[242|(0,9599994.-0,01.0)]
[243|(0,9699994.-0,01.0)]
[244|(0,9799994.-0,01.0)]
[245|(0,9899994.-0,01.0)]
[246|(0,9999993.-0,01.0)]
[247|(1,009999.-0,01.0)]
[248|(1.-0,01.0)]
[249|(1.-0,01.0)]
[250|(1.-0,01.0)]
[251|(1.-0,01.0)]
[252|(1.-0,01.0)]
[253|(1.-0,01.0)]
[254|(1.-0,01.0)]
[255|(1.-0,01.0)]
[256|(1.-0,01.0)]
[257|(1.-0,01.0)]
[258|(1.-0,01.0)]
[259|(1.-0,01.0)]
[260|(1.-0,01.0)]
[261|(1.-0,01.0)]
[262|(1.-0,01.0)]
[263|(1.-0,01.0)]
[264|(1.-0,01.0)]
[265|(1.-0,01.0)]
[266|(1.-0,01.0)]
[267|(1.-0,01.0)]
[268|(1.-0,01.0)]
[269|(1.-0,01.0)]
[270|(1.-0,01.0)]
[271|(1.-0,01.0)]
[272|(1.-0,01.0)]
[273|(1.-0,01.0)]
[274|(1.-0,01.0)]
[275|(1.-0,01.30000)]
[276|(1.-0,01.30000)]
[277|(1.-0,01.0)]
[278|(1.-0,01.0)]
[279|(1.-0,01.0)]
[280|(1.-0,01.0)]
[281|(1.-0,01.0)]
[282|(1.-0,01.0)]
[283|(1.-0,01.0)]
[284|(1.-0,01.0)]
[285|(1.-0,01.0)]
[286|(1.-0,01.0)]
[287|(1.-0,01.0)]
[288|(1.-0,01.0)]
[289|(1.-0,01.0)]
[290|(1.-0,01.0)]
[291|(1.0.0)]
[292|(1.0,01.0)]
[293|(1.0,01.0)]
[294|(1.0,01.0)]
[295|(1.0,01.0)]
[296|(1.0,01.0)]
[297|(1.0,01.0)]
[298|(1.0,01.0)]
[299|(1.0,01.0)]
[300|(1.0,01.0)]
[301|(1.0,01.0)]
[302|(1.0,01.0)]
[303|(1.0,01.0)]
[304|(1.0,01.0)]
[305|(1.0,01.0)]
[306|(1.0,01.0)]
[307|(1.0,01.0)]
[308|(1.0,01.0)]
[309|(1.0,02.0)]
[310|(1.0,03.0)]
[311|(1.0,03.0)]
[312|(1.0,03.0)]
[313|(1.0,03.0)]
[314|(1.0,03.0)]
[315|(1.0,03.0)]
[316|(1.0,03.0)]
[317|(1.0,03.0)]
[318|(1.0,03.0)]
[319|(1.0,03.0)]
[320|(1.0,03.0)]
[321|(1.0,03.0)]
[322|(1.0,03.0)]
[323|(1.0,03.0)]
[324|(1.0,03.0)]
[325|(1.0,03.0)]
[326|(1.0,03.0)]
[327|(1.0,03.0)]
[328|(1.0,03.0)]
[329|(1.0,03.0)]
[330|(1.0,03.0)]
[331|(1.0,03.0)]
[332|(1.0,03.0)]
[333|(1.0,03.0)]
[334|(1.0,03.0)]
[335|(1.0,03.0)]
[336|(1.0,03.0)]
[337|(1.0,03.0)]
[338|(1.0,03.0)]
[339|(1.0,03.0)]
[340|(1.0,03.0)]
[341|(1.0,03.0)]
[342|(1.0,03.0)]
[343|(1.0,03.0)]
[344|(1.0,03.0)]
[345|(1.0,03.0)]
[346|(1.0,03.0)]
[347|(1.0,03.0)]
[348|(1.0,03.0)]
[349|(1.0,03.0)]
[350|(1.0,03.0)]
[351|(1.0,03.0)]
[352|(1.0,03.0)]
[353|(1.0,03.0)]
[354|(1.0,03.0)]
[355|(1.0,03.0)]
[356|(1.0,03.0)]
[357|(1.0,03.0)]
[358|(1.0,03.0)]
[359|(1.0,03.0)]
[360|(1.0,03.0)]
[361|(1.0,03.0)]
[362|(1.0,03.0)]
[363|(1.0,03.0)]
[364|(1.0,03.0)]
[365|(1.0,03.0)]
[366|(1.0,03.0)]
[367|(1.0,03.0)]
[368|(1.0,03.0)]
[369|(1.0,03.0)]
[370|(1.0,03.0)]
[371|(1.0,03.0)]
[372|(1.0,03.0)]
[373|(1.0,03.0)]
[374|(1.0,03.0)]
[375|(1.0,03.0)]
[376|(1.0,03.0)]
[377|(1.0,03.0)]
[378|(1.0,03.0)]
[379|(1.0,03.0)]
[380|(1.0,03.0)]
[381|(1.0,03.0)]
[382|(1.0,03.0)]
[383|(1.0,03.0)]
[384|(1.0,03.0)]
[385|(1.0,03.0)]
[386|(1.0,03.0)]
[387|(1.0,03.0)]
[388|(1.0,03.0)]
[389|(1.0,03.0)]
[390|(1.0,03.0)]
[391|(1.0,03.0)]
[392|(1.0,03.0)]
[393|(1.0,03.0)]
[394|(1.0,03.0)]
[395|(1.0,03.0)]
[396|(1.0.0)]
[397|(1.0.0)]
[398|(1.0.0)]
[399|(1.0.0)]
[400|(1.0.0)]
[401|(1.0.0)]
[402|(1.0.0)]
[403|(1.0.0)]
[404|(1.0.0)]
[405|(1.0.0)]
[406|(1.0.0)]
[407|(1.0.0)]
[408|(1.0.0)]
[409|(1.0.0)]
[410|(1.0.0)]
[411|(1.0.0)]
[412|(1.0.0)]
[413|(1.0.0)]
[414|(1.0.0)]
[415|(1.0.0)]
[416|(1.0.0)]
[417|(1.0.0)]
[418|(1.0.0)]
[419|(1.0.0)]
[420|(1.0.0)]
[421|(1.0.0)]
[422|(1.0.0)]
[423|(1.0.0)]
[424|(1.0.0)]
[425|(1.0.0)]
[426|(1.0.0)]
[427|(1.0.0)]
[428|(1.0.0)]
[429|(1.0.0)]
[430|(1.0.0)]
[431|(1.0.0)]
[432|(1.0.0)]
[433|(1.0.0)]
[434|(1.0.0)]
[435|(1.0.0)]
[436|(1.0.0)]
[437|(1.0.0)]
[438|(1.0.0)]
[439|(1.0.0)]
[440|(1.0.0)]
[441|(1.0.0)]
[442|(1.0.0)]
[443|(1.0.0)]
[444|(1.0.0)]
[445|(1.0.0)]
[446|(1.0.0)]
[447|(1.0.0)]
[448|(1.0.0)]
[449|(1.0.0)]
[450|(1.0.0)]
[451|(1.0.0)]
[452|(1.0.0)]
[453|(1.0.0)]
[454|(1.0.0)]
[455|(1.0.0)]
[456|(1.0.0)]
[457|(1.0.0)]
[458|(1.0.0)]
[459|(1.0.0)]
[460|(1.0.0)]
[461|(1.0.0)]
[462|(1.0.0)]
[463|(1.0.0)]
[464|(1.0.0)]
[465|(1.0.0)]
[466|(1.0.0)]
[467|(1.0.0)]
[468|(1.0.0)]
[469|(1.0.0)]
[470|(1.0.0)]
[471|(1.0.0)]
[472|(1.0.0)]
[473|(1.0.0)]
[474|(1.0.0)]
[475|(1.0.0)]
[476|(1.0.0)]
[477|(1.0.0)]
[478|(1.0.0)]
[479|(1.0.0)]
[480|(1.0.0)]
[481|(1.0.0)]
[482|(1.0.0)]
[483|(0.0.0)]
[484|(0.0.0)]
[485|(0.0.0)]
[486|(0.0.0)]
[487|(0.0.0)]
[488|(0.0.0)]
[489|(0.0.0)]
[490|(0.0.0)]
[491|(0.0.0)]
[492|(0.0.0)]
[493|(0.0.0)]
[494|(0.0.0)]
[495|(0.0.0)]
[496|(0.0.0)]
[497|(0.0.0)]
[498|(0.0.0)]
[499|(0.0.0)]
[1|(0.0.0)]
[2|(0.0.0)]
[3|(0.0.0)]
[4|(0.0.0)]
[5|(0.0.0)]
[6|(0.0.0)]
[7|(0.0.0)]
[8|(0.0.0)]
[9|(0.0.0)]
[10|(0.0.0)]
[11|(0.0.0)]
[12|(0.0.0)]
[13|(0.0.0)]
[14|(0.0.0)]
[15|(0.0.0)]
[16|(0.0.0)]
[17|(0.0.0)]
[18|(0.0.0)]
[19|(0.0.0)]
[20|(0.0.0)]
[21|(0.0.0)]
[22|(0.0.0)]
[23|(0.0.0)]
[24|(0.0.0)]
[25|(0.0.0)]
[26|(0.0.0)]
[27|(0.0.0)]
[28|(0.0.0)]
[29|(0.0.0)]
[30|(0.0.0)]
[31|(0.0.0)]
[32|(0.0.0)]
[33|(0.0.0)]
[34|(0.0.0)]
[35|(0.0.0)]
[36|(0.0.0)]
[37|(0.0.0)]
[38|(0.0.0)]
[39|(0.0.0)]
[40|(0.0.0)]
[41|(0.0.0)]
[42|(0.0.0)]
[43|(0.0.0)]
[44|(0.0.0)]
[45|(0.0.0)]
[46|(0.0.0)]
[47|(0.0.0)]
[48|(0.0.0)]
[49|(0.0.0)]
[50|(0.0.0)]
[51|(0.0.0)]
[52|(0.0.0)]
[53|(0.0.0)]
[54|(0.0.0)]
[55|(0.0.0)]
[56|(0.0.0)]
[57|(0.0.0)]
[58|(0.0.0)]
[59|(0.0.0)]
[60|(0.0.0)]
[61|(0.0.0)]
[62|(0.0.0)]
[63|(0.0.0)]
[64|(0.0.0)]
[65|(0.0.0)]
[66|(0.0.0)]
[67|(0.0.0)]
[68|(0.0.0)]
[69|(0.0.0)]
[70|(0.0.0)]
[71|(0.0.0)]
[72|(0.0.0)]
[73|(0.0.0)]
[74|(0.0.0)]
[75|(0.0.0)]
[76|(0.0.0)]
[77|(0.0.0)]
[78|(0.0.0)]
[79|(0.0.0)]
[80|(0.0.0)]
[81|(0.0.0)]
[82|(0.0.0)]
[83|(0.0.0)]
[84|(0.0.0)]
[85|(0.0.0)]
[86|(0.0.0)]
[87|(0.0.0)]
[88|(0.0.0)]
[89|(0.0.0)]
[90|(0.0.0)]
[91|(0.0.0)]
[92|(0.0.0)]
[93|(0.0.0)]
[94|(0.0.0)]
[95|(0.0.0)]
[96|(0.0.0)]
[97|(0.0.0)]
[98|(0.0.0)]
[99|(0.0.0)]
[100|(0.0.0)]
[101|(0.0.0)]
[102|(0.0.0)]
[103|(0.0.0)]
[104|(0.0.0)]
[105|(0.0.0)]
[106|(0.0.0)]
[107|(0.0.0)]
[108|(0.0.0)]
[109|(0.0.0)]
[110|(0.0.0)]
[111|(0.0.0)]
[112|(0.0.0)]
[113|(0.0.0)]
[114|(0.0.0)]
[115|(0.0.0)]
[116|(0.0.0)]
[117|(0.0.0)]
[118|(0.0.0)]
[119|(0.0.0)]
[120|(0.0.0)]
[121|(0.0.0)]
[122|(0.0.0)]
[123|(0.0.0)]
[124|(0.0.0)]
[125|(0.0.0)]
[126|(0.0.0)]
[127|(0.0.0)]
[128|(0.0.0)]
[129|(0.0.0)]
[130|(0.0.0)]
[131|(0.0.0)]
[132|(0.0.0)]
[133|(0.0.0)]
[134|(0.0.0)]
[135|(0.0.0)]
[136|(0.0.0)]
[137|(0.0.0)]
[138|(0.0.0)]
[139|(0.0.0)]
[140|(0.0.0)]
[141|(0.0.0)]
[142|(0.0.0)]
[143|(0.0.0)]
[144|(0.0.0)]
[145|(0.0.0)]
[146|(0.0.0)]
[147|(0.0.0)]
[148|(0.0.0)]
[149|(0.0.0)]
[150|(0.0.0)]
[151|(0.0.0)]
[152|(0.0.0)]
[153|(0.0.0)]
[154|(0.0.0)]
[155|(0.0.0)]
[156|(0.0.0)]
[157|(0.0.0)]
[158|(0.0.0)]
[159|(0.0.0)]
[160|(0.0.0)]
[161|(0.0.0)]
[162|(0.0.0)]
[163|(0.0.0)]
[164|(0.0.0)]
[165|(0.0.0)]
[166|(0.0.0)]
[167|(0.0.0)]
[168|(0.0.0)]
[169|(0.0.0)]
[170|(0.0.0)]
[171|(0.0.0)]
[172|(0.0.0)]
[173|(0.0.0)]
[174|(0.0.0)]
[175|(0.0.0)]
[176|(0.0.0)]
[177|(0.0.0)]
[178|(0.0.0)]
[179|(0.0.0)]
[180|(0.0.0)]
[181|(0.0.0)]
[182|(0.0.0)]
[183|(0.0.0)]
[184|(0.0.0)]
[185|(0.0.0)]
[186|(0.0.0)]
[187|(0.0.0)]
[188|(0.0.0)]
[189|(0.0.0)]
[190|(0.0.0)]
[191|(0.0.0)]
[192|(0.0.0)]
[193|(0.0.0)]
[194|(0.0.0)]
[195|(0.0.0)]
[196|(0.0.0)]
[197|(0.0.0)]
[198|(0.0.0)]
[199|(0.0.0)]
[200|(0.0.0)]
[201|(0.0.0)]
[202|(0.0.0)]
[203|(0.0.0)]
[204|(0.0.0)]
[205|(0.0.0)]
[206|(0.0.0)]
[207|(0.0.0)]
[208|(0.0.0)]
[209|(0.0.0)]
[210|(0.0.0)]
[211|(0.0.0)]
[212|(0.0.0)]
[213|(0.0.0)]
[214|(0.0.0)]
[215|(0.0.0)]
[216|(0.0.0)]
[217|(0.0.0)]
[218|(0.0.0)]
[219|(0.0.0)]
[220|(0.0.0)]
[221|(0.0.0)]
[222|(0.0.0)]
[223|(0.0.0)]
[224|(0.0.0)]
[225|(0.0.0)]
[226|(0.0.0)]
[227|(0.0.0)]
[228|(0.0.0)]
[229|(0.0.0)]
[230|(0.0.0)]
[231|(0.0.0)]
[232|(0.0.0)]
[233|(0.0.0)]
[234|(0.0.0)]
[235|(0.0.0)]
[236|(0.0.0)]
[237|(0.0.0)]
[238|(0.0.0)]
[239|(0.0.0)]
[240|(0.0.0)]
[241|(0.0.0)]
[242|(0.0.0)]
[243|(0.0.0)]
[244|(0.0.0)]
[245|(0.0.0)]
[246|(0.0.0)]
[247|(0.0.0)]
[248|(0.0.0)]
[249|(0.0.0)]
[250|(0.0.0)]
[251|(0.0.0)]
[252|(0.0.0)]
[253|(0.0.0)]
[254|(0.0.0)]
[255|(0.0.0)]
[256|(0.0.0)]
[257|(0.0.0)]
[258|(0.0.0)]
[259|(0.0.0)]
[260|(0.0.0)]
[261|(0.0.0)]
[262|(0.0.0)]
[263|(0.0.0)]
[264|(0.0.0)]
[265|(0.0.0)]
[266|(0.0.0)]
[267|(0.0.0)]
[268|(0.0.0)]
[269|(0.0.0)]
[270|(0.0.0)]
[271|(0.0.0)]
[272|(0.0.0)]
[273|(0.0.0)]
[274|(0.0.0)]
[275|(0.0.0)]
[276|(0.0.0)]
[277|(0.0.0)]
[278|(0.0.0)]
[279|(0.0.0)]
[280|(0.0.0)]
[281|(0.0.0)]
[282|(0.0.0)]
[283|(0.0.0)]
[284|(0.0.0)]
[285|(0.0.0)]
[286|(0.0.0)]
[287|(0.0.0)]
[288|(0.0.0)]
[289|(0.0.0)]
[290|(0.0.0)]
[291|(0.0.0)]
[292|(0.0.0)]
[293|(0.0.0)]
[294|(0.0.0)]
[295|(0.0.0)]
[296|(0.0.0)]
[297|(0.0.0)]
[298|(0.0.0)]
[299|(0.0.0)]
[300|(0.0.0)]
[301|(0.0.0)]
[302|(0.0.0)]
[303|(0.0.0)]
[304|(0.0.0)]
[305|(0.0.0)]
[306|(0.0.0)]
[307|(0.0.0)]
[308|(0.0.0)]
[309|(0.0.0)]
[310|(0.0.0)]
[311|(0.0.0)]
[312|(0.0.0)]
[313|(0.0.0)]
[314|(0.0.0)]
[315|(0.0.0)]
[316|(0.0.0)]
[317|(0.0.0)]
[318|(0.0.0)]
[319|(0.0.0)]
[320|(0.0.0)]
[321|(0.0.0)]
[322|(0.0.0)]
[323|(0.0.0)]
[324|(0.0.0)]
[325|(0.0.0)]
[326|(0.0.0)]
[327|(0.0.0)]
[328|(0.0.0)]
[329|(0.0.0)]
[330|(0.0.0)]
[331|(0.0.0)]
[332|(0.0.0)]
[333|(0.0.0)]
[334|(0.0.0)]
[335|(0.0.0)]
[336|(0.0.0)]
[337|(0.0.0)]
[338|(0.0.0)]
[339|(0.0.0)]
[340|(0.0.0)]
[341|(0.0.0)]
[342|(0.0.0)]
[343|(0.0.0)]
[344|(0.0.0)]
[345|(0.0.0)]
[346|(0.0.0)]
[347|(0.0.0)]
[348|(0.0.0)]
[349|(0.0.0)]
[350|(0.0.0)]
[351|(0.0.0)]
[352|(0.0.0)]
[353|(0.0.0)]
[354|(0.0.0)]
[355|(0.0.0)]
[356|(0.0.0)]
[357|(0.0.0)]
[358|(0.0.0)]
[359|(0.0.0)]
[360|(0.0.0)]
[361|(0.0.0)]
[362|(0.0.0)]
[363|(0.0.0)]
[364|(0.0.0)]
[365|(0.0.0)]
[366|(0.0.0)]
[367|(0.0.0)]
[368|(0.0.0)]
[369|(0.0.0)]
[370|(0.0.0)]
[371|(0.0.0)]
[372|(0.0.0)]
[373|(0.0.0)]
[374|(0.0.0)]
[375|(0.0.0)]
[376|(0.0.0)]
[377|(0.0.0)]
[378|(0.0.0)]
[379|(0.0.0)]
[380|(0.0.0)]
[381|(0.0.0)]
[382|(0.0.0)]
[383|(0.0.0)]
[384|(0.0.0)]
[385|(0.0.0)]
[386|(0.0.0)]
[387|(0.0.0)]
[388|(0.0.0)]
[389|(0.0.0)]
[390|(0,01.0.0)]
[391|(0,02.0.0)]
[392|(0,03.0.0)]
[393|(0,04.0.0)]
[394|(0,05.0.0)]
[395|(0,05999999.0.0)]
[396|(0,06999999.0.0)]
[397|(0,07999999.0,01.0)]
[398|(0,08999999.0,02.0)]
[399|(0,09999999.0,03.0)]
[400|(0,11.0,04.0)]
[401|(0,12.0,05.0)]
[402|(0,13.0,05.0)]
[403|(0,14.0,05.0)]
[404|(0,15.0,05.0)]
[405|(0,16.0,05.0)]
[406|(0,17.0,05.0)]
[407|(0,18.0,05.0)]
[408|(0,19.0,05.0)]
[409|(0,2.0,05.0)]
[410|(0,21.0,05.0)]
[411|(0,22.0,05.0)]
[412|(0,23.0,05.0)]
[413|(0,24.0,05.0)]
[414|(0,25.0,05.0)]
[415|(0,26.0,05.0)]
[416|(0,27.0,05.0)]
[417|(0,28.0,05.0)]
[418|(0,29.0,05999999.0)]
[419|(0,3.0,06999999.0)]
[420|(0,31.0,07999999.0)]
[421|(0,32.0,08999999.0)]
[422|(0,33.0,09999999.0)]
[423|(0,3399999.0,11.0)]
[424|(0,3499999.0,12.0)]
[425|(0,3599999.0,12.0)]
[426|(0,3699999.0,12.0)]
[427|(0,3799999.0,12.0)]
[428|(0,3899999.0,12.0)]
[429|(0,3999999.0,12.0)]
[430|(0,4099999.0,12.0)]
[431|(0,4199999.0,12.0)]
[432|(0,4299999.0,12.0)]
[433|(0,4399998.0,12.0)]
[434|(0,4499998.0,13.0)]
[435|(0,4599998.0,14.0)]
[436|(0,4699998.0,15.0)]
[437|(0,4799998.0,16.0)]
[438|(0,4899998.0,17.0)]
[439|(0,4999998.0,18.0)]
[440|(0,5099998.0,19.0)]
[441|(0,5199998.0,19.0)]
[442|(0,5299998.0,19.0)]
[443|(0,5399998.0,19.0)]
[444|(0,5499998.0,19.0)]
[445|(0,5599998.0,19.0)]
[446|(0,5699998.0,19.0)]
[447|(0,5799997.0,19.0)]
[448|(0,5899997.0,19.0)]
[449|(0,5999997.0,19.0)]
[450|(0,6099997.0,19.0)]
[451|(0,6199997.0,19.0)]
[452|(0,6299997.0,19.0)]
[453|(0,6399997.0,19.0)]
[454|(0,6499997.0,19.0)]
[455|(0,6599997.0,19.0)]
[456|(0,6699997.0,19.0)]
[457|(0,6799996.0,19.0)]
[458|(0,6899996.0,19.0)]
[459|(0,6999996.0,19.0)]
[460|(0,7099996.0,19.0)]
[461|(0,7199996.0,19.0)]
[462|(0,7299996.0,19.0)]
[463|(0,7399996.0,19.0)]
[464|(0,7499996.0,19.0)]
[465|(0,7599996.0,19.0)]
[466|(0,7699996.0,19.0)]
[467|(0,7799996.0,19.0)]
[468|(0,7899995.0,19.0)]
[469|(0,7999995.0,19.0)]
[470|(0,8099995.0,19.0)]
[471|(0,8199995.0,19.0)]
[472|(0,8299995.0,19.0)]
[473|(0,8399995.0,19.0)]
[474|(0,8499995.0,19.0)]
[475|(0,8599995.0,19.0)]
[476|(0,8699995.0,19.0)]
[477|(0,8799995.0,19.0)]
[478|(0,8899994.0,19.0)]
[479|(0,8999994.0,19.0)]
[480|(0,9099994.0,19.0)]
[481|(0,9199994.0,19.0)]
[482|(0,9299994.0,19.0)]
[483|(0,9399994.0,19.0)]
[484|(0,9499994.0,19.0)]
[485|(0,9599994.0,19.0)]
[486|(0,9699994.0,19.0)]
[487|(0,9799994.0,19.0)]
[488|(0,9899994.0,19.0)]
[489|(0,9999993.0,19.0)]
[490|(1,009999.0,19.0)]
[491|(1.0,19.0)]
[492|(1.0.0)]
[493|(1.-0,01.0)]
[494|(1.-0,02.0)]
[495|(1.-0,02.0)]
[496|(1.-0,02.0)]
[497|(1.-0,02.0)]
[498|(1.-0,02.0)]
[499|(1.-0,02.0)]
[500|(1.-0,02.0)]
[501|(1.-0,02.0)]
[502|(1.-0,02.0)]
[503|(1.-0,02.0)]
[504|(1.-0,02.0)]
[505|(1.-0,02.0)]
[506|(1.-0,02.0)]
[507|(1.-0,02.0)]
[508|(1.-0,02.0)]
[509|(1.-0,02.0)]
[510|(1.-0,02.0)]
[511|(1.-0,02.0)]
[512|(1.-0,02.0)]
[513|(1.-0,02.0)]
[514|(1.-0,02.0)]
[515|(1.-0,02.0)]
[516|(1.-0,02.0)]
[517|(1.-0,02.0)]
[518|(1.-0,02.0)]
[519|(1.-0,02.0)]
[520|(1.-0,02.0)]
[521|(1.-0,02.0)]
[522|(1.-0,02.0)]
[523|(1.-0,02.0)]
[524|(1.-0,02.0)]
[525|(1.-0,02.0)]
[526|(1.-0,02.0)]
[527|(1.-0,03.0)]
[528|(1.-0,04.0)]
[529|(1.-0,05.0)]
[530|(1.-0,05.0)]
[531|(1.-0,05.0)]
[532|(1.-0,05.0)]
[533|(1.-0,05.0)]
[534|(1.-0,05.0)]
[535|(1.-0,05.0)]
[536|(1.-0,05.0)]
[537|(1.-0,05.0)]
[538|(1.-0,05.0)]
[539|(1.-0,05.0)]
[540|(1.-0,05999999.0)]
[541|(1.-0,06999999.0)]
[542|(1.-0,07999999.0)]
[543|(1.-0,08999999.0)]
[544|(1.-0,08999999.0)]
[545|(1.-0,08999999.0)]
[546|(1.-0,08999999.0)]
[547|(1.-0,08999999.0)]
[548|(1.-0,08999999.0)]
[549|(1.-0,08999999.0)]
[550|(1.-0,08999999.0)]
[551|(1.-0,08999999.0)]
[552|(1.-0,08999999.0)]
[553|(1.-0,08999999.0)]
[554|(1.-0,08999999.0)]
[555|(1.-0,08999999.0)]
[556|(1.-0,08999999.0)]
[557|(1.-0,08999999.0)]
[558|(1.-0,08999999.0)]
[559|(1.-0,08999999.0)]
[560|(1.-0,08999999.0)]
[561|(1.-0,08999999.0)]
[562|(1.-0,08999999.0)]
[563|(1.-0,08999999.0)]
[564|(1.-0,08999999.0)]
[565|(1.-0,08999999.0)]
[566|(1.-0,08999999.0)]
[567|(1.-0,08999999.0)]
[568|(1.-0,08999999.0)]
[569|(1.-0,08999999.0)]
[570|(1.-0,08999999.0)]
[571|(1.-0,08999999.0)]
[572|(1.-0,08999999.0)]
[573|(1.-0,08999999.0)]
[574|(1.-0,08999999.0)]
[575|(1.-0,08999999.0)]
[576|(1.-0,08999999.0)]
[577|(1.-0,08999999.0)]
[578|(1.-0,08999999.0)]
[579|(1.-0,08999999.0)]
[580|(1.-0,08999999.0)]
[581|(1.-0,08999999.0)]
[582|(1.-0,08999999.0)]
[583|(1.-0,08999999.0)]
[584|(1.-0,08999999.0)]
[585|(1.0.0)]
[586|(1.0,01.0)]
[587|(1.0,02.0)]
[588|(1.0,03.0)]
[589|(1.0,04.0)]
[590|(1.0,05.0)]
[591|(1.0,05999999.0)]
[592|(1.0,06999999.0)]
[593|(1.0,07999999.0)]
[594|(1.0,08999999.0)]
[595|(1.0,09999999.0)]
[596|(1.0,11.0)]
[597|(1.0,12.0)]
[598|(1.0,13.0)]
[599|(1.0,14.0)]
[600|(1.0,15.0)]
[601|(1.0,16.0)]
[602|(1.0,17.0)]
[603|(1.0,18.0)]
[604|(1.0,19.0)]
[605|(1.0,2.0)]
[606|(1.0,21.0)]
[607|(1.0,22.0)]
[608|(1.0,23.0)]
[609|(1.0,24.0)]
[610|(1.0,25.0)]
[611|(1.0,26.0)]
[612|(1.0,27.0)]
[613|(1.0,28.0)]
[614|(1.0,29.0)]
[615|(1.0,3.0)]
[616|(1.0,31.0)]
[617|(1.0,32.0)]
[618|(1.0,33.0)]
[619|(1.0,3399999.0)]
[620|(1.0,3499999.0)]
[621|(1.0,3599999.0)]
[622|(1.0,3699999.0)]
[623|(1.0,3799999.0)]
[624|(1.0,3899999.0)]
[625|(1.0,3999999.0)]
[626|(1.0,4099999.0)]
[627|(1.0,4199999.0)]
[628|(1.0,4299999.0)]
[629|(1.0,4399998.0)]
[630|(1.0,4499998.0)]
[631|(1.0,4599998.0)]
[632|(1.0,4699998.0)]
[633|(1.0,4799998.0)]
[634|(1.0,4899998.0)]
[635|(1.0,4999998.0)]
[636|(1.0,5099998.0)]
[637|(1.0,5199998.0)]
[638|(1.0,5299998.0)]
[639|(1.0,5399998.0)]
[640|(1.0,5499998.0)]
[641|(1.0,5599998.0)]
[642|(1.0,5699998.0)]
[643|(1.0,5799997.0)]
[644|(1.0,5899997.0)]
[645|(1.0,5999997.0)]
[646|(1.0,6099997.0)]
[647|(1.0,6199997.0)]
[648|(1.0,6299997.0)]
[649|(1.0,6399997.0)]
[650|(1.0,6399997.0)]
[651|(1.0,6399997.0)]
[652|(1.0,6399997.0)]
[653|(1.0,6399997.0)]
[654|(1.0,6399997.0)]
[655|(1.0,6399997.0)]
[656|(1.0,6399997.0)]
[657|(1.0,6399997.0)]
[658|(1.0,6399997.0)]
[659|(1.0,6399997.0)]
[660|(1.0,6399997.0)]
[661|(1.0,6399997.0)]
[662|(1.0,6399997.0)]
[663|(1.0,6399997.0)]
[664|(1.0,6399997.0)]
[665|(1.0,6399997.0)]
[666|(1.0,6399997.0)]
[667|(1.0,6399997.0)]
[668|(1.0,6399997.0)]
[669|(1.0,6399997.0)]
[670|(1.0,6399997.0)]
[671|(1.0,6399997.0)]
[672|(1.0,6399997.0)]
[673|(1.0,6399997.0)]
[674|(1.0,6399997.0)]
[675|(1.0,6399997.0)]
[676|(1.0,6399997.0)]
[677|(1.0,6399997.0)]
[678|(1.0,6399997.0)]
[679|(1.0,6399997.0)]
[680|(1.0,6399997.0)]
[681|(1.0,6399997.0)]
[682|(1.0,6399997.0)]
[683|(1.0,6399997.0)]
[684|(1.0,6399997.0)]
[685|(1.0,6399997.0)]
[686|(1.0,6399997.0)]
[687|(1.0,6399997.0)]
[688|(1.0,6399997.0)]
[689|(1.0,6399997.0)]
[690|(1.0,6399997.0)]
[691|(1.0,6399997.0)]
[692|(1.0,6399997.0)]
[693|(1.0,6399997.0)]
[694|(1.0,6399997.0)]
[695|(1.0.0)]
[696|(1.-0,01.0)]
[697|(1.-0,02.0)]
[698|(1.-0,03.0)]
[699|(1.-0,04.0)]
[700|(1.-0,05.0)]
[701|(1.-0,05999999.0)]
[702|(1.-0,05999999.0)]
[703|(1.-0,05999999.0)]
[704|(1.-0,05999999.0)]
[705|(1.-0,05999999.0)]
[706|(1.-0,05999999.0)]
[707|(1.-0,05999999.0)]
[708|(1.-0,05999999.0)]
[709|(1.-0,05999999.0)]
[710|(1.-0,05999999.0)]
[711|(1.-0,05999999.0)]
[712|(1.-0,05999999.0)]
[713|(1.-0,05999999.0)]
[714|(1.-0,05999999.0)]
[715|(1.-0,05999999.0)]
[716|(1.-0,05999999.0)]
[717|(1.-0,05999999.0)]
[718|(1.-0,05999999.0)]
[719|(1.-0,05999999.0)]
[720|(1.-0,05999999.0)]
[721|(1.-0,05999999.0)]
[722|(1.-0,05999999.0)]
[723|(1.-0,05999999.0)]
[724|(1.-0,05999999.0)]
[725|(1.-0,05999999.0)]
[726|(1.-0,05999999.0)]
[727|(1.-0,05999999.0)]
[728|(1.-0,05999999.0)]
[729|(1.-0,05999999.0)]
[730|(1.-0,05999999.0)]
[731|(1.-0,05999999.0)]
[732|(1.-0,05999999.0)]
[733|(1.-0,05999999.0)]
[734|(1.-0,05999999.0)]
[735|(1.-0,05999999.0)]
[736|(1.-0,05999999.0)]
[737|(1.-0,05999999.0)]
[738|(1.-0,05999999.0)]
[739|(1.-0,05999999.0)]
[740|(1.-0,05999999.0)]
[741|(1.-0,05999999.0)]
[742|(1.-0,06999999.0)]
[743|(1.-0,07999999.0)]
[744|(1.-0,08999999.0)]
[745|(1.-0,09999999.0)]
[746|(1.-0,11.0)]
[747|(1.-0,11.0)]
[748|(1.-0,11.0)]
[749|(1.-0,11.0)]
[750|(1.-0,11.0)]
[751|(1.-0,11.0)]
[752|(1.-0,11.0)]
[753|(1.-0,11.0)]
[754|(1.-0,11.0)]
[755|(1.-0,11.0)]
[756|(1.-0,11.0)]
[757|(1.-0,11.0)]
[758|(1.-0,11.0)]
[759|(1.-0,11.0)]
[760|(1.-0,11.0)]
[761|(1.-0,11.0)]
[762|(1.-0,11.0)]
[763|(1.-0,11.0)]
[764|(1.-0,11.0)]
[765|(1.-0,11.0)]
[766|(1.-0,11.0)]
[767|(1.-0,11.0)]
[768|(1.-0,11.0)]
[769|(1.-0,11.0)]
[770|(1.-0,11.0)]
[771|(1.-0,11.0)]
[772|(1.-0,11.0)]
[773|(1.-0,11.0)]
[774|(1.-0,11.0)]
[775|(1.-0,11.0)]
[776|(1.-0,11.0)]
[777|(1.-0,11.0)]
[778|(1.-0,11.0)]
[779|(1.-0,11.0)]
[780|(1.-0,11.0)]
[781|(1.-0,11.0)]
[782|(1.-0,11.0)]
[783|(1.-0,11.0)]
[784|(1.-0,11.0)]
[785|(1.-0,11.0)]
[786|(1.-0,11.0)]
[787|(1.-0,11.0)]
[788|(1.-0,11.0)]
[789|(1.-0,11.0)]
[790|(1.-0,11.0)]
[791|(1.-0,11.0)]
[792|(1.-0,11.0)]
[793|(1.-0,11.0)]
[794|(1.-0,11.0)]
[795|(1.-0,11.0)]
[796|(1.-0,11.0)]
[797|(1.-0,11.0)]
[798|(1.-0,11.0)]
[799|(1.-0,11.0)]
[800|(1.-0,11.0)]
[801|(1.-0,11.0)]
[802|(1.-0,11.0)]
[803|(1.-0,11.0)]
[804|(1.-0,11.0)]
[805|(1.-0,11.0)]
[806|(1.-0,11.0)]
[807|(1.-0,11.0)]
[808|(1.-0,11.0)]
[809|(1.-0,11.0)]
[810|(1.-0,11.0)]
[811|(1.-0,11.0)]
[812|(1.-0,11.0)]
[813|(1.-0,11.0)]
[814|(1.-0,11.0)]
[815|(1.-0,11.0)]
[816|(1.-0,11.0)]
[817|(1.-0,11.0)]
[818|(1.-0,11.0)]
[819|(1.-0,11.0)]
[820|(1.-0,11.0)]
[821|(1.-0,11.0)]
[822|(1.-0,11.0)]
[823|(1.-0,11.0)]
[824|(1.-0,11.0)]
[825|(1.-0,11.0)]
[826|(1.-0,11.0)]
[827|(1.-0,11.0)]
[828|(1.-0,11.0)]
[829|(1.-0,11.0)]
[830|(1.-0,11.0)]
[831|(1.-0,11.0)]
[832|(1.-0,11.0)]
[833|(1.-0,11.0)]
[834|(1.-0,11.0)]
[835|(1.-0,11.0)]
[836|(1.-0,11.0)]
[837|(1.-0,11.0)]
[838|(1.-0,11.0)]
[839|(1.-0,11.0)]
[840|(1.-0,11.0)]
[841|(1.-0,11.0)]
[842|(1.-0,11.0)]
[843|(1.-0,11.0)]
[844|(1.-0,11.0)]
[845|(1.-0,11.0)]
[846|(1.-0,11.0)]
[847|(0.0.0)]
[848|(0.0.0)]
[849|(0.0.0)]
[850|(0.0.0)]
[851|(0.0.0)]
[852|(0.0.0)]
[853|(0.0.0)]
[854|(0.0.0)]
[855|(0.0.0)]
[856|(0.0.0)]
[857|(0.0.0)]
[858|(0.0.0)]
[859|(0.0.0)]
[860|(0.0.0)]
[861|(0.0.0)]
[862|(0.0.0)]
[863|(0.0.0)]
[864|(0.0.0)]
[865|(0.0.0)]
[866|(0.0.0)]
[867|(0.0.0)]
[868|(0.0.0)]
[869|(0.0.0)]
[870|(0.0.0)]
[871|(0.0.0)]
[872|(0.0.0)]
[873|(0.0.0)]
[874|(0.0.0)]
[875|(0.0.0)]
[876|(0.0.0)]
[877|(0.0.0)]
[878|(0.0.0)]
[879|(0.0.0)]
[880|(0.0.0)]
[881|(0.0.0)]
[882|(0.0.0)]
[883|(0.0.0)]
[884|(0.0.0)]
[885|(0.0.0)]
[886|(0.0.0)]
[887|(0.0.0)]
[888|(0.0.0)]
[889|(0.0.0)]
[890|(0.0.0)]
[891|(0.0.0)]
[892|(0.0.0)]
[893|(0.0.0)]
[894|(0.0.0)]
[895|(0.0.0)]
[896|(0.0.0)]
[897|(0.0.0)]
[898|(0.0.0)]
[899|(0.0.0)]
[900|(0.0.0)]
[901|(0.0.0)]
[902|(0.0.0)]
[903|(0.0.0)]
[904|(0.0.0)]
[905|(0.0.0)]
[906|(0.0.0)]
[907|(0.0.0)]
[908|(0.0.0)]
[909|(0.0.0)]
[910|(0.0.0)]
[911|(0.0.0)]
[912|(0.0.0)]
[913|(0.0.0)]
[914|(0.0.0)]
[915|(0.0.0)]
[916|(0.0.0)]
[917|(0.0.0)]
[918|(0.0.0)]
[919|(0.0.0)]
[920|(0.0.0)]
[921|(0.0.0)]
[922|(0.0.0)]
[923|(0.0.0)]
[924|(0.0.0)]
[925|(0.0.0)]
[926|(0.0.0)]
[927|(0.0.0)]
[928|(0.0.0)]
[929|(0.0.0)]
[930|(0.0.0)]
[931|(0.0.0)]
[932|(0.0.0)]
[933|(0.0.0)]
[934|(0.0.0)]
[935|(0.0.0)]
[936|(0.0.0)]
[937|(0.0.0)]
[938|(0.0.0)]
[939|(0.0.0)]
[940|(0.0.0)]
[941|(0.0.0)]
[942|(0.0.0)]
[943|(0.0.0)]
[944|(0.0.0)]
[945|(0.0.0)]
[946|(0.0.0)]
[947|(0.0.0)]
[948|(0.0.0)]
[949|(0.0.0)]
[950|(0.0.0)]
[951|(0.0.0)]
[952|(0.0.0)]
[953|(0.0.0)]
[954|(0.0.0)]
[955|(0.0.0)]
[956|(0.0.0)]
[957|(0.0.0)]
[958|(0.0.0)]
[959|(0.0.0)]
[960|(0.0.0)]
[961|(0.0.0)]
[962|(0.0.0)]
[963|(0.0.0)]
[964|(0.0.0)]
[965|(0.0.0)]
[966|(0.0.0)]
[967|(0.0.0)]
[968|(0.0.0)]
[969|(0.0.0)]
[970|(0.0.0)]
[971|(0.0.0)]
[972|(0.0.0)]
[973|(0.0.0)]
[974|(0.0.0)]
[975|(0.0.0)]
[976|(0.0.0)]
[977|(0.0.0)]
[978|(0.0.0)]
[979|(0.0.0)]
[980|(0.0.0)]
[1|(0.0.0)]
[2|(0.0.0)]
[3|(0.0.0)]
[4|(0.0.0)]
[5|(0.0.0)]
[6|(0.0.0)]
[7|(0.0.0)]
[8|(0.0.0)]
[9|(0.0.0)]
[10|(0.0.0)]
[11|(0.0.0)]
[12|(0.0.0)]
[13|(0.0.0)]
[14|(0.0.0)]
[15|(0.0.0)]
[16|(0.0.0)]
[17|(0.0.0)]
[18|(0.0.0)]
[19|(0.0.0)]
[20|(0.0.0)]
[21|(0.0.0)]
[22|(0.0.0)]
[23|(0.0.0)]
[24|(0.0.0)]
[25|(0.0.0)]
[26|(0.0.0)]
[27|(0.0.0)]
[28|(0.0.0)]
[29|(0.0.0)]
[30|(0.0.0)]
[31|(0.0.0)]
[32|(0.0.0)]
[33|(0.0.0)]
[34|(0.0.0)]
[35|(0.0.0)]
[36|(0.0.0)]
[37|(0.0.0)]
[38|(0.0.0)]
[39|(0.0.0)]
[40|(0.0.0)]
[41|(0.0.0)]
[42|(0.0.0)]
[43|(0.0.0)]
[44|(0.0.0)]
[45|(0.0.0)]
[46|(0.0.0)]
[47|(0.0.0)]
[48|(0.0.0)]
[49|(0.0.0)]
[50|(0.0.0)]
[51|(0.0.0)]
[52|(0.0.0)]
[53|(0.0.0)]
[54|(0.0.0)]
[55|(0.0.0)]
[56|(0.0.0)]
[57|(0.0.0)]
[58|(0.0.0)]
[59|(0.0.0)]
[60|(0.0.0)]
[61|(0.0.0)]
[62|(0.0.0)]
[63|(0.0.0)]
[64|(0.0.0)]
[65|(0.0.0)]
[66|(0.0.0)]
[67|(0.0.0)]
[68|(0.0.0)]
[69|(0.0.0)]
[70|(0.0.0)]
[71|(0.0.0)]
[72|(0.0.0)]
[73|(0.0.0)]
[74|(0.0.0)]
[75|(0.0.0)]
[76|(0.0.0)]
[77|(0.0.0)]
[78|(0.0.0)]
[79|(0.0.0)]
[80|(0.0.0)]
[81|(0.0.0)]
[82|(0.0.0)]
[83|(0.0.0)]
[84|(0.0.0)]
[85|(0.0.0)]
[86|(0.0.0)]
[87|(0.0.0)]
[88|(0.0.0)]
[89|(0.0.0)]
[90|(0.0.0)]
[91|(0.0.0)]
[92|(0.0.0)]
[93|(0.0.0)]
[94|(0.0.0)]
[95|(0.0.0)]
[96|(0.0.0)]
[97|(0.0.0)]
[98|(0.0.0)]
[99|(0.0.0)]
[100|(0.0.0)]
[101|(0.0.0)]
[102|(0.0.0)]
[103|(0.0.0)]
[104|(0.0.0)]
[105|(0.0.0)]
[106|(0.0.0)]
[107|(0.0.0)]
[108|(0.0.0)]
[109|(0.0.0)]
[110|(0.0.0)]
[111|(0.0.0)]
[112|(0.0.0)]
[113|(0.0.0)]
[1|(0.0.0)]
[2|(0.0.0)]
[3|(0.0.0)]
[4|(0.0.0)]
[5|(0.0.0)]
[6|(0.0.0)]
[7|(0.0.0)]
[8|(0.0.0)]
[9|(0.0.0)]
[10|(0.0.0)]
[11|(0.0.0)]
[12|(0.0.0)]
[13|(0,01.0.0)]
[14|(0,02.0.0)]
[15|(0,03.0.0)]
[16|(0,04.0.0)]
[17|(0,05.0.0)]
[18|(0,05999999.0.0)]
[19|(0,06999999.0.0)]
[20|(0,07999999.0.0)]
[21|(0,08999999.0.0)]
[22|(0,09999999.0.0)]
[23|(0,11.0.0)]
[24|(0,12.0.0)]
[25|(0,13.0.0)]
[26|(0,14.0.0)]
[27|(0,15.0.0)]
[28|(0,16.0.0)]
[29|(0,17.0.0)]
[30|(0,18.0.0)]
[31|(0,19.0.0)]
[32|(0,2.0.0)]
[33|(0,21.0.0)]
[34|(0,22.0.0)]
[35|(0,23.0.0)]
[36|(0,24.0.0)]
[37|(0,25.0.0)]
[38|(0,26.0.0)]
[39|(0,27.0.0)]
[40|(0,28.0.0)]
[41|(0,29.0.0)]
[42|(0,3.0.0)]
[43|(0,31.0.0)]
[44|(0,32.0.0)]
[45|(0,33.0.0)]
[46|(0,3399999.0.0)]
[47|(0,3499999.0.0)]
[48|(0,3599999.0.0)]
[49|(0,3699999.0.0)]
[50|(0,3799999.0.0)]
[51|(0,3899999.0.0)]
[52|(0,3999999.0.0)]
[53|(0,4099999.0.0)]
[54|(0,4199999.0.0)]
[55|(0,4299999.0.0)]
[56|(0,4399998.0.0)]
[57|(0,4499998.0.0)]
[58|(0,4599998.0.0)]
[59|(0,4699998.0.0)]
[60|(0,4799998.0.0)]
[61|(0,4899998.0.0)]
[62|(0,4999998.0.0)]
[63|(0,5099998.0.0)]
[64|(0,5199998.0.0)]
[65|(0,5299998.0.0)]
[66|(0,5399998.0.0)]
[67|(0,5499998.0.0)]
[68|(0,5599998.0.0)]
[69|(0,5699998.0.0)]
[70|(0,5799997.0.0)]
[71|(0,5899997.0.0)]
[72|(0,5999997.0.0)]
[73|(0,6099997.0.0)]
[74|(0,6199997.0.0)]
[75|(0,6299997.0.0)]
[76|(0,6399997.0.0)]
[77|(0,6499997.0.0)]
[78|(0,6599997.0.0)]
[79|(0,6699997.0.0)]
[80|(0,6799996.0.0)]
[81|(0,6899996.0.0)]
[82|(0,6999996.0.0)]
[83|(0,7099996.0.0)]
[84|(0,7199996.0.0)]
[85|(0,7299996.0.0)]
[86|(0,7399996.0.0)]
[87|(0,7499996.0.0)]
[88|(0,7599996.0.0)]
[89|(0,7699996.0.0)]
[90|(0,7799996.0.0)]
[91|(0,7899995.0.0)]
[92|(0,7999995.0.0)]
[93|(0,8099995.0.0)]
[94|(0,8199995.0.0)]
[95|(0,8299995.0.0)]
[96|(0,8399995.0.0)]
[97|(0,8499995.0.0)]
[98|(0,8599995.0.0)]
[99|(0,8699995.0.0)]
[100|(0,8799995.0.0)]
[101|(0,8899994.0.0)]
[102|(0,8999994.0.0)]
[103|(0,9099994.0.0)]
[104|(0,9199994.0.0)]
[105|(0,9299994.0.0)]
[106|(0,9399994.0.0)]
[107|(0,9499994.0.0)]
[108|(0,9599994.0.0)]
[109|(0,9699994.0.0)]
[110|(0,9799994.-0,01.0)]
[111|(0,9899994.-0,02.0)]
[112|(0,9999993.-0,02.0)]
[113|(1,009999.-0,02.0)]
[114|(1.-0,02.0)]
[115|(1.-0,02.0)]
[116|(1.-0,02.0)]
[117|(1.-0,02.0)]
[118|(1.-0,02.0)]
[119|(1.-0,02.0)]
[120|(1.-0,02.0)]
[121|(1.-0,02.0)]
[122|(1.-0,02.0)]
[123|(1.-0,02.0)]
[124|(1.-0,02.0)]
[125|(1.-0,03.0)]
[1|(0.0.0)]
[2|(0.0.0)]
[3|(0.0.0)]
[4|(0.0.0)]
[5|(0.0.0)]
[6|(0.0.0)]
[7|(0.0.0)]
[8|(0.0.0)]
[9|(0.0.0)]
[10|(0.0.0)]
[11|(0.0.0)]
[12|(0.0.0)]
[13|(0,01.0.0)]
[14|(0,02.0.0)]
[15|(0,03.0.0)]
[16|(0,04.0.0)]
[17|(0,05.0.0)]
[18|(0,05999999.0.0)]
[19|(0,06999999.0.0)]
[20|(0,07999999.0.0)]
[21|(0,08999999.0.0)]
[22|(0,09999999.0.0)]
[23|(0,11.0.0)]
[24|(0,12.0.0)]
[25|(0,13.0.0)]
[26|(0,14.0.0)]
[27|(0,15.0.0)]
[28|(0,16.0.0)]
[29|(0,17.0.0)]
[30|(0,18.0.0)]
[31|(0,19.0.0)]
[32|(0,2.0.0)]
[33|(0,21.0.0)]
[34|(0,22.0.0)]
[35|(0,23.0.0)]
[36|(0,24.0.0)]
[37|(0,25.0.0)]
[38|(0,26.0.0)]
[39|(0,27.0.0)]
[40|(0,28.0.0)]
[41|(0,29.0.0)]
[42|(0,3.0.0)]
[43|(0,31.0.0)]
[44|(0,32.0.0)]
[45|(0,33.0.0)]
[46|(0,3399999.0.0)]
[47|(0,3499999.0.0)]
[48|(0,3599999.0.0)]
[49|(0,3699999.0.0)]
[50|(0,3799999.0.0)]
[51|(0,3899999.0.0)]
[52|(0,3999999.0.0)]
[53|(0,4099999.0.0)]
[54|(0,4199999.0.0)]
[55|(0,4299999.0.0)]
[56|(0,4399998.0.0)]
[57|(0,4499998.0.0)]
[58|(0,4599998.0.0)]
[59|(0,4699998.0.0)]
[60|(0,4799998.0.0)]
[61|(0,4899998.0.0)]
[62|(0,4999998.0.0)]
[63|(0,5099998.0.0)]
[64|(0,5199998.0.0)]
[65|(0,5299998.0.0)]
[66|(0,5399998.0.0)]
[67|(0,5499998.0.0)]
[68|(0,5599998.0.0)]
[69|(0,5699998.0.0)]
[70|(0,5799997.0.0)]
[71|(0,5899997.0.0)]
[72|(0,5999997.0.0)]
[73|(0,6099997.0.0)]
[74|(0,6199997.0.0)]
[75|(0,6299997.0.0)]
[76|(0,6399997.0.0)]
[77|(0,6499997.0.0)]
[78|(0,6599997.0.0)]
[79|(0,6699997.0.0)]
[80|(0,6799996.0.0)]
[81|(0,6899996.0.0)]
[82|(0,6999996.0.0)]
[83|(0,7099996.0.0)]
[84|(0,7199996.0.0)]
[85|(0,7299996.0.0)]
[86|(0,7399996.0.0)]
[87|(0,7499996.0.0)]
[88|(0,7599996.0.0)]
[89|(0,7699996.0.0)]
[90|(0,7799996.0.0)]
[91|(0,7899995.0.0)]
[92|(0,7999995.0.0)]
[93|(0,8099995.0.0)]
[94|(0,8199995.0.0)]
[95|(0,8299995.0.0)]
[96|(0,8399995.0.0)]
[97|(0,8499995.0.0)]
[98|(0,8599995.0.0)]
[99|(0,8699995.0.0)]
[100|(0,8799995.0.0)]
[101|(0,8899994.0.0)]
[102|(0,8999994.0.0)]
[103|(0,9099994.0.0)]
[104|(0,9199994.0.0)]
[105|(0,9299994.0.0)]
[106|(0,9399994.0.0)]
[107|(0,9499994.0.0)]
[108|(0,9599994.0.0)]
[109|(0,9699994.0.0)]
[110|(0,9799994.-0,01.0)]
[111|(0,9899994.-0,02.0)]
[112|(0,9999993.-0,02.0)]
[113|(1,009999.-0,02.0)]
[114|(1.-0,02.0)]
[115|(1.-0,02.0)]
[116|(1.-0,02.0)]
[117|(1.-0,02.0)]
[118|(1.-0,02.0)]
[119|(1.-0,02.0)]
[120|(1.-0,02.0)]
[121|(1.-0,02.0)]
[122|(1.-0,02.0)]
[123|(1.-0,02.0)]
[124|(1.-0,02.0)]
[125|(1.-0,03.0)]
[126|(1.-0,04.0)]
[127|(1.-0,05.0)]
[128|(1.-0,05.0)]
[129|(1.-0,05.0)]
[130|(1.-0,05.0)]
[131|(1.-0,05.0)]
[132|(1.-0,05.0)]
[133|(1.-0,05.0)]
[134|(1.-0,05.0)]
[135|(1.-0,05.0)]
[136|(1.-0,05.0)]
[137|(1.-0,05.0)]
[138|(1.-0,05.0)]
[139|(1.-0,05.0)]
[140|(1.-0,05.0)]
[141|(1.-0,05.0)]
[142|(1.-0,05.0)]
[143|(1.-0,05.0)]
[144|(1.-0,05.0)]
[145|(1.-0,05.0)]
[146|(1.-0,05.0)]
[147|(1.-0,05.0)]
[148|(1.-0,05.0)]
[149|(1.-0,05.0)]
[150|(1.-0,05.0)]
[151|(1.-0,05999999.0)]
[152|(1.-0,06999999.0)]
[153|(1.-0,07999999.0)]
[154|(1.-0,07999999.0)]
[155|(1.-0,07999999.0)]
[156|(1.-0,07999999.0)]
[157|(1.-0,07999999.0)]
[158|(1.-0,07999999.0)]
[159|(1.-0,07999999.0)]
[160|(1.-0,07999999.0)]
[161|(1.-0,07999999.0)]
[162|(1.-0,07999999.0)]
[163|(1.-0,07999999.0)]
[164|(1.-0,07999999.0)]
[165|(1.-0,07999999.0)]
[166|(1.-0,07999999.0)]
[167|(1.-0,07999999.0)]
[168|(1.-0,07999999.0)]
[169|(1.-0,07999999.0)]
[170|(1.-0,07999999.0)]
[171|(1.-0,07999999.0)]
[172|(1.-0,07999999.0)]
[173|(1.-0,07999999.0)]
[174|(1.-0,07999999.0)]
[175|(1.-0,07999999.0)]
[176|(1.-0,07999999.0)]
[177|(1.-0,07999999.0)]
[178|(1.-0,07999999.0)]
[179|(1.-0,07999999.0)]
[180|(1.-0,07999999.0)]
[181|(1.-0,07999999.0)]
[182|(1.-0,07999999.0)]
[183|(1.-0,07999999.0)]
[184|(1.-0,07999999.0)]
[185|(1.-0,07999999.0)]
[186|(1.-0,07999999.0)]
[187|(1.-0,07999999.0)]
[188|(1.-0,07999999.0)]
[189|(1.-0,07999999.0)]
[190|(1.-0,07999999.0)]
[191|(1.-0,07999999.0)]
[192|(0.0.0)]
[193|(0.0.0)]
[194|(0.0.0)]
[195|(0.0.0)]
[196|(0.0.0)]
[197|(0.0.0)]
[198|(0.0.0)]
[199|(0,01.0.0)]
[200|(0,02.0.0)]
[201|(0,03.0.0)]
[202|(0,04.0.0)]
[203|(0.0.0)]
[204|(0.0.0)]
[205|(0.0.0)]
[206|(0.0.0)]
[207|(0.0.0)]
[208|(0.0.0)]
[209|(0.0.0)]
[210|(0.0.0)]
[211|(0.0.0)]
[212|(0.0.0)]
[213|(0.0.0)]
[214|(0,01.0.0)]
[215|(0,02.0.0)]
[216|(0,03.0.0)]
[217|(0,03.-0,01.0)]
[218|(0,03.-0,02.0)]
[219|(0.0.0)]
[220|(0.0.0)]
[221|(0.0.0)]
[222|(0.0.0)]
[223|(0.0.0)]
[224|(0,01.0.0)]
[225|(0,02.0.0)]
[226|(0,03.0.0)]
[227|(0,04.-0,01.0)]
[228|(0.0.0)]
[229|(0.0.0)]
[230|(0.0.0)]
[231|(0.0.0)]
[232|(0.0.0)]
[233|(0,01.0.0)]
[234|(0,02.0.0)]
[235|(0,03.0.0)]
[236|(0.0.0)]
[237|(0.0.0)]
[238|(0.0.0)]
[239|(0.0.0)]
[240|(0.-0,01.0)]
[241|(0.-0,02.0)]
[242|(0.-0,03.0)]
[243|(0.-0,04.0)]
[244|(0.-0,05.0)]
[245|(0.-0,05999999.0)]
[246|(0.-0,06999999.0)]
[247|(0.0.0)]
[248|(0.0.0)]
[249|(0.-0,01.0)]
[250|(0.-0,02.0)]
[251|(0.-0,03.0)]
[252|(0.0.0)]
[253|(0.0.0)]
[254|(0.0.0)]
[255|(0.0.0)]
[256|(0.-0,01.0)]
[257|(0.-0,02.0)]
[258|(0.-0,03.0)]
[259|(0.0.0)]
[260|(0.0.0)]
[261|(0.0.0)]
[262|(0.0.0)]
[263|(0,01.0.0)]
[264|(0,02.0.0)]
[265|(0.0.0)]
[266|(0.0.0)]
[267|(0.0.0)]
[268|(0.0.0)]
[269|(0,01.0.0)]
[270|(0,02.0.0)]
[271|(0,03.0.0)]
[272|(0,04.0.0)]
[273|(0,05.0.0)]
[274|(0,05999999.0.0)]
[275|(0,06999999.-0,01.0)]
[276|(0,07999999.-0,02.0)]
[277|(0,08999999.-0,03.0)]
[278|(0,09999999.-0,03.0)]
[279|(0.0.0)]
[280|(0.0.0)]
[281|(0.0.0)]
[282|(0.-0,01.0)]
[283|(0,01.-0,02.0)]
[284|(0,02.-0,03.0)]
[285|(0,03.-0,04.0)]
[286|(0,04.-0,05.0)]
[287|(0,05.-0,05.0)]
[288|(0,05999999.-0,05.0)]
[289|(0,06999999.-0,05.0)]
[290|(0,07999999.-0,05.0)]
[291|(0,08999999.-0,05999999.0)]
[292|(0,09999999.-0,06999999.0)]
[293|(0,11.-0,07999999.0)]
[294|(0,12.-0,08999999.0)]
[295|(0,13.-0,09999999.0)]
[296|(0,14.-0,09999999.0)]
[297|(0,15.-0,09999999.0)]
[298|(0,16.-0,09999999.0)]
[299|(0,17.-0,09999999.0)]
[300|(0,18.-0,09999999.0)]
[301|(0,19.-0,11.0)]
[302|(0,2.-0,12.0)]
[303|(0,21.-0,13.0)]
[304|(0,22.-0,13.0)]
[305|(0,23.-0,13.0)]
[306|(0,24.-0,13.0)]
[307|(0,25.-0,13.0)]
[308|(0,26.-0,13.0)]
[309|(0,27.-0,13.0)]
[310|(0,28.-0,13.0)]
[311|(0,29.-0,13.0)]
[312|(0,3.0.0)]
[313|(0,31.0,01.0)]
[314|(0,32.0,01.0)]
[315|(0,33.0,01.0)]
[316|(0,3399999.0,01.0)]
[317|(0,3499999.0,01.0)]
[318|(0,3599999.0,01.0)]
[319|(0,3699999.0,01.0)]
[320|(0,3799999.0,01.0)]
[321|(0,3899999.0,01.0)]
[322|(0,3999999.0,01.0)]
[323|(0,4099999.0,01.0)]
[324|(0,4199999.0,01.0)]
[325|(0,4299999.0,01.0)]
[326|(0,4399998.0,01.0)]
[327|(0,4499998.0,01.0)]
[328|(0,4599998.0,01.0)]
[329|(0,4699998.0,01.0)]
[330|(0,4799998.0,01.0)]
[331|(0,4899998.0,01.0)]
[332|(0,4999998.0,01.0)]
[333|(0,5099998.0,01.0)]
[334|(0,5199998.0,01.0)]
[335|(0,5299998.0,01.0)]
[336|(0,5399998.0,01.0)]
[337|(0,5499998.0,01.0)]
[338|(0,5599998.0,01.0)]
[339|(0,5699998.0,01.0)]
[340|(0,5799997.0,01.0)]
[341|(0,5899997.0,01.0)]
[342|(0,5999997.0,01.0)]
[343|(0,6099997.0,01.0)]
[344|(0,6199997.0,01.0)]
[345|(0,6299997.0,01.0)]
[346|(0,6399997.0,01.0)]
[347|(0,6499997.0,01.0)]
[348|(0,6599997.0,01.0)]
[349|(0,6699997.0,01.0)]
[350|(0,6799996.0,01.0)]
[351|(0,6899996.0,01.0)]
[352|(0,6999996.0,01.0)]
[353|(0,7099996.0,01.0)]
[354|(0,7199996.0,01.0)]
[355|(0,7299996.0,01.0)]
[356|(0,7399996.0,01.0)]
[357|(0,7499996.0,01.0)]
[358|(0,7599996.0,01.0)]
[359|(0,7699996.0,01.0)]
[360|(0,7799996.0,01.0)]
[361|(0,7899995.0,01.0)]
[362|(0,7999995.0,01.0)]
[363|(0,8099995.0,01.0)]
[364|(0,8199995.0.0)]
[365|(0,8299995.-0,01.0)]
[366|(0,8399995.-0,01.0)]
[367|(0,8499995.-0,01.0)]
[368|(0,8599995.-0,01.0)]
[369|(0,8699995.-0,01.0)]
[370|(0,8799995.-0,01.0)]
[371|(0,8899994.-0,01.0)]
[372|(0,8999994.-0,01.0)]
[373|(0,9099994.-0,01.0)]
[374|(0,9199994.-0,01.0)]
[375|(0,9299994.-0,01.0)]
[376|(0,9399994.-0,01.0)]
[377|(0,9499994.-0,01.0)]
[378|(0,9599994.-0,01.0)]
[379|(0,9699994.-0,01.0)]
[380|(0,9799994.-0,01.0)]
[381|(0,9899994.-0,01.0)]
[382|(0,9999993.-0,01.0)]
[383|(1,009999.-0,01.0)]
[384|(1.-0,01.0)]
[385|(1.-0,01.0)]
[386|(1.-0,01.0)]
[387|(1.-0,01.0)]
[388|(1.-0,01.0)]
[389|(1.-0,01.0)]
[390|(1.-0,01.0)]
[391|(1.-0,01.0)]
[392|(1.-0,01.0)]
[393|(1.-0,01.0)]
[394|(1.-0,01.0)]
[395|(1.-0,01.0)]
[396|(1.-0,01.0)]
[397|(1.-0,01.0)]
[398|(1.-0,01.0)]
[399|(1.-0,01.0)]
[400|(1.-0,01.0)]
[401|(1.-0,01.0)]
[402|(1.-0,01.0)]
[403|(1.-0,01.0)]
[404|(1.-0,01.0)]
[405|(1.-0,01.0)]
[406|(1.-0,01.0)]
[407|(1.-0,01.0)]
[408|(1.-0,01.0)]
[409|(1.-0,01.0)]
[410|(1.-0,01.0)]
[411|(1.-0,01.0)]
[412|(1.-0,01.0)]
[413|(1.-0,01.0)]
[414|(1.-0,01.0)]
[415|(1.-0,01.0)]
[416|(1.-0,01.0)]
[417|(1.-0,01.0)]
[418|(1.-0,01.0)]
[419|(1.-0,01.0)]
[420|(1.-0,01.0)]
[421|(1.-0,01.0)]
[422|(1.-0,01.0)]
[423|(1.-0,01.0)]
[424|(1.-0,01.0)]
[425|(1.-0,01.0)]
[426|(1.-0,01.0)]
[427|(1.-0,01.0)]
[428|(1.-0,01.0)]
[429|(1.-0,01.0)]
[430|(1.-0,01.0)]
[431|(1.-0,01.0)]
[432|(1.-0,01.0)]
[433|(1.-0,01.0)]
[434|(1.-0,01.0)]
[435|(1.-0,01.0)]
[436|(1.-0,01.0)]
[437|(1.-0,01.0)]
[438|(1.-0,01.0)]
[439|(1.-0,01.0)]
[440|(1.-0,01.0)]
[441|(1.-0,01.0)]
[442|(1.-0,01.0)]
[443|(1.-0,01.0)]
[444|(1.-0,01.0)]
[445|(1.-0,01.0)]
[446|(1.-0,01.0)]
[447|(1.-0,01.0)]
[448|(1.-0,01.0)]
[449|(1.-0,01.0)]
[450|(1.0.0)]
[451|(1.0,01.0)]
[452|(1.0,02.0)]
[453|(1.0,02.0)]
[454|(1.0,02.0)]
[455|(1.0,02.0)]
[456|(1.0,02.0)]
[457|(1.0,02.0)]
[458|(1.0,02.0)]
[459|(1.0,02.0)]
[460|(1.0,02.0)]
[461|(1.0,02.0)]
[462|(1.0,02.0)]
[463|(1.0,02.0)]
[464|(1.0,02.0)]
[465|(1.0,02.0)]
[466|(1.0,02.0)]
[467|(1.0,02.0)]
[468|(1.0,03.0)]
[469|(1.0,04.0)]
[470|(1.0,05.0)]
[471|(1.0,05999999.0)]
[472|(1.0,05999999.0)]
[473|(1.0,05999999.0)]
[474|(1.0,05999999.0)]
[475|(1.0,05999999.0)]
[476|(1.0,05999999.0)]
[477|(1.0,05999999.0)]
[478|(1.0,05999999.0)]
[479|(1.0,05999999.0)]
[480|(1.0,05999999.0)]
[481|(1.0,05999999.0)]
[482|(1.0,05999999.0)]
[483|(1.0,05999999.0)]
[484|(1.0,05999999.0)]
[485|(1.0,05999999.0)]
[486|(1.0,05999999.0)]
[487|(1.0,06999999.0)]
[488|(1.0,07999999.0)]
[489|(1.0,07999999.0)]
[490|(1.0,07999999.0)]
[491|(1.0,07999999.0)]
[492|(1.0,07999999.0)]
[493|(1.0,07999999.0)]
[494|(1.0,07999999.0)]
[495|(1.0,07999999.0)]
[496|(1.0,07999999.0)]
[497|(1.0,07999999.0)]
[498|(1.0,07999999.0)]
[499|(1.0,07999999.0)]
[500|(1.0,07999999.0)]
[501|(1.0,07999999.0)]
[502|(1.0,07999999.0)]
[503|(1.0,07999999.0)]
[504|(1.0,07999999.0)]
[505|(1.0,07999999.0)]
[506|(1.0,07999999.0)]
[507|(1.0,07999999.0)]
[508|(1.0,07999999.0)]
[509|(1.0,07999999.0)]
[510|(1.0,07999999.0)]
[511|(1.0,07999999.0)]
[512|(1.0,07999999.0)]
[513|(1.0,07999999.0)]
[514|(1.0,07999999.0)]
[515|(1.0,07999999.0)]
[516|(1.0,07999999.0)]
[517|(1.0,07999999.0)]
[518|(1.0,07999999.0)]
[519|(1.0,07999999.0)]
[520|(1.0,07999999.0)]
[521|(1.0,07999999.0)]
[522|(1.0,07999999.0)]
[523|(1.0,07999999.0)]
[524|(1.0,07999999.0)]
[525|(1.0,07999999.0)]
[526|(1.0,07999999.0)]
[527|(1.0,07999999.0)]
[528|(1.0,07999999.0)]
[529|(1.0,07999999.0)]
[530|(1.0,07999999.0)]
[531|(1.0,07999999.0)]
[532|(1.0.0)]
[533|(1.0.0)]
[534|(1.0.0)]
[535|(1.0.0)]
[536|(1.0.0)]
[537|(1.0.0)]
[538|(1.0.0)]
[539|(1.0.0)]
[540|(1.0.0)]
[541|(1.0.0)]
[542|(1.0.0)]
[543|(1.0.0)]
[544|(1.0.0)]
[545|(1.0.0)]
[546|(1.0.0)]
[547|(1.0.0)]
[548|(1.0.0)]
[549|(1.0.0)]
[550|(1.0.0)]
[551|(1.0.0)]
[552|(1.0.0)]
[553|(1.0.0)]
[554|(1.0.0)]
[555|(1.0.0)]
[556|(1.0.0)]
[557|(1.0.0)]
[558|(1.0.0)]
[559|(1.0.0)]
[560|(1.0.0)]
[561|(1.0.0)]
[562|(1.0.0)]
[563|(1.0.0)]
[564|(1.0.0)]
[565|(1.0.0)]
[566|(1.0.0)]
[567|(1.0.0)]
[568|(1.0.0)]
[569|(1.0.0)]
[570|(1.0.0)]
[571|(1.0.0)]
[572|(1.0.0)]
[573|(1.0.0)]
[574|(1.0.0)]
[575|(1.0.0)]
[576|(1.0.0)]
[577|(1.0.0)]
[578|(1.0.0)]
[579|(1.0.0)]
[580|(1.0.0)]
[581|(1.0.0)]
[582|(1.0.0)]
[583|(1.0.0)]
[584|(1.0.0)]
[585|(1.0.0)]
[586|(1.0.0)]
[587|(1.0.0)]
[588|(1.0.0)]
[589|(1.0.0)]
[590|(1.0.0)]
[591|(1.0.0)]
[592|(1.0.0)]
[593|(1.0.0)]
[594|(1.0.0)]
[595|(1.0.0)]
[596|(1.0.0)]
[597|(1.0.0)]
[598|(1.0.0)]
[599|(1.0.0)]
[600|(1.0.0)]
[601|(1.0.0)]
[602|(1.0.0)]
[603|(1.0.0)]
[604|(1.0.0)]
[605|(1.0.0)]
[606|(1.0.0)]
[607|(1.0.0)]
[608|(1.0.0)]
[609|(1.0.0)]
[610|(1.0.0)]
[611|(1.0.0)]
[612|(1.0.0)]
[613|(1.0.0)]
[614|(1.0.0)]
[615|(1.0.0)]
[616|(1.0.0)]
[617|(1.0.0)]
[618|(1.0.0)]
[619|(1.0.0)]
[620|(1.0.0)]
[621|(1.0.0)]
[622|(1.0.0)]
[623|(1.0.0)]
[624|(1.0.0)]
[625|(1.0.0)]
[626|(1.0.0)]
[627|(1.0.0)]
[628|(1.0.0)]
[629|(1.0.0)]
[630|(1.0.0)]
[631|(1.0.0)]
[632|(1.0.0)]
[633|(1.0.0)]
[634|(1.0.0)]
[635|(1.0.0)]
[636|(1.0.0)]
[637|(1.0.0)]
[638|(1.0.0)]
[639|(1.0.0)]
[640|(1.0.0)]
[641|(1.0.0)]
[642|(1.0.0)]
[643|(1.0.0)]
[644|(1.0.0)]
[645|(1.0.0)]
[646|(1.0.0)]
[647|(1.0.0)]
[648|(1.0.0)]
[649|(1.0.0)]
[650|(1.0.0)]
[651|(1.0.0)]
[652|(1.0.0)]
[653|(1.0.0)]
[654|(1.0.0)]
[655|(1.0.0)]
[656|(1.0.0)]
[657|(1.0.0)]
[658|(1.0.0)]
[659|(1.0.0)]
[660|(1.0.0)]
[661|(1.0.0)]
[662|(1.0.0)]
[663|(1.0.0)]
[664|(1.0.0)]
[665|(1.0.0)]
[666|(1.0.0)]
[667|(1.0.0)]
[668|(1.0.0)]
[669|(1.0.0)]
[670|(1.0.0)]
[671|(1.0.0)]
[672|(1.0.0)]
[673|(1.0.0)]
[674|(1.0.0)]
[675|(1.0,01.0)]
[676|(1.0,02.0)]
[677|(1.0,02.0)]
[678|(1.0,02.0)]
[679|(1.0,02.0)]
[680|(1.0,02.0)]
[681|(1.0,02.0)]
[682|(1.0,02.0)]
[683|(1.0,02.0)]
[684|(1.0,03.0)]
[685|(1.0,04.0)]
[686|(1.0,04.0)]
[687|(1.0,05.0)]
[688|(1.0,05999999.0)]
[689|(1.0,05999999.0)]
[690|(1.0,05999999.0)]
[691|(1.0,05999999.0)]
[692|(1.0,06999999.0)]
[693|(1.0,07999999.0)]
[694|(1.0,07999999.0)]
[695|(1.0,07999999.0)]
[696|(1.0,07999999.0)]
[697|(1.0,07999999.0)]
[698|(1.0,08999999.0)]
[699|(1.0,09999999.0)]
[700|(1.0,11.0)]
[701|(1.0,11.0)]
[702|(1.0,11.0)]
[703|(1.0,11.0)]
[704|(1.0,11.0)]
[705|(1.0,11.0)]
[706|(1.0,11.0)]
[707|(1.0,11.0)]
[708|(1.0,11.0)]
[709|(1.0,11.0)]
[710|(1.0,11.0)]
[711|(1.0,11.0)]
[712|(1.0,11.0)]
[713|(1.0,11.0)]
[714|(1.0,11.0)]
[715|(1.0,11.0)]
[716|(1.0,11.0)]
[717|(1.0,11.0)]
[718|(1.0,11.0)]
[719|(1.0,11.0)]
[720|(1.0,11.0)]
[721|(1.0,11.0)]
[722|(1.0,11.0)]
[723|(1.0,11.0)]
[724|(1.0,11.0)]
[725|(1.0,11.0)]
[726|(1.0,11.0)]
[727|(1.0,11.0)]
[728|(1.0,11.0)]
[729|(1.0,11.0)]
[730|(1.0,11.0)]
[731|(1.0,11.0)]
[732|(1.0,11.0)]
[733|(1.0,11.0)]
[734|(1.0,11.0)]
[735|(1.0,11.0)]
[736|(1.0,11.0)]
[737|(1.0,11.0)]
[738|(1.0,11.0)]
[739|(1.0,11.0)]
[740|(1.0,11.0)]
[741|(1.0,11.0)]
[742|(1.0,11.0)]
[743|(1.0,11.0)]
[744|(1.0,11.0)]
[745|(1.0,11.0)]
[746|(1.0,11.0)]
[747|(1.0,11.0)]
[748|(1.0,11.0)]
[749|(1.0,11.0)]
[750|(1.0,11.0)]
[751|(1.0,11.0)]
[752|(1.0,11.0)]
[753|(1.0,11.0)]
[754|(1.0,11.0)]
[755|(1.0,11.0)]
[756|(1.0,11.0)]
[757|(1.0.0)]
[758|(1.-0,01.0)]
[759|(1.-0,01.0)]
[760|(1.-0,01.0)]
[761|(1.-0,01.0)]
[762|(1.-0,01.0)]
[763|(1.-0,01.0)]
[764|(1.-0,01.0)]
[765|(1.-0,01.0)]
[766|(1.-0,01.0)]
[767|(1.-0,01.0)]
[768|(1.-0,01.0)]
[769|(1.-0,01.0)]
[770|(1.-0,01.0)]
[771|(1.-0,01.0)]
[772|(1.-0,01.0)]
[773|(1.-0,01.0)]
[774|(1.-0,01.0)]
[775|(1.-0,01.0)]
[776|(1.-0,01.0)]
[777|(1.-0,01.0)]
[778|(1.-0,01.0)]
[779|(1.-0,01.0)]
[780|(1.-0,01.0)]
[781|(1.-0,01.0)]
[782|(1.-0,01.0)]
[783|(1.-0,01.0)]
[784|(1.-0,01.0)]
[785|(1.-0,01.0)]
[786|(1.-0,01.0)]
[787|(1.-0,01.0)]
[788|(1.-0,01.0)]
[789|(1.-0,01.0)]
[790|(1.-0,01.0)]
[791|(1.-0,01.0)]
[792|(1.-0,01.0)]
[793|(1.-0,01.0)]
[794|(1.-0,01.0)]
[795|(1.-0,01.0)]
[796|(1.-0,01.0)]
[797|(1.-0,01.0)]
[798|(1.-0,01.0)]
[799|(1.-0,01.0)]
[800|(1.-0,01.0)]
[801|(1.-0,01.0)]
[802|(1.-0,01.0)]
[803|(1.-0,01.0)]
[804|(1.-0,01.0)]
[805|(1.-0,01.0)]
[806|(1.-0,01.0)]
[807|(1.-0,01.0)]
[808|(1.-0,01.0)]
[809|(1.-0,01.0)]
[810|(1.-0,01.0)]
[811|(1.-0,01.0)]
[812|(1.-0,01.0)]
[813|(1.-0,01.0)]
[814|(1.-0,01.0)]
[815|(1.-0,01.0)]
[816|(1.-0,01.0)]
[817|(1.-0,01.0)]
[818|(1.-0,01.0)]
[819|(1.-0,01.0)]
[820|(1.-0,01.0)]
[821|(1.-0,01.0)]
[822|(1.-0,02.0)]
[823|(1.-0,03.0)]
[824|(1.-0,04.0)]
[825|(1.-0,04.0)]
[826|(1.-0,04.0)]
[827|(1.-0,04.0)]
[828|(1.-0,04.0)]
[829|(1.-0,04.0)]
[830|(1.-0,04.0)]
[831|(1.-0,04.0)]
[832|(1.-0,04.0)]
[833|(1.-0,04.0)]
[834|(1.-0,04.0)]
[835|(1.-0,04.0)]
[836|(1.-0,04.0)]
[837|(1.-0,04.0)]
[838|(1.-0,04.0)]
[839|(1.-0,04.0)]
[840|(1.-0,04.0)]
[841|(1.-0,04.0)]
[842|(1.-0,04.0)]
[843|(1.-0,04.0)]
[844|(1.-0,04.0)]
[845|(1.-0,04.0)]
[846|(1.-0,04.0)]
[847|(1.-0,04.0)]
[848|(1.-0,04.0)]
[849|(1.-0,04.0)]
[850|(1.-0,04.0)]
[851|(1.-0,04.0)]
[852|(1.-0,04.0)]
[853|(1.-0,04.0)]
[854|(1.-0,04.0)]
[855|(1.-0,04.0)]
[856|(1.-0,04.0)]
[857|(1.-0,04.0)]
[858|(1.-0,04.0)]
[859|(1.-0,04.0)]
[860|(1.-0,04.0)]
[861|(1.-0,04.0)]
[862|(1.-0,04.0)]
[863|(1.-0,04.0)]
[864|(1.-0,04.0)]
[865|(1.-0,04.0)]
[866|(1.-0,04.0)]
[867|(1.-0,04.0)]
[868|(1.0.0)]
[869|(1.0,01.0)]
[870|(1.0,02.0)]
[871|(1.0,02.0)]
[872|(1.0,02.0)]
[873|(1.0,02.0)]
[874|(1.0,02.0)]
[875|(1.0,02.0)]
[876|(1.0,02.0)]
[877|(1.0,02.0)]
[878|(1.0,02.0)]
[879|(1.0,02.0)]
[880|(1.0,02.0)]
[881|(1.0,02.0)]
[882|(1.0,02.0)]
[883|(1.0,02.0)]
[884|(1.0,02.0)]
[885|(1.0,02.0)]
[886|(1.0,02.0)]
[887|(1.0,02.0)]
[888|(1.0,02.0)]
[889|(1.0,02.0)]
[890|(1.0,02.0)]
[891|(1.0,02.0)]
[892|(1.0,02.0)]
[893|(1.0,02.0)]
[894|(1.0,02.0)]
[895|(1.0,02.0)]
[896|(1.0,02.0)]
[897|(1.0,02.0)]
[898|(1.0,02.0)]
[899|(1.0,02.0)]
[900|(1.0,02.0)]
[901|(1.0,02.0)]
[902|(1.0,02.0)]
[903|(1.0,02.0)]
[904|(1.0,02.0)]
[905|(1.0,02.0)]
[906|(1.0,02.0)]
[907|(1.0,02.0)]
[908|(1.0,02.0)]
[909|(1.0,02.0)]
[910|(1.0,02.0)]
[911|(1.0,02.0)]
[912|(1.0,02.0)]
[913|(1.0,02.0)]
[914|(1.0,02.0)]
[915|(1.0,02.0)]
[916|(1.0,02.0)]
[917|(1.0,02.0)]
[918|(1.0,02.0)]
[919|(1.0,02.0)]
[920|(1.0,02.0)]
[921|(1.0,02.0)]
[922|(1.0,02.0)]
[923|(1.0,02.0)]
[924|(1.0,02.0)]
[925|(1.0,02.0)]
[926|(1.0,02.0)]
[927|(1.0,02.0)]
[928|(1.0,02.0)]
[929|(1.0,02.0)]
[930|(1.0,02.0)]
[931|(1.0,02.0)]
[932|(1.0,02.0)]
[933|(1.0,02.0)]
[934|(1.0,02.0)]
[935|(1.0,02.0)]
[936|(1.0,02.0)]
[937|(1.0,02.0)]
[938|(1.0,02.0)]
[939|(1.0,02.0)]
[940|(1.0,02.0)]
[941|(1.0,02.0)]
[942|(1.0,02.0)]
[943|(1.0,02.0)]
[944|(1.0,02.0)]
[945|(1.0,02.0)]
[946|(1.0,02.0)]
[947|(1.0,02.0)]
[948|(1.0,02.0)]
[949|(1.0,02.0)]
[950|(1.0,02.0)]
[951|(1.0,02.0)]
[952|(1.0,02.0)]
[953|(1.0,02.0)]
[954|(1.0,02.0)]
[955|(1.0,02.0)]
[956|(1.0,02.0)]
[957|(1.0,02.0)]
[958|(1.0,02.0)]
[959|(1.0,02.0)]
[960|(1.0.0)]
[961|(1.-0,01.0)]
[962|(1.-0,02.0)]
[963|(1.-0,03.0)]
[964|(1.-0,03.0)]
[965|(1.-0,03.0)]
[966|(1.-0,03.0)]
[967|(1.-0,03.0)]
[968|(1.-0,03.0)]
[969|(1.-0,03.0)]
[970|(1.-0,03.0)]
[971|(1.-0,03.0)]
[972|(1.-0,03.0)]
[973|(1.-0,03.0)]
[974|(1.-0,03.0)]
[975|(1.-0,03.0)]
[976|(1.-0,03.0)]
[977|(1.-0,03.0)]
[978|(1.-0,03.0)]
[979|(1.-0,03.0)]
[980|(1.-0,03.0)]
[981|(1.-0,03.0)]
[982|(1.-0,03.0)]
[983|(1.-0,03.0)]
[984|(1.-0,03.0)]
[985|(1.-0,03.0)]
[986|(1.-0,03.0)]
[987|(1.-0,03.0)]
[988|(1.-0,03.0)]
[989|(1.-0,03.0)]
[990|(1.-0,04.0)]
[991|(1.-0,05.0)]
[992|(1.-0,05999999.0)]
[993|(1.-0,05999999.0)]
[994|(1.-0,05999999.0)]
[995|(1.-0,05999999.0)]
[996|(1.-0,05999999.0)]
[997|(1.-0,05999999.0)]
[998|(1.-0,05999999.0)]
[999|(1.-0,05999999.0)]
[1000|(1.-0,05999999.0)]
[1001|(1.-0,05999999.0)]
[1002|(1.-0,05999999.0)]
[1003|(1.-0,05999999.0)]
[1004|(1.-0,05999999.0)]
[1005|(1.-0,05999999.0)]
[1006|(1.-0,05999999.0)]
[1007|(1.-0,05999999.0)]
[1008|(1.-0,05999999.0)]
[1009|(1.-0,05999999.0)]
[1010|(1.-0,05999999.0)]
[1011|(1.-0,05999999.0)]
[1012|(1.-0,05999999.0)]
[1013|(1.-0,05999999.0)]
[1014|(1.0.0)]
[1015|(1.0.0)]
[1016|(1.0.0)]
[1017|(1.0.0)]
[1018|(1.0.0)]
[1019|(1.0.0)]
[1020|(1.0.0)]
[1021|(1.0.0)]
[1022|(1.0.0)]
[1023|(1.0.0)]
[1024|(1.0.0)]
[1025|(1.0.0)]
[1026|(1.0.0)]
[1027|(1.0.0)]
[1028|(1.0.0)]
[1029|(1.0.0)]
[1030|(1.0.0)]
[1031|(1.0.0)]
[1032|(1.0.0)]
[1033|(1.0.0)]
[1034|(1.0.0)]
[1035|(1.0.0)]
[1036|(1.0.0)]
[1037|(1.0.0)]
[1038|(1.0.0)]
[1039|(1.0.0)]
[1040|(1.0.0)]
[1041|(1.0.0)]
[1042|(1.0.0)]
[1043|(1.0.0)]
[1044|(1.0.0)]
[1045|(1.0.0)]
[1046|(1.0.0)]
[1047|(1.0.0)]
[1048|(1.0.0)]
[1049|(1.0.0)]
[1050|(1.0.0)]
[1051|(1.0.0)]
[1052|(1.0.0)]
[1053|(1.0.0)]
[1054|(1.0.0)]
[1055|(1.0.0)]
[1056|(1.0.0)]
[1057|(1.0.0)]
[1058|(1.0.0)]
[1059|(1.0.0)]
[1060|(1.0.0)]
[1061|(1.-0,01.0)]
[1062|(1.-0,02.0)]
[1063|(1.-0,03.0)]
[1064|(1.-0,03.0)]
[1065|(1.-0,03.0)]
[1066|(1.-0,03.0)]
[1067|(1.-0,03.0)]
[1068|(1.-0,03.0)]
[1069|(1.-0,03.0)]
[1070|(1.-0,03.0)]
[1071|(1.-0,03.0)]
[1072|(1.-0,03.0)]
[1073|(1.-0,03.0)]
[1074|(1.-0,03.0)]
[1075|(1.-0,03.0)]
[1076|(1.-0,03.0)]
[1077|(1.-0,03.0)]
[1078|(1.-0,03.0)]
[1079|(1.-0,03.0)]
[1080|(1.-0,03.0)]
[1081|(1.-0,03.0)]
[1082|(1.-0,03.0)]
[1083|(1.-0,03.0)]
[1084|(1.-0,03.0)]
[1085|(1.-0,03.0)]
[1086|(1.-0,03.0)]
[1087|(1.-0,03.0)]
[1088|(1.-0,03.0)]
[1089|(1.-0,03.0)]
[1090|(1.-0,03.0)]
[1091|(1.-0,03.0)]
[1092|(1.-0,03.0)]
[1093|(1.-0,03.0)]
[1094|(1.-0,03.0)]
[1095|(1.-0,03.0)]
[1096|(1.-0,03.0)]
[1097|(1.-0,03.0)]
[1098|(1.-0,03.0)]
[1099|(1.-0,03.0)]
[1100|(1.-0,03.0)]
[1101|(1.-0,03.0)]
[1102|(1.-0,03.0)]
[1103|(1.-0,03.0)]
[1104|(1.-0,03.0)]
[1105|(1.-0,03.0)]
[1106|(1.-0,03.0)]
[1107|(1.-0,03.0)]
[1108|(1.-0,03.0)]
[1109|(0.0.0)]
[1110|(0.0.0)]
[1111|(0.0.0)]
[1112|(0.0.0)]
[1113|(0.0.0)]
[1114|(0.0.0)]
[1115|(0.0.0)]
[1116|(0.0.0)]
[1117|(0.0.0)]
[1118|(0.0.0)]
[1119|(0.0.0)]
[1120|(0.0.0)]
[1121|(0.0.0)]
[1122|(0.0.0)]
[1123|(0.0.0)]
[1|(0.0.0)]
[2|(0.0.0)]
[3|(0.0.0)]
[4|(0.0.0)]
[5|(0.0.0)]
[6|(0.0.0)]
[7|(0.0.0)]
[8|(0.0.0)]
[9|(0.0.0)]
[10|(0.0.0)]
[11|(0.0.0)]
[12|(0.0.0)]
[13|(0,01.0.0)]
[14|(0,02.0.0)]
[15|(0,03.0.0)]
[16|(0,04.0.0)]
[17|(0,05.0.0)]
[18|(0,05999999.0.0)]
[19|(0,06999999.0.0)]
[20|(0,07999999.0.0)]
[21|(0,08999999.0.0)]
[22|(0,09999999.0.0)]
[23|(0,11.0.0)]
[24|(0,12.0.0)]
[25|(0,13.0.0)]
[26|(0,14.0.0)]
[27|(0,15.0.0)]
[28|(0,16.0.0)]
[29|(0,17.0.0)]
[30|(0,18.0.0)]
[31|(0,19.0.0)]
[32|(0,2.0.0)]
[33|(0,21.0.0)]
[34|(0,22.0.0)]
[35|(0,23.0.0)]
[36|(0,24.0.0)]
[37|(0,25.0.0)]
[38|(0,26.0.0)]
[39|(0,27.0.0)]
[40|(0,28.0.0)]
[41|(0,29.0.0)]
[42|(0,3.0.0)]
[43|(0,31.0.0)]
[44|(0,32.0.0)]
[45|(0,33.0.0)]
[46|(0,3399999.0.0)]
[47|(0,3499999.0.0)]
[48|(0,3599999.0.0)]
[49|(0,3699999.0.0)]
[50|(0,3799999.0.0)]
[51|(0,3899999.0.0)]
[52|(0,3999999.0.0)]
[53|(0,4099999.0.0)]
[54|(0,4199999.0.0)]
[55|(0,4299999.0.0)]
[56|(0,4399998.0.0)]
[57|(0,4499998.0.0)]
[58|(0,4599998.0.0)]
[59|(0,4699998.0.0)]
[60|(0,4799998.0.0)]
[61|(0,4899998.0.0)]
[62|(0,4999998.0.0)]
[63|(0,5099998.0.0)]
[64|(0,5199998.0.0)]
[65|(0,5299998.0.0)]
[66|(0,5399998.0.0)]
[67|(0,5499998.0.0)]
[68|(0,5599998.0.0)]
[69|(0,5699998.0.0)]
[70|(0,5799997.0.0)]
[71|(0,5899997.0.0)]
[72|(0,5999997.0.0)]
[73|(0,6099997.0.0)]
[74|(0,6199997.0.0)]
[75|(0,6299997.0.0)]
[76|(0,6399997.0.0)]
[77|(0,6499997.0.0)]
[78|(0,6599997.0.0)]
[79|(0,6699997.0.0)]
[80|(0,6799996.0.0)]
[81|(0,6899996.0.0)]
[82|(0,6999996.0.0)]
[83|(0,7099996.0.0)]
[84|(0,7199996.0.0)]
[85|(0,7299996.0.0)]
[86|(0,7399996.0.0)]
[87|(0,7499996.0.0)]
[88|(0,7599996.0.0)]
[89|(0,7699996.0.0)]
[90|(0,7799996.0.0)]
[91|(0,7899995.0.0)]
[92|(0,7999995.0.0)]
[93|(0,8099995.0.0)]
[94|(0,8199995.0.0)]
[95|(0,8299995.0.0)]
[96|(0,8399995.0.0)]
[97|(0,8499995.0.0)]
[98|(0,8599995.0.0)]
[99|(0,8699995.0.0)]
[100|(0,8799995.0.0)]
[101|(0,8899994.0.0)]
[102|(0,8999994.0.0)]
[103|(0,9099994.0.0)]
[104|(0,9199994.0.0)]
[105|(0,9299994.0.0)]
[106|(0,9399994.0.0)]
[107|(0,9499994.0.0)]
[108|(0,9599994.0.0)]
[109|(0,9699994.0.0)]
[110|(0,9799994.-0,01.0)]
[111|(0,9899994.-0,02.0)]
[112|(0,9999993.-0,02.0)]
[113|(1,009999.-0,02.0)]
[114|(1.-0,02.0)]
[115|(1.-0,02.0)]
[116|(1.-0,02.0)]
[117|(1.-0,02.0)]
[118|(1.-0,02.0)]
[119|(1.-0,02.0)]
[120|(1.-0,02.0)]
[121|(1.-0,02.0)]
[122|(1.-0,02.0)]
[123|(1.-0,02.0)]
[124|(1.-0,02.0)]
[125|(1.-0,03.0)]
[126|(1.-0,04.0)]
[127|(1.-0,05.0)]
[128|(1.-0,05.0)]
[129|(1.-0,05.0)]
[130|(1.-0,05.0)]
[131|(1.-0,05.0)]
[132|(1.-0,05.0)]
[133|(1.-0,05.0)]
[134|(1.-0,05.0)]
[135|(1.-0,05.0)]
[136|(1.-0,05.0)]
[137|(1.-0,05.0)]
[138|(1.-0,05.0)]
[139|(1.-0,05.0)]
[140|(1.-0,05.0)]
[141|(1.-0,05.0)]
[142|(1.-0,05.0)]
[143|(1.-0,05.0)]
[144|(1.-0,05.0)]
[145|(1.-0,05.0)]
[146|(1.-0,05.0)]
[147|(1.-0,05.0)]
[148|(1.-0,05.0)]
[149|(1.-0,05.0)]
[150|(1.-0,05.0)]
[151|(1.-0,05999999.0)]
[152|(1.-0,06999999.0)]
[153|(1.-0,07999999.0)]
[154|(1.-0,07999999.0)]
[155|(1.-0,07999999.0)]
[156|(1.-0,07999999.0)]
[157|(1.-0,07999999.0)]
[158|(1.-0,07999999.0)]
[159|(1.-0,07999999.0)]
[160|(1.-0,07999999.0)]
[161|(1.-0,07999999.0)]
[162|(1.-0,07999999.0)]
[163|(1.-0,07999999.0)]
[164|(1.-0,07999999.0)]
[165|(1.-0,07999999.0)]
[166|(1.-0,07999999.0)]
[167|(1.-0,07999999.0)]
[168|(1.-0,07999999.0)]
[169|(1.-0,07999999.0)]
[170|(1.-0,07999999.0)]
[171|(1.-0,07999999.0)]
[172|(1.-0,07999999.0)]
[173|(1.-0,07999999.0)]
[174|(1.-0,07999999.0)]
[175|(1.-0,07999999.0)]
[176|(1.-0,07999999.0)]
[177|(1.-0,07999999.0)]
[178|(1.-0,07999999.0)]
[179|(1.-0,07999999.0)]
[180|(1.-0,07999999.0)]
[181|(1.-0,07999999.0)]
[182|(1.-0,07999999.0)]
[183|(1.-0,07999999.0)]
[184|(1.-0,07999999.0)]
[185|(1.-0,07999999.0)]
[186|(1.-0,07999999.0)]
[187|(1.-0,07999999.0)]
[188|(1.-0,07999999.0)]
[189|(1.-0,07999999.0)]
[190|(1.-0,07999999.0)]
[191|(1.-0,07999999.0)]
[192|(0.0.0)]
[193|(0.0.0)]
[194|(0.0.0)]
[195|(0.0.0)]
[196|(0.0.0)]
[197|(0.0.0)]
[198|(0.0.0)]
[199|(0,01.0.0)]
[200|(0,02.0.0)]
[201|(0,03.0.0)]
[202|(0,04.0.0)]
[203|(0.0.0)]
[204|(0.0.0)]
[205|(0.0.0)]
[206|(0.0.0)]
[207|(0.0.0)]
[208|(0.0.0)]
[209|(0.0.0)]
[210|(0.0.0)]
[211|(0.0.0)]
[212|(0.0.0)]
[213|(0.0.0)]
[214|(0,01.0.0)]
[215|(0,02.0.0)]
[216|(0,03.0.0)]
[217|(0,03.-0,01.0)]
[218|(0,03.-0,02.0)]
[219|(0.0.0)]
[220|(0.0.0)]
[221|(0.0.0)]
[222|(0.0.0)]
[223|(0.0.0)]
[224|(0,01.0.0)]
[225|(0,02.0.0)]
[226|(0,03.0.0)]
[227|(0,04.-0,01.0)]
[228|(0.0.0)]
[229|(0.0.0)]
[230|(0.0.0)]
[231|(0.0.0)]
[232|(0.0.0)]
[233|(0,01.0.0)]
[234|(0,02.0.0)]
[235|(0,03.0.0)]
[236|(0.0.0)]
[237|(0.0.0)]
[238|(0.0.0)]
[239|(0.0.0)]
[240|(0.-0,01.0)]
[241|(0.-0,02.0)]
[242|(0.-0,03.0)]
[243|(0.-0,04.0)]
[244|(0.-0,05.0)]
[245|(0.-0,05999999.0)]
[246|(0.-0,06999999.0)]
[247|(0.0.0)]
[248|(0.0.0)]
[249|(0.-0,01.0)]
[250|(0.-0,02.0)]
[251|(0.-0,03.0)]
[252|(0.0.0)]
[253|(0.0.0)]
[254|(0.0.0)]
[255|(0.0.0)]
[256|(0.-0,01.0)]
[257|(0.-0,02.0)]
[258|(0.-0,03.0)]
[259|(0.0.0)]
[260|(0.0.0)]
[261|(0.0.0)]
[262|(0.0.0)]
[263|(0,01.0.0)]
[264|(0,02.0.0)]
[265|(0.0.0)]
[266|(0.0.0)]
[267|(0.0.0)]
[268|(0.0.0)]
[269|(0,01.0.0)]
[270|(0,02.0.0)]
[271|(0,03.0.0)]
[272|(0,04.0.0)]
[273|(0,05.0.0)]
[274|(0,05999999.0.0)]
[275|(0,06999999.-0,01.0)]
[276|(0,07999999.-0,02.0)]
[277|(0,08999999.-0,03.0)]
[278|(0,09999999.-0,03.0)]
[279|(0.0.0)]
[280|(0.0.0)]
[281|(0.0.0)]
[282|(0.-0,01.0)]
[283|(0,01.-0,02.0)]
[284|(0,02.-0,03.0)]
[285|(0,03.-0,04.0)]
[286|(0,04.-0,05.0)]
[287|(0,05.-0,05.0)]
[288|(0,05999999.-0,05.0)]
[289|(0,06999999.-0,05.0)]
[290|(0,07999999.-0,05.0)]
[291|(0,08999999.-0,05999999.0)]
[292|(0,09999999.-0,06999999.0)]
[293|(0,11.-0,07999999.0)]
[294|(0,12.-0,08999999.0)]
[295|(0,13.-0,09999999.0)]
[296|(0,14.-0,09999999.0)]
[297|(0,15.-0,09999999.0)]
[298|(0,16.-0,09999999.0)]
[299|(0,17.-0,09999999.0)]
[300|(0,18.-0,09999999.0)]
[301|(0,19.-0,11.0)]
[302|(0,2.-0,12.0)]
[303|(0,21.-0,13.0)]
[304|(0,22.-0,13.0)]
[305|(0,23.-0,13.0)]
[306|(0,24.-0,13.0)]
[307|(0,25.-0,13.0)]
[308|(0,26.-0,13.0)]
[309|(0,27.-0,13.0)]
[310|(0,28.-0,13.0)]
[311|(0,29.-0,13.0)]
[312|(0,3.0.0)]
[313|(0,31.0,01.0)]
[314|(0,32.0,01.0)]
[315|(0,33.0,01.0)]
[316|(0,3399999.0,01.0)]
[317|(0,3499999.0,01.0)]
[318|(0,3599999.0,01.0)]
[319|(0,3699999.0,01.0)]
[320|(0,3799999.0,01.0)]
[321|(0,3899999.0,01.0)]
[322|(0,3999999.0,01.0)]
[323|(0,4099999.0,01.0)]
[324|(0,4199999.0,01.0)]
[325|(0,4299999.0,01.0)]
[326|(0,4399998.0,01.0)]
[327|(0,4499998.0,01.0)]
[328|(0,4599998.0,01.0)]
[329|(0,4699998.0,01.0)]
[330|(0,4799998.0,01.0)]
[331|(0,4899998.0,01.0)]
[332|(0,4999998.0,01.0)]
[333|(0,5099998.0,01.0)]
[334|(0,5199998.0,01.0)]
[335|(0,5299998.0,01.0)]
[336|(0,5399998.0,01.0)]
[337|(0,5499998.0,01.0)]
[338|(0,5599998.0,01.0)]
[339|(0,5699998.0,01.0)]
[340|(0,5799997.0,01.0)]
[341|(0,5899997.0,01.0)]
[342|(0,5999997.0,01.0)]
[343|(0,6099997.0,01.0)]
[344|(0,6199997.0,01.0)]
[345|(0,6299997.0,01.0)]
[346|(0,6399997.0,01.0)]
[347|(0,6499997.0,01.0)]
[348|(0,6599997.0,01.0)]
[349|(0,6699997.0,01.0)]
[350|(0,6799996.0,01.0)]
[351|(0,6899996.0,01.0)]
[352|(0,6999996.0,01.0)]
[353|(0,7099996.0,01.0)]
[354|(0,7199996.0,01.0)]
[355|(0,7299996.0,01.0)]
[356|(0,7399996.0,01.0)]
[357|(0,7499996.0,01.0)]
[358|(0,7599996.0,01.0)]
[359|(0,7699996.0,01.0)]
[360|(0,7799996.0,01.0)]
[361|(0,7899995.0,01.0)]
[362|(0,7999995.0,01.0)]
[363|(0,8099995.0,01.0)]
[364|(0,8199995.0.0)]
[365|(0,8299995.-0,01.0)]
[366|(0,8399995.-0,01.0)]
[367|(0,8499995.-0,01.0)]
[368|(0,8599995.-0,01.0)]
[369|(0,8699995.-0,01.0)]
[370|(0,8799995.-0,01.0)]
[371|(0,8899994.-0,01.0)]
[372|(0,8999994.-0,01.0)]
[373|(0,9099994.-0,01.0)]
[374|(0,9199994.-0,01.0)]
[375|(0,9299994.-0,01.0)]
[376|(0,9399994.-0,01.0)]
[377|(0,9499994.-0,01.0)]
[378|(0,9599994.-0,01.0)]
[379|(0,9699994.-0,01.0)]
[380|(0,9799994.-0,01.0)]
[381|(0,9899994.-0,01.0)]
[382|(0,9999993.-0,01.0)]
[383|(1,009999.-0,01.0)]
[384|(1.-0,01.0)]
[385|(1.-0,01.0)]
[386|(1.-0,01.0)]
[387|(1.-0,01.0)]
[388|(1.-0,01.0)]
[389|(1.-0,01.0)]
[390|(1.-0,01.0)]
[391|(1.-0,01.0)]
[392|(1.-0,01.0)]
[393|(1.-0,01.0)]
[394|(1.-0,01.0)]
[395|(1.-0,01.0)]
[396|(1.-0,01.0)]
[397|(1.-0,01.0)]
[398|(1.-0,01.0)]
[399|(1.-0,01.0)]
[400|(1.-0,01.0)]
[401|(1.-0,01.0)]
[402|(1.-0,01.0)]
[403|(1.-0,01.0)]
[404|(1.-0,01.0)]
[405|(1.-0,01.0)]
[406|(1.-0,01.0)]
[407|(1.-0,01.0)]
[408|(1.-0,01.0)]
[409|(1.-0,01.0)]
[410|(1.-0,01.0)]
[411|(1.-0,01.0)]
[412|(1.-0,01.0)]
[413|(1.-0,01.0)]
[414|(1.-0,01.0)]
[415|(1.-0,01.0)]
[416|(1.-0,01.0)]
[417|(1.-0,01.0)]
[418|(1.-0,01.0)]
[419|(1.-0,01.0)]
[420|(1.-0,01.0)]
[421|(1.-0,01.0)]
[422|(1.-0,01.0)]
[423|(1.-0,01.0)]
[424|(1.-0,01.0)]
[425|(1.-0,01.0)]
[426|(1.-0,01.0)]
[427|(1.-0,01.0)]
[428|(1.-0,01.0)]
[429|(1.-0,01.0)]
[430|(1.-0,01.0)]
[431|(1.-0,01.0)]
[432|(1.-0,01.0)]
[433|(1.-0,01.0)]
[434|(1.-0,01.0)]
[435|(1.-0,01.0)]
[436|(1.-0,01.0)]
[437|(1.-0,01.0)]
[438|(1.-0,01.0)]
[439|(1.-0,01.0)]
[440|(1.-0,01.0)]
[441|(1.-0,01.0)]
[442|(1.-0,01.0)]
[443|(1.-0,01.0)]
[444|(1.-0,01.0)]
[445|(1.-0,01.0)]
[446|(1.-0,01.0)]
[447|(1.-0,01.0)]
[448|(1.-0,01.0)]
[449|(1.-0,01.0)]
[450|(1.0.0)]
[451|(1.0,01.0)]
[452|(1.0,02.0)]
[453|(1.0,02.0)]
[454|(1.0,02.0)]
[455|(1.0,02.0)]
[456|(1.0,02.0)]
[457|(1.0,02.0)]
[458|(1.0,02.0)]
[459|(1.0,02.0)]
[460|(1.0,02.0)]
[461|(1.0,02.0)]
[462|(1.0,02.0)]
[463|(1.0,02.0)]
[464|(1.0,02.0)]
[465|(1.0,02.0)]
[466|(1.0,02.0)]
[467|(1.0,02.0)]
[468|(1.0,03.0)]
[469|(1.0,04.0)]
[470|(1.0,05.0)]
[471|(1.0,05999999.0)]
[472|(1.0,05999999.0)]
[473|(1.0,05999999.0)]
[474|(1.0,05999999.0)]
[475|(1.0,05999999.0)]
[476|(1.0,05999999.0)]
[477|(1.0,05999999.0)]
[478|(1.0,05999999.0)]
[479|(1.0,05999999.0)]
[480|(1.0,05999999.0)]
[481|(1.0,05999999.0)]
[482|(1.0,05999999.0)]
[483|(1.0,05999999.0)]
[484|(1.0,05999999.0)]
[485|(1.0,05999999.0)]
[486|(1.0,05999999.0)]
[487|(1.0,06999999.0)]
[488|(1.0,07999999.0)]
[489|(1.0,07999999.0)]
[490|(1.0,07999999.0)]
[491|(1.0,07999999.0)]
[492|(1.0,07999999.0)]
[493|(1.0,07999999.0)]
[494|(1.0,07999999.0)]
[495|(1.0,07999999.0)]
[496|(1.0,07999999.0)]
[497|(1.0,07999999.0)]
[498|(1.0,07999999.0)]
[499|(1.0,07999999.0)]
[500|(1.0,07999999.0)]
[501|(1.0,07999999.0)]
[502|(1.0,07999999.0)]
[503|(1.0,07999999.0)]
[504|(1.0,07999999.0)]
[505|(1.0,07999999.0)]
[506|(1.0,07999999.0)]
[507|(1.0,07999999.0)]
[508|(1.0,07999999.0)]
[509|(1.0,07999999.0)]
[510|(1.0,07999999.0)]
[511|(1.0,07999999.0)]
[512|(1.0,07999999.0)]
[513|(1.0,07999999.0)]
[514|(1.0,07999999.0)]
[515|(1.0,07999999.0)]
[516|(1.0,07999999.0)]
[517|(1.0,07999999.0)]
[518|(1.0,07999999.0)]
[519|(1.0,07999999.0)]
[520|(1.0,07999999.0)]
[521|(1.0,07999999.0)]
[522|(1.0,07999999.0)]
[523|(1.0,07999999.0)]
[524|(1.0,07999999.0)]
[525|(1.0,07999999.0)]
[526|(1.0,07999999.0)]
[527|(1.0,07999999.0)]
[528|(1.0,07999999.0)]
[529|(1.0,07999999.0)]
[530|(1.0,07999999.0)]
[531|(1.0,07999999.0)]
[532|(1.0.0)]
[533|(1.0.0)]
[534|(1.0.0)]
[535|(1.0.0)]
[536|(1.0.0)]
[537|(1.0.0)]
[538|(1.0.0)]
[539|(1.0.0)]
[540|(1.0.0)]
[541|(1.0.0)]
[542|(1.0.0)]
[543|(1.0.0)]
[544|(1.0.0)]
[545|(1.0.0)]
[546|(1.0.0)]
[547|(1.0.0)]
[548|(1.0.0)]
[549|(1.0.0)]
[550|(1.0.0)]
[551|(1.0.0)]
[552|(1.0.0)]
[553|(1.0.0)]
[554|(1.0.0)]
[555|(1.0.0)]
[556|(1.0.0)]
[557|(1.0.0)]
[558|(1.0.0)]
[559|(1.0.0)]
[560|(1.0.0)]
[561|(1.0.0)]
[562|(1.0.0)]
[563|(1.0.0)]
[564|(1.0.0)]
[565|(1.0.0)]
[566|(1.0.0)]
[567|(1.0.0)]
[568|(1.0.0)]
[569|(1.0.0)]
[570|(1.0.0)]
[571|(1.0.0)]
[572|(1.0.0)]
[573|(1.0.0)]
[574|(1.0.0)]
[575|(1.0.0)]
[576|(1.0.0)]
[577|(1.0.0)]
[578|(1.0.0)]
[579|(1.0.0)]
[580|(1.0.0)]
[581|(1.0.0)]
[582|(1.0.0)]
[583|(1.0.0)]
[584|(1.0.0)]
[585|(1.0.0)]
[586|(1.0.0)]
[587|(1.0.0)]
[588|(1.0.0)]
[589|(1.0.0)]
[590|(1.0.0)]
[591|(1.0.0)]
[592|(1.0.0)]
[593|(1.0.0)]
[594|(1.0.0)]
[595|(1.0.0)]
[596|(1.0.0)]
[597|(1.0.0)]
[598|(1.0.0)]
[599|(1.0.0)]
[600|(1.0.0)]
[601|(1.0.0)]
[602|(1.0.0)]
[603|(1.0.0)]
[604|(1.0.0)]
[605|(1.0.0)]
[606|(1.0.0)]
[607|(1.0.0)]
[608|(1.0.0)]
