1| 0 0 0
2| 0 0 0
3| 0 0 0
4| 0 0 0
5| 0 0 0
6| 0 0 0
7| 0 0 0
8| 0 0 0
9| 0 0 0
10| 0 0 0
11| 0 0 0
12| 0 0 0
13| 0 0 0
14| 0 0 0
15| 0 0 0
16| 0 0 0
17| 0 0 0
18| 0 0 0
19| 0 0 0
20| 0 0 0
21| 0 0 0
22| 0 0 0
23| 0 0 0
24| 0 0 0
25| 0 0 0
26| 0 0 0
27| 0 0 0
28| 0 0 0
29| 0 0 0
30| 0 0 0
31| 0 0 0
32| 0 0 0
33| 0 0 0
34| 0 0 0
35| 0 0 0
36| 0 0 0
37| 0 0 0
38| 0 0 0
39| 0 0 0
40| 0 0 0
41| 0 0 0
42| 0 0 0
43| 0 0 0
44| 0 0 0
45| 0 0 0
46| 0 0 0
47| 0 0 0
48| 0 0 0
49| 0 0 0
50| 0 0 0
51| 0 0 0
52| 0 0 0
53| 0 0 0
54| 0 0 0
55| 0,3 0 0
56| 0,6 0 0
57| 0,9 0 0
58| 1,2 0 0
59| 1,5 0 0
60| 1,8 0 0
61| 2,1 0 0
62| 2,4 0 0
63| 2,7 0 0
64| 3 0 0
65| 3,299999 0 0
66| 3,599999 0 0
67| 3,899999 0 0
68| 4,2 0 0
69| 4,5 0 0
70| 4,8 0 0
71| 5,1 0 0
72| 5,4 0 0
73| 5,7 0 0
74| 6 0 0
75| 6,300001 0 0
76| 6,600001 0 0
77| 6,900001 0 0
78| 7,200001 0 0
79| 7,500001 0 0
80| 7,800001 0 0
81| 8,1 0 0
82| 8,4 0 0
83| 8,7 0 0
84| 8,999999 0 0
85| 9,299999 0 0
86| 9,599998 0 0
87| 9,899999 0 0
88| 10,2 0 0
89| 10,5 0 0
90| 10,8 0 0
91| 11,1 0 0
92| 11,4 0 0
93| 11,7 0 0
94| 12 0 0
95| 12,3 0 0
96| 12,6 0 0
97| 12,9 0 0
98| 13,2 0 0
99| 13,5 0 0
100| 13,79999 0 0
101| 14,09999 0 0
102| 14,39999 0 0
103| 14,69999 0 0
104| 14,99999 0 0
105| 15,29999 0 0
106| 15,59999 0 0
107| 15,89999 0 0
108| 16,19999 0 0
109| 16,49999 0 0
110| 16,79999 0 0
111| 17,09999 0 0
112| 17,39999 0 0
113| 17,69999 0 0
114| 17,99999 0 0
115| 18,29999 0 0
116| 18,59999 0 0
117| 18,89999 0 0
118| 19,19999 0 0
119| 19,49999 0 0
120| 19,79999 0 0
121| 20,09999 0 0
122| 20,39999 0 0
123| 20,69999 0 0
124| 20,99999 0 0
125| 21,29999 0 0
126| 21,59999 0 0
127| 21,89999 0 0
128| 22,19999 0 0
129| 22,49999 0 0
130| 22,79999 0 0
131| 23,09999 0 0
132| 23,39999 0 0
133| 23,69999 0 0
134| 23,99999 0 0
135| 24,29999 0 0
136| 24,59999 0 0
137| 24,89998 0 0
138| 25,19999 0 0
139| 25,49998 0 0
140| 25,79998 0 0
141| 26,09998 0 0
142| 26,39998 0 0
143| 26,69998 0 0
144| 26,99998 0 0
145| 27,29998 0 0
146| 27,59998 0 0
147| 27,89998 0 0
148| 28,19998 0 0
149| 28,49998 0 0
150| 28,79998 0 0
151| 29,09998 0 0
152| 29,39998 0 0
153| 29,69998 0 0
154| 29,99998 0 0
155| 30,29998 0 0
156| 30 0 0
157| 30 0 0
158| 30 0 0
159| 30 0 0
160| 30 0 0
161| 30 0 0
162| 30 0 0
163| 30 0 0
164| 30 0 0
165| 30 0 0
166| 30 0 0
167| 30 0 0
168| 30 0 0
169| 30 0 0
170| 30 0 0
171| 30 0 0
172| 30 0 0
173| 30 0 0
174| 30 0 0
175| 30 0 0
176| 30 0 0
177| 30 0 0
178| 30 0 0
179| 30 0 0
180| 30 0 0
181| 30 0 0
182| 30 0 0
183| 30 0 0
184| 30 0 0
185| 30 0 0
186| 30 0 0
187| 30 0 0
188| 30 0 0
189| 30 0 0
190| 30 0 0
191| 30 0 0
192| 30 0 0
193| 30 0 0
194| 30 0 0
195| 30 0 0
196| 30 0 0
197| 30 0 0
198| 30 0 0
199| 30 0 0
200| 30 0 0
201| 30 0 0
202| 30 0 0
203| 30 0 0
204| 30 0 0
205| 30 0 0
206| 30 0 0
207| 30 0 0
208| 30 0 0
209| 30 0 0
210| 30 0 0
211| 30 0 0
212| 30 0 0
213| 30 0 0
214| 30 0 0
215| 30 0 0
216| 30 0 0
217| 30 0 0
218| 30 0 0
219| 30 0 0
220| 30 0 0
221| 30 0 0
222| 30 0 0
223| 30 0 0
224| 30 0 0
225| 30 0 0
226| 30 0 0
227| 0 0 0
228| 0 0 0
229| 0 0 0
230| 0 0 0
231| 0 0 0
232| 0 0 0
233| 0 0 0
234| 0 0 0
235| 0 0 0
236| 0 0 0
237| 0 0 0
238| 0 0 0
239| 0 0 0
240| 0 0 0
241| 0 0 0
242| 0 0 0
243| 0 0 0
244| 0 0 0
245| 0 0 0
246| 0 0 0
247| 0 0 0
248| 0 0 0
249| 0 0 0
250| 0 0 0
251| 0 0 0
252| -0,3 0 0
253| -0,6 0 0
254| -0,9 0 0
255| -1,2 0 0
256| -1,5 0 0
257| -1,8 0 0
258| -2,1 0 0
259| -2,4 0 0
260| -2,7 0 0
261| -3 0 0
262| -3,299999 0 0
263| -3,599999 0 0
264| -3,899999 0 0
265| -4,2 0 0
266| -4,5 0 0
267| -4,8 0 0
268| -5,1 0 0
269| -5,4 0 0
270| -5,7 0 0
271| -6 0 0
272| -6,300001 0 0
273| -6,600001 0 0
274| -6,900001 0 0
275| -7,200001 0 0
276| -7,500001 0 0
277| -7,800001 0 0
278| -8,1 0 0
279| -8,4 0 0
280| -8,7 0 0
281| -8,999999 0 0
282| -9,299999 0 0
283| -9,599998 0 0
284| -9,899999 0 0
285| -10,2 0 0
286| -10,5 0 0
287| -10,8 0 0
288| -11,1 0 0
289| -11,4 0 0
290| -11,7 0 0
291| -12 0 0
292| -12,3 0 0
293| -12,6 0 0
294| -12,9 0 0
295| -13,2 0 0
296| -13,5 0 0
297| -13,79999 0 0
298| -14,09999 0 0
299| -14,39999 0 0
300| -14,69999 0 0
301| -14,99999 0 0
302| -15,29999 0 0
303| -15,59999 0 0
304| -15,89999 0 0
305| -16,19999 0 0
306| -16,49999 0 0
307| -16,79999 0 0
308| -17,09999 0 0
309| -17,39999 0 0
310| -17,69999 0 0
311| -17,99999 0 0
312| -18,29999 0 0
313| -18,59999 0 0
314| -18,89999 0 0
315| -19,19999 0 0
316| -19,49999 0 0
317| -19,79999 0 0
318| -20,09999 0 0
319| -20,39999 0 0
320| -20,69999 0 0
321| -20,99999 0 0
322| -21,29999 0 0
323| -21,59999 0 0
324| -21,89999 0 0
325| -22,19999 0 0
326| -22,49999 0 0
327| -22,79999 0 0
328| -23,09999 0 0
329| -23,39999 0 0
330| -23,69999 0 0
331| -23,99999 0 0
332| -24,29999 0 0
333| -24,59999 0 0
334| -24,89998 0 0
335| -25,19999 0 0
336| -25,49998 0 0
337| -25,79998 0 0
338| -26,09998 0 0
339| -26,39998 0 0
340| -26,69998 0 0
341| -26,99998 0 0
342| -27,29998 0 0
343| -27,59998 0 0
344| -27,89998 0 0
345| -28,19998 0 0
346| -28,49998 0 0
347| -28,79998 0 0
348| -29,09998 0 0
349| -29,39998 0 0
350| -29,69998 0 0
351| -29,99998 0 0
352| -30,29998 0 0
353| -30 0 0
354| -30 0 0
355| -30 0 0
356| -30 0 0
357| -30 0 0
358| -30 0 0
359| -30 0 0
360| -30 0 0
361| -30 0 0
362| -30 0 0
363| -30 0 0
364| -30 0 0
365| -30 0 0
366| -30 0 0
367| -30 0 0
368| -30 0 0
369| -30 0 0
370| -30 0 0
371| -30 0 0
372| -30 0 0
373| -30 0 0
374| -30 0 0
375| -30 0 0
376| -30 0 0
377| -30 0 0
378| -30 0 0
379| -30 0 0
380| -30 0 0
381| -30 0 0
382| -30 0 0
383| -30 0 0
384| -30 0 0
385| -30 0 0
386| -30 0 0
387| -30 0 0
388| -30 0 0
389| -30 0 0
390| -30 0 0
391| -30 0 0
392| -30 0 0
393| -30 0 0
394| -30 0 0
395| -30 0 0
396| -30 0 0
397| -30 0 0
398| -30 0 0
399| -30 0 0
400| -30 0 0
401| -30 0 0
402| -30 0 0
403| -30 0 0
404| -30 0 0
405| -30 0 0
406| -30 0 0
407| -30 0 0
408| -30 0 0
409| -30 0 0
410| -30 0 0
411| -30 0 0
412| -30 0 0
413| -30 0 0
414| -30 0 0
415| -30 0 0
416| -30 0 0
417| -30 0 0
418| -30 0 0
419| -30 0 0
420| -30 0 0
421| -30 0 0
422| -30 0 0
423| -30 0 0
424| -30 0 0
425| -30 0 0
426| -30 0 0
427| -30 0 0
428| -30 0 0
429| -30 0 0
430| -30 0 0
431| -30 0 0
432| -30 0 0
433| -30 0 0
434| -30 0 0
435| -30 0 0
436| -30 0 0
437| -30 0 0
438| -30 0 0
439| -30 0 0
440| -30 0 0
441| -30 0 0
442| -30 0 0
443| 0 0 0
444| 0 0 0
445| 0 0 0
446| 0 0 0
447| 0 0 0
448| 0 0 0
449| 0 0 0
450| 0 0 0
451| 0 0 0
452| 0 0 0
453| 0 0 0
454| 0 0 0
455| 0 0 0
456| 0 0 0
457| 0 0 0
458| 0 0 0
459| 0 0 0
460| 0 0 0
461| 0 0 0
462| 0 0 0
463| 0 0 0
464| 0 0 0
465| 0 0 0
466| 0 0 0
467| 0 0 0
468| 0 0 0
469| 0 0 0
470| 0 0 0
471| 0 0 0
472| 0 0 0
473| 0 0 0
474| 0 0 0
475| 0 0 0
476| 0,3 0 0
477| 0,6 0 0
478| 0,9 0 0
479| 1,2 0 0
480| 1,5 0 0
481| 1,8 0 0
482| 0 0 0
483| 0 0 0
484| 0 0 0
485| 0 0 0
486| 0 0 0
487| 0 0 0
488| 0 0 0
489| 0 0 0
490| 0 0 0
491| 0 0 0
492| 0 0 0
493| 0,3 0 0
494| 0,6 0 0
495| 0,9 0 0
496| 1,2 0 0
497| 1,5 0 0
498| 1,8 0 0
499| 2,1 0 0
500| 2,4 0 0
501| 2,7 0 0
502| 3 0 0
503| 3,299999 0 0
504| 3,599999 0 0
505| 3,899999 0 0
506| 4,2 0 0
507| 4,5 0 0
508| 4,8 0 0
509| 5,1 0 0
510| 5,4 0 0
511| 5,7 0 0
512| 6 0 0
513| 0 0 0
514| 0 0 0
515| 0 0 0
516| 0 0 0
517| 0 0 0
518| 0 0 0
519| 0 0 0
520| 0 0 0
521| 0 0 0
522| 0 0 0
523| 0 0 0
524| 0,3 0 0
525| 0,6 0 0
526| 0,9 0 0
527| 1,2 0 0
528| 1,5 0 0
529| 1,8 0 0
530| 2,1 0 0
531| 2,4 0 0
532| 2,7 0 0
533| 3 0 0
534| 3,299999 0 0
535| 3,599999 0 0
536| 3,899999 0 0
537| 4,2 0 0
538| 4,5 0 0
539| 4,8 0 0
540| 5,1 0 0
541| 5,4 0 0
542| 5,7 0 0
543| 0 0 0
544| 0 0 0
545| 0 0 0
546| 0 0 0
547| 0 0 0
548| 0 0 0
549| 0 0 0
550| 0 0 0
551| 0 0 0
552| 0 0 0
553| 0 0 0
554| 0 0 0
555| 0 0 0
556| 0 0 0
557| 0,3 0 0
558| 0,6 0 0
559| 0,9 0 0
560| 1,2 0 0
561| 1,5 0 0
562| 1,8 0 0
563| 2,1 0 0
564| 2,4 0 0
565| 2,7 0 0
566| 3 0 0
567| 3,299999 0 0
568| 3,599999 0 0
569| 3,899999 0 0
570| 4,2 0 0
571| 4,5 0 0
572| 4,8 0 0
573| 5,1 0 0
574| 5,4 0 0
575| 5,7 0 0
576| 6 0 0
577| 6,300001 0 0
578| 6,600001 0 0
579| 6,900001 0 0
580| 0 0 0
581| 0 0 0
582| 0 0 0
583| 0 0 0
584| 0 0 0
585| 0 0 0
586| 0 0 0
587| 0 0 0
588| 0 0 0
589| 0 0 0
590| 0 0 0
591| 0,3 0 0
592| 0,6 0 0
593| 0,9 0 0
594| 1,2 0 0
595| 1,5 0 0
596| 1,8 0 0
597| 2,1 0 0
598| 2,4 0 0
599| 2,7 0 0
600| 3 0 0
601| 3,299999 0 0
602| 3,599999 0 0
603| 3,899999 0 0
604| 4,2 0 0
605| 4,5 0 0
606| 4,8 0 0
607| 5,1 0 0
608| 5,4 0 0
609| 5,7 0 0
610| 6 0 0
611| 6,300001 0 0
612| 6,600001 0 0
613| 6,900001 0 0
614| 7,200001 0 0
615| 7,500001 0 0
616| 7,800001 0 0
617| 8,1 0 0
618| 8,4 0 0
619| 8,7 0 0
620| 8,999999 0 0
621| 9,299999 0 0
622| 9,599998 0 0
623| 9,899999 0 0
624| 10,2 0 0
625| 10,5 0 0
626| 10,8 0 0
627| 11,1 0 0
628| 11,4 0 0
629| 11,7 0 0
630| 12 0 0
631| 12,3 0 0
632| 12,6 0 0
633| 12,9 0 0
634| 13,2 0 0
635| 0 0 0
636| 0 4 0
637| 0,3 8 0
638| 0,6 12 0
639| 0,9 16 0
640| 1,2 20 0
641| 1,5 24 0
642| 1,8 28 0
643| 2,1 32 0
644| 2,4 36 0
645| 2,7 40 0
646| 3 43,99999 0
647| 3,299999 47,99999 0
648| 3,599999 51,99999 0
649| 3,899999 55,99999 0
650| 4,2 60 0
651| 4,5 64 0
652| 4,8 68 0
653| 5,1 72 0
654| 5,4 76,00001 0
655| 5,7 80,00001 0
656| 6 84,00001 0
657| 6,300001 88,00002 0
658| 6,600001 92,00002 0
659| 6,900001 96,00002 0
660| 7,200001 100 0
661| 7,500001 104 0
662| 7,800001 108 0
663| 8,1 112 0
664| 8,4 116 0
665| 8,7 120 0
666| 8,999999 124 0
667| 9,299999 128 0
668| 9,599998 132 0
669| 9,899999 136 0
670| 10,2 140 0
671| 10,5 144 0
672| 10,8 148 0
673| 11,1 152 0
674| 11,4 156 0
675| 11,7 160 0
676| 12 164 0
677| 12 168 0
678| 12 171,9999 0
679| 12 175,9999 0
680| 12 179,9999 0
681| 12 183,9999 0
682| 12 187,9999 0
683| 12 191,9999 0
684| 12 195,9999 0
685| 12 199,9999 0
686| 12 203,9999 0
687| 12 207,9999 0
688| 12 211,9999 0
689| 12 215,9999 0
690| 12 219,9999 0
691| 12 223,9999 0
692| 12 227,9999 0
693| 0 231,9999 0
694| -0,3 235,9999 0
695| -0,6 239,9999 0
696| -0,9 243,9999 0
697| -1,2 247,9999 0
698| -1,5 251,9999 0
699| -1,8 255,9999 0
700| -2,1 259,9999 0
701| -2,4 263,9999 0
702| -2,7 267,9999 0
703| -3 271,9998 0
704| -3,299999 275,9998 0
705| -3,599999 279,9998 0
706| -3,899999 283,9998 0
707| -4,2 287,9998 0
708| -4,5 291,9998 0
709| -4,8 295,9998 0
710| -5,1 299,9998 0
711| -5,4 303,9998 0
712| -5,7 307,9998 0
713| -6 311,9998 0
714| -6,300001 315,9998 0
715| -6,600001 319,9998 0
716| -6,900001 323,9998 0
717| -7,200001 327,9998 0
718| -7,500001 331,9998 0
719| -7,800001 335,9998 0
720| -8,1 339,9998 0
721| -8,4 343,9998 0
722| -8,7 347,9998 0
723| -8,7 351,9998 0
724| -8,7 355,9998 0
725| 0 359,9998 0
726| 0,3 363,9998 0
727| 0,6 367,9998 0
728| 0,9 371,9998 0
729| 1,2 375,9998 0
730| 1,5 379,9998 0
731| 1,8 383,9998 0
732| 2,1 387,9998 0
733| 2,4 391,9998 0
734| 2,7 395,9998 0
735| 3 399,9997 0
736| 3,299999 403,9998 0
737| 3,599999 400 0
738| 3,899999 400 0
739| 4,2 400 0
740| 4,5 400 0
741| 4,8 400 0
742| 5,1 400 0
743| 5,4 400 0
744| 5,7 400 0
745| 6 400 0
746| 6,300001 400 0
747| 6,600001 400 0
748| 6,900001 400 0
749| 7,200001 400 0
750| 7,500001 400 0
751| 7,800001 400 0
752| 8,1 400 0
753| 8,4 400 0
754| 8,7 400 0
755| 8,999999 400 0
756| 9,299999 400 0
757| 9,299999 400 0
758| 9,299999 400 0
759| 9,299999 400 0
760| 9,299999 400 0
761| 9,299999 400 0
762| 9,299999 400 0
763| 0 400 0
764| -0,3 400 0
765| -0,6 400 0
766| -0,9 400 0
767| -1,2 400 0
768| -1,5 400 0
769| -1,8 400 0
770| -2,1 400 0
771| -2,4 400 0
772| -2,7 400 0
773| -3 400 0
774| -3,299999 400 0
775| -3,599999 400 0
776| -3,899999 400 0
777| -4,2 400 0
778| -4,5 400 0
779| -4,8 400 0
780| -5,1 400 0
781| -5,4 400 0
782| -5,7 400 0
783| -6 400 0
784| -6,300001 400 0
785| -6,300001 400 0
786| -6,300001 400 0
787| -6,300001 400 0
788| -6,300001 400 0
789| -6,300001 400 0
790| -6,300001 400 0
791| -6,300001 400 0
792| -6,300001 400 0
793| -6,300001 400 0
794| -6,300001 400 0
795| -6,300001 400 0
796| -6,300001 400 0
797| -6,300001 400 0
798| -6,300001 400 0
799| -6,300001 400 0
800| -6,300001 400 0
801| -6,300001 400 0
802| 0 400 0
803| 0,3 400 0
804| 0,6 400 0
805| 0,9 400 0
806| 1,2 400 0
807| 1,5 400 0
808| 1,8 400 0
809| 2,1 400 0
810| 2,4 400 0
811| 2,7 400 0
812| 3 400 0
813| 3,299999 400 0
814| 3,599999 400 0
815| 3,899999 400 0
816| 4,2 400 0
817| 4,5 400 0
818| 4,8 400 0
819| 5,1 400 0
820| 5,4 400 0
821| 5,7 400 0
822| 6 400 0
823| 6,300001 400 0
824| 6,600001 400 0
825| 6,900001 400 0
826| 7,200001 400 0
827| 7,500001 400 0
828| 7,800001 400 0
829| 8,1 400 0
830| 8,4 400 0
831| 8,7 400 0
832| 8,999999 400 0
833| 9,299999 400 0
834| 9,599998 400 0
835| 9,899999 400 0
836| 9,899999 400 0
837| 9,899999 400 0
838| 9,899999 400 0
839| 9,899999 400 0
840| 9,899999 400 0
841| 9,899999 400 0
842| 9,899999 400 0
843| 9,899999 400 0
844| 9,899999 400 0
845| 9,899999 400 0
846| 9,899999 400 0
847| 9,899999 400 0
848| 9,899999 400 0
849| 9,899999 400 0
850| 9,899999 400 0
851| 9,899999 400 0
852| 9,899999 400 0
853| 9,899999 400 0
854| 9,899999 400 0
855| 10,2 400 0
856| 10,5 400 0
857| 10,8 400 0
858| 11,1 400 0
859| 11,4 400 0
860| 11,7 400 0
861| 11,7 400 0
862| 11,7 400 0
863| 11,7 400 0
864| 11,7 400 0
865| 11,7 400 0
866| 11,7 400 0
867| 11,7 400 0
868| 11,7 400 0
869| 11,7 400 0
870| 11,7 400 0
871| 11,7 400 0
872| 11,7 400 0
873| 11,7 400 0
874| 11,7 400 0
875| 11,7 400 0
876| 11,7 400 0
877| 11,7 400 0
878| 11,7 400 0
879| 11,7 400 0
880| 11,7 400 0
881| 0 400 0
882| -0,3 400 0
883| -0,6 400 0
884| -0,9 400 0
885| -1,2 400 0
886| -1,5 400 0
887| -1,8 400 0
888| -2,1 400 0
889| -2,4 400 0
890| -2,7 400 0
891| -3 400 0
892| -3,299999 400 0
893| -3,599999 400 0
894| -3,899999 400 0
895| -4,2 400 0
896| -4,5 400 0
897| -4,8 400 0
898| -5,1 400 0
899| -5,1 400 0
900| -5,1 400 0
901| 0 400 0
902| 0,3 400 0
903| 0,6 400 0
904| 0,9 400 0
905| 1,2 400 0
906| 1,5 400 0
907| 1,8 400 0
908| 2,1 400 0
909| 2,4 400 0
910| 2,7 400 0
911| 3 400 0
912| 3,299999 400 0
913| 3,599999 400 0
914| 3,899999 400 0
915| 4,2 400 0
916| 4,5 400 0
917| 4,8 400 0
918| 5,1 400 0
919| 5,4 400 0
920| 5,7 400 0
921| 6 400 0
922| 6,300001 400 0
923| 6,600001 400 0
924| 6,900001 400 0
925| 7,200001 400 0
926| 7,500001 400 0
927| 7,800001 400 0
928| 8,1 400 0
929| 8,4 400 0
930| 8,7 400 0
931| 8,999999 400 0
932| 9,299999 400 0
933| 9,599998 400 0
934| 9,899999 400 0
935| 10,2 400 0
936| 10,5 400 0
937| 10,5 400 0
938| 10,5 400 0
939| 10,5 400 0
940| 10,5 400 0
941| 10,5 400 0
942| 10,5 400 0
943| 10,5 400 0
944| 0 400 0
945| -0,3 400 0
946| -0,6 400 0
947| -0,9 400 0
948| -1,2 400 0
949| -1,5 400 0
950| -1,8 400 0
951| -2,1 400 0
952| -2,4 400 0
953| -2,7 400 0
954| -3 400 0
955| -3,299999 400 0
956| -3,599999 400 0
957| -3,899999 400 0
958| -4,2 400 0
959| -4,5 400 0
960| -4,8 400 0
961| -5,1 400 0
962| -5,4 400 0
963| -5,7 400 0
964| -6 400 0
965| -6,300001 400 0
966| -6,600001 400 0
967| -6,900001 400 0
968| -7,200001 400 0
969| -7,500001 400 0
970| -7,800001 400 0
971| -8,1 400 0
972| -8,4 400 0
973| -8,7 400 0
974| -8,999999 400 0
975| -9,299999 400 0
976| -9,599998 400 0
977| -9,899999 400 0
978| -10,2 400 0
979| -10,5 400 0
980| -10,8 400 0
981| -11,1 400 0
982| -11,4 400 0
983| -11,7 400 0
984| -12 400 0
985| -12,3 400 0
986| -12,6 400 0
987| -12,9 400 0
988| -13,2 400 0
989| -13,5 400 0
990| -13,79999 400 0
991| -14,09999 400 0
992| -14,39999 400 0
993| -14,69999 400 0
994| -14,99999 400 0
995| -15,29999 400 0
996| -15,59999 400 0
997| -15,89999 400 0
998| -16,19999 400 0
999| -16,49999 400 0
1000| -16,79999 400 0
1001| -17,09999 400 0
1002| -17,39999 400 0
1003| -17,69999 400 0
1004| -17,99999 400 0
1005| -18,29999 400 0
1006| -18,59999 400 0
1007| -18,89999 400 0
1008| -19,19999 400 0
1009| -19,49999 400 0
1010| -19,79999 400 0
1011| -20,09999 400 0
1012| -20,39999 400 0
1013| -20,69999 400 0
1014| -20,99999 400 0
1015| -21,29999 400 0
1016| -21,59999 400 0
1017| -21,89999 400 0
1018| -22,19999 400 0
1019| -22,49999 400 0
1020| -22,79999 400 0
1021| -23,09999 400 0
1022| -23,39999 400 0
1023| -23,69999 400 0
1024| -23,99999 400 0
1025| -24,29999 400 0
1026| -24,59999 400 0
1027| -24,89998 400 0
1028| -25,19999 400 0
1029| -25,49998 400 0
1030| -25,79998 400 0
1031| -26,09998 400 0
1032| -26,39998 400 0
1033| -26,69998 400 0
1034| -26,99998 400 0
1035| -27,29998 400 0
1036| -27,59998 400 0
1037| -27,89998 400 0
1038| -28,19998 400 0
1039| 0 400 0
1040| 0,3 400 0
1041| 0,6 400 0
1042| 0,9 400 0
1043| 1,2 400 0
1044| 1,5 400 0
1045| 1,8 400 0
1046| 2,1 400 0
1047| 2,4 400 0
1048| 2,7 400 0
1049| 3 400 0
1050| 3,299999 400 0
1051| 3,599999 400 0
1052| 3,899999 400 0
1053| 4,2 400 0
1054| 4,5 400 0
1055| 4,8 400 0
1056| 5,1 400 0
1057| 5,4 400 0
1058| 5,7 400 0
1059| 6 400 0
1060| 6,300001 400 0
1061| 6,600001 400 0
1062| 6,900001 400 0
1063| 7,200001 400 0
1064| 7,500001 400 0
1065| 7,800001 400 0
1066| 8,1 400 0
1067| 8,4 400 0
1068| 8,7 400 0
1069| 8,999999 400 0
1070| 9,299999 400 0
1071| 9,599998 400 0
1072| 9,899999 400 0
1073| 10,2 400 0
1074| 10,5 400 0
1075| 10,8 400 0
1076| 11,1 400 0
1077| 11,4 400 0
1078| 11,7 400 0
1079| 12 400 0
1080| 12 400 0
1081| 12 400 0
1082| 12 400 0
1083| 12 400 0
1084| 12 400 0
1085| 12 400 0
1086| 12 400 0
1087| 12 400 0
1088| 12 400 0
1089| 12 400 0
1090| 12 400 0
1091| 12 400 0
1092| 12 400 0
1093| 12 400 0
1094| 12 400 0
1095| 12 400 0
1096| 12 400 0
1097| 12 400 0
1098| 12 400 0
1099| 12 400 0
1100| 12 400 0
1101| 12 400 0
1102| 0 400 0
1103| -0,3 400 0
1104| -0,6 400 0
1105| -0,9 400 0
1106| -1,2 400 0
1107| -1,5 400 0
1108| -1,8 400 0
1109| -2,1 400 0
1110| -2,4 400 0
1111| -2,7 400 0
1112| -3 400 0
1113| -3,299999 400 0
1114| -3,599999 400 0
1115| -3,899999 400 0
1116| -4,2 400 0
1117| -4,5 400 0
1118| -4,8 400 0
1119| -5,1 400 0
1120| -5,4 400 0
1121| -5,7 400 0
1122| -6 400 0
1123| -6,300001 400 0
1124| -6,600001 400 0
1125| -6,900001 400 0
1126| -7,200001 400 0
1127| -7,500001 400 0
1128| -7,800001 400 0
1129| -8,1 400 0
1130| -8,4 400 0
1131| -8,7 400 0
1132| -8,999999 400 0
1133| -9,299999 400 0
1134| -9,599998 400 0
1135| -9,899999 400 0
1136| -10,2 400 0
1137| -10,5 400 0
1138| -10,8 400 0
1139| -11,1 400 0
1140| -11,4 400 0
1141| -11,7 400 0
1142| -12 400 0
1143| -12,3 400 0
1144| -12,6 400 0
1145| -12,9 400 0
1146| -13,2 400 0
1147| -13,5 400 0
1148| -13,79999 400 0
1149| -14,09999 400 0
1150| -14,39999 400 0
1151| -14,69999 400 0
1152| -14,99999 400 0
1153| -15,29999 400 0
1154| -15,59999 400 0
1155| -15,89999 400 0
1156| -16,19999 400 0
1157| -16,49999 400 0
1158| -16,79999 400 0
1159| -17,09999 400 0
1160| -17,39999 400 0
1161| -17,69999 400 0
1162| -17,99999 400 0
1163| -18,29999 400 0
1164| -18,59999 400 0
1165| -18,89999 400 0
1166| -19,19999 400 0
1167| -19,49999 400 0
1168| -19,79999 400 0
1169| -20,09999 400 0
1170| -20,39999 400 0
1171| -20,69999 400 0
1172| -20,99999 400 0
1173| -21,29999 400 0
1174| -21,59999 400 0
1175| -21,89999 400 0
1176| -22,19999 400 0
1177| -22,19999 400 0
1178| -22,19999 400 0
1179| -22,19999 400 0
1180| -22,19999 400 0
1181| -22,19999 400 0
1182| -22,19999 400 0
1183| -22,19999 400 0
1184| -22,19999 400 0
1185| -22,19999 400 0
1186| -22,19999 400 0
1187| -22,19999 400 0
1188| -22,19999 400 0
1189| -22,19999 400 0
1190| -22,19999 400 0
1191| -22,19999 400 0
1192| -22,19999 400 0
1193| -22,19999 400 0
1194| -22,19999 400 0
1195| -22,19999 400 0
1196| -22,19999 400 0
1197| -22,19999 400 0
1198| 0 0 0
1199| 0 0 0
1200| 0 0 0
1201| 0 0 0
1202| 0 0 0
1203| 0 0 0
1204| 0 0 0
1205| 0 0 0
1206| 0 0 0
1207| 0 0 0
1208| 0 0 0
1209| 0 0 0
1210| 0 4 0
1211| 0 8 0
1212| 0 12 0
1213| 0 16 0
1214| 0 20 0
1215| 0 24 0
1216| 0 28 0
1217| 0 32 0
1218| 0 36 0
1219| 0 40 0
1220| 0 43,99999 0
1221| 0 47,99999 0
1222| 0 51,99999 0
1223| 0 55,99999 0
1224| 0 60 0
1225| 0 64 0
1226| 0 68 0
1227| 0 72 0
1228| 0 76,00001 0
1229| 0 80,00001 0
1230| 0 84,00001 0
1231| 0 88,00002 0
1232| 0 92,00002 0
1233| 0 96,00002 0
1234| 0 100 0
1235| 0 104 0
1236| 0 108 0
1237| 0 112 0
1238| 0 116 0
1239| 0 120 0
1240| 0 124 0
1241| 0 128 0
1242| 0 132 0
1243| 0 136 0
1244| 0 140 0
1245| 0 144 0
1246| 0 148 0
1247| 0 152 0
1248| 0 156 0
1249| 0 160 0
1250| 0 164 0
1251| 0 168 0
1252| 0 171,9999 0
1253| 0 175,9999 0
1254| 0 179,9999 0
1255| 0 183,9999 0
1256| 0 187,9999 0
1257| 0 191,9999 0
1258| 0 195,9999 0
1259| 0 199,9999 0
1260| 0 203,9999 0
1261| 0 207,9999 0
1262| 0 211,9999 0
1263| 0 215,9999 0
1264| 0 219,9999 0
1265| 0 223,9999 0
1266| 0 227,9999 0
1267| 0 231,9999 0
1268| 0 235,9999 0
1269| 0 239,9999 0
1270| 0 243,9999 0
1271| 0,3 247,9999 0
1272| 0,6 251,9999 0
1273| 0,9 255,9999 0
1274| 1,2 259,9999 0
1275| 1,5 263,9999 0
1276| 1,8 267,9999 0
1277| 2,1 271,9998 0
1278| 2,4 275,9998 0
1279| 2,7 279,9998 0
1280| 3 283,9998 0
1281| 3,299999 287,9998 0
1282| 3,599999 291,9998 0
1283| 3,899999 295,9998 0
1284| 4,2 299,9998 0
1285| 4,5 303,9998 0
1286| 4,8 307,9998 0
1287| 5,1 311,9998 0
1288| 5,4 311,9998 0
1289| 5,7 311,9998 0
1290| 6 311,9998 0
1291| 6,300001 311,9998 0
1292| 6,600001 311,9998 0
1293| 6,900001 311,9998 0
1294| 7,200001 311,9998 0
1295| 7,500001 311,9998 0
1296| 7,800001 311,9998 0
1297| 8,1 311,9998 0
1298| 8,4 311,9998 0
1299| 8,7 311,9998 0
1300| 8,999999 311,9998 0
1301| 9,299999 311,9998 0
1302| 9,599998 311,9998 0
1303| 9,899999 311,9998 0
1304| 10,2 311,9998 0
1305| 10,5 311,9998 0
1306| 10,8 311,9998 0
1307| 11,1 311,9998 0
1308| 11,4 311,9998 0
1309| 11,7 311,9998 0
1310| 12 311,9998 0
1311| 12,3 311,9998 0
1312| 12,6 311,9998 0
1313| 12,9 311,9998 0
1314| 13,2 311,9998 0
1315| 13,5 311,9998 0
1316| 13,79999 311,9998 0
1317| 14,09999 315,9998 0
1318| 14,39999 319,9998 0
1319| 14,69999 323,9998 0
1320| 14,99999 327,9998 0
1321| 15,29999 331,9998 0
1322| 15,59999 335,9998 0
1323| 15,89999 339,9998 0
1324| 16,19999 343,9998 0
1325| 16,49999 347,9998 0
1326| 16,79999 351,9998 0
1327| 17,09999 355,9998 0
1328| 17,39999 359,9998 0
1329| 17,69999 363,9998 0
1330| 17,99999 367,9998 0
1331| 18,29999 371,9998 0
1332| 18,59999 375,9998 0
1333| 18,89999 379,9998 0
1334| 19,19999 383,9998 0
1335| 19,49999 387,9998 0
1336| 19,79999 391,9998 0
1337| 20,09999 395,9998 0
1338| 20,39999 399,9997 0
1339| 20,69999 403,9998 0
1340| 20,99999 400 0
1341| 21,29999 400 0
1342| 21,59999 400 0
1343| 21,89999 400 0
1344| 22,19999 400 0
1345| 22,49999 400 0
1346| 22,79999 400 0
1347| 23,09999 400 0
1348| 0 0 0
1349| 0 0 0
1350| 0 0 0
1351| 0 0 0
1352| 0 0 0
1353| 0 0 0
1354| 0 0 0
1355| 0 0 0
1356| 0 0 0
1357| 0,3 0 0
1358| 0,6 0 0
1359| 0,9 0 0
1360| 1,2 0 0
1361| 1,5 0 0
1362| 1,8 0 0
1363| 2,1 0 0
1364| 2,4 0 0
1365| 2,7 0 0
1366| 3 0 0
1367| 3,299999 0 0
1368| 3,599999 0 0
1369| 3,899999 0 0
1370| 4,2 0 0
1371| 4,5 0 0
1372| 4,8 0 0
1373| 5,1 0 0
1374| 5,4 0 0
1375| 5,7 0 0
1376| 6 0 0
1377| 6,300001 0 0
1378| 6,600001 0 0
1379| 6,900001 0 0
1380| 7,200001 0 0
1381| 7,500001 0 0
1382| 7,800001 0 0
1383| 8,1 0 0
1384| 8,4 0 0
1385| 8,7 0 0
1386| 8,999999 0 0
1387| 9,299999 0 0
1388| 9,599998 0 0
1389| 9,899999 0 0
1390| 10,2 0 0
1391| 10,5 0 0
1392| 10,8 0 0
1393| 11,1 0 0
1394| 11,4 0 0
1395| 11,7 0 0
1396| 12 0 0
1397| 12,3 0 0
1398| 12,6 0 0
1399| 12,9 0 0
1400| 13,2 0 0
1401| 13,5 0 0
1402| 13,79999 0 0
1403| 14,09999 0 0
1404| 14,39999 0 0
1405| 14,69999 0 0
1406| 14,99999 0 0
1407| 15,29999 0 0
1408| 15,59999 0 0
1409| 15,89999 0 0
1410| 16,19999 0 0
1411| 16,49999 0 0
1412| 16,79999 0 0
1413| 17,09999 0 0
1414| 17,39999 0 0
1415| 17,69999 0 0
1416| 17,99999 0 0
1417| 18,29999 0 0
1418| 18,59999 0 0
1419| 18,89999 0 0
1420| 19,19999 0 0
1421| 19,49999 0 0
1422| 19,79999 0 0
1423| 20,09999 4 0
1424| 20,39999 8 0
1425| 20,69999 12 0
1426| 20,99999 16 0
1427| 21,29999 20 0
1428| 21,59999 24 0
1429| 21,89999 28 0
1430| 22,19999 32 0
1431| 22,49999 36 0
1432| 22,79999 40 0
1433| 23,09999 43,99999 0
1434| 23,39999 47,99999 0
1435| 23,69999 51,99999 0
1436| 23,99999 51,99999 0
1437| 24,29999 51,99999 0
1438| 24,59999 51,99999 0
1439| 24,89998 51,99999 0
1440| 25,19999 51,99999 0
1441| 25,49998 51,99999 0
1442| 25,79998 51,99999 0
1443| 26,09998 55,99999 0
1444| 26,39998 60 0
1445| 26,69998 64 0
1446| 26,99998 68 0
1447| 27,29998 72 0
1448| 27,59998 76,00001 0
1449| 27,89998 80,00001 0
1450| 28,19998 84,00001 0
1451| 28,49998 88,00002 0
1452| 28,79998 92,00002 0
1453| 29,09998 96,00002 0
1454| 29,39998 100 0
1455| 29,39998 104 0
1456| 29,39998 108 0
1457| 29,39998 112 0
1458| 29,69998 116 0
1459| 29,99998 120 0
1460| 30,29998 124 0
1461| 30 128 0
1462| 30 132 0
1463| 30 136 0
1464| 0 140 0
1465| 0 144 0
1466| -0,3 148 0
1467| -0,6 152 0
1468| -0,9 156 0
1469| -1,2 160 0
1470| -1,5 164 0
1471| -1,8 168 0
1472| -2,1 171,9999 0
1473| -2,4 175,9999 0
1474| -2,7 179,9999 0
1475| -3 183,9999 0
1476| -3,299999 187,9999 0
1477| -3,599999 191,9999 0
1478| -3,899999 195,9999 0
1479| -4,2 199,9999 0
1480| -4,5 203,9999 0
1481| -4,8 207,9999 0
1482| -5,1 211,9999 0
1483| -5,4 215,9999 0
1484| -5,7 219,9999 0
1485| -6 223,9999 0
1486| -6,300001 227,9999 0
1487| -6,600001 231,9999 0
1488| -6,900001 235,9999 0
1489| -7,200001 239,9999 0
1490| -7,500001 243,9999 0
1491| -7,800001 247,9999 0
1492| -8,1 251,9999 0
1493| -8,4 255,9999 0
1494| -8,7 259,9999 0
1495| -8,999999 263,9999 0
1496| -9,299999 267,9999 0
1497| -9,599998 271,9998 0
1498| -9,899999 275,9998 0
1499| -10,2 279,9998 0
1500| -10,5 283,9998 0
1501| -10,8 287,9998 0
1502| -11,1 291,9998 0
1503| -11,4 295,9998 0
1504| -11,7 299,9998 0
1505| -12 303,9998 0
1506| -12,3 307,9998 0
1507| -12,6 311,9998 0
1508| -12,9 315,9998 0
1509| -13,2 319,9998 0
1510| -13,5 323,9998 0
1511| -13,79999 327,9998 0
1512| -14,09999 331,9998 0
1513| -14,39999 335,9998 0
1514| -14,69999 339,9998 0
1515| -14,99999 343,9998 0
1516| -15,29999 347,9998 0
1517| -15,59999 351,9998 0
1518| -15,89999 355,9998 0
1519| -16,19999 359,9998 0
1520| -16,49999 363,9998 0
1521| -16,79999 367,9998 0
1522| -17,09999 371,9998 0
1523| -17,39999 375,9998 0
1524| -17,69999 379,9998 0
1525| -17,99999 383,9998 0
1526| -18,29999 387,9998 0
1527| -18,59999 391,9998 0
1528| -18,89999 395,9998 0
1529| -19,19999 399,9997 0
1530| -19,49999 403,9998 0
1531| -19,79999 400 0
1532| -20,09999 400 0
1533| -20,39999 400 0
1534| -20,69999 400 0
1535| -20,99999 400 0
1536| -21,29999 400 0
1537| -21,59999 400 0
1538| -21,89999 400 0
1539| -22,19999 400 0
1540| -22,49999 400 0
1541| -22,79999 400 0
1542| -23,09999 400 0
1543| -23,39999 400 0
1544| -23,69999 400 0
1545| -23,99999 400 0
1546| -24,29999 400 0
1547| -24,59999 400 0
1548| -24,89998 400 0
1549| -25,19999 400 0
1550| -25,49998 400 0
1551| -25,79998 400 0
1552| -26,09998 400 0
1553| -26,39998 400 0
1554| -26,69998 400 0
1555| -26,99998 400 0
1556| -27,29998 400 0
1557| -27,59998 400 0
1558| -27,89998 400 0
1559| -28,19998 400 0
1560| -28,49998 400 0
1561| -28,79998 400 0
1562| -29,09998 400 0
1563| -29,39998 400 0
1564| -29,69998 400 0
1565| -29,99998 400 0
1566| -30,29998 400 0
1567| -30 400 0
1568| -30 400 0
1569| -30 400 0
1570| -30 400 0
1571| -30 400 0
1572| -30 400 0
1573| -30 400 0
1574| -30 400 0
1575| -30 400 0
1576| -30 400 0
1577| -30 400 0
1578| -30 400 0
1579| -30 400 0
1580| -30 400 0
1581| -30 400 0
1582| -30 400 0
1583| -30 400 0
1584| -30 400 0
1585| -30 400 0
1586| -30 400 0
1587| -30 400 0
1588| -30 400 0
1589| -30 400 0
1590| -30 400 0
1591| -30 400 0
1592| -30 400 0
1593| -30 400 0
1594| -30 400 0
1595| -30 400 0
1596| -30 400 0
1597| -30 400 0
1598| -30 400 0
1599| -30 400 0
1600| -30 400 0
1601| -30 400 0
1602| -30 400 0
1603| -30 400 0
1604| -30 400 0
1605| -30 400 0
1606| -30 400 0
1607| -30 400 0
1608| -30 400 0
1609| -30 400 0
1610| -30 400 0
1611| -30 400 0
1612| -30 400 0
1613| -30 400 0
1614| -30 400 0
1615| -30 400 0
1616| -30 400 0
1617| -30 400 0
1618| -30 400 0
1619| -30 400 0
1620| -30 400 0
1621| -30 400 0
1622| -30 400 0
1623| -30 400 0
1624| -30 400 0
1625| -30 400 0
1626| -30 400 0
1627| -30 400 0
1628| -30 400 0
1629| -30 400 0
1630| -30 400 0
1631| -30 400 0
1632| -30 400 0
1633| -30 400 0
1634| -30 400 0
1635| -30 400 0
1636| -30 400 0
1637| -30 400 0
1638| -30 400 0
1639| -30 400 0
1640| -30 400 0
1641| -30 400 0
1642| -30 400 0
1643| -30 400 0
1644| -30 400 0
1645| -30 400 0
1646| -30 400 0
1647| -30 400 0
1648| -30 400 0
1649| -30 400 0
1650| -30 400 0
1651| -30 400 0
1652| -30 400 0
1653| -30 400 0
1654| -30 400 0
1655| -30 400 0
1656| -30 400 0
1657| -30 400 0
1658| -30 400 0
1659| -30 400 0
1660| -30 400 0
1661| -30 400 0
1662| -30 400 0
1663| -30 400 0
1664| -30 400 0
1665| -30 400 0
1666| -30 400 0
1667| -30 400 0
1668| -30 400 0
1669| -30 400 0
1670| -30 400 0
1671| -30 400 0
1672| -30 400 0
1673| -30 400 0
1674| -30 400 0
1675| -30 400 0
1676| -30 400 0
1677| -30 400 0
1678| -30 400 0
1679| -30 400 0
1680| -30 400 0
1681| -30 400 0
1682| -30 400 0
1683| -30 400 0
1684| -30 400 0
1685| -30 400 0
1686| -30 400 0
1687| -30 400 0
1688| -30 400 0
1689| -30 400 0
1690| -30 400 0
1691| -30 400 0
1692| -30 400 0
1693| -30 400 0
1694| -30 400 0
1695| -30 400 0
1696| -30 400 0
1697| -30 400 0
1698| -30 400 0
1699| -30 400 0
1700| -30 400 0
1701| -30 400 0
1702| -30 400 0
1703| -30 400 0
1704| -30 400 0
1705| -30 400 0
1706| -30 400 0
1707| -30 400 0
1708| -30 400 0
1709| -30 400 0
1710| -30 400 0
1711| -30 400 0
1712| -30 400 0
1713| -30 400 0
1714| -30 400 0
1715| -30 400 0
1716| -30 400 0
1717| -30 400 0
1718| -30 400 0
1719| -30 400 0
1720| -30 400 0
1721| -30 400 0
1722| -30 400 0
1723| -30 400 0
1724| -30 400 0
1725| -30 400 0
1726| -30 400 0
1727| -30 400 0
1728| -30 400 0
1729| -30 400 0
1730| -30 400 0
1731| -30 400 0
1732| -30 400 0
1733| -30 400 0
1734| -30 400 0
1735| -30 400 0
1736| -30 400 0
1737| -30 400 0
1738| -30 400 0
1739| -30 400 0
1740| -30 400 0
1741| -30 400 0
1742| -30 400 0
1743| -30 400 0
1744| -30 400 0
1745| -30 400 0
1746| -30 400 0
1747| -30 400 0
1748| -30 400 0
1749| -30 400 0
1750| -30 400 0
1751| -30 400 0
1752| -30 400 0
1753| -30 400 0
1754| -30 400 0
1755| -30 400 0
1756| -30 400 0
1757| -30 400 0
1758| -30 400 0
1759| -30 400 0
1760| -30 400 0
1761| -30 400 0
1762| -30 400 0
1763| -30 400 0
1764| -30 400 0
1765| -30 400 0
1766| -30 400 0
1767| -30 400 0
1768| -30 400 0
1769| -30 400 0
1770| -30 400 0
1771| -30 400 0
1772| -30 400 0
1773| -30 400 0
1774| -30 400 0
1775| -30 400 0
1776| -30 400 0
1777| -30 400 0
1778| -30 400 0
1779| -30 400 0
1780| -30 400 0
1781| -30 400 0
1782| -30 400 0
1783| -30 400 0
1784| -30 400 0
1785| -30 400 0
1786| -30 400 0
1787| -30 400 0
1788| -30 400 0
1789| -30 400 0
1790| -30 400 0
1791| -30 400 0
1792| -30 400 0
1793| -30 400 0
1794| -30 400 0
1795| -30 400 0
1796| -30 400 0
1797| -30 400 0
1798| -30 400 0
1799| -30 400 0
1800| -30 400 0
1801| -30 400 0
1802| -30 400 0
1803| -30 400 0
1804| -30 400 0
1805| -30 400 0
1806| -30 400 0
1807| -30 400 0
1808| -30 400 0
1809| -30 400 0
1810| -30 400 0
1811| -30 400 0
1812| -30 400 0
1813| -30 400 0
1814| -30 400 0
1815| -30 400 0
1816| -30 400 0
1817| -30 400 0
1818| -30 400 0
1819| -30 400 0
1820| -30 400 0
1821| -30 400 0
1822| -30 400 0
1823| -30 400 0
1824| -30 400 0
1825| -30 400 0
1826| -30 400 0
1827| -30 400 0
1828| -30 400 0
1829| -30 400 0
1830| -30 400 0
1831| -30 400 0
1832| -30 400 0
1833| -30 400 0
1834| -30 400 0
1835| -30 400 0
1836| -30 400 0
1837| -30 400 0
1838| -30 400 0
1839| -30 400 0
1840| -30 400 0
1841| -30 400 0
1842| -30 400 0
1843| -30 400 0
1844| -30 400 0
1845| -30 400 0
1846| -30 400 0
1847| -30 400 0
1848| -30 400 0
1849| -30 400 0
1850| -30 400 0
1851| -30 400 0
1852| -30 400 0
1853| -30 400 0
1854| -30 400 0
1855| -30 400 0
1856| -30 400 0
1857| -30 400 0
1858| -30 400 0
1859| -30 400 0
1860| -30 400 0
1861| -30 400 0
1862| -30 400 0
1863| -30 400 0
1864| -30 400 0
1865| -30 400 0
1866| -30 400 0
1867| -30 400 0
1868| -30 400 0
1869| -30 400 0
1870| -30 400 0
1871| -30 400 0
1872| -30 400 0
1873| -30 400 0
1874| -30 400 0
1875| -30 400 0
1876| -30 400 0
1877| -30 400 0
1878| -30 400 0
1879| -30 400 0
1880| -30 400 0
1881| -30 400 0
1882| -30 400 0
1883| -30 400 0
1884| -30 400 0
1885| -30 400 0
1886| -30 400 0
1887| -30 400 0
1888| -30 400 0
1889| -30 400 0
1890| -30 400 0
1891| -30 400 0
1892| 0 0 0
1893| 0 0 0
1894| 0 0 0
1895| 0 0 0
1896| 0 0 0
1897| 0 0 0
1898| 0 0 0
1899| 0 0 0
1900| 0 0 0
1901| 0 0 0
1902| 0 0 0
1903| 0 0 0
1904| 0 0 0
1905| 0 0 0
1906| 0 0 0
1907| 0 0 0
1908| 0 0 0
1909| 0 0 0
1910| 0 0 0
1911| 0 0 0
1912| 0 0 0
1913| 0 0 0
1914| 0 0 0
1915| 0 0 0
1916| 0 0 0
1917| 0 0 0
1918| 0 0 0
1919| 0 0 0
1920| 0 0 0
1921| 0 0 0
1922| 0 0 0
1923| 0 0 0
1924| 0 0 0
1925| 0 0 0
1926| 0 0 0
1927| 0 0 0
1928| 0 0 0
1929| 0 0 0
1930| 0 0 0
1931| 0 0 0
1932| 0 0 0
1933| 0 0 0
1934| 0 0 0
1935| 0 0 0
1936| 0 0 0
1937| 0 0 0
1938| 0 0 0
1939| 0 0 0
1940| 0 0 0
1941| 0 0 0
1942| 0 0 0
1943| 0 0 0
1944| 0 0 0
1945| 0 0 0
1946| 0 0 0
1947| 0 0 0
1948| 0 0 0
1949| 0 0 0
1950| 0 0 0
1951| 0 0 0
1952| 0 0 0
1953| 0 0 0
1954| 0 0 0
1955| 0 0 0
1956| 0 0 0
1957| 0 0 0
1958| 0 0 0
1959| 0 0 0
1960| 0 0 0
1961| 0 0 0

