1| 0 0 
2| 0 0 
3| 0 0 
4| 0 4 
5| 0 8 
6| 0 12 
7| 0 16 
8| 0 20 
9| 0 24 
10| 0 28 
11| 0 32 
12| 0 36 
13| 0 40 
14| 0 44 
15| 0 48 
16| 0 52 
17| 0 56 
18| 0 60 
19| 0 64 
20| 0 68 
21| 0 72 
22| 0 76 
23| 0 80 
24| 0 84 
25| 0 88 
26| 0 92 
27| 0 96 
28| 0 100 
29| 0 104 
30| 0 108 
31| 0 112 
32| 0 116 
33| 0 120 
34| 0 124 
35| 0 128 
36| 0 132 
37| 0 136 
38| 0 140 
39| 0 144 
40| 0 148 
41| 0 152 
42| 0 156 
43| 0 160 
44| 0 164 
45| 0 168 
46| 0 172 
47| 0 175,9999 
48| 0 179,9999 
49| 0 183,9999 
50| 0 187,9999 
51| 0 191,9999 
52| 0 195,9999 
53| 0 199,9999 
54| 0 203,9999 
55| 0 207,9999 
56| 0 211,9999 
57| 0 215,9999 
58| 0 219,9999 
59| 0 223,9999 
60| 0 227,9999 
61| 0 231,9999 
62| 0 235,9999 
63| 0 239,9999 
64| 0 243,9999 
65| 0 247,9999 
66| 0 251,9999 
67| 0 255,9999 
68| 0 259,9999 
69| 0 263,9999 
70| 0 267,9999 
71| 0 271,9998 
72| 0 275,9998 
73| 0 279,9998 
74| 0 283,9998 
75| 0 287,9998 
76| 0 291,9998 
77| 0 295,9998 
78| 0 299,9998 
79| 0 303,9998 
80| 0 307,9998 
81| 0 311,9998 
82| 0 315,9998 
83| 0 319,9998 
84| 0 323,9998 
85| 0 327,9998 
86| 0 331,9998 
87| 0 335,9998 
88| 0 339,9998 
89| 0 343,9998 
90| 0 347,9998 
91| 0 351,9998 
92| 0 355,9998 
93| 0 359,9998 
94| 0 363,9998 
95| 0 367,9998 
96| 0 371,9998 
97| 0 375,9998 
98| 0 379,9998 
99| 0 383,9998 
100| 0 387,9998 
101| 0 391,9998 
102| 0 395,9998 
103| 0 399,9997 
104| 0 403,9996 
105| 0 400 
106| 0 400 
107| 0 400 
108| 0 400 
109| 0 400 
110| 0 400 
111| 0 400 
112| 0 400 
113| 0 400 
114| 0 400 
115| 0 400 
116| 0 400 
117| 0 400 
118| 0 400 
119| 0 400 
120| 0 400 
121| 0 400 
122| 0 400 
123| 0 400 
124| 0 400 
125| 0 400 
126| 0 400 
127| 0 400 
128| 0 400 
129| 0 400 
130| 0 400 
131| 0 400 
132| 0 400 
133| 0 400 
134| 0 400 
135| 0 400 
136| 0 400 
137| 0 400 
138| 0 400 
139| 0 400 
140| 0 400 
141| 0 400 
142| 0 400 
143| 0 400 
144| 0 400 
145| 0 400 
146| 0 400 
147| 0 400 
148| 0 400 
149| 0 400 
150| 0 400 
151| 0 400 
152| 0 400 
153| 0 400 
154| 0 400 
155| 0 400 
156| 0 400 
157| 0 400 
158| 0 400 
159| 0 400 
160| 0 400 
161| 0 400 
162| 0 400 
163| 0 400 
164| 0 400 

1| 0 0 
2| 0 0 
3| 0 0 
4| 0 4 
5| 0 8 
6| 0 12 
7| 0 16 
8| 0 20 
9| 0 24 
10| 0 28 
11| 0 32 
12| 0 36 
13| 0 40 
14| 0 44 
15| 0 48 
16| 0 52 
17| 0 56 
18| 0 60 
19| 0 64 
20| 0 68 
21| 0 72 
22| 0 76 
23| 0 80 
24| 0 84 
25| 0 88 
26| 0 92 
27| 0 96 
28| 0 100 
29| 0 104 
30| 0 108 
31| 0 112 
32| 0 116 
33| 0 120 
34| 0 124 
35| 0 128 
36| 0 132 
37| 0 136 
38| 0 140 
39| 0 144 
40| 0 148 
41| 0 152 
42| 0 156 
43| 0 160 
44| 0 164 
45| 0 168 
46| 0 172 
47| 0 175,9999 
48| 0 179,9999 
49| 0 183,9999 
50| 0 187,9999 
51| 0 191,9999 
52| 0 195,9999 
53| 0 199,9999 
54| 0 203,9999 
55| 0 207,9999 
56| 0 211,9999 
57| 0 215,9999 
58| 0 219,9999 
59| 0 223,9999 
60| 0 227,9999 
61| 0 231,9999 
62| 0 235,9999 
63| 0 239,9999 
64| 0 243,9999 
65| 0 247,9999 
66| 0 251,9999 
67| 0 255,9999 
68| 0 259,9999 
69| 0 263,9999 
70| 0 267,9999 
71| 0 271,9998 
72| 0 275,9998 
73| 0 279,9998 
74| 0 283,9998 
75| 0 287,9998 
76| 0 291,9998 
77| 0 295,9998 
78| 0 299,9998 
79| 0 303,9998 
80| 0 307,9998 
81| 0 311,9998 
82| 0 315,9998 
83| 0 319,9998 
84| 0 323,9998 
85| 0 327,9998 
86| 0 331,9998 
87| 0 335,9998 
88| 0 339,9998 
89| 0 343,9998 
90| 0 347,9998 
91| 0 351,9998 
92| 0 355,9998 
93| 0 359,9998 
94| 0 363,9998 
95| 0 367,9998 
96| 0 371,9998 
97| 0 375,9998 
98| 0 379,9998 
99| 0 383,9998 
100| 0 387,9998 
101| 0 391,9998 
102| 0 395,9998 
103| 0 399,9997 
104| 0 403,9996 
105| 0 400 
106| 0 400 
107| 0 400 
108| 0 400 
109| 0 400 
110| 0 400 
111| 0 400 
112| 0 400 
113| 0 400 
114| 0 400 
115| 0 400 
116| 0 400 
117| 0 400 
118| 0 400 
119| 0 400 
120| 0 400 
121| 0 400 
122| 0 400 
123| 0 400 
124| 0 400 
125| 0 400 
126| 0 400 
127| 0 400 
128| 0 400 
129| 0 400 
130| 0 400 
131| 0 400 
132| 0 400 
133| 0 400 
134| 0 400 
135| 0 400 
136| 0 400 
137| 0 400 
138| 0 400 
139| 0 400 
140| 0 400 
141| 0 400 
142| 0 400 
143| 0 400 
144| 0 400 
145| 0 400 
146| 0 400 
147| 0 400 
148| 0 400 
149| 0 400 
150| 0 400 
151| 0 400 
152| 0 400 
153| 0 400 
154| 0 400 
155| 0 400 
156| 0 400 
157| 0 400 
158| 0 400 
159| 0 400 
160| 0 400 
161| 0 400 
162| 0 400 
163| 0 400 
164| 0 400 
0| 0 0 
1| 0 0 
2| 0 0 
3| 0 0 
4| 0 4 
5| 0 8 
6| 0 12 
7| 0 16 
8| 0 20 
9| 0 24 
10| 0 28 
11| 0 32 
12| 0 36 
13| 0 40 
14| 0 44 
15| 0 48 
16| 0 52 
17| 0 56 
18| 0 60 
19| 0 64 
20| 0 68 
21| 0 72 
22| 0 76 
23| 0 80 
24| 0 84 
25| 0 88 
26| 0 92 
27| 0 96 
28| 0 100 
29| 0 104 
30| 0 108 
31| 0 112 
32| 0 116 
33| 0 120 
34| 0 124 
35| 0 128 
36| 0 132 
37| 0 136 
38| 0 140 
39| 0 144 
40| 0 148 
41| 0 152 
42| 0 156 
43| 0 160 
44| 0 164 
45| 0 168 
46| 0 172 
47| 0 175,9999 
48| 0 179,9999 
49| 0 183,9999 
50| 0 187,9999 
51| 0 191,9999 
52| 0 195,9999 
53| 0 199,9999 
54| 0 203,9999 
55| 0 207,9999 
56| 0 211,9999 
57| 0 215,9999 
58| 0 219,9999 
59| 0 223,9999 
60| 0 227,9999 
61| 0 231,9999 
62| 0 235,9999 
63| 0 239,9999 
64| 0 243,9999 
65| 0 247,9999 
66| 0 251,9999 
67| 0 255,9999 
68| 0 259,9999 
69| 0 263,9999 
70| 0 267,9999 
71| 0 271,9998 
72| 0 275,9998 
73| 0 279,9998 
74| 0 283,9998 
75| 0 287,9998 
76| 0 291,9998 
77| 0 295,9998 
78| 0 299,9998 
79| 0 303,9998 
80| 0 307,9998 
81| 0 311,9998 
82| 0 315,9998 
83| 0 319,9998 
84| 0 323,9998 
85| 0 327,9998 
86| 0 331,9998 
87| 0 335,9998 
88| 0 339,9998 
89| 0 343,9998 
90| 0 347,9998 
91| 0 351,9998 
92| 0 355,9998 
93| 0 359,9998 
94| 0 363,9998 
95| 0 367,9998 
96| 0 371,9998 
97| 0 375,9998 
98| 0 379,9998 
99| 0 383,9998 
100| 0 387,9998 
101| 0 391,9998 
102| 0 395,9998 
103| 0 399,9997 
104| 0 403,9996 
105| 0 400 
106| 0 400 
107| 0 400 
108| 0 400 
109| 0 400 
110| 0 400 
111| 0 400 
112| 0 400 
113| 0 400 
114| 0 400 
115| 0 400 
116| 0 400 
117| 0 400 
118| 0 400 
119| 0 400 
120| 0 400 
121| 0 400 
122| 0 400 
123| 0 400 
124| 0 400 
125| 0 400 
126| 0 400 
127| 0 400 
128| 0 400 
129| 0 400 
130| 0 400 
131| 0 400 
132| 0 400 
133| 0 400 
134| 0 400 
135| 0 400 
136| 0 400 
137| 0 400 
138| 0 400 
139| 0 400 
140| 0 400 
141| 0 400 
142| 0 400 
143| 0 400 
144| 0 400 
145| 0 400 
146| 0 400 
147| 0 400 
148| 0 400 
149| 0 400 
150| 0 400 
151| 0 400 
152| 0 400 
153| 0 400 
154| 0 400 
155| 0 400 
156| 0 400 
157| 0 400 
158| 0 400 
159| 0 400 
160| 0 400 
161| 0 400 
162| 0 400 
163| 0 400 
164| 0 400 
165| 0 400 
166| 0 400 
167| 0 400 
168| 0 400 
169| 0 400 
170| 0 400 
171| 0 400 
172| 0 400 
173| 0 400 
174| 0 400 
175| 0 400 
176| 0 400 
177| 0 400 
178| -0,3 400 
179| -0,6 400 
180| -0,9 400 
181| -1,2 400 
182| -1,5 400 
183| -1,8 400 
184| -2,1 400 
185| -2,4 400 
186| -2,7 400 
187| -3 400 
188| -3,3 400 
189| -3,6 400 
190| -3,9 400 
191| -4,2 400 
192| -4,5 400 
193| -4,8 400 
194| -5,1 400 
195| -5,4 400 
196| -5,7 400 
197| -5,7 400 
198| -5,7 400 
199| -5,7 400 
200| -5,7 400 
201| -6 400 
202| -6 400 
203| -6 400 
204| -6 400 
205| -6 400 
206| -6 400 
207| -6 400 
208| -6 400 
209| -6 400 
210| -6 400 
211| -6 400 
212| -6 400 
213| -6 400 
214| -6 400 
215| -6 400 
216| -6,3 400 
217| -6,6 400 
218| -6,9 400 
219| -7,2 400 
220| -7,5 400 
221| -7,8 400 
222| -8,1 400 
223| -8,1 400 
224| -8,1 400 
225| -8,1 400 
226| -8,1 400 
227| -8,1 400 
228| -8,1 400 
229| -8,1 400 
230| -8,1 400 
231| -8,1 400 
232| -8,1 400 
233| -8,1 400 
234| -8,1 400 
235| -8,1 400 
236| -8,1 400 
237| -8,1 400 
238| -8,1 400 
239| -8,1 400 
240| -8,1 400 
241| -8,1 400 
242| -8,1 400 
243| -8,1 400 
244| -8,1 400 
245| -8,1 400 
246| -8,1 400 
247| -8,1 400 
248| -8,1 400 
249| -8,1 400 
250| 0 400 
251| 0,3 400 
252| 0,6 400 
253| 0,9 400 
254| 1,2 400 
255| 1,2 400 
256| 1,2 400 
257| 1,2 400 
258| 1,2 400 
259| 1,2 400 
260| 1,2 400 
261| 1,5 400 
262| 1,8 400 
263| 2,1 400 
264| 2,4 400 
265| 2,7 400 
266| 3 400 
267| 3,3 400 
268| 3,6 400 
269| 3,9 400 
270| 4,2 400 
271| 4,5 400 
272| 4,8 400 
273| 5,1 400 
274| 5,4 400 
275| 5,7 400 
276| 6 400 
277| 6,3 400 
278| 6,6 400 
279| 6,6 400 
280| 6,6 400 
281| 6,6 400 
282| 6,6 400 
283| 6,6 400 
284| 6,6 400 
285| 6,6 400 
286| 6,6 400 
287| 6,6 400 
288| 0 400 
289| -0,3 400 
290| -0,6 400 
291| -0,9 400 
292| -1,2 400 
293| -1,2 400 
294| -1,2 400 
295| -1,2 400 
296| -1,2 400 
297| -1,2 400 
298| -1,2 400 
299| -1,2 400 
300| -1,5 400 
301| -1,8 400 
302| -1,8 400 
303| -1,8 400 
304| -1,8 400 
305| -1,8 400 
306| -1,8 400 
307| -1,8 400 
308| -1,8 400 
309| -1,8 400 
310| -1,8 400 
311| 0 400 
312| 0,3 400 
313| 0,6 400 
314| 0,9 400 
315| 1,2 400 
316| 1,2 400 
317| 1,2 400 
318| 1,2 400 
319| 1,2 400 
320| 1,2 400 
321| 1,2 400 
322| 1,2 400 
323| 1,2 400 
324| 1,5 400 
325| 1,5 400 
326| 1,5 400 
327| 1,5 400 
328| 1,5 400 
329| 1,5 400 
330| 1,5 400 
331| 1,5 400 
332| 1,5 400 
333| 1,5 400 
334| 1,5 400 
335| 1,5 400 
336| 1,5 400 
337| 1,5 400 
338| 1,5 400 
339| 1,5 400 
340| 1,5 400 
341| 1,5 400 
342| 1,5 400 
343| 1,5 400 
344| 1,5 400 
345| 1,5 400 
346| 1,5 400 
347| 1,5 400 
348| 1,5 400 
349| 1,5 400 
350| 1,5 400 
351| 1,5 400 
352| 1,5 400 
353| 1,5 400 
354| 1,5 400 
355| 1,5 400 
356| 1,5 400 
357| 1,5 400 
358| 1,5 400 
359| 1,5 400 
360| 1,5 400 
361| 1,5 400 
362| 1,5 400 
363| 1,5 400 
364| 1,5 400 
365| 1,5 400 
366| 1,5 400 
367| 1,5 400 
368| 1,5 400 
369| 1,5 400 
370| 1,5 400 
371| 1,5 400 
372| 0 400 
373| 0 400 
374| 0 400 
375| 0 400 
376| 0 400 
377| 0 400 
378| 0 400 
379| 0 400 
380| 0 400 
381| 0 400 
382| 0 400 
383| 0 400 
384| 0 400 
385| 0 400 
386| 0 400 
387| 0 400 
388| 0 400 
389| 0 400 
390| 0 400 
391| 0 400 
392| 0 400 
393| 0 400 
394| 0 400 
395| 0 400 
396| 0 400 
397| 0 400 
398| 0 400 
399| 0 400 
400| 0 400 
401| 0 400 
402| 0 400 
403| 0 400 
404| 0 400 
405| 0 400 
406| 0 400 
407| 0 400 
408| 0 400 
409| 0 400 
410| 0 400 
411| 0 400 
412| 0 400 
413| 0 400 
414| 0 400 
415| 0 400 
416| 0 400 
417| 0 400 
418| 0 400 
419| 0 400 
420| 0 400 
421| 0 400 
422| 0 400 
423| 0 400 
424| 0 400 
425| 0 400 
426| 0 400 
427| 0 400 
428| 0 400 
429| 0 400 
430| 0 400 
431| 0 400 
432| 0 400 
433| 0 400 
434| 0 400 
435| 0 400 
436| 0 400 
437| 0 400 
438| 0 400 
439| 0 400 
440| 0 400 
441| 0 400 
442| 0 400 
443| 0 400 
444| 0 400 
445| 0 400 
446| 0 400 
447| 0 400 
448| 0 400 
449| 0 400 
450| 0 400 
451| 0 400 
452| 0 400 
453| 0 400 
454| 0 400 
455| 0 400 
456| 0 400 
457| 0 400 
458| 0 400 
459| 0 400 
460| 0 400 
461| 0 400 
462| 0 400 
463| 0 400 
464| 0 400 
465| 0 400 
466| 0 400 
467| 0 400 
468| 0 400 
469| 0 400 
470| 0 400 
471| 0 400 
472| 0 400 
473| 0 400 
474| 0 400 
475| 0 400 
476| 0 400 
477| 0 400 
478| 0,3 400 
479| 0,6 400 
480| 0,9 400 
481| 1,2 400 
482| 1,5 400 
483| 1,8 400 
484| 2,1 400 
485| 2,4 400 
486| 2,7 400 
487| 3 400 
488| 3,3 400 
489| 3,6 400 
490| 3,9 400 
491| 4,2 400 
492| 4,5 400 
493| 4,5 400 
494| 4,5 400 
495| 4,5 400 
496| 4,5 400 
497| 4,5 400 
498| 4,5 400 
499| 4,5 400 
500| 4,5 400 
501| 4,5 400 
502| 4,5 400 
503| 4,5 400 
504| 4,5 400 
505| 4,5 400 
506| 4,5 400 
507| 4,5 400 
508| 4,5 400 
509| 4,5 400 
510| 4,5 400 
511| 4,5 400 
512| 4,5 400 
513| 4,5 400 
514| 4,5 400 
515| 4,5 400 
516| 4,5 400 
517| 4,5 400 
518| 4,5 400 
519| 4,5 400 
520| 4,5 400 
521| 4,5 400 
522| 4,5 400 
523| 4,5 400 
524| 4,5 400 
525| 4,5 400 
526| 4,5 400 
527| 4,5 400 
528| 4,5 400 
529| 4,5 400 
530| 4,5 400 
531| 4,5 400 
532| 4,5 400 
533| 4,5 400 
534| 4,5 400 
535| 4,5 400 
536| 4,5 400 
537| 4,5 400 
538| 4,5 400 
539| 4,5 400 
540| 4,5 400 
541| 4,5 400 
542| 4,5 400 
543| 4,5 400 
544| 4,5 400 
545| 4,5 400 
546| 4,5 400 
547| 4,5 400 
548| 4,5 400 
549| 4,5 400 
550| 0 0 
551| 0 0 
552| 0 0 
553| 0 0 

1| 0 0 
2| 0 0 
3| 0 0 
4| 0 4 
5| 0 8 
6| 0 12 
7| 0 16 
8| 0 20 
9| 0 24 
10| 0 28 
11| 0 32 
12| 0 36 
13| 0 40 
14| 0 44 
15| 0 48 
16| 0 52 
17| 0 56 
18| 0 60 
19| 0 64 
20| 0 68 
21| 0 72 
22| 0 76 
23| 0 80 
24| 0 84 
25| 0 88 
26| 0 92 
27| 0 96 
28| 0 100 
29| 0 104 
30| 0 108 
31| 0 112 
32| 0 116 
33| 0 120 
34| 0 124 
35| 0 128 
36| 0 132 
37| 0 136 
38| 0 140 
39| 0 144 
40| 0 148 
41| 0 152 
42| 0 156 
43| 0 160 
44| 0 164 
45| 0 168 
46| 0 172 
47| 0 175,9999 
48| 0 179,9999 
49| 0 183,9999 
50| 0 187,9999 
51| 0 191,9999 
52| 0 195,9999 
53| 0 199,9999 
54| 0 203,9999 
55| 0 207,9999 
56| 0 211,9999 
57| 0 215,9999 
58| 0 219,9999 
59| 0 223,9999 
60| 0 227,9999 
61| 0 231,9999 
62| 0 235,9999 
63| 0 239,9999 
64| 0 243,9999 
65| 0 247,9999 
66| 0 251,9999 
67| 0 255,9999 
68| 0 259,9999 
69| 0 263,9999 
70| 0 267,9999 
71| 0 271,9998 
72| 0 275,9998 
73| 0 279,9998 
74| 0 283,9998 
75| 0 287,9998 
76| 0 291,9998 
77| 0 295,9998 
78| 0 299,9998 
79| 0 303,9998 
80| 0 307,9998 
81| 0 311,9998 
82| 0 315,9998 
83| 0 319,9998 
84| 0 323,9998 
85| 0 327,9998 
86| 0 331,9998 
87| 0 335,9998 
88| 0 339,9998 
89| 0 343,9998 
90| 0 347,9998 
91| 0 351,9998 
92| 0 355,9998 
93| 0 359,9998 
94| 0 363,9998 
95| 0 367,9998 
96| 0 371,9998 
97| 0 375,9998 
98| 0 379,9998 
99| 0 383,9998 
100| 0 387,9998 
101| 0 391,9998 
102| 0 395,9998 
103| 0 399,9997 
104| 0 403,9996 
105| 0 400 
106| 0 400 
107| 0 400 
108| 0 400 
109| 0 400 
110| 0 400 
111| 0 400 
112| 0 400 
113| 0 400 
114| 0 400 
115| 0 400 
116| 0 400 
117| 0 400 
118| 0 400 
119| 0 400 
120| 0 400 
121| 0 400 
122| 0 400 
123| 0 400 
124| 0 400 
125| 0 400 
126| 0 400 
127| 0 400 
128| 0 400 
129| 0 400 
130| 0 400 
131| 0 400 
132| 0 400 
133| 0 400 
134| 0 400 
135| 0 400 
136| 0 400 
137| 0 400 
138| 0 400 
139| 0 400 
140| 0 400 
141| 0 400 
142| 0 400 
143| 0 400 
144| 0 400 
145| 0 400 
146| 0 400 
147| 0 400 
148| 0 400 
149| 0 400 
150| 0 400 
151| 0 400 
152| 0 400 
153| 0 400 
154| 0 400 
155| 0 400 
156| 0 400 
157| 0 400 
158| 0 400 
159| 0 400 
160| 0 400 
161| 0 400 
162| 0 400 
163| 0 400 
164| 0 400 
0| 0 0 
1| 0 0 
2| 0 0 
3| 0 0 
4| 0 4 
5| 0 8 
6| 0 12 
7| 0 16 
8| 0 20 
9| 0 24 
10| 0 28 
11| 0 32 
12| 0 36 
13| 0 40 
14| 0 44 
15| 0 48 
16| 0 52 
17| 0 56 
18| 0 60 
19| 0 64 
20| 0 68 
21| 0 72 
22| 0 76 
23| 0 80 
24| 0 84 
25| 0 88 
26| 0 92 
27| 0 96 
28| 0 100 
29| 0 104 
30| 0 108 
31| 0 112 
32| 0 116 
33| 0 120 
34| 0 124 
35| 0 128 
36| 0 132 
37| 0 136 
38| 0 140 
39| 0 144 
40| 0 148 
41| 0 152 
42| 0 156 
43| 0 160 
44| 0 164 
45| 0 168 
46| 0 172 
47| 0 175,9999 
48| 0 179,9999 
49| 0 183,9999 
50| 0 187,9999 
51| 0 191,9999 
52| 0 195,9999 
53| 0 199,9999 
54| 0 203,9999 
55| 0 207,9999 
56| 0 211,9999 
57| 0 215,9999 
58| 0 219,9999 
59| 0 223,9999 
60| 0 227,9999 
61| 0 231,9999 
62| 0 235,9999 
63| 0 239,9999 
64| 0 243,9999 
65| 0 247,9999 
66| 0 251,9999 
67| 0 255,9999 
68| 0 259,9999 
69| 0 263,9999 
70| 0 267,9999 
71| 0 271,9998 
72| 0 275,9998 
73| 0 279,9998 
74| 0 283,9998 
75| 0 287,9998 
76| 0 291,9998 
77| 0 295,9998 
78| 0 299,9998 
79| 0 303,9998 
80| 0 307,9998 
81| 0 311,9998 
82| 0 315,9998 
83| 0 319,9998 
84| 0 323,9998 
85| 0 327,9998 
86| 0 331,9998 
87| 0 335,9998 
88| 0 339,9998 
89| 0 343,9998 
90| 0 347,9998 
91| 0 351,9998 
92| 0 355,9998 
93| 0 359,9998 
94| 0 363,9998 
95| 0 367,9998 
96| 0 371,9998 
97| 0 375,9998 
98| 0 379,9998 
99| 0 383,9998 
100| 0 387,9998 
101| 0 391,9998 
102| 0 395,9998 
103| 0 399,9997 
104| 0 403,9996 
105| 0 400 
106| 0 400 
107| 0 400 
108| 0 400 
109| 0 400 
110| 0 400 
111| 0 400 
112| 0 400 
113| 0 400 
114| 0 400 
115| 0 400 
116| 0 400 
117| 0 400 
118| 0 400 
119| 0 400 
120| 0 400 
121| 0 400 
122| 0 400 
123| 0 400 
124| 0 400 
125| 0 400 
126| 0 400 
127| 0 400 
128| 0 400 
129| 0 400 
130| 0 400 
131| 0 400 
132| 0 400 
133| 0 400 
134| 0 400 
135| 0 400 
136| 0 400 
137| 0 400 
138| 0 400 
139| 0 400 
140| 0 400 
141| 0 400 
142| 0 400 
143| 0 400 
144| 0 400 
145| 0 400 
146| 0 400 
147| 0 400 
148| 0 400 
149| 0 400 
150| 0 400 
151| 0 400 
152| 0 400 
153| 0 400 
154| 0 400 
155| 0 400 
156| 0 400 
157| 0 400 
158| 0 400 
159| 0 400 
160| 0 400 
161| 0 400 
162| 0 400 
163| 0 400 
164| 0 400 
165| 0 400 
166| 0 400 
167| 0 400 
168| 0 400 
169| 0 400 
170| 0 400 
171| 0 400 
172| 0 400 
173| 0 400 
174| 0 400 
175| 0 400 
176| 0 400 
177| 0 400 
178| -0,3 400 
179| -0,6 400 
180| -0,9 400 
181| -1,2 400 
182| -1,5 400 
183| -1,8 400 
184| -2,1 400 
185| -2,4 400 
186| -2,7 400 
187| -3 400 
188| -3,3 400 
189| -3,6 400 
190| -3,9 400 
191| -4,2 400 
192| -4,5 400 
193| -4,8 400 
194| -5,1 400 
195| -5,4 400 
196| -5,7 400 
197| -5,7 400 
198| -5,7 400 
199| -5,7 400 
200| -5,7 400 
201| -6 400 
202| -6 400 
203| -6 400 
204| -6 400 
205| -6 400 
206| -6 400 
207| -6 400 
208| -6 400 
209| -6 400 
210| -6 400 
211| -6 400 
212| -6 400 
213| -6 400 
214| -6 400 
215| -6 400 
216| -6,3 400 
217| -6,6 400 
218| -6,9 400 
219| -7,2 400 
220| -7,5 400 
221| -7,8 400 
222| -8,1 400 
223| -8,1 400 
224| -8,1 400 
225| -8,1 400 
226| -8,1 400 
227| -8,1 400 
228| -8,1 400 
229| -8,1 400 
230| -8,1 400 
231| -8,1 400 
232| -8,1 400 
233| -8,1 400 
234| -8,1 400 
235| -8,1 400 
236| -8,1 400 
237| -8,1 400 
238| -8,1 400 
239| -8,1 400 
240| -8,1 400 
241| -8,1 400 
242| -8,1 400 
243| -8,1 400 
244| -8,1 400 
245| -8,1 400 
246| -8,1 400 
247| -8,1 400 
248| -8,1 400 
249| -8,1 400 
250| 0 400 
251| 0,3 400 
252| 0,6 400 
253| 0,9 400 
254| 1,2 400 
255| 1,2 400 
256| 1,2 400 
257| 1,2 400 
258| 1,2 400 
259| 1,2 400 
260| 1,2 400 
261| 1,5 400 
262| 1,8 400 
263| 2,1 400 
264| 2,4 400 
265| 2,7 400 
266| 3 400 
267| 3,3 400 
268| 3,6 400 
269| 3,9 400 
270| 4,2 400 
271| 4,5 400 
272| 4,8 400 
273| 5,1 400 
274| 5,4 400 
275| 5,7 400 
276| 6 400 
277| 6,3 400 
278| 6,6 400 
279| 6,6 400 
280| 6,6 400 
281| 6,6 400 
282| 6,6 400 
283| 6,6 400 
284| 6,6 400 
285| 6,6 400 
286| 6,6 400 
287| 6,6 400 
288| 0 400 
289| -0,3 400 
290| -0,6 400 
291| -0,9 400 
292| -1,2 400 
293| -1,2 400 
294| -1,2 400 
295| -1,2 400 
296| -1,2 400 
297| -1,2 400 
298| -1,2 400 
299| -1,2 400 
300| -1,5 400 
301| -1,8 400 
302| -1,8 400 
303| -1,8 400 
304| -1,8 400 
305| -1,8 400 
306| -1,8 400 
307| -1,8 400 
308| -1,8 400 
309| -1,8 400 
310| -1,8 400 
311| 0 400 
312| 0,3 400 
313| 0,6 400 
314| 0,9 400 
315| 1,2 400 
316| 1,2 400 
317| 1,2 400 
318| 1,2 400 
319| 1,2 400 
320| 1,2 400 
321| 1,2 400 
322| 1,2 400 
323| 1,2 400 
324| 1,5 400 
325| 1,5 400 
326| 1,5 400 
327| 1,5 400 
328| 1,5 400 
329| 1,5 400 
330| 1,5 400 
331| 1,5 400 
332| 1,5 400 
333| 1,5 400 
334| 1,5 400 
335| 1,5 400 
336| 1,5 400 
337| 1,5 400 
338| 1,5 400 
339| 1,5 400 
340| 1,5 400 
341| 1,5 400 
342| 1,5 400 
343| 1,5 400 
344| 1,5 400 
345| 1,5 400 
346| 1,5 400 
347| 1,5 400 
348| 1,5 400 
349| 1,5 400 
350| 1,5 400 
351| 1,5 400 
352| 1,5 400 
353| 1,5 400 
354| 1,5 400 
355| 1,5 400 
356| 1,5 400 
357| 1,5 400 
358| 1,5 400 
359| 1,5 400 
360| 1,5 400 
361| 1,5 400 
362| 1,5 400 
363| 1,5 400 
364| 1,5 400 
365| 1,5 400 
366| 1,5 400 
367| 1,5 400 
368| 1,5 400 
369| 1,5 400 
370| 1,5 400 
371| 1,5 400 
372| 0 400 
373| 0 400 
374| 0 400 
375| 0 400 
376| 0 400 
377| 0 400 
378| 0 400 
379| 0 400 
380| 0 400 
381| 0 400 
382| 0 400 
383| 0 400 
384| 0 400 
385| 0 400 
386| 0 400 
387| 0 400 
388| 0 400 
389| 0 400 
390| 0 400 
391| 0 400 
392| 0 400 
393| 0 400 
394| 0 400 
395| 0 400 
396| 0 400 
397| 0 400 
398| 0 400 
399| 0 400 
400| 0 400 
401| 0 400 
402| 0 400 
403| 0 400 
404| 0 400 
405| 0 400 
406| 0 400 
407| 0 400 
408| 0 400 
409| 0 400 
410| 0 400 
411| 0 400 
412| 0 400 
413| 0 400 
414| 0 400 
415| 0 400 
416| 0 400 
417| 0 400 
418| 0 400 
419| 0 400 
420| 0 400 
421| 0 400 
422| 0 400 
423| 0 400 
424| 0 400 
425| 0 400 
426| 0 400 
427| 0 400 
428| 0 400 
429| 0 400 
430| 0 400 
431| 0 400 
432| 0 400 
433| 0 400 
434| 0 400 
435| 0 400 
436| 0 400 
437| 0 400 
438| 0 400 
439| 0 400 
440| 0 400 
441| 0 400 
442| 0 400 
443| 0 400 
444| 0 400 
445| 0 400 
446| 0 400 
447| 0 400 
448| 0 400 
449| 0 400 
450| 0 400 
451| 0 400 
452| 0 400 
453| 0 400 
454| 0 400 
455| 0 400 
456| 0 400 
457| 0 400 
458| 0 400 
459| 0 400 
460| 0 400 
461| 0 400 
462| 0 400 
463| 0 400 
464| 0 400 
465| 0 400 
466| 0 400 
467| 0 400 
468| 0 400 
469| 0 400 
470| 0 400 
471| 0 400 
472| 0 400 
473| 0 400 
474| 0 400 
475| 0 400 
476| 0 400 
477| 0 400 
478| 0,3 400 
479| 0,6 400 
480| 0,9 400 
481| 1,2 400 
482| 1,5 400 
483| 1,8 400 
484| 2,1 400 
485| 2,4 400 
486| 2,7 400 
487| 3 400 
488| 3,3 400 
489| 3,6 400 
490| 3,9 400 
491| 4,2 400 
492| 4,5 400 
493| 4,5 400 
494| 4,5 400 
495| 4,5 400 
496| 4,5 400 
497| 4,5 400 
498| 4,5 400 
499| 4,5 400 
500| 4,5 400 
501| 4,5 400 
502| 4,5 400 
503| 4,5 400 
504| 4,5 400 
505| 4,5 400 
506| 4,5 400 
507| 4,5 400 
508| 4,5 400 
509| 4,5 400 
510| 4,5 400 
511| 4,5 400 
512| 4,5 400 
513| 4,5 400 
514| 4,5 400 
515| 4,5 400 
516| 4,5 400 
517| 4,5 400 
518| 4,5 400 
519| 4,5 400 
520| 4,5 400 
521| 4,5 400 
522| 4,5 400 
523| 4,5 400 
524| 4,5 400 
525| 4,5 400 
526| 4,5 400 
527| 4,5 400 
528| 4,5 400 
529| 4,5 400 
530| 4,5 400 
531| 4,5 400 
532| 4,5 400 
533| 4,5 400 
534| 4,5 400 
535| 4,5 400 
536| 4,5 400 
537| 4,5 400 
538| 4,5 400 
539| 4,5 400 
540| 4,5 400 
541| 4,5 400 
542| 4,5 400 
543| 4,5 400 
544| 4,5 400 
545| 4,5 400 
546| 4,5 400 
547| 4,5 400 
548| 4,5 400 
549| 4,5 400 
550| 0 0 
551| 0 0 
552| 0 0 
553| 0 0 
0| 0 0 
1| 0 0 
2| 0 0 
3| 0 0 
4| 0 0 
5| 0 0 
6| 0 0 
7| 0 0 
8| 0 0 
9| 0 0 
10| 0 0 
11| 0 0 
12| 0 0 
13| 0 0 
14| 0 0 
15| 0 0 
16| 0 0 
17| 0 0 
18| 0 0 
19| 0 0 
20| 0 0 
21| 0 0 
22| 0 0 
23| 0 0 
24| 0 0 
25| 0 0 
26| 0 0 
27| 0 0 
28| 0 0 
29| 0 0 
30| 0 0 
31| 0 0 
32| 0 0 
33| 0 0 
34| 0 0 
35| 0 0 
36| 0 0 
37| 0 0 
38| 0 0 
39| 0 0 
40| 0 0 
41| 0 0 
42| 0 0 
43| 0 0 
44| 0 0 
45| 0 0 
46| 0 0 
47| 0 0 
48| 0 0 
49| 0 0 
50| 0 0 
51| 0 0 
52| 0 0 
53| 0 0 
54| 0 0 
55| 0 0 
56| 0 0 
57| 0 0 
58| 0 0 
59| 0 0 
60| 0 0 
61| 0 0 
62| 0 0 

1| 0 0 
2| 0 0 
3| 0 0 
4| 0 4 
5| 0 8 
6| 0 12 
7| 0 16 
8| 0 20 
9| 0 24 
10| 0 28 
11| 0 32 
12| 0 36 
13| 0 40 
14| 0 44 
15| 0 48 
16| 0 52 
17| 0 56 
18| 0 60 
19| 0 64 
20| 0 68 
21| 0 72 
22| 0 76 
23| 0 80 
24| 0 84 
25| 0 88 
26| 0 92 
27| 0 96 
28| 0 100 
29| 0 104 
30| 0 108 
31| 0 112 
32| 0 116 
33| 0 120 
34| 0 124 
35| 0 128 
36| 0 132 
37| 0 136 
38| 0 140 
39| 0 144 
40| 0 148 
41| 0 152 
42| 0 156 
43| 0 160 
44| 0 164 
45| 0 168 
46| 0 172 
47| 0 175,9999 
48| 0 179,9999 
49| 0 183,9999 
50| 0 187,9999 
51| 0 191,9999 
52| 0 195,9999 
53| 0 199,9999 
54| 0 203,9999 
55| 0 207,9999 
56| 0 211,9999 
57| 0 215,9999 
58| 0 219,9999 
59| 0 223,9999 
60| 0 227,9999 
61| 0 231,9999 
62| 0 235,9999 
63| 0 239,9999 
64| 0 243,9999 
65| 0 247,9999 
66| 0 251,9999 
67| 0 255,9999 
68| 0 259,9999 
69| 0 263,9999 
70| 0 267,9999 
71| 0 271,9998 
72| 0 275,9998 
73| 0 279,9998 
74| 0 283,9998 
75| 0 287,9998 
76| 0 291,9998 
77| 0 295,9998 
78| 0 299,9998 
79| 0 303,9998 
80| 0 307,9998 
81| 0 311,9998 
82| 0 315,9998 
83| 0 319,9998 
84| 0 323,9998 
85| 0 327,9998 
86| 0 331,9998 
87| 0 335,9998 
88| 0 339,9998 
89| 0 343,9998 
90| 0 347,9998 
91| 0 351,9998 
92| 0 355,9998 
93| 0 359,9998 
94| 0 363,9998 
95| 0 367,9998 
96| 0 371,9998 
97| 0 375,9998 
98| 0 379,9998 
99| 0 383,9998 
100| 0 387,9998 
101| 0 391,9998 
102| 0 395,9998 
103| 0 399,9997 
104| 0 403,9996 
105| 0 400 
106| 0 400 
107| 0 400 
108| 0 400 
109| 0 400 
110| 0 400 
111| 0 400 
112| 0 400 
113| 0 400 
114| 0 400 
115| 0 400 
116| 0 400 
117| 0 400 
118| 0 400 
119| 0 400 
120| 0 400 
121| 0 400 
122| 0 400 
123| 0 400 
124| 0 400 
125| 0 400 
126| 0 400 
127| 0 400 
128| 0 400 
129| 0 400 
130| 0 400 
131| 0 400 
132| 0 400 
133| 0 400 
134| 0 400 
135| 0 400 
136| 0 400 
137| 0 400 
138| 0 400 
139| 0 400 
140| 0 400 
141| 0 400 
142| 0 400 
143| 0 400 
144| 0 400 
145| 0 400 
146| 0 400 
147| 0 400 
148| 0 400 
149| 0 400 
150| 0 400 
151| 0 400 
152| 0 400 
153| 0 400 
154| 0 400 
155| 0 400 
156| 0 400 
157| 0 400 
158| 0 400 
159| 0 400 
160| 0 400 
161| 0 400 
162| 0 400 
163| 0 400 
164| 0 400 
0| 0 0 
1| 0 0 
2| 0 0 
3| 0 0 
4| 0 4 
5| 0 8 
6| 0 12 
7| 0 16 
8| 0 20 
9| 0 24 
10| 0 28 
11| 0 32 
12| 0 36 
13| 0 40 
14| 0 44 
15| 0 48 
16| 0 52 
17| 0 56 
18| 0 60 
19| 0 64 
20| 0 68 
21| 0 72 
22| 0 76 
23| 0 80 
24| 0 84 
25| 0 88 
26| 0 92 
27| 0 96 
28| 0 100 
29| 0 104 
30| 0 108 
31| 0 112 
32| 0 116 
33| 0 120 
34| 0 124 
35| 0 128 
36| 0 132 
37| 0 136 
38| 0 140 
39| 0 144 
40| 0 148 
41| 0 152 
42| 0 156 
43| 0 160 
44| 0 164 
45| 0 168 
46| 0 172 
47| 0 175,9999 
48| 0 179,9999 
49| 0 183,9999 
50| 0 187,9999 
51| 0 191,9999 
52| 0 195,9999 
53| 0 199,9999 
54| 0 203,9999 
55| 0 207,9999 
56| 0 211,9999 
57| 0 215,9999 
58| 0 219,9999 
59| 0 223,9999 
60| 0 227,9999 
61| 0 231,9999 
62| 0 235,9999 
63| 0 239,9999 
64| 0 243,9999 
65| 0 247,9999 
66| 0 251,9999 
67| 0 255,9999 
68| 0 259,9999 
69| 0 263,9999 
70| 0 267,9999 
71| 0 271,9998 
72| 0 275,9998 
73| 0 279,9998 
74| 0 283,9998 
75| 0 287,9998 
76| 0 291,9998 
77| 0 295,9998 
78| 0 299,9998 
79| 0 303,9998 
80| 0 307,9998 
81| 0 311,9998 
82| 0 315,9998 
83| 0 319,9998 
84| 0 323,9998 
85| 0 327,9998 
86| 0 331,9998 
87| 0 335,9998 
88| 0 339,9998 
89| 0 343,9998 
90| 0 347,9998 
91| 0 351,9998 
92| 0 355,9998 
93| 0 359,9998 
94| 0 363,9998 
95| 0 367,9998 
96| 0 371,9998 
97| 0 375,9998 
98| 0 379,9998 
99| 0 383,9998 
100| 0 387,9998 
101| 0 391,9998 
102| 0 395,9998 
103| 0 399,9997 
104| 0 403,9996 
105| 0 400 
106| 0 400 
107| 0 400 
108| 0 400 
109| 0 400 
110| 0 400 
111| 0 400 
112| 0 400 
113| 0 400 
114| 0 400 
115| 0 400 
116| 0 400 
117| 0 400 
118| 0 400 
119| 0 400 
120| 0 400 
121| 0 400 
122| 0 400 
123| 0 400 
124| 0 400 
125| 0 400 
126| 0 400 
127| 0 400 
128| 0 400 
129| 0 400 
130| 0 400 
131| 0 400 
132| 0 400 
133| 0 400 
134| 0 400 
135| 0 400 
136| 0 400 
137| 0 400 
138| 0 400 
139| 0 400 
140| 0 400 
141| 0 400 
142| 0 400 
143| 0 400 
144| 0 400 
145| 0 400 
146| 0 400 
147| 0 400 
148| 0 400 
149| 0 400 
150| 0 400 
151| 0 400 
152| 0 400 
153| 0 400 
154| 0 400 
155| 0 400 
156| 0 400 
157| 0 400 
158| 0 400 
159| 0 400 
160| 0 400 
161| 0 400 
162| 0 400 
163| 0 400 
164| 0 400 
165| 0 400 
166| 0 400 
167| 0 400 
168| 0 400 
169| 0 400 
170| 0 400 
171| 0 400 
172| 0 400 
173| 0 400 
174| 0 400 
175| 0 400 
176| 0 400 
177| 0 400 
178| -0,3 400 
179| -0,6 400 
180| -0,9 400 
181| -1,2 400 
182| -1,5 400 
183| -1,8 400 
184| -2,1 400 
185| -2,4 400 
186| -2,7 400 
187| -3 400 
188| -3,3 400 
189| -3,6 400 
190| -3,9 400 
191| -4,2 400 
192| -4,5 400 
193| -4,8 400 
194| -5,1 400 
195| -5,4 400 
196| -5,7 400 
197| -5,7 400 
198| -5,7 400 
199| -5,7 400 
200| -5,7 400 
201| -6 400 
202| -6 400 
203| -6 400 
204| -6 400 
205| -6 400 
206| -6 400 
207| -6 400 
208| -6 400 
209| -6 400 
210| -6 400 
211| -6 400 
212| -6 400 
213| -6 400 
214| -6 400 
215| -6 400 
216| -6,3 400 
217| -6,6 400 
218| -6,9 400 
219| -7,2 400 
220| -7,5 400 
221| -7,8 400 
222| -8,1 400 
223| -8,1 400 
224| -8,1 400 
225| -8,1 400 
226| -8,1 400 
227| -8,1 400 
228| -8,1 400 
229| -8,1 400 
230| -8,1 400 
231| -8,1 400 
232| -8,1 400 
233| -8,1 400 
234| -8,1 400 
235| -8,1 400 
236| -8,1 400 
237| -8,1 400 
238| -8,1 400 
239| -8,1 400 
240| -8,1 400 
241| -8,1 400 
242| -8,1 400 
243| -8,1 400 
244| -8,1 400 
245| -8,1 400 
246| -8,1 400 
247| -8,1 400 
248| -8,1 400 
249| -8,1 400 
250| 0 400 
251| 0,3 400 
252| 0,6 400 
253| 0,9 400 
254| 1,2 400 
255| 1,2 400 
256| 1,2 400 
257| 1,2 400 
258| 1,2 400 
259| 1,2 400 
260| 1,2 400 
261| 1,5 400 
262| 1,8 400 
263| 2,1 400 
264| 2,4 400 
265| 2,7 400 
266| 3 400 
267| 3,3 400 
268| 3,6 400 
269| 3,9 400 
270| 4,2 400 
271| 4,5 400 
272| 4,8 400 
273| 5,1 400 
274| 5,4 400 
275| 5,7 400 
276| 6 400 
277| 6,3 400 
278| 6,6 400 
279| 6,6 400 
280| 6,6 400 
281| 6,6 400 
282| 6,6 400 
283| 6,6 400 
284| 6,6 400 
285| 6,6 400 
286| 6,6 400 
287| 6,6 400 
288| 0 400 
289| -0,3 400 
290| -0,6 400 
291| -0,9 400 
292| -1,2 400 
293| -1,2 400 
294| -1,2 400 
295| -1,2 400 
296| -1,2 400 
297| -1,2 400 
298| -1,2 400 
299| -1,2 400 
300| -1,5 400 
301| -1,8 400 
302| -1,8 400 
303| -1,8 400 
304| -1,8 400 
305| -1,8 400 
306| -1,8 400 
307| -1,8 400 
308| -1,8 400 
309| -1,8 400 
310| -1,8 400 
311| 0 400 
312| 0,3 400 
313| 0,6 400 
314| 0,9 400 
315| 1,2 400 
316| 1,2 400 
317| 1,2 400 
318| 1,2 400 
319| 1,2 400 
320| 1,2 400 
321| 1,2 400 
322| 1,2 400 
323| 1,2 400 
324| 1,5 400 
325| 1,5 400 
326| 1,5 400 
327| 1,5 400 
328| 1,5 400 
329| 1,5 400 
330| 1,5 400 
331| 1,5 400 
332| 1,5 400 
333| 1,5 400 
334| 1,5 400 
335| 1,5 400 
336| 1,5 400 
337| 1,5 400 
338| 1,5 400 
339| 1,5 400 
340| 1,5 400 
341| 1,5 400 
342| 1,5 400 
343| 1,5 400 
344| 1,5 400 
345| 1,5 400 
346| 1,5 400 
347| 1,5 400 
348| 1,5 400 
349| 1,5 400 
350| 1,5 400 
351| 1,5 400 
352| 1,5 400 
353| 1,5 400 
354| 1,5 400 
355| 1,5 400 
356| 1,5 400 
357| 1,5 400 
358| 1,5 400 
359| 1,5 400 
360| 1,5 400 
361| 1,5 400 
362| 1,5 400 
363| 1,5 400 
364| 1,5 400 
365| 1,5 400 
366| 1,5 400 
367| 1,5 400 
368| 1,5 400 
369| 1,5 400 
370| 1,5 400 
371| 1,5 400 
372| 0 400 
373| 0 400 
374| 0 400 
375| 0 400 
376| 0 400 
377| 0 400 
378| 0 400 
379| 0 400 
380| 0 400 
381| 0 400 
382| 0 400 
383| 0 400 
384| 0 400 
385| 0 400 
386| 0 400 
387| 0 400 
388| 0 400 
389| 0 400 
390| 0 400 
391| 0 400 
392| 0 400 
393| 0 400 
394| 0 400 
395| 0 400 
396| 0 400 
397| 0 400 
398| 0 400 
399| 0 400 
400| 0 400 
401| 0 400 
402| 0 400 
403| 0 400 
404| 0 400 
405| 0 400 
406| 0 400 
407| 0 400 
408| 0 400 
409| 0 400 
410| 0 400 
411| 0 400 
412| 0 400 
413| 0 400 
414| 0 400 
415| 0 400 
416| 0 400 
417| 0 400 
418| 0 400 
419| 0 400 
420| 0 400 
421| 0 400 
422| 0 400 
423| 0 400 
424| 0 400 
425| 0 400 
426| 0 400 
427| 0 400 
428| 0 400 
429| 0 400 
430| 0 400 
431| 0 400 
432| 0 400 
433| 0 400 
434| 0 400 
435| 0 400 
436| 0 400 
437| 0 400 
438| 0 400 
439| 0 400 
440| 0 400 
441| 0 400 
442| 0 400 
443| 0 400 
444| 0 400 
445| 0 400 
446| 0 400 
447| 0 400 
448| 0 400 
449| 0 400 
450| 0 400 
451| 0 400 
452| 0 400 
453| 0 400 
454| 0 400 
455| 0 400 
456| 0 400 
457| 0 400 
458| 0 400 
459| 0 400 
460| 0 400 
461| 0 400 
462| 0 400 
463| 0 400 
464| 0 400 
465| 0 400 
466| 0 400 
467| 0 400 
468| 0 400 
469| 0 400 
470| 0 400 
471| 0 400 
472| 0 400 
473| 0 400 
474| 0 400 
475| 0 400 
476| 0 400 
477| 0 400 
478| 0,3 400 
479| 0,6 400 
480| 0,9 400 
481| 1,2 400 
482| 1,5 400 
483| 1,8 400 
484| 2,1 400 
485| 2,4 400 
486| 2,7 400 
487| 3 400 
488| 3,3 400 
489| 3,6 400 
490| 3,9 400 
491| 4,2 400 
492| 4,5 400 
493| 4,5 400 
494| 4,5 400 
495| 4,5 400 
496| 4,5 400 
497| 4,5 400 
498| 4,5 400 
499| 4,5 400 
500| 4,5 400 
501| 4,5 400 
502| 4,5 400 
503| 4,5 400 
504| 4,5 400 
505| 4,5 400 
506| 4,5 400 
507| 4,5 400 
508| 4,5 400 
509| 4,5 400 
510| 4,5 400 
511| 4,5 400 
512| 4,5 400 
513| 4,5 400 
514| 4,5 400 
515| 4,5 400 
516| 4,5 400 
517| 4,5 400 
518| 4,5 400 
519| 4,5 400 
520| 4,5 400 
521| 4,5 400 
522| 4,5 400 
523| 4,5 400 
524| 4,5 400 
525| 4,5 400 
526| 4,5 400 
527| 4,5 400 
528| 4,5 400 
529| 4,5 400 
530| 4,5 400 
531| 4,5 400 
532| 4,5 400 
533| 4,5 400 
534| 4,5 400 
535| 4,5 400 
536| 4,5 400 
537| 4,5 400 
538| 4,5 400 
539| 4,5 400 
540| 4,5 400 
541| 4,5 400 
542| 4,5 400 
543| 4,5 400 
544| 4,5 400 
545| 4,5 400 
546| 4,5 400 
547| 4,5 400 
548| 4,5 400 
549| 4,5 400 
550| 0 0 
551| 0 0 
552| 0 0 
553| 0 0 
0| 0 0 
1| 0 0 
2| 0 0 
3| 0 0 
4| 0 0 
5| 0 0 
6| 0 0 
7| 0 0 
8| 0 0 
9| 0 0 
10| 0 0 
11| 0 0 
12| 0 0 
13| 0 0 
14| 0 0 
15| 0 0 
16| 0 0 
17| 0 0 
18| 0 0 
19| 0 0 
20| 0 0 
21| 0 0 
22| 0 0 
23| 0 0 
24| 0 0 
25| 0 0 
26| 0 0 
27| 0 0 
28| 0 0 
29| 0 0 
30| 0 0 
31| 0 0 
32| 0 0 
33| 0 0 
34| 0 0 
35| 0 0 
36| 0 0 
37| 0 0 
38| 0 0 
39| 0 0 
40| 0 0 
41| 0 0 
42| 0 0 
43| 0 0 
44| 0 0 
45| 0 0 
46| 0 0 
47| 0 0 
48| 0 0 
49| 0 0 
50| 0 0 
51| 0 0 
52| 0 0 
53| 0 0 
54| 0 0 
55| 0 0 
56| 0 0 
57| 0 0 
58| 0 0 
59| 0 0 
60| 0 0 
61| 0 0 
62| 0 0 
0| 0 0 
1| 0 0 
2| 0 0 
3| 0 0 
4| 0 4 
5| 0 8 
6| 0 12 
7| 0 16 
8| 0 20 
9| 0 24 
10| 0 28 
11| 0 32 
12| 0 36 
13| 0 40 
14| 0 44 
15| 0 48 
16| 0 52 
17| 0 56 
18| 0 60 
19| 0 64 
20| 0 68 
21| 0 72 
22| 0 76 
23| 0 80 
24| 0 84 
25| 0 88 
26| 0 92 
27| 0 96 
28| 0 100 
29| 0 104 
30| 0 108 
31| 0 112 
32| 0 116 
33| 0 120 
34| 0 124 
35| 0 128 
36| 0 132 
37| 0 136 
38| 0 140 
39| 0 144 
40| 0 148 
41| 0 152 
42| 0 156 
43| 0 160 
44| 0 164 
45| 0 168 
46| 0 172 
47| 0 175,9999 
48| 0 179,9999 
49| 0 183,9999 
50| 0 187,9999 
51| 0 191,9999 
52| 0 195,9999 
53| 0 199,9999 
54| 0 203,9999 
55| 0 207,9999 
56| 0 211,9999 
57| 0 215,9999 
58| 0 219,9999 
59| 0 223,9999 
60| 0 227,9999 
61| 0 231,9999 
62| 0 235,9999 
63| 0 239,9999 
64| 0 243,9999 
65| 0 247,9999 
66| 0 251,9999 
67| 0 255,9999 
68| 0 259,9999 
69| 0 263,9999 
70| 0 267,9999 
71| 0 271,9998 
72| 0 275,9998 
73| 0 279,9998 
74| 0 283,9998 
75| 0 287,9998 
76| 0 291,9998 
77| 0 295,9998 
78| 0 299,9998 
79| 0 303,9998 
80| 0 307,9998 
81| 0 311,9998 
82| 0 315,9998 
83| 0 319,9998 
84| 0 323,9998 
85| 0 327,9998 
86| 0 331,9998 
87| 0 335,9998 
88| 0 339,9998 
89| 0 343,9998 
90| 0 347,9998 
91| 0 351,9998 
92| 0 355,9998 
93| 0 359,9998 
94| 0 363,9998 
95| 0 367,9998 
96| 0 371,9998 
97| 0 375,9998 
98| 0 379,9998 
99| 0 383,9998 
100| 0 387,9998 
101| 0 391,9998 
102| 0 395,9998 
103| 0 399,9997 
104| 0 403,9996 
105| 0 400 
106| 0 400 
107| 0 400 
108| 0 400 
109| 0 400 
110| 0 400 
111| 0 400 
112| 0 400 
113| 0 400 
114| 0 400 
115| 0 400 
116| 0 400 
117| 0 400 
118| 0 400 
119| 0 400 
120| 0 400 
121| 0 400 
122| 0 400 
123| 0 400 
124| 0 400 
125| 0 400 
126| 0 400 
127| 0 400 
128| 0 400 
129| 0 400 
130| 0 400 
131| 0 400 
132| 0 400 
133| 0 400 
134| 0 400 
135| 0 400 
136| 0 400 
137| 0 400 
138| 0 400 
139| 0 400 
140| 0 400 
141| 0 400 
142| 0 400 
143| 0 400 
144| 0 400 
145| 0 400 
146| 0 400 
147| 0 400 
148| 0 400 
149| 0 400 
150| 0 400 
151| 0 400 
152| 0 400 
153| 0 400 
154| 0 400 
155| 0 400 
156| 0 400 
157| 0 400 
158| 0 400 
159| 0 400 
160| 0 400 
161| 0 400 
162| 0 400 
163| 0 400 
164| 0 400 

1| 0 0 
2| 0 0 
3| 0 0 
4| 0 4 
5| 0 8 
6| 0 12 
7| 0 16 
8| 0 20 
9| 0 24 
10| 0 28 
11| 0 32 
12| 0 36 
13| 0 40 
14| 0 44 
15| 0 48 
16| 0 52 
17| 0 56 
18| 0 60 
19| 0 64 
20| 0 68 
21| 0 72 
22| 0 76 
23| 0 80 
24| 0 84 
25| 0 88 
26| 0 92 
27| 0 96 
28| 0 100 
29| 0 104 
30| 0 108 
31| 0 112 
32| 0 116 
33| 0 120 
34| 0 124 
35| 0 128 
36| 0 132 
37| 0 136 
38| 0 140 
39| 0 144 
40| 0 148 
41| 0 152 
42| 0 156 
43| 0 160 
44| 0 164 
45| 0 168 
46| 0 172 
47| 0 175,9999 
48| 0 179,9999 
49| 0 183,9999 
50| 0 187,9999 
51| 0 191,9999 
52| 0 195,9999 
53| 0 199,9999 
54| 0 203,9999 
55| 0 207,9999 
56| 0 211,9999 
57| 0 215,9999 
58| 0 219,9999 
59| 0 223,9999 
60| 0 227,9999 
61| 0 231,9999 
62| 0 235,9999 
63| 0 239,9999 
64| 0 243,9999 
65| 0 247,9999 
66| 0 251,9999 
67| 0 255,9999 
68| 0 259,9999 
69| 0 263,9999 
70| 0 267,9999 
71| 0 271,9998 
72| 0 275,9998 
73| 0 279,9998 
74| 0 283,9998 
75| 0 287,9998 
76| 0 291,9998 
77| 0 295,9998 
78| 0 299,9998 
79| 0 303,9998 
80| 0 307,9998 
81| 0 311,9998 
82| 0 315,9998 
83| 0 319,9998 
84| 0 323,9998 
85| 0 327,9998 
86| 0 331,9998 
87| 0 335,9998 
88| 0 339,9998 
89| 0 343,9998 
90| 0 347,9998 
91| 0 351,9998 
92| 0 355,9998 
93| 0 359,9998 
94| 0 363,9998 
95| 0 367,9998 
96| 0 371,9998 
97| 0 375,9998 
98| 0 379,9998 
99| 0 383,9998 
100| 0 387,9998 
101| 0 391,9998 
102| 0 395,9998 
103| 0 399,9997 
104| 0 403,9996 
105| 0 400 
106| 0 400 
107| 0 400 
108| 0 400 
109| 0 400 
110| 0 400 
111| 0 400 
112| 0 400 
113| 0 400 
114| 0 400 
115| 0 400 
116| 0 400 
117| 0 400 
118| 0 400 
119| 0 400 
120| 0 400 
121| 0 400 
122| 0 400 
123| 0 400 
124| 0 400 
125| 0 400 
126| 0 400 
127| 0 400 
128| 0 400 
129| 0 400 
130| 0 400 
131| 0 400 
132| 0 400 
133| 0 400 
134| 0 400 
135| 0 400 
136| 0 400 
137| 0 400 
138| 0 400 
139| 0 400 
140| 0 400 
141| 0 400 
142| 0 400 
143| 0 400 
144| 0 400 
145| 0 400 
146| 0 400 
147| 0 400 
148| 0 400 
149| 0 400 
150| 0 400 
151| 0 400 
152| 0 400 
153| 0 400 
154| 0 400 
155| 0 400 
156| 0 400 
157| 0 400 
158| 0 400 
159| 0 400 
160| 0 400 
161| 0 400 
162| 0 400 
163| 0 400 
164| 0 400 
0| 0 0 
1| 0 0 
2| 0 0 
3| 0 0 
4| 0 4 
5| 0 8 
6| 0 12 
7| 0 16 
8| 0 20 
9| 0 24 
10| 0 28 
11| 0 32 
12| 0 36 
13| 0 40 
14| 0 44 
15| 0 48 
16| 0 52 
17| 0 56 
18| 0 60 
19| 0 64 
20| 0 68 
21| 0 72 
22| 0 76 
23| 0 80 
24| 0 84 
25| 0 88 
26| 0 92 
27| 0 96 
28| 0 100 
29| 0 104 
30| 0 108 
31| 0 112 
32| 0 116 
33| 0 120 
34| 0 124 
35| 0 128 
36| 0 132 
37| 0 136 
38| 0 140 
39| 0 144 
40| 0 148 
41| 0 152 
42| 0 156 
43| 0 160 
44| 0 164 
45| 0 168 
46| 0 172 
47| 0 175,9999 
48| 0 179,9999 
49| 0 183,9999 
50| 0 187,9999 
51| 0 191,9999 
52| 0 195,9999 
53| 0 199,9999 
54| 0 203,9999 
55| 0 207,9999 
56| 0 211,9999 
57| 0 215,9999 
58| 0 219,9999 
59| 0 223,9999 
60| 0 227,9999 
61| 0 231,9999 
62| 0 235,9999 
63| 0 239,9999 
64| 0 243,9999 
65| 0 247,9999 
66| 0 251,9999 
67| 0 255,9999 
68| 0 259,9999 
69| 0 263,9999 
70| 0 267,9999 
71| 0 271,9998 
72| 0 275,9998 
73| 0 279,9998 
74| 0 283,9998 
75| 0 287,9998 
76| 0 291,9998 
77| 0 295,9998 
78| 0 299,9998 
79| 0 303,9998 
80| 0 307,9998 
81| 0 311,9998 
82| 0 315,9998 
83| 0 319,9998 
84| 0 323,9998 
85| 0 327,9998 
86| 0 331,9998 
87| 0 335,9998 
88| 0 339,9998 
89| 0 343,9998 
90| 0 347,9998 
91| 0 351,9998 
92| 0 355,9998 
93| 0 359,9998 
94| 0 363,9998 
95| 0 367,9998 
96| 0 371,9998 
97| 0 375,9998 
98| 0 379,9998 
99| 0 383,9998 
100| 0 387,9998 
101| 0 391,9998 
102| 0 395,9998 
103| 0 399,9997 
104| 0 403,9996 
105| 0 400 
106| 0 400 
107| 0 400 
108| 0 400 
109| 0 400 
110| 0 400 
111| 0 400 
112| 0 400 
113| 0 400 
114| 0 400 
115| 0 400 
116| 0 400 
117| 0 400 
118| 0 400 
119| 0 400 
120| 0 400 
121| 0 400 
122| 0 400 
123| 0 400 
124| 0 400 
125| 0 400 
126| 0 400 
127| 0 400 
128| 0 400 
129| 0 400 
130| 0 400 
131| 0 400 
132| 0 400 
133| 0 400 
134| 0 400 
135| 0 400 
136| 0 400 
137| 0 400 
138| 0 400 
139| 0 400 
140| 0 400 
141| 0 400 
142| 0 400 
143| 0 400 
144| 0 400 
145| 0 400 
146| 0 400 
147| 0 400 
148| 0 400 
149| 0 400 
150| 0 400 
151| 0 400 
152| 0 400 
153| 0 400 
154| 0 400 
155| 0 400 
156| 0 400 
157| 0 400 
158| 0 400 
159| 0 400 
160| 0 400 
161| 0 400 
162| 0 400 
163| 0 400 
164| 0 400 
165| 0 400 
166| 0 400 
167| 0 400 
168| 0 400 
169| 0 400 
170| 0 400 
171| 0 400 
172| 0 400 
173| 0 400 
174| 0 400 
175| 0 400 
176| 0 400 
177| 0 400 
178| -0,3 400 
179| -0,6 400 
180| -0,9 400 
181| -1,2 400 
182| -1,5 400 
183| -1,8 400 
184| -2,1 400 
185| -2,4 400 
186| -2,7 400 
187| -3 400 
188| -3,3 400 
189| -3,6 400 
190| -3,9 400 
191| -4,2 400 
192| -4,5 400 
193| -4,8 400 
194| -5,1 400 
195| -5,4 400 
196| -5,7 400 
197| -5,7 400 
198| -5,7 400 
199| -5,7 400 
200| -5,7 400 
201| -6 400 
202| -6 400 
203| -6 400 
204| -6 400 
205| -6 400 
206| -6 400 
207| -6 400 
208| -6 400 
209| -6 400 
210| -6 400 
211| -6 400 
212| -6 400 
213| -6 400 
214| -6 400 
215| -6 400 
216| -6,3 400 
217| -6,6 400 
218| -6,9 400 
219| -7,2 400 
220| -7,5 400 
221| -7,8 400 
222| -8,1 400 
223| -8,1 400 
224| -8,1 400 
225| -8,1 400 
226| -8,1 400 
227| -8,1 400 
228| -8,1 400 
229| -8,1 400 
230| -8,1 400 
231| -8,1 400 
232| -8,1 400 
233| -8,1 400 
234| -8,1 400 
235| -8,1 400 
236| -8,1 400 
237| -8,1 400 
238| -8,1 400 
239| -8,1 400 
240| -8,1 400 
241| -8,1 400 
242| -8,1 400 
243| -8,1 400 
244| -8,1 400 
245| -8,1 400 
246| -8,1 400 
247| -8,1 400 
248| -8,1 400 
249| -8,1 400 
250| 0 400 
251| 0,3 400 
252| 0,6 400 
253| 0,9 400 
254| 1,2 400 
255| 1,2 400 
256| 1,2 400 
257| 1,2 400 
258| 1,2 400 
259| 1,2 400 
260| 1,2 400 
261| 1,5 400 
262| 1,8 400 
263| 2,1 400 
264| 2,4 400 
265| 2,7 400 
266| 3 400 
267| 3,3 400 
268| 3,6 400 
269| 3,9 400 
270| 4,2 400 
271| 4,5 400 
272| 4,8 400 
273| 5,1 400 
274| 5,4 400 
275| 5,7 400 
276| 6 400 
277| 6,3 400 
278| 6,6 400 
279| 6,6 400 
280| 6,6 400 
281| 6,6 400 
282| 6,6 400 
283| 6,6 400 
284| 6,6 400 
285| 6,6 400 
286| 6,6 400 
287| 6,6 400 
288| 0 400 
289| -0,3 400 
290| -0,6 400 
291| -0,9 400 
292| -1,2 400 
293| -1,2 400 
294| -1,2 400 
295| -1,2 400 
296| -1,2 400 
297| -1,2 400 
298| -1,2 400 
299| -1,2 400 
300| -1,5 400 
301| -1,8 400 
302| -1,8 400 
303| -1,8 400 
304| -1,8 400 
305| -1,8 400 
306| -1,8 400 
307| -1,8 400 
308| -1,8 400 
309| -1,8 400 
310| -1,8 400 
311| 0 400 
312| 0,3 400 
313| 0,6 400 
314| 0,9 400 
315| 1,2 400 
316| 1,2 400 
317| 1,2 400 
318| 1,2 400 
319| 1,2 400 
320| 1,2 400 
321| 1,2 400 
322| 1,2 400 
323| 1,2 400 
324| 1,5 400 
325| 1,5 400 
326| 1,5 400 
327| 1,5 400 
328| 1,5 400 
329| 1,5 400 
330| 1,5 400 
331| 1,5 400 
332| 1,5 400 
333| 1,5 400 
334| 1,5 400 
335| 1,5 400 
336| 1,5 400 
337| 1,5 400 
338| 1,5 400 
339| 1,5 400 
340| 1,5 400 
341| 1,5 400 
342| 1,5 400 
343| 1,5 400 
344| 1,5 400 
345| 1,5 400 
346| 1,5 400 
347| 1,5 400 
348| 1,5 400 
349| 1,5 400 
350| 1,5 400 
351| 1,5 400 
352| 1,5 400 
353| 1,5 400 
354| 1,5 400 
355| 1,5 400 
356| 1,5 400 
357| 1,5 400 
358| 1,5 400 
359| 1,5 400 
360| 1,5 400 
361| 1,5 400 
362| 1,5 400 
363| 1,5 400 
364| 1,5 400 
365| 1,5 400 
366| 1,5 400 
367| 1,5 400 
368| 1,5 400 
369| 1,5 400 
370| 1,5 400 
371| 1,5 400 
372| 0 400 
373| 0 400 
374| 0 400 
375| 0 400 
376| 0 400 
377| 0 400 
378| 0 400 
379| 0 400 
380| 0 400 
381| 0 400 
382| 0 400 
383| 0 400 
384| 0 400 
385| 0 400 
386| 0 400 
387| 0 400 
388| 0 400 
389| 0 400 
390| 0 400 
391| 0 400 
392| 0 400 
393| 0 400 
394| 0 400 
395| 0 400 
396| 0 400 
397| 0 400 
398| 0 400 
399| 0 400 
400| 0 400 
401| 0 400 
402| 0 400 
403| 0 400 
404| 0 400 
405| 0 400 
406| 0 400 
407| 0 400 
408| 0 400 
409| 0 400 
410| 0 400 
411| 0 400 
412| 0 400 
413| 0 400 
414| 0 400 
415| 0 400 
416| 0 400 
417| 0 400 
418| 0 400 
419| 0 400 
420| 0 400 
421| 0 400 
422| 0 400 
423| 0 400 
424| 0 400 
425| 0 400 
426| 0 400 
427| 0 400 
428| 0 400 
429| 0 400 
430| 0 400 
431| 0 400 
432| 0 400 
433| 0 400 
434| 0 400 
435| 0 400 
436| 0 400 
437| 0 400 
438| 0 400 
439| 0 400 
440| 0 400 
441| 0 400 
442| 0 400 
443| 0 400 
444| 0 400 
445| 0 400 
446| 0 400 
447| 0 400 
448| 0 400 
449| 0 400 
450| 0 400 
451| 0 400 
452| 0 400 
453| 0 400 
454| 0 400 
455| 0 400 
456| 0 400 
457| 0 400 
458| 0 400 
459| 0 400 
460| 0 400 
461| 0 400 
462| 0 400 
463| 0 400 
464| 0 400 
465| 0 400 
466| 0 400 
467| 0 400 
468| 0 400 
469| 0 400 
470| 0 400 
471| 0 400 
472| 0 400 
473| 0 400 
474| 0 400 
475| 0 400 
476| 0 400 
477| 0 400 
478| 0,3 400 
479| 0,6 400 
480| 0,9 400 
481| 1,2 400 
482| 1,5 400 
483| 1,8 400 
484| 2,1 400 
485| 2,4 400 
486| 2,7 400 
487| 3 400 
488| 3,3 400 
489| 3,6 400 
490| 3,9 400 
491| 4,2 400 
492| 4,5 400 
493| 4,5 400 
494| 4,5 400 
495| 4,5 400 
496| 4,5 400 
497| 4,5 400 
498| 4,5 400 
499| 4,5 400 
500| 4,5 400 
501| 4,5 400 
502| 4,5 400 
503| 4,5 400 
504| 4,5 400 
505| 4,5 400 
506| 4,5 400 
507| 4,5 400 
508| 4,5 400 
509| 4,5 400 
510| 4,5 400 
511| 4,5 400 
512| 4,5 400 
513| 4,5 400 
514| 4,5 400 
515| 4,5 400 
516| 4,5 400 
517| 4,5 400 
518| 4,5 400 
519| 4,5 400 
520| 4,5 400 
521| 4,5 400 
522| 4,5 400 
523| 4,5 400 
524| 4,5 400 
525| 4,5 400 
526| 4,5 400 
527| 4,5 400 
528| 4,5 400 
529| 4,5 400 
530| 4,5 400 
531| 4,5 400 
532| 4,5 400 
533| 4,5 400 
534| 4,5 400 
535| 4,5 400 
536| 4,5 400 
537| 4,5 400 
538| 4,5 400 
539| 4,5 400 
540| 4,5 400 
541| 4,5 400 
542| 4,5 400 
543| 4,5 400 
544| 4,5 400 
545| 4,5 400 
546| 4,5 400 
547| 4,5 400 
548| 4,5 400 
549| 4,5 400 
550| 0 0 
551| 0 0 
552| 0 0 
553| 0 0 
0| 0 0 
1| 0 0 
2| 0 0 
3| 0 0 
4| 0 0 
5| 0 0 
6| 0 0 
7| 0 0 
8| 0 0 
9| 0 0 
10| 0 0 
11| 0 0 
12| 0 0 
13| 0 0 
14| 0 0 
15| 0 0 
16| 0 0 
17| 0 0 
18| 0 0 
19| 0 0 
20| 0 0 
21| 0 0 
22| 0 0 
23| 0 0 
24| 0 0 
25| 0 0 
26| 0 0 
27| 0 0 
28| 0 0 
29| 0 0 
30| 0 0 
31| 0 0 
32| 0 0 
33| 0 0 
34| 0 0 
35| 0 0 
36| 0 0 
37| 0 0 
38| 0 0 
39| 0 0 
40| 0 0 
41| 0 0 
42| 0 0 
43| 0 0 
44| 0 0 
45| 0 0 
46| 0 0 
47| 0 0 
48| 0 0 
49| 0 0 
50| 0 0 
51| 0 0 
52| 0 0 
53| 0 0 
54| 0 0 
55| 0 0 
56| 0 0 
57| 0 0 
58| 0 0 
59| 0 0 
60| 0 0 
61| 0 0 
62| 0 0 
0| 0 0 
1| 0 0 
2| 0 0 
3| 0 0 
4| 0 4 
5| 0 8 
6| 0 12 
7| 0 16 
8| 0 20 
9| 0 24 
10| 0 28 
11| 0 32 
12| 0 36 
13| 0 40 
14| 0 44 
15| 0 48 
16| 0 52 
17| 0 56 
18| 0 60 
19| 0 64 
20| 0 68 
21| 0 72 
22| 0 76 
23| 0 80 
24| 0 84 
25| 0 88 
26| 0 92 
27| 0 96 
28| 0 100 
29| 0 104 
30| 0 108 
31| 0 112 
32| 0 116 
33| 0 120 
34| 0 124 
35| 0 128 
36| 0 132 
37| 0 136 
38| 0 140 
39| 0 144 
40| 0 148 
41| 0 152 
42| 0 156 
43| 0 160 
44| 0 164 
45| 0 168 
46| 0 172 
47| 0 175,9999 
48| 0 179,9999 
49| 0 183,9999 
50| 0 187,9999 
51| 0 191,9999 
52| 0 195,9999 
53| 0 199,9999 
54| 0 203,9999 
55| 0 207,9999 
56| 0 211,9999 
57| 0 215,9999 
58| 0 219,9999 
59| 0 223,9999 
60| 0 227,9999 
61| 0 231,9999 
62| 0 235,9999 
63| 0 239,9999 
64| 0 243,9999 
65| 0 247,9999 
66| 0 251,9999 
67| 0 255,9999 
68| 0 259,9999 
69| 0 263,9999 
70| 0 267,9999 
71| 0 271,9998 
72| 0 275,9998 
73| 0 279,9998 
74| 0 283,9998 
75| 0 287,9998 
76| 0 291,9998 
77| 0 295,9998 
78| 0 299,9998 
79| 0 303,9998 
80| 0 307,9998 
81| 0 311,9998 
82| 0 315,9998 
83| 0 319,9998 
84| 0 323,9998 
85| 0 327,9998 
86| 0 331,9998 
87| 0 335,9998 
88| 0 339,9998 
89| 0 343,9998 
90| 0 347,9998 
91| 0 351,9998 
92| 0 355,9998 
93| 0 359,9998 
94| 0 363,9998 
95| 0 367,9998 
96| 0 371,9998 
97| 0 375,9998 
98| 0 379,9998 
99| 0 383,9998 
100| 0 387,9998 
101| 0 391,9998 
102| 0 395,9998 
103| 0 399,9997 
104| 0 403,9996 
105| 0 400 
106| 0 400 
107| 0 400 
108| 0 400 
109| 0 400 
110| 0 400 
111| 0 400 
112| 0 400 
113| 0 400 
114| 0 400 
115| 0 400 
116| 0 400 
117| 0 400 
118| 0 400 
119| 0 400 
120| 0 400 
121| 0 400 
122| 0 400 
123| 0 400 
124| 0 400 
125| 0 400 
126| 0 400 
127| 0 400 
128| 0 400 
129| 0 400 
130| 0 400 
131| 0 400 
132| 0 400 
133| 0 400 
134| 0 400 
135| 0 400 
136| 0 400 
137| 0 400 
138| 0 400 
139| 0 400 
140| 0 400 
141| 0 400 
142| 0 400 
143| 0 400 
144| 0 400 
145| 0 400 
146| 0 400 
147| 0 400 
148| 0 400 
149| 0 400 
150| 0 400 
151| 0 400 
152| 0 400 
153| 0 400 
154| 0 400 
155| 0 400 
156| 0 400 
157| 0 400 
158| 0 400 
159| 0 400 
160| 0 400 
161| 0 400 
162| 0 400 
163| 0 400 
164| 0 400 
0| 0 0 
1| 0 0 
2| 0 0 
3| 0 0 
4| 0 4 
5| 0 8 

