1| 0 0 0
2| 0 0 0
3| 0 0 0
4| 0 0 0
5| 0 0 0
6| 0 0 0
7| 0 0 0
8| 0 0 0
9| 0 0 0
10| 0 0 0
11| 0 0 0
12| 0 0 0
13| 0 0 0
14| 0 0 0
15| 0 0 0
16| 0 0 0
17| 0 0 0
18| 0 4 0
19| 0 8 0
20| 0 12 0
21| 0 16 0
22| 0 20 0
23| 0 24 0
24| 0 28 0
25| 0 32 0
26| 0 36 0
27| -0,3 40 0
28| -0,6 43,99999 0
29| -0,9 47,99999 0
30| -1,2 51,99999 0
31| -1,5 55,99999 0
32| -1,8 60 0
33| -2,1 64 0
34| -2,4 68 0
35| -2,7 72 0
36| -3 76,00001 0
37| -3,299999 80,00001 0
38| -3,599999 84,00001 0
39| -3,899999 88,00002 0
40| -3,899999 92,00002 0
41| -3,899999 96,00002 0
42| -3,899999 100 0
43| -3,899999 104 0
44| -3,899999 108 0
45| -3,899999 112 0
46| -3,899999 116 0
47| -3,899999 120 0
48| -3,899999 124 0
49| -3,899999 128 0
50| -3,899999 132 0
51| -3,899999 136 0
52| -3,899999 140 0
53| -3,899999 144 0
54| -3,899999 148 0
55| -3,899999 152 0
56| -3,899999 156 0
57| -3,899999 160 0
58| -3,899999 164 0
59| -3,899999 168 0
60| -3,899999 171,9999 0
61| -4,2 175,9999 0
62| -4,5 179,9999 0
63| -4,8 183,9999 0
64| -5,1 187,9999 0
65| -5,4 191,9999 0
66| -5,7 195,9999 0
67| -6 199,9999 0
68| -6,300001 203,9999 0
69| -6,600001 207,9999 0
70| -6,900001 211,9999 0
71| -7,200001 215,9999 0
72| -7,500001 219,9999 0
73| -7,800001 223,9999 0
74| -8,1 227,9999 0
75| -8,4 231,9999 0
76| -8,7 235,9999 0
77| -8,999999 239,9999 0
78| -9,299999 243,9999 0
79| -9,599998 247,9999 0
80| -9,899999 251,9999 0
81| -10,2 255,9999 0
82| -10,5 259,9999 0
83| -10,8 263,9999 0
84| -11,1 267,9999 0
85| -11,4 271,9998 0
86| -11,7 275,9998 0
87| -12 279,9998 0
88| -12,3 283,9998 0
89| -12,6 287,9998 0
90| -12,9 291,9998 0
91| -13,2 295,9998 0
92| -13,5 299,9998 0
93| -13,79999 303,9998 0
94| -14,09999 307,9998 0
95| -14,39999 311,9998 0
96| -14,39999 315,9998 0
97| -14,39999 319,9998 0
98| -14,39999 323,9998 0
99| -14,39999 327,9998 0
100| -14,39999 331,9998 0
101| -14,39999 335,9998 0
102| -14,39999 339,9998 0
103| -14,39999 343,9998 0
104| -14,39999 347,9998 0
105| -14,39999 351,9998 0
106| -14,39999 355,9998 0
107| -14,39999 359,9998 0
108| -14,39999 363,9998 0
109| -14,39999 367,9998 0
110| -14,39999 371,9998 0
111| -14,39999 375,9998 0
112| -14,39999 379,9998 0
113| 0 383,9998 0
114| 0,3 387,9998 0
115| 0,6 391,9998 0
116| 0,6 395,9998 0
117| 0,6 399,9997 0
118| 0,6 400 0
119| 0,6 400 0
120| 0,6 400 0
121| 0,6 400 0
122| 0,6 400 0
123| 0,6 400 0
124| 0,6 400 0
125| 0,9 400 0
126| 1,2 400 0
127| 1,2 400 0
128| 1,2 400 0
129| 1,2 400 0
130| 1,2 400 0
131| 1,2 400 0
132| 1,2 400 0
133| 1,2 400 0
134| 1,2 400 0
135| 1,2 400 0
136| 1,2 400 0
137| 1,2 400 0
138| 1,2 400 0
139| 1,2 400 0
140| 1,2 400 0
141| 1,5 400 0
142| 1,8 400 0
143| 2,1 400 0
144| 2,1 400 0
145| 2,1 400 0
146| 2,1 400 0
147| 2,1 400 0
148| 2,1 400 0
149| 2,1 400 0
150| 2,1 400 0
151| 2,1 400 0
152| 2,1 400 0
153| 2,1 400 0
154| 2,1 400 0
155| 2,1 400 0
156| 2,1 400 0
157| 2,1 400 0
158| 2,1 400 0
159| 2,1 400 0
160| 2,1 400 0
161| 2,1 400 0
162| 2,1 400 0
163| 2,1 400 0
164| 2,1 400 0
165| 2,1 400 0
166| 2,1 400 0
167| 2,1 400 0
168| 2,1 400 0
169| 2,1 400 0
170| 2,1 400 0
171| 2,1 400 0
172| 2,4 400 0
173| 2,7 400 0
174| 3 400 0
175| 3,299999 400 0
176| 3,299999 400 0
177| 3,299999 400 0
178| 3,299999 400 0
179| 3,299999 400 0
180| 3,299999 400 0
181| 3,299999 400 0
182| 3,299999 400 0
183| 3,299999 400 0
184| 3,299999 400 0
185| 3,299999 400 0
186| 3,299999 400 0
187| 3,299999 400 0
188| 3,299999 400 0
189| 3,299999 400 0
190| 3,299999 400 0
191| 3,299999 400 0
192| 3,299999 400 0
193| 3,299999 400 0
194| 3,299999 400 0
195| 3,299999 400 0
196| 0 400 0
197| -0,3 400 0
198| -0,3 400 0
199| -0,3 400 0
200| -0,3 400 0
201| -0,3 400 0
202| -0,3 400 0
203| -0,3 400 0
204| -0,3 400 0
205| -0,3 400 0
206| -0,3 400 0
207| -0,3 400 0
208| -0,3 400 0
209| -0,6 400 0
210| -0,9 400 0
211| -1,2 400 0
212| -1,2 400 0
213| -1,2 400 0
214| -1,2 400 0
215| -1,2 400 0
216| -1,2 400 0
217| -1,2 400 0
218| -1,2 400 0
219| -1,2 400 0
220| -1,2 400 0
221| -1,2 400 0
222| -1,2 400 0
223| -1,2 400 0
224| -1,2 400 0
225| -1,2 400 0
226| -1,2 400 0
227| -1,2 400 0
228| -1,2 400 0
229| -1,2 400 0
230| -1,2 400 0
231| -1,2 400 0
232| -1,2 400 0
233| -1,2 400 0
234| -1,2 400 0
235| -1,2 400 0
236| -1,2 400 0
237| -1,2 400 0
238| -1,5 400 0
239| -1,8 400 0
240| -2,1 400 0
241| -2,4 400 0
242| -2,7 400 0
243| -2,7 400 0
244| -2,7 400 0
245| -2,7 400 0
246| -2,7 400 0
247| -2,7 400 0
248| -2,7 400 0
249| -2,7 400 0
250| -2,7 400 0
251| -2,7 400 0
252| -2,7 400 0
253| -2,7 400 0
254| -2,7 400 0
255| -2,7 400 0
256| -2,7 400 0
257| -2,7 400 0
258| -2,7 400 0
259| -2,7 400 0
260| -2,7 400 0
261| -2,7 400 0
262| -2,7 400 0
263| -2,7 400 0
264| -2,7 400 0
265| -2,7 400 0
266| -2,7 400 0
267| -2,7 400 0
268| -2,7 400 0
269| -2,7 400 0
270| -2,7 400 0
271| -2,7 400 0
272| -2,7 400 0
273| -2,7 400 0
274| -2,7 400 0
275| -2,7 400 0
276| -2,7 400 0
277| -2,7 400 0
278| -2,7 400 0
279| -2,7 400 0
280| -2,7 400 0
281| -2,7 400 0
282| -2,7 400 0
283| -2,7 400 0
284| -2,7 400 0
285| -2,7 400 0
286| -2,7 400 0
287| -2,7 400 0
288| -2,7 400 0
289| -2,7 400 0
290| -2,7 400 0
291| -2,7 400 0
292| -2,7 400 0
293| -2,7 400 0
294| 0 400 0
295| 0,3 400 0
296| 0,6 400 0
297| 0,6 400 0
298| 0,6 400 0
299| 0,6 400 0
300| 0,6 400 0
301| 0,6 400 0
302| 0,6 400 0
303| 0,6 400 0
304| 0,6 400 0
305| 0,6 400 0
306| 0,6 400 0
307| 0,6 400 0
308| 0,6 400 0
309| 0,6 400 0
310| 0,6 400 0
311| 0,6 400 0
312| 0,6 400 0
313| 0,6 400 0
314| 0,6 400 0
315| 0,6 400 0
316| 0,6 400 0
317| 0,6 400 0
318| 0,6 400 0
319| 0,6 400 0
320| 0,6 400 0
321| 0,6 400 0
322| 0,6 400 0
323| 0,6 400 0
324| 0,6 400 0
325| 0,6 400 0
326| 0,6 400 0
327| 0,6 400 0
328| 0,6 400 0
329| 0,6 400 0
330| 0,6 400 0
331| 0,6 400 0
332| 0,6 400 0
333| 0,6 400 0
334| 0,6 400 0
335| 0,6 400 0
336| 0,6 400 0
337| 0,6 400 0
338| 0,6 400 0
339| 0,6 400 0
340| 0,6 400 0
341| 0,6 400 0
342| 0,6 400 0
343| 0,6 400 0
344| 0,6 400 0
345| 0,6 400 0
346| 0,6 400 0
347| 0,6 400 0
348| 0,6 400 0
349| 0,6 400 0
350| 0,6 400 0
351| 0,6 400 0
352| 0,6 400 0
353| 0,6 400 0
354| 0,6 400 0
355| 0,6 400 0
356| 0,6 400 0
357| 0,6 400 0
358| 0,6 400 0
359| 0,6 400 0
360| 0,6 400 0
361| 0,6 400 0
362| 0,6 400 0
363| 0,6 400 0
364| 0,6 400 0
365| 0,6 400 0
366| 0,6 400 0
367| 0,6 400 0
368| 0,6 400 0
369| 0,6 400 0
370| 0,6 400 0
371| 0,6 400 0
372| 0,6 400 0
373| 0,6 400 0
374| 0,6 400 0
375| 0,6 400 0
376| 0,6 400 0
377| 0,6 400 0
378| 0,6 400 0
379| 0,6 400 0
380| 0,6 400 0
381| 0,6 400 0
382| 0,6 400 0
383| 0,6 400 0
384| 0,6 400 0
385| 0,6 400 0
386| 0,6 400 0
387| 0,6 400 0
388| 0,6 400 30000
389| 0,6 400 30000
390| 0,6 400 30000
391| 0,6 400 30000
392| 0,6 400 30000
393| 0 0 30000
394| 0 0 30000
395| 0 0 30000
396| 0 0 30000
397| 0 0 30000
398| 0 0 30000
399| 0 0 30000
400| 0 0 30000
401| 0 0 30000
402| 0 0 30000
403| 0 0 30000
404| 0 0 30000
405| 0 0 30000
406| 0 0 30000
407| 0 0 30000
408| 0 0 30000
409| 0 0 30000
410| 0 0 30000
411| 0 0 30000
412| 0 0 30000
413| 0 0 30000
414| 0 0 30000
415| 0 0 30000
416| 0 0 30000
417| 0 0 30000
418| 0 0 30000
419| 0 0 30000
420| 0 0 30000
421| 0 0 30000
422| 0 0 30000
423| 0 0 30000
424| 0 0 30000
425| 0 0 30000
426| 0 0 30000
427| 0 0 30000
428| 0 0 30000
429| 0 0 30000
430| 0 0 30000
431| 0 0 30000
432| 0 0 30000
433| 0 0 30000
434| 0 0 30000
435| 0 0 30000
436| 0 0 30000
437| 0 0 30000
438| 0 0 30000
439| 0 0 30000
440| 0 0 30000
441| 0 0 30000
442| 0 0 30000
443| 0 0 30000
444| 0 0 30000
445| 0 0 30000
446| 0 0 30000
447| 0 0 30000
448| 0 0 30000
449| 0 0 30000
450| 0 0 30000
451| 0 0 30000
452| 0 0 30000
453| 0 0 30000
454| 0 0 30000
455| 0 0 30000
456| 0 0 30000
457| 0 0 30000
458| 0 0 30000
459| 0 0 30000
460| 0 0 30000
461| 0 0 30000
462| 0 0 30000
463| 0 0 30000
464| 0 0 30000
465| 0 0 30000
466| 0 4 30000
467| 0 8 0
468| 0 12 0
469| 0 16 0
470| 0 20 0
471| 0 24 0
472| 0 28 0
473| 0 32 0
474| 0 36 0
475| 0 40 0
476| 0 43,99999 0
477| 0 47,99999 0
478| 0 51,99999 0
479| 0 55,99999 0
480| 0 60 0
481| 0 64 0
482| 0 68 0
483| 0 72 0
484| 0 76,00001 0
485| 0 80,00001 0
486| 0 84,00001 0
487| 0 88,00002 0
488| 0 92,00002 0
489| 0 96,00002 0
490| 0 100 0
491| 0 104 0
492| 0 108 0
493| 0 112 0
494| 0 116 0
495| 0 120 0
496| 0 124 0
497| 0 128 0
498| 0 132 0
499| 0 136 0
500| 0 140 0
501| 0 144 0
502| 0 148 0
503| 0 152 0
504| 0 156 0
505| 0 160 0
506| 0 164 0
507| 0 168 0
508| 0 171,9999 0
509| 0 175,9999 0
510| 0 179,9999 0
511| 0 183,9999 0
512| 0 187,9999 0
513| 0 191,9999 0
514| 0 195,9999 0
515| 0 199,9999 0
516| 0 203,9999 0
517| 0 207,9999 0
518| 0 211,9999 0
519| 0 215,9999 0
520| 0 219,9999 0
521| 0 223,9999 0
522| 0 227,9999 0
523| 0 231,9999 0
524| 0 235,9999 0
525| 0 239,9999 0
526| 0 243,9999 0
527| 0 247,9999 0
528| 0 251,9999 0
529| 0 255,9999 0
530| 0 259,9999 0
531| 0 263,9999 0
532| 0 267,9999 0
533| 0 271,9998 0
534| 0 275,9998 0
535| 0 279,9998 0
536| 0 283,9998 0
537| 0,3 287,9998 0
538| 0,6 291,9998 0
539| 0,9 295,9998 0
540| 1,2 299,9998 0
541| 1,5 303,9998 0
542| 1,8 307,9998 0
543| 2,1 311,9998 0
544| 2,4 315,9998 0
545| 2,7 319,9998 0
546| 3 323,9998 0
547| 3,299999 327,9998 0
548| 3,599999 331,9998 0
549| 3,899999 335,9998 0
550| 4,2 339,9998 0
551| 4,5 343,9998 0
552| 4,8 347,9998 0
553| 5,1 351,9998 0
554| 5,4 355,9998 0
555| 5,4 359,9998 0
556| 5,4 363,9998 0
557| 5,4 367,9998 0
558| 5,4 371,9998 0
559| 5,4 375,9998 0
560| 5,4 379,9998 0
561| 5,4 383,9998 0
562| 5,4 387,9998 0
563| 5,4 391,9998 0
564| 5,4 395,9998 0
565| 5,4 399,9997 0
566| 5,4 400 0
567| 5,4 400 0
568| 5,4 400 0
569| 5,4 400 0
570| 5,4 400 0
571| 5,4 400 0
572| 5,4 400 0
573| 5,4 400 0
574| 5,4 400 0
575| 5,4 400 0
576| 5,4 400 0
577| 5,4 400 0
578| 5,4 400 0
579| 5,4 400 0
580| 5,4 400 0
581| 5,4 400 0
582| 5,4 400 0
583| 5,4 400 0
584| 5,4 400 0
585| 5,4 400 0
586| 5,4 400 0
587| 5,4 400 0
588| 5,4 400 0
589| 5,4 400 0
590| 5,4 400 0
591| 5,4 400 0
592| 0 400 0
593| -0,3 400 0
594| -0,6 400 0
595| -0,6 400 0
596| -0,6 400 0
597| -0,6 400 0
598| -0,6 400 0
599| -0,6 400 0
600| -0,6 400 0
601| -0,6 400 0
602| -0,6 400 0
603| -0,6 400 0
604| -0,6 400 0
605| -0,6 400 0
606| -0,6 400 0
607| -0,6 400 0
608| -0,6 400 0
609| -0,6 400 0
610| -0,6 400 0
611| -0,6 400 0
612| -0,6 400 0
613| -0,6 400 0
614| -0,6 400 0
615| -0,6 400 0
616| -0,6 400 0
617| -0,6 400 0
618| -0,6 400 0
619| -0,6 400 0
620| -0,6 400 0
621| -0,6 400 0
622| -0,6 400 0
623| -0,6 400 0
624| -0,6 400 0
625| -0,6 400 0
626| -0,6 400 0
627| -0,6 400 0
628| -0,6 400 0
629| -0,6 400 0
630| -0,6 400 0
631| -0,6 400 0
632| -0,6 400 0
633| -0,6 400 0
634| -0,6 400 0
635| -0,6 400 0
636| -0,6 400 0
637| -0,6 400 0
638| -0,6 400 0
639| -0,6 400 0
640| -0,6 400 0
641| -0,6 400 0
642| -0,6 400 0
643| -0,6 400 0
644| -0,6 400 0
645| -0,6 400 0
646| -0,6 400 0
647| -0,6 400 0
648| -0,6 400 0
649| -0,6 400 0
650| -0,6 400 0
651| -0,6 400 0
652| -0,6 400 0
653| -0,6 400 0
654| -0,6 400 0
655| -0,6 400 0
656| -0,6 400 0
657| -0,6 400 0
658| -0,6 400 0
659| -0,6 400 0
660| -0,6 400 0
661| -0,6 400 0
662| -0,6 400 0
663| -0,6 400 0
664| -0,6 400 0
665| -0,6 400 0
666| -0,6 400 0
667| -0,6 400 0
668| -0,6 400 0
669| -0,6 400 0
670| -0,6 400 0
671| -0,6 400 0
672| -0,6 400 0
673| -0,6 400 0
674| -0,6 400 0
675| -0,6 400 0
676| -0,6 400 0
677| -0,6 400 0
678| -0,6 400 0
679| -0,6 400 0
680| -0,6 400 0
681| -0,6 400 0
682| -0,6 400 0
683| -0,6 400 0
684| -0,6 400 0
685| -0,6 400 0
686| -0,6 400 0
687| -0,6 400 0
688| -0,6 400 0
689| -0,6 400 0
690| -0,6 400 0
691| -0,6 400 0
692| -0,6 400 0
693| -0,6 400 0
694| -0,6 400 0
695| -0,6 400 0
696| -0,6 400 0
697| -0,6 400 0
698| -0,6 400 0
699| -0,6 400 0
700| -0,6 400 0
701| -0,6 400 0
702| -0,6 400 0
703| -0,6 400 0
704| -0,6 400 0
705| -0,6 400 0
706| -0,6 400 0
707| -0,6 400 0
708| -0,6 400 0
709| -0,6 400 0
710| -0,6 400 0
711| -0,6 400 0
712| -0,6 400 0
713| -0,6 400 0
714| -0,6 400 0
715| -0,6 400 0
716| -0,6 400 0
717| -0,6 400 0
718| -0,6 400 0
719| -0,6 400 0
720| -0,6 400 0
721| -0,6 400 0
722| 0 400 0
723| 0,3 400 0
724| 0,6 400 0
725| 0,6 400 0
726| 0,6 400 0
727| 0,6 400 0
728| 0,6 400 0
729| 0,6 400 0
730| 0,6 400 0
731| 0,6 400 0
732| 0,6 400 0
733| 0,6 400 0
734| 0,6 400 0
735| 0,6 400 0
736| 0,6 400 0
737| 0,6 400 0
738| 0,6 400 0
739| 0,6 400 0
740| 0,6 400 0
741| 0,6 400 0
742| 0,6 400 0
743| 0,6 400 0
744| 0,9 400 0
745| 1,2 400 0
746| 1,5 400 0
747| 1,5 400 0
748| 1,5 400 0
749| 1,5 400 0
750| 1,5 400 0
751| 1,5 400 0
752| 1,5 400 0
753| 1,5 400 0
754| 1,5 400 0
755| 1,5 400 0
756| 1,5 400 0
757| 1,5 400 0
758| 1,5 400 0
759| 1,5 400 0
760| 1,5 400 0
761| 1,5 400 0
762| 1,5 400 0
763| 1,5 400 0
764| 1,5 400 0
765| 1,5 400 0
766| 1,5 400 0
767| 1,5 400 0
768| 1,5 400 0
769| 1,5 400 0
770| 1,5 400 0
771| 1,5 400 0
772| 1,5 400 0
773| 1,5 400 0
774| 1,5 400 0
775| 1,5 400 0
776| 1,5 400 0
777| 1,5 400 0
778| 1,5 400 0
779| 1,5 400 0
780| 1,5 400 0
781| 1,5 400 0
782| 1,5 400 0
783| 1,5 400 0
784| 1,5 400 0
785| 1,5 400 0
786| 1,5 400 0
787| 1,5 400 0
788| 1,5 400 0
789| 1,5 400 0
790| 1,5 400 0
791| 1,5 400 0
792| 1,5 400 0
793| 1,5 400 0
794| 1,5 400 0
795| 1,5 400 0
796| 1,5 400 0
797| 1,5 400 0
798| 1,5 400 0
799| 1,5 400 0
800| 1,5 400 0
801| 1,5 400 0
802| 1,5 400 0
803| 1,5 400 0
804| 1,5 400 0
805| 1,5 400 0
806| 1,5 400 0
807| 1,5 400 0
808| 1,5 400 0
809| 1,5 400 0
810| 1,5 400 0
811| 1,5 400 0
812| 1,5 400 0
813| 1,5 400 0
814| 1,5 400 0
815| 1,5 400 0
816| 1,5 400 0
817| 1,5 400 0
818| 1,5 400 0
819| 1,5 400 0
820| 1,5 400 0
821| 1,5 400 0
822| 1,5 400 0
823| 1,5 400 0
824| 1,5 400 0
825| 1,5 400 0
826| 1,5 400 0
827| 1,5 400 0
828| 1,5 400 0
829| 0 400 0
830| -0,3 400 0
831| -0,6 400 0
832| -0,6 400 0
833| -0,6 400 0
834| -0,6 400 0
835| -0,6 400 0
836| -0,6 400 0
837| -0,6 400 0
838| -0,6 400 0
839| -0,6 400 0
840| -0,6 400 0
841| -0,6 400 0
842| -0,6 400 0
843| -0,6 400 0
844| -0,6 400 0
845| -0,6 400 0
846| -0,6 400 0
847| -0,6 400 0
848| -0,6 400 0
849| -0,6 400 0
850| -0,6 400 0
851| -0,6 400 0
852| -0,6 400 0
853| -0,6 400 0
854| -0,6 400 0
855| -0,6 400 0
856| -0,6 400 0
857| -0,6 400 0
858| -0,6 400 0
859| -0,6 400 0
860| -0,6 400 0
861| -0,6 400 0
862| -0,6 400 0
863| -0,6 400 0
864| -0,6 400 0
865| -0,6 400 0
866| -0,6 400 0
867| -0,6 400 0
868| -0,6 400 0
869| -0,6 400 0
870| -0,6 400 0
871| -0,6 400 0
872| -0,6 400 0
873| -0,6 400 0
874| -0,6 400 0
875| -0,6 400 0
876| -0,6 400 0
877| -0,6 400 0
878| -0,6 400 0
879| -0,6 400 0
880| -0,6 400 0
881| -0,6 400 0
882| -0,6 400 0
883| -0,6 400 0
884| -0,6 400 0
885| -0,6 400 0
886| -0,6 400 0
887| -0,6 400 0
888| -0,6 400 0
889| -0,6 400 0
890| -0,6 400 0
891| -0,6 400 0
892| -0,6 400 0
893| -0,6 400 0
894| -0,6 400 0
895| -0,6 400 0
896| -0,6 400 0
897| -0,6 400 0
898| -0,6 400 0
899| -0,6 400 0
900| -0,6 400 0
901| -0,6 400 0
902| -0,6 400 0
903| -0,6 400 0
904| -0,6 400 0
905| -0,6 400 0
906| -0,6 400 0
907| -0,6 400 0
908| -0,6 400 0
909| -0,6 400 0
910| -0,6 400 0
911| -0,6 400 0
912| -0,6 400 0
913| -0,6 400 0
914| -0,6 400 0
915| -0,9 400 0
916| -1,2 400 0
917| -1,5 400 0
918| -1,5 400 0
919| -1,5 400 0
920| -1,5 400 0
921| -1,5 400 0
922| -1,5 400 0
923| -1,5 400 0
924| -1,5 400 0
925| -1,5 400 0
926| -1,5 400 0
927| -1,5 400 0
928| -1,5 400 0
929| -1,5 400 0
930| -1,5 400 0
931| -1,5 400 0
932| -1,5 400 0
933| -1,5 400 0
934| -1,5 400 0
935| -1,5 400 0
936| -1,5 400 0
937| -1,5 400 0
938| -1,5 400 0
939| -1,5 400 0
940| -1,5 400 0
941| -1,5 400 0
942| -1,5 400 0
943| -1,5 400 0
944| -1,5 400 0
945| -1,5 400 0
946| -1,5 400 0
947| -1,5 400 0
948| -1,5 400 0
949| -1,5 400 0
950| -1,5 400 0
951| -1,5 400 0
952| -1,5 400 0
953| -1,5 400 0
954| -1,5 400 0
955| -1,5 400 0
956| -1,5 400 0
957| -1,5 400 0
958| -1,5 400 0
959| -1,5 400 0
960| -1,8 400 0
961| -2,1 400 0
962| -2,4 400 0
963| -2,7 400 0
964| -3 400 0
965| -3,299999 400 0
966| -3,599999 400 0
967| -3,899999 400 0
968| -4,2 400 0
969| -4,5 400 0
970| -4,8 400 0
971| -5,1 400 0
972| -5,4 400 0
973| -5,7 400 0
974| -6 400 0
975| -6,300001 400 0
976| -6,600001 400 0
977| -6,900001 400 0
978| -7,200001 400 0
979| -7,500001 400 0
980| -7,800001 400 0
981| -8,1 400 0
982| -8,4 400 0
983| -8,4 400 0
984| -8,4 400 0
985| -8,4 400 0
986| -8,4 400 0
987| -8,4 400 0
988| -8,4 400 0
989| -8,4 400 0
990| -8,4 400 0
991| -8,4 400 0
992| -8,4 400 0
993| -8,4 400 0
994| -8,4 400 0
995| -8,4 400 0
996| -8,4 400 0
997| -8,4 400 0
998| -8,4 400 0
999| -8,4 400 0
1000| -8,4 400 0
1001| -8,4 400 0
1002| -8,4 400 0
1003| -8,4 400 0
1004| -8,4 400 0
1005| -8,4 400 0
1006| -8,4 400 0
1007| -8,4 400 0
1008| -8,4 400 0
1009| -8,4 400 0
1010| 0 400 0
1011| 0,3 400 0
1012| 0,6 400 0
1013| 0,9 400 0
1014| 0,9 400 0
1015| 0,9 400 0
1016| 0,9 400 0
1017| 0,9 400 0
1018| 0,9 400 0
1019| 0,9 400 0
1020| 0,9 400 0
1021| 0,9 400 0
1022| 0,9 400 0
1023| 0,9 400 0
1024| 0,9 400 0
1025| 0,9 400 0
1026| 0,9 400 0
1027| 0,9 400 0
1028| 0,9 400 0
1029| 0,9 400 0
1030| 0,9 400 0
1031| 0,9 400 0
1032| 0,9 400 0
1033| 0,9 400 0
1034| 0,9 400 0
1035| 0,9 400 0
1036| 0,9 400 0
1037| 0,9 400 0
1038| 0,9 400 0
1039| 0,9 400 0
1040| 0,9 400 0
1041| 0,9 400 0
1042| 0,9 400 0
1043| 0,9 400 0
1044| 0,9 400 0
1045| 0,9 400 0
1046| 0,9 400 0
1047| 0,9 400 0
1048| 0,9 400 0
1049| 0,9 400 0
1050| 0,9 400 0
1051| 0,9 400 0
1052| 0,9 400 0
1053| 0,9 400 0
1054| 0,9 400 0
1055| 0,9 400 0
1056| 0,9 400 0
1057| 0,9 400 0
1058| 0,9 400 0
1059| 0,9 400 0
1060| 0,9 400 0
1061| 0,9 400 0
1062| 0,9 400 0
1063| 0,9 400 0
1064| 0,9 400 0
1065| 0,9 400 0
1066| 0,9 400 0
1067| 0,9 400 0
1068| 0,9 400 0
1069| 0,9 400 0
1070| 0,9 400 0
1071| 0,9 400 0
1072| 0,9 400 0
1073| 0,9 400 0
1074| 0,9 400 0
1075| 0,9 400 0
1076| 0,9 400 0
1077| 0,9 400 0
1078| 0,9 400 0
1079| 0,9 400 0
1080| 0,9 400 0
1081| 0,9 400 0
1082| 0,9 400 0
1083| 0,9 400 0
1084| 0,9 400 0
1085| 0,9 400 0
1086| 0,9 400 0
1087| 0,9 400 0
1088| 0,9 400 0
1089| 0,9 400 0
1090| 0,9 400 0
1091| 0,9 400 0
1092| 0,9 400 0
1093| 0,9 400 0
1094| 0,9 400 0
1095| 0,9 400 0
1096| 0,9 400 0
1097| 0,9 400 0
1098| 0,9 400 0
1099| 0,9 400 0
1100| 0,9 400 0
1101| 0,9 400 0
1102| 0,9 400 0
1103| 0,9 400 0
1104| 0,9 400 0
1105| 0,9 400 0
1106| 0,9 400 0
1107| 0,9 400 0
1108| 0,9 400 0
1109| 0,9 400 0
1110| 0,9 400 0
1111| 0,9 400 0
1112| 0,9 400 0
1113| 0,9 400 0
1114| 0,9 400 0
1115| 0,9 400 0
1116| 0,9 400 0
1117| 0,9 400 0
1118| 0,9 400 0
1119| 0,9 400 0
1120| 0,9 400 0
1121| 0,9 400 0
1122| 0,9 400 0
1123| 0,9 400 0
1124| 0,9 400 0
1125| 0,9 400 0
1126| 0,9 400 0
1127| 0,9 400 0
1128| 0,9 400 0
1129| 0,9 400 0
1130| 0,9 400 0
1131| 0,9 400 0
1132| 1,2 400 0
1133| 1,5 400 0
1134| 1,8 400 0
1135| 2,1 400 0
1136| 2,4 400 0
1137| 2,7 400 0
1138| 3 400 0
1139| 3,299999 400 0
1140| 3,599999 400 0
1141| 3,899999 400 0
1142| 4,2 400 0
1143| 4,5 400 0
1144| 4,8 400 0
1145| 5,1 400 0
1146| 5,4 400 0
1147| 5,7 400 0
1148| 6 400 0
1149| 6,300001 400 0
1150| 6,600001 400 0
1151| 6,900001 400 0
1152| 7,200001 400 0
1153| 7,500001 400 0
1154| 7,800001 400 0
1155| 8,1 400 0
1156| 8,4 400 0
1157| 8,7 400 0
1158| 8,999999 400 0
1159| 9,299999 400 0
1160| 9,599998 400 0
1161| 9,899999 400 0
1162| 10,2 400 0
1163| 10,5 400 0
1164| 10,8 400 0
1165| 11,1 400 0
1166| 11,4 400 0
1167| 11,4 400 0
1168| 11,4 400 0
1169| 11,4 400 0
1170| 11,4 400 0
1171| 11,4 400 0
1172| 11,4 400 0
1173| 11,4 400 0
1174| 11,4 400 0
1175| 11,4 400 0
1176| 11,4 400 0
1177| 11,4 400 0
1178| 11,4 400 0
1179| 11,4 400 0
1180| 11,4 400 0
1181| 11,4 400 0
1182| 11,4 400 0
1183| 11,4 400 0
1184| 11,4 400 0
1185| 11,4 400 0
1186| 11,4 400 0
1187| 11,4 400 0
1188| 11,4 400 0
1189| 11,4 400 0
1190| 11,4 400 0
1191| 11,4 400 0
1192| 11,4 400 0
1193| 11,4 400 0
1194| 11,4 400 0
1195| 11,4 400 0
1196| 11,4 400 0
1197| 11,4 400 0
1198| 11,4 400 0
1199| 11,4 400 0
1200| 11,4 400 0
1201| 11,4 400 0
1202| 11,4 400 0
1203| 11,4 400 0
1204| 11,4 400 0
1205| 0 400 0
1206| -0,3 400 0
1207| -0,6 400 0
1208| -0,6 400 0
1209| -0,6 400 0
1210| -0,6 400 0
1211| -0,6 400 0
1212| -0,6 400 0
1213| -0,6 400 0
1214| -0,6 400 0
1215| -0,6 400 0
1216| -0,6 400 0
1217| -0,6 400 0
1218| -0,6 400 0
1219| -0,6 400 0
1220| -0,6 400 0
1221| -0,6 400 0
1222| -0,6 400 0
1223| -0,6 400 0
1224| -0,6 400 0
1225| -0,6 400 0
1226| -0,6 400 0
1227| -0,6 400 0
1228| -0,6 400 0
1229| -0,6 400 0
1230| -0,6 400 0
1231| -0,6 400 0
1232| -0,6 400 0
1233| -0,6 400 0
1234| -0,6 400 0
1235| -0,6 400 0
1236| -0,6 400 0
1237| -0,6 400 0
1238| -0,6 400 0
1239| -0,6 400 0
1240| -0,6 400 0
1241| -0,6 400 0
1242| -0,6 400 0
1243| -0,6 400 0
1244| -0,6 400 0
1245| -0,6 400 0
1246| -0,6 400 0
1247| -0,6 400 0
1248| -0,6 400 0
1249| -0,6 400 0
1250| -0,6 400 0
1251| -0,6 400 0
1252| -0,6 400 0
1253| -0,6 400 0
1254| -0,6 400 0
1255| -0,6 400 0
1256| -0,6 400 0
1257| -0,6 400 0
1258| -0,6 400 0
1259| -0,6 400 0
1260| -0,6 400 0
1261| -0,6 400 0
1262| -0,6 400 0
1263| -0,6 400 0
1264| -0,6 400 0
1265| -0,6 400 0
1266| -0,6 400 0
1267| -0,6 400 0
1268| -0,6 400 0
1269| -0,6 400 0
1270| -0,6 400 0
1271| -0,6 400 0
1272| -0,6 400 0
1273| -0,6 400 0
1274| -0,6 400 0
1275| -0,6 400 0
1276| -0,6 400 0
1277| -0,6 400 0
1278| -0,6 400 0
1279| -0,6 400 0
1280| -0,6 400 0
1281| -0,6 400 0
1282| -0,6 400 0
1283| -0,6 400 0
1284| -0,6 400 0
1285| -0,6 400 0
1286| -0,6 400 0
1287| -0,6 400 0
1288| -0,6 400 0
1289| -0,6 400 0
1290| -0,6 400 0
1291| -0,6 400 0
1292| -0,6 400 0
1293| -0,6 400 0
1294| -0,6 400 0
1295| -0,6 400 0
1296| -0,6 400 0
1297| -0,6 400 0
1298| -0,6 400 0
1299| -0,6 400 0
1300| -0,6 400 0
1301| -0,6 400 0
1302| -0,6 400 0
1303| -0,6 400 0
1304| -0,6 400 0
1305| -0,6 400 0
1306| -0,6 400 0
1307| -0,6 400 0
1308| -0,6 400 0
1309| -0,6 400 0
1310| -0,6 400 0
1311| -0,6 400 0
1312| -0,6 400 0
1313| -0,6 400 0
1314| -0,6 400 0
1315| -0,6 400 0
1316| -0,6 400 0
1317| -0,6 400 0
1318| -0,6 400 0
1319| -0,6 400 0
1320| -0,6 400 0
1321| -0,6 400 0
1322| -0,6 400 0
1323| -0,6 400 0
1324| -0,6 400 0
1325| -0,6 400 0
1326| -0,6 400 0
1327| -0,6 400 0
1328| -0,6 400 0
1329| -0,6 400 0
1330| -0,6 400 0
1331| -0,6 400 0
1332| -0,6 400 0
1333| -0,6 400 0
1334| -0,6 400 0
1335| -0,6 400 0
1336| -0,6 400 0
1337| -0,6 400 0
1338| -0,6 400 0
1339| -0,6 400 0
1340| -0,6 400 0
1341| -0,6 400 0
1342| -0,6 400 0
1343| -0,6 400 0
1344| -0,6 400 0
1345| -0,6 400 0
1346| -0,6 400 0
1347| -0,6 400 0
1348| -0,6 400 0
1349| -0,6 400 0
1350| -0,6 400 0
1351| -0,6 400 0
1352| -0,6 400 0
1353| -0,6 400 0
1354| -0,6 400 0
1355| -0,6 400 0
1356| -0,6 400 0
1357| -0,6 400 0
1358| -0,6 400 0
1359| -0,6 400 0
1360| -0,6 400 0
1361| -0,6 400 0
1362| -0,6 400 0
1363| -0,6 400 0
1364| -0,6 400 0
1365| -0,6 400 0
1366| -0,6 400 0
1367| -0,6 400 0
1368| -0,6 400 0
1369| -0,6 400 0
1370| -0,6 400 0
1371| -0,6 400 0
1372| -0,6 400 0
1373| -0,6 400 0
1374| -0,6 400 0
1375| -0,6 400 0
1376| -0,6 400 0
1377| -0,6 400 0
1378| -0,6 400 0
1379| -0,6 400 0
1380| -0,6 400 0
1381| -0,6 400 0
1382| -0,6 400 0
1383| -0,6 400 0
1384| -0,6 400 0
1385| -0,6 400 0
1386| -0,6 400 0
1387| -0,6 400 0
1388| -0,6 400 0
1389| -0,6 400 0
1390| -0,6 400 0
1391| -0,6 400 0
1392| -0,6 400 0
1393| -0,9 400 0
1394| -1,2 400 0
1395| -1,5 400 0
1396| -1,8 400 0
1397| -2,1 400 0
1398| -2,4 400 0
1399| -2,7 400 0
1400| -3 400 0
1401| -3,299999 400 0
1402| -3,599999 400 0
1403| -3,899999 400 0
1404| -4,2 400 0
1405| -4,5 400 0
1406| -4,8 400 0
1407| -5,1 400 0
1408| -5,4 400 0
1409| -5,7 400 0
1410| -6 400 0
1411| -6,300001 400 0
1412| -6,600001 400 0
1413| -6,900001 400 0
1414| -7,200001 400 0
1415| -7,500001 400 0
1416| -7,800001 400 0
1417| -8,1 400 0
1418| -8,4 400 0
1419| -8,7 400 0
1420| -8,999999 400 0
1421| -9,299999 400 0
1422| -9,299999 400 0
1423| -9,299999 400 0
1424| -9,299999 400 0
1425| -9,299999 400 0
1426| -9,299999 400 0
1427| -9,299999 400 0
1428| -9,299999 400 0
1429| -9,299999 400 0
1430| -9,299999 400 0
1431| -9,299999 400 0
1432| -9,299999 400 0
1433| -9,299999 400 0
1434| -9,299999 400 0
1435| -9,299999 400 0
1436| -9,299999 400 0
1437| -9,299999 400 0
1438| -9,299999 400 0
1439| -9,299999 400 0
1440| -9,299999 400 0
1441| -9,299999 400 0
1442| -9,299999 400 0
1443| -9,299999 400 0
1444| -9,299999 400 0
1445| -9,299999 400 0
1446| -9,299999 400 0
1447| -9,299999 400 0
1448| -9,299999 400 0
1449| -9,299999 400 0
1450| -9,299999 400 0
1451| -9,299999 400 0
1452| -9,299999 400 0
1453| -9,299999 400 0
1454| 0 400 0
1455| 0,3 400 0
1456| 0,6 400 0
1457| 0,9 400 0
1458| 0,9 400 0
1459| 0,9 400 0
1460| 0,9 400 0
1461| 0,9 400 0
1462| 0,9 400 0
1463| 0,9 400 0
1464| 0,9 400 0
1465| 0,9 400 0
1466| 0,9 400 0
1467| 0,9 400 0
1468| 0,9 400 0
1469| 0,9 400 0
1470| 0,9 400 0
1471| 0,9 400 0
1472| 0,9 400 0
1473| 0,9 400 0
1474| 0,9 400 0
1475| 0,9 400 0
1476| 0,9 400 0
1477| 0,9 400 0
1478| 0,9 400 0
1479| 0,9 400 0
1480| 0,9 400 0
1481| 0,9 400 0
1482| 0,9 400 0
1483| 0,9 400 0
1484| 0,9 400 0
1485| 0,9 400 0
1486| 0,9 400 0
1487| 0,9 400 0
1488| 0,9 400 0
1489| 0,9 400 0
1490| 0,9 400 0
1491| 0,9 400 0
1492| 0,9 400 0
1493| 0,9 400 0
1494| 0,9 400 0
1495| 0,9 400 0
1496| 0,9 400 0
1497| 0,9 400 0
1498| 0,9 400 0
1499| 0,9 400 0
1500| 0,9 400 0
1501| 0,9 400 0
1502| 0,9 400 0
1503| 0,9 400 0
1504| 0,9 400 0
1505| 0,9 400 0
1506| 0,9 400 0
1507| 0,9 400 0
1508| 0,9 400 0
1509| 0,9 400 0
1510| 0,9 400 0
1511| 0,9 400 0
1512| 0,9 400 0
1513| 0,9 400 0
1514| 0,9 400 0
1515| 0,9 400 0
1516| 0,9 400 0
1517| 1,2 400 0
1518| 1,5 400 0
1519| 1,8 400 0
1520| 2,1 400 0
1521| 2,4 400 0
1522| 2,7 400 0
1523| 3 400 0
1524| 3,299999 400 0
1525| 3,599999 400 0
1526| 3,899999 400 0
1527| 4,2 400 0
1528| 4,5 400 0
1529| 4,8 400 0
1530| 5,1 400 0
1531| 5,4 400 0
1532| 5,7 400 0
1533| 6 400 0
1534| 6,300001 400 0
1535| 6,600001 400 0
1536| 6,900001 400 0
1537| 7,200001 400 0
1538| 7,500001 400 0
1539| 7,800001 400 0
1540| 8,1 400 0
1541| 8,4 400 0
1542| 8,7 400 0
1543| 8,999999 400 0
1544| 9,299999 400 0
1545| 9,599998 400 0
1546| 9,899999 400 0
1547| 10,2 400 0
1548| 10,5 400 0
1549| 10,8 400 0
1550| 11,1 400 0
1551| 11,4 400 0
1552| 11,7 400 0
1553| 12 400 0
1554| 12,3 400 0
1555| 12,6 400 0
1556| 12,9 400 0
1557| 13,2 400 0
1558| 13,5 400 0
1559| 13,79999 400 0
1560| 14,09999 400 0
1561| 14,39999 400 0
1562| 14,69999 400 0
1563| 14,99999 400 0
1564| 15,29999 400 0
1565| 15,59999 400 0
1566| 15,89999 400 0
1567| 16,19999 400 0
1568| 16,49999 400 0
1569| 16,79999 400 0
1570| 16,79999 400 0
1571| 16,79999 400 0
1572| 16,79999 400 0
1573| 16,79999 400 0
1574| 16,79999 400 0
1575| 16,79999 400 0
1576| 16,79999 400 0
1577| 16,79999 400 0
1578| 16,79999 400 0
1579| 16,79999 400 0
1580| 16,79999 400 0
1581| 16,79999 400 0
1582| 16,79999 400 0
1583| 16,79999 400 0
1584| 16,79999 400 0
1585| 16,79999 400 0
1586| 16,79999 400 0
1587| 16,79999 400 0
1588| 16,79999 400 0
1589| 16,79999 400 0
1590| 16,79999 400 0
1591| 16,79999 400 0
1592| 16,79999 400 0
1593| 16,79999 400 0
1594| 16,79999 400 0
1595| 16,79999 400 0
1596| 16,79999 400 0
1597| 16,79999 400 0
1598| 16,79999 400 0
1599| 16,79999 400 0
1600| 16,79999 400 0
1601| 16,79999 400 0
1602| 16,79999 400 0
1603| 16,79999 400 0
1604| 16,79999 400 0
1605| 16,79999 400 0
1606| 0 400 0
1607| -0,3 400 0
1608| -0,6 400 0
1609| -0,9 400 0
1610| -1,2 400 0
1611| -1,2 400 0
1612| -1,2 400 0
1613| -1,2 400 0
1614| -1,2 400 0
1615| -1,2 400 0
1616| -1,2 400 0
1617| -1,2 400 0
1618| -1,2 400 0
1619| -1,2 400 0
1620| -1,2 400 0
1621| -1,2 400 0
1622| -1,2 400 0
1623| -1,2 400 0
1624| -1,2 400 0
1625| -1,2 400 0
1626| -1,2 400 0
1627| -1,2 400 0
1628| -1,2 400 0
1629| -1,2 400 0
1630| -1,2 400 0
1631| -1,2 400 0
1632| -1,2 400 0
1633| -1,2 400 0
1634| -1,2 400 0
1635| -1,2 400 0
1636| -1,2 400 0
1637| -1,2 400 0
1638| -1,2 400 0
1639| -1,2 400 0
1640| -1,2 400 0
1641| -1,2 400 0
1642| -1,2 400 0
1643| -1,2 400 0
1644| -1,2 400 0
1645| -1,2 400 0
1646| -1,2 400 0
1647| -1,2 400 0
1648| -1,2 400 0
1649| -1,2 400 0
1650| -1,2 400 0
1651| -1,2 400 0
1652| -1,2 400 0
1653| -1,2 400 0
1654| -1,2 400 0
1655| -1,2 400 0
1656| -1,2 400 0
1657| -1,2 400 0
1658| -1,2 400 0
1659| -1,2 400 0
1660| -1,2 400 0
1661| -1,2 400 0
1662| -1,2 400 0
1663| -1,2 400 0
1664| -1,2 400 0
1665| -1,2 400 0
1666| -1,2 400 0
1667| -1,2 400 0
1668| -1,2 400 0
1669| -1,2 400 0
1670| -1,2 400 0
1671| -1,2 400 0
1672| -1,2 400 0
1673| -1,2 400 0
1674| -1,2 400 0
1675| -1,2 400 0
1676| -1,2 400 0
1677| -1,2 400 0
1678| -1,2 400 0
1679| -1,2 400 0
1680| -1,2 400 0
1681| -1,2 400 0
1682| -1,2 400 0
1683| -1,2 400 0
1684| -1,2 400 0
1685| -1,2 400 0
1686| -1,2 400 0
1687| -1,2 400 0
1688| -1,2 400 0
1689| -1,2 400 0
1690| -1,2 400 0
1691| -1,2 400 0
1692| 0 400 0
1693| 0,3 400 0
1694| 0,6 400 0
1695| 0,9 400 0
1696| 1,2 400 0
1697| 1,5 400 0
1698| 1,8 400 0
1699| 2,1 400 0
1700| 2,4 400 0
1701| 2,7 400 0
1702| 3 400 0
1703| 3,299999 400 0
1704| 3,599999 400 0
1705| 3,899999 400 0
1706| 4,2 400 0
1707| 4,5 400 0
1708| 4,8 400 0
1709| 5,1 400 0
1710| 5,4 400 0
1711| 5,7 400 0
1712| 6 400 0
1713| 6 400 0
1714| 6 400 0
1715| 6 400 0
1716| 6 400 0
1717| 6 400 0
1718| 6 400 0
1719| 6 400 0
1720| 6 400 0
1721| 6 400 0
1722| 6 400 0
1723| 6 400 0
1724| 6 400 0
1725| 6 400 0
1726| 6 400 0
1727| 6 400 0
1728| 6 400 0
1729| 6 400 0
1730| 6 400 0
1731| 6 400 0
1732| 6 400 0
1733| 6 400 0
1734| 6 400 0
1735| 6 400 0
1736| 6 400 0
1737| 6 400 0
1738| 6 400 0
1739| 6 400 0
1740| 6 400 0
1741| 6 400 0
1742| 6 400 0
1743| 6 400 0
1744| 6 400 0
1745| 6 400 0
1746| 6 400 0
1747| 6 400 0
1748| 6 400 0
1749| 6 400 0
1750| 6 400 0
1751| 6 400 0
1752| 6 400 0
1753| 6 400 0
1754| 6 400 0
1755| 6 400 0
1756| 6 400 0
1757| 6 400 0
1758| 6 400 0
1759| 6 400 0
1760| 6 400 0
1761| 6 400 0
1762| 6 400 0
1763| 6 400 0
1764| 6 400 0
1765| 6 400 0
1766| 6 400 0
1767| 6 400 0
1768| 6 400 0
1769| 6 400 0
1770| 6 400 0
1771| 6 400 0
1772| 6 400 0
1773| 6 400 0
1774| 6 400 0
1775| 0 400 0
1776| 0 400 0
1777| 0 400 0
1778| 0 400 0
1779| 0 400 0
1780| 0 400 0
1781| 0 400 0
1782| 0 400 0
1783| 0 400 0
1784| 0 400 0
1785| 0 400 0
1786| 0 400 0
1787| 0 400 0
1788| 0 400 0
1789| 0 400 0
1790| 0 400 0
1791| 0 400 0
1792| 0 400 0
1793| 0 400 0
1794| 0 400 0
1795| 0 400 0
1796| 0 400 0
1797| 0 400 0
1798| 0 400 0
1799| 0 400 0
1800| 0 400 0
1801| 0 400 0
1802| 0 400 0
1803| 0 400 0
1804| 0 400 0
1805| 0 400 0
1806| 0 400 0
1807| 0 400 0
1808| 0 400 0
1809| 0 400 0
1810| 0 400 0
1811| 0 400 0
1812| 0 400 0
1813| 0 400 0
1814| 0 400 0
1815| 0 400 0
1816| 0 400 0
1817| 0 400 0
1818| 0 400 0
1819| 0 400 0
1820| 0 400 0
1821| 0 400 0
1822| 0 400 0
1823| 0 400 0
1824| 0 400 0
1825| 0 400 0
1826| 0 400 0
1827| 0 400 0
1828| 0 400 0
1829| 0 400 0
1830| 0 400 0
1831| 0 400 0
1832| 0 400 0
1833| 0 400 0
1834| 0 400 0
1835| 0 400 0
1836| 0 400 0
1837| 0 400 0
1838| 0 400 0
1839| 0 400 0
1840| 0 400 0
1841| 0 400 0
1842| 0 400 0
1843| 0 400 0
1844| 0 400 0
1845| 0 400 0
1846| 0 400 0
1847| 0 400 0
1848| 0 400 0
1849| 0 400 0
1850| 0 400 0
1851| 0 400 0
1852| 0 400 0
1853| 0 400 0
1854| 0 400 0
1855| 0 400 0
1856| 0 400 0
1857| 0 400 0
1858| 0 400 0
1859| 0 400 0
1860| 0 400 0
1861| 0 400 0
1862| 0 400 0
1863| 0 400 0
1864| 0 400 0
1865| 0 400 0
1866| 0 400 0
1867| 0 400 0
1868| 0 400 0
1869| 0 400 0
1870| 0 400 0
1871| 0 400 0
1872| 0 400 0
1873| 0 400 0
1874| 0 400 0
1875| 0 400 0
1876| 0 400 0
1877| 0 400 0
1878| 0 400 0
1879| 0 400 0
1880| 0 400 0
1881| 0 400 0
1882| 0 400 0
1883| 0 400 0
1884| 0 400 0
1885| 0 400 0
1886| 0 400 0
1887| 0 400 0
1888| 0 400 0
1889| 0 400 0
1890| 0 400 0
1891| 0 400 0
1892| 0 400 0
1893| 0 400 0
1894| 0 400 0
1895| 0 400 0
1896| 0 400 0
1897| 0 400 0
1898| 0 400 0
1899| 0 400 0
1900| 0 400 0
1901| 0 400 0
1902| 0 400 0
1903| 0 400 0
1904| 0 400 0
1905| 0 400 0
1906| 0 400 0
1907| 0 400 0
1908| 0 400 0
1909| 0 400 0
1910| 0 400 0
1911| 0 400 0
1912| 0 400 0
1913| 0 400 0
1914| 0 400 0
1915| 0 400 0
1916| 0 400 0
1917| 0 400 0
1918| 0 400 0
1919| 0 400 0
1920| 0 400 0
1921| 0 400 0
1922| 0 400 0
1923| 0 400 0
1924| 0 400 0
1925| 0 400 0
1926| 0 400 0
1927| 0 400 0
1928| 0 400 0
1929| -0,3 400 0
1930| -0,6 400 0
1931| -0,9 400 0
1932| -1,2 400 0
1933| -1,5 400 0
1934| -1,8 400 0
1935| -2,1 400 0
1936| -2,4 400 0
1937| -2,7 400 0
1938| -3 400 0
1939| -3,299999 400 0
1940| -3,599999 400 0
1941| -3,899999 400 0
1942| -4,2 400 0
1943| -4,5 400 0
1944| -4,8 400 0
1945| -5,1 400 0
1946| -5,4 400 0
1947| -5,7 400 0
1948| -6 400 0
1949| -6,300001 400 0
1950| -6,600001 400 0
1951| -6,900001 400 0
1952| -7,200001 400 0
1953| -7,200001 400 0
1954| -7,200001 400 0
1955| -7,200001 400 0
1956| -7,200001 400 0
1957| -7,200001 400 0
1958| -7,200001 400 0
1959| -7,200001 400 0
1960| -7,200001 400 0
1961| -7,200001 400 0
1962| -7,200001 400 0
1963| -7,200001 400 0
1964| -7,200001 400 0
1965| -7,200001 400 0
1966| -7,200001 400 0
1967| -7,200001 400 0
1968| -7,200001 400 0
1969| -7,200001 400 0
1970| -7,200001 400 0
1971| -7,200001 400 0
1972| -7,200001 400 0
1973| -7,200001 400 0
1974| -7,200001 400 0
1975| -7,200001 400 0
1976| -7,200001 400 0
1977| -7,200001 400 0
1978| -7,200001 400 0
1979| -7,200001 400 0
1980| -7,200001 400 0
1981| -7,200001 400 0
1982| 0 400 0
1983| 0,3 400 0
1984| 0,6 400 0
1985| 0,6 400 0
1986| 0,6 400 0
1987| 0,6 400 0
1988| 0,6 400 0
1989| 0,6 400 0
1990| 0,6 400 0
1991| 0,6 400 0
1992| 0,6 400 0
1993| 0,6 400 0
1994| 0,6 400 0
1995| 0,6 400 0
1996| 0,6 400 0
1997| 0,6 400 0
1998| 0,6 400 0
1999| 0,6 400 0
2000| 0,6 400 0
2001| 0,6 400 0
2002| 0,6 400 0
2003| 0,6 400 0
2004| 0,6 400 0
2005| 0,6 400 0
2006| 0,6 400 0
2007| 0,6 400 0
2008| 0,6 400 0
2009| 0,6 400 0
2010| 0,6 400 0
2011| 0,6 400 0
2012| 0,6 400 0
2013| 0,6 400 0
2014| 0,6 400 0
2015| 0,6 400 0
2016| 0,6 400 0
2017| 0,6 400 0
2018| 0,6 400 0
2019| 0,6 400 0
2020| 0,6 400 0
2021| 0,6 400 0
2022| 0,6 400 0
2023| 0,6 400 0
2024| 0,6 400 0
2025| 0,6 400 0
2026| 0,6 400 0
2027| 0,6 400 0
2028| 0,6 400 0
2029| 0,6 400 0
2030| 0,6 400 0
2031| 0,6 400 0
2032| 0,6 400 0
2033| 0,6 400 0
2034| 0,6 400 0
2035| 0,6 400 0
2036| 0,6 400 0
2037| 0,6 400 0
2038| 0,6 400 0
2039| 0,6 400 0
2040| 0,6 400 0
2041| 0,6 400 0
2042| 0,6 400 0
2043| 0,6 400 0
2044| 0,6 400 0
2045| 0,6 400 0
2046| 0,6 400 0
2047| 0,6 400 0
2048| 0,6 400 0
2049| 0,6 400 0
2050| 0,6 400 0
2051| 0,6 400 0
2052| 0,6 400 0
2053| 0,6 400 0
2054| 0,6 400 0
2055| 0,6 400 0
2056| 0,6 400 0
2057| 0,6 400 0
2058| 0,6 400 0
2059| 0,6 400 0
2060| 0,6 400 0
2061| 0,6 400 0
2062| 0,6 400 0
2063| 0,6 400 0
2064| 0,6 400 0
2065| 0,6 400 0
2066| 0,6 400 0
2067| 0,6 400 0
2068| 0,6 400 0
2069| 0,6 400 0
2070| 0,6 400 0
2071| 0,6 400 0
2072| 0,6 400 0
2073| 0,6 400 0
2074| 0,6 400 0
2075| 0,6 400 0
2076| 0,6 400 0
2077| 0,6 400 0
2078| 0,6 400 0
2079| 0,6 400 0
2080| 0,6 400 0
2081| 0,6 400 0
2082| 0,6 400 0
2083| 0,6 400 0
2084| 0,6 400 0
2085| 0,6 400 0
2086| 0,6 400 0
2087| 0,6 400 0
2088| 0,6 400 0
2089| 0,6 400 0
2090| 0,6 400 0
2091| 0,6 400 0
2092| 0,6 400 0
2093| 0,6 400 0
2094| 0,6 400 0
2095| 0,6 400 0
2096| 0,6 400 0
2097| 0,6 400 0
2098| 0,9 400 0
2099| 1,2 400 0
2100| 1,5 400 0
2101| 1,8 400 0
2102| 2,1 400 0
2103| 2,4 400 0
2104| 2,7 400 0
2105| 3 400 0
2106| 3,299999 400 0
2107| 3,599999 400 0
2108| 3,899999 400 0
2109| 4,2 400 0
2110| 4,5 400 0
2111| 4,8 400 0
2112| 5,1 400 0
2113| 5,4 400 0
2114| 5,7 400 0
2115| 6 400 0
2116| 6,300001 400 0
2117| 6,600001 400 0
2118| 6,900001 400 0
2119| 7,200001 400 0
2120| 7,500001 400 0
2121| 7,800001 400 0
2122| 8,1 400 0
2123| 8,1 400 0
2124| 8,1 400 0
2125| 8,1 400 0
2126| 8,1 400 0
2127| 8,1 400 0
2128| 8,1 400 0
2129| 8,1 400 0
2130| 8,1 400 0
2131| 8,1 400 0
2132| 8,1 400 0
2133| 8,1 400 0
2134| 8,1 400 0
2135| 8,1 400 0
2136| 8,1 400 0
2137| 8,1 400 0
2138| 8,1 400 0
2139| 8,1 400 0
2140| 8,1 400 0
2141| 8,1 400 0
2142| 0 400 0
2143| -0,3 400 0
2144| -0,6 400 0
2145| -0,6 400 0
2146| -0,6 400 0
2147| -0,6 400 0
2148| -0,6 400 0
2149| -0,6 400 0
2150| -0,6 400 0
2151| -0,6 400 0
2152| -0,6 400 0
2153| -0,6 400 0
2154| -0,6 400 0
2155| -0,6 400 0
2156| -0,6 400 0
2157| -0,6 400 0
2158| -0,6 400 0
2159| -0,6 400 0
2160| -0,6 400 0
2161| -0,6 400 0
2162| -0,6 400 0
2163| -0,6 400 0
2164| -0,6 400 0
2165| -0,6 400 0
2166| -0,6 400 0
2167| -0,6 400 0
2168| -0,6 400 0
2169| -0,6 400 0
2170| -0,6 400 0
2171| -0,6 400 0
2172| -0,6 400 0
2173| -0,6 400 0
2174| -0,6 400 0
2175| -0,6 400 0
2176| -0,6 400 0
2177| -0,6 400 0
2178| -0,6 400 0
2179| -0,6 400 0
2180| -0,6 400 0
2181| -0,6 400 0
2182| -0,6 400 0
2183| -0,6 400 0
2184| -0,6 400 0
2185| -0,6 400 0
2186| -0,6 400 0
2187| -0,6 400 0
2188| -0,6 400 0
2189| -0,6 400 0
2190| -0,6 400 0
2191| -0,6 400 0
2192| -0,6 400 0
2193| -0,6 400 0
2194| -0,6 400 0
2195| -0,6 400 0
2196| -0,6 400 0
2197| -0,6 400 0
2198| -0,6 400 0
2199| -0,6 400 0
2200| -0,6 400 0
2201| -0,6 400 0
2202| -0,6 400 0
2203| -0,6 400 0
2204| -0,6 400 0
2205| -0,6 400 0
2206| -0,6 400 0
2207| -0,6 400 0
2208| -0,6 400 0
2209| -0,6 400 0
2210| -0,6 400 0
2211| -0,6 400 0
2212| -0,6 400 0
2213| -0,6 400 0
2214| -0,6 400 0
2215| -0,6 400 0
2216| -0,6 400 0
2217| -0,6 400 0
2218| -0,6 400 0
2219| -0,6 400 0
2220| -0,6 400 0
2221| -0,6 400 0
2222| -0,6 400 0
2223| -0,6 400 0
2224| -0,6 400 0
2225| -0,6 400 0
2226| -0,6 400 0
2227| -0,6 400 0
2228| -0,6 400 0
2229| -0,6 400 0
2230| -0,6 400 0
2231| -0,6 400 0
2232| -0,6 400 0
2233| -0,6 400 0
2234| -0,6 400 0
2235| -0,6 400 0
2236| -0,6 400 0
2237| -0,6 400 0
2238| -0,6 400 0
2239| -0,6 400 0
2240| -0,6 400 0
2241| -0,6 400 0
2242| -0,6 400 0
2243| -0,6 400 0
2244| -0,6 400 0
2245| -0,6 400 0
2246| -0,6 400 0
2247| -0,6 400 0
2248| -0,6 400 0
2249| -0,6 400 0
2250| -0,6 400 0
2251| -0,6 400 0
2252| -0,6 400 0
2253| -0,6 400 0
2254| -0,6 400 0
2255| -0,6 400 0
2256| -0,6 400 0
2257| -0,6 400 0
2258| -0,6 400 0
2259| -0,6 400 0
2260| -0,6 400 0
2261| -0,6 400 0
2262| -0,6 400 0
2263| -0,6 400 0
2264| -0,6 400 0
2265| -0,6 400 0
2266| -0,6 400 0
2267| -0,6 400 0
2268| -0,6 400 0
2269| -0,6 400 0
2270| -0,6 400 0
2271| -0,6 400 0
2272| -0,6 400 0
2273| -0,6 400 0
2274| -0,6 400 0
2275| -0,6 400 0
2276| -0,6 400 0
2277| -0,6 400 0
2278| -0,6 400 0
2279| -0,6 400 0
2280| -0,6 400 0
2281| -0,6 400 0
2282| -0,6 400 0
2283| -0,6 400 0
2284| -0,6 400 0
2285| -0,6 400 0
2286| -0,6 400 0
2287| -0,6 400 0
2288| -0,6 400 0
2289| -0,6 400 0
2290| -0,6 400 0
2291| -0,6 400 0
2292| -0,6 400 0
2293| -0,6 400 0
2294| -0,6 400 0
2295| -0,6 400 0
2296| -0,6 400 0
2297| 0 400 0
2298| 0,3 400 0
2299| 0,6 400 0
2300| 0,9 400 0
2301| 1,2 400 0
2302| 1,2 400 0
2303| 1,2 400 0
2304| 1,2 400 0
2305| 1,2 400 0
2306| 1,2 400 0
2307| 1,2 400 0
2308| 1,2 400 0
2309| 1,2 400 0
2310| 1,2 400 0
2311| 1,2 400 0
2312| 1,2 400 0
2313| 1,2 400 0
2314| 1,2 400 0
2315| 1,2 400 0
2316| 1,2 400 0
2317| 1,2 400 0
2318| 1,5 400 0
2319| 1,8 400 0
2320| 2,1 400 0
2321| 2,4 400 0
2322| 2,7 400 0
2323| 2,7 400 0
2324| 2,7 400 0
2325| 2,7 400 0
2326| 2,7 400 0
2327| 2,7 400 0
2328| 2,7 400 0
2329| 2,7 400 0
2330| 2,7 400 0
2331| 2,7 400 0
2332| 2,7 400 0
2333| 2,7 400 0
2334| 2,7 400 0
2335| 2,7 400 0
2336| 2,7 400 0
2337| 2,7 400 0
2338| 2,7 400 0
2339| 2,7 400 0
2340| 2,7 400 0
2341| 3 400 0
2342| 3,299999 400 0
2343| 3,599999 400 0
2344| 3,599999 400 0
2345| 3,599999 400 0
2346| 3,599999 400 0
2347| 3,599999 400 0
2348| 3,599999 400 0
2349| 3,599999 400 0
2350| 3,599999 400 0
2351| 3,599999 400 0
2352| 3,599999 400 0
2353| 3,599999 400 0
2354| 3,599999 400 0
2355| 3,599999 400 0
2356| 3,599999 400 0
2357| 3,599999 400 0
2358| 3,599999 400 0
2359| 3,599999 400 0
2360| 3,599999 400 0
2361| 3,599999 400 0
2362| 3,599999 400 0
2363| 3,599999 400 0
2364| 3,599999 400 0
2365| 3,599999 400 0
2366| 3,599999 400 0
2367| 3,599999 400 0
2368| 3,599999 400 0
2369| 3,599999 400 0
2370| 3,599999 400 0
2371| 3,599999 400 0
2372| 3,599999 400 0
2373| 3,599999 400 0
2374| 3,599999 400 0
2375| 3,599999 400 0
2376| 3,599999 400 0
2377| 3,599999 400 0
2378| 3,599999 400 0
2379| 3,599999 400 0
2380| 3,599999 400 0
2381| 3,599999 400 0
2382| 3,599999 400 0
2383| 3,599999 400 0
2384| 3,599999 400 0
2385| 3,599999 400 0
2386| 3,599999 400 0
2387| 3,599999 400 0
2388| 3,599999 400 0
2389| 0 400 0
2390| -0,3 400 0
2391| -0,6 400 0
2392| -0,6 400 0
2393| -0,6 400 0
2394| -0,6 400 0
2395| -0,6 400 0
2396| -0,6 400 0
2397| -0,6 400 0
2398| -0,6 400 0
2399| -0,6 400 0
2400| -0,6 400 0
2401| -0,6 400 0
2402| -0,6 400 0
2403| -0,6 400 0
2404| -0,6 400 0
2405| -0,6 400 0
2406| -0,6 400 0
2407| -0,6 400 0
2408| -0,6 400 0
2409| -0,6 400 0
2410| -0,6 400 0
2411| -0,6 400 0
2412| -0,6 400 0
2413| -0,6 400 0
2414| -0,6 400 0
2415| -0,6 400 0
2416| -0,6 400 0
2417| 0 400 0
2418| 0,3 400 0
2419| 0,6 400 0
2420| 0,6 400 0
2421| 0,6 400 0
2422| 0,6 400 0
2423| 0,6 400 0
2424| 0,6 400 0
2425| 0,6 400 0
2426| 0,6 400 0
2427| 0,6 400 0
2428| 0,6 400 0
2429| 0,6 400 0
2430| 0,6 400 0
2431| 0,6 400 0
2432| 0,6 400 0
2433| 0,6 400 0
2434| 0,6 400 0
2435| 0,6 400 0
2436| 0,6 400 0
2437| 0,6 400 0
2438| 0,6 400 0
2439| 0,6 400 0
2440| 0,6 400 0
2441| 0,6 400 0
2442| 0,9 400 0
2443| 1,2 400 0
2444| 1,5 400 0
2445| 1,8 400 0
2446| 1,8 400 0
2447| 1,8 400 0
2448| 1,8 400 0
2449| 1,8 400 0
2450| 1,8 400 0
2451| 1,8 400 0
2452| 1,8 400 0
2453| 1,8 400 0
2454| 1,8 400 0
2455| 1,8 400 0
2456| 1,8 400 0
2457| 1,8 400 0
2458| 1,8 400 0
2459| 1,8 400 0
2460| 1,8 400 0
2461| 1,8 400 0
2462| 1,8 400 0
2463| 1,8 400 0
2464| 1,8 400 0
2465| 1,8 400 0
2466| 1,8 400 0
2467| 1,8 400 0
2468| 1,8 400 0
2469| 1,8 400 0
2470| 1,8 400 0
2471| 1,8 400 0
2472| 1,8 400 0
2473| 1,8 400 0
2474| 1,8 400 0
2475| 1,8 400 0
2476| 1,8 400 0
2477| 1,8 400 0
2478| 1,8 400 0
2479| 1,8 400 0
2480| 1,8 400 0
2481| 1,8 400 0
2482| 1,8 400 0
2483| 1,8 400 0
2484| 1,8 400 0
2485| 1,8 400 0
2486| 1,8 400 0
2487| 1,8 400 0
2488| 1,8 400 0
2489| 1,8 400 0
2490| 1,8 400 0
2491| 1,8 400 0
2492| 1,8 400 0
2493| 1,8 400 0
2494| 1,8 400 0
2495| 1,8 400 0
2496| 0 400 0
2497| -0,3 400 0
2498| -0,3 400 0
2499| -0,3 400 0
2500| -0,3 400 0
2501| -0,3 400 0
2502| -0,3 400 0
2503| -0,3 400 0
2504| -0,3 400 0
2505| -0,3 400 0
2506| -0,3 400 0
2507| -0,3 400 0
2508| -0,3 400 0
2509| -0,3 400 0
2510| -0,3 400 0
2511| -0,3 400 0
2512| -0,6 400 0
2513| -0,9 400 0
2514| -1,2 400 0
2515| -1,2 400 0
2516| -1,2 400 0
2517| -1,2 400 0
2518| -1,2 400 0
2519| -1,2 400 0
2520| -1,2 400 0
2521| -1,2 400 0
2522| -1,2 400 0
2523| -1,2 400 0
2524| -1,2 400 0
2525| -1,2 400 0
2526| -1,2 400 0
2527| -1,2 400 0
2528| -1,2 400 0
2529| -1,2 400 0
2530| -1,2 400 0
2531| -1,2 400 0
2532| -1,2 400 0
2533| -1,2 400 0
2534| -1,2 400 0
2535| -1,2 400 0
2536| -1,2 400 0
2537| -1,2 400 0
2538| -1,2 400 0
2539| -1,2 400 0
2540| -1,2 400 0
2541| -1,2 400 0
2542| -1,2 400 0
2543| -1,2 400 0
2544| -1,2 400 0
2545| -1,2 400 0
2546| -1,2 400 0
2547| -1,2 400 0
2548| -1,2 400 0
2549| -1,2 400 0
2550| -1,2 400 0
2551| -1,2 400 0
2552| -1,2 400 0
2553| -1,2 400 0
2554| -1,2 400 0
2555| -1,2 400 0
2556| -1,2 400 0
2557| -1,2 400 0
2558| -1,2 400 0
2559| -1,2 400 0
2560| -1,2 400 0
2561| -1,2 400 0
2562| -1,2 400 0
2563| -1,2 400 0
2564| -1,2 400 0
2565| -1,2 400 0
2566| -1,2 400 0
2567| -1,2 400 0
2568| -1,2 400 0
2569| -1,2 400 0
2570| -1,2 400 0
2571| -1,2 400 0
2572| -1,2 400 0
2573| -1,2 400 0
2574| -1,2 400 0
2575| -1,2 400 0
2576| -1,2 400 0
2577| -1,2 400 0
2578| -1,2 400 0
2579| -1,2 400 0
2580| 0 400 0
2581| 0,3 400 0
2582| 0,6 400 0
2583| 0,6 400 0
2584| 0,6 400 0
2585| 0,6 400 0
2586| 0,6 400 0
2587| 0,6 400 0
2588| 0,6 400 0
2589| 0,6 400 0
2590| 0,6 400 0
2591| 0,6 400 0
2592| 0,6 400 0
2593| 0,6 400 0
2594| 0,6 400 0
2595| 0,6 400 0
2596| 0,6 400 0
2597| 0,6 400 0
2598| 0,6 400 0
2599| 0,6 400 0
2600| 0,6 400 0
2601| 0,6 400 0
2602| 0,6 400 0
2603| 0,6 400 0
2604| 0,6 400 0
2605| 0,6 400 0
2606| 0,6 400 0
2607| 0,9 400 0
2608| 1,2 400 0
2609| 1,5 400 0
2610| 1,5 400 0
2611| 1,5 400 0
2612| 1,5 400 0
2613| 1,5 400 0
2614| 1,5 400 0
2615| 1,5 400 0
2616| 1,5 400 0
2617| 1,5 400 0
2618| 1,5 400 0
2619| 1,5 400 0
2620| 1,5 400 0
2621| 1,5 400 0
2622| 1,5 400 0
2623| 1,5 400 0
2624| 1,8 400 0
2625| 2,1 400 0
2626| 2,4 400 0
2627| 2,7 400 0
2628| 2,7 400 0
2629| 2,7 400 0
2630| 2,7 400 0
2631| 2,7 400 0
2632| 2,7 400 0
2633| 2,7 400 0
2634| 2,7 400 0
2635| 2,7 400 0
2636| 2,7 400 0
2637| 2,7 400 0
2638| 2,7 400 0
2639| 2,7 400 0
2640| 2,7 400 0
2641| 2,7 400 0
2642| 2,7 400 0
2643| 2,7 400 0
2644| 2,7 400 0
2645| 2,7 400 0
2646| 2,7 400 0
2647| 2,7 400 0
2648| 2,7 400 0
2649| 2,7 400 0
2650| 2,7 400 0
2651| 2,7 400 0
2652| 2,7 400 0
2653| 2,7 400 0
2654| 2,7 400 0
2655| 2,7 400 0
2656| 2,7 400 0
2657| 2,7 400 0
2658| 2,7 400 0
2659| 2,7 400 0
2660| 2,7 400 0
2661| 2,7 400 0
2662| 2,7 400 0
2663| 2,7 400 0
2664| 2,7 400 0
2665| 2,7 400 0
2666| 2,7 400 0
2667| 2,7 400 0
2668| 2,7 400 0
2669| 2,7 400 0
2670| 2,7 400 0
2671| 2,7 400 0
2672| 0 400 0
2673| -0,3 400 0
2674| -0,6 400 0
2675| -0,9 400 0
2676| -1,2 400 0
2677| -1,2 400 0
2678| -1,2 400 0
2679| -1,2 400 0
2680| -1,2 400 0
2681| -1,2 400 0
2682| -1,2 400 0
2683| -1,2 400 0
2684| -1,2 400 0
2685| -1,2 400 0
2686| -1,2 400 0
2687| -1,2 400 0
2688| -1,2 400 0
2689| -1,2 400 0
2690| -1,2 400 0
2691| -1,2 400 0
2692| -1,2 400 0
2693| -1,2 400 0
2694| -1,2 400 0
2695| -1,2 400 0
2696| -1,2 400 0
2697| -1,2 400 0
2698| -1,2 400 0
2699| -1,2 400 0
2700| -1,2 400 0
2701| -1,2 400 0
2702| -1,2 400 0
2703| -1,2 400 0
2704| -1,2 400 0
2705| -1,2 400 0
2706| -1,2 400 0
2707| -1,2 400 0
2708| -1,2 400 0

