1| 0 0 0
2| 0 0 0
3| 0 0 0
4| 0 0 0
5| 0 0 0
6| 0 0 0
7| 0 0 0
8| 0 0 0
9| 0 0 0
10| 0 0 0
11| 0 0 0
12| 0 0 0
13| 0 0 0
14| 0 0 0
15| 0 0 0
16| 0 0 0
17| 0 0 0
18| 0 4 0
19| 0 8 0
20| 0 12 0
21| 0 16 0
22| 0 20 0
23| 0 24 0
24| 0 28 0
25| 0 32 0
26| 0 36 0
27| 0 40 0
28| 0 43,99999 0
29| 0 47,99999 0
30| 0 51,99999 0
31| 0 55,99999 0
32| 0 60 0
33| 0 64 0
34| 0 68 0
35| 0 72 0
36| 0 76,00001 0
37| 0 80,00001 0
38| 0 84,00001 0
39| 0 88,00002 0
40| 0 92,00002 0
41| 0 96,00002 0
42| 0 100 0
43| 0 104 0
44| 0 108 0
45| 0 112 0
46| 0 116 0
47| 0 120 0
48| 0 124 0
49| 0 128 0
50| 0 132 0
51| 0 136 0
52| 0 140 0
53| 0 144 0
54| 0 148 0
55| 0 152 0
56| 0 156 0
57| 0 160 0
58| 0 164 0
59| 0 168 0
60| 0 171,9999 0
61| 0 175,9999 0
62| 0 179,9999 0
63| 0 183,9999 0
64| 0 187,9999 0
65| 0 191,9999 0
66| 0 195,9999 0
67| 0 199,9999 0
68| 0 203,9999 0
69| 0 207,9999 0
70| 0 211,9999 0
71| 0 215,9999 0
72| 0 219,9999 0
73| 0 223,9999 0
74| 0 227,9999 0
75| 0 231,9999 0
76| 0 235,9999 0
77| 0 239,9999 0
78| 0 243,9999 0
79| 0 247,9999 0
80| 0 251,9999 0
81| 0 255,9999 0
82| 0 259,9999 0
83| 0 263,9999 0
84| 0 267,9999 0
85| 0 271,9998 0
86| 0 275,9998 0
87| 0 279,9998 0
88| 0 283,9998 0
89| -0,3 287,9998 0
90| -0,6 291,9998 0
91| -0,9 295,9998 0
92| -1,2 299,9998 0
93| -1,5 303,9998 0
94| -1,8 307,9998 0
95| -2,1 311,9998 0
96| -2,4 315,9998 0
97| -2,7 319,9998 0
98| -3 323,9998 0
99| -3,299999 327,9998 0
100| -3,599999 331,9998 0
101| -3,899999 335,9998 0
102| -4,2 339,9998 0
103| -4,5 343,9998 0
104| -4,8 347,9998 0
105| -5,1 351,9998 0
106| -5,4 355,9998 0
107| -5,7 359,9998 0
108| -6 363,9998 0
109| -6,300001 367,9998 0
110| -6,600001 371,9998 0
111| -6,900001 375,9998 0
112| -7,200001 379,9998 0
113| -7,500001 383,9998 0
114| -7,800001 387,9998 0
115| -8,1 391,9998 0
116| -8,4 395,9998 0
117| -8,7 399,9997 0
118| -8,999999 400 0
119| -9,299999 400 0
120| -9,599998 400 0
121| -9,899999 400 0
122| -10,2 400 0
123| -10,5 400 0
124| -10,8 400 0
125| -11,1 400 0
126| -11,4 400 0
127| -11,4 400 0
128| -11,4 400 0
129| -11,4 400 0
130| -11,4 400 0
131| -11,4 400 0
132| -11,4 400 0
133| 0 0 0
134| 0 0 0
135| 0 0 0
136| 0 0 0
137| 0 0 0
138| 0 0 0
139| 0 0 0
140| 0 0 0
141| 0 0 0
142| 0 0 0
143| -0,3 0 0
144| -0,6 0 0
145| -0,9 0 0
146| -1,2 0 0
147| -1,5 0 0
148| -1,8 0 0
149| -2,1 0 0
150| -2,4 0 0
151| -2,7 0 0
152| -3 0 0
153| -3,299999 0 0
154| -3,599999 0 0
155| -3,899999 0 0
156| -4,2 0 0
157| -4,5 0 0
158| -4,8 0 0
159| -5,1 0 0
160| -5,4 0 0
161| -5,7 0 0
162| -6 0 0
163| -6,300001 0 0
164| -6,600001 0 0
165| -6,900001 0 0
166| -7,200001 0 0
167| -7,500001 0 0
168| -7,800001 0 0
169| -8,1 0 0
170| -8,4 0 0
171| -8,7 0 0
172| -8,999999 0 0
173| -9,299999 0 0
174| -9,599998 0 0
175| -9,899999 0 0
176| -10,2 0 0
177| -10,5 0 0
178| -10,8 0 0
179| -11,1 0 0
180| -11,4 0 0
181| -11,7 0 0
182| -12 0 0
183| -12,3 0 0
184| -12,6 0 0
185| -12,9 0 0
186| -13,2 0 0
187| -13,5 0 0
188| -13,79999 0 0
189| -14,09999 0 0
190| -14,39999 0 0
191| -14,69999 0 0
192| -14,99999 0 0
193| -15,29999 0 0
194| -15,59999 0 0
195| -15,89999 0 0
196| -16,19999 0 0
197| -16,49999 0 0
198| -16,79999 0 0
199| -17,09999 0 0
200| -17,39999 0 0
201| -17,69999 0 0
202| -17,99999 0 0
203| -18,29999 0 0
204| -18,59999 0 0
205| -18,89999 0 0
206| -19,19999 0 0
207| -19,49999 0 0
208| -19,79999 0 0
209| -20,09999 0 0
210| -20,39999 0 0
211| -20,69999 0 0
212| -20,99999 0 0
213| -21,29999 0 0
214| -21,59999 0 0
215| -21,89999 0 0
216| -22,19999 0 0
217| -22,49999 0 0
218| -22,79999 0 0
219| -23,09999 0 0
220| -23,39999 0 0
221| -23,69999 0 0
222| -23,99999 0 0
223| -24,29999 0 0
224| -24,59999 0 0
225| -24,89998 0 0
226| -25,19999 0 0
227| -25,49998 0 0
228| -25,79998 0 0
229| -26,09998 0 0
230| -26,39998 0 0
231| -26,69998 0 0
232| -26,99998 0 0
233| -27,29998 0 0
234| -27,59998 0 0
235| -27,89998 0 0
236| -27,89998 0 0
237| -27,89998 4 0
238| -27,89998 8 0
239| -27,89998 12 0
240| -27,89998 16 0
241| -27,89998 20 0
242| -27,89998 24 0
243| -27,89998 28 0
244| -27,89998 32 0
245| -27,89998 36 0
246| -27,89998 40 0
247| -27,89998 43,99999 0
248| -27,89998 47,99999 0
249| -27,89998 51,99999 0
250| -27,89998 55,99999 0
251| -27,89998 60 0
252| -27,89998 64 0
253| -27,89998 68 0
254| -27,89998 72 0
255| -27,89998 76,00001 0
256| -27,89998 80,00001 0
257| 0 84,00001 0
258| 0,3 88,00002 0
259| 0,6 92,00002 0
260| 0,6 96,00002 0
261| 0,6 100 0
262| 0,6 104 0
263| 0,6 108 0
264| 0,6 112 0
265| 0,6 116 0
266| 0,6 120 0
267| 0,6 124 0
268| 0,6 128 0
269| 0,9 132 0
270| 1,2 136 0
271| 1,2 140 0
272| 1,2 144 0
273| 1,2 148 0
274| 1,2 152 0
275| 1,2 156 0
276| 1,2 160 0
277| 1,2 164 0
278| 1,2 168 0
279| 1,2 171,9999 0
280| 1,2 175,9999 0
281| 1,2 179,9999 0
282| 1,2 183,9999 0
283| 1,2 187,9999 0
284| 1,2 191,9999 0
285| 1,2 195,9999 0
286| 1,2 199,9999 0
287| 1,2 203,9999 0
288| 1,2 207,9999 0
289| 1,2 211,9999 0
290| 1,2 215,9999 0
291| 1,2 219,9999 0
292| 1,2 223,9999 0
293| 1,2 227,9999 0
294| 1,2 231,9999 0
295| 1,2 235,9999 0
296| 1,2 239,9999 0
297| 1,2 243,9999 0
298| 1,2 247,9999 0
299| 1,2 251,9999 0
300| 1,2 255,9999 0
301| 1,2 259,9999 0
302| 1,2 263,9999 0
303| 1,2 267,9999 0
304| 1,2 271,9998 0
305| 1,2 275,9998 0
306| 1,2 279,9998 0
307| 1,2 283,9998 0
308| 1,2 287,9998 0
309| 1,2 291,9998 0
310| 1,2 295,9998 0
311| 1,2 299,9998 0
312| 1,2 303,9998 0
313| 1,2 307,9998 0
314| 1,2 311,9998 0
315| 1,2 315,9998 0
316| 1,2 319,9998 0
317| 1,2 323,9998 0
318| 1,2 327,9998 0
319| 1,2 331,9998 0
320| 1,2 335,9998 0
321| 1,2 339,9998 0
322| 1,2 343,9998 0
323| 1,2 347,9998 0
324| 1,2 351,9998 0
325| 1,2 355,9998 0
326| 1,2 359,9998 0
327| 1,2 363,9998 0
328| 1,2 367,9998 0
329| 1,2 371,9998 0
330| 1,2 375,9998 0
331| 1,2 379,9998 0
332| 1,2 383,9998 0
333| 1,2 387,9998 0
334| 1,2 391,9998 0
335| 1,2 395,9998 0
336| 1,2 399,9997 0
337| 1,2 400 0
338| 1,2 400 0
339| 1,2 400 0
340| 1,2 400 0
341| 1,2 400 0
342| 1,2 400 0
343| 1,2 400 0
344| 1,2 400 0
345| 1,2 400 0
346| 1,2 400 0
347| 1,2 400 0
348| 1,2 400 0
349| 1,2 400 0
350| 1,2 400 0
351| 1,2 400 0
352| 1,2 400 0
353| 1,2 400 0
354| 1,2 400 0
355| 1,2 400 0
356| 1,2 400 0
357| 1,2 400 0
358| 1,2 400 0
359| 1,2 400 0
360| 1,2 400 0
361| 1,2 400 0
362| 1,2 400 0
363| 1,2 400 0
364| 1,2 400 0
365| 1,2 400 0
366| 1,2 400 0
367| 0 0 0
368| 0 0 0
369| 0 0 0
370| 0 0 0
371| 0 0 0
372| 0 0 0
373| 0 4 0
374| 0 8 0
375| 0 12 0
376| 0 16 0
377| 0 20 0
378| 0 24 0
379| 0 28 0
380| 0 32 0
381| 0 36 0
382| 0 40 0
383| 0 43,99999 0
384| 0 47,99999 0
385| 0 51,99999 0
386| 0 55,99999 0
387| 0 60 0
388| 0 64 0
389| 0 68 0
390| 0 72 0
391| 0,3 76,00001 0
392| 0,6 80,00001 0
393| 0,6 84,00001 0
394| 0,6 88,00002 0
395| 0,6 92,00002 0
396| 0,6 96,00002 0
397| 0,6 100 0
398| 0,6 104 0
399| 0,6 108 0
400| 0,6 112 0
401| 0,6 116 0
402| 0,6 120 0
403| 0,9 124 0
404| 1,2 128 0
405| 1,5 132 0
406| 1,8 136 0
407| 1,8 140 0
408| 1,8 144 0
409| 1,8 148 0
410| 1,8 152 0
411| 1,8 156 0
412| 1,8 160 0
413| 1,8 164 0
414| 1,8 168 0
415| 1,8 171,9999 0
416| 1,8 175,9999 0
417| 1,8 179,9999 0
418| 2,1 183,9999 0
419| 2,4 187,9999 0
420| 2,7 191,9999 0
421| 3 195,9999 0
422| 3,299999 199,9999 0
423| 3,599999 203,9999 0
424| 3,899999 207,9999 0
425| 4,2 211,9999 0
426| 4,5 215,9999 0
427| 4,8 219,9999 0
428| 4,8 223,9999 0
429| 4,8 227,9999 0
430| 4,8 231,9999 0
431| 4,8 235,9999 0
432| 4,8 239,9999 0
433| 4,8 243,9999 0
434| 4,8 247,9999 0
435| 4,8 251,9999 0
436| 4,8 255,9999 0
437| 0 0 0
438| 0 0 0
439| 0 0 0
440| 0 0 0
441| 0 0 0
442| 0 4 0
443| 0 8 0
444| 0 12 0
445| 0 16 0
446| 0,3 20 0
447| 0,6 24 0
448| 0,9 28 0
449| 1,2 32 0
450| 1,5 36 0
451| 1,8 40 0
452| 2,1 43,99999 0
453| 2,4 47,99999 0
454| 2,7 51,99999 0
455| 3 55,99999 0
456| 3,299999 60 0
457| 3,599999 64 0
458| 3,899999 68 0
459| 4,2 72 0
460| 4,2 76,00001 0
461| 4,2 80,00001 0
462| 4,2 84,00001 0
463| 4,2 88,00002 0
464| 4,2 92,00002 0
465| 4,2 96,00002 0
466| 4,2 100 0
467| 4,5 104 0
468| 4,8 108 0
469| 5,1 112 0
470| 5,4 116 0
471| 5,7 120 0
472| 5,7 124 0
473| 5,7 128 0
474| 5,7 132 0
475| 5,7 136 0
476| 5,7 140 0
477| 5,7 144 0
478| 5,7 148 0
479| 5,7 152 0
480| 5,7 156 0
481| 5,7 160 0
482| 5,7 164 0
483| 5,7 168 0
484| 5,7 171,9999 0
485| 5,7 175,9999 0
486| 5,7 179,9999 0
487| 5,7 183,9999 0
488| 5,7 187,9999 0
489| 5,7 191,9999 0
490| 5,7 195,9999 0
491| 0 0 0
492| 0 0 0
493| 0 0 0
494| 0 0 0
495| 0 0 0
496| 0 0 0
497| 0 0 0
498| 0 0 0
499| 0 0 0
500| 0 0 0
501| 0 0 0
502| 0 0 0
503| 0 0 0
504| 0 0 0
505| 0 0 0
506| 0 0 0
507| 0 0 0
508| 0 0 0
509| 0 0 0
510| 0,3 0 0
511| 0,6 0 0
512| 0,9 0 0
513| 1,2 0 0
514| 1,5 0 0
515| 1,8 0 0
516| 2,1 0 0
517| 2,4 0 0
518| 2,7 0 0
519| 3 0 0
520| 3,299999 0 0
521| 3,599999 0 0
522| 3,899999 0 0
523| 4,2 0 0
524| 4,5 0 0
525| 0 0 0
526| 0 0 0
527| 0,3 0 0
528| 0,6 0 0
529| 0,9 0 0
530| 1,2 0 0
531| 1,5 0 0
532| 1,5 0 0
533| 1,5 4 0
534| 1,5 8 0
535| 1,5 12 0
536| 1,5 16 0
537| 1,5 20 0
538| 1,5 24 0
539| 1,8 28 0
540| 2,1 32 0
541| 2,4 36 0
542| 2,4 40 0
543| 2,4 43,99999 0
544| 2,4 47,99999 0
545| 2,4 51,99999 0
546| 2,4 55,99999 0
547| 2,4 60 0
548| 2,4 64 0
549| 2,4 68 0
550| 2,4 72 0
551| 2,4 76,00001 0
552| 2,7 80,00001 0
553| 3 84,00001 0
554| 3 88,00002 0
555| 3 92,00002 0
556| 3 96,00002 0
557| 3 100 0
558| 3 104 0
559| 3 108 0
560| 3 112 0
561| 3 116 0
562| 3 120 0
563| 3 124 0
564| 3 128 0
565| 3 132 0
566| 3 136 0
567| 3 140 0
568| 3 144 0
569| 3 148 0
570| 3 152 0
571| 3 156 0
572| 3 160 0
573| 3 164 0
574| 3 168 0
575| 3 171,9999 0
576| 3 175,9999 0
577| 0 179,9999 0
578| -0,3 183,9999 0
579| -0,3 187,9999 0
580| -0,3 191,9999 0
581| -0,3 195,9999 0
582| -0,3 199,9999 0
583| -0,3 203,9999 0
584| -0,3 207,9999 0
585| -0,3 211,9999 0
586| -0,3 215,9999 0
587| -0,3 219,9999 0
588| -0,3 223,9999 0
589| -0,3 227,9999 0
590| -0,3 231,9999 0
591| -0,3 235,9999 0
592| -0,3 239,9999 0
593| -0,3 243,9999 0
594| -0,3 247,9999 0
595| -0,3 251,9999 0
596| -0,3 255,9999 0
597| -0,3 259,9999 0
598| -0,3 263,9999 0
599| -0,3 267,9999 0
600| -0,3 271,9998 0
601| -0,3 275,9998 0
602| -0,3 279,9998 0
603| -0,3 283,9998 0
604| -0,3 287,9998 0
605| -0,3 291,9998 0
606| -0,3 295,9998 0
607| -0,3 299,9998 0
608| -0,3 303,9998 0
609| -0,3 307,9998 0
610| -0,3 311,9998 0
611| -0,3 315,9998 0
612| -0,3 319,9998 0
613| -0,3 323,9998 0
614| -0,3 327,9998 0
615| -0,3 331,9998 0
616| -0,3 335,9998 0
617| -0,3 339,9998 0
618| -0,3 343,9998 0
619| -0,3 347,9998 0
620| -0,3 351,9998 0
621| -0,3 355,9998 0
622| -0,3 359,9998 0
623| -0,3 363,9998 0
624| -0,3 367,9998 0
625| -0,3 371,9998 0
626| -0,3 375,9998 0
627| -0,3 379,9998 0
628| 0 383,9998 0
629| 0,3 387,9998 0
630| 0,6 391,9998 0
631| 0,6 395,9998 0
632| 0,6 399,9997 0
633| 0,6 400 0
634| 0,6 400 0
635| 0,6 400 0
636| 0,6 400 0
637| 0,6 400 0
638| 0,6 400 0
639| 0,6 400 0
640| 0,6 400 0
641| 0,6 400 0
642| 0,6 400 0
643| 0,6 400 0
644| 0,6 400 0
645| 0,6 400 0
646| 0,6 400 0
647| 0,6 400 0
648| 0,6 400 0
649| 0,6 400 0
650| 0,6 400 0
651| 0,6 400 0
652| 0,6 400 0
653| 0,6 400 0
654| 0,6 400 0
655| 0,6 400 0
656| 0,6 400 0
657| 0,6 400 0
658| 0,6 400 0
659| 0,6 400 0
660| 0,6 400 0
661| 0,6 400 0
662| 0,6 400 0
663| 0,6 400 0
664| 0,6 400 0
665| 0,6 400 0
666| 0,6 400 0
667| 0,6 400 0
668| 0,6 400 0
669| 0,6 400 0
670| 0,6 400 0
671| 0,6 400 0
672| 0,6 400 0
673| 0,6 400 0
674| 0,6 400 0
675| 0,6 400 0
676| 0,6 400 0
677| 0,6 400 0
678| 0,6 400 0
679| 0,6 400 0
680| 0,6 400 0
681| 0,6 400 0
682| 0,6 400 0
683| 0,6 400 0
684| 0,6 400 0
685| 0,6 400 0
686| 0,6 400 0
687| 0,6 400 0
688| 0,6 400 0
689| 0,6 400 0
690| 0,6 400 0
691| 0,6 400 0
692| 0,6 400 0
693| 0,6 400 0
694| 0,6 400 0
695| 0,6 400 0
696| 0,6 400 0
697| 0,6 400 0
698| 0,6 400 0
699| 0,6 400 0
700| 0,6 400 0
701| 0,6 400 0
702| 0,6 400 0
703| 0,6 400 0
704| 0,6 400 0
705| 0,6 400 0
706| 0,6 400 0
707| 0,6 400 0
708| 0,6 400 0
709| 0,6 400 0
710| 0,6 400 0
711| 0,6 400 0
712| 0,6 400 0
713| 0,6 400 0
714| 0,6 400 0
715| 0,6 400 0
716| 0,6 400 0
717| 0,6 400 0
718| 0,6 400 0
719| 0,6 400 0
720| 0,6 400 0
721| 0,9 400 0
722| 1,2 400 0
723| 1,5 400 0
724| 1,8 400 0
725| 2,1 400 0
726| 2,4 400 0
727| 2,7 400 0
728| 3 400 0
729| 3,299999 400 0
730| 3,299999 400 0
731| 3,299999 400 0
732| 3,299999 400 0
733| 3,299999 400 0
734| 3,299999 400 0
735| 3,299999 400 0
736| 3,299999 400 0
737| 3,299999 400 0
738| 3,299999 400 0
739| 3,299999 400 0
740| 3,299999 400 0
741| 3,299999 400 0
742| 3,299999 400 0
743| 3,299999 400 0
744| 3,299999 400 0
745| 3,299999 400 0
746| 3,299999 400 0
747| 3,299999 400 0
748| 3,299999 400 0
749| 3,299999 400 0
750| 3,299999 400 0
751| 3,299999 400 0
752| 3,299999 400 0
753| 3,299999 400 0
754| 3,299999 400 0
755| 3,299999 400 0
756| 3,299999 400 0
757| 3,299999 400 0
758| 3,299999 400 0
759| 3,299999 400 0
760| 3,299999 400 0
761| 3,299999 400 0
762| 3,299999 400 0
763| 3,299999 400 0
764| 3,299999 400 0
765| 3,299999 400 0
766| 3,299999 400 0
767| 3,299999 400 0
768| 3,299999 400 0
769| 3,299999 400 0
770| 3,299999 400 0
771| 3,299999 400 0
772| 3,299999 400 0
773| 3,299999 400 0
774| 3,299999 400 0
775| 3,299999 400 0
776| 3,299999 400 0
777| 3,299999 400 0
778| 3,299999 400 0
779| 3,299999 400 0
780| 3,299999 400 0
781| 3,299999 400 0
782| 3,299999 400 0
783| 3,299999 400 0
784| 3,299999 400 0
785| 3,299999 400 0
786| 3,299999 400 0
787| 0 400 0
788| -0,3 400 0
789| -0,6 400 0
790| -0,6 400 0
791| -0,6 400 0
792| -0,6 400 0
793| -0,6 400 0
794| -0,6 400 0
795| -0,6 400 0
796| -0,6 400 0
797| -0,6 400 0
798| -0,6 400 0
799| -0,6 400 0
800| -0,6 400 0
801| -0,6 400 0
802| -0,6 400 0
803| -0,6 400 0
804| -0,6 400 0
805| -0,6 400 0
806| -0,6 400 0
807| -0,6 400 0
808| -0,6 400 0
809| -0,6 400 0
810| -0,6 400 0
811| -0,6 400 0
812| -0,6 400 0
813| -0,6 400 0
814| -0,6 400 0
815| -0,6 400 0
816| -0,6 400 0
817| -0,6 400 0
818| -0,6 400 0
819| -0,6 400 0
820| -0,6 400 0
821| -0,6 400 0
822| -0,6 400 0
823| -0,6 400 0
824| -0,6 400 0
825| -0,6 400 0
826| -0,6 400 0
827| -0,6 400 0
828| -0,6 400 0
829| -0,6 400 0
830| -0,6 400 0
831| -0,6 400 0
832| -0,6 400 0
833| -0,6 400 0
834| -0,6 400 0
835| -0,6 400 0
836| -0,6 400 0
837| -0,6 400 0
838| -0,6 400 0
839| -0,6 400 0
840| -0,6 400 0
841| -0,6 400 0
842| -0,6 400 0
843| -0,6 400 0
844| -0,6 400 0
845| -0,6 400 0
846| -0,6 400 0
847| -0,6 400 0
848| -0,6 400 0
849| -0,6 400 0
850| -0,6 400 0
851| -0,6 400 0
852| -0,6 400 0
853| -0,6 400 0
854| -0,9 400 0
855| -1,2 400 0
856| -1,5 400 0
857| -1,8 400 0
858| -2,1 400 0
859| -2,4 400 0
860| -2,7 400 0
861| -3 400 0
862| -3,299999 400 0
863| -3,599999 400 0
864| -3,899999 400 0
865| -4,2 400 0
866| -4,5 400 0
867| -4,8 400 0
868| -5,1 400 0
869| -5,4 400 0
870| -5,7 400 0
871| -6 400 0
872| -6,300001 400 0
873| -6,300001 400 0
874| -6,300001 400 0
875| -6,300001 400 0
876| -6,300001 400 0
877| -6,300001 400 0
878| -6,300001 400 0
879| -6,300001 400 0
880| -6,300001 400 0
881| -6,300001 400 0
882| -6,300001 400 0
883| -6,300001 400 0
884| -6,300001 400 0
885| -6,300001 400 0
886| -6,300001 400 0
887| -6,300001 400 0
888| -6,300001 400 0
889| -6,300001 400 0
890| -6,300001 400 0
891| -6,300001 400 0
892| -6,300001 400 0
893| -6,300001 400 0
894| -6,300001 400 0
895| -6,300001 400 0
896| -6,300001 400 0
897| -6,300001 400 0
898| -6,300001 400 0
899| -6,300001 400 0
900| -6,300001 400 0
901| 0 400 0
902| 0,3 400 0
903| 0,6 400 0
904| 0,9 400 0
905| 0,9 400 0
906| 0,9 400 0
907| 0,9 400 0
908| 0,9 400 0
909| 0,9 400 0
910| 0,9 400 0
911| 1,2 400 0
912| 1,5 400 0
913| 1,8 400 0
914| 2,1 400 0
915| 2,4 400 0
916| 2,7 400 0
917| 3 400 0
918| 3 400 0
919| 3 400 0
920| 3 400 0
921| 3 400 0
922| 3 400 0
923| 3 400 0
924| 3 400 0
925| 3 400 0
926| 3 400 0
927| 3 400 0
928| 3 400 0
929| 3 400 0
930| 3 400 0
931| 3 400 0
932| 3 400 0
933| 3 400 0
934| 3 400 0
935| 3 400 0
936| 3 400 0
937| 3 400 0
938| 3 400 0
939| 3 400 0
940| 3 400 0
941| 3 400 0
942| 3 400 0
943| 3 400 0
944| 3 400 0
945| 3 400 0
946| 3 400 0
947| 3 400 0
948| 3 400 0
949| 3 400 0
950| 3 400 0
951| 3 400 0
952| 3 400 0
953| 3 400 0
954| 3 400 0
955| 3 400 0
956| 3 400 0
957| 3 400 0
958| 3 400 0
959| 3 400 0
960| 3 400 0
961| 3 400 0
962| 3 400 0
963| 3 400 0
964| 3 400 0
965| 3 400 0
966| 3 400 0
967| 3 400 0
968| 3 400 0
969| 3 400 0
970| 3 400 0
971| 3 400 0
972| 3 400 0
973| 3 400 0
974| 3 400 0
975| 3 400 0
976| 3 400 0
977| 3 400 0
978| 3 400 0
979| 3 400 0
980| 3 400 0
981| 3 400 0
982| 3 400 0
983| 3 400 0
984| 3 400 0
985| 3 400 0
986| 3 400 0
987| 3 400 0
988| 3 400 0
989| 3 400 0
990| 3 400 0
991| 3 400 0
992| 3 400 0
993| 3 400 0
994| 3 400 0
995| 3 400 0
996| 3 400 0
997| 3 400 0
998| 3 400 0
999| 3 400 0
1000| 3 400 0
1001| 3 400 0
1002| 3 400 0
1003| 3 400 0
1004| 3 400 0
1005| 3 400 0
1006| 3 400 0
1007| 3 400 0
1008| 3 400 0
1009| 3 400 0
1010| 3 400 0
1011| 3 400 0
1012| 3 400 0
1013| 3 400 0
1014| 3 400 0
1015| 3 400 0
1016| 3 400 0
1017| 3 400 0
1018| 3 400 0
1019| 3 400 0
1020| 3 400 0
1021| 3 400 0
1022| 3 400 0
1023| 3 400 0
1024| 3 400 0
1025| 3 400 0
1026| 3 400 0
1027| 3 400 0
1028| 3 400 0
1029| 3 400 0
1030| 3 400 0
1031| 3 400 0
1032| 3 400 0
1033| 3 400 0
1034| 3 400 0
1035| 3 400 0
1036| 3 400 0
1037| 3 400 0
1038| 3 400 0
1039| 3 400 0
1040| 3 400 0
1041| 3 400 0
1042| 3 400 0
1043| 3 400 0
1044| 3 400 0
1045| 3 400 0
1046| 3 400 0
1047| 3 400 0
1048| 3 400 0
1049| 3 400 0
1050| 3 400 0
1051| 3 400 0
1052| 3 400 0
1053| 3 400 0
1054| 3 400 0
1055| 3 400 0
1056| 3 400 0
1057| 3 400 0
1058| 3 400 0
1059| 3 400 0
1060| 3 400 0
1061| 3 400 0
1062| 3 400 0
1063| 3 400 0
1064| 3 400 0
1065| 3 400 0
1066| 3 400 0
1067| 3 400 0
1068| 3 400 0
1069| 3 400 0
1070| 3 400 0
1071| 3 400 0
1072| 3 400 0
1073| 3 400 0
1074| 3 400 0
1075| 3 400 0
1076| 3 400 0
1077| 3 400 0
1078| 3 400 0
1079| 3 400 0
1080| 3 400 0
1081| 3 400 0
1082| 3 400 0
1083| 3 400 0
1084| 3 400 0
1085| 3 400 0
1086| 3 400 0
1087| 3 400 0
1088| 3 400 0
1089| 3 400 0
1090| 3 400 0
1091| 3 400 0
1092| 3 400 0
1093| 3 400 0
1094| 3 400 0
1095| 3 400 0
1096| 3 400 0
1097| 3 400 0
1098| 3 400 0
1099| 3 400 0
1100| 3 400 0
1101| 3 400 0
1102| 3 400 0
1103| 3 400 0
1104| 3 400 0
1105| 3 400 0
1106| 3 400 0
1107| 3 400 0
1108| 3 400 0
1109| 0 0 0
1110| 0 0 0
1111| 0 0 0
1112| 0 4 0
1113| 0 8 0
1114| 0 12 0
1115| 0 16 0
1116| 0 20 0
1117| 0 24 0
1118| 0 28 0
1119| 0 32 0
1120| 0 36 0
1121| 0 40 0
1122| 0 43,99999 0
1123| 0 47,99999 0
1124| 0 51,99999 0
1125| 0 55,99999 0
1126| 0 60 0
1127| 0 64 0
1128| 0 68 0
1129| 0 72 0
1130| 0 76,00001 0
1131| 0 80,00001 0
1132| 0 84,00001 0
1133| 0 88,00002 0
1134| 0 92,00002 0
1135| 0 96,00002 0
1136| 0 100 0
1137| 0 104 0
1138| 0 108 0
1139| 0 112 0
1140| 0 116 0
1141| 0 120 0
1142| 0 124 0
1143| 0 128 0
1144| 0 132 0
1145| 0 136 0
1146| 0 140 0
1147| 0 144 0
1148| 0 148 0
1149| 0 152 0
1150| 0 156 0
1151| 0 160 0
1152| 0 164 0
1153| 0 168 0
1154| 0 171,9999 0
1155| 0 175,9999 0
1156| 0 179,9999 0
1157| 0 183,9999 0
1158| 0 187,9999 0
1159| 0 191,9999 0
1160| 0 195,9999 0
1161| 0 199,9999 0
1162| 0 203,9999 0
1163| 0 207,9999 0
1164| 0 211,9999 0
1165| 0 215,9999 0
1166| 0 219,9999 0
1167| 0 223,9999 0
1168| 0 227,9999 0
1169| 0 231,9999 0
1170| 0 235,9999 0
1171| 0 239,9999 0
1172| 0 243,9999 0
1173| 0 247,9999 0
1174| 0 251,9999 0
1175| 0 255,9999 0
1176| 0 259,9999 0
1177| 0 263,9999 0
1178| 0 267,9999 0
1179| 0 271,9998 0
1180| 0 275,9998 0
1181| 0 279,9998 0
1182| 0 283,9998 0
1183| 0 287,9998 0
1184| 0 291,9998 0
1185| 0 295,9998 0
1186| 0 299,9998 0
1187| 0 303,9998 0
1188| 0 307,9998 0
1189| 0 311,9998 0
1190| 0 315,9998 0
1191| 0 319,9998 0
1192| 0 323,9998 0
1193| 0 327,9998 0
1194| 0 331,9998 0
1195| 0 335,9998 0
1196| 0 339,9998 0
1197| 0 343,9998 0
1198| 0 347,9998 0
1199| 0 351,9998 0
1200| 0 355,9998 0
1201| 0 359,9998 0
1202| 0 363,9998 0
1203| 0 367,9998 0
1204| 0 371,9998 0
1205| 0 375,9998 0
1206| 0 379,9998 0
1207| 0 383,9998 0
1208| 0 387,9998 0
1209| 0 391,9998 0
1210| 0 395,9998 0
1211| 0 399,9997 0
1212| 0 400 0
1213| 0 400 0
1214| 0 400 0
1215| 0 400 0
1216| 0 400 0
1217| 0 400 0
1218| 0 400 0
1219| 0 400 0
1220| 0 400 0
1221| 0 400 0
1222| 0 400 0
1223| 0 400 0
1224| 0 400 0
1225| 0 400 0
1226| 0 400 0
1227| 0 400 0
1228| 0 400 0
1229| 0 400 0
1230| 0 400 0
1231| 0 400 0
1232| 0 400 0
1233| 0 400 0
1234| 0 400 0
1235| 0 400 0
1236| 0 400 0
1237| 0 400 0
1238| 0 400 0
1239| 0 400 0
1240| 0 400 0
1241| 0 400 0
1242| 0 400 0
1243| 0 400 0
1244| 0 400 0
1245| 0 400 0
1246| 0 400 0
1247| 0 400 0
1248| 0 400 0
1249| 0 400 0
1250| 0 400 0
1251| 0 400 0
1252| 0 400 0
1253| 0 400 0
1254| 0 400 0
1255| 0 400 0
1256| 0 400 0
1257| 0 400 0
1258| 0 400 0
1259| 0 400 0
1260| 0 400 0
1261| 0 400 0
1262| 0 400 0
1263| 0 400 0
1264| 0 400 0
1265| 0 400 0
1266| 0 400 0
1267| 0 400 0
1268| 0 400 0
1269| 0 400 0
1270| 0 400 0
1271| 0 400 0
1272| 0 400 0
1273| 0 400 0
1274| 0 400 0
1275| 0 400 0
1276| 0 400 0
1277| 0 400 0
1278| 0 400 0
1279| 0 400 0
1280| 0 400 0
1281| 0 400 0
1282| 0 400 0
1283| 0 400 0
1284| 0 400 0
1285| 0 400 0
1286| 0 400 0
1287| 0 400 0
1288| 0 400 0
1289| 0 400 0
1290| 0 400 0
1291| 0 400 0
1292| 0 400 0
1293| 0 400 0
1294| 0 400 0
1295| 0 400 0
1296| 0 400 0
1297| 0 400 0
1298| 0 400 0
1299| 0 400 0
1300| 0 400 0
1301| 0 400 0
1302| 0 400 0
1303| 0 400 0
1304| 0 400 0
1305| 0 400 0
1306| 0 400 0
1307| 0 400 0
1308| 0 400 0
1309| 0 400 0
1310| 0 400 0
1311| 0 400 0
1312| 0 400 0
1313| 0 400 0
1314| 0 400 0
1315| 0 400 0
1316| 0 400 0
1317| 0 400 0
1318| 0 400 0
1319| 0 400 0
1320| 0 400 0
1321| 0 400 0
1322| 0 400 0
1323| 0 400 0
1324| 0 400 0
1325| 0 400 0
1326| 0 400 0
1327| 0 400 0
1328| 0 400 0
1329| 0 400 0
1330| 0 400 0
1331| 0 400 0
1332| 0 400 0
1333| 0 400 0
1334| 0 400 0
1335| 0 400 0
1336| 0 400 0
1337| 0 400 0
1338| 0 400 0
1339| 0 400 0
1340| 0 400 0
1341| 0 400 0
1342| 0 400 0
1343| 0 400 0
1344| 0 400 0
1345| 0 400 0
1346| 0 400 0
1347| 0 400 0
1348| 0 400 0
1349| 0 400 0
1350| 0 400 0
1351| 0 400 0
1352| 0 400 0
1353| 0 400 0
1354| 0 400 0
1355| 0 400 0
1356| 0 400 0
1357| 0 400 0
1358| 0 400 0
1359| 0 400 0
1360| 0 400 0
1361| 0 400 0
1362| 0 400 0
1363| 0 400 0
1364| 0 400 0
1365| 0 400 0
1366| 0 400 0
1367| 0 400 0
1368| 0 400 0
1369| 0 400 0
1370| 0 400 0
1371| 0 400 0
1372| 0 400 0
1373| 0 400 0
1374| 0 400 0
1375| 0 400 0
1376| 0 400 0
1377| 0 400 0
1378| 0 400 0
1379| 0 400 0
1380| 0 400 0
1381| 0 400 0
1382| 0 400 0
1383| 0 400 0
1384| 0 400 0
1385| 0 400 0
1386| 0 400 0
1387| 0 400 0
1388| 0 400 0
1389| 0 400 0
1390| 0 400 0
1391| 0 400 0
1392| 0 400 0
1393| 0,3 400 0
1394| 0,6 400 0
1395| 0,9 400 0
1396| 1,2 400 0
1397| 1,5 400 0
1398| 1,8 400 0
1399| 2,1 400 0
1400| 2,4 400 0
1401| 2,7 400 0
1402| 3 400 0
1403| 3,299999 400 0
1404| 3,599999 400 0
1405| 3,599999 400 0
1406| 3,599999 400 0
1407| 3,599999 400 0
1408| 3,599999 400 0
1409| 3,599999 400 0
1410| 3,599999 400 0
1411| 3,599999 400 0
1412| 3,599999 400 0
1413| 3,599999 400 0
1414| 3,599999 400 0
1415| 3,599999 400 0
1416| 3,599999 400 0
1417| 3,599999 400 0
1418| 3,599999 400 0
1419| 3,599999 400 0
1420| 3,599999 400 0
1421| 3,599999 400 0
1422| 3,599999 400 0
1423| 3,599999 400 0
1424| 3,599999 400 0
1425| 3,599999 400 0
1426| 3,599999 400 0
1427| 3,599999 400 0
1428| 3,599999 400 0
1429| 3,599999 400 0
1430| 3,599999 400 0
1431| 3,599999 400 0
1432| 3,599999 400 0
1433| 3,599999 400 0
1434| 3,599999 400 0
1435| 3,599999 400 0
1436| 3,599999 400 0
1437| 3,599999 400 0
1438| 3,599999 400 0
1439| 3,599999 400 0
1440| 3,599999 400 0
1441| 3,599999 400 0
1442| 3,599999 400 0
1443| 3,599999 400 0
1444| 3,599999 400 0
1445| 3,599999 400 0
1446| 3,599999 400 0
1447| 3,599999 400 0
1448| 3,599999 400 0
1449| 3,599999 400 0
1450| 3,599999 400 0
1451| 3,599999 400 0
1452| 3,599999 400 0
1453| 3,599999 400 0
1454| 3,599999 400 0
1455| 3,599999 400 0
1456| 3,599999 400 0
1457| 3,599999 400 0
1458| 3,599999 400 0
1459| 3,599999 400 0
1460| 3,599999 400 0
1461| 0 400 0
1462| -0,3 400 0
1463| -0,3 400 0
1464| -0,3 400 0
1465| -0,3 400 0
1466| -0,3 400 0
1467| -0,3 400 0
1468| -0,3 400 0
1469| -0,3 400 0
1470| -0,3 400 0
1471| -0,3 400 0
1472| -0,3 400 0
1473| -0,3 400 0
1474| -0,3 400 0
1475| -0,3 400 0
1476| -0,3 400 0
1477| -0,3 400 0
1478| -0,3 400 0
1479| -0,3 400 0
1480| -0,3 400 0
1481| -0,3 400 0
1482| -0,3 400 0
1483| -0,3 400 0
1484| -0,3 400 0
1485| -0,3 400 0
1486| -0,3 400 0
1487| -0,3 400 0
1488| -0,3 400 0
1489| -0,3 400 0
1490| -0,3 400 0
1491| -0,3 400 0
1492| -0,3 400 0
1493| -0,3 400 0
1494| -0,3 400 0
1495| -0,3 400 0
1496| -0,3 400 0
1497| -0,3 400 0
1498| -0,3 400 0
1499| -0,3 400 0
1500| -0,3 400 0
1501| -0,3 400 0
1502| -0,3 400 0
1503| -0,3 400 0
1504| -0,3 400 0
1505| -0,3 400 0
1506| -0,3 400 0
1507| -0,3 400 0
1508| -0,3 400 0
1509| -0,3 400 0
1510| -0,3 400 0
1511| -0,3 400 0
1512| -0,3 400 0
1513| -0,3 400 0
1514| -0,3 400 0
1515| -0,3 400 0
1516| -0,3 400 0
1517| -0,3 400 0
1518| -0,3 400 0
1519| -0,3 400 0
1520| -0,3 400 0
1521| -0,3 400 0
1522| -0,3 400 0
1523| -0,3 400 0
1524| -0,3 400 0
1525| -0,3 400 0
1526| -0,3 400 0
1527| -0,3 400 0
1528| -0,3 400 0
1529| -0,3 400 0
1530| -0,3 400 0
1531| -0,3 400 0
1532| -0,3 400 0
1533| -0,3 400 0
1534| -0,3 400 0
1535| -0,3 400 0
1536| -0,3 400 0
1537| -0,3 400 0
1538| -0,3 400 0
1539| -0,3 400 0
1540| -0,3 400 0
1541| -0,3 400 0
1542| -0,3 400 0
1543| -0,3 400 0
1544| -0,3 400 0
1545| -0,3 400 0
1546| -0,3 400 0
1547| -0,3 400 0
1548| -0,3 400 0
1549| -0,3 400 0
1550| -0,3 400 0
1551| -0,3 400 0
1552| -0,3 400 0
1553| -0,3 400 0
1554| -0,3 400 0
1555| 0 400 0
1556| 0,3 400 0
1557| 0,6 400 0
1558| 0,9 400 0
1559| 1,2 400 0
1560| 1,2 400 0
1561| 1,2 400 0
1562| 1,2 400 0
1563| 1,2 400 0
1564| 1,2 400 0
1565| 1,2 400 0
1566| 1,2 400 0
1567| 1,5 400 0
1568| 1,8 400 0
1569| 2,1 400 0
1570| 2,4 400 0
1571| 2,7 400 0
1572| 3 400 0
1573| 3,299999 400 0
1574| 3,599999 400 0
1575| 3,899999 400 0
1576| 4,2 400 0
1577| 4,5 400 0
1578| 4,8 400 0
1579| 5,1 400 0
1580| 5,4 400 0
1581| 5,7 400 0
1582| 6 400 0
1583| 6,300001 400 0
1584| 6,300001 400 0
1585| 6,300001 400 0
1586| 6,300001 400 0
1587| 6,300001 400 0
1588| 6,300001 400 0
1589| 6,300001 400 0
1590| 6,300001 400 0
1591| 6,600001 400 0
1592| 6,900001 400 0
1593| 7,200001 400 0
1594| 7,500001 400 0
1595| 7,800001 400 0
1596| 8,1 400 0
1597| 8,4 400 0
1598| 8,4 400 0
1599| 8,4 400 0
1600| 8,4 400 0
1601| 8,4 400 0
1602| 8,4 400 0
1603| 8,4 400 0
1604| 8,4 400 0
1605| 8,4 400 0
1606| 8,4 400 0
1607| 8,4 400 0
1608| 8,4 400 0
1609| 8,4 400 0
1610| 8,4 400 0
1611| 8,7 400 0
1612| 8,999999 400 0
1613| 9,299999 400 0
1614| 9,599998 400 0
1615| 9,899999 400 0
1616| 10,2 400 0
1617| 10,2 400 0
1618| 10,2 400 0
1619| 10,2 400 0
1620| 10,2 400 0
1621| 10,2 400 0
1622| 10,2 400 0
1623| 10,2 400 0
1624| 10,2 400 0
1625| 10,2 400 0
1626| 10,2 400 0
1627| 10,2 400 0
1628| 10,2 400 0
1629| 10,2 400 0
1630| 10,2 400 0
1631| 10,2 400 0
1632| 10,2 400 0
1633| 10,2 400 0
1634| 10,2 400 0
1635| 10,2 400 0
1636| 10,2 400 0
1637| 10,2 400 0
1638| 10,2 400 0
1639| 10,2 400 0
1640| 10,2 400 0
1641| 10,2 400 0
1642| 10,2 400 0
1643| 10,2 400 0
1644| 10,5 400 0
1645| 10,8 400 0
1646| 11,1 400 0
1647| 11,4 400 0
1648| 11,7 400 0
1649| 12 400 0
1650| 12 400 0
1651| 12 400 0
1652| 12 400 0
1653| 12 400 0
1654| 12 400 0
1655| 12 400 0
1656| 12 400 0
1657| 12 400 0
1658| 12 400 0
1659| 12 400 0
1660| 12 400 0
1661| 12 400 0
1662| 12 400 0
1663| 12 400 0
1664| 12 400 0
1665| 12 400 0
1666| 12 400 0
1667| 12 400 0
1668| 12 400 0
1669| 12 400 0
1670| 12 400 0
1671| 12 400 0
1672| 12 400 0
1673| 12 400 0
1674| 12 400 0
1675| 12 400 0
1676| 12 400 0
1677| 12 400 0
1678| 12 400 0
1679| 12 400 0
1680| 12 400 0
1681| 12 400 0
1682| 12 400 0
1683| 12 400 0
1684| 12 400 0
1685| 12 400 0
1686| 12 400 0
1687| 12 400 0
1688| 12 400 0
1689| 12 400 0
1690| 12 400 0
1691| 12 400 0
1692| 12 400 0
1693| 12 400 0
1694| 12 400 0
1695| 12 400 0
1696| 12 400 0
1697| 12 400 0
1698| 12 400 0
1699| 12 400 0
1700| 12 400 0
1701| 12 400 0
1702| 12 400 0
1703| 12 400 0
1704| 12 400 0
1705| 12 400 0
1706| 12 400 0
1707| 12,3 400 0
1708| 12,6 400 0
1709| 12,6 400 0
1710| 12,6 400 0
1711| 12,6 400 0
1712| 12,6 400 0
1713| 12,6 400 0
1714| 12,6 400 0
1715| 12,6 400 0
1716| 12,6 400 0
1717| 12,6 400 0
1718| 12,6 400 0
1719| 12,6 400 0
1720| 12,6 400 0
1721| 12,6 400 0
1722| 12,6 400 0
1723| 12,6 400 0
1724| 12,6 400 0
1725| 12,6 400 0
1726| 12,6 400 0
1727| 12,6 400 0
1728| 12,6 400 0
1729| 12,6 400 0
1730| 12,6 400 0
1731| 12,6 400 0
1732| 12,6 400 0
1733| 12,6 400 0
1734| 12,6 400 0
1735| 12,6 400 0
1736| 12,6 400 0
1737| 12,6 400 0
1738| 12,6 400 0
1739| 12,6 400 0
1740| 12,6 400 0
1741| 12,6 400 0
1742| 12,6 400 0
1743| 12,6 400 0
1744| 12,6 400 0
1745| 12,6 400 0
1746| 12,6 400 0
1747| 12,6 400 0
1748| 12,6 400 0
1749| 12,6 400 0
1750| 12,6 400 0
1751| 12,6 400 0
1752| 12,6 400 0
1753| 12,6 400 0
1754| 12,9 400 0
1755| 13,2 400 0
1756| 13,5 400 0
1757| 13,79999 400 0
1758| 13,79999 400 0
1759| 13,79999 400 0
1760| 13,79999 400 0
1761| 13,79999 400 0
1762| 13,79999 400 0
1763| 13,79999 400 0
1764| 13,79999 400 0
1765| 13,79999 400 0
1766| 13,79999 400 0
1767| 13,79999 400 0
1768| 13,79999 400 0
1769| 13,79999 400 0
1770| 13,79999 400 0
1771| 13,79999 400 0
1772| 13,79999 400 0
1773| 13,79999 400 0
1774| 13,79999 400 0
1775| 13,79999 400 0
1776| 13,79999 400 0
1777| 0 400 0
1778| -0,3 400 0
1779| -0,6 400 0
1780| -0,9 400 0
1781| -1,2 400 0
1782| -1,2 400 0
1783| -1,2 400 0
1784| -1,2 400 0
1785| -1,2 400 0
1786| -1,2 400 0
1787| -1,2 400 0
1788| -1,2 400 0
1789| -1,2 400 0
1790| -1,2 400 0
1791| -1,2 400 0
1792| -1,2 400 0
1793| -1,2 400 0
1794| -1,2 400 0
1795| -1,2 400 0
1796| -1,2 400 0
1797| -1,2 400 0
1798| -1,2 400 0
1799| -1,2 400 0
1800| -1,2 400 0
1801| -1,2 400 0
1802| -1,2 400 0
1803| -1,2 400 0
1804| -1,2 400 0
1805| -1,2 400 0
1806| -1,2 400 0
1807| 0 0 0
1808| 0 0 0
1809| 0 0 0
1810| 0 0 0
1811| 0 0 0
1812| 0 0 0
1813| 0 0 0
1814| 0,3 4 0
1815| 0,6 8 0
1816| 0,9 12 0
1817| 1,2 16 0
1818| 1,5 20 0
1819| 1,8 24 0
1820| 2,1 28 0
1821| 2,4 32 0
1822| 2,4 36 0
1823| 2,4 40 0
1824| 2,4 43,99999 0
1825| 2,4 47,99999 0
1826| 2,4 51,99999 0
1827| 2,7 55,99999 0
1828| 3 60 0
1829| 3,299999 64 0
1830| 3,299999 68 0
1831| 3,299999 72 0
1832| 3,299999 76,00001 0
1833| 3,299999 80,00001 0
1834| 3,299999 84,00001 0
1835| 3,299999 88,00002 0
1836| 3,299999 92,00002 0
1837| 3,599999 96,00002 0
1838| 3,899999 100 0
1839| 3,899999 104 0
1840| 3,899999 108 0
1841| 3,899999 112 0
1842| 3,899999 116 0
1843| 3,899999 120 0
1844| 3,899999 124 0
1845| 3,899999 128 0
1846| 3,899999 132 0
1847| 3,899999 136 0
1848| 3,899999 140 0
1849| 3,899999 144 0
1850| 3,899999 148 0
1851| 3,899999 152 0
1852| 3,899999 156 0
1853| 3,899999 160 0
1854| 3,899999 164 0
1855| 3,899999 168 0
1856| 3,899999 171,9999 0
1857| 3,899999 175,9999 0
1858| 3,899999 179,9999 0
1859| 3,899999 183,9999 0
1860| 3,899999 187,9999 0
1861| 3,899999 191,9999 0
1862| 3,899999 195,9999 0
1863| 3,899999 199,9999 0
1864| 3,899999 203,9999 0
1865| 3,899999 207,9999 0
1866| 3,899999 211,9999 0
1867| 3,899999 215,9999 0
1868| 3,899999 219,9999 0
1869| 3,899999 223,9999 0
1870| 3,899999 227,9999 0
1871| 3,899999 231,9999 0
1872| 3,899999 235,9999 0
1873| 3,899999 239,9999 0
1874| 3,899999 243,9999 0
1875| 3,899999 247,9999 0
1876| 3,899999 251,9999 0
1877| 3,899999 255,9999 0
1878| 3,899999 259,9999 0
1879| 3,899999 263,9999 0
1880| 3,899999 267,9999 0
1881| 0 271,9998 0
1882| -0,3 275,9998 0
1883| -0,6 279,9998 0
1884| -0,6 283,9998 0
1885| -0,6 287,9998 0
1886| -0,6 291,9998 0
1887| -0,6 295,9998 0
1888| -0,6 299,9998 0
1889| -0,6 303,9998 0
1890| -0,6 307,9998 0
1891| -0,6 311,9998 0
1892| -0,6 315,9998 0
1893| -0,6 319,9998 0
1894| -0,6 323,9998 0
1895| -0,6 327,9998 0
1896| -0,6 331,9998 0
1897| -0,6 335,9998 0
1898| -0,6 339,9998 0
1899| -0,6 343,9998 0
1900| -0,6 347,9998 0
1901| -0,6 351,9998 0
1902| -0,6 355,9998 0
1903| -0,6 359,9998 0
1904| -0,6 363,9998 0
1905| -0,6 367,9998 0
1906| -0,6 371,9998 0
1907| -0,6 375,9998 0
1908| -0,6 379,9998 0
1909| -0,6 383,9998 0
1910| -0,6 387,9998 0
1911| -0,6 391,9998 0
1912| -0,6 395,9998 0
1913| -0,6 399,9997 0
1914| -0,6 400 0
1915| -0,6 400 0
1916| -0,6 400 0
1917| -0,6 400 0
1918| -0,6 400 0
1919| 0 400 0
1920| 0,3 400 0
1921| 0,6 400 0
1922| 0,6 400 0
1923| 0,6 400 0
1924| 0,6 400 0
1925| 0,6 400 0
1926| 0,6 400 0
1927| 0,6 400 0
1928| 0,6 400 0
1929| 0,6 400 0
1930| 0,6 400 0
1931| 0,6 400 0
1932| 0,6 400 0
1933| 0,6 400 0
1934| 0,6 400 0
1935| 0,6 400 0
1936| 0,6 400 0
1937| 0,6 400 0
1938| 0,6 400 0
1939| 0,6 400 0
1940| 0,6 400 0
1941| 0,6 400 0
1942| 0,6 400 0
1943| 0,6 400 0
1944| 0,6 400 0
1945| 0,6 400 0
1946| 0,6 400 0
1947| 0,6 400 0
1948| 0,6 400 0
1949| 0,6 400 0
1950| 0,6 400 0
1951| 0,6 400 0
1952| 0,6 400 0
1953| 0,6 400 0
1954| 0,6 400 0
1955| 0,6 400 0
1956| 0,6 400 0
1957| 0,6 400 0
1958| 0,6 400 0
1959| 0,6 400 0
1960| 0,6 400 0
1961| 0,6 400 0
1962| 0,6 400 0
1963| 0,6 400 0
1964| 0,6 400 0
1965| 0,6 400 0
1966| 0,6 400 0
1967| 0,6 400 0
1968| 0,6 400 0
1969| 0,6 400 0
1970| 0,6 400 0
1971| 0,9 400 0
1972| 0,9 400 0
1973| 0,9 400 0
1974| 0,9 400 0
1975| 0,9 400 0
1976| 0,9 400 0
1977| 0,9 400 0
1978| 0,9 400 0
1979| 0,9 400 0
1980| 0,9 400 0
1981| 0,9 400 0
1982| 0,9 400 0
1983| 0,9 400 0
1984| 0,9 400 0
1985| 0,9 400 0
1986| 0,9 400 0
1987| 0,9 400 0
1988| 0,9 400 0
1989| 0,9 400 0
1990| 0,9 400 0
1991| 0,9 400 0
1992| 0,9 400 0
1993| 0,9 400 0
1994| 0,9 400 0
1995| 0,9 400 0
1996| 0,9 400 0
1997| 0,9 400 0
1998| 0,9 400 0
1999| 0,9 400 0
2000| 0,9 400 0
2001| 0,9 400 0
2002| 0,9 400 0
2003| 0,9 400 0
2004| 0,9 400 0
2005| 0,9 400 0
2006| 0,9 400 0
2007| 0,9 400 0
2008| 0,9 400 0
2009| 0,9 400 0
2010| 0,9 400 0
2011| 0,9 400 0
2012| 0,9 400 0
2013| 0,9 400 0
2014| 0,9 400 0
2015| 0,9 400 0
2016| 0,9 400 0
2017| 0,9 400 0
2018| 0,9 400 0
2019| 0,9 400 0
2020| 0,9 400 0
2021| 0,9 400 0
2022| 0,9 400 0
2023| 0,9 400 0
2024| 0,9 400 0
2025| 0,9 400 0
2026| 0,9 400 0
2027| 0,9 400 0
2028| 0,9 400 0
2029| 0,9 400 0
2030| 0,9 400 0
2031| 0,9 400 0
2032| 0,9 400 0
2033| 0,9 400 0
2034| 0,9 400 0
2035| 0,9 400 0
2036| 0,9 400 0
2037| 0,9 400 0
2038| 0,9 400 0
2039| 0,9 400 0
2040| 0,9 400 0
2041| 0,9 400 0
2042| 0,9 400 0
2043| 0,9 400 0
2044| 0,9 400 0
2045| 0,9 400 0
2046| 0,9 400 0
2047| 0,9 400 0
2048| 0,9 400 0
2049| 0,9 400 0
2050| 0,9 400 0
2051| 0,9 400 0
2052| 0,9 400 0
2053| 0,9 400 0
2054| 0,9 400 0
2055| 0,9 400 0
2056| 0,9 400 0
2057| 0,9 400 0
2058| 0,9 400 0
2059| 0,9 400 0
2060| 0,9 400 0
2061| 0,9 400 0
2062| 0,9 400 0
2063| 0,9 400 0
2064| 0,9 400 0
2065| 0,9 400 0
2066| 0,9 400 0
2067| 0,9 400 0
2068| 0,9 400 0
2069| 0,9 400 0
2070| 0,9 400 0
2071| 0,9 400 0
2072| 0,9 400 0
2073| 0,9 400 0
2074| 0,9 400 0
2075| 0,9 400 0
2076| 0,9 400 0
2077| 0,9 400 0
2078| 0,9 400 0
2079| 0,9 400 0
2080| 0,9 400 0
2081| 0,9 400 0
2082| 0,9 400 0
2083| 0,9 400 0
2084| 0,9 400 0
2085| 0,9 400 0
2086| 0,9 400 0
2087| 0,9 400 0
2088| 0,9 400 0
2089| 0,9 400 0
2090| 0,9 400 0
2091| 0,9 400 0
2092| 0,9 400 0
2093| 0,9 400 0
2094| 0,9 400 0
2095| 0,9 400 0
2096| 0,9 400 0
2097| 0,9 400 0
2098| 0,9 400 0
2099| 0,9 400 0
2100| 0,9 400 0
2101| 0,9 400 0
2102| 0,9 400 0
2103| 0,9 400 0
2104| 0,9 400 0
2105| 0,9 400 0
2106| 0 400 0
2107| -0,3 400 0
2108| -0,3 400 0
2109| -0,3 400 0
2110| -0,3 400 0
2111| -0,3 400 0
2112| -0,3 400 0
2113| -0,3 400 0
2114| -0,3 400 0
2115| -0,3 400 0
2116| -0,3 400 0
2117| -0,3 400 0
2118| -0,3 400 0
2119| -0,3 400 0
2120| -0,3 400 0
2121| -0,3 400 0
2122| -0,3 400 0
2123| -0,3 400 0
2124| -0,3 400 0
2125| -0,3 400 0
2126| -0,3 400 0
2127| -0,3 400 0
2128| -0,3 400 0
2129| -0,3 400 0
2130| -0,3 400 0
2131| -0,3 400 0
2132| -0,3 400 0
2133| -0,3 400 0
2134| -0,3 400 0
2135| -0,3 400 0
2136| -0,3 400 0
2137| -0,3 400 0
2138| -0,3 400 0
2139| -0,3 400 0
2140| -0,3 400 0
2141| -0,3 400 0
2142| -0,3 400 0
2143| -0,3 400 0
2144| -0,3 400 0
2145| -0,3 400 0
2146| -0,3 400 0
2147| -0,3 400 0
2148| -0,3 400 0
2149| -0,3 400 0
2150| -0,3 400 0
2151| -0,3 400 0
2152| -0,3 400 0
2153| -0,3 400 0
2154| -0,3 400 0
2155| -0,3 400 0
2156| -0,3 400 0
2157| -0,3 400 0
2158| -0,3 400 0
2159| -0,3 400 0
2160| -0,3 400 0
2161| -0,3 400 0
2162| -0,3 400 0
2163| -0,3 400 0
2164| -0,3 400 0
2165| -0,3 400 0
2166| -0,3 400 0
2167| -0,3 400 0
2168| -0,3 400 0
2169| -0,3 400 0
2170| -0,3 400 0
2171| -0,3 400 0
2172| -0,3 400 0
2173| -0,3 400 0
2174| -0,3 400 0
2175| -0,3 400 0
2176| -0,3 400 0
2177| -0,3 400 0
2178| -0,3 400 0
2179| -0,3 400 0
2180| -0,3 400 0
2181| -0,3 400 0
2182| -0,3 400 0
2183| -0,3 400 0
2184| -0,3 400 0
2185| -0,3 400 0
2186| -0,3 400 0
2187| -0,3 400 0
2188| -0,3 400 0
2189| -0,3 400 0
2190| -0,3 400 0
2191| -0,3 400 0
2192| -0,3 400 0
2193| -0,3 400 0
2194| -0,3 400 0
2195| -0,3 400 0
2196| -0,3 400 0
2197| -0,3 400 0
2198| -0,3 400 0
2199| -0,3 400 0
2200| -0,3 400 0
2201| -0,3 400 0
2202| -0,3 400 0
2203| -0,3 400 0
2204| -0,3 400 0
2205| -0,3 400 0
2206| -0,3 400 0
2207| -0,3 400 0
2208| -0,3 400 0
2209| -0,3 400 0
2210| -0,3 400 0
2211| -0,3 400 0
2212| -0,3 400 0
2213| -0,3 400 0
2214| -0,3 400 0
2215| -0,3 400 0
2216| -0,3 400 0
2217| -0,3 400 0
2218| -0,3 400 0
2219| -0,3 400 0
2220| -0,3 400 0
2221| -0,3 400 0
2222| -0,3 400 0
2223| -0,3 400 0
2224| -0,3 400 0
2225| -0,3 400 0
2226| -0,3 400 0
2227| -0,3 400 0
2228| -0,3 400 0
2229| -0,3 400 0
2230| -0,3 400 0
2231| -0,3 400 0
2232| -0,3 400 0
2233| -0,3 400 0
2234| -0,3 400 0
2235| -0,3 400 0
2236| -0,3 400 0
2237| -0,3 400 0
2238| -0,3 400 0
2239| -0,3 400 0
2240| -0,3 400 0
2241| -0,3 400 0
2242| -0,3 400 0
2243| -0,3 400 0
2244| -0,3 400 0
2245| -0,3 400 0
2246| -0,3 400 0
2247| -0,3 400 0
2248| -0,3 400 0
2249| -0,3 400 0
2250| -0,3 400 0
2251| -0,3 400 0
2252| -0,3 400 0
2253| -0,3 400 0
2254| -0,3 400 0
2255| -0,3 400 0
2256| -0,3 400 0
2257| -0,3 400 0
2258| -0,3 400 0
2259| -0,3 400 0
2260| -0,3 400 0
2261| -0,3 400 0
2262| -0,3 400 0
2263| -0,3 400 0
2264| -0,3 400 0
2265| -0,3 400 0

